5000 2
3244,2442
2680,2924
4599,0
6827,3299
0,2877
6957,3665
0,1823
0,2739
3100,4205
6670,4716
0,3911
4756,0
0,3528
7768,4248
0,3500
5230,7095
0,5378
3886,3382
0,8775
9580,8835
5638,4431
5387,0
6673,0
1123,0
8011,0
6592,6044
2988,0
3841,0
2767,3193
0,3241
5063,4363
0,6302
3209,5729
4517,0
7605,8204
2629,3827
0,5764
1639,2324
8204,8721
5814,6787
1901,2618
0,3273
6987,7729
9726,9767
3908,0
7145,0
0,8310
8819,7790
2268,2928
2849,2713
0,3652
0,7447
4841,7474
2693,1448
2873,1759
8001,6273
5182,6232
2973,0
4372,0
6150,5744
7317,2928
1337,1850
7214,0
3157,2842
0,4995
3126,4778
5897,0
4628,3731
5601,0
7644,8143
0,932
0,1462
7894,0
2080,2834
482,360
0,5888
0,7252
0,7424
4119,0
3263,3302
5967,4786
5727,0
3651,3266
5847,7654
4580,7484
6029,6167
7237,0
6577,0
5357,8324
7566,8818
1232,1302
1095,0
4895,1894
4839,0
4708,5731
5594,0
8466,0
6713,5067
5610,6138
0,7429
792,1071
7318,8197
3335,2568
3402,0
8094,7310
7259,5768
3812,4647
4994,3613
4076,0
1945,3805
6786,4463
7718,7601
3595,4378
0,7473
4295,0
6169,4569
7821,6369
0,2420
1740,6316
7097,0
6743,0
3754,2775
5210,3017
5589,6497
0,9823
4843,6727
0,1898
5396,6166
6158,6766
0,7361
3141,3633
2804,2790
1232,0
0,2148
5544,7850
3841,5369
4049,6133
3370,2651
0,3929
3557,3822
4921,5094
7219,7770
3735,7788
1711,642
3893,0
7848,7080
6912,0
0,6187
6528,0
4312,0
0,3910
0,4980
9054,5621
3887,4054
7932,7747
0,4643
5550,2619
1232,1310
7348,0
1180,1483
1395,0
3415,0
0,7309
0,1752
3345,5038
0,2533
4965,3603
2865,0
7508,0
3560,0
269,1421
3676,3193
2110,3932
0,5588
0,4196
0,2793
3837,3431
3674,7426
5590,3280
865,0
3082,2341
3507,1233
8199,0
3708,5864
8221,7661
2362,4845
0,7594
3060,0
5907,4958
8573,7802
0,8248
2658,2940
1627,0
0,4240
3692,2521
6190,7685
4594,5512
2499,3965
2980,2671
9436,0
4253,2438
2586,7191
8326,0
4096,4353
4803,4357
5318,2868
6478,3706
2480,2274
3097,2900
5347,5307
3442,0
3242,0
6829,4981
7207,6033
0,1753
1986,0
8563,0
1532,0
2852,3712
2234,0
0,4948
6503,0
8111,0
4697,7113
2894,6676
6349,3229
4124,4681
6598,8036
2420,2922
8479,0
3668,5536
0,4640
8841,8289
0,4001
2089,0
0,3302
0,2741
8031,6374
8339,2503
4226,3655
6768,0
6566,0
4999,3278
5088,3087
4939,7543
893,2544
7042,7564
0,3305
1542,2139
5562,5501
5082,6276
0,7329
0,4415
4755,2948
4756,6297
1720,1564
3288,5622
4847,2423
7627,7864
8807,5383
7748,0
0,6726
0,5571
8054,7014
5593,0
9404,8799
4108,5889
4759,4608
6071,7039
0,1096
1777,3360
8203,8500
2367,5754
0,1881
0,3716
5976,0
0,4391
0,2795
5837,6469
4709,0
0,4647
0,4232
2753,1579
5675,5406
6014,7737
4996,5645
1693,2287
0,7264
3342,5494
7610,7681
1096,1092
6446,5984
8274,7162
0,7285
5305,5290
7419,7825
7757,6825
5334,5052
7252,0
7033,0
933,0
0,4493
0,6967
4942,5746
4932,7060
6176,0
4451,7362
0,5822
4066,313
0,1966
4128,6214
3848,3489
7810,0
4384,6567
5192,6991
3297,0
4735,6740
0,5218
0,5286
5098,5560
4356,3949
6667,4012
0,1985
9255,8578
4096,3705
7440,0
9302,0
6868,7389
5144,7772
6357,2896
6482,6122
5255,5606
6757,7919
4080,2236
3489,3319
0,9692
6253,5002
7531,8057
0,7962
3547,3947
6193,5958
6435,7110
3738,3304
0,5208
5254,5136
0,470
4053,2417
6560,6050
3478,0
7222,7180
884,0
7964,7900
2046,4008
3610,6301
9745,6833
4978,6204
5395,5827
8304,7617
2642,0
1188,2654
0,7015
6360,3575
5395,0
8877,0
6171,0
8746,7243
8428,0
8882,0
2416,0
3170,1563
0,5971
7194,7406
3481,6316
4624,6520
5210,0
1969,726
5294,0
4039,7525
3343,1853
0,4606
5085,3414
4551,0
6451,0
6304,0
6959,8492
2475,4761
0,2226
1310,4051
3851,0
3518,1850
3336,0
8722,8697
6478,4813
9133,8320
2629,3237
4898,5837
0,3901
2191,2790
8665,9251
4093,5360
4306,4971
1947,3407
3812,5000
5241,5083
4324,6020
916,0
7447,8029
5043,4167
5241,7495
0,6833
4028,2352
1729,3443
8949,9099
6236,5767
2846,0
879,702
6405,0
3730,5365
3579,4244
4625,0
1782,1685
0,6058
4074,2395
0,6213
6822,5076
7000,5819
3402,3202
0,6262
3440,6352
7006,5056
4519,0
5398,6216
6889,6350
1439,3160
4303,7209
0,3911
1926,7258
6785,8231
5432,5104
0,8428
5133,0
4180,7119
2401,665
7431,0
0,9000
7984,8507
7635,0
0,5924
9417,8874
4761,4203
8521,0
6432,6009
0,5833
0,5269
0,8950
5476,2817
7160,0
2813,4711
5568,5803
7356,7254
1513,1779
3632,3868
6584,5860
8398,0
2002,2765
4468,6020
2604,1553
4858,6263
0,939
0,4809
4142,0
5437,4443
3123,6817
1618,6771
8444,0
1594,3174
0,6219
6200,7127
0,4792
5017,3401
5623,7644
3326,3272
619,0
8936,0
0,7057
1028,594
2992,1235
3261,0
4656,2628
9395,8675
0,2762
5010,1941
1544,1167
0,1643
0,3217
1907,0
8162,7530
5710,5048
8475,8163
0,4884
8390,8211
9532,9320
995,1247
6367,3758
3217,6231
3817,4351
9005,6757
5805,3124
0,1374
6317,7196
8145,9105
0,3311
2397,5465
3661,6396
4409,0
1626,2411
0,8862
7585,3901
0,5535
306,310
8828,8606
834,952
7068,5393
4059,2435
6306,5318
6777,5786
0,5031
4341,6314
9059,7502
8039,0
6136,7379
0,7173
2204,2424
5895,3622
4074,4472
5418,3820
6932,6885
3236,3017
6812,5965
0,7364
1847,3655
8025,8300
4404,5827
2646,3057
8528,7406
2951,6162
6128,7055
0,6392
0,4582
4076,3375
6813,2093
9386,9457
0,2788
8558,0
446,800
5531,1542
3243,5554
3736,0
5936,5017
4579,7568
0,2093
0,5880
0,8041
9258,0
8354,5844
7514,0
0,2713
4350,3322
3297,2405
7941,6714
5965,0
6055,7936
2466,0
6493,7102
5870,3941
2254,0
7435,6667
0,1028
0,5482
0,4808
1529,2631
0,6143
6146,6329
6758,0
4675,0
1618,2428
7895,7094
0,6383
4328,0
7079,6840
0,8641
0,6365
5695,4721
0,8747
4920,4181
5917,0
2781,0
3444,0
6508,5415
2297,0
7413,6993
7031,0
3467,4659
0,5753
3992,7279
6952,6465
3058,2496
1487,1437
0,5634
4819,6161
0,6541
0,5608
5254,4320
0,6006
3351,0
4621,3774
0,3319
9037,8762
6422,7716
6670,7553
5048,6586
7919,8181
6121,0
7237,6335
0,3983
1173,1490
0,7695
5279,4868
4575,6195
5084,5210
8137,7899
6439,6176
0,4089
4066,4813
0,1760
0,3616
0,8762
4860,3847
1301,1723
3811,0
0,6589
6327,4392
9041,8791
4186,5649
6670,7194
0,6080
3180,6488
7019,7398
6930,0
3079,6809
8381,0
2542,3552
0,4857
1820,1570
5835,0
4131,7304
2113,2269
0,6092
3422,3018
2595,0
8524,6817
5880,6411
9602,9523
0,4555
5354,2118
0,6063
3122,0
4993,4698
0,4813
4600,4036
6147,4085
5720,4979
4806,0
1142,3049
4775,0
6523,8042
4497,0
0,2445
4386,5226
0,5616
0,1607
3583,2292
7802,7273
4235,6883
2309,0
5375,8583
0,4352
7354,7779
2311,0
7533,4839
1741,0
0,2523
8585,6249
4348,2813
0,6862
6344,4306
7836,6606
7575,8607
8484,0
3745,8478
1877,0
6728,0
0,5294
0,4542
8109,0
7491,7924
4179,3765
7014,7334
2851,3046
7221,0
1793,2584
4650,0
8042,7649
5908,7624
2279,2879
1950,3059
3053,4741
2276,3225
0,4542
3717,3452
4160,4467
0,3414
0,1658
2689,2553
6227,0
4170,0
6503,4377
6934,2815
2776,3704
1952,1056
1765,2485
3615,0
1660,0
8141,7327
3715,6995
4298,0
6371,4911
0,8847
3389,0
2506,6006
4508,4867
2880,2802
3520,0
0,8196
1449,1779
2352,0
4329,0
4831,0
8942,9377
0,2861
5450,7143
3175,2549
4378,0
0,5638
6661,3993
4973,0
5560,0
1015,1244
5283,6850
4834,0
6996,6402
7869,7868
5898,7179
7882,7897
6764,0
0,6231
4689,5101
6116,0
6016,4730
9027,8750
1732,1123
4180,6254
0,3236
7102,6722
6078,4950
0,7240
0,6166
1826,2391
6379,5773
7173,4518
7693,8839
2960,4772
0,4304
6034,7501
6123,3318
8929,9116
2041,0
5399,5668
0,5767
3004,4485
4219,6531
5208,0
4921,6500
6937,4979
6488,2937
1835,2207
0,1374
0,4370
5527,0
4834,0
2272,2278
9171,0
2154,0
2516,4198
5177,1436
9039,0
7360,0
624,760
6750,6718
1510,4679
3720,0
6815,0
4616,1071
6243,0
0,2622
0,5837
8834,9160
0,7550
5777,0
0,8938
4521,4100
2720,3597
5375,6371
0,6587
0,3021
0,1277
5158,7585
0,4508
3566,5794
2449,0
1639,0
2895,4618
6071,5653
4996,3250
1781,3811
0,3464
3618,6174
3991,0
7905,7053
4841,3778
1802,0
0,3098
0,3328
9045,6857
7872,6062
3382,4289
0,8099
8275,8201
4371,7035
0,4394
5308,3796
6384,7036
2873,4554
4653,0
7239,5960
0,5223
4068,3679
7389,8390
1902,5698
1561,2113
4412,6157
2708,2987
2677,4613
2750,0
4378,5862
5300,2989
8242,0
0,3376
1731,0
7939,6079
0,2817
1239,1284
0,7015
7492,4995
4067,4935
7747,8795
0,3857
8101,0
6459,2245
0,1246
7501,7570
2881,0
0,9194
6582,4277
2240,1436
0,6285
8952,7865
1380,2146
5677,5103
2209,1564
5955,0
3891,3422
6542,7490
5593,0
5763,0
5093,6547
4329,0
4886,5375
3714,4015
2772,3690
6785,5578
4011,3856
5430,6094
8886,7471
1411,3873
3968,4241
1990,2143
4042,1351
0,3289
3119,4663
0,6785
0,2662
3211,5481
3389,0
3730,0
7439,7887
0,6913
298,684
0,7427
7343,8442
0,5086
4252,5102
6500,5156
6614,8119
4994,4899
7127,3492
0,5076
2791,2464
4780,3510
3781,5807
3860,3589
0,5046
4141,0
0,5909
6096,5202
1644,3975
4869,0
6459,7307
8261,8822
8502,8148
0,2849
2539,2118
5347,4024
1761,1700
0,6560
7142,0
0,3968
5262,5643
2314,0
7064,6631
7726,4341
2960,3487
7074,5878
8713,9356
7468,5940
0,9573
2288,0
5546,5304
1840,1352
2831,2431
4518,7313
2925,7290
8492,7799
5963,2429
7189,0
2001,2022
4382,0
8156,7903
3979,2552
2164,0
5589,0
1675,2264
0,7262
5365,3573
8265,8721
2812,4541
0,2691
0,5508
8831,8071
5727,4933
6283,1624
7916,8838
8035,8035
3153,6853
0,4129
6128,3642
3909,2447
3064,3659
0,4906
7239,5442
1148,0
3159,0
4844,0
2153,3314
3125,2912
4735,6905
0,1932
0,8658
0,5860
5742,6759
5151,0
3794,0
0,6245
7098,4359
361,407
7840,2377
4422,4376
8076,7137
0,4527
4986,0
3123,3869
1476,1805
6668,6184
4587,7285
4864,0
7362,4957
4981,0
5994,5324
3230,0
0,6733
4024,2918
3804,0
9065,8603
3515,3534
4337,0
0,3624
2564,0
0,4264
3415,0
3339,0
5929,6797
6102,5253
0,8534
6155,5478
3681,2706
7267,8209
4714,4266
3807,3491
6147,7072
0,6883
8344,7398
6272,0
4003,0
3503,0
5055,7209
4200,7730
2864,6715
2839,0
7089,8210
0,2744
5718,4156
6761,7265
0,6186
4090,5222
5704,3509
4661,7226
0,6306
0,5619
4290,4403
5558,5024
6434,6252
4641,2849
2294,4802
971,0
6024,3250
5225,4906
4247,4959
6010,5367
9427,9538
0,6526
2845,2596
3056,4227
3034,2023
0,7088
8425,8259
2460,0
5510,2445
6963,8101
8492,0
6237,7042
8294,8399
3468,6377
2996,2330
6965,2452
4606,0
0,7319
0,4043
2416,4270
0,3044
1042,2955
2273,6497
3905,2871
9291,9091
6018,3350
2038,1603
4070,7783
7917,7947
0,5645
6826,0
889,664
6514,0
4245,2790
7056,5931
4649,3061
5753,5188
2842,2721
0,3155
6735,5190
7564,7574
3275,0
5401,6668
2878,4916
0,7007
3935,5446
2275,0
8671,8947
5965,7231
7483,7274
7421,7186
5590,0
5474,0
917,950
0,6366
6430,6441
7080,6484
8237,8326
2205,2287
0,5440
0,8144
4416,0
4658,0
6895,6156
0,850
3365,5051
5800,0
4067,4178
0,9751
0,4041
5210,0
2363,2957
4031,7843
2269,4135
4314,4723
2570,3327
0,6283
7758,4225
7138,0
878,0
5476,3869
4265,0
3013,0
0,2839
0,3160
0,3236
0,5955
0,4909
6977,6526
7586,7269
5562,3146
3394,4402
6628,7085
5525,3550
0,5939
3201,3300
1296,1146
1730,1774
6086,0
7628,7788
9199,8416
8042,7104
6836,0
2929,3952
0,7993
6250,4837
2664,0
5568,5080
0,169
2706,5971
7151,0
3034,3063
4657,6080
6219,0
554,720
4998,6034
7154,7790
4683,6616
4934,7227
8329,9262
0,7331
6109,8468
3436,8878
0,8025
2128,3380
0,7542
0,6797
999,0
5365,5668
9054,0
5788,4470
4707,2032
6414,5798
2339,4837
4015,1789
4114,4159
0,5102
0,5682
2541,5011
6034,5395
0,5414
826,990
7025,7167
447,827
0,7747
2961,2198
8166,8013
3412,3508
7779,8803
0,6108
0,7636
7980,6228
4064,0
6737,6630
4590,8913
5753,4979
5933,3940
3707,3289
0,7927
7389,5134
6039,3395
2050,3432
1492,886
0,6877
2386,0
5966,1945
7716,6010
3382,4847
0,6340
2268,2626
4170,5051
6255,4656
4278,0
3908,0
0,1335
7305,2662
2437,6385
0,4234
5836,6247
4128,2498
8252,0
8415,9062
2510,5746
2706,5039
0,5340
7260,7209
2494,4483
4151,4837
6941,6889
5204,3041
0,3949
7421,0
5017,3102
4743,5307
0,7845
6186,4123
0,6988
6463,6482
3175,4880
8986,8979
0,4538
3813,0
387,354
5433,0
9620,9502
0,804
3519,5423
2976,2314
6106,1597
4078,5401
0,6536
2489,417
7944,0
2333,0
2656,5155
0,6749
2609,0
3481,0
1742,0
7000,8168
1276,2122
7577,8626
4760,5567
5292,0
0,3115
0,4068
0,8243
5892,0
2107,3089
5111,0
5229,5392
0,7583
0,5747
2938,7021
0,8829
7860,8753
3100,4201
3825,7788
2507,3728
7157,5712
0,4877
2993,0
7793,0
2948,3276
4390,0
0,5869
1332,0
2330,3365
0,6351
2752,6070
4246,2352
7051,0
6733,0
0,4600
4445,6530
6511,5687
1328,1239
0,5895
5100,1443
5900,6453
0,4243
0,3255
4435,5506
0,4708
0,6541
4456,2545
4021,0
0,5743
5808,6454
5920,6139
4156,4096
3905,3525
5399,0
8925,9447
6616,0
7387,6442
4994,5987
6731,6257
7272,4241
1219,1628
5856,3509
3888,5109
4539,5174
3875,5872
7444,4711
5726,2342
3193,1717
3633,4480
8400,0
4027,5938
7105,5177
1810,909
5372,3729
2738,4270
2909,5944
4835,2581
2881,2025
0,7765
4843,0
5201,6838
2680,6453
4623,6975
0,5025
4024,0
6753,0
0,5575
7936,8811
6914,3163
0,2916
4012,5342
1557,3502
4791,5590
1424,4575
2565,0
6825,5279
1170,1589
8189,8026
7664,6471
0,7075
0,1499
3547,0
6597,5931
3740,5512
5001,4739
6491,0
3309,3174
8780,9125
4692,5923
4205,3598
4128,3267
0,3846
4288,4782
0,6224
2273,1131
4644,6773
6351,0
7786,0
1330,1104
4410,0
3596,2931
5570,4584
6133,4757
6521,0
8431,7436
1992,3817
0,7178
0,8777
0,3971
4358,3984
6872,0
6258,5612
4130,6850
2951,3301
4106,3663
3750,0
4735,5324
1623,0
6281,7133
3595,3658
2260,4696
2271,6910
0,2049
4361,2286
2556,0
4600,5848
5368,3668
0,2995
5643,3580
7580,0
0,3633
5288,3163
6748,0
3779,5950
4445,7259
0,9678
5850,4933
7623,2829
3667,0
7438,8494
8645,0
4970,7260
4922,6053
8921,0
1568,0
2692,3598
218,621
8039,7675
0,6494
2952,3790
4149,0
3819,4167
9839,9910
5470,6977
2100,0
8773,1439
5315,4839
4613,0
8844,8563
6844,6970
1463,2749
5996,6418
6755,0
7100,0
3441,5119
0,4052
3115,0
3449,5722
6524,7534
6208,0
7982,7722
4324,0
1883,3643
3438,3067
544,0
2657,2924
1627,0
1525,810
4395,2596
4842,6001
4281,3579
0,7729
8700,6245
5455,0
6088,6188
0,2728
5005,3561
6200,4858
4239,7472
2184,1821
8053,5509
0,3731
2501,0
4198,8067
4798,0
3259,0
8419,8050
5702,0
7183,6953
8973,8675
8425,7798
7493,0
2249,2713
2364,0
5510,3169
3856,0
6390,7008
6973,0
0,7576
0,3515
2872,0
7075,4970
0,579
0,191
0,7052
6303,7798
1885,2663
2891,6557
8900,0
7085,5524
0,3412
1792,1564
7033,7905
5261,0
1422,4664
0,8494
7712,7239
3284,4105
6302,0
0,7902
6724,7890
0,4604
4299,2572
1720,1580
0,9066
4720,5309
0,5551
3136,0
5131,2493
4806,5761
6465,6879
4948,0
3591,5997
1794,1496
2994,4726
5417,6415
0,5766
4261,0
6503,0
6798,0
8238,8969
2080,2255
5050,6109
3443,2877
543,510
3277,2384
5220,4418
6410,5964
7164,5833
4332,5268
0,2041
2578,1444
5941,5669
4319,0
4519,0
0,3509
4235,0
3537,0
7105,0
3818,0
2712,3416
6368,7029
3697,7560
6077,0
0,3561
8960,4339
2499,3077
5031,6544
2717,3434
0,6653
0,7433
0,5184
3963,0
3884,0
0,1864
5520,5030
4351,5705
6589,6436
5331,4618
0,3422
0,6428
2732,5543
1750,2240
2495,1658
1943,1667
5839,5157
0,963
3424,0
4799,0
3838,0
4552,0
6213,6067
6382,5401
4737,0
5876,5722
8164,7143
3209,3446
3987,6396
6249,7239
3900,7178
3184,0
6998,4425
8390,5248
5765,6767
0,6085
4505,7595
348,0
897,2267
5551,5551
7707,7104
2332,0
0,2148
1879,1515
4210,4828
1575,1170
2723,2108
2180,1622
0,4636
1990,3254
3510,3942
8065,0
7614,0
4070,1738
0,6735
0,8275
0,5022
0,8189
4279,2529
0,4679
4974,4680
6500,4194
7206,0
6413,4305
8979,7823
2510,7624
0,6925
5438,7793
7483,6000
709,945
0,3690
5398,0
8761,9188
4096,1238
0,4586
8154,8841
0,8573
3971,4659
9336,8563
6105,4331
4866,4228
0,7089
6570,8050
7206,8186
5452,7715
7691,7859
0,6414
2717,0
8425,8633
3353,0
0,8045
6827,3545
5842,4761
0,6295
3656,4350
6658,0
3090,3359
2922,4753
5198,2723
4014,4523
4327,5548
5137,5163
1334,3446
6660,8239
1861,0
1054,1372
6249,5076
0,9031
4780,0
7218,7316
0,5336
2108,0
4972,6590
0,6095
6592,6289
0,4023
5146,0
0,1706
2677,0
6833,3478
8729,0
5541,0
3636,0
0,3613
9283,0
1988,2196
6126,3237
5302,0
8863,8795
1908,3480
5471,4850
5776,5618
1194,964
6375,6532
0,4331
2419,3079
4647,8337
2831,4086
0,5847
2120,2196
2685,2241
0,8016
5202,2346
0,5011
9391,9602
0,4815
6170,6357
3914,3431
4481,0
2834,2523
6651,8101
5479,4515
1885,2916
6004,4121
6082,4745
8718,0
4857,0
7108,6189
1824,2092
3746,2976
0,3754
5886,0
6624,6496
6245,7513
4526,2144
6816,0
8489,9209
1669,4021
6304,5117
3814,0
8976,8585
0,4481
3146,4160
1523,1939
8086,8603
0,3959
0,8420
0,9030
3631,1426
2528,1230
8069,8970
2680,2992
3055,2954
0,7477
1552,0
0,4796
0,7415
4967,3945
1377,1377
6048,7331
6392,3266
8030,7142
2214,3234
6023,3967
7735,8748
0,4578
3421,2353
1865,0
6837,7054
0,998
5073,5973
2664,6090
4126,0
6581,4653
8262,0
7236,6223
0,2562
1065,1427
8014,0
8326,9239
4904,4326
5032,0
0,8730
1951,0
0,6349
6819,6360
9188,9639
3771,4999
5314,5560
8628,8774
6054,0
5376,3026
315,0
7068,7345
5155,1718
282,209
4512,7414
7230,7679
6979,0
0,7375
4064,4890
7337,8839
812,700
6825,2660
4301,3940
3452,2002
0,7691
219,714
2944,4919
2489,1617
6827,0
8187,8819
0,1261
597,489
5042,0
5624,4558
5757,5838
3715,2444
6219,0
6673,7082
0,8061
6591,7316
3975,2981
0,1918
4048,0
7973,8169
5120,4070
0,4768
1804,6027
2492,0
4021,2853
0,629
0,4905
5225,0
5182,3279
4483,4753
9428,8514
6413,0
4150,2701
5089,5730
2310,3909
7208,8280
6722,0
0,6586
6195,6917
5856,2279
3016,4002
8266,6965
7010,5473
6893,0
7509,0
6183,4342
3338,3063
3634,4013
7874,7019
7403,6412
2497,1201
2637,2215
9850,9910
6362,6679
5998,3728
4766,0
0,1784
4569,2257
8772,6334
2194,0
8118,0
7890,7870
4632,5850
2106,2005
2783,2177
0,5814
4930,0
4958,4438
2780,918
6027,6558
1945,3975
0,8476
6824,3010
4762,3201
7551,6234
2700,0
434,0
2610,3286
5869,4295
0,4108
0,5330
4944,6685
1051,2083
0,7380
7201,3417
7386,5148
6519,4277
2746,5264
2275,4054
0,5483
5548,4086
2692,1633
8740,7788
6240,0
0,3462
7889,7757
8336,0
0,5487
5207,0
5863,7525
9222,9068
3719,2093
0,3344
5106,7343
8237,7562
0,5466
1267,0
3340,8173
2283,2514
5570,3440
7487,6752
5208,4583
7266,0
0,6413
6723,6051
6531,5788
7802,0
4863,6033
7673,0
0,8254
0,3022
4133,5230
4596,4662
4158,2934
4229,2818
6484,0
6985,0
8210,6961
9125,0
0,4735
0,5284
4674,3663
5229,5440
7292,7085
8656,9396
4896,5358
4332,0
3683,0
7262,7881
7695,7177
5859,0
5364,7615
3995,0
2295,2785
7130,7840
0,7089
0,4502
988,2500
1228,1698
2645,3578
6520,7582
3898,3459
3451,4170
5800,5697
7823,8596
6709,4592
5596,7206
0,3838
7965,0
533,298
4515,0
0,6940
1259,2868
0,5788
4083,7378
2401,0
4650,3913
2467,6609
0,4394
0,6819
7247,7459
8811,9306
7920,6257
6023,0
4522,5639
7662,5216
0,6931
2502,1901
5257,6114
7268,7030
6011,2030
0,6722
0,3658
8030,6861
1991,1901
4612,5782
4398,4703
4043,3371
7653,7780
7261,6095
0,4914
1355,1095
5782,6557
2009,2976
8836,8225
1280,1742
5058,4714
1457,1663
0,4331
0,5515
6489,6775
4115,2183
6214,0
6167,5620
6952,8223
4750,4898
3456,3005
8181,7740
0,3423
2221,4308
2477,1336
6149,0
0,4207
2310,5566
9153,8118
1018,1220
6435,4009
0,5549
0,3170
0,6461
0,919
4872,2133
3089,0
7650,7178
3347,3264
2456,1576
6421,0
6415,0
0,4897
0,3054
4570,5541
7798,8072
7904,7476
8033,8673
4333,5914
0,5841
3046,3557
0,2340
4752,4549
8480,8483
4652,5066
5383,7885
8490,0
4404,4856
2123,7826
0,1622
5502,5095
4126,5725
7138,3655
2747,0
8458,6658
5043,0
2184,0
3977,3564
0,4041
0,8636
6775,6290
5649,6624
0,5893
5806,5889
5487,0
5420,6208
5480,5781
1113,2120
2039,1761
6546,4114
8520,8358
0,3817
5706,7372
2941,3118
0,5716
6039,4486
7624,0
1465,674
4581,0
6325,4723
6755,5709
6243,0
3942,0
5194,0
5450,4919
6602,0
6317,4098
4677,2333
0,5896
3498,0
6126,3709
0,5482
4164,4536
0,7219
4465,5727
9982,9942
3789,4673
1526,1846
4977,1403
0,2899
5733,6808
3341,0
8059,6881
0,6048
0,8042
4818,4061
3806,0
8993,8950
5911,6351
3552,0
0,7304
6807,3996
4892,6211
3840,3722
2039,2675
1932,2771
4873,6495
4061,2760
5481,4678
0,3862
2679,2330
5569,4122
0,3818
6320,3340
972,870
4756,4656
6218,0
4347,4087
2881,0
6566,7601
2435,2863
7301,7370
3814,7289
0,3583
5430,4671
1494,1683
0,5001
9014,8694
0,770
4751,0
614,1019
4948,4470
7468,8461
4192,0
8619,8974
8347,8296
3980,4482
4301,5069
6753,8660
587,1249
7677,6904
4879,4109
0,6102
2756,3048
643,810
3991,3813
5579,4021
4748,2470
5046,0
2178,5447
4738,1978
2501,2101
2219,2054
2378,0
7468,0
6727,4125
6175,5711
0,5440
5211,2894
4393,4269
0,7777
4545,3955
5734,4679
6327,0
2377,4558
5974,3802
3985,6230
2928,0
3774,5824
6194,6105
5974,5522
5628,8191
0,2508
3861,0
4630,3743
5181,0
6681,0
3873,2710
0,3471
7960,3917
2002,1400
6023,5549
1829,1993
1895,1516
7021,6961
1380,2323
0,5938
8565,8475
5129,4000
0,3475
0,6705
4640,5397
0,5463
3283,7813
7279,0
0,2560
3215,4168
0,8176
5213,0
0,7783
7135,0
4397,7622
0,3854
7238,7322
3491,0
4845,3345
0,5954
4472,0
4948,3796
885,1112
0,7079
6848,2982
3935,5295
8132,0
6981,5981
5875,0
5552,3871
9342,9224
3302,4305
2282,2542
2293,2896
0,7779
0,3044
6100,0
3596,3148
4330,4219
9051,0
0,1141
0,3990
5588,4457
3122,5906
9162,8486
4777,3094
2143,0
8360,8833
0,4517
5708,6159
5855,4176
5622,0
0,6011
0,6370
3096,3339
5724,0
7516,6470
2828,0
6925,6750
8944,7958
0,5225
6754,0
3323,4571
3745,0
5356,0
0,5268
8030,6916
0,2356
6368,0
0,2029
0,9161
7860,8050
3290,0
8081,7912
3320,3736
5227,0
956,0
5953,4646
4268,5157
4854,4545
0,3982
5097,4796
6624,3482
4731,6060
4748,3076
4456,4691
5178,5350
3340,1541
3416,0
1990,2284
6676,7110
5255,1199
6940,0
1974,1114
2913,2568
0,6198
8309,8375
6539,6245
5216,6170
4729,8333
3456,2154
6807,3491
7215,5332
0,4296
6509,7315
635,1034
3995,6681
3300,3343
0,4547
5750,6672
5436,5047
0,8995
0,4813
4916,0
0,7390
4351,5133
7576,7475
9096,8990
9206,8505
0,3250
0,1845
8735,5303
4589,6370
7708,7265
0,8015
0,1861
3012,3068
5404,0
3871,6077
2948,0
0,370
8718,0
0,4781
2853,8010
0,5327
2551,4917
4237,1981
0,1214
0,3660
8110,0
8879,9356
6904,0
7338,4881
6098,6257
0,2483
7661,0
6202,6073
9958,9920
7299,8642
2510,0
1178,2344
7205,2844
0,4636
6031,7174
1314,1642
4846,3796
0,6396
1410,3228
2599,3160
0,8041
3714,0
3881,0
1226,0
2014,4428
4859,4565
3682,3861
5442,1725
1241,2170
2085,4904
4694,4305
4537,0
6948,5444
2979,0
3554,3909
0,4315
8215,8085
6162,0
6310,6922
2752,0
6007,5814
4898,2252
4791,4627
6856,6121
4058,0
3265,6511
6308,6372
6859,6121
8305,7675
1119,4215
2536,7520
3372,4296
4658,1799
9414,9627
2151,4706
3795,4850
5705,4487
6013,6789
4457,5101
0,5398
0,3832
1241,3770
7301,7727
5280,5491
7349,7005
0,8965
7128,7072
6001,5777
6909,7219
0,5129
5504,6584
8677,5093
3252,3487
6492,6972
331,0
2830,5421
0,4914
0,5139
5404,0
6215,3769
5275,0
8347,6866
3533,5193
4019,3638
0,3405
2403,4533
5036,6650
5573,4657
0,3519
570,392
3419,0
0,3947
4169,3378
0,2278
196,0
6562,7888
2991,0
4154,3389
2376,2423
6295,7004
2155,2196
1755,0
8345,7048
0,3966
4985,0
6196,6848
0,5805
8174,8280
0,7584
4893,0
8758,8122
778,0
5178,8544
3511,5725
4178,2185
6285,6150
3568,6930
0,3853
5827,5220
5867,0
2406,2780
4001,0
7485,0
0,4452
7270,0
0,6943
5464,3950
7821,5392
7650,7147
5460,7383
5512,0
0,6433
7032,7434
2682,6947
7107,0
2578,3541
3613,4581
1609,0
0,6363
5445,5986
7411,5948
4031,7027
5901,6255
0,5262
9480,9691
0,7966
1900,0
1622,3737
6054,4304
1870,2088
5077,0
5399,8229
4737,4491
7921,0
0,8313
0,6285
3793,0
9100,9089
7812,6291
7511,0
0,6416
2497,4614
8611,8555
4869,5203
5419,0
983,0
5905,3578
5704,5023
7596,7984
5571,1969
4347,3239
1560,1278
0,4149
6578,4333
0,7414
8949,2319
2266,3779
4593,0
4951,5769
4662,7060
3593,8154
2709,0
3579,0
0,3895
0,2752
7621,2744
5355,7034
7783,5641
2629,1214
2128,8046
2793,2777
4598,3622
2325,0
4393,6695
7255,5945
6223,4566
3550,2885
0,5592
0,7206
5837,0
9281,8983
2300,0
6405,0
2767,3406
9759,9745
9662,9594
0,3661
5144,5991
5134,5371
3227,2272
0,3196
6692,8097
6225,0
0,7231
9139,8786
9937,0
6082,7731
4438,5216
6704,7007
4395,4461
6280,0
0,8003
8093,6786
8273,6586
5029,6088
0,9022
2502,0
2101,5446
8884,8736
4659,4424
4870,0
7390,8179
0,1062
7983,6947
810,503
6581,5603
5213,6387
3566,6763
4412,6092
8375,3806
1287,867
7431,7378
5276,6351
0,7514
7990,5917
6421,5790
5853,5879
3296,4847
0,8641
5866,7389
2792,4883
9724,9779
2990,3536
0,6274
5978,7484
0,3940
5860,5445
5031,5552
0,5333
9455,9397
822,438
6160,4342
6548,7743
0,4161
7860,0
3025,3061
4788,7012
3572,3651
0,7189
0,7563
0,6274
3914,7390
0,5264
4833,3195
0,3614
0,3217
0,4232
4950,0
0,7345
4870,0
3013,2659
2386,2855
4747,0
8186,7459
5769,6722
4850,0
7024,6339
6698,4758
2999,4962
1013,0
2643,3401
6536,7228
8905,8092
4107,0
6450,5584
5532,5898
4588,4774
3843,5145
6454,4378
8825,0
0,5173
0,8863
2880,0
5924,0
3958,2300
4216,8121
7549,0
3547,4140
0,5862
0,2412
4510,5204
2451,6287
7765,0
5020,5494
0,8368
5568,4382
8378,8499
7151,0
8659,8513
4718,6428
1565,2028
1180,950
2781,4579
0,7217
0,7286
7534,7378
8665,8472
4844,5543
3455,3878
0,6181
0,3061
0,5201
8337,7535
1765,2428
0,3231
1435,3898
5604,7059
0,2500
0,4756
0,3441
631,894
4474,4889
6678,0
7471,7928
2166,4696
0,6243
0,6165
7151,7443
3344,3549
6073,0
6363,0
0,6094
6001,5528
62,129
3412,3527
7638,6303
0,8406
7516,5487
7841,4255
0,3041
2115,1425
0,5067
6929,0
1060,0
8518,0
8621,8886
5632,6693
7207,0
0,6461
3634,0
5519,3756
7125,0
4639,5502
0,6682
4375,5928
8085,0
4759,6361
6446,5088
2139,1002
5581,4456
1752,0
8290,7061
6819,6253
774,532
8309,6846
8657,7753
3357,3648
0,6961
5645,6256
0,3322
4535,5974
6106,7263
3848,0
2825,5082
0,8394
2399,5551
2385,2150
5738,4076
5922,0
0,1475
0,3694
7967,5499
0,7427
0,6333
6426,3481
728,1185
1926,3125
8414,8596
6644,7388
1729,8453
0,7376
4566,5653
4199,0
0,5311
1187,0
7942,7449
7358,0
1735,0
7378,0
326,334
5537,7722
0,9429
0,4722
6616,0
8329,8735
5051,0
4242,4333
3831,0
7407,7778
7020,8855
8500,5151
5321,6135
6917,5882
5353,0
4339,3479
6604,7550
0,928
386,1003
0,6023
2705,1204
4806,5257
3217,0
5930,5255
6642,2708
4365,2700
0,4886
0,1025
0,7173
9847,9536
6353,0
4117,0
0,3114
5982,7134
1369,0
7543,0
9446,9243
3346,3516
7548,6287
3107,0
2893,5891
6883,4651
1472,0
7494,6439
3545,0
5594,6906
4726,6122
0,1623
9702,9670
1123,1600
2947,1288
0,3866
6174,6643
7299,6988
5625,7084
5196,6382
5896,0
6684,4994
3954,0
5800,6206
5409,0
5164,4813
0,3373
8409,5846
8812,8711
5601,2699
5669,6841
5949,0
8440,0
5931,4706
6118,5896
3777,1930
5552,0
0,4206
4836,4963
7287,8477
9100,8750
4166,0
1565,0
8540,8649
1569,3306
0,7579
0,7650
4173,5862
3786,5177
9358,8818
4520,0
7089,6852
0,5085
7691,0
6463,4680
8034,3387
0,5788
1323,2330
9003,9019
5055,5164
6732,4636
0,4262
3843,0
5882,4891
588,1235
6159,5052
8027,5920
4266,3998
0,5482
5369,6347
1624,4168
3176,0
4479,0
960,1105
2766,0
3005,0
0,8758
0,2775
0,3672
9057,9196
7013,7504
5145,0
6486,6373
6195,0
6068,3146
3370,5194
0,1766
0,2416
3970,7916
4596,5286
2641,5362
7071,6027
4583,5065
0,6557
3425,2549
0,5692
2272,3428
8148,7156
6204,0
8213,8757
8909,7414
6682,5822
6482,0
6271,4572
6498,0
4706,5248
5811,3286
0,4388
6389,7712
4908,4027
7164,6695
0,3973
4684,6139
7325,3224
0,5220
1884,0
7734,4437
4881,5142
3818,2951
3037,1960
4054,0
6318,0
4452,0
4515,6108
821,900
7754,9266
4630,0
3516,2140
1141,1719
5956,3722
6867,0
2094,0
9065,9198
0,7071
4652,5748
5667,6342
2100,2408
8759,8231
8566,7637
4526,3859
4098,0
1539,0
2451,2459
773,708
4847,5687
2535,3573
0,9261
4557,5320
5173,2680
8030,7903
6476,8128
7908,5597
3141,4784
5496,4052
4862,3757
6287,7933
3767,4056
3615,6584
1854,2354
6904,6743
2048,3154
0,2080
4417,6977
7992,0
2433,3231
5678,0
4042,2324
0,7177
4846,0
2747,0
6865,4140
6527,7879
0,6594
842,0
0,1595
0,499
7315,0
5100,4918
0,2832
6302,3931
1391,0
3520,2588
6893,5276
2422,2005
6196,3507
5839,7247
4906,6292
7826,7798
4330,0
5979,0
0,9040
1243,682
6652,7849
4158,4643
3373,4135
6650,0
3164,0
632,833
4144,4849
8817,0
3401,0
6096,0
1611,2677
8750,8684
0,4136
4045,0
6856,0
6964,5464
4666,4100
0,5351
7972,7642
0,1725
8277,9652
5299,7469
1566,0
8426,6039
0,8759
2813,3502
6284,0
2933,0
6895,6713
8697,8442
3697,2739
6034,4512
3613,0
2806,1557
1918,1280
4370,3617
0,4687
4689,0
2939,0
7470,0
6132,6458
1795,2769
0,3236
1410,927
3319,4713
6576,5940
1798,2275
3242,0
1689,1851
6453,1963
6348,3786
6776,0
7828,0
6117,4530
6880,3443
3530,1294
0,8572
1888,2819
0,1117
0,3749
0,6731
3650,0
9487,9255
0,2312
3277,2848
2364,0
1349,1634
6875,8106
4946,6647
8386,7482
403,328
8665,7398
5644,5040
5446,3882
4440,3927
7874,8507
0,2248
2465,0
3841,7412
6184,4351
0,3728
0,8218
4569,5922
6317,6183
9243,8557
5848,0
6713,4294
8758,0
4100,4723
6889,6741
0,4445
6044,5367
1130,965
4542,6940
0,4006
0,7337
6152,0
4824,3674
4614,4695
202,251
4975,0
8052,8023
5082,0
3900,0
6748,6556
4086,4290
5708,5268
9243,9768
0,4097
2882,0
0,5389
9386,9613
6028,6517
0,6330
3038,0
3762,4120
4690,3059
2917,0
0,4765
4507,3539
2687,2697
4585,1630
5835,0
2206,1312
6361,7865
6471,8444
5764,0
9176,0
3086,4167
0,3980
7583,6999
6888,7458
5233,5208
8350,8818
3216,4945
6101,2434
3929,5272
8671,8594
6140,0
5884,2945
4595,6644
8181,0
6185,0
3778,0
0,3629
0,4307
2003,4350
5163,0
5134,1786
3637,2642
4210,0
4736,8147
2918,1200
5071,6730
5743,6230
4422,3666
3976,4359
3771,4886
2432,2148
3623,0
0,3602
5313,4853
0,6197
6272,0
669,0
2226,2098
6735,0
8159,8505
5208,4095
4370,3256
1597,2157
8087,0
0,6210
2974,0
0,2100
0,6839
1790,0
4357,1689
3393,1754
0,2315
1349,3552
6854,6509
4997,4116
2888,0
5836,3437
2656,3688
0,6208
3717,0
7202,8536
2704,0
7632,0
4172,0
8717,7824
3580,3135
5100,5627
7011,5829
5822,6220
8864,7804
5625,7828
6966,0
2558,2557
3236,2726
5231,3521
0,2853
5532,4357
8962,8731
6157,0
4532,0
6507,5214
1886,5455
7351,5794
4217,6977
6448,5153
6018,8700
2396,6975
7859,7111
8908,8301
2778,2466
8963,8512
5709,0
5540,4016
4918,5836
6740,6705
7472,6283
5448,3746
0,3630
0,8097
5875,0
0,4248
2434,0
2808,3254
2246,2267
3901,2002
6492,7381
5357,6866
0,2912
2010,1511
1914,949
1831,3128
3958,5570
7126,0
0,4201
6900,3618
7166,0
4041,2847
8009,6668
8126,8752
2245,4002
5074,6221
5165,5024
2615,2695
0,5075
2666,0
7448,0
7782,5737
4551,0
5899,3389
4595,2973
5043,3834
0,3336
0,1593
2100,2649
2077,4406
0,3672
3890,4440
4509,4761
3148,5305
6655,0
0,4206
3259,6186
4133,6199
6690,0
7084,7651
6975,7915
4837,0
2923,6122
0,4326
1094,1659
5016,5806
2075,0
0,4012
6282,6510
6959,6351
1362,1144
5983,3549
8809,0
4071,0
7898,8099
3708,4913
6977,0
0,6113
2849,2800
3713,5724
5137,3679
7483,7642
7299,0
1232,0
0,4933
4339,4629
6025,0
5450,7658
1675,2700
2417,0
6731,2446
2556,2806
6859,0
7017,3952
5783,6559
3603,4039
3953,0
4138,5750
6026,2442
1565,0
8806,0
2961,2550
3512,0
7895,0
2995,6821
0,277
0,7824
7404,3844
4437,0
1529,0
3731,4404
2111,0
7133,0
5366,0
4002,3378
1730,0
6015,0
4994,1484
6333,0
4431,2724
8767,7432
9270,9506
3213,0
0,5855
562,948
3730,4792
1131,563
6048,0
6153,0
1828,0
2446,2377
0,6881
3070,0
6240,7707
2576,2456
4799,5313
8993,0
6213,7704
689,0
0,1667
2112,2094
3880,3925
8906,8906
3799,3244
5149,4974
6366,0
4722,7101
5304,3152
8370,9277
4649,0
2469,3749
5131,4586
4313,5111
2427,5008
8648,0
6146,7470
7405,6465
3810,6314
9166,8084
3043,2962
0,5564
4260,0
3118,3602
0,1757
3551,6527
6158,5706
2844,1753
1851,0
3170,5261
3415,5655
0,1153
5984,6768
9291,0
2193,1361
2525,4492
2988,0
8354,7934
7958,2897
2309,1529
5182,3920
4181,6232
2381,5360
4095,0
0,5156
6636,7942
3882,0
8990,5174
9017,8276
6452,5914
3936,7484
4194,0
0,2785
7564,7706
3415,6176
2772,0
3017,674
4239,8899
0,1634
0,4996
0,1566
2674,3249
5208,6281
2074,1508
8238,7779
3122,6544
3543,7095
1768,2509
0,3195
1780,3262
5088,3639
0,6626
3057,0
5765,0
1238,0
2459,1768
2416,1624
9466,0
4864,0
8334,9371
762,0
2529,0
5052,0
6410,8047
4411,4086
4472,5985
9358,9623
6606,4934
0,4451
8538,7885
7967,8598
4374,6894
7513,5325
4649,2052
5025,3258
3342,4689
4436,0
1985,0
3560,3295
6818,5059
4166,5170
8133,0
2111,2769
3067,5126
0,8499
0,3168
3936,6079
9157,8097
0,4698
3919,5751
4224,0
2272,4180
0,4870
5304,1753
1547,3081
3191,0
0,4262
6514,0
3099,3484
3087,0
8427,8128
0,2658
5625,6071
7190,7021
8976,8840
5518,0
0,5656
4698,7136
6380,7213
6402,6657
0,3672
2982,0
5404,5305
0,1842
6270,0
7847,4264
7089,7318
3730,0
2908,2685
2768,4908
0,7843
3824,0
0,6850
0,2576
0,2439
0,3998
0,7045
0,8959
1500,2172
6663,0
6804,4533
0,6005
3125,1432
7267,0
8076,7411
4874,6476
7733,7621
5926,3105
4420,0
5638,0
0,5623
2549,0
2501,3194
2158,0
4890,0
6734,0
5162,4814
2909,5230
6013,3533
1201,2084
8412,8482
8510,7084
0,6430
5390,6622
0,7095
3505,0
5570,7530
7102,6905
3937,2324
6740,7323
0,3670
6698,0
8579,7816
8282,0
2240,0
4974,6783
8486,8909
5800,5464
1399,3330
8871,0
0,4727
2466,2577
387,1048
5187,0
0,5616
5691,0
3288,6055
3973,2512
0,1918
4776,5022
0,8708
6220,3527
0,2818
9782,9614
3924,3564
2055,4049
0,5810
0,3830
2251,7049
2663,2253
4527,4219
0,5202
7542,0
4560,0
3131,0
472,744
0,2499
1646,2297
4339,6896
1681,2915
3448,7258
0,4478
7819,8379
2156,1901
0,4531
1743,3600
5708,4118
7178,7307
1278,0
0,7500
0,7739
6496,0
0,3557
6014,0
8210,0
3878,2788
2697,3913
0,3827
0,3877
1932,2252
0,5865
3253,5625
2019,2198
5227,3284
2648,5874
0,4930
3451,4195
0,1119
3001,2416
0,4992
7233,7847
3066,2199
0,8482
0,3429
2995,3203
0,3541
0,5026
8522,7554
5922,4933
5339,6067
0,4385
3590,5452
4160,3971
0,3889
3031,2381
0,6024
0,6167
0,4976
873,719
0,4539
3514,0
1117,1160
1419,1893
3510,4809
3885,4738
5526,0
0,2374
5926,6205
0,8498
0,5008
2090,5238
4136,2365
4723,3994
4089,4277
5362,4632
3608,5254
2041,4126
2787,4644
7660,6000
7370,5280
7403,4469
2066,2044
6934,5499
5871,6218
3714,2356
0,8030
3864,2606
7836,5652
5239,7235
0,4896
6088,4607
0,7228
9363,9458
0,1741
2451,0
5026,4143
3127,6065
5495,4425
7621,0
5772,3993
4929,0
2888,4996
0,6884
6020,4062
9234,0
6015,6430
7437,7092
3897,0
2941,4458
0,8483
7512,3347
0,5393
8847,7542
6238,4182
7242,3427
5736,0
3768,2274
6623,0
0,1001
2277,922
0,4729
4524,0
2147,8313
1374,0
0,4896
0,2987
8499,7649
0,5935
4189,3523
4240,3621
0,6517
2064,3154
7720,4015
5449,3524
7448,7960
1034,1018
2425,0
0,2852
2284,8249
3977,2678
3568,0
4533,4759
0,5574
2590,0
3367,5779
7110,6439
8580,6170
2039,6902
7136,7481
8991,9290
2671,3622
8576,0
6697,0
6536,6041
0,5733
2758,5534
7840,5432
4865,3699
3748,6124
5240,2766
2875,4231
5980,4821
3650,5701
7584,7977
5000,7090
0,2179
8025,4907
8729,7917
3459,3736
0,7561
5515,6751
7087,6750
5534,3420
5889,4056
0,7167
2150,2645
0,5586
0,1575
6200,5769
2005,0
0,7606
0,5753
977,1490
2525,0
4980,4276
5450,5226
7122,4103
0,2551
0,6508
8352,0
0,5511
0,5629
3410,2621
4568,5601
4332,2200
3307,2564
879,578
5676,5324
4626,4083
6992,5678
5739,4211
4504,3013
859,2460
8774,9477
0,1650
6599,5461
0,5094
6376,7830
7025,0
5417,2298
0,6740
4998,7185
1677,1661
0,5061
5160,5525
5510,2691
0,4523
2756,1957
1856,5663
0,9281
5378,3723
0,6857
0,1582
7693,8476
5708,3601
0,5588
0,9763
1515,0
0,714
6648,7126
5766,2665
6100,7018
7409,0
2094,3309
5037,5686
3860,0
8955,0
6669,5078
3140,1735
7912,7941
7871,8057
4812,0
5961,0
2029,7595
2641,4572
8914,8825
0,3848
4749,0
6160,3105
3689,0
0,2115
6186,5455
7330,0
0,2111
3445,4085
4528,0
5779,6144
6411,7755
6727,4109
3976,4364
0,1800
5167,7397
4338,5182
0,4246
6115,4822
3051,2533
8847,0
7954,7664
6090,6192
6695,4115
4891,0
0,4569
5587,7286
3193,0
0,6512
6657,3763
1480,1223
5988,0
5018,0
3105,4871
3153,3121
5264,6244
0,7833
0,6079
3655,4327
0,2781
2924,1699
4919,0
8667,0
1817,1291
5394,8554
8926,7907
5494,5900
3922,0
0,3242
0,6391
0,7892
3256,2408
2339,1958
3270,3885
7124,8460
9178,6950
0,2031
0,8104
3071,6103
1454,3250
6281,4393
1293,1135
4280,2877
5327,5418
7894,8535
3349,5136
3051,1193
7161,8215
6966,8865
9341,9109
0,3258
4478,0
3379,0
5543,0
0,5945
7158,8861
5138,4668
4635,5310
0,3824
2649,0
828,610
0,5821
2080,4848
2485,0
2482,4290
5073,0
6826,3707
5750,0
4022,0
6156,4424
5291,3668
8823,8739
6376,5799
8208,6116
0,3426
0,3838
0,5503
6618,0
8215,6974
0,9728
0,7985
4696,4612
8124,0
0,3498
4277,0
7122,0
3228,2462
0,6516
0,8385
2920,6707
661,0
924,672
0,5012
8041,5757
3986,6114
0,3182
2456,1951
2252,3060
6189,5962
3895,0
3939,4373
0,9024
0,7920
2840,2711
8178,7446
2715,0
1654,3270
3500,3694
6412,6557
1979,1875
5799,4740
5033,3986
6677,3919
3185,0
8531,0
9164,9670
1944,0
2433,3673
6673,4892
7425,0
2891,1257
3370,5459
7557,7717
9460,0
3637,0
0,882
2951,0
4810,0
6756,5273
6304,0
2182,2949
1395,2847
7107,0
1363,1475
0,1615
3653,0
7357,7025
0,8600
0,3808
0,4202
1298,1944
0,4154
2176,3933
8742,8669
0,4571
0,4085
3444,0
0,4859
0,3495
7170,4852
3566,0
6064,5497
3080,0
4641,6525
8273,4028
0,3110
7711,7642
3670,5483
8287,0
4334,4284
1333,1286
6786,0
8840,8543
0,1194
7439,0
3568,0
5101,6549
0,4730
322,0
2904,0
7712,7597
6718,0
4090,5543
2978,2931
0,3829
4198,5174
2877,0
1899,3949
4737,4891
0,9488
5659,4965
3566,0
4211,0
7823,8479
7183,0
3013,3520
2758,3613
0,6468
5526,0
0,5816
3075,3034
0,3483
1859,0
5394,8421
6573,7786
7154,0
5920,0
5826,5586
3999,4643
0,6389
4476,4890
1341,3480
0,3814
5736,3409
6052,5632
5032,0
0,3829
0,6591
0,6214
5253,3818
6143,7442
0,4590
8487,8452
0,2587
0,3415
4527,5286
0,7050
9165,0
5857,5491
4615,3613
6234,6400
0,6111
4591,4288
3090,0
4841,0
999,824
0,6511
6486,8610
5567,2160
4236,3999
5605,6075
5740,6657
7490,4786
303,0
4619,4281
0,6973
7019,8917
8598,7356
7792,6490
4633,4300
5381,4290
5632,6009
6164,5794
0,2947
3704,4597
7071,6846
7314,0
0,4569
7240,7597
3327,4510
3272,4299
0,7765
2362,4711
4585,0
0,3332
0,4469
2598,8130
3305,3154
3823,6288
0,4966
7119,6457
3002,2233
7292,6952
1833,0
3353,5802
6740,0
6997,7466
5481,4331
4147,0
3812,4768
8690,7349
6253,4036
1904,0
8311,5736
6819,8131
6763,7264
0,1185
4933,6467
1102,1136
0,6474
6791,5648
3307,0
3449,3325
2618,3715
6877,6030
0,987
5782,8294
4290,3634
0,5719
3145,5090
6800,8102
376,437
2758,0
3244,2255
7278,7209
2747,0
0,3769
0,4860
3391,0
4297,5683
3909,4730
0,3434
2913,0
2738,6383
3900,2947
3394,2750
0,5396
7527,7452
5494,0
5526,6320
4549,2009
4809,4638
7142,0
0,1426
5303,6738
6805,7096
0,4256
0,4776
3631,4666
4507,0
3100,0
0,2268
6712,0
2982,2301
5996,7800
0,1690
0,3302
2542,3268
0,7139
0,2532
3167,3202
5458,5159
0,3480
0,7714
1635,1875
1531,2285
0,7049
8702,9277
8379,6801
4366,4888
4630,0
0,8041
3764,4091
1957,5911
4549,3976
4760,3733
0,7608
0,4036
6180,4996
6362,2434
3175,2285
4666,0
3081,0
0,7639
3761,1792
3723,0
5552,4314
0,1464
7383,7150
471,0
7256,0
2565,0
6128,8097
8305,0
2830,4672
0,9372
0,3400
7267,6557
0,8274
5020,0
0,6663
6351,6966
8152,6935
0,3896
4577,4087
4296,0
7925,5399
7231,4549
7868,8615
6241,3771
0,721
2189,4210
1747,1752
0,3028
5676,4115
3781,3987
0,7452
5279,6687
3049,3143
5225,5502
3945,3285
4684,0
0,3159
2496,5739
0,5936
4689,0
6224,4794
0,3908
6647,0
6886,7095
6377,0
2335,2204
673,0
6451,5932
0,4165
0,3334
0,6265
5240,7073
4121,5148
5066,6978
4217,4074
0,6271
7717,7137
6054,3055
7080,8151
0,4086
3672,0
5731,0
7363,0
6546,5900
8968,8037
7361,6629
2744,0
2691,6160
8940,7138
0,5827
3549,0
0,6793
1061,1010
2390,1932
1684,0
2665,0
2799,5633
8445,8651
3929,0
5117,5534
6541,6475
0,4495
4829,4227
6972,6974
1921,0
8282,8384
3762,0
4510,0
8215,0
8411,8356
0,3641
0,1246
5183,6503
8659,8806
1233,603
6706,7047
3239,3071
3652,2848
1272,1031
0,6177
4494,5685
5319,0
0,6337
9529,9551
2601,2148
0,1963
2605,887
6358,5565
7114,0
8853,0
4876,0
3058,2368
0,4723
0,1611
4188,7359
9093,7565
5982,6848
0,8104
3842,0
6054,5451
0,8437
0,2292
4533,3622
6186,0
0,5844
5334,0
2106,4747
3030,2583
3834,3985
2172,5606
4077,0
1265,3106
0,9006
3519,6147
2442,6341
0,1310
6741,0
5525,3596
3083,2082
5445,7153
6243,5143
8618,8054
1764,0
8334,8958
4016,3668
1940,1971
5757,6736
6271,6416
7468,7119
0,8367
4648,0
1474,1524
9615,0
6361,3448
5985,6145
5845,8254
5757,6849
4130,3319
5866,4589
9674,9827
0,3907
5330,3527
9512,9559
2712,6609
5873,6354
2738,2953
1358,0
0,6986
5068,4624
1228,2691
5069,4991
3518,0
8293,8075
0,3105
1240,1338
6696,4059
7626,0
0,4742
8298,8450
803,838
6164,3143
4754,3769
2715,2954
0,9546
5869,5665
2382,0
2955,5912
1041,2313
4124,5578
6694,0
8321,8511
6314,4030
5364,6725
3585,6330
9843,9746
2069,1522
0,6020
3686,1631
9672,0
5587,0
3125,2891
2888,2767
0,8875
4583,2847
0,6871
7083,4565
7214,4044
6437,7574
3586,0
0,9111
3074,0
5438,2521
0,2621
5112,0
0,5643
4554,6005
1118,1791
4158,5209
4029,2734
0,1147
5001,3203
0,6055
6799,3866
1513,2724
0,3322
7449,0
0,6866
3618,7565
7586,0
8495,8705
6880,0
4790,6713
4692,5489
3442,0
5940,7503
6495,7332
5682,4672
7975,7470
0,9347
0,2551
6579,4552
4178,4360
5786,5928
4083,5690
1875,1858
5387,4285
3019,0
0,9567
2798,3745
8741,0
5773,6498
5373,8120
0,3663
0,3747
3345,6772
3143,6940
2228,1860
3098,5924
6069,6391
7958,6991
1583,2469
6106,1997
4327,7832
4913,6592
6082,0
2093,3310
2592,3102
0,7263
4649,0
0,7333
4800,2267
7812,7221
4175,0
4424,0
0,6959
5738,0
5216,3426
8259,8298
0,4409
3240,4540
4893,4167
4941,3777
2105,1453
6117,3380
5589,6385
2063,0
0,685
5088,7218
0,7633
4241,6157
0,7075
3299,5258
6580,3873
5212,5613
0,5180
4101,5062
6089,5763
3935,3002
0,5635
4592,3237
0,4315
6985,6325
0,6969
0,2031
3320,4139
7761,8803
2652,4231
0,3246
7964,8402
8559,8836
8559,0
3356,3030
9560,9699
3031,0
2816,3293
5031,4257
4617,3226
6550,7223
0,5809
6548,6385
4039,4810
8259,8651
6111,6758
6297,2986
0,6384
2431,3185
8321,7232
0,3790
4877,5211
988,0
0,3237
2325,0
0,7261
6784,0
0,6141
8021,0
4452,2819
0,7894
3293,2559
8656,6496
0,1897
4421,7428
0,4845
0,2986
0,8094
5389,4950
7716,6525
5670,7295
0,6621
0,6441
7079,6622
4737,0
4078,2881
7225,0
5185,2465
7704,7714
4749,7020
3040,2306
4184,0
0,7259
8572,0
2400,4219
7506,8207
6056,7495
8062,7874
6229,6010
6149,4384
4766,6691
5182,5740
3252,4206
3834,7000
5352,0
3185,2610
4535,5407
8786,8095
5480,0
0,7102
0,8764
6670,5629
7956,0
2007,1630
8093,0
2958,3458
5798,0
5125,6287
302,418
1460,1765
1763,2396
4785,7019
6229,8411
5486,4492
1121,1691
7305,3059
0,6379
4683,0
0,9074
1557,0
6732,7506
0,5850
1815,5083
8104,0
2064,8213
8178,5989
0,2735
5980,6647
8209,2860
0,3624
7912,4458
3321,5811
3298,1394
5308,4861
5146,3125
4826,4383
0,314
5514,2860
0,5454
0,6026
3134,4451
4143,2481
6365,5598
5587,2265
2742,0
2707,4011
2992,3517
4029,5243
3873,4157
5571,5469
6662,5195
5944,4427
0,5378
0,4976
3531,6266
8561,7972
0,7618
7890,8484
0,2947
4694,3565
4604,5853
4947,2327
2569,2556
0,4593
3897,3093
8514,7850
4123,5368
2818,2505
5123,3141
5112,3703
5086,2637
0,8151
7800,0
4668,4719
6022,6846
0,8008
5622,6729
4233,0
7517,0
6231,8369
2305,0
4299,0
3423,0
9480,9651
2220,0
7020,7169
7255,7096
6023,6292
0,5040
3086,3926
0,5426
2971,2798
1261,1102
8641,8869
6653,5143
0,1305
4683,4478
2382,2858
6054,6311
0,7063
4098,7069
2319,2537
0,7175
3033,0
0,9172
3584,5567
0,6623
3368,2171
8019,8349
6464,0
7386,6970
0,4877
0,5852
4919,0
2498,4048
7387,5801
3961,4287
8324,7395
6867,5571
5901,4825
5974,8205
4065,0
6481,5514
6908,6048
7227,5835
0,4645
6444,0
1491,0
0,6463
885,0
2302,0
2878,8204
0,5080
4274,0
6691,0
0,3157
5005,0
0,1878
0,2277
2606,2250
5244,5682
4871,5079
4032,6893
4021,7345
596,421
6654,0
1650,0
7819,9028
3243,2509
6449,0
7913,8073
1984,0
7517,0
5364,0
5829,6138
0,3475
5201,7645
5638,3732
4392,5814
8392,0
9163,9745
6378,0
4404,0
0,4256
7888,6932
3121,5003
0,4836
5727,6586
6764,5932
0,6547
5497,2662
2872,3273
4698,2321
1400,1149
4815,3661
5177,7213
6508,4600
5023,3372
6799,0
0,7015
2292,3964
9336,8989
2226,1411
0,1339
1229,0
0,7904
1863,2373
5814,4264
0,4437
3761,5050
8103,0
2560,2408
5945,4761
6982,0
8198,7639
0,7152
3839,4590
0,5594
2485,4525
4736,2391
4973,5234
0,4064
5029,5758
3208,0
5484,6274
2587,4347
6901,6368
4403,7260
6773,0
4633,0
6937,0
7342,0
7414,3672
2501,3775
0,3714
7155,5651
7746,8772
5922,7253
2032,0
4527,0
5167,2697
0,9381
8963,0
0,5902
4351,0
0,7656
9067,0
4179,0
0,5789
3750,1809
3155,5953
5278,5137
0,8157
0,1857
1265,2234
9694,0
8904,0
5365,2234
2803,1701
2497,0
2159,0
0,7044
1864,2967
8797,5616
4576,3914
3573,3118
0,5208
5146,4788
0,2653
4887,5779
0,2896
5741,0
0,5897
6114,4089
0,7922
0,4698
5961,0
3719,5719
7212,0
2913,7032
0,1721
1127,1192
1324,1518
0,8094
0,9236
1772,4810
4351,4516
0,3868
6425,4968
4885,6706
6821,7931
2426,2138
0,6779
7117,6517
4108,4167
2371,2648
7030,7391
3295,0
5127,5721
5305,5880
5248,4938
6507,4940
3268,3918
6153,5031
2457,2567
6277,4328
0,5996
5506,6252
0,8550
5935,3550
8193,7406
1187,1298
8237,8270
7691,5514
1513,4264
7816,7020
2561,4105
4923,6342
0,5637
0,2885
7527,8073
1373,1506
3344,2535
1573,3599
0,6686
3642,0
7100,0
4552,2552
0,2779
0,4203
0,7791
4135,5681
5049,0
8681,0
7325,7110
0,5789
4564,0
4762,0
0,1029
6133,7180
3882,0
8782,6620
3873,3392
1640,840
3238,5078
2062,0
1954,0
5347,6188
0,3409
4042,4337
5525,5349
3758,5875
8175,0
7830,8107
0,4356
7558,6551
5851,7572
7200,3433
2530,2556
5469,6925
0,3584
1912,0
4429,0
0,5564
8920,8914
0,7668
1514,2056
3743,4531
5055,5944
0,8793
3834,0
2415,0
0,5517
1548,2214
5801,0
5536,4644
4350,0
2953,1741
2630,1307
2143,0
3831,4294
2477,3127
6593,5752
5259,6918
5771,4880
5841,5260
5957,3454
9351,9461
9697,9036
7862,0
2293,0
3143,2633
6955,5998
6471,5341
7214,8449
8958,8795
7129,6339
1465,3329
5098,2673
622,742
3097,5006
0,2632
9203,0
0,2411
7094,7532
3325,4122
6446,5662
5033,5244
5879,4219
0,1869
3995,5573
6478,6553
4982,0
3373,2601
4800,3999
4973,5614
0,2995
845,1836
1841,2285
3693,5136
2945,0
7911,7736
0,5156
3699,842
6671,6972
5674,0
3927,0
0,7848
1162,3476
0,8527
3456,2208
0,5305
2894,4504
0,6511
5369,0
0,7411
2801,0
0,4224
6090,4132
8187,8294
7580,5901
2362,4857
0,5023
0,7483
1082,0
4621,0
8370,9185
5354,0
8132,6338
0,7227
6029,7063
8765,8129
2964,7068
0,2194
1681,0
2523,1256
7118,8698
3345,3579
