7000 2
3520,3833
2275,6768
7315,7603
8347,8069
5762,5728
9281,8746
4143,5894
5373,7590
1389,2416
8161,9279
3030,4041
1615,3359
6857,6536
2948,2886
2535,4033
1617,1384
4057,6080
5599,5241
5301,5309
2236,3249
1221,1198
3183,4588
5940,5573
5563,6337
896,945
4411,4895
4632,4171
4657,6636
4091,3908
3327,2182
5843,5739
6568,8688
9569,9350
6645,7511
3322,3960
6205,4109
3931,4994
3912,2896
6739,6804
5978,4632
527,1864
4845,3954
3304,1441
7271,5155
4926,6710
473,5124
4661,3994
7274,7217
4887,4235
7260,6242
759,1038
4274,5251
3709,3650
4857,5078
1470,1270
8256,5396
5076,7016
2806,3449
5143,6179
3873,3253
5041,2978
406,336
8387,8042
4613,1653
7060,6312
5656,3536
6632,7241
8296,5927
4100,3437
6605,6864
2671,4495
2126,1403
2006,6671
4750,5011
2261,2172
6571,3164
6294,6643
8294,4965
3699,2359
4973,4952
656,1149
4282,2917
1047,4569
4856,3599
7470,6314
3279,2192
3299,7661
5261,6173
2775,4371
7044,6089
4145,2138
8226,8256
112,158
7141,7880
7318,5784
5140,4365
1154,802
4038,7296
3589,3267
1375,1413
3342,2623
5735,7066
6591,3900
9127,7729
9128,8365
9009,9075
4811,6368
3575,3843
7066,7196
4018,7679
5076,6393
7273,4245
3033,2567
5964,3417
4148,5038
6729,8744
7977,8153
9406,8679
7322,4619
6836,3918
5717,6244
3261,6407
4809,3135
2858,2147
5131,4152
7460,7328
1354,2332
3965,6925
1684,1170
2495,2598
6816,6903
8643,9138
4249,4756
3553,4558
7512,7938
5371,7276
3074,3668
8856,7327
8012,6863
4099,4389
6699,5895
4873,4114
3289,3540
2962,3581
2601,2536
2005,1562
4180,3796
6123,7017
1901,1548
4878,4122
4273,3240
6334,6526
3550,5173
3330,4142
7290,5188
4099,2281
726,688
2441,7165
2424,2395
4873,4083
3922,5660
4905,4562
5292,6440
7026,5000
3877,5066
2537,4144
5427,6380
3518,7037
5738,5380
6889,5726
4066,6254
6946,7958
6008,6707
7309,6254
1818,1182
5375,4223
1276,8583
9767,9574
4341,3451
1362,2119
699,739
6386,5376
6736,7084
4266,4521
3265,5839
6729,6985
5567,4575
993,757
652,2876
1995,1283
8482,7718
3710,4507
5848,3852
8254,8492
5164,3083
2509,4024
8043,7818
5783,3744
9139,8926
3343,3015
4699,3289
7663,7111
7090,8186
2472,948
6181,7369
2277,5301
5891,7607
4201,4027
7721,6971
2258,3891
3730,4957
6232,5971
2236,2961
4907,3924
2640,3330
1812,1657
5585,6416
3425,6110
6403,5649
4279,3345
6599,4160
4253,5071
7487,7829
6207,6068
4017,4611
7520,7254
4464,2294
4726,6626
4910,2561
3284,3393
5359,6215
4307,2319
7544,7594
7498,6244
3213,1774
6290,4798
4765,3977
6651,2529
5166,6622
1539,2353
4179,6694
3955,6091
3506,5608
7203,6237
3473,6906
5934,6460
6632,6505
5439,2814
4620,6780
3177,7382
4387,5806
5264,6026
5372,5313
3611,5526
3439,2206
5835,3878
3411,2443
7412,7868
6450,6831
5741,4696
4456,5653
3309,4985
3800,2680
6773,7705
4549,4046
3112,2100
6379,5661
3014,3328
1329,2598
5668,7309
4211,6624
7866,8770
4821,5373
5819,5619
5889,6447
2295,2291
6439,3070
2730,6639
6408,2516
6409,7773
7748,3604
367,3852
5738,6552
2132,2615
5180,5889
2429,3330
6881,6257
8638,8669
3503,3587
6284,5988
7035,3676
4013,7629
2237,917
5044,1922
6364,6638
1299,1083
8467,8045
4222,3954
7155,2868
4037,7572
3409,5274
2439,2140
7294,5427
3473,5187
6280,5931
5930,4493
2634,3669
4358,6879
2802,1588
2870,2730
2394,2175
9692,9798
9196,8802
1607,2745
5657,3638
4223,1914
2419,2145
2993,2442
8941,7835
3386,4268
4888,4287
3193,6165
8237,7646
5571,6119
2692,4314
6935,6355
1643,3176
1072,355
3867,7841
3732,3906
4460,6010
5217,4540
3896,9093
1988,1497
5000,7248
8319,7148
1658,2252
6453,5722
6756,6211
5921,5030
7186,4770
3236,5371
6207,3773
4502,7746
4073,2443
715,711
5124,5214
6096,7072
1316,1362
4273,2208
2488,4911
6285,7518
4730,3622
3647,5595
6750,5841
4488,4264
4609,4544
4764,6039
5503,5648
2857,2820
3195,3240
2373,3265
2495,3249
9144,9375
8765,8974
7689,7011
3648,5426
6472,6385
8607,7658
6821,5519
4056,5335
2399,3331
7013,3603
1941,1019
4014,4397
1235,809
5917,5521
3209,2377
3773,2542
7190,7890
2789,4448
8711,8851
1284,1929
5527,6255
5977,7692
3331,3391
6190,786
5357,2472
5371,5858
3310,4216
2548,2029
7647,8228
1190,2511
2080,1604
3620,2277
2284,2239
3508,2694
5009,5753
3019,2027
3613,5980
1230,1714
8706,8147
6721,7462
3584,7125
7144,4709
2903,7920
4337,4955
3444,6622
5671,5081
8574,5684
8648,8206
8156,5778
3641,5801
1061,598
6621,6577
6684,6278
7479,7401
6762,5782
5280,4556
5074,6900
8185,7311
8580,9046
5608,3757
4692,3302
2734,5472
6733,7380
5085,5468
3718,3072
7502,3946
3844,3917
7207,6447
2961,3340
4592,4224
5981,7018
4830,6567
4151,4317
3072,3926
4210,2850
1334,2795
5418,4125
5364,4697
2151,7239
6183,6066
4703,3607
6752,7749
3721,3017
4612,4006
5637,4723
5846,6800
9111,8605
2363,2136
3972,4675
6431,7472
2822,4145
4085,6418
7267,4606
1846,4704
6809,7480
3275,2233
5692,7079
7001,7561
4358,4233
5054,4814
6615,4879
375,232
3304,5740
5975,5660
8088,9064
3933,2966
7708,5287
3130,3360
5478,2939
7415,7075
9511,9385
1411,1240
5015,7031
5230,6015
7682,5170
6096,7102
1977,1364
6217,3684
8536,8911
7321,7834
4205,3694
9496,9628
4600,6179
2423,917
2596,2512
7344,6042
5704,7567
3872,7377
3759,5362
5364,5305
1335,2795
7653,6057
278,378
1827,2843
2714,3894
8946,8801
2344,4208
1551,3392
3114,3789
4791,3346
7445,5780
5067,6077
1734,2737
4755,7874
2888,1919
3639,6636
6044,7065
6584,6351
4887,7854
3936,5793
7646,2607
8328,8794
1677,2243
4283,4987
1445,5512
4215,3732
6079,6301
6139,7736
5155,3364
5909,7724
5587,5280
4046,4770
8672,8987
985,762
7910,8600
5628,6412
8354,8066
7398,6614
2760,4576
9610,9311
5582,6132
3718,7373
4692,6143
4273,3727
6192,4318
7018,7728
3313,6221
7821,8045
5678,6444
4742,5539
4852,4661
4710,5756
4765,7348
5473,2766
9016,9237
1537,4020
5531,5675
7313,7607
7040,8353
8017,6456
4094,6788
7186,7797
2841,1311
2822,6460
4194,3689
5410,6317
8077,8453
6751,7821
9261,9476
2081,2530
3744,4721
1529,3139
4348,3890
6672,6976
2635,2154
8916,9577
4387,4295
3192,5462
7895,6448
6175,5097
2750,2654
4000,8345
6847,7905
6871,5464
7701,6664
5681,8325
1276,2567
5273,4228
8340,8079
5170,6780
4453,4154
7635,8305
3414,2261
1308,1372
5298,7313
3670,6618
8377,8292
5135,4458
8277,7858
7892,7877
5156,2614
1405,1970
2136,2791
8704,7612
2312,3810
5330,5268
8115,7566
5660,2783
5086,5572
5797,7297
5420,2763
3448,2619
5770,7191
7323,8233
4501,3289
5208,7272
4280,3256
5279,6280
4587,5843
7675,5753
872,1518
2687,2212
7037,7337
787,2181
4860,2436
1849,1358
6957,6046
7981,6292
4115,4400
9042,8722
2069,3247
666,719
4170,4731
3863,2065
1848,5191
7718,4537
5224,5171
4885,3499
8827,8987
7221,8055
3351,2749
4055,6490
5649,5283
6034,3633
7182,6499
7677,8161
5398,3061
2679,1247
7497,7082
5107,5379
1898,1423
6604,4322
8241,7235
4741,6814
4338,8193
1894,4220
2726,5553
5570,5974
3423,4347
1719,3801
2357,3337
7016,5698
574,364
6424,4974
8144,8909
8842,8687
6956,6442
6048,5474
4564,3014
7701,3901
8400,7476
5130,4825
4795,5397
4173,3164
7031,5669
5275,4280
3679,3099
5940,5692
4011,2792
9496,9690
8376,8937
4973,5356
6514,6077
3927,4127
2245,2583
7485,7469
3010,4641
5500,6399
4541,3158
4997,3327
6385,6633
8420,6011
4318,7899
7827,6531
5411,2913
5126,5044
1299,1468
2812,2886
3919,4493
4489,7621
6734,5056
3647,2803
5382,6762
1983,3662
9306,8764
1730,1748
1315,2340
4572,6116
2116,1503
4437,3756
6883,7309
8714,6934
1153,839
7244,4423
6974,2725
5760,4386
3214,2492
4567,4762
4951,6087
8077,8102
4955,2881
6656,6135
7463,7985
3933,6618
2852,5228
5707,2671
3354,5510
3848,5583
3109,5793
3602,1400
5140,4576
6977,5829
5307,6116
5118,1949
4054,4702
7741,6324
1703,2804
6660,5386
2554,2014
3262,5693
2015,3776
4732,4865
5342,5358
2045,2568
1240,4273
3864,2482
4301,3034
3214,3142
8500,7764
1140,1173
6450,6322
2392,1971
6272,5339
5409,7458
3210,1342
5449,8423
4485,5498
4117,6249
2401,2106
3178,1690
6192,4565
8777,8121
974,1011
5924,4333
745,1349
1484,1278
1404,4550
8565,9317
6158,7678
6205,3112
8600,8444
6569,7052
3526,6137
3337,6595
6073,4161
6948,3203
9509,9472
7957,6894
4061,6892
2406,3237
6708,4319
1644,1872
6338,6912
9163,9454
4738,3393
3482,3630
9195,9659
3259,5917
3975,5278
4948,6761
2453,2442
4028,2418
7676,7421
146,158
2823,4983
4340,5051
5942,6350
2376,2851
6136,7093
4147,4865
7627,3220
6610,7664
1515,573
3950,6484
4301,5986
2892,2525
5974,5205
4304,2628
4380,2012
7755,4089
4232,3344
6094,7324
4104,4040
4060,5435
3861,2834
1970,2354
6196,9235
5699,5840
6785,4224
7809,8118
6510,6424
5709,4471
6896,3598
7944,8458
1846,6363
2032,1827
2191,2459
888,652
5361,5696
2224,3491
3106,3008
1009,8247
7874,2999
5869,5554
2172,4948
5176,6861
2324,608
9738,9480
1649,1731
4638,6807
4694,1895
927,814
4020,5427
4607,4988
2955,4476
4777,4256
1798,1265
3211,5684
7526,6987
5538,6984
8100,8117
6743,7504
1057,1858
2291,3111
1118,2845
5496,4429
3162,1425
6384,3078
2955,6538
7851,8272
4858,7393
2816,1980
5633,6999
4983,7085
2577,5392
8133,8314
4356,7421
3936,2662
3801,2247
1993,3514
3250,4239
2852,3705
3932,6311
6274,6915
5406,5320
841,1109
6096,6713
4098,2849
4609,5299
2475,3346
9498,9306
3834,5792
4905,4375
6708,6523
9435,8566
3090,3885
3525,4003
3743,3555
5150,3519
1224,957
6948,3176
975,1633
7197,8154
4457,4144
4690,3438
5231,4162
6318,3959
5165,5368
3123,3654
8983,8829
5820,5411
6815,4935
6396,5222
1579,1363
3982,2266
7001,5498
5819,4825
4669,2524
6785,6674
7100,4367
4502,4712
4692,5626
2888,3746
4461,3573
7907,7288
8623,9467
3711,2861
1500,3404
7938,3805
5471,2570
8955,8807
4920,5155
3783,6286
3954,2033
1422,3218
1297,3145
8270,8612
7224,6481
2328,3174
2125,1915
4868,4383
7726,7953
7726,8358
4705,3575
906,1050
4664,8037
7481,8453
7145,2513
5622,7058
8218,3852
7680,7862
7174,3100
8887,9610
3072,2870
3336,4120
7278,7237
5659,6890
6760,6125
5302,3806
7285,6163
4811,4587
2896,5770
8539,7893
5604,8015
4839,6832
5906,4318
5555,4389
5203,5806
1965,4230
4858,3961
5431,3430
8495,7650
6474,3223
684,602
4386,4101
4097,4785
4652,4161
5303,4112
2887,5406
4515,5934
7517,7632
1908,2837
2963,1573
5561,7887
9518,9510
3428,5762
8023,4813
3380,6461
3690,4438
3887,3318
6741,8349
1123,1040
1307,3477
7633,7478
2751,2333
6409,3664
5883,4674
4865,6703
3703,3710
8206,7339
5608,7585
6260,6736
8299,8619
6322,6579
6751,7188
3584,4960
1361,2568
1174,664
8223,8373
3688,5281
2548,5134
6495,5740
4793,5497
5049,6848
7143,7558
6163,2281
4461,3576
8447,5288
6899,8422
6793,3060
4052,2527
8642,8053
8581,8952
7339,4903
8969,9167
8490,6809
5406,4988
7389,4219
6770,4799
4884,5158
6422,6457
2381,4202
4893,4789
3166,1773
8065,8325
1736,912
7698,7690
6069,7665
4511,6245
7792,8326
9450,8668
7600,7666
4744,5884
3608,3587
4454,5729
5717,7154
1713,1161
2719,2866
2521,1913
4975,5728
5786,2864
8433,8086
3868,1771
4922,4931
4058,7966
6580,5346
7363,6612
7749,7319
4489,5084
2180,2536
2315,3113
3228,3504
1465,1823
2748,1725
8007,6665
5712,5901
5139,3674
4265,4176
1682,2043
2743,4056
5565,2647
2295,5126
5949,7891
5638,6996
5109,6280
4667,6287
3873,2926
4022,5477
6434,7257
3134,4208
9051,8313
4935,6348
5034,5736
5579,7944
7011,8419
6105,4336
7573,7327
4475,6517
8562,8104
7555,2606
1717,3043
6974,7346
9293,8278
6438,7268
6315,6868
1393,2705
3538,4855
6619,6342
4832,4637
3518,1363
9026,8530
5687,4847
5806,2071
8662,8397
7197,8405
2957,2393
1480,700
4976,3745
1050,980
6579,5973
7964,8822
4232,5330
3218,7410
3961,6124
3472,2890
6540,6202
4868,6671
5555,2871
8086,5051
1109,509
3585,5801
2328,3826
6929,3813
6966,4275
4509,6400
5552,4125
4960,5800
8788,9095
5552,7683
6932,6680
7343,8399
2811,2969
4353,4172
5272,4504
5493,3470
5901,2218
9041,8301
8473,6003
438,932
9111,9315
7562,4781
5463,4647
5401,2051
2669,3199
4954,4851
1909,4552
8878,6209
657,683
2501,5191
6972,5603
2617,7519
3763,4675
3005,2446
4130,6441
9041,8892
6700,4217
2726,4712
4480,4884
5850,6604
5741,4374
3512,4483
5993,7959
1028,3198
6732,7862
3222,7794
4875,3119
6029,6775
8602,7642
6474,6308
6769,4783
6560,7947
1876,5100
5521,6271
4149,6709
7477,5423
7651,5342
3585,6299
3936,2985
4450,5924
7426,7604
7352,7556
6361,4179
7182,2184
8617,3527
6749,5113
4595,4591
7380,5854
6196,5317
4019,6424
4953,7201
7535,7067
6130,4173
4656,4902
3691,2921
5523,7195
9364,6886
724,723
6524,5832
1902,2446
6695,3495
1456,3647
8262,8493
5636,7657
2212,6758
4829,6175
3310,4487
4956,4452
8252,6160
2872,1536
5785,7292
2883,4318
4239,3516
6591,1518
5350,4040
7365,8558
2695,2008
1381,1333
2482,5497
8106,5178
7409,7160
4280,3470
8810,8709
4027,2227
3855,4350
4463,4795
4666,7548
6235,5498
3972,3946
4720,2995
6760,7866
3028,2222
3296,3178
9157,9170
2588,1583
8792,6425
6301,6406
4823,3102
3494,4639
1466,1458
4253,4608
7480,6692
4884,3638
4518,6459
4967,6903
3887,6079
8548,8218
3048,4488
7616,8903
7476,6667
3717,4983
3085,6067
4280,5541
3538,3029
6839,5120
4257,5655
5351,6546
5861,7591
6500,7033
2921,3428
5861,4086
3706,6782
3522,2945
3671,4446
6874,6864
3016,3083
4082,3938
3936,5561
4691,3824
3639,4654
4245,2863
4074,6116
3354,1445
2433,3259
9835,9773
3248,3206
2826,1604
6847,5710
5072,3644
4279,4181
1587,1489
8035,7051
7597,7438
3284,6437
6684,5232
5266,7274
6069,4311
2450,3466
3528,4973
7344,5621
1454,2033
5944,5379
5323,1035
2951,2783
4806,4320
5184,3017
3759,3699
4048,3713
807,775
7702,7993
6163,5278
9569,9416
7208,8730
4696,4571
5496,2131
2819,1841
3200,4818
2024,2457
4140,6601
3120,7458
7400,6298
8829,7441
5719,5770
948,758
6766,6486
2063,2776
3881,2336
4305,7377
7878,7285
5295,7394
2990,3057
7748,2079
3788,5794
3622,5152
3688,4498
2232,2627
3661,4050
672,228
5087,6637
942,1978
5448,6097
6433,6986
7443,5575
8238,6680
5327,5105
3331,6170
5923,4588
8627,6878
4993,4958
5254,5217
3396,7272
4978,7036
1858,2736
3276,3156
2747,3157
5736,4417
1417,1219
4470,6741
8467,6400
7275,8275
7050,2255
7453,7541
2823,4332
6613,3338
5876,7241
7672,7059
8039,5191
6743,3059
2239,1762
1180,4375
6411,7514
2204,3191
3887,4965
2584,6593
8763,8106
2678,3903
8652,6913
7043,8897
7506,8474
8962,7738
6872,3159
7065,6956
6185,6510
6378,6337
8084,5917
3578,2604
956,1667
3290,4881
4806,4528
2136,1355
7931,8773
1116,3570
4527,2116
3673,6383
6657,6984
7660,3626
4900,5699
2745,3324
5276,4087
3837,2205
5674,4070
7871,6302
4770,2572
3134,6278
5935,5904
3183,5608
6245,4261
6338,4864
8631,8208
5192,5495
6971,4046
4342,4588
1660,3992
8340,7936
3153,7027
3178,6342
6134,5403
2419,2914
6401,4578
1897,2271
6044,3678
7543,7982
4098,5147
6131,7772
4174,4404
6034,5725
4597,5848
7902,6189
88,120
3311,3270
1746,3901
5648,5026
964,2593
7281,6138
6623,7232
5957,6745
4809,5784
6872,7614
9312,8865
6242,7557
7476,4846
2271,4048
8986,8892
8633,6292
3321,5701
4240,2939
5399,4658
4388,6454
2372,3477
5526,6895
6934,7876
1183,2415
6414,5430
8925,8548
4870,2235
7222,2314
1660,2052
6246,5624
1854,5128
5991,6931
4773,5185
753,3475
8786,8098
1906,2460
8307,6694
4537,6961
3657,6620
2740,738
2054,5754
4278,5959
8250,9161
7111,6272
5995,2280
3593,8097
4890,4769
6507,7939
6306,6359
1795,7860
7457,4995
3880,5126
3530,6339
4293,2933
4524,5370
1886,3310
4768,4608
1394,2771
8573,9038
3608,3388
7918,2597
6249,6369
8252,4656
1851,2405
5798,4519
4055,5418
3964,4051
2087,5601
1104,1046
2409,2710
1442,1206
4538,4364
4981,4155
8783,8415
9441,9518
3594,5220
8149,7608
7731,8661
6545,1655
8235,8039
3380,1701
4753,5313
1674,1266
4109,4093
5221,7118
5412,5275
6687,6910
6947,6257
7345,8020
7285,7268
1649,2740
4055,4226
7514,5804
6671,6551
8513,8790
6292,5081
6217,7093
5561,3870
6014,3954
6659,4919
6259,5978
8868,9202
3472,2864
6933,4305
4834,2314
2032,1193
5849,2351
6577,7816
2700,1809
7599,2779
6576,7059
6064,6778
2753,5381
7900,7447
6569,3419
6034,5540
4582,1809
2659,4336
2639,4321
8017,5141
1774,2528
6182,7636
6538,3097
3925,3395
3015,1673
8554,7691
5199,4766
5781,4890
5348,6185
2947,2737
2856,3432
5637,7634
1901,2325
2193,2546
7468,7748
2846,5163
7898,9213
5559,4505
3507,4839
7233,6171
4280,5846
4110,4836
8070,8910
6171,6648
6237,6075
4696,3101
5215,2632
7139,7064
3495,6349
2473,3375
2901,1872
4668,6744
4590,3723
4950,6010
2856,4700
7591,7522
1734,1721
3716,5468
3561,3710
7169,4659
2029,2889
2184,4177
7451,6193
3038,2781
4854,3703
7824,7444
2746,2703
1032,2453
3054,2611
7463,6846
7296,7184
8999,9617
3060,2262
6944,6219
1461,2798
6822,6972
5130,4164
3520,5059
7782,8247
1521,1786
5667,4368
3934,5615
9100,8238
6406,5961
5790,5855
2744,5082
5465,4723
1735,3515
564,542
1601,4909
6260,7861
3546,2569
6801,8486
2708,8042
3477,2694
2335,2466
3961,4613
5614,5991
5104,7256
5253,6377
3215,6034
7109,6307
4319,2762
9202,8618
6074,9345
3522,6698
5829,3540
885,1413
5380,4523
7153,2004
1598,3340
1576,3824
3001,1894
5606,7762
4296,5994
5553,4744
1869,1839
3689,3742
4798,7313
1654,1093
5110,1766
5722,5833
6968,6470
8168,7376
4823,4549
7467,6782
7785,6851
7233,3554
5476,3600
4442,6349
5533,8759
5209,4064
4132,2527
3192,4333
1563,1188
3165,5825
3667,4334
9203,9133
4826,6228
4774,4909
4100,6181
5202,4036
6708,7535
9217,7164
6839,7594
6437,4979
4801,4653
2143,3031
7470,7361
5989,5916
5567,6634
6599,6173
2849,2050
3057,2923
3345,2399
2930,2735
5062,2476
2000,2669
3255,4501
8152,8939
4631,2974
2246,1354
4851,4765
2188,4857
3233,2239
6407,7977
5768,1504
6441,5944
3644,4012
6462,4604
3747,1712
4951,5734
284,1526
4086,7725
5353,5203
9379,9218
6230,4629
7499,7835
5064,8427
3578,3060
9537,9563
7447,8365
6146,7073
1754,5531
5784,4141
8305,6971
3714,3618
7137,3569
5904,5626
2369,2075
6422,5966
1377,2431
3593,4789
7025,8089
5458,7514
8686,8421
8604,5405
5397,4133
4792,2974
2772,3917
4399,7118
6969,6117
5228,4863
4672,5601
8894,8728
1669,2757
4990,4745
6086,8669
2886,4639
6680,6985
7910,3713
7225,5585
1483,1231
6355,4662
2904,2376
5354,6260
5208,2090
3237,4848
2886,2042
2830,5199
2139,2152
7751,7658
5698,5798
6399,4933
2778,7295
3001,3032
1272,1723
7328,6058
5198,6426
7563,7031
3804,2841
3236,4180
4026,3580
4737,4141
4287,7758
6831,5874
6900,4711
5186,5652
4210,4706
2104,1820
6128,4354
8740,9319
4056,6355
9410,9273
2859,2907
6780,4288
964,1268
2451,4467
3921,5976
3165,5993
23,19
2496,648
8892,8345
1736,3632
8941,8340
1475,1295
7971,8578
8705,7081
1434,2833
6339,7376
2508,2092
3899,3291
8769,8620
7772,5426
5889,5276
7470,4407
7034,3119
3470,3702
5249,4415
1712,1787
6635,6024
8327,5490
4055,1985
2144,7278
5036,6402
2586,2039
5536,7585
6858,5134
6440,6056
6477,4524
5131,3927
5697,3694
140,170
4826,3726
2819,5181
7073,6172
4692,6771
4803,3943
7653,5681
9540,9163
4796,4270
7977,9016
2634,2287
6197,5504
7050,5449
2841,4865
5314,2836
6111,7331
8374,7947
7583,7675
4390,5118
4865,5153
2319,1512
5604,5839
5282,4987
4368,6230
8646,8019
6378,1597
9866,9909
3101,3310
1286,1065
5906,3993
5464,5162
7741,7916
5589,4794
5291,4057
9219,6871
4763,5408
3628,3982
4222,4500
8728,8529
4119,4050
4330,1296
8944,8115
4614,3700
4399,2729
6047,5734
2258,2443
4542,6496
1333,2935
8824,7883
4879,6108
5751,3665
4199,4102
7374,7927
3963,3408
4101,5750
6919,6370
7313,4230
7722,6876
2953,2924
1876,1601
3002,4999
5405,5375
7631,6080
4640,4457
5459,3726
2975,3546
1873,610
3063,6391
4813,4652
6788,6879
4413,5119
7152,6653
6385,6203
3747,5138
7011,6238
4223,5779
9752,9757
646,484
3542,8459
6942,6800
7075,7453
3041,4458
4534,3594
7834,7009
8350,8649
6125,8162
4459,6219
6533,6080
5211,4818
7901,8013
5100,7277
1508,1300
6763,5044
7791,8015
4254,5019
5355,7582
316,245
884,1579
3073,5423
1447,470
9496,9249
7776,6349
3521,1836
2946,3235
5780,5137
2929,2112
6100,6938
7431,7621
2976,4947
7733,7114
4253,1591
2951,3692
5646,6225
2189,2892
7957,3354
5500,7208
3140,2677
8286,6001
5164,2604
3390,2073
703,591
2300,6896
7169,6122
2082,2709
5303,7003
802,2344
3856,4228
3311,2280
6584,6834
8346,6008
752,5409
3952,4364
1724,4553
4290,5715
2929,2535
3188,1109
3407,7948
9196,8944
4726,6513
6091,4374
8526,8590
5516,6652
5952,6563
4624,5957
9110,9101
5986,6135
1269,1820
5681,7354
5016,4189
7497,7190
4733,2992
2733,3298
8149,7766
4968,5617
3205,3178
9312,8318
5405,4746
6360,5714
4972,4306
4819,3043
4921,3758
785,956
8264,8384
7099,7459
138,128
6667,7021
8355,7515
5331,4549
7491,2578
5045,6701
7922,8290
931,1522
4407,6098
1449,8148
8165,5450
4230,5231
5601,4172
1625,3169
2479,2094
5678,6733
2877,4224
5201,5674
2255,1347
6011,2187
6487,3553
7216,5341
2683,2399
4888,5640
3039,2596
1903,2446
7729,3527
8864,8937
6965,7569
1437,2081
6253,4061
8570,8855
3423,5908
4343,5849
7625,5338
1633,1875
7597,2564
7156,2487
8534,8006
7686,6548
3274,3721
8801,8346
6985,6804
3016,5379
4647,5513
5868,5833
8715,5941
4646,3331
440,736
7724,7096
8104,6203
7652,7257
2875,5298
5133,6430
8907,9372
7453,8788
2584,6267
3392,5070
4727,5880
3403,5061
1997,2325
7248,5693
3011,7446
4072,3171
1051,1578
5101,4957
6488,4073
1795,2146
3332,4839
7915,8664
7654,6236
1786,3289
4572,5619
4482,2236
5955,6133
8545,7977
7519,8475
6646,4060
5052,7057
5619,4852
6973,5968
5845,4426
4910,4592
3242,2616
7190,7161
5490,5187
2033,2519
4263,5479
4460,8170
4833,5418
5029,5543
7211,8670
4133,5576
7180,4478
8253,7456
3131,4277
5341,6093
5532,4056
6944,7269
5847,8352
8384,4737
2051,2202
7301,6750
8110,5565
1633,2715
6332,6575
1747,1283
5794,3918
7560,2246
5714,3929
8102,7680
6815,3920
2769,6092
6625,3176
462,853
8965,8284
4213,6797
2484,1664
5213,6278
3342,4242
2620,3607
8416,7332
6643,2445
6596,3471
6881,7089
4170,4584
7369,4264
3914,3232
5259,4666
8242,6631
6742,7484
5428,5455
2271,4679
3712,6386
8728,8745
1609,2041
7081,7699
2556,1744
3004,3905
4794,5845
2021,3433
1281,2388
4756,5643
2156,1614
944,579
8308,8865
7437,6670
8653,6103
6281,4675
8542,7386
7210,5665
3685,4443
5355,2222
4357,6331
5756,7344
5104,5296
2352,3890
6959,1641
2229,4775
4610,3036
3867,5509
2046,1941
6421,6473
5023,5166
5816,6179
3668,5173
4221,3008
2475,5464
3949,4886
2622,3943
3820,3299
4164,4483
2691,2867
4660,6178
1823,1351
4704,6015
5142,2549
8240,7337
5289,5038
7824,7440
6667,6494
7569,8376
7323,7845
5612,6978
5000,5485
5503,7094
8731,8959
9944,9759
4495,3391
2049,3781
5782,6559
3042,1545
201,629
5723,7049
3217,5771
9706,9754
2506,3325
8094,8489
6715,7807
5691,4461
2416,3890
4783,6654
5066,7206
4848,4474
2338,1765
2905,7039
6542,3560
3454,4267
4765,3483
6294,3441
3147,7418
4748,3800
4104,2066
6500,5953
5776,5452
5058,7515
2872,3872
6400,3543
1662,1856
4041,6595
6449,6355
7548,8157
4791,6683
4830,3504
2647,3398
1615,647
6330,5133
6054,4426
7868,8503
7495,7954
7105,6793
5613,5399
4148,5003
5076,4476
8751,8370
5290,1375
4586,2504
7607,7807
1771,7227
882,748
2415,1825
4363,5198
8786,7360
5788,6288
4662,3156
594,675
3124,4871
2982,4453
6234,7831
3675,5060
5529,7519
4146,5614
2566,7068
6465,6938
4485,6362
1824,4383
1946,4241
6395,5203
8434,8353
5997,6079
5296,6249
3081,6049
4470,4296
8557,8589
1181,755
2341,6486
1896,1955
5801,3085
5717,2759
3146,3799
1481,4239
3266,6481
2354,2088
4308,4503
2495,2812
4553,6447
6870,3739
8283,8597
2438,4414
2466,1926
3804,3304
7161,7574
6592,5155
9046,7583
6349,8283
3660,3819
6051,7261
4396,5679
518,1148
3941,3635
674,325
7801,8509
4552,4452
4107,3675
6788,4226
4354,4751
5714,6065
3568,4956
7555,5927
1549,1360
3648,3467
8728,7948
2659,5253
2064,1688
6997,4477
8699,7946
6869,6853
4280,3386
1375,2403
2761,1636
7317,6958
3700,4230
5208,7259
4306,4171
2095,2819
3614,4647
6222,7452
7033,7760
6129,5198
8130,4414
5766,4069
4827,6355
4256,3530
4963,6877
4399,4779
5456,3239
2940,4273
9150,9109
2277,3474
1451,1062
6233,6386
6702,7451
4454,3369
8505,5496
3507,3115
1566,2054
4254,4097
4911,7167
7791,8422
3928,5442
4714,3112
4303,3595
7558,7357
5926,7579
342,343
2224,1487
4603,3360
4254,5485
3448,1728
1763,2573
4020,4097
9001,8258
4049,4798
4840,6600
6162,7395
4931,3477
2582,1148
6035,8333
2643,2039
8288,2825
7227,4570
3758,5966
4505,2781
7765,7926
5533,7041
4400,1519
7523,4576
1593,2107
2813,6798
4237,4116
7817,7271
5359,5476
5918,8230
7761,7496
1605,1005
7350,6376
4625,3105
4210,2658
4385,5576
6757,6641
2124,2000
9025,9056
5347,6802
2494,5712
7883,7324
1582,7081
8034,6784
9533,9631
6590,5276
6299,4392
6173,5852
1122,1275
5706,4753
3883,3541
7153,7944
3244,3460
4451,5281
6223,4012
8852,8998
7002,7108
5817,5546
7302,6348
7700,3537
2984,7382
8574,8413
5442,7026
5249,3427
3674,1564
2478,6196
7326,6161
2889,5948
6549,4943
3510,3846
7638,7250
2785,3986
5656,5955
8493,8481
3153,4924
6125,3421
3372,4571
1552,1908
2660,2682
7077,2164
3470,5290
7666,6657
3088,4262
1471,2823
1325,2863
4937,3539
4210,4436
2922,3660
3918,5546
5055,4727
4206,4179
5537,5322
4350,6329
5405,5532
7828,3121
6124,5026
2533,3623
8445,7498
8589,8587
4480,4879
3145,2386
6122,4200
1635,1519
7164,5389
4189,4191
6910,7900
8424,4275
7817,8312
4339,3902
5639,5515
7162,5128
5888,3303
7066,7401
4310,4044
2525,2738
6040,3674
7982,6651
5184,3561
5071,4867
8291,6639
3916,3974
9462,9577
844,1110
2051,3574
5580,3336
6611,7536
9006,9129
9588,8962
4636,3749
4739,3156
6239,7262
1285,1165
6108,4873
2499,4452
4963,6736
1264,797
6620,3291
2436,3897
6357,6359
7957,7690
1800,1758
4371,5045
3073,3771
4553,5180
5790,4323
4857,5548
9357,8107
3227,3122
6988,2673
1917,3126
4242,2113
6211,7597
8714,8761
2653,2683
7353,8513
3430,3668
5728,5452
5675,4656
7204,7679
5585,7042
2936,6303
7950,3105
7957,6514
2479,3050
7408,7938
5590,8386
7725,7220
4520,3226
5192,1696
2182,1506
4098,5381
7778,5071
4354,6190
5680,6402
3902,6298
3676,5898
8089,5367
4751,4393
5955,4487
1277,1945
8222,8040
5258,5192
5968,3795
5274,7333
5293,4653
7593,7814
859,1574
6574,4194
4385,4684
6058,3321
5051,4368
3756,5640
7374,3485
1488,1295
5737,5610
5265,3101
1405,3277
7797,7061
625,540
7566,7755
5665,5640
4845,3505
5398,3365
3397,3521
3751,5569
3780,7485
8164,6067
4912,5513
1940,3069
6336,6943
8147,7579
4116,1645
3113,1818
8484,8487
8061,8889
8259,7314
7958,7906
6001,6246
2756,4409
6195,7200
6749,8690
4193,6251
8143,8764
5731,6621
3193,4702
2808,6279
3864,4670
4983,4604
7952,6152
4847,3480
8374,4937
3886,5613
5877,3726
254,311
4577,6211
7022,5729
5155,5074
7475,8806
4518,5882
3186,2316
5536,5859
4772,3028
8917,8849
3204,4237
5597,3617
2778,6819
5361,5929
4228,7100
5420,6154
802,858
3173,5497
3787,2791
3911,5694
6444,4434
4851,3507
5213,3726
6567,6455
2902,2100
983,655
1554,1853
5650,2635
5052,3535
143,121
5488,7819
3623,4761
2102,2382
3936,4462
9083,9030
6579,6372
2608,3931
5322,4069
4468,7535
6984,6549
4952,7479
4085,5233
1346,784
1426,3770
155,273
2997,3196
8651,8062
8676,7463
3266,3181
4307,6416
9023,6973
5510,5047
6896,6066
3806,3507
4490,7336
6727,5785
5148,5440
7991,7776
7326,6755
450,1595
1912,3967
6639,6087
3031,2702
7207,7706
5109,4412
8079,8546
4396,4954
5846,4982
4067,5827
3202,6198
5687,6973
906,836
9078,9066
4519,3560
6183,5934
3787,2562
8497,8149
2435,6212
2777,2225
1805,1420
8655,3721
8867,7668
2657,2170
6558,6895
4311,4847
3400,6998
7165,5211
8390,8452
2016,2248
5865,6986
8633,9361
8322,8567
2176,3164
6145,6017
1907,4805
1362,1721
5716,3487
9473,9670
4926,3746
2184,1706
4461,2964
3782,6659
5102,4331
5495,3778
1903,4362
1860,1206
3903,2362
4687,7412
5806,6716
1567,5255
5795,6490
4086,3240
6744,7592
6649,6884
4553,2922
5901,6083
6621,4286
4908,6810
1225,1914
3755,6792
2672,3042
5917,3155
6751,5754
4153,3388
4994,4154
2313,2302
3270,4866
3772,6249
3292,3873
849,672
281,328
5043,5957
8759,8886
633,822
5148,7158
5810,6211
3420,3197
5669,5117
7761,6577
4825,3752
6930,6698
2250,2937
1329,1329
7451,8948
2545,6308
5583,5953
6345,2838
3913,1293
3031,983
8389,8664
3904,4000
6547,6421
5963,7679
2443,5638
2538,5789
7289,3280
5426,8433
3442,6921
4324,5093
9152,8886
6243,5133
5903,4677
7450,4703
5685,7934
2860,3826
5678,3085
5361,5501
8887,8270
6130,3249
4923,6378
5257,6260
9284,9419
6485,4219
3101,1551
5414,5943
5333,3896
5397,5494
5684,4841
2339,2503
5918,1337
2486,5920
1747,1015
5417,4889
6004,7207
1778,2626
2687,4462
4031,4838
5251,3599
2079,2623
6626,7042
3061,3306
4989,2496
1002,2745
2673,3511
4349,5257
3368,6490
7327,7789
4220,6213
6774,8665
6201,5972
7852,5887
705,935
8799,8099
2802,3430
9162,9350
9214,8193
4752,6600
2924,6489
5930,4970
6541,7379
3651,3883
2874,3090
5490,4637
6347,6163
2420,3391
2438,5095
4421,4809
662,393
4685,6262
3533,6548
2865,4871
3687,2047
4457,7257
5400,1779
7273,6538
7472,5865
7647,8015
4444,6936
7449,5192
6420,6333
1994,5447
7380,6694
7997,8019
4223,5051
2551,1141
9030,7245
7785,5977
3032,2688
5693,4369
1838,3192
4615,4346
2164,2306
5772,4107
942,1365
7276,7029
6140,4629
7539,8272
1653,6529
2059,1849
8738,8292
8409,7613
1540,1639
6289,5299
5294,5044
5964,7453
8280,6965
6669,4288
7763,7003
4888,2606
8221,6481
2060,2052
3198,2796
2657,1625
6493,8311
2474,2072
6020,7081
7966,6110
5193,8668
7371,7359
3838,3657
2400,2062
3739,5936
3756,5072
2059,3409
5272,2113
6863,2259
8451,8387
3596,4591
7432,7816
4970,6187
3364,6144
5649,5740
5685,5313
6972,4894
7146,8029
5930,4072
1716,2180
7808,6041
1578,1431
7474,5610
1957,1480
673,6835
6731,4727
4634,7106
7373,3075
4615,4163
8559,9103
6083,7612
3255,3770
5618,5270
5301,5983
4170,4092
7884,9086
5164,5128
4810,3699
6870,2448
1438,2882
5265,2035
6475,7111
4746,4420
1958,4615
3266,2883
4158,5975
5877,2846
6151,4987
7479,7641
3998,2600
5900,8169
7849,7414
6012,6080
7546,6912
4047,5863
1495,2093
4652,5187
6988,5850
6822,7728
7673,6332
4597,5690
5176,3677
7371,7447
7390,6359
6450,4538
901,1138
3375,3182
6323,6480
3069,5412
5452,3402
7557,5987
3782,4492
5949,5747
7563,3645
4253,3935
3371,2358
8732,6790
2494,2402
4003,3456
4114,4108
1480,3583
5228,5254
4545,1918
1566,3861
1470,4269
6692,6955
3193,3344
3376,2988
3337,7376
4999,3779
7514,8049
6323,8726
559,680
6384,6135
7123,6069
1425,1385
1865,1886
7873,7485
4516,5449
2010,2788
9331,8704
2376,3359
1510,2422
4139,4321
5994,5735
7099,2537
5831,5706
1462,1808
6826,5724
4677,5867
1230,1007
4226,7419
9782,9809
5238,5422
4100,5937
4744,5551
7713,6335
5823,4747
5649,4589
4791,3869
4106,5363
2138,2334
2425,5022
3195,3697
4488,1913
9231,8948
3436,4426
7558,8875
3861,4848
6229,7155
3936,3797
7351,8654
1557,2776
6921,4458
4714,2944
4955,5766
5884,3595
6773,4220
7124,6230
6873,3130
6672,5167
6362,4295
3663,3827
9459,9460
7646,8165
2146,4312
5376,4307
5019,7235
2840,1885
2602,4938
5046,6329
6592,6869
3763,1495
7636,1243
3852,5426
5963,6238
8803,9459
5138,2702
3141,8343
4781,4094
1552,2565
3751,3588
3559,4364
8144,8063
4979,1994
6842,5880
1987,1511
9427,8853
4204,5745
8627,9084
1329,2184
5259,5287
6151,5932
5949,3658
6702,4395
6402,3270
5115,5101
8201,6772
4767,4704
5358,2730
1629,2718
6032,4336
8867,8278
7259,7275
4066,1898
6918,6703
2808,1582
7792,3372
4194,3856
3544,4181
4071,4906
7466,2694
1398,1712
3602,5272
6540,4857
5951,6576
3002,3680
8107,6417
2448,1697
5462,3840
8086,7154
6778,6047
1801,2045
5537,6567
5363,8391
2868,3026
4423,3558
1701,1337
3061,2543
1387,585
9336,8671
7078,3421
4425,5230
5012,4146
918,516
7584,7829
8069,6790
5527,5441
2748,2116
5171,4915
6589,6442
8093,7653
5354,5962
7737,6952
4117,6339
5359,2910
8680,7353
6147,2218
5781,2716
2304,2729
8596,8147
5612,3779
3998,4805
6143,8608
3375,5028
7395,6478
3691,2475
7434,7847
8193,7871
8071,8923
7392,7216
5235,5680
3222,4542
5677,7048
5092,5073
2812,2597
3539,5338
4536,7027
3548,4955
7807,5526
7703,5802
4129,3168
4975,8372
3749,4102
1206,3272
5955,3830
1699,2688
9745,9731
3386,4891
1504,2445
4643,4281
5518,5365
8389,7771
5787,6335
2588,3898
4441,3143
6079,6041
1816,2607
7578,5426
5909,7603
2853,7656
4232,2563
8604,9325
3765,5479
4415,3826
2439,1428
3873,2428
7854,7306
7430,7544
7528,7415
5569,3180
6551,7861
3364,4723
5477,6797
2867,5669
5255,5596
5358,5268
506,528
5315,2771
5748,7130
1974,2245
4956,5127
8470,7998
2875,2661
5267,6941
5284,4532
3130,1673
4012,2649
7852,8622
3903,6434
5249,2828
3498,2718
3718,5765
4904,6114
5306,5759
9059,9070
7577,6752
6716,4286
9780,9712
8314,5340
6852,5253
3853,6587
4882,4971
5852,5217
3094,6151
6699,5997
9134,9263
8185,8332
6739,6692
5180,6048
725,636
6894,5332
1578,1122
4968,2515
6123,6732
7232,7346
3766,3630
3067,2743
6786,2114
6572,7500
4773,5246
343,604
7067,7129
2565,3858
5021,7952
2901,3765
4236,2880
2853,2912
1694,4385
7882,6385
6427,6312
1212,2013
3654,3351
2363,2173
5692,6417
5044,2217
6568,4739
9582,9638
6821,6500
9108,8160
8045,8037
8396,4643
714,542
3859,2513
311,404
4400,3374
2790,3702
6724,4450
8592,5153
5072,6392
8257,8771
5641,6933
1878,2815
1530,2530
6191,6053
4346,5638
4183,3602
842,1199
528,960
1290,1464
2864,4277
3748,7196
4043,4983
6063,6717
6998,4906
4680,5373
1789,1555
5577,3912
8018,6730
6233,7119
7383,2913
6639,8387
1701,778
4729,2217
6037,4995
3828,3556
8833,8838
3042,1839
3679,3638
4866,5559
5912,4904
7199,5627
1779,824
1466,1752
3558,2871
3030,5706
5661,3554
7711,7789
7194,7175
7105,6235
3438,4754
413,279
2214,1532
5388,5015
6541,3434
4963,7442
5102,3291
3376,2673
733,474
4670,6237
3062,1361
9026,9006
2471,3488
6479,4148
2938,5776
7019,6661
7133,7957
6491,6972
5043,4711
5244,5956
5195,3280
1087,671
2744,2481
5057,5014
1621,2781
1116,1586
2086,2162
3757,4537
491,862
889,739
921,1425
8188,7150
7054,7797
4016,2898
5990,4135
5428,5693
4298,2248
3391,4111
2047,6055
8035,8608
5770,6692
7813,7644
6991,8031
9493,9712
5006,2977
6432,5450
6905,7159
6891,6018
2233,2698
8690,8648
3573,5525
1107,1617
9229,9233
4822,5237
4395,4111
7043,3624
6547,7889
6345,7451
7123,8359
9319,9367
4548,4411
2022,4497
3627,3749
6381,2587
5967,4815
1491,2385
6952,2497
6098,3181
1807,1459
7502,8358
3619,3054
3999,3379
6291,8339
2929,4166
5587,5208
5192,4832
5609,7177
4888,4742
6579,2446
3170,4100
5568,7845
5626,6252
7032,7083
8592,6504
4992,7672
4330,5689
4511,4537
2428,3972
2127,1548
4822,2930
4273,3879
3461,1324
6980,7474
6368,7621
2968,1390
4291,6949
1652,679
6460,6096
9227,8874
6692,6183
7395,7683
2537,6086
2806,2088
4685,7671
8954,6718
4669,4106
2399,1072
4466,3400
8680,5072
6288,5889
5898,3281
2246,2533
8022,8532
6246,5535
6452,3453
8825,7225
8696,8951
5845,4998
1741,1275
3575,4375
9074,7320
5640,6922
2500,5957
6922,7292
7761,8268
8497,7022
8106,8583
4841,4742
1548,4397
5463,7279
7104,6020
2387,1879
2962,2200
1704,1272
8973,8692
6051,4534
2884,5884
2067,1686
5837,7339
5079,6488
1963,1406
5068,4609
2242,2781
1859,3220
8988,7928
3246,3667
3630,7009
6714,5033
2991,4825
7054,5486
8408,7998
5222,5958
1674,1871
6122,4431
2175,989
5977,5926
8243,8834
6403,7775
2872,2531
9653,9167
4319,3718
7034,5157
2357,3593
6795,3473
6358,7634
4195,3870
1579,2608
7650,7580
3203,8150
5684,7309
866,1166
3255,5370
4412,2836
2451,2039
2464,2410
9588,8706
2270,2131
3530,3333
8929,8444
8946,8011
6273,4031
1573,2711
2950,3913
4351,8173
8150,4381
5461,1526
7448,4392
6175,3402
2406,955
6296,5409
5210,6121
4079,6241
5046,5398
1717,2517
4336,3597
7659,9158
4960,5284
3945,6090
5692,5099
8698,7042
7464,3136
7676,2881
3435,7687
7269,5619
6096,7058
2517,2653
5492,5572
1802,6447
2057,4005
8615,8071
3224,5779
6685,6336
7605,6740
2123,2338
4976,5083
4975,4011
4268,2104
1190,1353
5167,7196
2803,3145
3676,3114
7681,7922
4493,5093
6053,3477
5101,7544
7626,7794
5779,5742
1459,2739
7001,4951
6232,6918
6179,2051
5950,6662
2984,2750
826,1098
5533,4832
7126,8307
8159,8161
2459,2275
7290,6677
7665,6536
6590,7380
9098,9289
3103,3058
8065,8597
4655,5965
2278,6632
4678,4445
5799,6716
5751,7205
2200,989
4283,5885
3009,7054
6193,2805
5308,8296
8338,5188
5998,4375
2279,1788
1965,3522
2699,3110
8533,9041
6418,6721
7232,6506
6060,3444
5552,3149
1713,3514
8527,8065
4987,5218
8669,9358
4801,4292
1568,1643
4968,5961
1437,1255
3145,2755
4621,5947
9812,9813
7171,5969
3176,6153
4708,4890
6003,7907
665,805
3027,5643
6424,6179
4857,5979
8224,7852
4307,4159
1455,2338
3124,3633
7548,8486
6359,5239
2745,4080
5319,6033
3241,2232
8040,8226
3856,4545
1549,2750
7537,7811
7041,8101
4248,4783
7108,4343
2404,2531
7030,8112
1934,2206
6912,3702
3327,7801
2745,2252
2166,1237
6631,7631
7645,8722
5767,5050
2345,5206
3085,7433
2009,1963
5596,7595
8690,8993
6443,3905
4480,4238
5300,8404
5491,5503
467,316
5194,6604
1165,1064
4617,5096
6176,4386
5401,2650
7399,8869
8350,5367
8509,8233
8426,8523
9117,9143
8230,7737
6452,7172
6650,7300
1554,953
6763,3682
1534,2254
7331,7647
4056,2182
3305,1484
2802,2716
3634,2526
4160,3245
7078,4110
4666,2776
6169,3435
6118,7324
1703,3630
1000,1783
3162,2466
4440,4440
4599,3608
3309,4560
6341,4668
2858,7502
3701,5114
3136,4020
3169,1023
4238,2450
2611,4004
6946,8293
7853,7328
4965,2482
2304,2599
8348,7890
5411,4183
5650,6809
8248,7437
4664,6100
8184,8767
3469,6141
8853,8257
6710,3198
8264,7341
6028,4606
4312,5194
4892,4868
4395,4305
6183,3285
7769,8741
5084,6392
5178,3935
6462,5820
6683,7575
1726,2672
8053,1539
3823,4995
2543,2750
7580,5305
4738,4232
4035,3968
2289,5532
6376,7990
851,1837
2227,2552
4754,5317
6845,6427
4643,6080
2459,3316
7032,7505
2868,3227
2717,6695
8642,7671
7042,8032
8535,8154
1281,2385
7466,6041
3406,6201
5684,7083
4432,3195
6872,8367
3580,5685
4752,3255
5023,7615
2899,5048
3268,2735
3966,3724
5161,6749
2164,4548
1945,2053
4998,5835
1369,4784
4621,6490
6906,7866
2418,3423
5811,7599
4124,4466
8355,3695
5726,8484
1753,3704
4872,6290
4501,4948
4290,6011
7044,5561
2917,4253
5649,7260
4582,2068
8276,9039
7519,8166
4392,6709
1553,1306
7266,3919
1713,5182
2806,2731
4862,7200
7755,6666
5048,5480
6837,8318
5104,5029
6506,5973
8292,7804
9386,9528
4129,2496
3012,4891
8792,8264
1813,1311
4922,3936
6813,7853
6269,4234
7721,6184
4187,4935
3263,2138
8324,8864
176,184
6505,7410
7746,3918
5445,4398
6989,6312
5070,6429
4734,4774
2208,1216
6023,5208
5512,6176
7737,6205
8736,6627
6664,7189
3563,7039
2845,1931
2836,7240
8150,8095
4509,6623
6324,5705
2431,1707
3792,3677
1874,1841
8247,7625
2831,2555
2292,5869
3381,2339
7707,7712
710,1064
7524,7061
5889,3984
5543,9274
4156,4844
4748,7741
6219,7766
2029,5730
1933,1650
2144,3962
5931,3838
7343,7740
2602,2063
6316,5508
7430,8129
4322,6673
2649,3029
7501,7858
8205,7566
4602,5674
2096,6026
2738,2149
2635,1542
3119,1805
922,2866
3319,6281
5072,5491
4823,5959
8899,8993
9195,7003
5778,5327
2955,3689
6249,5599
4429,3914
2841,3957
7707,7442
5471,5057
5895,2366
4358,1826
3904,5004
2992,6758
2211,4458
9287,9294
7273,6794
4800,1935
5130,4640
1964,811
1656,2542
5846,7818
7221,8192
1774,2119
7417,7857
2027,2071
4105,3388
6460,5678
3752,4826
3843,4827
2510,2211
6573,8096
4565,8572
8019,7381
3471,5778
3129,6995
4574,3539
7041,7680
7205,6132
5337,6538
6510,5658
3139,6153
1269,2347
5724,5922
4404,6529
8458,8154
5928,4131
2923,4969
3712,4907
2620,2023
2958,2367
1676,1485
365,305
3757,1440
4011,3861
7592,6652
3259,2989
5500,7798
4827,3387
3553,1053
8278,7171
4942,1793
4155,1431
7587,7453
5712,5068
4674,2235
3785,5686
7046,6778
5102,4333
7859,6741
5126,7170
2703,1938
3562,3184
3430,6129
2282,2927
4599,2968
8404,8401
5060,4671
3018,1630
3009,6038
7154,8190
5248,4093
3113,5026
3661,5509
2260,1356
9345,7998
6089,6377
6836,5657
6705,7808
4504,5554
7694,7551
5883,7775
5355,5127
6101,6288
5948,6448
3937,3733
375,660
5899,4731
4687,3574
6956,4708
3675,5006
758,838
1783,4569
2194,5723
6245,8150
7890,4957
748,696
2286,3250
2924,4008
1726,2972
7635,6021
7572,4489
8333,7855
7696,6105
1565,1980
3797,3173
3136,2216
5041,3632
5408,6154
3769,5544
6352,8682
4444,6781
8563,7777
3718,6797
5807,7611
2981,3676
2194,3702
6220,7333
2565,3406
7904,7911
1242,5458
2259,1682
4103,2397
8512,7293
2680,2576
1455,863
3712,5744
7169,6285
3254,1771
5953,7498
6935,3604
8636,7258
3024,4283
7570,6543
3825,4087
6227,6804
1859,3789
5016,6122
4764,5727
3755,2305
8093,5881
5889,2364
1523,1148
6563,6163
3490,5310
4291,4803
6874,7139
9559,8998
5060,4713
1463,2464
5903,3814
3116,5166
5091,1881
3791,5335
3868,3537
6693,7545
6828,5882
6486,5647
530,751
6759,5847
3682,4817
6085,4731
3196,6118
5656,5709
1992,4538
4178,4554
5253,5461
6966,5554
2600,9559
9265,8361
602,502
5198,7017
8599,2648
3644,3552
4989,6696
1699,1532
9097,8996
5910,6971
2792,3515
2822,4416
7090,5752
3792,5286
4571,3429
8383,6795
2002,1601
6860,2777
5638,5482
8375,8107
6637,5304
5415,1388
3364,5270
4240,5950
2230,6858
7387,7375
3349,3974
3214,5691
2828,3056
3577,5820
5801,3929
3587,4152
7574,4424
5975,3744
2285,1195
2643,2191
5403,6811
4279,2600
8167,3867
7060,7683
7902,7310
2792,5562
8637,7276
2746,4309
5542,5539
6175,7452
4816,4498
7669,1885
3331,1670
4296,2883
3539,2240
3724,6111
7058,7812
4243,3780
9069,8810
6478,7376
5027,7333
3981,6373
7153,6695
3183,932
3471,2629
6401,8243
8614,8027
7447,6181
3758,1444
6969,5566
1457,1953
6468,3732
9284,8805
5064,3048
1346,3536
2861,5138
5052,2373
2958,2591
3686,4215
2737,2920
4543,4246
9221,9025
2296,1364
5900,7002
4302,2619
4544,4729
5409,3853
7158,8971
9208,8759
3869,5465
1413,1416
9315,9062
4539,4425
2236,1803
4853,5376
2958,4500
8945,7882
2172,5890
7227,6092
5260,3569
4600,2536
3191,3659
4262,3697
7409,6163
5792,5618
7346,6122
7319,6970
3139,2633
5939,7493
6670,6341
5065,4759
3467,1826
1042,4155
4313,4657
4380,5561
6484,4624
4280,4242
8536,7221
3241,3100
2120,2047
4488,5101
5447,5794
5842,6576
8433,7631
3343,2815
4891,6228
5638,3813
527,525
4506,1770
4201,6757
7196,4240
4981,5242
4357,5310
7782,8335
1399,1566
5322,4417
1878,4958
5941,4368
9387,8507
4596,3446
1892,1873
3800,3551
8299,8375
3593,1327
5358,2026
9354,7688
2990,4331
8195,8796
2237,8082
2705,4553
3443,3368
5881,6205
5000,4184
4469,4865
5265,5712
2091,2014
8542,8641
3792,4959
8239,5912
3185,2094
2722,3654
2381,4972
4836,6646
6848,7979
4880,3127
6512,5447
8369,8690
5606,6273
6341,1777
8279,4580
8306,8552
3141,3767
3944,2891
2485,3813
8684,8933
3900,1424
8423,8257
2586,1836
2091,1036
3551,3776
2684,1599
6997,6003
3912,8003
3869,2459
2040,3287
5677,5874
2185,3125
6046,6295
5868,3788
6952,4491
3387,4138
5324,6960
1868,2857
6704,6632
1795,4408
7645,7294
3372,4716
1978,895
2336,1808
4958,1783
6271,7398
3818,5800
3376,2517
7318,2523
5676,6791
5788,4135
3801,3369
7053,2661
5152,3153
5271,7470
2427,3112
7364,7510
5458,5226
3837,3660
9916,9861
7065,6455
4855,5876
4069,3980
2426,3512
3427,5350
8371,8306
7564,7739
9141,9000
5571,3140
6578,5177
6821,5653
4457,5134
3900,4840
5843,5580
1905,2433
7612,7634
5887,5632
4312,5480
1864,1348
4857,7183
6573,6861
2932,1743
4730,3616
8836,8192
1448,970
3426,2948
8369,7906
5722,7497
5213,7305
5552,6006
7495,7156
3617,3653
4024,4499
4546,3373
5402,4223
1014,641
6236,5622
7143,6506
7645,7281
6384,3911
1821,1523
2152,2083
1516,2221
2104,3327
7482,5397
3649,1840
6305,6947
3026,4049
3209,3222
2613,6520
4630,6147
7797,6385
3587,4569
8594,8529
7182,6604
7738,8161
6825,3840
2023,4023
6166,6954
6341,2876
1355,2270
1971,753
7722,5609
2886,6282
6127,8937
4392,5785
5519,7327
2378,2563
2863,4268
7617,3238
5919,4405
8436,9122
6638,6617
8587,8562
2852,3418
3621,6705
8914,7323
6894,5116
5427,4458
1341,1685
2105,7486
7578,6026
4756,2360
3280,5025
7840,4791
5183,5112
959,825
5602,8233
7612,6726
3587,5124
5235,4862
6410,5958
5554,4879
8596,7967
3325,3810
5345,5814
4656,4330
1281,960
5684,7308
4282,5017
5584,5186
5853,3576
5032,3146
3389,4526
1771,2756
2497,6118
1015,2192
4617,2789
5275,6868
2847,6922
2516,6131
1521,1979
2115,1244
7876,2484
6824,8937
5161,3000
5898,3324
7287,5419
5204,3033
3123,2413
6460,7885
5365,5848
7872,7879
2007,3201
2768,2494
2701,2357
8294,7030
2460,7452
8635,8174
2795,3941
7924,7931
1172,1532
3101,1910
4381,3643
5520,6546
8646,7711
4679,4277
3194,3413
2376,2192
4592,4612
3647,2789
5915,6485
5596,6337
2913,3798
2617,1046
4870,3741
6064,5695
557,924
2471,4112
1867,1899
3868,5569
3335,4955
6510,6916
5156,3748
3471,5568
5557,7980
8081,7325
8823,9196
6256,7054
5396,6333
5256,5245
2370,2783
3253,5791
7082,8194
5725,3979
5167,3511
2756,6669
6644,2617
4448,4496
3925,6422
2066,4873
4235,5720
7258,6481
5948,6309
2145,741
3476,1910
9616,8941
6708,6504
2638,7174
7036,5135
9215,9475
1405,2439
4988,6094
4468,5926
8482,8711
8608,8772
4809,3179
5241,3637
2145,3266
3903,2756
3763,4609
5545,5866
3798,3648
8473,3671
1419,2123
2932,4654
3075,4027
8141,3153
3527,2185
7564,4597
7239,5778
3307,5967
3602,2085
4265,6076
4463,2415
4374,5402
6930,4191
4550,7415
7056,7757
2394,4776
5947,5949
6537,6930
6941,4576
7588,3384
8747,8274
2404,2283
6090,5691
4422,3721
5822,6093
5792,5211
371,564
6516,4518
6741,4375
8675,6532
6770,6141
6957,6467
1270,2430
5692,5252
4231,3164
1501,2218
8466,8704
5704,5281
6192,5172
3000,5852
8159,8001
3164,2453
2228,5807
5234,5048
3836,4216
5886,7578
6968,4506
6625,6398
9479,9221
3511,7452
6434,6716
2363,3128
3471,3487
6133,2001
6569,6278
4274,5049
8485,8556
2347,8881
7885,5949
7220,4943
4180,7530
4713,8644
8660,8521
3521,6218
2606,2126
6159,6232
5781,2817
2982,3722
6830,6388
3787,1977
2874,4768
2947,2736
2825,7126
7759,7346
8572,8486
5005,3104
3927,4323
6269,7752
5655,6257
2283,1240
5312,7948
5892,7623
6160,3685
6275,5357
5609,4439
6120,4711
4652,6365
5728,6562
6814,6415
6484,2511
6990,7512
4974,2320
8055,7118
4261,6999
7742,7231
5618,3557
7994,8156
5279,1775
3077,8220
7428,7294
3419,5917
6438,5065
2890,2922
3371,5111
3830,7207
8403,7778
5916,6202
5371,4769
2013,2944
5962,4550
5535,5202
2900,5557
208,360
1689,1698
6611,8159
3377,5434
4405,3280
5283,4974
9082,8448
8024,8709
8218,6768
3270,2936
7805,7249
3923,4203
6498,2283
1733,2273
3589,2853
6985,7575
5113,4271
7149,8846
5146,4258
4417,6996
7323,7955
5521,4763
8600,8806
2978,5210
8339,6412
1254,1405
5690,5422
4039,2681
1095,1414
5399,5580
6209,4922
2450,734
4470,7277
3578,5442
6894,7776
247,459
3188,5658
7693,6837
5829,4265
5563,3442
2598,1592
5318,2572
6488,3831
2896,2763
5469,8123
5298,6531
3567,4481
4997,4470
5624,6499
7178,2201
9942,9976
2752,2764
8742,7555
5709,5781
5322,2667
3075,2019
8056,7830
4463,4817
420,3194
3333,6999
2776,6315
4452,3806
4765,4988
2373,4074
2834,2707
7396,8316
9110,8737
2961,2060
3451,2646
3627,6572
6391,8713
5859,4976
5237,5803
2073,2595
8405,8237
3520,3561
6891,4410
7539,7258
4275,8364
4214,6822
4249,4735
3950,8251
919,753
5323,6888
5559,5613
4311,1938
6309,7930
6507,5952
4592,5984
6833,7133
8953,9192
5227,8221
6796,8313
2689,4739
4665,3714
3709,5934
3179,5899
7448,6826
2890,959
8155,7987
8799,7677
4719,5545
2654,2380
5342,7481
3690,2993
6066,4234
5685,3881
4477,2926
5587,4699
2315,2220
3778,3449
8236,7955
7356,5236
6319,6858
3295,4469
7256,2740
6113,6137
2715,3945
5354,5760
5693,5608
2855,3465
2872,4490
8197,8753
2565,5909
9137,9273
6341,7399
1226,1192
2195,6184
2385,1718
8551,8348
8238,8834
6960,6995
5836,6784
6637,3288
6781,6368
4049,2516
2626,3585
2236,2832
805,393
9053,8222
2550,3208
9127,6427
6501,5601
3545,4092
6006,6491
7846,6692
2327,3628
5420,4887
5993,3354
8243,8118
4343,4282
4414,4448
7713,8723
4214,4703
4625,2031
9200,8977
1500,655
3327,3337
3627,6704
6908,7077
8726,8147
7769,5926
3791,1724
3171,3767
7796,4379
5824,3520
2699,3683
3153,6531
3405,2508
2119,1414
6889,4749
7357,8464
7753,7166
4759,4891
6696,2528
3884,4134
5291,7562
5001,6919
9463,8627
4650,8377
3906,3330
3537,3318
4699,5915
7308,7238
2267,6224
5799,5286
3743,1569
6673,7317
1766,5301
2355,3602
4545,5395
5945,7055
8156,1224
7691,5387
4701,1473
5676,5570
4864,3373
6708,6246
6415,8574
4362,4856
5214,6008
4597,6501
9624,9237
2747,5758
7493,6892
6020,6065
2261,2636
4339,3465
3988,5392
562,957
2087,1475
3022,2670
3264,2862
1915,2137
3801,1811
6361,8931
3205,6024
7879,8598
7447,5012
6249,5574
6185,6770
4036,5090
6881,6302
6280,3014
5493,7188
4779,5061
4990,5409
2115,4122
4395,4092
4223,6275
4924,4977
5123,5356
4274,4878
5522,3737
7417,7271
2293,4892
3783,6355
9144,9288
3185,1709
4236,5716
7700,7664
7682,7859
6067,3670
3745,7028
6572,7256
5930,6244
7534,6321
1277,1820
7709,3284
2895,2810
2863,2195
5348,4139
4744,3951
3080,5178
2040,2452
3315,3853
4927,5025
4007,2738
4710,5492
1494,1071
8095,9204
6784,5658
3245,3724
5310,2993
3143,3187
4857,4508
862,1040
4382,3097
4006,2859
4072,5812
6524,5148
2886,2604
5251,7464
8117,5870
4082,7004
5391,4734
3709,5247
7525,4576
6048,3582
4095,5135
1995,1474
7697,8292
5828,4735
5703,7041
2996,2809
4063,1988
2916,2529
956,913
2176,2174
2937,3703
8408,7622
9072,8342
4443,1964
4907,3754
5895,6543
7248,6689
2992,4877
3818,7182
7333,6583
3614,4760
3511,4171
7449,7213
3931,1615
5253,5819
2472,2659
9356,9454
3338,6273
6708,7409
5901,6395
5863,6029
5552,6714
3229,2373
4263,3770
2600,1664
4497,7190
779,1463
2699,6622
1319,1954
3275,2179
1980,2876
7232,6465
7056,3924
4295,3361
5391,4846
8149,7707
7642,7878
5781,7042
5480,5768
4034,4819
2066,2203
8236,8891
204,182
4500,6210
4874,1427
1893,5404
5407,7540
5938,2776
8003,1634
6393,2652
4569,3175
6504,6931
2672,3028
5647,4986
6678,5077
6791,8231
4272,7227
6696,3371
5786,3638
3277,3846
1630,3347
7221,7579
6867,5075
3866,3094
3915,3890
2224,5619
2475,4134
3009,3831
893,903
7101,4012
7227,7243
5885,7820
649,1783
4395,3361
2132,4274
2857,6632
3104,4377
4571,6343
2663,1747
7114,8885
3218,2087
8640,8908
4613,3076
2294,2130
4792,7036
6985,5862
6835,9020
1759,4631
1571,2732
6045,5153
4517,3364
6048,3875
5848,5640
6330,3640
5746,6685
7846,7386
4610,6354
2615,1019
2830,5901
4313,5355
6004,7044
3003,2612
2660,8742
4897,7052
2919,4275
4213,2802
2243,4022
1853,1437
2927,3672
1271,3330
4167,5786
9533,8886
2536,2567
5085,4238
6950,5911
6808,6335
3027,2634
3171,5563
2984,5718
8673,9040
3023,4146
4794,3214
3112,1766
4490,4012
5921,5362
3485,6560
6902,5588
1693,2963
4254,2572
5281,3853
1436,872
5664,5132
1969,3821
8655,7239
7949,9027
4455,6128
1868,2041
4502,3233
6477,4206
6092,5098
6214,6775
1686,1777
3327,3831
6660,7147
5401,5591
1445,3236
6791,6393
5402,7157
6289,6259
6569,6932
2048,7817
6370,3882
5683,3286
9164,8848
5586,4328
3067,2394
8878,9177
1381,6184
8239,8230
1599,1785
8405,7754
3355,6314
8265,6032
6198,7259
2626,6297
3720,4712
6187,3504
3243,3576
4702,4567
7803,4697
1068,1708
8572,8564
1141,820
6145,4896
5052,2189
4909,3237
7564,7202
5402,2834
4727,3665
3559,1988
5275,5097
8256,5080
5517,6171
2299,7321
3706,2609
2694,4383
4522,4228
7226,6962
3143,4322
981,2623
5419,5108
7218,7492
6270,6935
5926,3606
3809,4552
6177,4730
6712,5134
4743,7873
8586,7085
2457,4553
3205,4539
6620,8081
1624,1507
2474,1297
3854,4854
3406,3468
4720,3411
5026,3536
9751,9823
7874,4352
2481,3466
7471,3103
3482,3256
4509,2357
5826,6929
6459,3122
3658,7158
6385,7521
7326,7512
8718,7742
6641,6834
7312,5996
7339,8732
6611,4077
5510,2973
6295,5989
5899,3601
4516,6404
4430,7855
6109,6670
4381,4792
2681,5339
4381,5597
3440,3539
7349,6102
7104,8387
6664,3893
5200,4571
9131,8594
6909,6166
8206,8331
8508,2718
1665,1546
6572,5073
9161,9201
8355,4984
5921,7344
4603,6620
7988,6708
1542,1285
8015,7648
7869,6813
7571,7800
2820,4813
6654,5386
3675,5014
7590,4504
7221,5407
6156,6775
2703,3026
6034,4297
7638,2254
2448,3111
7850,6911
1997,2691
4167,5591
3083,3629
2164,5026
4054,4790
6695,7376
834,1270
1321,5665
1772,674
1973,403
3655,7103
2372,2835
3177,1074
8553,7491
2185,2806
6354,2209
4128,6071
6733,6586
7741,7795
3051,4491
5224,5157
8465,8853
5574,2265
6130,3106
4104,5137
7194,8397
7789,8263
4479,6713
3760,5033
5991,7667
5442,4422
3376,3896
7470,5738
9257,9203
7454,7840
5511,5054
5187,6812
9657,8625
587,1945
8012,3805
8705,7975
5990,7394
7827,2706
7297,4063
5339,3228
1473,792
8531,8787
9770,9573
4100,2108
6295,7128
3966,5045
4315,2115
2693,2846
4274,7220
2725,3899
2455,4428
2827,2467
2323,2869
9120,8389
8569,8806
3457,4821
1447,1849
4330,2658
8530,7275
8820,8852
2218,2640
3353,3274
6339,2657
4869,5556
6932,7324
5595,2684
6975,5895
4936,4812
6747,4543
6068,2792
4450,6232
7034,7070
7416,8603
1466,3504
2819,6076
5421,4447
3644,6995
4005,3812
1866,4049
1082,864
3198,3463
4842,4654
2550,3444
3634,3751
987,1323
2601,2213
4593,6546
7807,3898
2401,3294
4196,8688
4475,4662
2335,1832
3191,2837
3955,4661
7616,8178
3273,5554
2524,6267
7409,7080
2929,3913
9318,9345
5152,3714
2182,1576
9203,8790
1793,1785
7409,8570
7875,7440
3760,5846
1088,3798
4261,3161
3510,6167
5875,3719
2951,3539
3600,6239
6302,5926
6071,7172
3743,6005
5981,4918
4181,1993
5821,7327
3370,6286
3979,5935
6062,3526
3514,4661
7256,7409
7126,6801
4297,3872
4846,6210
4931,4973
9341,9412
6887,8145
2067,2352
7226,2561
6870,5997
2182,2519
7347,6595
3056,5724
5169,6448
2535,2766
5640,8415
4743,5424
4080,2502
2269,1438
3740,6358
2405,4846
1797,1583
4316,4495
5210,3022
5545,6085
8018,7442
2369,7600
4324,5109
5163,3293
4956,5022
1880,3761
7764,5662
4682,4023
3726,4306
8148,8487
3397,5760
2925,2562
4375,5217
528,666
8106,7636
4030,5123
8693,8981
7021,7034
7881,7639
1593,1155
5204,6146
5125,5161
6126,4709
2965,7677
8496,7700
3530,6500
6259,5557
5720,6261
7929,5805
3949,7072
4262,4843
3419,6460
8226,2949
6566,2626
8254,7120
5657,5686
2620,2186
4519,4111
807,1203
4505,6966
5529,3805
1624,1992
8417,8108
5637,5021
6090,4211
6067,6507
1472,2380
6048,8133
5650,5729
3863,5198
3273,3740
3021,3455
955,3271
3284,2467
2223,3227
3333,7776
1819,1202
3611,6515
4186,4314
6546,7789
4605,2340
6196,6848
4351,5619
6129,8098
4391,3297
3712,2578
2920,3301
6716,7773
1749,1048
3377,3708
1855,2820
2642,2458
6068,4770
7352,8419
8799,8657
5317,3817
3976,5670
3019,2052
1510,1261
1401,1777
7571,7987
7613,3864
8132,8914
8717,7608
8454,8603
1505,2865
5078,5905
5152,1505
9420,7679
3587,3305
6880,8459
7447,7500
8285,8218
3220,6881
2036,2225
4673,2675
2221,3618
4942,5544
3837,5048
6244,8290
5023,6146
1227,3152
9292,8812
2666,2190
2232,6658
1454,1793
6320,7486
3820,4276
6273,6158
2955,3746
4529,4098
1530,3449
5121,7440
7478,3893
6307,3024
7457,2469
922,673
7965,6077
7460,4448
3229,3823
1108,688
7672,9016
7972,8350
7988,6447
7015,5983
6660,7398
5592,4946
3961,3216
3393,5428
3994,1967
5571,8804
6591,4192
5354,3723
4712,5745
5794,4478
4199,1216
6045,4242
7912,5552
1056,1336
1664,1936
3358,4885
5453,3759
4184,2835
2995,8034
5123,3902
7866,7179
4622,4837
2918,4053
5479,3027
1213,2577
7969,3855
7279,6674
1879,2045
4144,3199
4482,4651
4629,6820
557,718
3505,2279
2079,5741
6474,3311
6850,3281
6108,7158
2134,2705
4176,5441
6257,2667
6288,5661
3185,6415
5083,3480
6909,4270
3644,4358
5180,2504
3963,8327
3609,6292
4801,3123
3237,6194
6354,6351
3825,2433
5979,3322
6276,3309
6304,7394
5247,6868
3620,3736
4248,3085
4724,3999
6886,8225
4371,6155
3508,4320
2399,3558
3343,4173
7416,7178
6352,6835
1724,1733
6216,6950
6899,6706
3233,7798
3053,3031
9212,9066
8446,7271
3679,7171
6047,5689
4427,2359
3692,3446
2531,4297
4021,6604
2532,5401
6209,2628
8523,4609
4861,4469
4549,6256
6133,6224
8114,8436
7098,6557
8938,9044
7673,3896
5234,5291
1517,1593
3490,7038
2127,4227
5657,4459
4586,3085
6327,6820
4949,8122
7039,4017
8878,8559
1896,5762
6450,7008
3035,5922
6582,5959
9126,8960
7273,8240
1610,985
3267,2150
4079,2399
4764,4570
6876,5705
3272,3253
7716,6054
4926,3249
4694,6203
1347,2973
3111,3066
5012,4218
4956,6401
5164,5866
8587,8014
5049,5534
5533,2460
6105,3527
6596,3166
8488,9215
4051,3234
2468,2225
6300,3657
5818,4702
4088,3147
2728,1642
8705,8083
5425,4926
7239,3505
4599,5239
3446,7211
8301,4667
4120,2889
2591,4211
3556,8850
5415,4298
1451,3834
3467,6120
6815,6362
5358,6078
4777,6092
4914,4732
9476,8650
6360,5207
2606,7996
4497,2920
7434,6767
1929,2715
3698,4888
5089,2650
2171,2024
8039,8486
3653,6497
6304,5446
6519,4675
6418,6860
1497,2235
3825,4291
8147,8499
6689,5861
3203,4526
3597,4838
3557,3026
8043,6728
5849,5744
7351,7541
6387,5612
8651,7593
9172,9282
1565,1889
1727,1168
4774,4096
4371,4039
3518,3580
5788,4070
7066,5808
3044,7132
9144,8657
7931,7095
313,353
3889,5480
8454,8418
1581,2889
4236,4801
4832,5489
3974,3713
4424,4440
8012,7870
5832,5445
4371,6905
3720,4352
5069,2893
8817,5805
6262,6299
3720,4143
6956,2861
4076,3371
5253,4239
5636,5152
8926,7336
5743,7081
5746,4938
209,108
5593,8042
7752,8883
7350,6196
5847,4678
4930,3579
2439,3517
1250,1452
739,1301
6925,6001
3038,5211
6103,7757
6655,5438
5921,6808
5222,5891
3699,4261
6734,8842
3597,4553
7399,8764
3346,2158
6998,6952
6538,8139
5830,8540
6921,2169
3239,2476
7782,6447
5163,6529
4730,3489
5337,3722
5750,6416
4124,5855
3384,4295
2961,7166
6484,7651
2583,1641
6276,5078
5227,8324
4328,6935
5711,7209
3493,4313
3986,6485
5693,6582
7742,7437
5485,6094
2726,1117
5092,6252
7094,8325
7273,5996
2942,2411
8775,8705
6923,7143
6453,4025
8151,8196
3518,2507
7979,5031
5836,4315
9298,8641
6413,7403
5201,5756
5800,6270
7960,7175
3421,3345
1232,1332
5092,6055
2847,3043
6052,6190
7698,2285
4816,5473
6919,3571
2222,2878
3540,5929
8100,8806
2283,2375
4562,5363
2117,1390
5619,7193
3544,6701
4525,4880
6348,5128
7398,6858
9159,9151
1973,3597
4342,7369
5939,8139
3775,3556
5740,5686
6596,6895
4740,7376
5091,6177
2975,3308
2237,1436
4522,7598
3397,2049
6356,4684
3116,1567
6248,6603
4700,1967
6647,7669
3890,2571
6976,2541
1558,1524
288,237
4925,4070
3821,3465
7972,8588
3621,2892
4952,5624
3704,5173
2504,2017
9140,8989
6715,4362
5218,5510
4817,6641
7664,6568
2990,3236
5205,6344
6993,7930
1131,5970
8403,8494
5422,4709
4364,7365
3400,4279
8053,8157
5287,4983
9906,9940
3443,4526
3525,4834
4476,6796
1927,4341
1970,2408
952,695
6381,2897
516,575
5967,3250
5538,7229
7924,6263
6394,6114
3699,5609
5757,6626
5136,3024
5562,5513
5251,7500
2888,2030
4177,6958
2982,5357
3405,5941
4076,5132
4399,2418
2745,4833
4014,6468
4035,1085
2048,969
2754,5818
7504,8009
4404,6925
3044,3273
4713,6517
5724,6591
7042,7677
6457,6304
412,187
1521,2029
4464,4107
2619,4730
2829,3810
729,565
6964,4183
6982,6278
5815,4214
7520,8767
4197,5870
4881,3490
6483,4693
2515,6408
4945,3794
5084,4472
6868,6824
4674,1613
3767,2914
3268,7356
5275,5414
2773,1622
5609,5165
2671,3775
6881,3236
4817,6416
6882,7799
2216,2481
6715,6291
9381,9617
4726,3218
4755,2588
2227,4303
4014,4799
6341,4554
6550,3125
3360,7451
7317,6148
4336,1870
5977,5965
9129,8744
4985,6206
5166,4472
4709,3426
6491,8052
1208,1379
6226,4658
5563,5828
4492,6715
7336,7296
4227,4888
4175,6219
7108,4031
3785,770
3100,3090
4463,3308
4625,3964
4600,5796
7786,8128
3146,4729
5580,5808
1792,4556
7270,7256
1998,1449
1689,2827
4979,4793
5702,6548
4935,5440
2715,5179
5419,6333
7336,5977
4052,4969
6988,6369
3030,4239
6394,8653
5015,4629
4218,4426
2916,2884
6810,5438
5175,3424
4214,4643
4885,3692
3371,2638
8157,8910
6825,7933
2165,3933
6385,7939
3433,2653
7484,6906
7064,6383
7447,5727
4528,5375
3799,3871
6952,6759
5993,5101
3602,3455
6204,5841
7018,6521
6859,6678
5182,6883
4595,4091
6748,6635
4512,5007
3544,5150
1613,2144
6959,3452
3153,4644
7636,8131
1800,7029
7913,8915
2382,1832
5194,6159
8600,7201
5639,6872
6286,7441
6654,4150
7187,6407
8169,6624
5801,3316
3000,5143
3993,5625
1927,3345
2662,2044
7355,7512
7416,2138
1279,1927
8032,6596
3509,1103
6268,4647
6098,5592
4143,6448
3784,3448
8880,9028
6130,6651
2251,5771
3235,2671
4244,3531
9457,7496
6015,4650
3209,6662
4919,6016
5122,4357
3776,5822
5142,7901
3359,4090
4783,3727
5653,9203
2305,4627
8169,9424
4375,3615
4055,2877
8440,8828
7650,8898
6512,5612
5675,2735
9178,9175
7498,7055
7283,5771
4825,5243
7049,7648
6007,6058
7483,3507
2702,4527
7317,5188
4084,3000
2525,4071
8597,8466
6708,6612
2187,3884
1020,2243
3063,1104
7284,4915
5687,4540
3912,6253
6355,7152
6014,5888
4883,5983
8967,8928
4093,3071
1655,1615
5080,4296
5878,4800
1700,4441
5198,6367
3598,3847
3042,5242
5240,6707
7908,4081
3451,5240
5801,2920
5244,3353
3988,4197
3318,6164
7913,7228
8546,3829
6958,5464
6163,4573
3692,2817
4632,4052
7544,7204
4656,3793
852,570
1661,2117
6686,5465
6860,6832
834,918
7702,8079
5337,5085
6781,5640
2736,4142
4109,5781
8637,8519
9066,8531
7458,7058
6454,7009
1762,1259
1258,575
2825,4192
4444,3963
2750,4316
5918,5595
2181,2669
4198,2585
8205,6083
1242,980
7909,7759
1163,1936
9430,5818
3238,6645
2175,5711
4146,5582
6586,1982
7656,5942
6350,6514
5481,2663
3284,2355
5137,6889
8244,7443
6702,3504
5840,6515
6138,4992
6506,3866
3664,3073
4700,4700
1198,2545
6468,6818
5614,5378
4033,3211
3176,5418
1154,2975
4339,6791
3710,3448
3020,2521
1637,4569
5707,5445
5496,2238
6180,6774
2038,3209
7334,8346
4057,4644
6710,7459
3772,3474
6722,7160
1826,2077
1848,1493
7271,6273
6832,5713
7916,6555
6187,8226
3680,2975
1971,1213
4280,5602
6460,5795
1304,4618
8184,8042
2507,2498
7078,7809
7443,5160
3577,2462
3159,3530
6239,1793
3974,4481
5510,4268
2486,7828
7772,8399
5566,4421
5189,4591
6095,4921
5741,6257
6101,6022
5544,7058
2601,2868
8692,5321
5970,6349
7436,8511
1131,854
8406,5253
7194,5154
2290,5369
9081,8908
5295,5952
2602,1957
2418,4138
4295,7363
5789,3113
3219,4952
3173,3390
9008,7933
6643,6386
7859,3414
7388,8326
7407,8418
5862,5825
6034,3982
4694,6183
5144,6033
4071,3728
6011,6886
1625,2085
1270,637
3259,4011
5429,6103
5562,4172
6979,5904
4616,6072
3758,4562
3895,6787
7177,6794
5620,3275
1871,1774
2983,2798
4719,3809
8059,9396
8090,4081
3783,1712
5817,6054
4546,5868
6651,4902
6252,4769
8309,6229
5902,5938
3191,3713
7271,6251
8078,7355
6788,7717
6832,8153
7204,6189
2044,2411
5895,4853
5822,3747
2795,2832
5660,4927
3944,5896
4680,6372
6372,6774
7773,5754
2466,2758
3966,7669
8508,9076
6206,8487
6443,4996
6574,5846
8432,4505
7266,5699
3671,2040
3814,3809
6062,7588
1846,3701
5884,4347
3814,6046
4199,5489
3883,2771
8539,9067
8690,6791
2110,3959
9350,9410
4224,5184
3887,4097
1802,4302
6840,3733
9752,9531
8334,6434
8763,8542
6547,2070
7517,4423
2613,2721
9357,7752
8473,1604
7554,7492
9475,9109
3777,4883
3405,5081
6570,6495
7111,6097
5776,6281
6841,6316
4846,3876
6659,6149
6997,4849
3877,7428
2539,2082
7514,6599
7359,8996
5064,3563
6935,3419
3971,4866
3314,6078
8721,7439
5012,7076
7774,7810
3907,6901
7240,8168
8437,4772
5780,5229
5991,3268
6354,4874
5919,3844
2594,5197
7660,7960
6150,8090
5847,7004
1362,378
7193,8152
7127,7317
6425,4564
1864,2053
8718,7949
4748,4344
7777,8056
8781,8317
3496,6200
4304,3510
3138,2112
3495,3238
4339,4980
5964,5928
3096,3704
6996,6704
3768,5013
6425,5008
3370,4055
4338,7154
3810,6209
1283,2114
1991,795
1907,2597
5982,5961
2147,1989
1572,2192
7112,5043
8178,7779
2747,3883
4754,2068
6386,2696
3146,6871
2277,5286
3084,3866
8901,8826
4488,2626
7796,9059
5016,5582
229,175
402,2360
2231,1887
5266,4413
2981,3687
8668,7890
7295,7735
6899,7856
7339,7648
2862,2627
2675,7177
3461,4235
2276,4819
6520,8326
8751,9239
6646,5118
6948,4427
8420,7938
7135,6954
5479,5803
5417,3084
3175,3297
9030,8565
9518,9365
836,795
9351,9772
5523,7050
6674,7710
6765,4006
3688,5042
7868,8356
7354,7891
7442,3251
1150,1385
1543,1411
8307,6880
7977,8129
8524,8382
3019,3582
5720,4199
6552,2708
8228,7667
2003,2124
8475,9433
4763,4071
2117,3999
7049,5478
4693,4350
5594,5685
6933,7912
4600,7332
2686,1486
6661,3805
2851,5052
9505,9268
7100,8561
799,1149
8146,6121
7424,8358
6363,5583
3842,3347
7395,6953
6918,5744
4320,7028
8410,8070
4130,4130
2522,1923
5207,5684
5952,5534
1522,3011
6474,7571
5416,3589
6452,8163
2203,1244
3005,4600
2505,1961
3107,3382
4518,4732
6657,5758
3847,3993
3734,4972
5771,5921
3304,6603
7920,7903
6289,4554
1387,2494
6795,6515
4682,5894
3518,2067
5075,7699
3212,3866
3334,2526
6942,5903
6872,7439
2005,2036
4381,5297
4035,3554
5833,6509
2043,4750
1668,2302
5214,5522
7317,4584
4205,3980
7584,7571
6675,7040
7821,4882
7056,5991
3479,3789
3615,6422
3559,5226
6146,2716
6678,6277
7982,6669
4032,5454
2057,2585
7464,6878
9106,9041
2518,5890
9221,9142
8297,8264
6343,5927
6259,7825
8579,8918
7107,5829
9356,8917
4079,4380
5013,4292
6106,8859
5555,3009
5605,7733
6090,5991
6385,3554
3548,4899
7471,8086
7916,6023
5274,7118
2107,2602
3627,1920
7430,5825
8828,8741
8180,7942
6290,5561
7989,6934
3650,3888
7129,7690
6133,6882
3944,2585
7272,7131
3765,4702
7363,5267
4150,6792
7700,7464
2981,3412
5199,2684
4110,5190
5099,5309
3130,2046
6692,7912
4504,1995
2605,2306
3267,1816
3877,2349
2260,4642
4738,2400
7353,3992
7241,6549
8697,6055
8043,8225
2257,4990
2048,2118
6197,7116
3636,2639
7560,1093
6117,5742
3725,7141
3892,2152
1136,746
4547,5679
2096,2659
2578,3871
5272,2810
2282,4626
3120,4004
3794,4604
3087,1088
1844,1252
3354,4024
7189,5703
4861,5537
6126,9316
1520,1560
4349,5813
4238,4783
2676,2279
6515,4477
3952,5774
3801,3983
6520,5257
5119,5947
6706,4246
5996,6828
8725,8420
3162,6679
7041,8199
5499,4310
2623,2585
3419,6750
1949,2829
2874,6236
4718,4887
1970,1495
2242,736
7592,6127
6377,3771
8131,2378
5451,7144
4826,4136
2685,7355
4552,1137
805,1079
5885,7628
6973,7746
3944,4622
1391,2612
5771,6348
7119,6735
4578,5196
6909,6972
3873,4013
7561,5835
6938,5457
6869,4020
4188,3372
4448,5425
6750,6053
8242,3364
7421,7665
7003,7012
3259,2148
6518,7829
7643,4917
3769,5042
8049,8077
8971,8780
4506,5022
7531,5317
7034,5209
6213,4398
7484,8892
8188,5985
8020,7706
2679,4395
3967,2800
3182,4880
8842,9072
7792,7338
7136,5552
4205,6352
8626,8834
8192,8007
9542,9599
6767,7839
7082,4286
5906,6396
3443,3637
2275,3133
4295,3207
1576,2626
4534,4259
7221,7161
4149,1066
3612,3686
3760,3678
3307,2355
3092,3940
7893,7272
1972,4684
8316,7640
4443,4282
3098,5057
8666,7884
5343,5126
2638,1964
4027,8311
7469,7394
6784,7554
6508,4994
1054,2245
7568,8431
6740,7171
8895,9009
1206,2885
5316,5711
5525,7836
5635,3431
2372,6455
6831,4141
2201,1230
3902,2221
1956,1850
8520,7145
8900,7931
3080,4753
7838,6246
5072,2821
7985,5716
3035,1141
2434,6132
6321,4719
6577,5201
3138,3310
8107,8638
3674,3784
4690,5706
2353,4184
4865,3196
5508,2423
6503,6648
4672,2772
8197,9004
4999,4453
5761,6853
7613,5439
8309,8531
5350,6062
6508,5301
2116,5979
6901,6866
523,1569
3366,6128
7886,7266
8681,7759
1281,1939
4283,3853
6137,4891
3131,1715
4095,1780
8178,8799
2778,3346
3772,4091
4181,4663
4679,4544
5281,5849
4847,4401
8473,7402
7701,5905
8519,8085
4484,4664
800,1966
6213,7762
5823,6073
2583,5596
2295,6205
4730,4859
6169,2854
8023,7555
3842,5438
7721,5908
5605,5550
5129,4248
3951,3552
3235,4112
2347,2071
5801,8085
4417,7476
6272,3321
5664,2041
3540,5588
2064,6191
4335,2466
545,229
7043,5913
3932,3407
3105,3203
1746,1589
1099,2020
5981,4081
8082,7388
6309,2219
6811,6841
5125,2197
5739,6587
6752,6280
8730,9430
667,496
4985,3568
4593,7229
7390,5415
4797,5532
3326,4383
1970,2305
8184,6738
5228,5072
9154,9601
2355,2786
4762,4338
4397,3898
2230,4072
3014,2582
5326,5105
6209,7116
1839,3492
4470,4342
3411,3023
923,1890
1957,1855
8582,7226
5588,8826
3671,5701
4961,4404
5620,2678
4997,5321
7734,5771
7799,8185
6619,2893
8814,8527
8033,4480
6799,3238
6808,7384
9022,8814
5382,3312
2916,2100
7777,9212
3307,5805
7416,7490
3391,3540
5070,4063
9327,6312
8300,8198
6540,6787
3160,3430
3442,4072
608,575
3326,5144
3464,1928
7546,5754
5740,2966
3222,5612
3969,6678
3731,7113
6855,7646
910,407
2808,3276
6425,7643
4676,6662
4617,5672
4743,3873
8872,9577
5429,7671
5363,3468
4090,4687
6529,5057
3591,4809
4185,4582
3775,5084
3325,3529
5347,4144
6628,6020
5700,6076
7088,5882
1684,1529
6734,5012
4801,1255
3094,2191
6256,5983
1220,638
4411,6514
2518,4897
5409,3162
6813,7042
133,296
2220,5278
1272,1318
6842,6390
6143,5827
7591,5669
2979,3556
4062,4316
5422,3964
2609,1586
5286,4888
2140,3422
5488,4339
5382,6147
7198,6100
932,1104
5732,5582
1578,1925
5626,6025
9856,9842
4926,2594
8951,9265
6607,4397
5707,7190
6986,7641
7440,6703
7018,3160
8570,7981
2061,2964
5095,5527
5975,4203
4040,3898
3905,5501
1774,2358
3700,4350
6611,4300
7847,7638
4023,7159
1904,1636
6306,7454
1267,2221
1879,1168
1864,1753
8186,6841
2406,5287
6481,6512
7758,7449
7990,8221
1559,2701
3881,966
4485,4998
6061,6752
3777,4100
7177,4915
6926,2152
6462,6460
4300,4651
4459,2907
4931,7125
1960,3992
8045,8429
3091,6642
6540,6676
5318,4731
5422,5334
2796,3228
8563,8086
3531,3277
7519,5534
7388,6371
1002,1924
2384,1338
8472,8655
1560,2226
7646,5786
4049,6717
5780,5335
5381,6981
5603,3045
5777,8611
4575,5154
3299,3250
3746,3313
6155,3192
4421,8363
2667,3401
7735,7311
6935,6890
7686,8652
1013,1836
3052,5682
909,765
5145,7255
3849,2840
6538,3265
1659,1739
2461,2529
6167,4029
8549,8408
9166,7944
7414,4180
7976,6018
2334,4272
2351,2416
7872,8101
2853,2570
1093,692
6171,7060
6415,7885
3324,3028
4691,7947
4099,7030
5702,2594
4754,6736
4356,5423
2713,1592
8671,7618
5357,5000
3421,4398
5668,2476
5957,3849
3545,6647
4268,5050
2932,4439
1683,798
3457,5024
1605,3935
2883,3475
4652,1819
2796,2816
1227,1006
4855,3753
1901,3068
8584,8914
6062,5659
7467,6940
3017,4214
8457,9368
3677,3641
7602,4896
8720,7195
7641,5594
2600,5044
8635,8277
2122,2179
2123,2423
3972,2473
9507,9526
6381,6476
1182,864
6305,7669
1741,3567
4149,4697
6291,8224
7671,4501
2842,3774
6305,5357
9574,9754
9276,8325
984,600
9259,9195
2085,4045
3958,2271
2590,1820
8393,8603
2157,4064
2783,3303
6429,5851
5941,6262
6917,4129
2076,2984
5078,6954
5760,7317
7022,5208
2500,905
1290,1128
7705,7775
3735,5232
6273,5072
4677,5403
6644,4837
540,530
6944,4300
6507,5253
4583,4938
4099,2689
1192,966
2675,3495
4193,3625
3901,6386
8741,7535
7059,5454
5199,6582
5713,3425
8616,9493
1710,3561
8872,9228
7481,8910
2110,3014
7588,6655
7156,5503
6674,7370
8977,8002
4371,2825
2563,1885
4275,5143
4615,5027
7292,7711
2965,4540
7164,7315
7309,3463
5045,4942
1351,2759
4331,4121
2737,5363
5387,3772
6217,5373
3105,1854
5919,6869
4673,5004
4784,4158
6704,6789
7876,7534
8306,8472
1928,4666
1854,1716
3334,1142
8063,7913
3725,3988
930,1305
2963,2674
3957,4136
6848,5589
3367,2524
4569,5242
4517,5735
4807,5415
3397,5203
4739,2858
8700,8626
1750,3991
4425,6675
7242,7034
6939,3005
2851,2274
3746,4209
4069,3438
2698,3822
2050,2887
5576,3996
2860,4856
5635,4932
2865,4301
7469,8476
3483,4727
2924,6810
5625,4222
5211,3274
4933,3554
4683,6455
4874,6109
3091,1737
8222,7370
6140,3824
3629,7146
5125,4677
3792,3866
3931,4241
556,6119
1628,2687
5373,3994
4275,4272
7085,1180
7766,4922
6809,7356
4745,2390
8578,7960
4547,3056
6635,8205
6582,6599
9223,9125
6202,6317
5273,3418
6129,8051
7175,6695
2487,2444
7036,3081
4079,6610
5902,4625
9224,9149
3555,1840
1959,1593
1473,2318
4676,7224
4080,2856
3390,3568
7600,7946
4742,7057
3872,4772
3459,6145
5927,7581
7818,7624
890,528
3339,4698
4323,3706
6981,5491
3097,2767
2143,4593
5402,5173
8350,6247
7164,4822
1875,3103
7836,6774
1454,1324
5343,3341
3205,8640
6676,5792
5921,2702
5282,2759
5824,7070
4572,5503
8497,4856
6233,7585
6668,4991
8536,6254
1996,2854
7517,5033
3302,5627
4069,4389
6395,2387
7563,5863
8933,8069
3489,4730
3421,5002
1832,690
7366,6569
3404,4745
1974,5870
5335,7400
5470,6286
4772,6653
5368,4320
5056,6072
6941,5496
2873,4605
4086,3670
1827,3116
4758,7484
5621,3407
2816,3545
2949,5155
8815,8878
4523,3919
3547,2062
7711,5984
8642,8410
5390,2722
3490,4807
7559,8175
6571,6567
5548,4872
2919,1924
5876,4921
7472,7837
6036,4511
6860,5270
6119,6540
9041,8638
5030,3429
4126,4742
7099,1749
4494,3221
7991,4661
7522,7857
4607,6912
6978,3174
7294,3930
4083,5158
3465,1707
2414,3568
7314,4396
6316,7660
3631,4454
1985,3946
6225,5529
2140,2294
5830,4961
7027,2045
1357,551
3884,2772
5047,6875
6881,4747
6221,5085
4052,2343
4181,3136
6403,6188
1370,2790
6862,5475
6833,6400
6775,6421
6458,3661
4614,2374
6949,6814
1154,1633
1581,2946
5071,3818
5208,2151
6114,3482
6952,4396
3680,7365
2365,3421
7951,8437
4305,5649
4844,3999
6214,3551
8139,7179
5272,3423
2708,2515
7216,7566
6874,7441
579,1243
8001,6430
5911,4780
3938,6651
3412,5196
4192,5135
961,1316
2755,4785
8093,8798
3737,5443
564,734
2199,2608
2029,2239
1450,1743
4447,4364
2672,2144
7109,6278
3559,5186
7578,7697
1844,609
4943,3855
4133,6921
5643,4010
3773,5915
857,3121
7037,4057
5977,2182
6167,5879
6410,6073
2847,3003
8025,7782
6809,6087
2428,3085
5332,6059
5319,7055
4917,3685
4022,3701
3542,3915
4200,5942
2141,2143
8112,6580
4265,1247
6026,6108
5480,5393
5281,3120
6404,3744
1057,1810
5691,4875
5782,6256
6810,8744
3715,1910
5319,6768
