3000 4
0,0,0,7963
0,7124,0,0
0,7115,8270,5406
0,6401,3741,3662
4812,7874,0,0
3387,7035,5432,0
818,0,9882,6154
3292,3501,0,0
9722,5741,0,0
5574,4128,0,5945
0,0,4490,2011
2759,9830,5820,1782
0,0,1724,0
0,8911,6021,1108
7422,0,5456,1997
2930,369,0,8561
0,0,0,7556
1974,8829,4085,6973
0,0,0,51
2094,6317,4382,7164
3125,7829,0,7937
1265,0,0,5687
0,0,0,1935
0,5800,0,0
0,0,0,6967
9241,6345,0,3466
2713,3807,0,0
0,2676,6352,5851
3760,6447,0,0
1344,3538,0,6225
5503,5969,717,7652
2951,7985,0,0
6588,9569,0,0
5029,5096,6790,0
1284,8078,2119,7710
0,3281,8546,0
3612,6375,0,0
0,5034,0,4674
3275,0,0,0
4404,0,6469,9897
842,7499,0,0
8688,0,579,3016
0,0,0,7655
0,1574,9584,5497
2180,0,2979,0
1267,0,4491,6208
0,0,0,8028
9447,1073,3455,5450
3838,0,0,4516
9868,0,0,936
7314,0,0,0
0,0,1655,9564
0,6197,0,3795
0,9058,0,0
2119,0,5724,0
0,2396,0,0
6540,0,6118,9848
5166,0,2229,9895
5002,7735,8275,0
1785,7366,0,4170
7348,4380,0,0
8302,6024,0,3737
5463,1879,0,3865
2724,0,9715,0
0,2105,0,9949
2727,2563,6856,8266
2565,7423,0,9229
9073,424,5843,4992
6699,0,0,6502
0,2222,3038,9421
3649,0,0,0
0,0,396,0
0,3556,2037,9696
4249,0,3777,0
287,6568,0,8871
0,0,5209,8489
5310,0,7626,2780
5018,0,0,0
0,7544,3886,0
5310,1452,0,4531
4258,3750,1001,0
0,698,3824,0
6691,5224,0,259
0,0,0,2962
0,6403,0,7910
5148,0,0,4105
2751,7084,0,0
7969,0,5255,5699
0,5004,5157,3624
3146,5926,8865,0
0,0,6522,0
4842,8286,7062,0
6118,0,5927,0
0,0,4139,3408
0,8169,0,2626
5032,0,5540,5865
0,2247,4036,3575
0,5592,0,8721
5409,0,6562,0
0,9422,0,0
6696,1810,0,7689
7691,0,4342,0
0,0,0,7680
5138,4957,0,0
7094,574,0,0
997,9621,2638,6926
1243,1366,6939,6354
0,0,0,8220
0,9687,297,5098
0,4418,0,0
7440,7566,0,6918
8506,8168,3037,2970
0,608,0,7087
0,0,4388,0
3593,0,5892,3293
383,9625,0,0
6642,1171,0,5575
0,401,0,7308
8847,2677,1798,0
0,2087,6890,0
0,9254,4867,0
3255,0,0,0
0,0,0,7492
4201,0,2541,0
3915,4057,6749,5181
0,0,0,4163
3687,7043,0,6921
0,0,1972,5339
1039,5195,8028,6980
0,1338,0,0
3188,2838,0,0
0,0,0,8038
8239,3635,0,1358
7995,2182,0,3090
610,7187,7652,3982
0,5105,0,0
0,0,7917,1095
1644,8990,0,3306
3220,6259,2099,9016
6299,2010,0,0
1761,7452,0,0
2904,0,9435,5380
7150,3566,0,1226
0,0,7877,0
7999,0,859,0
0,8537,0,4089
537,7368,1328,9832
8438,0,5636,7025
0,0,251,8123
5141,0,3033,8206
0,0,2120,0
0,7836,4126,2093
6406,5582,5412,3551
0,320,3957,4197
3564,8450,781,0
0,5224,4741,2145
0,0,2627,0
1950,0,7173,5596
5306,0,6963,4780
4745,3931,3468,7415
3747,914,0,0
2360,4402,0,0
0,9345,3995,361
0,3526,0,0
5472,0,5603,3514
0,4801,0,0
8082,3581,1946,0
5968,5083,0,0
0,3519,0,8048
2305,4254,0,8343
0,7603,0,0
0,6675,0,5868
5291,0,0,4160
3508,6222,3327,4251
0,2166,5025,0
3204,4098,7809,3003
1639,4838,7413,7971
5601,3806,4420,0
8597,0,0,0
131,4213,0,8650
8638,2979,5538,2960
3491,5258,0,0
0,3761,0,0
0,0,3201,2783
4706,4029,3358,5725
3486,7952,1953,0
0,479,0,0
6001,0,2102,6212
0,7519,5991,0
1795,7282,1407,6703
4882,6168,8197,622
5964,5657,6924,2057
0,8246,0,0
3580,0,0,5290
3484,8500,0,6631
0,0,3161,6508
4106,3030,4653,8357
0,0,4896,0
5858,0,4599,0
3830,0,9176,0
0,6093,6262,2501
0,0,5648,0
7607,0,0,5968
6091,1114,8526,2732
0,3820,0,3247
4236,5753,7506,0
0,8734,3252,0
4306,0,0,7369
3796,6740,6877,0
0,8099,4979,3329
6787,0,0,5650
8423,0,4238,0
3481,3914,4145,8525
2859,9710,0,0
0,0,0,9424
0,0,0,4103
0,0,0,4086
0,6515,2295,4132
5460,3611,1398,0
0,0,3043,3900
6555,0,0,6463
0,0,0,2435
0,4532,0,0
6756,3389,4518,0
5817,0,0,6010
3081,9949,0,1642
0,4516,5455,0
8057,1662,3625,0
4166,3171,8191,3918
0,3815,0,0
1738,0,6215,9841
8430,6870,1589,3174
3100,3964,9991,2931
3194,9754,0,2249
9253,0,4960,6106
9046,6752,4880,326
1312,0,0,5145
0,8242,5108,0
0,8041,0,3941
8998,5274,3768,0
7713,0,4358,0
0,0,6231,3756
0,4631,0,2162
4498,6667,1068,0
2799,0,6732,0
3463,6664,6934,0
0,0,6949,1118
0,2767,3478,9930
6614,0,0,0
0,0,7107,0
6471,1693,0,3671
4669,0,884,6549
9646,0,3396,0
0,7661,0,4098
0,2814,0,0
3501,9017,1860,0
0,7828,6552,2039
4364,0,6505,0
4071,1048,0,0
2395,7479,4583,0
0,0,2367,1916
9241,0,5040,0
194,3256,8301,7946
0,0,0,9457
0,0,0,1163
0,6012,4192,0
3105,6247,1775,0
0,4052,5733,3221
3708,0,7144,6733
0,6829,2348,6004
5187,0,0,2182
6057,359,0,6310
7,9927,392,7778
8446,0,0,0
8195,0,0,567
2145,0,0,0
0,1072,9495,1866
6262,0,0,0
0,8597,0,7773
6322,0,7683,2944
0,6355,0,1637
2305,6251,6681,3631
2088,5813,0,0
0,6439,0,935
5406,4083,3631,0
9174,1430,2829,0
4895,2886,5941,7644
2825,7241,0,4306
0,0,4734,0
1448,6194,8232,3995
8753,0,0,942
6933,0,0,73
0,0,8133,5813
2923,4167,3125,7291
3041,8435,0,0
9269,0,4659,2430
0,0,0,5096
0,2416,6432,0
0,1701,2326,5675
6972,0,0,0
0,2729,0,0
0,0,4450,7888
0,3015,6387,0
439,0,3364,8203
9565,2629,0,5996
2036,0,8682,6329
2499,9259,5493,0
4339,0,0,0
0,3622,0,1225
2463,7395,3525,5604
0,7879,0,0
7264,3789,1061,7616
7681,8826,2436,0
9972,2146,4175,1139
374,0,2342,0
0,0,6871,7617
6636,1465,0,4840
0,0,6414,8917
9391,5856,0,3757
0,0,1017,0
0,1551,0,0
6468,3028,8314,0
6567,5313,0,3230
198,0,0,0
5741,0,753,3918
3270,0,9417,855
0,0,0,4226
0,0,1548,3210
976,0,0,6506
0,6808,6872,6683
0,5427,4047,0
3652,0,6438,6945
2951,1169,0,0
0,0,0,1636
0,0,5744,0
0,6175,0,9340
5684,7500,7801,848
3288,5351,9349,0
3090,5229,0,9630
3483,3640,6850,8759
4394,5761,0,5048
0,0,391,0
186,0,0,5228
5566,8694,0,0
0,6945,6079,2140
0,4263,8122,0
0,0,8625,2785
9547,4517,0,595
0,6209,3635,0
0,0,3374,0
3503,8092,2359,0
0,0,3032,0
2867,0,6635,2400
0,2672,0,9811
0,1369,0,2228
0,3836,8155,0
4078,2305,5973,3522
6040,3920,0,0
3169,8633,0,1760
0,9219,1648,0
8955,4860,1819,0
0,0,5103,6674
4511,5001,6518,5312
0,0,9641,0
0,0,399,6257
2912,0,2484,5441
8634,1425,0,8243
6355,8060,0,1593
0,0,2048,0
4889,350,0,9942
2020,8930,4198,6517
5699,7117,0,2696
0,6411,0,5251
4909,4048,887,0
1857,4452,0,8191
3940,0,8704,0
0,4858,7504,0
0,5315,4204,0
280,9630,3184,0
0,5442,459,6805
7371,0,5773,4692
9218,5712,0,0
3578,0,5498,0
0,9580,1528,4668
5216,9170,1889,0
7982,1546,6522,0
8854,0,3779,3497
0,4285,0,4695
7285,0,80,9734
6303,0,0,0
6282,7447,5190,163
0,2272,7367,0
0,0,5722,3941
4954,4643,5211,5206
6703,4883,0,1750
2572,3164,6096,0
0,8976,0,4530
3231,0,7874,5823
4751,7029,1211,0
3548,0,8352,0
0,6040,4150,0
8130,0,6029,0
7440,0,0,5022
0,0,3191,8073
3971,0,0,0
0,8392,4112,0
5514,8549,677,0
0,2968,6354,5808
0,8049,0,0
8211,3608,3717,0
4838,4743,0,0
0,690,0,4168
0,5223,7393,3737
0,0,0,6211
2955,0,3892,0
6182,0,0,0
0,4744,0,3853
0,2938,0,6974
0,3755,0,1930
9082,0,0,62
5602,2718,9041,4121
0,5653,0,0
7593,2140,7518,7014
4178,0,2456,0
2577,6213,0,0
8737,0,2390,2168
7354,0,0,0
6436,0,0,0
3645,4927,9011,3586
7684,7799,0,0
0,4945,5652,5788
0,624,0,9491
6370,0,0,0
1968,9947,6309,0
0,4538,4317,7893
0,0,5039,9427
0,4302,2118,4526
1103,0,6150,0
5912,2553,0,0
1101,7168,0,0
312,6912,6752,8384
0,0,9014,6426
5642,673,0,3809
2448,6998,544,9092
5275,0,4373,2991
0,2604,0,0
0,6507,3476,3929
4118,0,0,7978
5490,0,4844,3415
0,187,0,0
0,5295,0,0
0,0,3515,0
250,0,9248,1947
7006,0,3313,0
0,0,0,8157
4466,4264,9990,0
5947,142,8977,5779
6375,0,0,5841
0,0,5772,2305
0,0,0,317
3043,95,0,6171
0,8223,2544,9473
0,0,0,8806
4691,8379,0,3545
0,1006,6671,9694
6469,7724,0,608
1560,0,1056,9253
4111,5562,8726,0
1142,0,0,0
0,0,7082,4848
2028,3631,4658,7342
0,0,4405,5204
3420,9673,2585,1833
0,0,6529,1844
4943,6042,7984,2158
694,9242,8783,0
5440,5295,721,7958
5120,6608,0,0
0,6007,0,6476
8477,0,5903,1016
0,2880,1419,7453
0,0,3401,0
2172,5376,4745,6940
0,8059,579,0
5294,1915,2874,9201
0,0,7670,0
8228,1694,7713,565
0,2883,8063,0
0,7460,0,7503
0,2727,3334,0
0,1815,6183,0
0,0,7023,0
3304,5122,0,6772
9991,0,0,0
5742,4311,7751,0
0,0,7824,0
9173,0,0,0
0,6992,5276,0
0,0,2474,6045
6914,9129,1553,0
5615,5469,4618,0
4363,8675,0,6066
7371,9614,0,2618
9001,0,4471,1522
8273,8150,158,3636
8091,0,958,6216
6876,3463,0,7308
4984,9381,0,795
0,0,5761,0
1184,9948,4710,3970
2074,7587,8994,701
4516,0,0,4881
0,2181,3849,4050
0,0,5609,7034
0,0,5106,0
6654,5746,667,0
7314,6727,3321,4965
3488,7242,0,0
1233,8208,2123,9480
7962,0,0,0
4186,0,0,8823
0,3547,6199,7511
5043,3021,0,0
5075,0,0,401
6250,7096,0,0
0,0,1675,4483
0,0,1921,7734
8273,0,0,0
5339,1598,7477,4890
0,4605,4929,2207
0,8419,0,7867
0,0,3533,6110
5830,0,0,0
2466,0,0,3990
6381,0,4847,0
0,9985,0,6756
2189,2685,0,0
2229,7094,9369,0
5357,6969,358,5407
7656,0,6083,0
0,0,0,7066
0,0,6512,3309
0,0,5926,355
0,3201,0,2085
3275,4693,6948,4444
3797,1075,0,7965
0,0,5243,8636
0,0,995,0
0,1910,0,7681
5904,6316,0,2269
9323,4357,5594,0
7177,5873,6801,0
7511,5490,0,0
0,0,3336,0
8600,5700,0,0
7554,3200,0,0
1745,0,4519,0
6919,0,0,0
7259,1560,5215,0
1376,5982,7331,7230
0,0,7158,296
5061,0,3500,0
967,3443,0,0
1657,0,7560,7060
5781,4289,9740,1909
0,0,7202,8796
5364,7159,4983,3324
5091,0,0,1888
9629,2452,0,5493
0,709,4929,0
0,5955,681,0
0,4515,8219,0
8158,0,0,0
5568,0,0,2926
6547,0,0,0
8340,6761,5434,119
3261,1144,9744,0
0,7873,1715,3623
3052,0,2830,7088
0,0,137,9824
0,3358,1636,0
0,0,6705,0
0,7069,5363,6982
8262,1592,5291,2360
6615,0,6444,3166
0,7670,6073,0
8169,2265,0,7495
0,3872,0,0
7746,378,0,5581
0,0,7428,6779
0,5819,7989,3494
8906,1542,0,4989
3947,7904,4741,0
0,5853,0,758
4329,5125,0,5424
0,1564,6821,8657
0,0,2913,0
7925,2803,4235,6562
8041,2866,3028,7773
8579,3700,3745,5065
0,5732,8322,0
2955,9753,4643,1025
8851,3107,4386,3452
8661,4223,36,0
0,6592,0,0
7045,3098,0,0
0,9753,0,546
5163,2072,0,0
6352,0,0,0
4383,9019,3897,0
0,0,0,7105
593,8355,5563,0
6590,3459,0,1400
7035,0,0,0
2407,6354,7767,0
0,3462,7584,0
4031,0,6769,0
0,7985,0,4109
0,0,6263,3937
6188,6013,0,0
1246,0,0,0
0,948,0,0
1435,8006,2970,6645
1913,6711,3137,0
7010,0,0,0
2785,2594,0,0
4993,0,6008,0
4978,0,0,7756
5415,3956,0,1081
4434,0,0,0
7286,1019,0,0
598,5995,7199,0
0,786,0,0
0,6363,910,0
0,5806,372,7088
0,0,3785,9681
0,8287,0,0
6690,1506,0,0
0,0,6854,3145
0,0,0,8205
4551,3399,0,0
2363,8307,0,0
4827,2242,0,0
3985,0,0,8400
0,5779,3724,2137
5696,0,0,9547
0,0,5216,3839
3580,2366,9328,0
0,3342,7914,3242
0,6902,4924,0
0,3051,0,7625
0,0,5002,6441
9455,2156,0,3792
7074,0,0,0
2342,0,932,8488
0,803,5210,0
0,5433,0,0
1594,0,866,9538
933,4435,0,4658
0,2969,3140,6871
0,0,3658,8937
0,0,3996,0
0,0,3354,6251
6150,264,7743,6952
3955,0,0,4468
0,7864,1423,7890
0,0,6636,0
0,7880,1154,186
1526,4986,0,5700
0,6755,6022,4917
4341,0,0,0
0,4462,8181,0
3223,0,0,2254
6220,0,0,2542
1538,6792,8286,0
7965,593,3471,7586
0,6590,0,5280
0,4731,5934,6842
2025,6453,7333,3253
0,5062,4999,2663
6661,3397,0,0
1614,0,0,0
0,4943,0,0
0,7484,9120,0
5541,4780,1985,0
0,1223,7388,5044
1044,4002,7325,8593
0,0,6895,0
0,4852,4583,9753
2471,6463,0,0
8798,1818,5186,3298
3401,6544,0,7449
1217,9740,1071,7960
5829,0,3640,2805
4621,244,9259,6539
0,3801,0,0
0,8444,2961,2417
9688,5618,1343,2520
6425,4659,0,6489
0,1301,0,0
2361,4116,0,0
0,2942,0,0
0,4075,7112,0
0,0,4946,0
0,587,6548,6093
0,2869,8469,0
5863,3810,2489,8075
287,0,9899,0
0,0,9335,0
0,0,5635,3920
0,0,0,6966
6171,0,7610,4401
0,4190,0,0
0,0,4133,9866
5698,5898,4431,0
7953,4360,3063,7387
0,6509,3281,0
0,0,2535,3754
2314,9689,0,7588
0,0,3701,5045
0,3187,0,2200
3034,0,3126,8601
6334,2894,7497,3688
5094,6357,0,2331
2641,0,6573,0
0,0,4360,5832
0,0,457,0
0,639,0,4720
2605,0,4931,4444
8764,0,0,4365
1031,0,4444,0
9163,0,6914,526
5474,0,4795,0
1873,1279,9948,8526
6396,987,0,0
3656,5301,4094,7787
6459,5720,0,3372
7529,0,9021,2173
0,6566,0,0
0,0,6088,0
5230,6188,0,6575
0,0,6122,4383
0,0,0,3868
9637,2177,0,7904
2963,0,8971,3951
2371,0,5438,0
0,6643,0,7463
406,5950,8437,4968
953,8253,0,8367
0,3638,0,6399
6817,300,6580,0
7882,6352,313,4172
6621,0,0,0
0,0,1627,0
0,6481,4583,5813
0,8720,0,3079
5705,1052,8137,0
0,0,742,7086
5001,0,0,0
4176,4219,0,0
0,224,9396,1994
3945,0,0,0
0,0,7643,0
2682,0,5682,4966
3811,3140,7338,5929
0,1850,0,7747
0,3387,7959,2168
0,157,0,0
0,4135,8615,4017
6238,1778,3163,9593
5945,6655,5280,0
9911,0,0,6136
3697,5530,0,0
0,0,0,7002
4231,0,0,3257
7081,5267,0,1403
0,6148,0,9520
0,4567,761,7710
6254,1413,6342,7057
8059,7504,4953,731
5157,4889,5895,0
3056,4837,5248,5640
3858,7978,1268,2598
7352,4378,2825,7956
9768,0,1109,0
4173,1880,6313,5623
4066,8400,7907,2444
0,3600,0,0
0,0,0,8234
2057,6757,4082,7791
2123,0,0,9727
0,9030,0,0
6429,5610,3895,2361
0,3941,8477,0
6637,0,1318,3660
0,1931,0,0
0,0,1287,8526
0,1906,4313,5799
0,3331,6177,3066
1748,0,8927,0
0,1050,9829,5939
0,0,0,1011
1316,0,5764,4454
0,6663,0,3646
9306,0,0,1644
6866,0,1445,6478
2254,0,0,4093
0,0,7907,0
1907,6113,0,4677
0,8333,6311,0
6372,0,0,2536
0,0,0,3190
9531,0,3118,4085
3328,3123,2117,0
0,0,5798,4075
0,7728,0,0
0,4142,5301,7831
0,6568,0,0
6950,0,0,1318
6177,3810,0,0
2033,9343,0,0
6293,6466,136,8905
0,8357,5041,0
6548,1095,9403,2795
473,0,3851,0
0,2270,6763,4743
2091,2085,6309,0
3065,5758,0,7789
6701,0,0,5931
0,8575,0,7790
8538,906,5490,2711
3973,6551,0,6117
0,4088,6380,6234
8686,130,6794,2147
4888,6298,0,0
8584,3161,0,1709
6834,0,0,0
4321,0,7027,0
0,4579,6345,5075
6853,0,1783,3208
0,6004,6599,7231
5585,0,2185,430
6029,1826,0,0
0,0,5850,2428
9510,4210,3079,4072
6993,779,9477,0
4293,0,5121,0
0,0,913,0
3578,0,2398,0
5025,9290,419,0
7177,7406,0,4774
2633,0,2284,7996
0,5585,0,4752
7982,2791,5628,3324
0,0,0,9893
1616,0,0,0
7174,0,0,7831
3900,0,0,3583
0,0,8666,6229
6078,0,5377,7351
0,4405,0,0
5269,0,0,0
0,0,53,0
0,2375,0,4920
0,6228,0,2612
2999,0,2362,9959
0,0,9828,0
4063,0,8741,0
2583,7423,3338,6490
0,0,0,4294
1071,0,652,8088
3153,0,5570,0
0,6855,6388,0
3115,0,0,0
2957,0,0,2572
4079,9782,0,1540
0,4163,4767,253
1198,3763,8811,7319
0,6933,3020,4840
1566,0,0,0
7905,4603,0,0
0,0,6389,0
6435,4813,4374,4317
1758,8147,8912,3017
0,0,0,2431
0,0,0,2741
5164,979,9458,0
0,0,4989,8305
5550,3801,0,0
4320,0,0,0
2266,4290,0,7140
4229,4094,6365,6531
3911,7937,0,5177
0,846,6553,0
4518,2432,0,0
0,0,0,7787
4414,0,4151,0
1932,0,0,6154
0,2120,9685,0
6913,1268,4880,0
0,0,2531,0
0,12,0,9724
3178,0,6514,4432
5822,588,0,4023
0,0,7160,0
0,2551,0,2677
6804,0,443,0
2874,0,4275,3781
5777,2033,227,0
1490,7992,0,4789
5680,0,2472,0
9403,691,2603,0
9494,4745,0,2884
4119,0,6664,4117
6039,0,964,4241
0,0,2224,0
0,0,0,120
2847,0,617,0
6035,0,5862,2733
9168,0,4226,0
0,5428,0,8021
652,1101,0,0
9659,3469,2700,4851
4972,0,3708,0
4054,2493,5459,6171
0,0,6439,0
415,0,0,0
7664,3054,0,1171
3636,0,0,3231
4950,0,608,8335
2704,0,0,0
2974,5222,1776,7810
0,0,1646,0
0,0,1016,0
5015,0,1983,0
5077,2223,0,0
4718,9392,0,0
7392,0,0,0
4434,0,4197,2574
0,0,2462,0
9094,6247,0,2257
7400,0,8583,0
0,1817,2335,9292
0,7200,7046,2488
3628,7472,0,0
5577,4220,7556,0
2181,0,0,7496
0,8422,0,0
0,4956,1900,7543
7901,4361,0,5435
6840,5061,0,0
0,6248,2772,5123
0,2698,3203,0
4066,5718,0,6723
5272,0,168,5900
6576,0,273,7253
6880,0,0,8191
4105,0,81,0
3781,2642,8672,0
7039,3512,3560,4828
6486,0,164,5197
3826,1041,8554,0
5916,6521,4468,4502
3131,0,9606,416
0,3267,6775,0
8155,1023,0,9178
6559,8079,3689,1052
0,1273,6402,0
3434,2976,0,7383
0,8730,866,0
661,4663,7156,8956
9063,2488,0,3213
2310,7032,0,5290
7688,0,4753,0
3527,4135,0,4683
0,0,9796,1926
0,6646,65,0
2278,0,0,8696
0,0,6967,0
5800,4356,5488,0
7608,7104,1878,0
6685,2413,2516,8475
2732,4729,5483,8553
8918,14,0,3390
5937,0,5756,0
683,5298,5515,0
2533,0,8135,3216
4131,0,0,0
3530,0,8871,0
2128,5012,5753,0
1879,3870,4826,8924
1126,6473,8318,6568
0,0,0,5904
5816,4697,0,0
0,3008,1323,8560
0,4015,0,0
0,0,4115,3813
0,0,3890,0
7499,0,0,3507
1813,5005,0,6840
931,0,858,0
0,3232,0,0
0,5808,0,4201
7016,3355,0,3515
0,0,798,5849
0,0,1607,0
1051,0,6367,0
0,0,0,7829
9749,0,3341,4465
0,0,6998,0
247,0,9950,8460
4224,0,0,8528
0,5494,0,5553
0,0,9094,3848
429,0,1373,0
3979,1329,9102,7114
0,0,0,7898
0,0,1029,9886
0,0,0,3725
7687,0,0,5556
7548,256,4822,5757
0,0,6996,4607
6346,8996,0,1509
2671,0,0,0
8694,0,5292,380
0,0,0,4460
0,2553,8106,3889
6080,1839,0,0
5111,0,1355,0
0,6380,3262,2956
4667,2111,0,5920
8483,1911,701,7827
0,0,1597,0
4995,2954,0,0
7182,0,8484,3814
0,5667,0,7042
8543,0,5497,7320
7433,3663,6440,6266
0,0,7867,7087
8791,4342,280,0
0,1822,0,8844
4253,888,7509,0
0,0,9732,0
5773,0,510,8037
0,0,2485,0
0,0,7496,0
0,6438,0,7584
0,0,6525,0
0,7279,4438,0
3966,5174,4132,8803
5891,2116,0,0
0,4445,1117,8831
0,781,0,0
0,0,4406,0
0,5553,0,0
0,327,9225,0
9140,1767,0,6352
2494,0,3156,0
5786,9947,0,0
7150,99,5056,0
295,8639,0,6136
0,0,7789,2469
8902,0,0,0
1003,3445,9068,4823
0,1792,5428,0
7333,0,9365,1640
5660,5681,6373,0
7511,3906,1990,0
0,353,0,8571
8303,2642,5138,2744
0,0,8682,3985
6244,0,4318,3740
0,0,3243,0
0,8068,5193,0
0,5960,4457,7753
0,3836,7081,1614
0,1382,3995,0
3407,0,0,9748
0,6831,0,3807
2348,8945,3275,7892
0,2750,6174,6042
0,0,4759,5183
5464,3693,5316,4585
7402,0,0,0
9148,6970,0,0
3701,3532,0,7881
9678,0,0,2987
2334,7273,6607,1756
0,0,3010,0
0,0,0,4562
8566,0,421,0
0,0,4935,5169
0,0,2450,3707
2126,9367,4815,0
0,3225,8937,0
6088,4012,0,8216
6462,1333,4642,0
0,280,0,7929
8647,4849,0,0
0,7643,5283,0
8160,4826,0,5016
0,2803,6359,0
0,3909,6197,0
3995,1866,0,0
7809,0,2358,7753
2621,7154,8302,4209
2087,7291,0,0
9198,3659,0,0
0,991,4039,8057
0,0,0,3564
2004,2367,4037,8706
4094,952,2905,9728
0,0,7478,0
9001,0,6385,3884
0,0,3284,185
5450,6303,5538,5501
296,8860,7828,1903
7310,0,0,9734
6654,9547,4226,2113
9954,4492,0,3876
9550,2937,1947,0
3213,7391,0,0
0,9285,0,0
0,1131,0,0
9153,0,4265,1140
0,0,0,7063
0,2667,5140,5127
5916,5321,2171,8666
3931,8710,7064,0
0,0,0,4293
6558,0,0,4030
8241,0,0,1618
6660,5233,0,7777
0,3244,4604,0
6454,0,7184,4390
2154,9962,852,5496
5254,0,0,1664
2818,0,3458,9395
0,0,3850,7433
5374,0,0,0
0,4244,5150,2993
5790,5120,4436,0
9773,6050,0,1699
2964,0,9160,7449
5227,0,544,7739
1639,9762,0,0
0,0,1110,0
0,3326,1884,8023
0,3113,0,1352
0,0,6889,0
6001,0,4584,0
6914,0,5359,0
7695,8257,0,2390
938,0,6021,0
3389,9827,5278,1889
0,7243,115,7158
7732,0,0,3145
1109,0,9471,0
4004,1420,9091,5274
3618,3451,0,0
6524,3431,0,0
0,5397,8194,4532
5256,0,0,4870
0,0,1370,0
4721,7601,2850,0
3735,0,8028,0
0,0,3440,4635
8712,2067,0,5572
7628,296,4806,0
0,0,7536,0
1599,0,0,8215
5146,8292,0,1234
0,6499,0,6172
4690,7553,0,1097
0,8441,0,1313
3982,6858,1773,0
0,0,0,546
0,6363,0,0
7291,0,2826,0
7983,0,6738,2670
0,5548,0,7328
2499,7037,5551,5976
8318,5594,685,5312
0,3767,0,0
2577,0,0,0
4891,0,0,1291
1307,0,1463,3718
0,7232,1637,0
0,6173,2001,8386
0,0,0,3976
1979,5576,0,0
1554,0,0,0
4478,2437,0,2494
0,9404,0,5020
5537,0,2655,0
4474,9810,0,4820
0,124,6054,0
0,6231,0,571
0,0,3558,0
5425,6333,0,0
3757,5298,4752,0
4159,2108,0,5235
0,2957,6906,4404
0,0,4199,0
0,0,2472,4318
5201,0,4761,0
0,0,0,3580
1654,2912,4069,9317
2126,3157,8272,2767
8371,6730,0,3231
9613,4390,0,0
3958,0,5878,0
5013,0,0,3989
0,0,0,4127
2425,8337,0,0
2906,6016,6601,5719
0,7217,0,0
0,0,4549,0
0,0,8092,4670
0,6728,29,8117
0,5039,5414,0
3907,0,0,7134
0,0,0,317
6413,0,1286,0
8170,4555,0,3355
7248,302,5163,0
0,7858,0,0
3687,0,5946,3802
3268,3465,0,0
6264,0,2059,6506
8715,0,3594,0
0,5378,0,0
7330,670,0,8544
5276,5734,4386,0
0,0,7026,0
0,0,3029,7085
0,4571,754,0
3433,0,0,3432
2143,0,0,4007
858,5415,0,3580
0,0,0,4958
0,7837,1070,0
7495,557,5593,5584
5231,0,7885,1695
4797,3377,1564,9960
0,5051,1458,0
0,0,5727,2995
6940,3558,7457,0
5074,0,5416,297
541,3904,6210,0
2178,4723,0,0
0,0,4845,0
7070,6398,3823,0
2283,7606,1436,7622
0,0,6767,6084
0,7012,0,0
5543,5977,5319,0
7353,17,8530,3680
2888,6046,4167,0
0,0,5573,7562
0,7785,0,0
0,5331,2171,2330
4092,9715,1551,4943
4748,0,439,0
0,5855,6299,0
0,0,0,3924
0,5009,550,7601
4923,7393,3219,5258
2863,0,0,0
0,0,5810,3089
7484,3601,6936,65
3712,7994,5921,0
0,4852,6161,0
3832,7568,0,0
6626,3611,3827,5735
0,9554,0,0
2168,0,0,0
0,4682,3387,8472
5689,0,5989,0
2373,2551,6992,0
2289,6379,0,5803
0,0,0,1321
0,0,0,3858
0,1750,8673,6290
1926,0,0,9211
5471,0,6910,0
8068,4920,0,0
0,3656,5768,656
2437,0,5254,6932
0,7994,5102,1274
6452,0,4138,0
4947,3243,0,7447
4435,0,0,0
0,0,2247,5148
7328,0,0,2786
0,3384,0,2415
0,0,7821,6526
0,0,1612,0
0,0,8218,4693
2923,0,0,5768
0,1340,0,0
3156,0,8287,3155
3048,5404,4474,7766
0,0,0,5722
0,0,0,5727
0,0,7233,573
5104,4016,8675,0
0,0,3634,0
6451,0,5986,0
5710,3752,6496,3116
4035,9692,0,0
0,9022,4375,0
4720,8433,297,4686
0,0,3933,5080
3714,7694,0,0
0,3896,3136,0
1693,0,4930,0
6220,713,6625,5605
0,1684,8540,7529
0,3056,8155,0
0,0,8163,0
3622,0,6914,2846
2958,0,9353,0
0,6559,4703,0
5730,0,0,0
5557,4676,6208,4726
4387,0,0,6191
9650,0,0,4352
0,0,0,4165
0,0,9562,4914
0,8907,0,1454
2973,4296,0,0
0,0,3535,0
0,9753,0,6021
0,0,0,2440
4468,0,0,4431
3690,0,1911,0
4710,6060,0,0
2753,9399,0,2600
0,0,0,1363
3918,0,5464,7814
2173,6947,6723,4617
5871,3953,0,8727
0,0,0,4953
0,5624,9297,0
0,0,4592,0
0,0,4291,1468
8763,565,0,0
4881,508,0,0
4447,0,7638,3392
4596,1925,0,0
0,3386,8871,0
5629,0,2888,4714
8914,4046,0,1172
0,0,0,6563
2132,5171,0,0
7716,0,0,0
35,9476,0,0
7877,6050,5181,2923
851,5872,4270,0
4986,0,0,6076
0,0,8875,0
3166,3156,6800,8085
8568,6116,2429,4768
400,0,4784,3258
5723,0,0,4915
0,5619,0,0
5714,8729,884,3608
4529,0,8251,4148
0,0,4874,0
0,0,5541,7489
0,1102,7255,7767
0,4277,8821,0
716,6809,0,0
0,0,4964,0
7977,0,4601,2952
8186,6133,0,0
4716,0,2254,9534
0,0,166,0
0,6644,0,4213
0,5364,0,0
0,3192,0,3842
0,3936,0,6831
6849,82,4344,0
5882,0,3015,0
5012,0,0,0
0,7386,0,0
4942,0,0,0
2537,0,4538,7715
3972,93,8067,7495
9868,6388,0,1233
0,1578,0,0
4509,0,0,6782
0,3431,8652,0
4356,353,0,7991
4379,4313,0,0
0,6837,9033,0
0,0,4093,2499
2573,6954,8455,0
5218,8865,6128,0
4328,7626,7372,1727
0,8178,0,7017
0,0,9387,2441
9097,4253,5070,0
0,5366,4093,8015
0,635,7737,0
8566,0,0,0
5491,7588,6638,0
0,7140,0,8342
0,1437,0,3899
0,3390,0,0
3809,8385,0,5066
7070,2600,7047,3381
3937,0,5837,5486
0,2307,0,0
0,0,7760,2397
0,3068,4027,0
0,2068,8683,2894
7595,0,8090,0
4739,0,0,4803
0,4876,7642,7425
957,0,2948,6077
0,4174,0,8612
0,1216,3618,0
9301,914,0,5122
0,4338,4866,0
4874,2908,2676,0
7516,0,1623,7933
609,3201,3039,0
2743,3385,7277,6830
0,5379,0,3380
5051,0,1445,4539
1414,0,0,9193
4386,8572,0,0
0,1144,8968,6405
8171,5334,5208,0
0,6984,1656,3250
4019,3520,0,2669
4759,0,9815,3151
0,6105,1389,0
5403,2833,4622,4998
5749,8075,3810,3528
7149,0,8106,0
0,0,0,6045
3351,0,3353,7000
3640,6036,4320,4966
0,0,7417,0
3976,0,604,0
0,6539,152,0
0,0,5025,3461
0,0,8849,2840
0,0,4731,0
0,7606,0,1661
0,3089,0,3110
2257,0,3429,6708
1450,0,2563,7484
0,6043,0,6999
0,6944,0,0
9617,2716,7442,2067
0,6246,8009,7357
3303,0,2509,0
0,0,3163,3637
4403,0,5047,4701
0,0,3342,0
0,4237,2217,4763
0,0,0,6031
6644,2763,4981,5083
9894,5421,849,3409
4695,3975,0,0
576,6986,0,4475
2593,0,0,0
5594,2632,6519,3984
0,3401,0,0
4427,0,0,0
0,0,6305,4990
2175,6940,0,9800
5058,0,4182,8614
5914,6687,7226,0
0,6274,0,0
0,0,7558,0
0,539,2109,9273
6637,3491,6560,0
0,6697,4997,1708
0,6788,986,0
8037,0,0,1878
0,0,0,7057
3176,6853,8192,1840
0,9701,6134,0
0,8621,0,0
0,0,5920,4395
1869,1301,8756,5530
0,0,0,4143
4402,0,3627,9502
647,5949,0,8905
0,3219,7593,6725
7026,0,4396,0
0,9616,7971,3615
6425,0,0,5807
0,7475,1139,0
5105,1091,9534,7528
5315,3302,0,2832
5214,0,0,0
0,8618,0,4397
9646,0,0,0
7595,0,0,0
0,0,9476,3814
3206,0,0,0
9161,0,0,0
1449,0,9695,3730
0,5296,1867,0
0,1228,7053,930
4394,6191,5986,3716
8503,3458,3337,4414
0,0,0,7431
0,554,5383,7967
2578,0,8975,7131
6056,0,0,0
7348,0,0,3977
1224,0,9430,5826
7650,756,6249,0
0,7353,9725,395
0,0,4459,5949
0,0,0,7598
4475,0,0,0
0,0,2241,7027
0,0,0,4524
4342,5856,0,0
0,0,5465,3970
0,0,1174,4258
1025,0,0,0
7547,0,2208,6249
4570,6837,4263,0
5439,0,9429,0
0,6084,0,5872
0,0,5919,0
5161,3327,6086,7209
0,0,9383,4878
4406,7487,6308,0
0,5374,2923,594
6744,2936,0,0
6050,0,0,0
5524,3463,7949,0
0,7907,0,541
7622,0,1111,0
5320,2562,6885,2880
4066,0,6864,3115
0,1836,9506,0
2098,0,6377,5693
6467,0,5157,1263
0,0,9381,0
0,2063,2369,0
4242,0,0,7542
5321,6370,0,4469
0,5354,730,6683
0,0,1041,7899
3526,0,0,8481
9049,581,0,3999
3970,1741,0,0
3891,3801,4088,7891
5970,4570,0,0
0,2084,3221,0
0,4995,0,0
0,2567,0,7232
0,4091,0,0
0,3183,7302,6056
0,2609,8197,8529
0,4933,6174,3116
7317,3112,6660,0
0,0,7133,0
7788,4356,0,5396
7880,0,0,0
1869,8276,0,8869
5029,6102,6371,0
0,8391,0,0
8211,0,6380,3555
0,1869,0,6864
3604,6973,6354,3772
7774,5555,0,0
6884,0,567,8373
3604,4656,5527,0
1134,0,7360,0
9220,0,0,0
0,0,3639,7425
8970,0,1694,5646
6219,4167,7369,1403
3141,8967,0,0
1479,6642,6310,4864
4358,6972,8411,0
0,1990,5963,6940
0,0,7995,0
5501,3606,7660,0
5337,6782,3112,5371
5277,0,4312,0
6102,3107,0,0
0,9045,6187,0
0,0,4314,6407
9701,1611,3362,7791
0,9740,4555,2741
0,0,0,3456
0,3591,2890,6201
0,5865,9928,1746
0,3789,0,0
1020,0,0,0
5791,0,8262,621
5141,0,0,7721
9896,3000,5088,0
8311,1855,0,3287
1552,0,0,1651
5625,8423,0,0
4578,9419,3932,0
4732,2254,6748,5838
2933,0,0,5076
3594,7998,0,6263
4368,4205,0,0
0,0,6589,8736
0,6190,0,0
0,0,7669,2978
0,0,0,7763
0,5427,2507,7983
5206,5897,7224,0
0,2533,0,1221
2278,6427,0,2397
3242,103,6735,0
8050,4750,45,5538
0,0,535,0
5046,6193,0,7065
2694,0,0,0
4069,0,0,7739
0,0,0,8956
0,1961,0,5236
0,0,0,4603
6095,0,2345,8046
0,0,1662,7186
4058,8042,8014,1277
0,0,0,5281
0,7947,3977,8795
9690,2725,8883,261
0,8331,6323,530
0,5799,590,2603
6987,4377,1855,0
6578,0,0,4454
4632,0,0,2031
7425,0,5213,0
2332,4886,9319,3549
9483,1896,3413,0
0,0,5480,8530
0,821,9875,2357
0,4025,0,0
4509,0,1004,9120
8497,0,0,0
4019,0,0,8526
6763,6029,0,4895
7403,5120,0,6711
0,3020,2669,7098
1912,7963,0,7403
6643,0,0,4280
0,3707,0,0
4564,7982,7122,1259
2193,5018,0,5003
2715,0,0,0
4239,0,6845,0
2429,5255,6920,0
8982,3658,0,0
0,0,3470,6062
0,6536,0,4278
4567,9904,0,0
768,3643,9515,4498
0,0,3764,0
8822,2762,0,4271
4234,4909,0,197
661,9371,4086,5166
0,3516,5986,8159
0,0,2579,0
0,2341,0,0
0,4148,1200,9556
0,2433,6893,2881
4135,5558,4881,0
5108,4204,0,7079
0,9880,0,143
0,0,0,5561
0,9018,4401,4118
8405,2294,0,0
0,0,0,3768
8278,2910,7599,0
2708,1012,5565,6352
0,5934,5849,0
0,5758,1938,7982
2076,6156,8000,2772
3389,3886,4431,0
0,0,5837,4656
5597,5471,5377,0
2103,1466,0,7136
1471,6698,1573,0
0,0,8478,449
542,0,0,8803
2912,0,9403,2883
9710,0,0,1465
0,3234,3750,0
2678,0,9987,0
858,3453,7564,0
0,9305,2131,0
0,0,7802,2834
5942,6164,0,5925
0,8197,2174,0
7652,0,5690,3488
4439,0,0,6057
1400,0,2431,5140
9215,0,3829,264
7340,3923,0,5579
0,0,0,8273
8216,1227,0,937
0,7492,1374,7870
0,2502,0,8057
5567,0,7687,5721
0,0,0,4787
0,0,6776,0
0,0,7072,526
0,3069,0,0
6377,6048,3106,0
3686,1882,6420,6592
1372,0,0,0
7805,0,230,0
0,0,1713,0
895,6828,7365,0
4349,9644,1371,5852
6999,955,9523,941
6752,5817,0,0
6303,0,2460,5383
2705,0,9318,0
0,0,4422,0
0,4625,1388,7351
0,0,7535,1750
4238,4619,6988,5239
5786,6207,7009,0
0,0,783,0
8507,1079,0,8420
6141,0,4254,5750
0,0,7690,0
7745,4093,6200,0
3476,0,5827,7772
8710,730,0,7396
832,7912,3313,6282
1649,7962,0,0
3416,3678,7223,5269
8628,1528,3078,0
0,9479,0,0
4381,7044,1995,0
1149,4340,0,6916
1565,0,0,0
5677,6598,1339,8558
1179,4215,0,6468
5305,8745,0,0
5298,458,7097,0
1008,7774,4239,6259
0,8558,0,0
0,6939,0,0
2513,0,4321,0
0,0,0,353
5553,9879,0,0
2967,0,0,3060
8515,3171,7922,2770
6274,5540,1939,0
7987,0,0,0
0,3165,3520,1884
8754,615,4262,4190
5863,0,8598,235
2213,0,1664,6877
0,6007,0,954
0,0,1459,0
4231,0,0,0
8056,0,0,6046
5325,2518,4853,6504
7522,5441,0,0
0,1699,4228,5324
0,2457,0,361
0,832,0,0
0,6478,2789,0
0,0,4516,9746
0,0,80,5080
0,5024,4602,1196
1797,0,7124,0
3572,5160,0,3563
3305,0,4902,6054
1947,6729,5675,6603
0,1470,4958,8775
0,0,7174,5674
0,0,1659,6837
5558,0,0,0
0,0,3629,0
5291,6593,532,6309
0,7173,1029,0
0,4264,4201,9143
0,0,7076,3283
0,0,0,4999
5728,0,1190,0
7096,2195,0,0
0,2852,1176,8033
0,0,4938,9982
8306,2802,7293,3523
6910,0,466,0
8040,3630,0,6579
3627,0,9195,3306
8952,1762,5498,6051
0,3311,0,0
8458,0,3448,0
5680,0,0,0
4570,0,1200,0
0,5003,0,0
0,8081,718,4397
3354,0,1108,0
0,0,0,7775
6581,4657,0,0
0,4918,0,4809
7782,1878,0,4438
422,0,0,0
6864,0,2960,5317
0,4553,3747,0
0,0,3262,123
2614,7081,7668,1038
7321,8762,3469,0
0,0,5951,3531
0,9718,1314,1126
0,4255,0,1146
4020,0,6266,0
4459,9481,0,3831
0,603,6874,8096
2404,4490,0,7283
0,0,5970,4697
6908,0,7155,0
4795,7142,0,0
7375,3620,1773,6132
9726,6083,957,0
0,0,0,7649
4566,0,7476,0
0,8662,2947,0
2335,0,0,7779
0,0,8928,1895
2689,2602,5713,7274
0,3990,0,6241
7478,2300,5925,2063
7889,2388,2850,0
0,0,4743,4145
2403,9852,4263,2365
0,8516,0,1706
0,7100,4315,9914
0,358,4408,8463
6836,6040,6031,5257
0,2247,0,8299
0,1837,2207,7440
0,3038,270,0
5546,0,796,8737
0,2861,7341,4471
0,4219,0,0
0,6083,0,3751
6984,6818,0,0
6844,2456,7733,2002
6404,3596,0,8151
9193,0,6132,277
4191,7332,0,6944
6489,0,8493,7299
795,0,8954,9668
0,7591,3798,4862
0,6516,0,8754
8513,739,781,0
6504,0,0,6326
0,2730,0,3787
7733,2616,6767,4122
7804,7545,0,0
3879,8373,3792,3383
8127,3458,7454,2262
906,5683,0,6628
0,1417,0,247
6104,2005,0,0
75,7938,4897,5079
0,5368,5373,0
0,9590,0,4727
0,2915,5168,3041
0,434,0,6149
4558,0,7576,0
3314,0,3477,4743
6822,0,0,4890
0,3328,0,5118
5615,0,0,6669
0,0,0,5212
0,2939,4896,8533
479,4581,0,9951
0,0,4535,9762
8240,6646,0,0
0,6721,3750,2496
0,0,1155,7244
0,7790,1208,5728
6078,3192,4591,4329
4584,8142,1200,4840
0,661,9877,3056
7267,2116,0,279
6981,4349,0,6837
5256,0,2193,0
6444,6394,0,3879
0,6156,7995,2391
0,3483,773,0
5388,8934,3253,0
9859,4004,2657,2503
1674,0,0,6453
3775,3504,0,5049
0,4714,0,5089
0,0,3502,0
0,7730,838,7155
0,691,7210,9947
3872,0,0,0
6552,3903,8959,1444
969,0,6305,6524
6180,0,6420,4891
8798,0,6179,1228
3957,0,446,6206
6614,4614,0,6870
0,0,6649,4098
2002,9168,0,0
3712,0,1562,0
0,0,0,1166
2061,434,0,7995
0,0,1887,0
0,0,9983,6642
0,0,0,5126
0,7727,787,5542
5870,0,0,0
4392,6564,0,0
0,6297,0,0
8976,2812,0,2579
0,2923,0,4335
5322,3,5284,0
0,0,8213,1960
1798,988,9150,6402
1726,8605,1194,6927
0,2868,4846,0
1271,0,7017,5272
0,1131,0,7299
9379,3421,2171,5161
0,0,2924,0
2624,3384,4420,0
1251,4965,0,8639
4781,0,8432,0
0,0,0,2749
0,5482,2907,0
1214,7038,7553,2692
0,9999,2603,0
134,6165,8514,5930
7580,2475,0,0
0,0,4122,7035
5312,0,5186,4104
0,0,6105,0
0,8947,3850,0
0,0,0,3744
7845,3652,0,0
0,3404,3559,0
3112,7464,5712,4099
4727,4398,8939,0
7821,4545,0,3894
5992,0,0,2970
4629,6731,4664,5190
8092,0,4021,5479
0,4146,0,0
4260,3838,0,0
799,3848,0,0
1302,8603,0,0
0,4480,8632,0
568,4869,5223,8670
0,0,3566,7775
2655,3743,0,0
1047,0,5809,0
2350,0,0,5337
7034,0,0,0
3935,0,8677,1329
0,0,0,4121
3536,6487,0,3304
9165,0,0,1044
7490,0,0,2495
0,9972,0,0
0,1621,9546,0
0,1156,9629,1855
0,0,9453,742
6253,0,0,8226
1132,0,0,4908
8440,920,4096,0
0,1505,0,0
0,0,6730,4731
0,0,3378,0
0,784,0,8462
7256,739,7340,5350
0,5544,3418,2936
0,9701,0,0
0,3177,4329,2562
0,6896,3621,0
6710,111,9519,2487
0,8544,3718,0
8861,3913,991,0
5924,1960,3813,9635
4933,0,3273,9263
4881,2564,6303,5530
7085,4783,3077,6341
5130,0,6796,0
6658,0,0,0
5758,0,1900,5186
4860,8288,1664,0
0,0,0,8289
5219,833,4939,6978
2138,5398,6622,5121
5058,7536,0,5465
2629,0,6548,8999
0,0,0,4241
1419,8473,0,4411
5613,3484,0,0
5247,0,6583,2222
1981,4130,8651,2107
0,5149,0,1258
0,8879,5598,3232
0,0,8435,2143
2769,0,0,8095
2325,0,6860,7774
5935,6311,0,2373
7646,6315,1856,2781
1093,6310,0,0
4461,7162,8858,351
0,8083,8287,0
0,0,3349,2490
8363,2092,0,3391
4230,0,0,0
0,0,4462,4751
4056,5530,4125,9035
6985,0,837,1669
5313,0,0,7216
7139,1631,6832,6110
0,4679,0,7666
6455,1157,9075,0
7469,0,0,779
0,6353,4451,0
7181,3793,5428,2970
0,9898,0,8014
2819,0,5478,0
8451,0,1910,0
2095,7388,5585,0
3634,8056,5838,3589
6541,204,3691,9696
9978,2163,0,0
8896,1860,0,2313
0,5418,0,3120
4605,0,9349,0
6689,0,7554,1868
0,0,7156,0
0,0,2700,0
7414,1351,0,2130
2597,7042,3595,7186
8660,7973,0,237
5308,0,4075,0
1950,0,3647,8704
8531,0,5213,3893
5113,732,6944,7685
5934,0,0,0
0,5277,0,9528
2238,0,6991,7490
0,4641,0,0
0,6004,3345,693
7907,5143,0,0
2603,0,0,9198
0,6555,2220,0
0,6438,0,0
2477,8059,0,8315
9983,4704,5856,2086
0,5220,3247,0
8338,2274,0,0
5078,2440,5447,0
3870,0,0,0
0,6541,2470,6202
3807,1942,6075,0
6701,7289,1180,4122
9149,1879,0,0
5345,9072,0,0
1731,7649,2273,0
3831,0,5657,5850
5564,0,836,6165
0,0,0,3410
9668,3030,4237,1700
0,9735,0,6661
4622,0,0,4817
8592,7357,0,0
3222,5162,0,0
3608,6862,0,0
3099,0,4460,6495
0,0,9001,0
0,5472,0,0
3796,6946,4935,0
0,0,5207,957
0,6433,1520,0
0,0,212,5626
1129,6818,0,2775
3642,2115,6954,6985
0,0,0,629
3906,0,5837,0
3065,8894,0,0
7074,0,0,0
5994,3458,2192,0
6103,6301,6170,0
0,6727,2186,7486
9433,0,0,0
0,2539,2069,4650
3015,4672,0,0
3519,0,3492,3871
4578,0,5720,3764
220,0,8672,0
0,2622,6309,1164
7740,6495,0,2649
4412,0,3459,4444
0,4786,1617,0
4682,4336,0,6736
0,3117,3366,0
1523,0,0,0
1342,8573,7695,5146
5228,0,6045,0
8561,0,0,3740
4917,5274,0,8341
7015,0,5946,3993
2772,8308,0,7473
6054,3047,5018,0
6506,439,5268,0
3049,4376,0,0
1849,2968,0,7893
0,0,2045,0
7335,0,74,7134
0,5338,529,8431
8546,3383,4793,0
5056,4500,1473,9699
861,5755,0,0
0,8765,2275,0
5291,4667,6939,3467
328,0,4802,6478
0,6933,4567,0
0,6068,0,0
8270,4670,3930,3714
9337,3597,1652,7564
2354,4800,5964,0
5489,5776,617,8786
7776,0,0,3662
5503,7362,2606,3641
0,0,0,5478
7945,7957,3941,1037
958,0,9393,0
0,8472,0,366
5405,2385,0,9226
0,7145,5748,0
0,5277,0,0
0,0,5995,8902
0,3947,2626,6042
0,5762,12,8976
0,7312,7396,3424
4775,2297,0,0
1453,3441,8972,3617
2924,0,6296,1917
0,7011,1983,0
8572,6490,317,5001
1255,0,5768,4493
2950,5890,0,3079
0,0,4244,0
0,0,5999,0
1540,2621,7971,0
9986,2850,0,3734
0,1183,5461,7482
0,0,8868,7787
185,7653,3892,5786
1505,0,0,0
0,9684,2216,5520
5668,0,0,5596
0,0,0,2158
0,730,6164,4298
0,1901,9215,0
4372,0,923,6249
1914,0,0,9052
0,6012,0,110
4306,0,0,0
0,4474,0,2287
0,0,0,4318
0,0,2740,0
6229,0,5304,0
903,0,1626,0
0,0,8819,0
6496,3381,3766,0
8034,0,0,0
3032,0,0,6515
4520,4467,0,885
7624,0,660,0
8346,0,4874,0
3248,5694,3202,7200
0,1596,0,4119
0,319,0,7077
4137,7217,3941,4886
6208,7188,0,5672
0,1221,7848,0
1501,0,0,0
6561,6476,3383,0
63,0,0,0
0,0,0,3683
0,3295,5130,0
0,6590,2230,0
5600,0,7298,2847
4202,0,0,4838
0,9977,2307,0
0,0,0,2837
0,4130,4746,0
590,0,4620,5262
2678,0,0,8209
7622,5645,3323,0
0,0,7329,4900
3144,0,1847,0
0,0,0,7290
7454,5383,3987,946
3931,0,608,0
8391,5336,1808,4342
3378,6059,0,0
4038,0,0,0
5599,0,0,0
0,5984,0,0
0,0,0,6574
6203,0,0,1174
9896,0,0,4219
6348,2265,0,9129
0,0,0,6350
1485,5218,8053,5779
6652,6387,1433,5670
7429,788,1887,9917
6249,7325,0,5269
5417,6732,4381,0
0,138,0,0
5250,7196,6991,0
0,6127,3324,0
3760,3949,0,0
5324,5319,0,3202
0,5260,7425,0
2477,0,3194,8286
2506,0,0,9679
0,0,1981,0
1247,3087,0,8845
0,0,0,7855
2213,0,186,3130
0,9522,0,3677
8493,5341,4288,1972
0,0,6963,4738
0,1977,5901,0
2118,0,9468,6043
0,2087,0,0
0,4357,8642,4836
0,901,0,9417
4352,6182,0,4240
0,0,2069,0
0,104,5996,0
0,4298,0,0
0,0,7640,0
5714,3926,2808,8579
0,0,0,8769
0,984,5632,8701
5214,0,0,0
0,2692,0,2628
0,0,2824,0
0,6360,7207,1495
0,0,0,975
1148,6591,5511,5868
0,0,6108,0
7814,0,0,1527
2759,6178,5383,6395
0,9221,0,0
8147,3687,2160,0
0,2381,8020,0
2167,2701,9389,7178
0,6774,0,0
2990,2600,7294,0
0,4467,0,2730
0,0,5900,0
0,7369,0,7905
0,0,3372,4806
0,3635,0,2834
0,4687,0,4135
1319,9466,2255,8425
1993,7981,5826,4866
0,2595,4934,3623
0,8168,0,7883
0,4493,4836,4978
4758,0,8928,828
8026,0,6703,0
98,7402,5818,0
3838,1669,0,5453
4015,3752,4856,9804
0,3367,5051,7983
0,5483,5309,4021
5629,3676,7638,1932
5491,765,9231,4122
0,5306,0,0
0,1257,0,0
0,0,0,8487
3493,6658,0,0
7280,3375,8181,0
0,6803,3188,8936
0,1087,0,9599
0,5028,0,6677
0,759,6114,1698
0,0,4090,7290
6164,0,6994,4456
0,0,776,0
4579,0,0,2963
0,4391,0,5592
0,9234,2737,0
0,2840,2816,8287
2199,0,1399,0
3948,0,8209,1518
6833,7971,1978,5295
1615,9459,0,7207
6901,4265,604,0
0,0,9599,3857
5637,0,2920,9667
0,0,0,1148
6913,7001,4266,3207
0,4629,2966,0
3962,0,955,0
4320,0,5252,5335
0,0,0,7507
7178,0,4704,2872
6625,4203,1154,0
2696,0,7591,2712
7412,0,9291,0
4966,0,0,3951
0,9153,0,4090
3843,0,5287,0
0,0,0,5558
1477,6422,9720,0
0,4008,1984,0
0,3866,3696,6036
0,0,4051,4341
3073,8391,0,1392
0,0,890,4895
4351,0,0,0
0,1734,8233,34
1378,8689,0,9211
2686,0,0,5065
3006,6360,0,5704
5129,2436,8385,2444
0,6653,8205,3078
7703,767,0,0
4424,0,0,6069
0,5002,0,5618
2380,0,0,0
1062,4949,9438,0
2473,0,3405,5702
2595,6372,6503,5702
0,0,1250,0
720,3718,0,6398
2709,0,0,0
1814,0,0,0
0,0,0,3277
6298,4867,5659,1114
0,0,5380,1151
1434,2756,6806,0
7080,2257,4216,7075
0,8987,0,7684
0,0,3730,7277
7257,794,9268,4495
0,0,6686,4036
3154,3024,0,2706
0,8003,0,7054
4590,0,3877,8125
5775,0,6774,0
3378,0,1158,4585
7338,4366,6112,3661
3295,4012,2910,7176
4673,6681,6665,2113
0,6748,2988,3139
5266,2982,8628,0
0,8277,2743,9547
0,0,0,6989
0,9917,4176,4693
9129,1185,0,0
7829,3292,3899,2216
0,0,6293,6932
0,3433,0,0
0,2315,0,0
4182,6769,6289,0
674,6397,0,7884
6405,5343,2693,7013
9111,6166,0,120
5212,6476,0,1894
6911,0,7799,1547
3586,0,0,3228
56,0,1336,7110
0,2719,7988,574
7513,0,1157,3702
9018,0,370,7298
6446,6817,2652,0
3184,8205,4954,4472
1275,0,7176,0
0,7739,2818,0
2396,4126,4551,0
0,615,8838,0
0,0,0,4298
2442,7350,5331,6341
6793,3472,4592,0
6942,1703,0,0
0,5033,9749,3255
4230,6605,0,7160
0,8833,6124,0
0,4566,5226,0
0,0,0,235
7303,0,0,5964
0,0,5521,0
7590,0,1944,0
2648,4220,8776,0
8858,1998,0,591
0,8970,5848,6101
0,0,3111,9329
6980,7583,691,0
0,0,9729,0
6285,0,6659,0
0,5359,0,6724
6632,0,0,5069
0,2176,3475,6352
0,0,0,9050
2541,0,9644,9575
4829,2164,2982,0
6333,8634,5336,0
0,6047,5746,0
0,3935,9178,19
7696,4693,8727,3127
1080,2288,8204,9796
7459,0,0,0
3075,0,7361,7018
0,541,0,0
4158,6203,8583,0
2113,7585,0,6516
4103,2751,0,6427
781,2837,0,6099
4813,4517,8539,1318
0,0,1914,0
0,9546,2732,3773
8522,0,6337,0
5511,0,0,0
6765,2687,4002,5651
6051,0,0,6807
2393,5225,8886,0
7876,0,3828,2852
0,5309,4453,4778
5771,0,0,0
3524,0,9877,0
5235,0,0,0
4435,0,4736,4280
6615,0,6773,4758
450,8490,6530,0
4637,0,6840,0
0,0,3167,5380
6961,0,611,0
4298,6907,0,0
6258,0,6963,3361
8165,2078,0,0
8231,1120,0,7517
9432,4363,0,2605
7516,300,8313,0
1939,7247,0,5086
3374,0,9302,791
0,9198,776,1899
4205,4222,0,4326
4877,0,6920,413
0,7442,0,0
0,9904,914,5509
5431,6499,4597,0
5994,5723,6865,0
0,9298,1133,8179
0,7881,1134,6451
0,4841,9997,4322
7515,0,294,8843
0,4189,0,0
4073,8612,0,2544
8217,160,4750,0
0,0,0,1258
2737,0,2996,5070
0,0,5361,0
971,217,7295,0
3955,2894,4611,0
0,0,6487,0
1054,7954,0,0
0,0,4258,0
1346,0,0,2580
5380,9222,175,3955
3173,3134,9001,5729
7806,0,0,581
1316,7958,0,0
0,6073,0,0
6754,4012,3656,0
0,4211,4959,0
9922,333,2385,8752
0,0,3390,0
3462,990,0,4539
4950,0,1269,0
8032,3664,0,4287
4664,0,0,7515
0,35,6215,0
4013,0,7198,0
1782,0,1569,0
5718,8766,0,1841
0,5007,0,2093
8486,0,8264,0
0,0,0,6439
9033,0,1593,0
4509,4796,5859,1274
6554,0,843,9514
4278,7676,5488,3537
0,5086,0,3364
0,5369,0,0
0,8717,8164,1802
0,0,992,8369
2183,5496,7734,0
0,8666,1510,9380
3839,3892,3701,6739
0,0,0,6217
0,0,3355,0
5564,0,2489,0
0,2446,8386,0
0,5519,5114,2682
6720,0,2322,0
0,6967,3976,6113
3614,2992,5143,0
7410,0,9014,760
0,7354,0,0
0,0,2105,0
9787,0,0,0
0,3323,8312,0
2809,0,4254,0
5568,0,0,0
9355,0,7139,4012
0,5405,0,9157
4405,0,0,0
2162,0,0,7977
0,1588,0,4553
1392,0,4181,0
9181,0,0,0
0,2557,4830,6485
0,8895,3728,0
0,1375,6599,1833
4502,0,0,5387
2351,0,2526,4044
0,0,4554,0
772,0,0,5953
8803,0,0,4533
0,3573,0,0
6122,0,4055,0
2578,6809,3374,6880
0,7626,2937,9263
102,6187,0,3613
58,0,6166,0
3498,632,6064,9500
8577,5827,1360,0
6912,0,0,4932
3192,0,6126,0
0,0,5385,0
2363,6763,3821,6385
7102,0,6159,6532
0,9738,2000,6367
5064,8243,6329,574
8657,0,8351,81
5587,4540,7967,3248
0,9742,2898,0
6337,4135,0,4060
0,0,1323,5376
3099,4515,0,3190
7220,0,0,0
239,8492,7499,0
0,3733,0,3196
1697,6075,0,1211
0,8861,0,0
2282,0,0,7603
3079,0,8738,0
3361,4495,0,0
0,186,2010,6580
3693,3962,7815,1265
0,6363,0,0
3133,1139,9602,8481
5431,0,563,8232
5109,9683,314,4885
0,0,0,1811
0,0,0,2132
0,9307,6376,4064
7887,0,1013,0
8319,0,6287,1443
286,7343,0,0
5525,1852,8738,2720
0,0,2438,0
463,0,9654,6657
481,0,7974,3606
6480,0,0,0
0,0,8294,287
0,7221,0,0
1211,0,0,5611
5379,7915,4393,144
4322,2004,8281,3168
1922,6170,2728,7834
6734,7154,4166,3548
0,9018,329,2304
2661,6722,0,0
0,2930,0,8576
0,6448,6720,5278
1329,0,3189,0
7232,0,8079,2873
0,0,0,1399
4664,840,5362,8759
2005,6664,4943,0
8353,0,1518,0
0,0,1008,0
5447,0,4539,0
4873,0,0,3433
4962,5679,0,7068
3915,9846,2726,0
7741,2128,0,2416
0,4297,0,0
4164,7217,0,0
0,0,0,2282
9759,0,1221,0
2609,0,0,6526
5185,3949,0,0
6843,6231,1070,0
0,0,3139,5002
1432,0,1039,0
5947,6372,6430,0
1829,0,0,0
2349,0,5473,0
7502,4916,2664,0
3979,0,1228,0
0,6167,8822,4311
0,7259,0,1831
0,415,0,2137
4140,5877,0,8156
5453,0,0,0
0,3928,4920,6149
1066,0,6762,0
558,0,7029,5946
0,5223,700,8653
7009,5421,3386,0
1320,0,4385,7522
8667,2473,3682,4346
0,0,0,8649
7350,0,815,0
0,2301,0,0
7380,0,2430,0
6020,639,0,8024
5065,7077,5675,1664
0,0,5691,3804
2265,7391,4837,7342
4797,9918,2289,0
0,5287,0,8883
0,274,9523,5519
4130,4821,9686,0
2218,6942,3636,0
6870,756,8664,3657
6967,3471,5893,0
172,5112,0,0
4256,0,0,6489
0,0,3547,0
7701,5327,5767,0
4905,0,0,0
7431,5787,0,5547
0,7940,0,5398
7552,6903,0,710
6931,0,2175,0
0,9334,0,4392
3664,0,0,0
0,0,0,4083
8402,0,0,4945
4385,0,6954,677
0,2467,1634,6684
0,0,2355,1200
7504,2144,0,3353
5294,0,0,4818
6373,5340,0,4684
1618,0,3603,7356
1757,0,0,0
2384,5786,8367,4740
4308,0,4922,2380
1394,6560,7187,0
6619,0,7327,0
0,0,5941,7465
2650,3976,6826,5515
5525,0,0,0
0,9307,4627,4680
3009,4582,0,0
0,4709,6097,5127
0,9833,4774,3496
3755,6030,0,5523
0,0,6950,4828
0,2320,1466,0
5253,0,0,2341
0,5081,0,0
4828,0,8186,0
0,6765,2485,4543
4289,4710,7800,1296
0,2161,4175,3885
2837,8093,8016,3070
7202,0,0,0
0,0,4836,4377
4875,4115,5854,0
0,0,0,651
0,0,1162,0
5150,0,7896,0
0,0,2775,6646
4031,7700,0,0
2194,0,7349,0
1108,8531,1787,0
119,4815,8738,0
0,0,4116,8336
1985,3287,7617,6162
8338,88,9078,0
0,9186,5866,0
0,2033,0,4772
5764,0,6926,643
0,0,2646,0
854,5601,0,8794
5176,0,0,7012
4630,9055,4767,1532
0,2146,8615,3566
5390,2321,0,0
7765,2990,0,9741
7862,0,1408,0
2851,0,0,0
7074,162,0,0
2473,0,8744,6788
0,1670,3886,0
6782,3743,9419,0
0,9678,0,1841
0,3556,0,9884
0,5192,8446,0
8930,0,7254,4193
3341,2513,0,5117
3874,4470,0,5683
6455,4295,3488,0
0,9012,0,0
0,0,6040,4458
8084,0,747,8822
6237,7358,5151,0
1647,7395,0,0
0,0,0,892
1474,0,0,0
3503,0,7012,3753
0,1847,8555,1066
3273,7822,7454,1994
0,5919,7970,0
2944,7949,1251,7038
4277,7949,4620,0
4961,0,477,0
5541,0,0,0
5705,2124,5911,0
4174,2613,0,0
8098,1127,0,0
0,0,0,5929
7374,7448,1455,0
1421,0,200,0
0,271,0,0
1694,0,2413,0
4723,4403,0,7224
0,6569,5453,1025
3227,3085,0,0
0,4546,3543,0
0,0,7302,0
9857,1199,7365,487
5132,0,0,0
1880,9575,6107,3961
5930,2918,7421,0
0,1073,6024,0
0,7583,5647,0
5509,0,922,0
6620,7915,0,4065
9166,1346,0,0
1294,4958,5055,7651
8596,2014,5504,0
9496,0,3250,4526
0,87,8580,0
0,2531,3911,9041
0,0,0,2149
7836,616,0,0
0,4228,0,0
3108,6579,5857,0
5660,0,4860,4725
7218,0,0,3027
0,2632,8256,2971
1480,8726,0,946
0,5848,0,5154
0,0,0,7087
980,0,0,0
3587,0,0,1234
0,0,5783,0
563,0,0,0
4843,0,3936,0
3054,0,7653,4433
0,0,0,4855
3273,0,4377,6268
1341,9050,2561,0
9448,0,0,0
0,5484,9375,6000
0,0,0,4139
0,2583,1630,0
0,3239,0,0
0,2552,5024,5478
0,6228,0,0
0,3458,0,0
3753,4807,4648,0
0,0,9,0
0,0,9755,6583
0,0,0,5572
1004,9933,0,0
5015,2749,0,8389
6277,5309,5452,3122
0,0,5690,0
3429,0,4541,9131
5091,0,5883,3845
6229,4684,3960,0
0,0,8969,5151
3162,0,0,0
3852,991,0,7824
0,202,9636,3147
0,7829,0,2506
1712,9814,3272,7176
2104,0,8008,0
872,0,7659,7397
0,9510,1935,5214
0,0,0,4836
7042,5976,3895,4296
5040,0,6296,9263
0,4269,4954,0
6880,0,8000,9091
5047,3751,4539,6658
4540,0,0,6596
0,4870,5943,0
4305,6083,6679,0
6240,7280,0,4090
0,0,7587,5767
0,3297,5626,0
0,0,5513,7024
0,0,3364,3732
8981,0,5246,5516
1910,5808,3127,0
4007,0,0,0
161,0,0,8623
265,0,7162,9717
2859,5880,3795,0
0,4540,7482,3119
0,8250,0,0
8917,0,0,2742
0,5080,3713,0
9939,1557,6208,4216
5728,5663,0,2928
0,0,3254,0
8051,1735,0,4233
0,6680,7396,1536
9300,1838,6296,5924
751,6335,6711,0
2280,8776,0,0
3511,8085,7453,1791
8223,0,0,0
1818,0,1887,9791
7458,3570,931,0
7793,598,4856,6107
2193,0,0,8063
8862,5006,4247,2214
3814,3923,74,0
0,0,0,6713
0,5239,5438,2960
0,3451,9589,4888
0,377,6424,0
1288,0,0,6834
2275,5674,0,0
0,8941,0,8081
3278,6144,0,2252
6138,8167,6189,1712
7802,1975,4283,7774
0,3705,0,9382
1249,7055,0,6287
0,2331,8983,0
0,0,7785,2569
0,0,8061,6353
2564,2591,7455,6478
0,0,1779,7941
0,2885,723,5184
0,1919,4271,6454
2249,2356,8411,0
1767,3048,3179,9195
6510,3449,9269,2333
0,5423,0,4136
0,0,2586,0
0,0,0,6917
7864,7630,0,0
4468,9081,4499,0
3550,4378,0,6815
0,7916,0,0
0,0,0,8690
2182,0,6732,4518
2246,7286,3101,0
9899,0,2346,0
5186,0,0,0
5450,1418,0,4196
0,6729,1511,3308
2184,2199,8751,0
3596,7472,3987,0
4564,7703,4670,3425
3108,7224,0,0
8964,3558,0,0
6333,0,0,7640
1023,9741,2165,0
8047,5507,0,6123
5615,0,0,2185
5926,4328,0,2264
0,0,7207,0
0,0,0,2012
5501,0,9885,4929
4689,5477,7940,0
4685,0,8312,4717
7055,2303,3948,4557
0,6708,0,8998
5362,0,0,344
0,7372,8975,0
9741,0,4170,0
5717,1312,3885,9953
672,0,7543,9100
6272,0,0,3769
0,0,8167,1038
8140,4603,0,0
0,3907,0,0
0,0,7067,0
3635,0,0,0
683,0,9729,6246
0,0,3355,1258
5782,187,2984,0
7317,2453,0,8641
0,0,0,2215
0,6876,4674,1353
5489,0,7852,6984
3806,0,0,6964
8882,0,9601,669
9759,0,0,3055
6974,0,0,0
7784,0,0,9502
5242,3357,9072,2560
4676,7365,0,0
4221,0,0,0
2249,0,0,0
0,0,4983,6018
0,0,1601,4794
0,3718,4731,0
7388,2557,4395,7246
4492,0,0,0
0,0,8328,4011
0,0,9633,0
4088,0,0,0
6638,3174,6529,4967
5398,6344,334,4892
0,0,5556,2486
0,0,1342,0
0,2994,224,8621
0,3830,2447,9133
4846,3242,9096,0
4024,0,2473,6151
8175,584,6237,7565
9417,3190,0,2496
0,0,0,2146
6119,3554,0,0
2015,7638,0,0
1551,0,5316,5513
6931,0,1551,0
1400,8057,5476,3509
0,466,6338,0
5900,7690,5941,2621
0,9277,3307,7869
0,6649,4924,6124
0,0,3897,0
0,5846,0,4339
5728,4612,0,2723
7797,4953,0,0
3261,8710,1254,7445
2017,0,0,4712
3029,0,6687,0
4864,5362,5932,0
0,5108,5142,9911
0,0,0,5318
5212,2563,0,3539
9474,869,0,6123
0,0,5279,2885
8194,0,9906,4038
8621,4026,6833,1217
3220,0,4788,4424
0,6259,2071,3685
5780,0,6195,0
359,0,8367,4477
5574,0,0,0
9332,8390,910,0
3128,3345,8335,4238
0,2199,7681,7463
3173,7815,3468,6987
562,7437,0,2979
0,1739,9424,0
0,0,0,6492
1205,7512,1295,9689
6953,0,0,0
