3000 4
0,0,993,0
7022,0,0,3365
0,3636,5985,8320
0,3654,8525,0
8821,2427,0,234
0,5557,0,8356
6002,5338,0,3694
3347,0,0,9334
0,9100,5552,5725
6672,4367,9090,2444
0,5076,765,4198
8730,9290,6649,7551
1717,0,0,1608
2468,0,9965,0
2627,0,2165,5975
3036,0,5309,1738
9373,861,7464,6045
5228,6555,8490,0
1631,9255,7430,361
8546,4079,7913,0
0,5699,1872,3459
0,0,1930,5615
2576,4096,1590,5613
0,6899,0,3742
7761,0,9788,0
0,8278,0,3002
7534,3653,3363,0
0,1276,6344,8724
0,0,0,9964
0,4114,5579,2631
8211,0,8244,0
4070,0,0,0
0,0,4821,0
4390,0,4787,1924
0,8151,0,2430
0,0,1154,6404
2566,3338,0,2620
7453,1948,0,0
0,3496,8246,0
0,4570,0,9506
682,9842,1291,0
0,0,6998,0
4231,5003,0,3659
0,9170,0,0
0,6433,0,0
0,9791,0,7501
0,0,0,2381
8445,5712,0,9128
0,0,4202,6442
9259,0,0,0
0,42,7150,5556
9213,7214,0,0
0,2016,1686,2030
1808,0,0,0
0,223,7478,9635
5935,0,0,1490
0,0,7932,0
4166,9960,5297,0
3,2448,0,0
9662,3403,939,3311
5419,2626,0,7228
0,4874,0,0
5097,0,0,0
9170,0,0,0
2495,456,0,0
417,0,7032,0
0,2959,9637,932
6362,0,0,1782
0,9585,9010,3143
4460,1335,4274,0
1139,0,591,310
4569,0,2027,0
0,5552,3727,0
4374,759,4408,0
0,0,6577,81
4623,821,1864,7826
407,0,969,4867
0,0,4425,3350
284,5016,0,0
8131,5688,1919,0
1240,0,0,5614
6406,100,1258,0
0,7835,207,0
8656,2071,0,9063
2946,0,0,0
2809,8355,8507,0
3372,0,7947,1503
0,0,3205,9096
0,0,4710,1920
8997,0,0,0
0,2254,0,0
4325,8508,0,0
6074,0,2430,8884
0,938,0,7184
0,9925,8687,963
0,0,59,5307
790,4770,7228,0
740,0,0,0
0,4844,7007,0
3353,8532,3127,9428
0,0,0,7801
0,0,0,9602
216,3673,0,9
0,0,0,6357
5396,2544,6144,6136
0,9076,0,0
3920,7689,9203,7274
0,2331,0,0
0,5014,8012,4385
0,2998,3988,5520
6672,0,5530,2238
5180,846,8596,576
3391,4740,0,5210
3817,0,8559,0
0,7763,0,1308
0,1714,0,0
6729,0,0,2034
2530,6359,0,0
0,3085,0,0
0,0,6670,7323
4778,0,0,8595
0,1093,6333,5866
8857,1345,7174,0
3060,0,0,0
8226,9308,1824,757
5667,0,0,6581
2465,1401,2675,6396
1439,9346,0,0
2731,0,0,3512
0,1147,9379,6205
2492,6553,0,0
0,0,5343,3474
1403,0,4231,7070
0,0,3652,9013
0,0,5410,7032
0,9130,3250,0
5384,0,0,0
0,0,0,1703
0,4095,0,0
6190,2601,6572,7593
0,0,4664,6318
0,0,0,588
4644,0,7620,319
0,870,8724,5256
8934,642,7988,8145
1938,6926,0,9789
1021,0,0,0
9707,0,0,9476
0,0,0,5260
7787,1126,0,0
0,3470,2751,0
4341,0,6996,3276
2117,0,0,0
1911,1269,3845,2932
8375,6733,143,0
0,4948,7559,6459
4419,0,1720,2206
0,0,4638,6348
1040,7389,8088,0
8864,0,0,982
69,0,0,1980
1348,8884,0,9724
0,0,7807,0
0,5366,8270,0
0,0,6630,3202
7560,1269,0,8601
0,7640,3982,7523
2725,0,8505,2794
2719,3544,0,0
2428,0,0,8045
4745,1599,9857,4751
0,0,9176,5688
8119,0,8890,5679
7076,8442,4281,0
6082,8264,0,8807
904,0,1602,0
5307,0,0,7735
0,1485,5781,0
3084,0,5564,0
3766,4740,5739,1886
0,0,0,7624
3073,0,3358,9155
111,0,0,1015
0,0,4640,3687
5943,2332,0,2011
3817,7204,2824,0
2843,0,6954,6610
3129,2693,8496,3676
7324,6062,1301,397
0,0,9553,8020
1276,0,9036,9656
7082,0,3344,3026
6009,0,0,9826
1972,0,0,0
0,3683,0,0
6377,9922,3056,3702
5985,0,4099,3894
0,3653,1915,293
1170,951,9950,8253
0,3294,0,0
0,6317,464,34
4179,7193,0,429
877,0,0,7254
0,0,0,2184
7222,5056,0,6238
8710,0,6532,9880
0,6482,8134,3574
9776,0,4211,0
5731,4676,7872,0
1869,2723,340,2747
0,0,0,5198
0,0,0,236
0,3462,6475,4725
0,0,4605,0
0,2739,0,0
2153,8188,7106,7885
0,4979,0,4734
0,8137,0,6701
8287,0,1900,1302
8441,0,1538,4456
2746,8014,9181,0
0,3786,4605,513
6526,8582,9780,0
0,6887,0,9635
0,4363,4369,9568
0,0,6270,788
9333,0,0,0
7455,3629,2231,201
0,0,0,2666
5199,0,3179,0
7592,2960,406,0
9847,6972,3998,1714
1335,8368,1282,3836
0,0,4624,9552
5724,0,7327,0
343,0,0,0
0,0,0,6170
6796,7833,7896,0
0,0,0,642
5275,0,0,0
1119,0,0,0
1191,5071,891,0
0,8219,95,0
0,3477,4117,0
0,0,4920,8060
6604,2816,2449,7398
1119,1202,8040,6395
0,396,3005,5072
4035,0,0,0
8524,7302,2143,0
0,2239,0,3300
5716,6558,2049,6980
0,6970,5041,1934
9787,7490,9332,0
8693,7373,0,2646
7770,307,7719,1805
0,0,7032,0
1433,9176,2596,0
1415,0,255,7131
0,0,4112,6925
9275,0,0,9063
0,8192,9969,0
0,7271,0,3336
7579,0,0,0
0,2174,3626,1269
0,0,8224,2765
1260,0,0,2857
785,4009,9782,0
3162,0,9124,9807
6835,0,0,2401
0,3129,5737,3945
8833,879,0,0
0,0,0,4405
0,0,0,6396
6643,7069,9253,0
0,9036,0,4241
7679,6615,0,4514
5710,9193,0,2076
2322,0,0,1155
3532,0,9824,0
0,9763,0,5356
7926,0,0,4570
5233,1005,1999,6312
42,9490,0,0
6106,4602,0,0
0,9151,0,0
0,9915,0,0
1224,7099,1925,1445
0,0,6801,4789
0,8553,9359,6316
0,0,2628,9602
850,3181,7323,6956
7784,9559,8774,1580
0,0,7698,0
0,0,0,3807
0,0,5252,0
699,2054,3724,0
608,3083,8097,0
4442,725,0,5293
3907,7093,2250,1692
6653,1024,3272,5365
0,0,0,6275
0,1736,82,8017
0,0,6951,0
7390,675,0,7998
0,95,0,8202
821,0,3495,4729
5030,0,6422,1683
6769,0,7048,461
0,2930,0,6611
4667,6819,4628,0
0,0,4401,9545
2256,6399,0,6016
0,5709,0,7317
3645,7713,2047,8675
3459,8469,359,228
8164,0,689,8830
339,7426,5442,0
4245,71,9191,0
1651,0,0,3908
9992,0,0,0
9198,4143,3805,2843
0,5852,0,5316
4321,1878,5545,2485
9287,6235,0,0
0,6759,4633,0
6830,3825,0,0
7418,0,2390,0
3742,2315,0,0
6458,0,5784,8315
3557,0,3631,7878
9183,0,364,8470
5412,1681,0,0
8440,0,6980,5270
6555,1288,0,3973
1541,6143,0,0
8458,5284,8224,0
0,0,3232,6546
1312,6864,4425,495
6041,4789,8966,1454
0,7062,0,4911
9792,7508,0,6347
8796,3934,0,0
77,0,0,0
6990,3846,3453,0
7855,0,6526,9168
0,0,9663,9592
5741,0,1046,2212
0,1574,7123,0
9083,0,1832,0
0,2153,8218,1317
3859,0,9854,0
0,0,829,5541
9993,7355,0,3543
0,0,3136,4048
3003,4182,6260,0
5756,3384,4181,4839
689,6013,0,0
8166,0,0,2026
4778,0,2876,2465
6408,3705,0,6402
1061,2717,9945,9369
7091,0,3417,94
7264,0,8791,0
3062,0,7861,3752
8985,581,5682,7152
1519,8929,0,0
2031,2054,8763,0
5760,0,4842,0
0,0,0,6579
0,9608,6674,0
9287,5465,8156,2350
8438,6017,6102,7423
0,0,0,8118
715,3754,4416,2746
5809,0,0,1569
0,6029,0,9440
817,4583,6020,0
4192,2695,0,3479
0,0,5829,0
7997,0,4022,4596
3717,0,2715,4432
0,7132,7179,8162
312,8365,0,265
0,0,9705,5212
2706,5726,0,6899
8421,7723,378,0
0,6208,0,7700
8140,0,2297,0
5803,0,0,8157
2144,3470,0,2457
1836,0,0,0
4175,0,0,0
8154,5344,3781,0
3068,4160,3158,0
368,0,472,8508
3545,0,367,0
0,0,0,9927
0,0,0,1964
9877,0,0,0
7536,9639,935,0
4984,4716,2268,0
8876,0,824,9245
1767,0,0,5313
0,8121,4662,0
0,2168,0,4908
5993,4162,6872,5871
0,0,9924,0
4708,0,0,0
5576,4767,7744,4453
0,8568,0,1962
9865,0,7275,3931
9573,1937,5781,4353
4106,0,9261,100
0,6134,5971,0
0,5895,0,5910
6754,0,0,0
0,0,0,5259
0,482,0,0
1934,0,5714,1508
6435,0,0,541
0,0,641,774
0,6613,1765,0
0,0,8370,0
9861,3974,1594,0
7322,0,185,9238
0,7407,1021,795
0,0,2304,8340
8231,8166,0,7285
0,9523,8059,0
0,9824,7006,0
9387,5377,0,0
0,9505,4175,0
0,4360,0,6745
0,6933,7541,3673
3669,0,0,1900
0,895,0,0
0,0,5847,6556
7069,2854,5202,6457
8231,3112,5705,7582
2618,9881,4256,0
4241,0,0,6010
7102,0,0,771
0,1696,2672,2645
2591,0,0,3010
9103,9793,0,0
2647,4770,2630,879
7882,0,0,0
0,2718,1003,2459
0,8250,8469,9989
0,8152,760,7672
0,0,318,2440
5292,4264,5451,4396
0,5018,569,6706
9788,3200,0,7671
1536,0,8172,0
8765,9175,2212,1652
0,681,1641,464
8833,0,8137,8682
5836,8455,1123,0
0,6574,0,0
1592,6095,0,1381
9295,1071,0,831
7119,7224,585,5885
0,2798,7537,3825
3479,0,0,0
1582,2427,0,7418
0,0,0,3603
8693,4073,381,286
0,3867,0,9464
4938,0,296,2057
7944,881,7942,0
3679,0,0,7159
4660,2460,0,6242
4888,469,3660,0
2588,2208,0,0
6281,9755,1568,0
3623,3235,0,8561
3955,0,0,0
0,0,6244,0
4043,4415,7930,8703
0,7403,4945,1764
7872,8606,0,461
0,6909,1743,7095
0,0,3546,288
0,0,8850,503
5670,0,0,2762
8032,0,0,2075
3063,1464,779,0
0,5724,1703,0
0,0,0,5145
0,8945,0,2813
2257,5787,0,8805
5247,1952,9309,918
0,0,0,9455
360,0,1531,3424
0,2310,0,0
8035,0,0,0
0,0,7511,0
433,9753,3267,2690
5540,0,0,0
8322,805,1707,9745
2517,5388,9201,2878
0,0,0,1283
3043,9666,0,1079
4734,0,0,0
0,0,9494,5039
710,2762,7729,0
0,9226,0,0
0,8748,7200,2549
4137,6401,0,6741
7134,1731,8024,178
0,0,1257,0
9971,4703,5172,4576
0,0,9615,6371
0,7345,2623,0
0,9664,0,0
8412,1218,9151,0
7620,4579,9290,4755
6310,7315,4933,0
0,6191,0,4140
894,0,0,6554
3681,0,0,0
5677,5549,7675,0
5213,1693,8851,3626
2912,0,6175,533
2583,5466,5288,8894
0,222,6602,0
0,444,1090,7307
9458,9807,3862,0
0,0,4252,3817
0,1928,6066,0
3621,0,1177,0
0,7353,7067,0
2820,2355,4399,5601
0,1002,0,0
1446,3643,6298,0
3451,161,0,1591
6949,8297,0,9288
225,0,6839,3847
0,8017,381,9315
5371,0,4821,0
0,9220,3793,2381
222,6345,1373,1669
0,7672,0,3440
7833,6618,5031,4783
4916,0,4071,5142
0,0,8989,0
8928,0,7625,4299
0,2447,2490,0
0,6284,0,1890
2629,0,3559,2619
0,0,6059,5883
0,1091,667,0
1532,4738,2811,3448
0,1801,1758,4578
0,9384,8878,0
0,1369,4614,3499
7653,0,0,0
3997,8949,0,0
5083,8961,7932,7836
0,0,0,1585
0,8317,5033,8988
0,0,3566,0
6175,0,9281,0
3814,3895,0,1467
0,0,0,1513
0,0,0,930
0,0,8766,0
0,4272,5252,3432
2590,286,0,2708
7077,5987,0,3253
8432,3280,1260,2246
0,0,3714,0
0,0,6204,5509
0,9766,0,3731
1260,0,7399,1354
9479,2651,0,0
0,0,4777,0
3194,0,3268,1627
2057,0,0,9233
7296,0,3924,6959
0,0,0,3171
9895,8908,6903,0
4114,4302,2510,0
0,7296,5663,9891
4504,441,9907,7699
0,3176,9326,0
0,0,508,5001
790,4432,1960,3844
4561,0,7015,4457
3337,3918,5613,7452
0,8123,0,0
0,6709,5066,0
0,4974,7623,0
8150,6950,7643,0
151,8152,856,0
2584,0,0,0
7246,1801,0,584
5720,0,0,0
5341,9083,0,761
0,0,686,0
0,8310,0,7307
0,6955,0,0
5107,4019,6355,0
0,0,0,4083
2942,0,0,0
3660,2704,2604,9002
0,1720,9763,7580
5903,0,0,0
8760,0,2368,0
6790,0,9434,1897
0,5789,0,6388
6930,0,0,0
871,5140,8536,4532
7845,0,0,0
2861,0,7214,0
3748,7737,3826,2509
0,6195,0,4362
1726,5965,6260,0
1755,0,7667,0
0,0,0,1149
3280,7096,5682,1126
0,9216,0,0
2514,7973,0,6263
5711,3690,8772,3283
9885,0,7646,0
1269,3906,2890,3024
0,0,0,33
8697,0,0,1977
7367,6865,3103,0
0,0,0,8597
1837,0,4860,7548
257,3633,0,142
8936,0,0,206
2385,4644,3230,2141
5201,0,0,3898
5212,3358,0,2579
0,8980,8184,0
2843,0,4902,0
0,9763,2228,1711
3396,0,0,2333
0,3607,0,3924
0,5770,6066,0
711,0,7352,0
1599,0,8503,0
2209,6687,0,0
0,3032,9733,0
0,1962,4740,6192
5023,0,0,0
202,1066,488,0
6836,6554,1908,7548
0,0,0,6395
2490,0,8218,0
8663,0,0,238
0,0,0,2176
1450,0,8368,6474
4603,6894,3037,4806
7960,3526,3260,0
0,0,0,4876
4430,5818,1271,6921
7794,0,1622,6458
5838,1376,6697,5219
864,0,0,0
7973,0,0,2576
2658,0,0,619
5352,643,5417,0
0,7763,0,244
3582,1581,7166,0
0,8788,7835,6911
165,4532,2130,1029
0,0,3344,0
5289,0,5047,0
3960,2430,8567,9313
0,3984,4746,8888
1747,5056,0,5329
0,6298,0,0
5087,4542,0,0
9074,6752,6282,3572
0,9627,0,1567
0,0,9515,5720
3521,0,5034,6596
0,0,0,3815
0,4617,9144,1475
916,5851,9186,0
0,3809,1257,0
0,0,3040,6840
0,0,0,8928
174,0,0,3696
0,9683,292,8074
9464,0,1889,0
0,1034,5777,1311
0,4964,7315,7280
8773,0,0,9335
6112,9789,6175,0
8873,4584,2208,9047
2508,6858,2743,8515
0,3036,0,0
0,0,307,0
0,6084,519,6401
1048,0,3681,9821
6407,429,9157,0
0,5332,5801,0
9916,0,8139,2425
4868,883,0,1410
0,7530,0,0
0,7723,1942,0
0,0,0,4856
298,0,4677,0
0,3834,0,6255
9167,0,0,9084
3038,3487,0,7906
0,2449,9317,8290
0,6733,1024,0
4456,0,1514,8264
5430,3439,3120,0
0,7798,0,0
1633,1661,1338,0
6689,6685,0,9727
0,0,0,4544
0,6950,2835,3825
3684,0,0,0
6827,1329,0,0
4769,0,0,0
0,0,0,8957
2082,236,0,8771
0,0,8498,7095
1040,0,1639,4885
3083,0,8711,6767
8334,8526,0,0
9856,1313,0,4625
0,5408,8441,8162
5829,7340,0,0
7576,0,0,0
0,5182,0,7563
1315,0,0,0
7709,0,1165,6044
0,0,1207,9543
7386,0,4169,0
0,2610,6388,9866
9950,0,7778,7527
0,4462,2026,0
9644,0,0,960
6855,6924,0,4565
8084,6523,609,7772
2597,0,7315,0
445,0,8209,0
0,4597,4347,4046
0,0,0,8493
0,3600,5404,0
0,9879,7193,4077
6803,2551,0,4888
0,0,2660,0
1069,0,0,1514
0,9865,5995,0
4463,343,9603,0
0,1177,0,9056
4777,0,0,0
0,0,0,3150
5034,4719,0,0
0,699,5783,0
675,7440,0,2136
0,0,7693,0
0,0,4338,5361
0,5401,4418,0
0,0,5250,8215
2192,0,1366,7227
0,0,1337,18
0,7121,0,0
0,1613,0,0
4163,610,0,7056
7907,7975,0,0
0,0,9633,5245
0,4884,0,0
6211,0,5966,2258
4232,7303,2276,0
4425,0,0,8986
8948,0,854,0
0,0,168,0
0,2587,0,0
0,2565,0,5971
7449,4552,4710,3661
9379,676,5919,3612
7980,0,0,2405
5530,3065,1392,4479
1098,2246,0,9742
6738,0,0,9206
0,9225,0,9772
1790,6141,5744,9240
0,455,0,73
0,8821,3685,9112
0,0,1518,2547
4700,2911,0,5799
5158,4618,0,1896
2378,1834,1102,2726
0,6153,0,0
2295,0,0,2988
8699,0,0,9831
3813,6748,8944,0
0,463,3377,0
3374,404,0,0
0,0,429,0
6260,0,127,7320
0,2626,170,9981
0,0,0,9569
0,6031,9400,0
0,8345,0,0
0,5274,4247,2183
5679,3131,715,0
7557,1145,8103,3817
2677,0,1137,363
0,0,344,0
0,3314,1296,822
0,696,0,2126
0,3786,3289,7851
9061,7536,0,4740
668,750,5442,8225
1895,3545,0,0
1775,3181,4936,2632
4489,5281,4359,8058
8596,5655,8881,7942
0,770,68,5394
4557,3357,0,0
0,3280,8359,0
4030,0,9789,5926
7347,1832,499,0
0,0,1755,9502
718,0,7561,9314
1770,6442,7256,0
7213,0,3517,0
682,6762,5388,1577
43,3747,0,0
7549,2929,9999,0
0,0,4019,9776
5935,0,0,0
1890,6840,5967,3661
0,0,1783,496
0,0,0,1231
0,7655,0,2106
1402,0,6179,8952
0,6179,0,0
6679,0,0,2615
3644,0,9268,5535
0,5236,9196,2821
0,0,0,9010
6280,0,241,8343
3238,3050,0,0
9000,6629,0,7879
2809,0,1522,9488
5311,0,2103,8956
0,0,0,7176
6609,3687,9997,5071
0,0,4081,0
0,4322,0,2137
0,9741,0,6373
6370,0,4253,9180
7815,0,8669,0
716,0,0,0
2146,0,5530,8755
0,0,0,4929
0,0,5877,0
2231,0,0,0
4910,6657,5978,1281
0,232,0,4846
6008,9130,0,0
0,57,5078,0
6631,0,806,0
0,4633,0,4978
0,7702,2719,4772
2871,0,0,0
0,355,0,6285
588,0,1131,6596
8655,9105,0,0
9162,0,609,0
0,1416,0,5144
6049,4513,122,0
2215,2842,3363,5086
5439,7741,0,4694
8097,1930,979,8685
1454,0,0,109
1216,8602,0,0
0,9278,6172,6009
0,0,1153,6744
3374,1275,5335,0
4117,8699,0,0
6440,0,0,4537
0,0,0,6929
7342,0,0,0
7107,5708,0,0
4987,5111,0,0
3972,0,0,7347
2546,7761,2937,0
6461,0,6222,2901
7158,474,0,2633
0,661,9562,3048
9166,0,1608,0
0,0,382,0
0,500,2979,9630
0,5406,6977,4318
0,0,0,9629
3529,7205,2530,687
0,0,3320,0
0,2883,6433,9798
0,0,0,1794
0,6455,9092,4245
0,2071,3875,0
0,0,3045,0
768,4028,0,4297
1233,2806,4984,0
0,8305,2297,0
1188,0,3206,672
6772,9278,2467,5360
5733,0,0,2689
3631,0,0,0
4334,4461,0,5102
8489,2032,0,9722
0,4384,8634,7615
2689,932,0,0
0,0,0,6436
3507,0,1797,9241
8578,0,1930,2210
0,0,3320,9219
0,5076,0,6296
7109,0,6019,0
8106,4654,9563,0
5586,586,4673,0
4815,0,0,0
6243,0,0,4821
0,0,7031,0
0,352,8991,648
0,0,6945,2537
0,2964,4485,5141
7618,4049,5937,3204
4635,0,0,9451
0,140,0,0
0,5338,900,8510
4833,7932,8281,7674
8284,7273,0,3713
586,5267,0,7621
8232,0,2763,5850
4785,8700,9055,0
9311,0,8872,9146
7650,0,0,0
0,6126,9784,6820
0,8066,4494,2343
5339,0,6057,5926
0,2308,3548,6317
0,6311,0,0
5011,1224,7252,0
8734,6125,3469,0
2773,8695,0,4759
4821,7443,1579,0
5509,0,1224,848
8891,7282,6774,6977
9590,322,3294,2635
6634,0,0,1645
6687,7719,5968,0
3845,0,1806,6618
0,9465,0,2956
6909,0,0,2418
9032,3062,3266,7923
344,41,0,0
364,8195,0,0
0,3036,8644,0
756,4613,0,0
4052,0,1219,2186
7041,2597,5142,0
0,6980,0,0
42,0,2511,386
9677,7411,0,0
5607,0,0,9266
5928,0,9613,6684
298,0,1285,0
0,0,0,9998
0,1680,3949,0
8660,318,0,8702
0,0,9089,9631
5167,9410,9673,775
2302,6713,42,8230
0,9655,0,0
0,6200,7047,7994
8705,0,0,0
0,0,4464,3925
2261,0,2628,2215
7464,1717,0,0
1128,0,3407,3430
8233,0,1661,632
0,0,0,8142
0,376,0,1481
3961,0,5289,0
6073,0,3151,0
0,5779,0,0
7496,0,0,8625
0,2968,2056,2149
6417,0,0,9522
293,0,0,0
6488,3802,4552,450
0,9841,0,4005
9596,0,0,9060
0,0,5988,0
0,0,4729,0
0,0,1351,0
0,4134,4458,0
245,2123,0,6734
0,8419,0,3858
0,0,7864,0
0,0,0,8294
0,0,4398,8380
0,9127,0,0
0,8933,0,6415
0,6369,7212,0
8492,1079,47,0
0,7232,8277,7761
0,6141,0,3781
6346,0,2076,0
0,6474,7820,3901
5602,0,875,1514
4335,2786,0,7403
9155,5143,0,0
6222,764,0,0
7997,0,0,2090
6484,0,5871,0
0,7947,2271,0
4422,0,985,0
5494,1861,0,9829
0,0,7233,0
4613,7950,1450,836
8715,3516,6558,6712
0,0,0,345
9143,0,3176,783
2622,5447,7867,7045
5539,0,0,0
714,0,863,5361
8079,8096,9164,2693
6047,614,3529,4762
4131,87,0,0
0,277,8336,0
0,1513,0,0
6960,7924,4620,0
6777,0,0,0
0,4396,2853,8379
0,2017,0,0
0,4602,0,0
0,4777,4755,0
5055,0,0,0
0,0,7583,0
0,0,0,8850
0,0,6342,4194
1995,0,0,0
0,0,3029,3846
8250,6332,0,0
1110,5364,7760,0
8456,1852,0,0
6001,3758,0,8074
5962,8692,6924,9857
6291,3267,4052,8287
2463,0,2775,3678
0,5805,7524,8525
0,8134,1466,3248
0,9226,9414,1956
0,5589,5018,7079
9347,0,5154,5310
8338,2078,5168,0
0,9220,2917,0
5847,5692,0,0
1498,0,0,0
7147,6114,6884,0
0,6298,0,6420
0,7621,3500,1235
7267,8654,0,0
0,0,0,6079
935,0,3889,6782
8845,0,2905,344
4390,0,3980,1538
0,864,2185,9010
7163,4788,5430,0
2410,0,287,0
0,0,0,8318
0,0,0,9483
8672,0,6265,0
0,0,7862,8055
6725,1842,0,394
0,1779,9404,0
6568,0,0,8978
0,0,0,1351
6041,3940,0,0
0,4067,0,8131
0,0,0,6018
0,3511,4074,0
5354,0,6630,0
5447,6034,7930,2015
870,6851,993,0
6060,9650,5987,2102
0,0,6691,3050
9724,764,0,2078
0,0,8097,0
0,0,6849,5697
0,3479,3758,0
9514,0,0,0
8541,4295,5020,4601
0,0,6703,0
6665,0,586,0
4160,0,0,0
8600,0,0,0
0,2726,0,4575
0,0,5861,5719
0,9162,0,0
3458,1124,0,7403
2132,0,0,8798
0,5527,5188,7493
7296,3656,0,0
221,8633,0,8957
0,9484,3532,0
0,9394,3284,7975
8556,0,6607,0
0,9840,9419,0
0,4359,0,0
9886,0,0,7183
0,0,3080,508
0,7921,0,0
0,2998,0,0
0,0,3266,949
3592,9873,0,0
9714,2383,6750,9492
6743,0,0,6630
0,3206,3813,5113
6567,0,5622,8562
0,5088,1916,2221
8086,2836,7512,479
7040,0,1429,632
652,4394,4737,0
0,1487,0,0
9680,2462,0,0
5669,3965,9619,2237
0,5241,799,5674
0,0,7895,0
5552,5408,8896,2592
6187,0,3224,6840
0,7962,0,1498
0,0,5020,0
0,5172,3636,0
9138,0,0,9997
8497,0,5671,8826
952,3567,7243,0
0,6139,0,5163
6465,0,2003,1185
0,0,0,9733
6279,7704,8863,5809
0,2499,1008,2015
5755,8445,0,0
6681,0,3079,0
1252,322,0,228
6462,3235,5391,0
0,0,0,5841
6607,0,5575,0
0,4438,0,0
6937,9705,0,2693
8150,0,6945,0
9091,24,2465,344
347,0,572,6809
0,5964,9736,5396
3360,0,1238,9967
0,0,2854,5148
1251,1550,2527,8189
1255,1921,0,9406
3328,7827,4238,2420
7852,6704,2764,8199
3307,3336,5008,0
9301,4745,8543,2661
8594,9781,0,9241
0,0,0,7846
0,0,6036,8291
8838,0,7697,0
4746,1936,4587,0
8640,0,0,0
0,0,5094,0
0,3638,2651,0
3419,0,8388,0
765,2779,0,0
9696,0,6091,0
0,0,703,5562
0,5290,0,4365
2642,8959,0,0
0,1408,0,5319
5046,0,4466,8465
1254,2855,8480,0
0,6341,9820,5331
239,5912,3866,0
0,0,6618,0
0,4779,9792,2503
0,0,0,8506
7513,9156,0,0
0,0,0,6383
1146,9506,8403,6781
5848,8223,2112,0
4136,0,7143,0
548,0,9264,0
8540,9056,0,2280
5162,8746,0,2676
7903,4611,5236,3032
0,0,0,4049
5768,7820,0,0
0,0,7704,0
8922,4847,4017,0
8609,3282,9879,7149
2339,2791,9430,0
0,0,178,0
4827,0,2474,7730
0,1890,0,7444
9710,0,9061,5755
5553,6766,5935,4475
0,9953,3946,223
3235,3825,0,0
0,6803,3075,0
7019,3254,7596,1846
0,0,0,345
1961,1356,7789,0
3967,0,0,9520
0,0,0,5231
3315,0,5454,0
1768,2827,0,0
9630,0,6540,0
0,0,0,7123
4207,0,7468,6168
9429,0,7841,3396
0,0,0,5727
8631,0,959,0
4856,0,8497,0
9241,622,5010,8871
5823,1551,0,0
5688,0,1402,0
2090,8870,6064,1519
4129,0,4915,0
9174,7832,0,7805
4746,2926,9751,0
9340,8249,0,8581
0,1239,7452,0
0,0,8974,0
0,376,0,0
9247,0,0,3377
0,5517,9616,7519
3349,1584,5324,0
0,0,0,3850
0,0,2431,0
5168,9884,6894,7959
2858,5869,6439,0
6246,4814,8931,0
9254,0,8871,7600
5049,0,5120,8399
0,445,6496,4582
5522,4196,8433,8848
8124,0,0,3293
0,0,0,3607
3810,7692,0,56
2506,2389,5550,1761
1922,4421,0,6972
2910,4482,5371,2982
4928,0,7565,0
6064,5998,9299,4189
6863,0,0,0
0,8735,1220,2098
0,4678,0,8934
7067,7705,0,0
2127,0,0,0
0,0,0,9470
3202,5584,9920,0
0,9220,0,0
9566,0,6060,0
9675,0,9952,6103
1959,2107,0,0
0,0,8017,1939
5793,3979,0,335
5314,4996,0,0
581,9727,7783,2165
0,0,0,8513
2179,0,6367,0
0,0,7957,5913
8427,2995,0,8239
0,0,179,0
0,0,0,2252
0,4666,769,0
0,8552,4900,0
0,5512,0,1971
2185,8222,0,0
4542,1783,2053,2969
4778,0,1209,0
9953,1389,0,6892
0,2891,9145,0
7557,0,0,1951
8467,0,5291,8259
3847,0,231,0
5368,4057,2172,9910
0,0,0,618
0,0,4127,0
0,2159,0,4024
0,7212,4723,2609
7127,8157,0,0
6491,0,3853,0
0,4085,6371,2366
0,0,2277,0
2770,0,4602,3991
0,0,0,4725
888,3232,0,5940
445,3472,8549,0
0,0,3166,0
0,0,8461,9960
1106,0,0,0
0,0,3232,0
9760,7834,138,0
6563,5303,3732,7452
8536,0,0,8982
5955,1941,6555,7585
5051,9721,5707,8013
6742,0,7973,0
0,0,0,2378
0,329,8525,4664
0,0,3672,4727
3967,7404,2180,2504
9886,0,1487,5841
7514,8042,3427,0
7764,0,579,0
3303,0,2355,2305
8852,9453,0,0
9783,3209,8420,7947
0,0,2675,0
0,4855,8345,9384
0,9832,0,0
7874,0,509,5638
7788,1088,145,1092
9640,0,0,8492
0,8081,2249,0
0,669,0,3163
2762,0,9004,2260
0,7349,0,0
0,0,5586,0
0,6095,695,3312
0,841,4405,6824
3342,7802,5317,0
0,7566,7033,7173
8236,6718,337,999
9078,0,3259,6293
6691,0,3936,3873
1775,9523,0,7300
5619,0,613,2804
467,0,9628,0
2820,4946,9106,8704
0,6140,5878,750
2859,6215,1750,0
5557,0,8230,2248
0,2167,6121,0
1691,5052,0,7311
4678,9603,115,0
0,0,8956,7442
4691,8063,6147,7204
4204,0,0,0
8241,9705,0,3798
4715,7231,6047,4630
0,2168,0,0
7220,0,8401,1899
0,8516,0,9535
8261,6002,6978,2952
4065,0,0,0
0,8112,5333,3392
7817,4334,7191,2533
0,0,7163,965
5407,3483,2055,0
8794,457,0,3708
0,1573,3244,7235
7575,0,0,0
3348,344,0,8500
0,5244,1892,0
0,0,0,1144
2322,0,2109,7730
9455,4165,358,8249
4622,4886,1958,3597
6459,5202,832,4034
5425,1020,5675,8774
1365,5586,7274,9821
830,0,6096,0
0,4905,1553,0
877,3663,8305,332
0,8663,8582,0
3549,541,0,9
0,6881,4043,1169
7902,9719,9943,0
5305,7218,0,6136
0,0,0,4637
91,0,0,968
1762,0,1301,0
2181,0,2042,0
424,8090,0,0
4972,0,7338,0
0,0,2142,0
4500,1231,944,886
6417,7490,5524,0
0,736,0,7351
4254,0,6941,0
8662,8983,0,0
7074,0,5255,0
7691,2593,0,0
0,7064,0,4376
8295,2947,5262,4713
0,786,0,6026
1523,0,3377,0
0,319,0,0
9303,4381,5227,0
2289,0,8424,9980
3075,3346,7175,0
0,9178,0,8707
2126,2589,3420,0
3376,0,0,4900
3342,1968,0,0
0,2893,0,1591
7275,2188,7968,0
0,0,9546,0
0,0,8697,0
5899,0,8858,0
0,0,0,1991
0,0,0,265
0,0,1086,0
0,0,5029,7741
236,2998,0,0
9392,0,8653,0
0,0,0,9473
3376,0,7499,1991
0,8089,0,0
7271,875,7610,8421
0,8696,0,8912
0,6889,6653,6980
0,3959,0,0
812,8541,8414,4386
5893,0,0,0
5841,1359,1261,0
0,0,3609,0
0,0,0,4566
9916,7001,3478,6661
0,132,0,3780
4092,0,0,4904
0,1475,0,7964
9173,3150,0,5015
4509,0,0,3958
3739,0,0,9859
0,5820,0,6025
2822,7905,2686,6713
8037,0,493,2129
9858,0,0,0
0,6324,9893,4203
9475,7127,0,0
0,499,7943,9363
5389,8622,0,1499
4442,0,7525,7264
0,0,0,9591
0,4472,0,6399
8027,0,8328,0
0,0,7261,4556
5350,6480,8540,0
6980,6483,336,0
0,9559,0,0
3208,1394,6813,0
1606,792,4354,8147
5264,6076,4546,0
0,2875,6348,9914
0,3609,4470,6448
0,3011,0,0
9494,0,9441,4600
7318,3310,4149,0
0,962,0,0
0,9645,0,7019
5722,0,310,555
1881,6659,0,2979
268,4939,0,358
0,6850,0,0
0,6871,2046,1928
181,6195,2455,0
7158,7746,0,0
0,5658,5933,3113
0,6244,3669,6545
2903,4138,9525,0
0,8953,3530,7028
5803,0,4473,0
7831,0,0,8013
0,4796,2900,0
2542,4099,8788,9934
0,4721,0,4422
965,6717,0,3868
855,493,7040,9933
0,0,6961,5250
1531,1434,0,9363
0,8003,0,0
2800,0,544,0
0,0,5277,0
0,8326,8558,0
0,9526,8888,5899
20,5929,5832,0
6500,2793,0,8032
0,380,7396,0
0,4772,2853,0
5050,0,6528,9427
2730,1805,0,6785
132,0,1805,5176
1647,0,0,1667
0,6908,0,0
0,5853,0,3930
6233,8552,6113,4618
0,8967,5802,8375
2365,0,0,0
4136,1365,1881,4269
3485,3686,9445,0
0,520,6800,0
0,7936,4127,0
0,5284,1062,0
0,7176,4641,0
0,444,5538,0
2775,3340,3604,6912
4706,5485,0,0
0,0,3324,0
0,0,4555,0
8061,0,5708,1851
0,6770,1874,7804
3946,0,4966,0
6959,504,8598,9734
0,0,6646,8552
0,7828,6743,0
8454,68,0,0
194,4968,0,0
0,3887,0,7618
658,0,5422,0
8497,0,4695,5457
894,0,5191,4740
0,0,3292,0
0,0,45,8121
105,458,0,0
5426,5903,8556,9077
9791,0,0,0
0,2118,5054,0
2508,9749,4601,0
3043,0,8142,8539
1631,1435,0,1297
0,1770,9419,1576
0,7142,1876,0
3046,433,6732,0
9097,0,3286,0
0,8341,8887,0
8091,0,1457,1134
3281,0,9674,4912
1036,0,0,2507
3170,5629,4084,0
2772,5961,3053,5818
6394,9786,8656,0
3214,1943,0,8761
0,0,6816,0
0,8274,9510,0
7875,9185,5806,8911
585,2017,1419,0
7647,0,9155,419
1466,2208,6238,7860
1995,4894,3353,5209
6837,8589,0,0
0,0,5498,0
0,0,0,6937
4195,7024,5848,0
0,7268,8536,0
0,7692,0,0
0,3347,0,1896
8241,0,0,0
0,0,2201,6754
1864,0,0,926
0,8297,7863,6904
0,0,0,4364
0,222,0,3752
0,8162,7991,7815
1509,90,9711,9751
0,6816,4830,0
7893,7032,6339,9757
0,3418,0,7441
1715,8547,0,0
2259,6031,0,3240
6253,0,6992,4167
616,4984,0,2125
5074,0,1877,618
0,6708,203,0
0,6542,0,8472
0,6845,0,0
5392,0,8712,7652
0,113,0,2545
2568,0,0,3184
2869,8695,5310,7944
389,0,8562,8899
0,8765,0,7636
5308,1465,6109,0
8310,2023,6945,3703
2284,5657,1355,8576
0,0,0,8339
0,7834,0,3002
6529,6834,946,0
0,9508,5818,0
8274,1121,0,3583
2586,0,0,897
3688,0,4600,0
1456,5955,4548,7227
0,5670,0,0
3504,7092,0,0
3926,2285,6952,7949
1793,2770,0,68
0,1423,3652,0
3088,2504,7376,0
8303,1976,2749,9759
7932,0,6986,6136
2968,0,0,0
9646,5811,6506,3573
0,0,1523,9890
6228,0,9958,0
8815,0,6600,0
0,0,8680,0
5954,0,0,0
8728,1165,0,0
0,0,8169,3366
307,0,6940,0
0,8463,0,4362
0,0,0,4671
0,0,0,7979
0,0,2398,0
0,0,0,5414
7742,0,0,0
9420,5280,0,9728
9955,1768,8131,0
0,6426,2451,6087
0,0,0,6543
8018,7334,4523,3079
2590,0,4094,9276
3498,0,0,0
3921,0,0,0
0,7530,0,7038
0,0,0,9531
0,7579,0,2307
4515,0,0,0
3711,3374,5613,0
296,0,5577,3794
8705,268,0,2627
2070,7738,0,0
0,9041,6192,4568
244,1320,0,7872
8900,0,180,0
6095,9031,5949,0
0,0,6108,2701
1272,0,0,9978
0,1532,2605,4025
0,0,0,4540
0,0,9109,7861
691,3208,5734,9592
0,5915,3007,0
0,8956,0,7352
520,4937,54,1792
6624,0,1771,0
0,4376,0,0
2953,5784,0,571
5155,1006,8432,5847
0,4167,0,7142
0,0,6164,0
0,4993,2383,7924
9931,0,9717,0
8989,1488,5135,7074
5865,7740,4430,8818
3524,6327,0,8680
0,0,4528,1548
1989,0,8690,2072
0,0,0,5818
9849,9486,3742,9780
0,0,0,913
0,1472,7988,0
9212,2418,0,2737
8745,9020,1418,6078
6843,5946,7626,0
0,0,906,4329
0,0,148,1021
0,0,802,0
7351,0,333,2299
0,8321,0,0
739,0,0,9485
0,0,0,8608
0,3190,7441,3842
0,0,0,680
0,0,1702,0
2212,2504,0,9563
9644,0,1862,8256
1925,4974,0,2665
7718,6643,2150,0
0,7714,8091,6553
905,5532,0,413
0,0,1094,236
0,2796,0,9101
0,0,0,4946
964,527,3202,0
0,0,5555,3220
5927,7706,2704,4552
0,795,1105,6327
6328,1501,0,208
69,7835,444,6959
0,0,6060,0
0,4725,880,0
5253,4082,5746,755
0,0,3976,9293
9009,0,0,0
0,0,0,3804
6452,0,4012,6522
0,4457,0,0
8990,0,1900,0
0,2780,3740,0
0,9487,276,0
0,0,0,9798
933,0,4229,0
8319,4986,0,4771
2484,0,1294,7818
684,0,0,9674
0,0,0,8586
8465,4298,0,5328
3785,0,5557,4575
0,0,4374,3572
8448,0,1982,6767
0,4196,1539,0
423,2833,0,0
7609,7678,781,1927
3363,0,0,1829
5638,8623,7158,9423
7008,0,0,9646
7796,8372,0,6245
6976,5200,0,565
0,4551,0,0
7385,534,927,0
8212,1708,0,0
0,0,0,8686
6060,564,8110,0
0,0,0,1077
0,5933,7322,7457
0,335,8023,0
4887,4664,0,2272
5198,0,7266,0
2986,0,4987,0
0,8394,0,7686
0,2831,754,2239
0,3469,3316,5422
9402,0,0,536
0,903,1067,5862
5567,1418,8134,765
2696,5401,0,5683
9590,9165,0,1216
0,6440,8902,6517
9272,0,8757,0
0,2073,9635,2528
2713,2514,3065,3688
3418,0,9550,0
0,0,9751,8248
0,0,3932,0
3094,5651,3895,653
2091,2798,7171,1363
2455,0,5576,0
8001,0,8110,715
0,1176,4403,1145
0,3954,0,861
1639,0,9109,4727
3811,3042,7405,6905
0,1300,0,784
0,0,0,6554
657,7725,2135,0
2937,246,9374,664
1422,0,1809,6731
7732,0,0,0
0,6702,4100,5633
9744,1505,2539,0
0,97,9222,6905
0,1371,0,0
9096,0,0,2034
5841,3519,2698,7263
7297,4508,3995,5030
0,0,4403,8271
8291,0,3905,0
9,0,6473,2815
0,5696,0,0
7067,3179,0,0
0,0,8198,4616
4518,897,1880,1816
5405,0,0,1854
7463,0,125,5755
9753,4030,0,9763
0,264,2578,0
5961,0,8387,3029
5478,5242,0,4253
6241,7392,0,0
8289,749,2576,3694
6625,9422,5549,4089
673,5674,9844,0
9705,3635,0,0
3900,2768,7199,9861
5067,0,2891,546
0,0,4800,7071
0,0,0,7766
4420,407,0,1045
9830,7010,5135,0
0,4979,930,0
0,0,0,2515
3888,9771,2376,0
0,5267,0,6188
0,0,3260,6829
7973,1091,0,0
1499,6058,3439,0
3069,8574,0,5754
0,2763,8145,0
3883,718,4683,0
0,7060,0,5848
0,0,2037,9681
533,0,6511,0
6389,1107,900,0
0,0,9218,235
2914,0,0,6468
0,0,8637,7697
0,0,0,5343
382,0,0,0
8427,0,0,8961
8527,0,0,4916
0,0,2805,0
0,2023,7412,5624
3075,3402,2093,0
7537,0,4587,2390
4052,0,7733,0
0,8925,7146,0
2155,9538,0,682
8441,0,0,0
0,0,0,8190
0,3042,3815,3504
6444,5908,0,0
0,0,6372,692
5039,0,0,7293
3031,0,7976,5186
0,7619,0,253
4731,1468,8706,213
9873,4336,0,0
0,2219,0,3823
8128,4200,0,0
0,4177,5460,4221
8284,0,0,0
2861,0,0,4673
7110,2372,0,1842
0,0,0,3714
7970,459,0,5349
0,7822,0,0
0,6978,5576,0
1156,0,5425,0
1625,6940,756,4487
6431,0,0,3541
9632,0,0,0
0,7439,7187,5693
7899,1203,0,579
0,0,1387,1048
0,6963,0,0
0,0,7793,9626
4619,0,0,0
5810,0,0,0
0,0,0,5087
0,6103,0,0
0,0,5894,0
0,7282,7382,0
0,0,0,2247
7314,0,0,0
3932,5987,0,9742
9263,0,5185,0
7553,0,0,0
0,2496,284,7511
4321,6179,3845,6362
3461,1227,0,7708
0,3188,0,0
8571,0,112,2503
7816,3097,2246,0
674,7432,3707,8227
1533,5423,3196,0
0,3480,9249,2241
0,0,8603,3122
4322,4203,830,0
0,0,3364,5963
0,0,0,431
6574,713,7511,0
8145,1219,5475,9678
6642,8672,1416,4562
2152,665,6804,1813
0,5407,0,0
0,0,3269,0
6551,0,0,0
0,0,9597,6686
2146,7108,3935,292
0,0,0,4970
0,0,9533,0
0,0,2049,0
0,6984,3898,1356
2750,7167,0,9301
3802,1325,8467,3914
2758,8064,0,0
5173,4536,0,3501
0,5169,8472,2030
6557,8006,0,8611
4344,4315,4426,6090
0,8324,0,4050
5492,5806,3352,9295
7131,1820,0,9890
9885,3810,4796,0
8347,9995,8560,2294
5165,7033,0,1722
0,6591,334,0
907,0,5474,0
0,0,6259,0
8727,0,0,0
1432,1084,0,1317
4895,546,6376,3242
541,4937,5537,5706
1971,9862,7429,7011
6454,0,6396,0
0,1871,0,0
0,0,4191,0
0,2065,0,6873
0,5129,8191,8045
0,4568,0,6218
9506,6825,1925,1477
6687,0,8489,0
7119,0,503,0
6757,74,5257,0
0,0,5069,0
1514,0,0,4664
0,0,0,5254
0,0,1472,0
0,3397,0,7510
0,453,0,9872
5339,0,9517,2096
1230,4775,3645,0
0,8715,8479,0
0,6698,0,2742
0,0,7996,0
7112,9469,4574,7935
2867,6538,5446,5620
0,6098,0,0
0,5010,0,8485
0,0,0,4010
0,0,9749,9952
798,0,0,3907
3267,691,7996,0
161,0,8315,3028
9108,0,8648,6099
0,4141,0,7114
9151,0,0,0
0,1220,2947,0
5320,0,7669,6118
2850,364,25,0
0,0,6498,1217
592,0,0,0
8574,2895,0,8434
0,4231,5548,6188
7088,0,5125,0
0,8073,5734,0
0,0,3808,0
3769,0,0,0
1855,6237,0,2448
1050,289,2150,0
0,7951,8059,0
0,3608,6410,9271
0,0,0,7127
9609,3023,0,380
6428,8625,4001,197
2459,0,5022,4314
9978,0,6763,1028
1355,8913,654,4540
6864,8713,4761,0
0,1172,8319,0
2708,5607,4206,2317
0,0,0,5059
7649,6698,0,0
0,0,0,417
0,1186,0,0
0,2100,0,0
0,0,6013,0
3173,4332,215,0
0,4421,8199,0
3445,896,0,0
7595,8887,0,8035
0,5627,8452,510
0,0,3210,0
2000,450,0,0
2451,0,5950,5625
4225,0,0,0
587,9706,0,4033
602,6367,5128,8198
0,6332,0,4420
1960,4686,4931,0
4585,0,0,0
8592,9569,0,1044
9463,5350,0,3688
1516,0,7853,0
0,590,0,8486
0,1265,0,2211
0,2917,6632,0
0,1563,0,0
0,0,0,8298
3593,8176,9342,3056
3526,6012,6745,0
4189,4598,7146,2072
0,3283,558,2146
4549,0,0,0
160,990,1707,7764
0,40,9954,0
4063,0,0,0
0,9900,713,0
5913,7458,0,0
0,2622,2176,0
5906,2735,9393,456
9978,3751,2604,139
4741,4311,0,0
4352,0,9554,0
0,0,6073,3493
13,6787,0,0
0,9401,0,0
2024,8206,3550,0
0,0,8387,920
6695,992,1059,1436
5304,0,0,0
0,8287,8073,3408
8400,4147,6901,0
934,827,0,0
229,372,0,2254
0,5035,185,0
0,0,0,4675
9566,0,6111,4870
0,4844,4527,0
0,0,0,1531
0,0,9945,0
0,0,2864,8652
4658,0,906,3237
9384,1091,0,7364
9664,0,2039,9230
4699,8151,4101,5162
2995,8629,2446,6126
1230,0,0,0
0,0,5663,9156
0,8527,0,6547
2876,8714,9785,0
9806,2544,9625,9471
5743,1664,8702,442
0,0,0,2810
0,0,8937,0
1190,6594,643,0
0,0,1080,0
0,0,2634,7710
0,0,9971,7409
4963,9596,6880,706
1261,5583,1149,1076
8386,0,3887,9819
0,2824,2483,5996
9419,0,7920,3616
0,0,9702,0
0,2336,0,5494
0,1950,2904,0
1547,9785,426,2808
5368,1575,0,0
0,7773,3574,0
597,0,0,16
9186,7052,0,8620
6054,0,0,0
5671,4868,0,427
0,0,0,8367
0,573,0,0
2148,5061,0,0
0,0,3614,3432
0,0,0,71
9799,7082,0,5853
417,1582,9798,6089
6451,9237,0,0
0,0,1638,3709
7236,0,1206,0
0,0,9864,710
0,0,4143,0
6226,0,8242,0
0,6935,0,0
8517,0,1183,0
0,0,8239,2496
4363,9878,6206,1600
2692,0,0,567
0,0,1278,0
0,0,5326,0
3014,3569,6582,0
504,8462,2783,9022
140,0,3991,1056
0,2231,0,6030
2109,0,7630,0
7173,8616,5369,0
0,6648,4200,3797
2070,9527,4353,5084
3097,936,2774,3601
0,5557,2624,0
0,6615,596,0
0,0,0,956
0,4851,5758,0
3468,1128,8128,0
0,2329,0,0
0,1087,0,0
2023,7705,8556,1421
3263,1180,0,0
7796,1557,3978,6643
5707,1200,0,9618
6051,0,0,9520
4486,8831,2456,2262
0,0,2109,3018
277,0,0,2300
4745,6529,3722,8009
0,4683,0,0
6240,0,2149,1948
5976,0,1566,2028
0,2268,0,7593
0,4005,9855,2260
0,1964,5279,3473
0,0,5773,3750
9781,9496,1759,0
0,2556,2997,420
0,5146,0,3309
4895,3934,5337,0
6203,6885,0,7303
891,5450,9564,4086
7415,4843,7560,0
8095,0,0,7876
2830,0,0,7009
0,8364,0,1821
0,0,0,8406
3732,0,6408,9936
0,2003,7239,0
0,6803,2330,0
0,0,0,9741
0,0,7618,6055
3393,2985,3065,0
1350,0,0,0
293,4832,0,4025
5299,9676,3961,0
1679,1201,0,0
0,3227,0,9651
3118,0,0,0
0,0,2398,148
9996,5464,8029,0
0,0,6208,6252
2564,9476,0,7864
0,0,0,832
0,0,9965,0
0,3968,3097,0
9262,0,0,0
0,6502,0,9497
0,0,844,7925
1928,7052,4178,4493
6529,0,0,0
8697,2875,6514,4138
4289,0,7585,8930
0,0,6690,0
0,794,5728,2673
0,1895,2171,9262
6091,0,0,0
68,0,0,6597
5823,4871,2280,4520
7747,0,0,0
0,0,0,5722
6927,7657,5433,100
8451,0,0,5748
3057,4944,5011,0
7960,0,7169,0
3566,0,0,9390
4553,6906,0,2300
5700,0,4337,974
0,5304,6697,0
2962,2131,5842,0
3294,8616,7162,6352
3561,2173,5501,1521
0,2670,0,7940
0,4176,0,6906
1082,1242,9207,0
3813,0,7758,2629
8850,4455,8371,1812
6587,0,3226,0
0,0,6234,0
2563,0,7915,6936
4406,0,4877,0
1641,2208,3666,2724
3450,2874,9507,7264
6419,0,0,5269
1721,8265,7082,0
0,309,0,0
698,0,0,0
6161,9620,198,568
0,0,7327,8727
7283,993,0,734
3868,959,7998,287
8224,0,0,9946
0,0,0,8637
0,6446,0,3646
871,5654,0,0
5274,0,7601,0
2181,4928,1087,0
0,0,0,9790
0,8197,78,1723
6089,5635,0,2246
8275,0,0,1223
0,4832,4870,7242
0,1778,4276,5760
0,0,8120,0
6806,9208,531,2729
1748,731,0,0
8928,2598,0,5018
0,8640,7264,6509
8565,8147,0,4936
0,2603,2179,0
4382,6455,0,3267
8332,7348,0,5139
6556,4866,0,8304
0,388,3552,4526
2987,522,9544,0
9163,6809,7732,0
0,0,2664,0
8069,0,0,2452
1299,0,0,9631
0,54,4771,0
0,2639,2840,518
3028,0,0,0
6915,4589,0,6078
0,4970,3807,6356
435,0,4293,8505
0,5697,957,0
6328,0,2247,4306
6731,0,0,1651
9658,0,0,2686
8075,0,0,4991
0,5939,0,3202
909,4877,0,0
0,3851,9850,2666
9549,807,5281,5877
7484,7529,0,0
4547,9026,5867,4205
709,8036,6891,0
0,5593,3776,0
0,0,257,2443
9723,0,0,1073
0,3639,3740,3216
4447,0,0,0
0,0,6147,0
0,0,5304,9013
51,2195,7798,5302
7789,0,0,9323
6421,2614,1766,6145
0,5555,0,6097
9195,959,0,0
9981,8408,0,0
7686,0,7631,5991
3737,0,0,3788
5131,2804,9090,2921
4379,1448,2244,800
4062,4011,6946,0
9567,0,2590,0
5125,0,2406,0
0,0,0,8000
0,9271,0,0
0,0,7229,0
1800,0,259,0
0,2504,6980,0
0,3927,8323,0
8093,914,0,0
2819,7252,0,3132
0,9966,0,4937
0,0,8377,1445
4121,0,8784,0
1927,0,0,9696
1548,9083,1527,8064
3010,0,4147,0
0,8993,4323,3584
0,0,0,1479
0,7850,0,0
0,4794,3301,7096
401,2086,3018,2329
1130,5121,2025,2679
0,3552,744,7215
3403,0,8319,4169
0,0,7753,131
5292,4470,0,7909
0,8027,0,5295
0,3067,0,0
0,5411,5552,0
0,7577,0,0
1130,0,0,0
4600,0,0,8486
0,6456,8617,0
927,0,0,0
0,5883,0,1077
0,0,0,4103
6346,0,0,0
7431,9351,0,8561
9060,3568,3096,3660
0,0,2146,0
8257,764,0,9184
993,0,2432,0
6964,0,0,0
0,0,18,8255
4481,406,5134,0
0,6750,474,0
318,0,2479,4158
5371,0,0,0
5390,5877,2813,0
6958,5245,0,3922
6220,0,9837,8130
0,9856,6386,5073
0,1521,6986,21
8271,0,0,8589
1032,0,2747,6404
0,3661,0,0
9538,2847,7720,0
0,0,420,0
0,0,0,9910
114,8832,0,0
353,1969,398,8624
9430,9237,7214,0
556,9962,6866,6501
0,6900,7837,3162
0,5558,9660,7840
8914,0,2154,8232
0,0,8142,0
3432,0,828,3785
0,0,0,4526
464,9624,0,1021
9586,1855,7523,3210
0,5361,0,8502
920,6033,0,0
6113,8498,0,0
3098,6210,6903,0
9336,0,315,4432
8958,2725,0,0
2349,3946,444,0
0,0,0,4557
3329,1520,0,4249
0,9403,0,3667
7901,2151,0,999
0,7022,7530,7698
0,7845,0,3712
0,0,3135,2920
5035,0,0,837
1548,4,5395,0
0,0,9128,9077
0,3212,0,0
5363,0,0,0
9885,4290,1423,4639
2136,3554,8352,2707
4642,1488,5628,9678
0,485,515,6618
489,0,1496,0
0,0,1091,2225
3837,3836,7985,0
0,4746,2926,6586
0,4350,0,0
7904,9579,3880,2547
0,0,2225,0
9994,0,0,483
8652,4252,2497,3018
4877,3589,0,8714
7426,0,7915,4127
7976,0,714,7012
5193,0,0,3097
1520,2066,5644,2588
1574,0,8725,0
0,1481,2052,9263
0,0,2281,610
0,7525,0,5566
0,7241,0,8731
0,0,5744,3277
0,3930,0,3868
5996,2019,0,7571
9890,5182,9140,501
0,1192,0,2397
0,2046,3007,3882
0,2333,0,327
9574,9142,9058,0
0,0,936,0
8732,0,0,0
0,0,0,9220
7405,1441,0,0
2633,9487,6466,8377
0,0,0,1106
0,1708,0,1382
0,0,0,400
0,0,0,4027
0,0,8757,6619
288,1057,0,0
2498,0,0,5132
5050,8230,0,0
0,5769,7690,9512
7478,9124,0,0
9616,9937,0,0
9915,1028,8939,7204
0,7696,0,9382
0,9664,7076,1253
0,8840,6386,276
0,9896,6861,4776
0,0,0,3144
0,5184,1474,3292
5122,0,0,5037
0,7143,2241,326
4840,6065,0,3594
5729,0,0,0
0,1234,0,2697
0,0,7473,0
2645,1762,0,6321
6947,1415,9613,0
0,0,7106,2852
4961,9348,3178,9801
0,0,0,1142
0,8244,2099,5299
9478,3332,7997,609
0,5471,7406,4072
7233,0,393,4180
0,7,6249,382
0,0,3234,2786
2704,0,2587,8118
9300,5983,9260,8973
0,1360,0,3705
4692,2270,4315,6119
0,1721,191,0
9068,585,9156,7831
592,5406,0,8417
8762,1448,1203,1466
0,3791,0,7162
9774,8845,0,4002
0,410,0,4898
2681,0,0,423
3744,1209,5398,0
0,4554,644,2386
0,0,0,8723
0,0,190,8169
0,9775,0,0
0,0,0,8826
1880,7285,0,0
0,4743,4984,3053
0,383,5866,0
4938,0,133,4898
5370,0,3621,0
2945,3812,3847,0
3587,0,0,0
0,0,0,2530
1182,4760,7092,0
9503,0,3544,0
2459,9410,3202,0
5921,3335,2296,1292
0,0,6970,0
9730,817,5963,0
9998,0,0,0
4181,6560,3179,5363
1321,0,5854,0
2348,9398,6280,4808
8808,0,2206,0
2818,4503,0,7091
0,0,4309,152
3810,273,3470,0
557,8996,4458,4738
5556,7638,101,6877
7910,5956,0,0
0,3983,0,0
0,7273,0,0
0,0,3375,0
7910,7684,2351,0
7958,0,5530,0
4817,9989,0,374
7627,0,7252,5537
9311,0,5796,4666
8938,863,0,2404
8136,0,8688,0
2641,2064,2111,0
9749,0,0,7707
284,0,0,5102
7792,9477,0,5420
2833,2729,0,2144
7684,0,6811,6622
0,0,9027,5753
0,0,5666,6007
0,7778,6559,9530
2241,8832,0,2525
6635,0,7627,0
0,0,0,5771
0,806,7916,3518
7560,0,140,5177
0,0,931,3735
6884,0,9742,0
4377,0,6195,6618
5134,3433,0,1769
6894,6771,0,0
9875,6046,5603,0
0,0,9227,4413
8247,0,9591,0
0,0,2352,0
0,0,0,1499
0,0,0,3531
1715,0,5301,8609
4033,1499,8442,0
7545,0,0,4398
0,8846,0,0
0,8404,0,6751
8927,6783,0,0
8879,4260,0,0
2542,5666,808,4258
2928,0,2867,0
7609,0,0,5155
0,0,9554,2921
0,8367,0,7550
0,0,4302,0
9950,0,0,8829
736,9296,6106,3279
4963,6915,7537,7891
0,0,4852,0
1714,0,0,7070
6213,5344,0,0
0,0,3100,0
1894,0,6181,1845
0,7929,0,4615
0,6781,0,0
3696,5431,0,6721
5836,0,7356,7551
0,0,4622,6869
8491,4614,0,2203
3342,0,2685,5237
2921,0,0,6800
0,7758,1415,4023
0,0,6212,0
4741,6292,4958,577
1225,2314,8128,0
5461,0,8751,0
7365,0,6155,708
6689,8841,5945,0
7708,0,0,4505
786,7827,0,0
7137,4741,0,1878
0,0,2456,2259
0,0,4141,6297
3335,0,0,0
4063,6405,1409,0
5246,0,0,0
383,6776,0,1170
4604,5990,0,0
731,0,0,0
0,6076,0,0
6661,8165,5714,9997
1058,0,698,0
0,2107,5875,7616
0,0,0,9845
0,0,0,7621
4023,0,9363,4755
0,2983,0,0
0,544,5570,5721
8709,1284,0,9767
7248,6416,0,9617
8523,0,7233,7985
7005,0,0,22
5838,8846,0,9862
0,7007,4617,0
0,0,83,9051
0,5653,0,391
0,0,159,4185
0,5048,3802,5432
5814,0,0,0
8841,0,2841,0
95,485,4542,6454
0,0,384,7483
296,467,0,1978
0,1308,0,3057
1800,2528,7243,0
7577,0,0,3391
0,7560,6211,924
8810,9052,0,8906
0,146,0,0
9306,5744,4514,9602
6211,1048,1581,0
2357,3950,5390,4157
6479,2633,2866,0
0,7008,7449,5762
0,3660,0,3378
2713,2291,2284,2251
0,7645,0,0
3389,3796,0,9601
4845,0,1933,7202
6879,7323,1359,3359
9957,0,0,3637
1234,0,0,0
8527,6087,9181,0
8379,1466,0,818
9111,2775,0,2501
6572,0,2102,1417
6839,4036,8620,0
0,0,7078,0
4206,0,0,0
0,4355,1243,7889
443,0,0,0
1892,0,9641,0
0,2204,3505,0
6115,0,3389,0
9644,0,0,0
1990,3752,2321,6197
8248,7276,0,7610
0,0,5500,2075
0,4631,898,0
7255,0,6204,0
2745,0,0,8860
0,0,1815,0
27,8489,5965,2017
2241,0,0,0
5562,0,8100,0
2735,3600,0,0
8232,167,1243,5488
708,7447,0,3453
0,0,2313,0
0,4129,0,814
2618,3403,0,0
1689,1047,5349,7252
0,3449,4447,3636
7050,3716,9680,5283
3884,0,0,4593
8371,8914,8046,0
1685,0,8004,2472
0,0,3287,7108
0,6119,0,534
7167,7317,0,8068
0,0,1705,7818
5951,1385,3101,0
0,3872,4429,0
2787,0,6209,4472
0,0,6945,7325
0,0,4433,0
0,6401,9035,3520
3719,0,0,0
0,3294,2305,0
0,5407,4845,0
9279,0,0,2067
0,3878,0,4587
0,3486,0,7748
3719,6346,6248,0
2748,0,3591,0
2106,0,955,1163
8474,3261,6172,0
8668,1018,0,0
293,7812,0,2044
0,6556,6632,9783
42,8545,7531,0
0,0,3832,7640
0,0,0,1169
2605,0,2332,1079
8325,0,4233,6993
9524,4376,0,9817
0,4958,0,3880
0,0,3663,0
7040,1194,5317,1932
4974,9150,9572,4037
6575,3681,0,9180
8746,7539,260,7071
0,0,4065,5569
0,9008,5387,1060
3966,0,4940,0
5745,8604,7036,2785
0,2354,4717,0
0,4290,8810,0
7971,4017,0,6718
1557,7522,3790,7602
2016,7855,3171,887
6863,8558,1948,829
0,0,6310,1554
5493,0,0,0
5701,9056,65,7207
0,8876,0,1319
0,2550,8037,0
72,1827,2052,2088
0,0,2976,0
3783,4924,7377,9592
1813,3687,1146,7307
0,0,2599,0
0,2664,0,0
1540,0,9209,4433
7782,7246,0,0
0,937,0,0
0,0,5304,0
7844,0,9537,9658
6369,683,6965,0
6169,9564,6140,712
0,6084,8602,0
1317,7812,8203,9099
5058,7088,6954,0
8025,0,0,4187
0,0,4132,0
0,3669,7320,7245
4353,4286,649,0
3851,6790,0,0
0,0,9850,4191
7650,0,0,2709
0,0,0,3168
7143,0,0,6960
7926,0,4622,8802
0,0,6048,9509
6229,6697,33,81
0,1268,0,0
1107,6012,554,8758
0,0,1468,0
4091,0,2377,1234
8042,9732,8194,5968
0,0,0,6376
4760,819,0,989
7517,5919,0,0
0,0,0,8296
0,0,0,7311
0,0,6521,0
6833,0,7093,0
0,5287,845,9850
8104,5616,0,0
6436,2113,3854,3954
8032,0,4960,0
2158,2328,3516,5403
0,0,2715,2019
9095,0,7879,5928
0,4972,0,6766
0,1650,0,8365
0,2843,1230,3703
4956,5085,0,0
11,2618,8209,0
4946,1726,0,5198
0,289,7217,0
9526,5097,7321,7662
0,0,4428,331
0,1044,0,7044
0,9927,747,8844
5013,8405,1832,0
0,42,7194,0
1768,0,0,0
5058,0,5459,0
3483,2781,0,3553
908,6675,3884,685
7720,2581,7729,0
2509,0,452,7522
0,2285,0,0
0,9741,0,4095
0,5045,8161,0
0,3620,0,6914
6401,6400,0,7309
0,4353,0,796
6934,5724,0,9444
4202,0,6966,1085
5142,9513,8991,7469
9255,2868,0,3765
0,9726,0,0
3347,7486,8259,9749
0,8728,7059,6963
0,5054,7760,15
779,0,0,0
3022,6426,6066,8164
0,0,0,5195
7926,0,8961,5840
0,2295,7185,274
0,0,23,0
4172,7082,633,7253
2137,8393,7269,2916
8558,0,7897,0
3156,3963,9745,9097
9022,5379,4292,6948
0,0,0,9505
5549,0,0,5331
5418,0,9001,9591
6885,9634,0,0
8028,4115,0,0
845,9836,0,0
3800,7913,3098,2822
0,7391,0,0
646,2560,0,0
2534,5158,1527,0
0,0,7544,0
0,0,870,0
8506,0,4778,9351
2646,0,0,6447
859,6452,0,4153
3844,0,0,4490
0,0,686,4137
563,2213,2090,0
2741,0,7372,2904
0,8243,1095,0
0,5873,0,3699
8819,5236,0,9679
1688,0,3832,5532
8460,3859,23,63
9264,709,4200,9827
0,0,5352,0
5926,0,0,0
968,0,2484,2021
0,0,0,4356
9604,5869,0,1292
0,0,6825,0
1727,6848,0,0
0,0,0,480
0,6171,0,231
0,4712,0,9866
0,0,1888,0
7035,0,4269,6639
3479,8304,0,0
6172,4758,2516,0
1607,6329,0,9164
4342,9710,0,8647
5882,0,8878,4779
502,9061,4645,0
0,6534,4791,0
4144,9060,5405,7623
0,0,6391,0
8096,8908,1437,9703
0,328,0,0
0,8513,8228,5920
4303,7106,700,4805
6168,5346,0,0
1880,4476,6663,6024
0,2068,0,902
5406,0,4439,0
8948,0,0,4186
6205,2073,0,6244
587,1995,2164,0
0,2865,9696,0
8211,9381,3168,92
3857,9831,0,0
0,9765,0,0
0,2736,808,0
0,0,0,4818
6088,6708,1063,0
8704,0,1566,7806
6093,0,3076,4305
0,6244,4397,4501
6076,0,1895,0
281,0,5283,87
2928,6092,8842,1542
0,1784,0,0
0,7424,2870,0
0,0,0,6746
5699,8080,1051,6343
4325,0,0,401
5964,2741,8378,0
2933,3661,6333,5862
9754,0,7405,9860
0,0,6055,0
1190,8926,0,1843
3363,7654,8589,9062
0,9640,5406,0
5090,0,461,0
0,0,7300,1926
2502,3634,7789,2256
8810,0,2117,5770
8960,8173,1224,0
7099,0,0,462
1529,0,9525,0
225,4932,7323,5315
1183,0,0,176
6626,3670,2103,0
7305,9892,0,0
5087,3502,0,4047
0,3111,4199,0
6985,6194,9237,8514
0,0,5778,7003
3695,3102,2319,4879
887,8689,5056,7514
2360,7159,6642,9665
7052,8027,0,0
1530,7668,0,3206
0,386,0,7765
0,1219,6280,0
0,2059,0,0
5161,0,0,0
1372,0,3563,0
0,0,3398,7825
8233,0,9965,9764
0,6152,2970,0
0,4951,0,0
0,1675,0,6153
3734,6845,9831,0
0,0,4945,901
2003,0,0,0
8714,8032,602,0
7212,0,0,0
0,9682,1690,3259
4633,7085,6380,0
0,2862,0,2494
0,6788,1390,9236
0,6335,137,7180
0,0,0,3558
2803,0,0,0
1126,7218,4077,7846
0,5767,0,0
2852,0,0,1613
349,9293,4108,0
6082,5499,9293,1259
1834,0,0,6679
4201,0,237,7005
0,743,0,0
0,1098,0,4861
0,0,6395,9719
6523,0,0,0
8026,5441,6930,0
940,6223,0,0
5653,3807,9454,0
2203,0,6861,1159
434,3882,1242,0
4981,0,3258,1847
8208,9653,1566,4732
8385,0,1605,6411
8340,8535,519,9280
0,5887,0,0
0,1510,268,0
1201,7130,0,1636
1012,4300,0,0
3472,3291,7841,1681
0,9407,6413,1330
2307,8019,0,0
6554,8261,9927,0
4148,1983,1726,0
3493,1995,5741,4695
0,8799,0,0
0,6365,6131,6573
9656,0,0,2601
0,4668,3931,0
2687,0,6335,9241
9935,6263,555,0
0,2281,0,1741
4276,3668,0,0
0,2769,3539,0
9135,0,2142,8791
3644,0,0,0
5064,5325,0,0
0,9050,6993,0
0,7549,1017,3561
0,0,5302,4107
2613,0,0,5081
4509,1048,650,3644
719,0,0,4364
3189,0,1390,0
9154,4105,0,0
3155,2999,3087,8469
0,4105,2030,379
0,0,4486,5663
0,1994,0,0
0,1395,7225,3762
4187,0,8127,7376
3491,9517,5630,2646
0,0,8799,6778
0,0,5247,0
5993,7278,0,0
4611,50,0,3683
0,5451,7265,5088
0,4490,8851,0
4152,6978,8410,0
0,0,0,119
5677,0,0,313
977,2145,5498,6970
9423,1062,0,4034
0,721,0,3158
6172,0,0,0
9475,7098,0,3627
0,0,0,573
6504,1561,0,2182
0,7590,0,1628
0,7994,0,9159
9056,0,3194,169
5334,913,0,1507
0,0,0,5372
8674,0,8999,2751
1044,271,3324,0
1832,4017,9731,0
0,2227,4111,1343
0,2710,502,9277
7323,3697,0,2658
0,0,0,507
0,0,5879,3026
7273,0,5778,8317
5150,0,0,0
3120,0,0,0
7825,3576,6070,0
6287,0,7324,0
270,0,0,0
9549,435,0,3901
0,1267,0,6401
0,2706,4719,1297
0,0,0,4928
0,0,0,4011
1321,5727,2058,7609
2300,0,0,2571
6156,0,7452,5705
7924,2840,9606,0
4107,6534,3454,254
0,8174,0,0
8760,0,0,0
7576,0,8957,8898
1362,1016,6507,0
0,7727,6234,0
5216,3686,0,0
6526,0,0,0
8402,3649,0,7642
0,2440,8692,584
2271,0,5530,0
305,4488,8747,0
5504,0,0,5903
2982,1564,2459,0
5250,0,1340,1777
6588,0,2411,0
