5000 5
0,2191,1178,386,112
1777,0,0,0,0
2813,0,253,0,42
1812,0,0,0,58
0,438,146,0,28
1715,717,441,114,0
2207,634,0,135,0
335,0,36,0,0
3100,1775,0,0,92
1244,386,0,0,19
0,0,46,40,0
2521,0,479,201,111
0,0,0,186,63
0,324,293,86,39
0,0,0,8,3
0,0,122,37,0
2831,0,0,189,86
0,963,414,0,0
427,0,0,27,3
0,0,536,551,161
0,101,0,0,0
373,157,70,11,5
0,508,343,0,23
315,90,21,0,0
0,0,0,259,0
0,0,0,0,8
0,1735,1463,0,86
571,186,0,122,26
2588,1651,0,213,0
186,60,0,0,0
933,287,0,94,25
0,426,175,0,0
238,0,0,9,0
1291,0,0,73,35
0,723,0,230,0
0,0,326,0,0
0,85,31,18,12
0,0,0,73,49
985,400,237,38,0
0,231,217,0,0
0,122,111,18,5
3047,1822,0,343,0
327,124,33,0,0
845,0,0,25,10
0,320,598,0,0
1627,0,374,0,28
0,863,0,167,46
812,0,0,63,0
0,149,0,0,7
1910,0,0,0,43
3322,0,0,0,129
1754,0,439,0,0
0,1218,864,152,0
0,279,284,0,0
313,68,0,0,10
0,211,0,47,0
1748,943,345,0,19
0,0,70,0,31
0,0,0,363,0
0,0,619,165,0
2386,0,703,183,0
2800,0,0,0,0
0,684,0,0,23
2339,0,0,469,0
1773,611,0,0,90
0,0,56,8,0
2060,933,0,0,65
2477,0,0,0,77
540,0,0,0,12
0,0,353,192,0
547,164,155,0,25
0,0,222,0,99
0,0,435,198,89
0,0,906,0,71
0,0,315,0,0
2670,0,306,265,90
1019,424,0,0,0
2648,785,0,0,0
3227,0,0,0,89
2863,1142,0,548,162
2958,0,204,307,0
0,433,0,0,0
1356,0,0,67,0
0,299,128,62,0
2519,0,0,0,49
1216,494,397,0,0
1708,0,103,0,104
0,0,684,0,0
2483,1213,0,0,97
0,0,344,182,149
536,212,166,0,0
1055,0,46,0,0
0,162,29,0,0
1450,0,488,84,37
0,0,0,0,65
613,175,55,0,47
121,0,14,0,0
2353,1260,0,0,136
342,0,0,53,14
0,1093,0,0,122
3244,2170,0,0,119
719,0,199,0,0
0,0,704,0,60
0,0,0,0,17
2239,0,0,0,0
1238,586,0,0,35
2521,1048,316,0,0
1400,0,0,0,0
876,427,0,105,0
882,405,214,44,38
1175,0,380,272,25
1362,465,89,161,43
2787,1048,0,247,0
307,0,0,27,0
0,0,33,0,0
0,447,0,0,25
0,0,0,0,187
0,0,572,115,0
0,38,33,0,6
1270,0,236,0,49
1081,593,107,154,48
0,0,340,336,0
0,0,0,0,10
2869,0,0,0,176
0,1044,677,0,0
0,0,0,381,84
0,381,0,76,0
0,0,0,213,0
2632,1329,0,296,0
3031,0,0,0,0
0,0,285,90,50
0,614,0,0,52
0,274,145,103,40
0,165,0,0,9
175,75,40,8,5
2183,0,582,117,44
0,0,112,0,0
0,0,0,103,0
1766,676,491,0,48
3204,1675,465,0,190
1183,0,247,0,0
2797,0,689,163,38
0,196,61,0,12
1393,722,204,170,0
0,588,0,178,0
0,759,0,173,52
0,1573,0,0,0
0,0,198,0,0
0,0,92,0,0
0,0,0,0,54
0,0,0,0,106
0,0,0,24,9
380,0,0,0,0
0,0,104,38,8
0,0,0,0,23
0,0,0,0,26
291,143,0,20,0
0,0,0,0,59
1159,0,0,0,0
0,778,0,0,0
1424,517,137,162,0
0,80,0,0,11
0,90,119,0,6
754,151,0,41,28
517,0,0,0,11
1801,0,0,0,0
0,928,1149,428,139
2987,1823,0,0,75
1430,523,170,0,44
177,0,70,0,0
2279,415,687,0,29
139,65,31,7,11
0,126,0,25,8
431,0,0,26,0
0,0,59,177,0
2853,0,422,488,120
0,0,0,133,0
3539,0,0,0,92
395,0,68,0,8
0,781,497,73,0
753,380,164,45,0
2177,0,0,0,0
0,883,0,201,0
889,319,88,101,33
0,0,327,270,0
0,539,0,0,57
2513,1455,0,0,128
432,124,0,49,0
0,370,329,0,21
0,33,38,2,3
1030,0,0,0,0
0,0,0,63,0
1531,612,0,223,90
0,411,0,119,0
0,463,380,130,56
2191,1138,284,198,0
995,442,0,0,0
1059,0,0,80,41
0,268,0,104,0
0,1680,0,311,0
0,868,1025,224,60
1574,347,0,0,49
2577,953,538,0,171
538,283,30,47,0
2341,0,810,145,84
0,0,0,27,0
2590,1161,0,281,69
0,652,0,0,0
1983,0,181,0,66
0,0,904,328,46
0,0,22,0,0
0,0,613,236,76
623,119,0,30,0
0,0,0,0,115
0,0,0,0,78
0,482,339,0,0
0,366,262,101,0
274,0,0,0,7
0,0,0,111,0
1347,0,346,0,65
0,0,0,22,0
0,0,63,12,7
214,0,0,0,7
785,242,0,0,0
0,0,311,458,128
0,1164,0,183,0
0,502,0,0,0
0,0,126,0,43
0,2275,0,413,0
0,1519,0,0,0
704,174,0,0,30
0,1119,0,357,0
0,61,13,0,3
3184,1935,0,0,0
853,285,0,48,12
1376,0,293,159,0
1503,0,368,102,0
0,418,0,0,0
3122,1701,496,496,0
0,503,267,0,0
0,0,14,3,0
0,543,0,0,0
0,732,0,0,0
0,0,71,0,0
2913,940,891,209,0
1646,0,294,157,0
0,0,403,126,0
0,1283,742,180,0
1816,409,341,85,62
0,0,299,0,137
1731,264,0,0,21
0,0,0,204,123
2952,0,0,255,0
1589,0,137,218,0
2835,0,354,428,0
443,0,0,33,27
1850,491,0,0,56
2995,1600,307,191,110
319,90,0,38,16
0,0,45,4,0
2735,0,0,206,0
866,300,225,46,20
165,90,49,0,0
0,450,0,265,37
0,0,0,0,138
1456,521,269,0,77
2198,0,0,0,178
1838,726,333,111,0
918,0,0,0,0
1121,0,125,0,0
2646,0,214,0,0
0,0,0,0,91
0,0,0,70,18
278,0,16,28,5
0,0,179,21,0
1145,431,187,0,47
0,350,54,73,23
0,485,497,0,0
2975,0,0,121,0
2892,1549,0,0,53
0,496,511,0,66
351,192,0,0,0
1891,800,175,306,0
0,0,0,25,6
1461,0,343,105,0
0,744,0,0,100
0,752,0,0,0
0,1239,758,130,0
1346,527,0,155,0
93,0,25,0,3
0,341,0,47,12
85,17,25,0,0
0,1035,0,378,0
1570,655,0,0,0
0,0,453,0,23
0,1448,0,145,63
2373,1604,0,332,87
1909,0,252,141,45
0,275,0,0,6
0,284,263,37,9
0,0,965,315,0
0,0,0,15,0
1134,0,0,107,0
2946,1769,0,0,0
0,1172,0,205,88
174,0,52,10,9
0,410,0,222,54
1105,720,115,108,0
1589,0,0,100,0
3039,1129,662,216,0
2267,0,0,0,0
2320,1056,585,0,53
0,0,202,0,82
818,386,101,0,28
0,0,0,0,42
650,0,45,0,21
0,202,228,80,0
0,0,28,0,0
782,164,200,71,13
2353,947,684,0,0
2557,1363,168,0,0
0,434,381,90,0
0,0,295,0,0
687,240,0,193,35
2401,796,0,260,114
2184,564,776,149,78
1650,0,376,0,0
813,0,0,0,0
790,0,0,0,0
0,653,0,0,0
2055,919,0,0,0
773,0,224,80,13
2913,0,358,341,0
2435,0,507,119,64
0,0,0,0,8
2662,0,0,0,0
2809,0,0,97,0
0,1787,417,484,0
0,1037,198,220,59
0,718,0,0,0
0,576,0,0,0
1051,507,0,0,30
136,77,0,3,0
0,0,71,0,4
0,298,344,0,18
0,0,0,0,33
1870,747,0,0,0
0,603,0,0,26
492,0,165,0,0
0,1065,365,661,261
1083,0,0,55,0
2968,1267,606,0,103
249,0,0,0,9
0,0,0,244,77
0,0,251,0,22
0,903,0,0,140
1935,1039,360,107,0
856,437,0,52,25
0,0,0,112,0
0,0,652,0,95
1710,0,0,0,0
164,0,12,10,0
0,697,80,254,59
969,241,0,53,0
1114,0,0,50,0
0,476,401,0,33
1224,285,130,175,52
2442,0,641,0,95
0,371,0,0,0
480,250,96,0,15
1170,516,0,0,41
0,314,237,70,37
162,85,27,8,0
1070,0,0,189,0
0,0,0,0,27
1212,467,0,0,0
0,0,0,0,25
0,0,0,195,0
0,0,416,0,82
0,0,348,0,0
0,0,59,0,14
1405,0,0,103,0
612,267,117,48,36
0,681,264,0,0
0,0,270,0,281
0,0,0,240,0
0,1091,0,181,0
1112,486,117,125,39
237,0,24,0,0
0,390,0,104,0
0,0,16,0,2
864,157,234,30,0
2487,0,0,0,141
0,0,0,0,120
2378,1055,688,104,32
2369,0,548,0,0
2037,1062,195,0,0
0,0,0,5,10
1634,0,0,234,49
0,0,0,29,11
165,0,0,0,6
0,0,0,0,20
2267,0,184,0,0
0,0,0,68,44
1682,0,0,0,0
0,0,361,0,0
1219,471,0,0,0
0,1770,0,0,159
487,0,0,36,11
2253,0,0,266,75
0,84,0,19,0
0,843,273,473,191
0,0,217,92,0
592,0,117,0,23
0,744,201,0,0
0,0,0,199,44
1928,0,503,0,45
0,527,178,68,29
0,0,0,0,84
1481,0,154,0,77
1363,0,440,89,0
2791,0,0,0,0
0,457,0,212,59
0,152,39,0,17
1745,0,0,155,67
0,0,0,98,0
2507,0,696,177,0
0,0,229,0,0
0,565,186,0,20
0,559,141,0,0
0,0,302,0,0
0,1400,0,195,103
2709,1042,604,189,0
277,65,0,6,7
0,1705,879,0,0
0,852,0,62,0
908,0,0,0,0
2595,869,734,0,119
1165,502,92,0,0
555,159,0,0,16
0,0,0,0,70
0,0,47,0,0
0,836,0,0,0
1025,401,210,0,21
496,0,73,23,8
0,131,38,4,1
450,0,0,0,13
0,0,0,0,125
0,1599,0,229,0
2500,0,0,0,0
869,365,0,0,13
0,0,437,145,78
0,1861,926,205,77
0,0,0,0,16
0,0,183,260,60
2769,1690,911,0,163
0,644,0,67,0
0,528,317,51,0
0,0,75,6,0
93,0,0,3,4
0,0,0,114,0
1586,0,0,0,0
2656,0,0,366,91
0,938,865,108,0
0,0,0,141,0
0,0,142,0,0
0,379,173,0,53
2694,0,687,223,55
0,470,0,0,49
996,0,0,41,34
0,1033,458,53,0
0,0,98,592,88
0,0,77,43,20
0,631,615,112,74
0,1462,0,0,0
1328,656,0,0,28
0,0,11,0,8
2109,0,0,189,70
0,403,223,0,26
0,0,0,0,8
0,781,0,196,0
0,209,0,0,0
1597,0,0,180,0
2256,995,363,289,103
0,599,0,43,0
0,287,208,30,0
0,0,234,0,0
0,0,97,117,19
0,0,0,0,19
1680,835,0,172,0
0,0,236,0,85
545,0,0,0,20
0,268,0,0,0
0,0,0,247,0
2860,640,877,363,87
135,62,27,6,0
678,0,51,141,0
0,54,69,11,1
0,0,0,48,43
0,0,0,0,63
0,652,404,51,49
2743,1248,0,227,100
0,0,69,130,0
1552,0,0,171,72
0,0,74,0,0
0,0,253,0,0
0,0,81,142,0
0,63,50,0,3
134,55,35,7,0
0,1600,801,269,0
1317,0,0,101,55
0,1082,0,0,86
0,920,0,0,0
0,322,50,0,22
936,372,266,0,30
1377,566,0,117,0
3024,0,0,446,0
1474,348,0,63,0
1979,745,264,339,117
571,0,0,34,0
0,572,333,65,0
2518,0,0,0,0
2256,0,0,300,0
1878,1156,0,174,0
1149,0,0,0,25
0,102,19,0,9
0,0,290,0,0
1481,666,257,194,0
130,54,12,0,0
1594,0,303,0,55
0,0,0,0,62
0,416,215,87,42
0,323,0,26,18
0,980,0,185,0
0,386,0,55,0
0,250,0,62,22
835,0,0,0,44
0,0,212,283,68
3215,1435,0,351,102
0,84,27,8,0
2037,748,0,285,87
0,0,620,253,118
0,0,404,0,70
0,1959,0,273,0
1722,0,0,0,0
273,0,49,0,10
606,204,50,137,0
274,0,27,0,12
88,0,0,5,0
37,9,20,2,2
0,863,582,112,0
102,45,9,22,8
0,0,0,0,13
723,0,0,0,0
0,0,435,56,37
1213,338,304,0,49
1327,0,420,80,74
1945,612,0,142,68
887,0,0,129,0
2050,1191,212,306,0
0,637,0,376,0
805,0,0,0,0
2327,693,509,192,0
3067,0,0,263,0
2553,0,177,388,0
0,583,359,0,0
0,107,55,10,0
0,0,0,149,58
0,432,0,172,88
2163,914,0,0,0
0,0,0,328,0
343,163,50,0,22
3246,1598,1075,0,96
0,0,0,406,0
0,590,338,49,49
0,0,277,0,0
854,123,240,0,49
0,0,110,0,0
0,973,0,0,0
1299,0,155,130,0
492,0,0,48,0
807,324,93,82,31
0,703,0,0,78
1823,0,0,0,0
0,1557,0,190,92
0,0,0,267,92
1636,0,0,92,26
66,0,0,2,1
0,0,0,0,70
1213,0,0,0,126
0,50,0,32,12
0,0,0,0,89
0,1215,383,0,0
0,0,321,0,50
0,377,114,252,58
2152,0,0,0,0
2131,0,0,300,0
868,0,214,47,0
0,0,324,0,27
0,1542,715,216,82
1928,1004,0,0,0
0,209,145,0,14
0,0,621,173,0
0,0,0,31,48
2041,0,178,335,101
0,2097,0,0,105
293,91,37,0,0
694,0,181,0,0
940,0,202,0,18
0,442,0,0,0
1277,475,372,58,0
0,0,537,241,86
800,0,169,0,0
1174,671,0,0,0
53,15,3,5,0
0,0,0,203,0
1773,646,0,0,45
0,0,541,0,0
0,0,134,0,12
1969,0,0,0,0
626,0,145,0,0
107,36,17,2,3
0,706,0,40,0
0,1234,214,837,0
0,0,0,801,0
839,0,101,0,45
1849,585,0,121,0
547,153,0,30,5
463,127,0,21,0
1598,0,0,0,40
0,0,0,72,0
679,258,0,0,0
0,0,802,196,81
0,315,83,0,0
0,224,0,46,21
243,0,0,11,7
400,0,0,0,14
1538,0,357,88,0
0,0,249,378,0
0,0,0,0,59
1323,517,0,159,75
739,0,82,0,32
1581,846,207,0,38
0,0,0,0,108
0,0,310,0,0
0,0,36,0,0
0,280,49,56,23
3019,0,0,0,170
0,0,0,111,0
0,520,113,87,0
0,0,0,0,103
1222,452,0,132,0
0,2172,0,0,0
0,495,0,32,0
1820,667,134,244,107
0,0,955,326,0
1419,0,0,105,0
0,0,284,531,0
2496,0,294,0,176
1104,0,219,77,0
1003,440,0,0,24
0,0,0,0,60
0,362,76,0,0
2231,0,654,0,0
38,19,0,1,0
1584,530,179,294,0
0,0,98,161,55
0,0,164,0,0
0,0,180,209,49
2780,0,0,439,0
0,660,380,182,77
0,756,209,363,108
0,1777,0,0,0
0,0,0,0,76
2364,1369,705,360,0
413,157,46,0,21
0,63,0,15,4
0,129,151,69,0
0,50,0,0,3
0,0,0,49,13
0,54,0,0,0
2538,1002,0,0,0
0,0,46,25,12
0,0,145,0,66
0,840,0,0,50
1611,0,475,87,0
1963,1269,0,0,0
0,0,238,0,18
0,581,0,468,156
734,291,0,61,15
0,1394,0,217,77
0,533,0,0,38
3207,1497,0,0,197
0,144,45,25,17
0,0,204,30,15
0,156,20,0,4
2850,0,0,0,47
0,0,147,49,10
0,0,60,138,0
0,1589,0,0,0
298,78,17,0,0
233,59,0,0,0
0,0,373,0,0
0,56,23,2,0
2215,0,0,0,39
684,0,86,116,32
0,1803,0,0,0
0,1248,0,0,115
108,0,0,5,0
0,1215,0,369,0
1540,528,268,0,0
279,0,0,0,0
1686,0,167,184,0
0,0,71,81,0
2121,0,186,374,152
459,215,0,21,18
0,0,0,0,137
0,0,1043,0,50
1171,583,0,0,37
2130,0,183,0,90
1856,1009,232,0,0
0,0,391,138,54
0,514,250,184,70
0,0,310,0,52
0,0,994,143,75
1213,395,0,60,53
81,40,0,3,0
1050,0,0,0,66
0,0,431,0,0
0,0,0,0,114
0,0,0,0,2
1686,768,0,141,58
0,0,0,255,0
1070,374,178,0,0
2717,0,0,0,100
0,0,0,0,121
0,0,360,0,75
0,0,0,358,0
0,0,0,234,116
2304,965,0,0,0
2171,0,0,0,39
0,1015,0,0,0
0,0,0,335,0
0,0,669,295,118
0,487,0,92,45
0,0,0,0,23
2627,867,0,430,0
575,0,190,32,0
0,111,0,0,10
2498,0,266,0,102
3095,1324,247,762,0
0,0,0,215,0
3390,0,0,147,79
1824,1105,121,0,60
403,148,64,0,0
2231,0,0,168,74
0,0,0,128,62
637,411,141,0,0
2698,1337,215,0,148
0,0,0,253,0
0,0,0,0,15
1693,610,0,0,40
640,0,184,0,17
0,272,37,82,13
0,0,32,0,0
1885,755,0,0,0
2791,0,0,301,0
0,0,0,291,144
2122,912,0,178,35
0,80,0,0,5
0,397,0,218,66
0,568,0,136,0
1598,0,0,0,30
0,0,513,0,0
0,0,259,79,23
0,0,0,0,5
756,417,225,0,0
0,0,0,104,0
0,0,285,0,20
0,1224,0,0,87
723,0,0,35,17
0,544,360,0,80
279,92,0,19,0
0,32,0,4,3
0,795,347,97,54
2958,1281,0,261,82
0,1266,0,0,0
1957,0,575,115,31
979,424,96,0,37
0,202,0,0,25
643,0,0,0,0
332,156,106,13,0
2288,1172,212,0,101
3111,0,295,395,0
536,0,0,0,0
0,0,0,73,0
0,592,0,72,0
0,221,0,41,22
0,538,0,0,85
555,107,40,0,0
0,172,76,69,19
969,0,0,69,0
0,927,0,125,0
0,38,48,7,7
1046,0,0,243,0
0,678,655,172,0
2498,1338,386,144,76
2338,0,0,0,0
152,38,0,7,0
0,0,0,12,0
0,0,0,307,0
0,670,0,61,0
0,0,291,0,0
0,0,76,72,30
0,0,0,383,0
0,0,0,0,35
0,0,0,322,0
560,0,115,0,12
2330,0,456,0,85
0,180,29,0,14
0,698,453,0,0
0,206,120,0,0
0,0,63,0,0
2392,0,227,309,97
2286,0,0,302,92
1555,700,328,0,0
0,546,133,95,0
2027,688,223,0,211
1589,700,0,0,0
0,0,0,75,0
2815,1286,214,216,98
2304,953,0,0,88
385,112,71,18,3
2328,754,516,0,102
0,719,0,0,0
0,0,27,13,0
1595,0,165,0,0
0,0,0,77,0
1781,0,0,76,0
0,0,330,0,0
117,0,19,0,0
1366,0,0,0,23
470,0,43,0,18
254,0,19,0,0
963,495,94,0,30
904,362,0,84,28
0,0,229,0,86
0,427,156,0,0
0,225,270,63,9
0,0,0,0,7
0,940,0,206,0
1794,0,0,246,0
0,468,238,0,22
0,0,17,0,13
0,0,693,149,49
776,316,0,0,33
1830,545,0,216,89
0,0,0,127,55
915,0,0,64,41
0,0,225,82,0
2812,2100,0,0,170
381,157,75,37,14
1246,0,0,0,0
0,175,0,28,17
0,0,0,65,0
580,0,98,36,11
2621,0,172,0,136
0,0,3,8,0
0,0,0,0,19
1474,441,152,312,0
2934,0,0,0,0
0,0,0,17,0
0,470,242,59,51
1020,0,259,0,68
0,162,113,28,13
2791,0,0,182,0
1818,912,0,0,56
1581,0,249,228,0
1116,333,0,0,0
0,0,0,104,0
3183,0,896,0,0
1544,0,0,93,0
0,0,0,147,0
1121,409,173,119,0
0,0,0,22,15
413,199,20,50,30
0,329,0,0,46
0,219,0,74,66
923,219,0,159,39
0,65,0,12,5
1286,0,270,95,0
1541,472,0,115,0
0,0,0,332,0
2119,0,602,0,53
2533,0,426,0,0
0,1566,681,344,153
325,0,55,0,0
2125,0,0,146,0
0,0,0,90,0
0,0,0,557,0
0,0,515,178,0
0,0,397,128,50
2798,1565,775,0,0
419,176,0,0,0
0,673,566,0,0
1910,986,0,0,0
0,29,0,16,0
0,0,0,29,0
0,186,105,16,8
0,614,0,0,0
0,453,450,32,0
1392,0,373,0,38
2123,843,0,417,0
0,292,123,241,99
0,0,33,0,15
0,0,90,0,0
0,1337,0,0,129
0,1010,220,0,138
0,335,0,0,0
0,183,0,33,20
445,80,0,0,0
277,53,0,0,0
0,0,40,54,0
442,299,0,0,0
0,1350,704,0,0
0,0,467,0,0
0,0,0,162,0
0,0,699,0,101
0,0,0,221,0
0,369,0,0,32
0,582,350,66,0
0,0,448,225,72
1543,937,0,149,0
0,654,338,0,0
0,0,0,254,0
2676,0,150,299,0
2046,1042,0,112,78
0,511,178,57,24
0,0,264,0,115
189,40,43,6,3
2849,1203,464,254,173
0,444,0,118,0
1270,443,109,0,0
628,180,0,0,0
373,109,0,0,12
0,0,185,0,34
971,0,0,0,0
541,327,0,32,0
1494,512,82,0,0
1966,0,386,0,54
0,951,506,0,61
1917,925,0,0,106
2286,0,115,405,82
0,731,0,0,54
2588,1334,0,184,0
1331,747,225,0,0
1303,0,228,0,47
0,0,166,0,47
0,0,582,0,0
1636,1056,0,0,0
0,579,0,84,0
228,87,70,9,0
0,0,79,23,8
2793,1175,908,0,68
0,1365,0,0,0
1595,315,0,66,25
0,0,14,7,3
2677,1441,0,363,0
809,324,0,92,26
0,309,76,0,0
0,259,54,42,25
2673,0,242,0,0
0,0,26,0,16
3029,0,329,0,0
0,839,174,124,39
124,0,0,12,4
1159,0,0,0,60
0,567,0,0,0
0,1005,627,0,107
1243,270,91,285,43
0,440,276,55,0
1124,0,208,0,34
0,1290,386,0,84
0,59,0,6,0
0,0,0,18,7
3111,0,525,250,0
1794,0,0,183,100
0,1526,192,166,72
2969,1816,275,397,200
603,349,45,39,0
0,535,0,72,32
0,1292,223,0,101
298,0,0,0,0
0,59,0,0,6
0,0,0,344,106
0,0,108,54,12
0,1062,0,0,0
0,0,74,0,0
0,0,0,0,161
0,1747,0,0,93
757,287,75,0,0
2595,0,0,452,136
0,425,53,0,0
0,1202,0,208,0
0,102,0,12,8
1095,297,0,0,74
2615,1230,835,192,76
672,301,65,52,23
536,169,0,76,0
2925,0,613,0,48
2415,763,245,560,0
0,931,268,190,104
0,0,187,0,0
0,0,467,201,82
0,626,0,283,0
0,2452,509,0,109
0,1402,0,0,0
0,0,243,0,0
1243,0,0,118,0
253,0,0,0,9
1356,472,384,69,0
0,504,0,0,88
0,15,0,14,1
451,0,0,0,17
1427,0,301,81,66
2375,0,0,212,0
925,206,0,0,37
0,0,163,295,100
996,222,0,84,0
2287,1153,128,580,0
248,0,0,28,0
1112,371,0,169,94
0,0,0,99,55
476,0,0,0,39
0,109,0,0,0
0,0,0,0,47
0,0,0,108,72
0,0,116,235,0
2710,0,0,218,0
0,0,219,0,0
1934,641,328,0,90
0,218,43,0,0
0,889,0,0,73
1608,0,0,0,0
1411,0,104,307,53
2270,0,211,0,0
0,0,228,202,0
1738,0,159,292,66
0,0,0,118,26
1114,0,0,174,40
2289,1161,0,150,80
1892,899,0,0,45
0,174,39,117,13
2693,1431,0,0,0
0,457,0,0,47
0,919,0,312,57
0,0,0,0,127
2542,0,0,346,115
0,584,0,122,53
0,615,0,0,40
950,0,0,0,0
0,298,234,41,18
0,393,0,241,98
207,0,0,0,11
0,0,93,0,16
199,0,67,0,6
0,567,0,0,79
0,0,0,120,0
0,118,0,45,11
106,0,9,0,2
2385,0,0,0,84
100,30,12,9,0
0,0,0,24,12
1753,0,413,179,73
0,0,0,106,0
2162,0,0,0,0
3245,0,1180,0,0
1105,0,72,0,61
0,443,0,63,35
168,72,0,0,0
2166,0,0,360,99
0,293,0,0,38
0,1122,0,0,90
1578,604,0,373,120
2962,0,0,0,146
2473,870,0,252,86
2408,0,0,277,0
0,1552,0,0,81
0,476,194,0,0
1472,0,356,48,0
2269,1180,0,0,0
0,777,0,0,67
2577,0,124,734,0
0,157,217,0,0
597,190,60,71,33
0,1301,0,0,0
3175,1293,0,627,232
1822,0,0,0,58
1932,970,520,0,71
2116,0,499,173,0
0,757,0,129,0
0,0,56,136,27
0,1108,634,161,0
0,0,353,0,99
0,215,132,0,12
0,444,0,0,60
586,235,0,0,0
0,0,78,35,22
0,0,88,24,0
2578,0,0,93,70
0,0,0,284,98
212,0,0,32,13
0,0,151,0,0
2820,0,287,0,0
2620,1967,287,0,53
0,0,208,81,0
1768,968,0,273,59
1796,0,315,0,0
821,206,0,0,0
2120,0,0,149,0
2902,1535,433,0,97
1078,601,68,0,46
0,83,0,37,11
688,194,214,26,20
118,0,28,0,4
562,0,0,24,15
0,350,106,68,0
1083,326,0,111,40
0,0,282,272,0
0,0,0,0,25
1976,0,0,0,116
0,349,227,0,18
949,380,0,75,36
0,235,115,0,0
997,335,88,153,0
2677,0,0,225,63
0,219,0,0,0
121,0,0,0,0
1288,0,0,52,39
0,0,633,0,137
2016,0,0,0,63
979,0,0,0,25
0,832,0,111,41
1025,0,0,124,30
0,226,41,68,23
0,53,33,0,0
1616,0,0,0,65
966,0,0,0,0
595,444,0,67,0
0,400,120,156,49
0,1276,0,236,0
1785,0,140,238,0
0,470,0,0,0
0,906,0,0,174
30,0,6,0,6
2627,1289,0,64,0
0,302,95,0,0
0,229,356,0,0
1609,0,0,148,0
1298,0,301,100,0
2197,907,0,230,0
2189,0,629,0,33
1392,0,0,187,0
0,235,0,75,23
203,0,0,0,0
0,0,0,0,22
956,0,270,0,0
0,52,0,13,5
575,206,133,0,0
1182,794,103,0,46
356,0,0,0,0
0,447,0,146,0
1093,0,0,35,15
2040,0,0,96,64
1973,874,0,0,110
0,72,0,12,3
2519,669,0,0,135
0,0,84,0,0
291,0,0,0,16
2539,0,581,123,0
0,735,441,100,92
0,0,558,0,87
2789,1974,557,319,161
0,57,42,0,5
1591,0,0,142,0
1952,0,105,0,0
2796,1789,0,0,71
2817,0,0,0,77
2796,0,835,136,0
0,0,186,0,17
1699,0,423,0,0
2822,0,243,0,0
0,0,195,0,44
0,0,0,187,95
0,1030,182,0,0
0,0,0,0,81
310,142,34,0,9
0,464,0,54,55
787,0,53,0,0
2086,0,0,0,45
0,0,0,0,82
1721,0,0,0,0
0,145,52,106,21
194,0,0,0,0
0,0,0,91,65
735,0,0,24,0
0,0,150,590,70
2472,0,0,0,67
478,0,0,27,0
412,170,51,0,11
0,0,0,7,0
0,1211,191,0,102
0,842,147,380,0
0,225,0,0,0
0,0,217,0,36
0,0,18,0,0
0,0,751,743,0
0,990,0,0,0
0,0,0,73,0
0,0,0,20,0
0,0,0,31,0
0,0,459,0,39
0,544,159,171,0
104,0,15,11,6
2181,1095,0,0,0
802,0,0,0,28
0,79,34,0,0
183,97,0,0,5
558,0,0,0,13
1036,0,180,0,0
0,0,523,0,84
1803,998,257,118,0
0,143,108,51,19
0,0,66,18,3
821,371,210,0,12
0,161,107,0,22
20,0,4,0,0
650,155,103,0,0
909,0,0,0,17
0,334,0,0,0
0,0,340,55,0
764,207,178,0,18
493,142,0,0,12
617,250,0,28,16
1134,321,0,0,0
0,870,0,0,80
0,57,0,6,5
1139,0,0,88,0
2211,1514,257,148,0
0,666,0,551,0
150,0,0,0,5
0,554,263,47,40
2845,0,261,0,0
0,976,0,0,57
0,0,0,142,76
0,324,0,0,0
0,583,0,0,0
0,392,159,32,22
1963,875,0,338,0
0,530,141,39,0
523,123,122,24,13
345,0,86,11,20
2294,741,275,0,0
0,655,61,163,43
0,1326,0,150,0
1085,337,0,61,0
3024,0,176,0,132
124,34,24,0,2
1599,0,0,0,0
899,0,0,89,39
807,212,0,41,15
2756,0,221,276,0
566,0,71,53,16
617,308,83,61,0
637,0,80,40,18
2418,1253,0,555,0
2913,1035,511,314,0
0,74,0,0,11
3044,1469,0,0,213
0,0,0,0,27
0,323,144,0,37
0,0,63,32,0
0,0,0,59,0
0,0,0,226,60
0,0,762,134,0
0,644,0,146,0
0,486,0,0,0
0,1095,0,0,65
3049,1611,0,0,102
0,0,182,0,0
0,0,186,307,67
0,116,14,0,10
0,0,210,206,0
2610,857,224,424,0
1274,0,96,229,0
2433,0,209,0,150
0,1642,0,319,0
115,0,27,0,0
492,175,0,0,8
1909,1274,0,0,0
3077,1772,443,270,0
0,815,0,126,0
2626,1732,565,0,0
0,0,0,0,28
0,0,305,218,36
0,591,0,0,73
451,0,0,100,19
0,996,664,0,0
1013,0,182,0,40
2906,0,393,143,89
862,314,159,0,30
2825,0,0,0,0
2876,0,244,549,0
0,1674,0,488,199
0,831,227,0,77
0,0,264,75,0
0,0,134,58,0
2331,0,247,222,142
0,83,13,0,7
2186,0,0,0,0
1188,0,0,81,23
70,0,0,0,1
1154,0,0,0,0
0,996,474,67,0
50,20,6,0,0
599,0,0,49,14
0,0,78,0,0
683,201,105,106,49
680,0,0,0,27
1964,837,0,96,0
0,240,37,27,0
0,597,0,69,70
0,0,0,70,0
466,0,62,66,0
0,0,521,0,0
0,0,0,242,59
1048,399,0,0,0
1554,242,408,0,26
0,0,209,0,0
0,765,210,132,87
0,369,0,0,0
0,0,0,102,0
551,163,129,0,0
0,0,717,154,0
0,324,0,0,0
0,0,260,0,72
0,0,0,0,80
0,560,0,73,32
1465,0,128,0,43
0,1521,197,0,117
2093,0,0,0,0
0,28,0,6,16
1433,369,107,200,66
0,0,122,210,51
1266,0,85,0,0
382,0,96,0,7
975,248,238,39,44
369,81,0,11,0
0,0,0,263,0
0,261,0,0,0
0,612,0,0,0
0,226,42,0,0
754,0,0,0,0
700,0,44,89,15
2797,1479,0,0,0
1124,534,0,0,30
2355,789,0,0,0
0,0,304,270,138
0,0,163,0,40
1547,500,0,268,0
0,0,0,2,0
0,170,0,36,9
775,0,183,30,12
1551,0,124,0,0
0,750,0,275,82
1844,758,128,0,111
0,404,0,83,32
0,492,179,105,0
0,0,524,139,67
698,0,0,24,16
0,978,124,318,61
0,0,0,17,0
0,0,683,0,0
0,67,0,0,1
1001,0,0,144,0
1541,0,0,71,0
0,430,0,48,0
0,160,0,0,0
0,0,398,95,0
137,24,0,10,0
0,0,668,0,0
0,375,309,0,31
673,219,0,40,18
0,0,114,0,13
1658,0,0,0,0
622,0,0,20,0
0,340,263,39,22
0,0,0,17,0
1345,0,404,138,0
780,229,232,79,33
2761,1625,0,0,141
624,0,0,0,0
2207,0,0,0,0
0,1370,324,192,66
201,0,0,0,9
0,0,0,0,29
0,257,76,58,20
978,0,200,105,34
2602,1167,195,530,165
0,528,0,332,51
2020,0,0,0,0
0,8,12,0,0
1885,0,0,0,0
206,49,0,0,6
0,0,125,0,0
1485,737,180,105,44
0,0,799,0,56
0,898,779,115,0
0,1908,0,0,0
1019,703,0,0,40
0,0,119,0,8
0,0,0,0,2
0,0,553,0,0
0,1591,537,98,0
0,0,136,0,0
0,0,138,26,12
0,1630,0,0,0
1643,364,0,0,68
0,1191,205,566,0
311,66,0,24,0
0,0,0,131,0
0,1509,827,141,79
820,0,0,61,17
695,0,167,0,0
2740,0,0,231,140
416,152,0,0,0
265,85,0,0,0
170,0,0,7,2
2331,0,521,0,64
439,0,0,104,34
0,0,531,0,105
1755,0,0,168,0
1074,0,0,0,0
147,101,17,21,4
2426,0,0,145,57
2862,1536,871,0,0
0,183,0,0,18
0,293,0,0,0
520,243,101,27,12
515,0,68,0,0
1433,413,0,0,36
1238,454,0,0,0
722,0,0,0,0
0,0,141,0,0
880,321,0,159,37
39,0,0,0,0
0,245,0,0,26
0,0,0,150,53
0,0,99,0,24
521,194,72,0,19
0,1190,0,222,47
0,1259,753,0,0
0,0,130,18,8
482,0,0,0,8
1107,0,242,0,0
2474,0,0,365,80
0,0,0,0,19
0,1536,0,237,0
0,655,216,195,0
1298,0,117,293,101
0,0,437,0,66
2726,1513,0,0,70
0,0,425,120,0
0,346,136,0,0
2251,797,373,0,0
0,0,282,117,43
0,634,208,0,0
1978,798,115,0,87
129,34,0,0,3
2307,0,596,0,41
2961,0,0,125,0
210,92,17,0,0
2761,0,0,0,0
0,0,0,0,54
0,0,327,0,0
346,147,38,0,0
0,319,0,0,24
84,0,11,0,0
0,0,0,0,1
0,0,0,0,80
1154,0,0,162,41
0,122,63,0,0
0,0,3,0,0
1712,0,0,0,0
0,646,0,79,0
2701,0,488,0,94
2600,1049,582,0,0
0,0,0,130,71
0,0,796,520,0
992,0,0,0,24
2431,0,332,265,53
1129,0,62,0,0
0,118,0,0,0
0,1639,636,0,0
0,1483,0,133,0
0,0,205,0,0
0,0,0,17,8
0,907,305,0,162
1950,0,0,0,0
2387,0,262,482,0
0,1004,575,0,0
2492,0,0,0,64
0,0,777,0,0
907,193,0,0,24
2449,1491,235,0,0
2546,0,0,429,107
0,1357,541,123,0
0,455,188,176,38
0,969,0,0,40
0,0,146,558,121
0,191,28,0,0
2705,454,574,0,173
2139,0,0,0,0
521,346,70,0,0
101,64,18,0,4
1897,1059,0,184,23
0,0,250,0,0
832,0,0,0,29
0,0,97,0,9
2870,2167,0,406,0
2683,0,0,0,141
1687,0,0,288,0
402,0,0,0,16
0,572,137,410,0
0,0,0,0,54
0,1669,217,0,0
1529,0,0,0,0
0,0,0,0,12
0,1967,313,220,79
0,53,0,0,0
2034,982,0,0,36
0,681,0,0,0
0,0,0,25,18
2718,0,786,0,67
0,446,0,75,27
0,398,0,0,0
419,0,48,44,15
0,290,0,0,24
0,0,147,0,117
512,46,66,51,0
0,437,499,0,0
0,0,0,0,58
216,59,0,62,13
0,863,0,86,71
0,0,96,0,0
0,1053,280,338,0
0,886,0,374,58
2686,982,184,0,96
2073,0,0,0,82
2715,0,0,315,115
2122,1062,0,219,101
0,769,0,0,37
0,479,252,0,22
0,290,0,18,15
1909,1063,0,0,0
0,0,0,0,107
0,0,0,85,0
0,170,0,0,14
1674,0,0,157,0
2676,1506,719,234,121
0,878,0,0,0
0,2027,0,0,75
2086,602,0,179,0
0,0,166,46,0
0,0,0,0,1
40,0,6,0,0
2864,1422,1003,149,0
660,0,63,0,0
0,53,0,10,0
0,0,0,186,0
687,0,0,168,0
0,788,218,0,135
0,0,295,321,102
0,0,289,205,0
0,832,186,353,123
2701,739,738,131,0
1976,0,0,151,0
96,50,4,0,5
0,0,0,62,0
0,0,461,0,0
2081,0,0,0,53
611,0,0,37,0
0,0,0,104,23
0,119,0,19,0
0,0,570,0,62
0,255,0,0,0
0,0,476,179,0
0,0,0,0,41
0,0,257,76,30
0,0,175,0,34
870,0,0,33,15
0,0,0,0,8
0,0,0,251,122
458,142,33,149,0
65,0,10,0,2
78,0,0,0,0
0,0,214,0,0
0,0,0,34,0
0,0,165,0,49
1531,573,0,98,52
0,0,753,185,0
0,0,545,0,43
162,0,29,6,0
2610,1380,721,184,0
586,223,0,44,23
0,850,0,179,76
0,1803,438,0,103
2497,0,0,0,0
2624,1266,179,377,0
2436,818,0,539,100
0,0,61,30,12
0,0,122,0,34
897,0,0,210,29
291,77,31,0,0
0,455,0,0,0
1915,0,709,86,71
0,1240,0,308,0
0,148,0,0,13
0,151,0,0,12
2556,0,193,0,70
2493,0,0,0,65
0,481,130,138,0
327,117,0,0,22
0,0,0,132,0
0,644,167,284,0
0,0,0,81,0
0,244,92,0,0
1476,668,0,0,0
0,0,22,0,0
1290,290,0,0,34
916,0,0,0,27
202,0,0,13,1
0,0,197,662,119
372,186,74,0,15
308,0,62,0,0
0,0,0,19,17
2961,1750,0,126,0
0,632,455,73,27
0,0,0,130,0
0,1497,0,675,0
2279,1029,0,0,0
0,0,0,0,162
936,303,0,0,23
0,0,0,0,64
0,1735,0,0,0
1114,377,270,0,0
1297,385,0,0,0
2091,778,0,0,0
0,1148,703,155,95
0,0,0,0,53
3161,2295,842,531,0
2834,1598,0,289,0
0,0,0,40,0
0,0,0,0,1
1586,544,288,0,0
0,164,0,0,21
0,0,28,0,0
625,316,0,24,28
1279,0,0,0,57
2923,0,0,0,70
0,0,19,0,0
0,0,150,243,75
1288,323,314,62,0
440,0,0,23,0
0,0,0,0,25
0,17,0,2,2
2062,0,0,140,32
0,0,518,0,0
2722,0,716,0,117
0,0,419,0,56
2101,1262,208,0,0
972,0,0,45,0
463,0,82,0,22
0,1044,0,0,0
189,0,0,0,11
535,0,0,0,9
2486,0,323,0,0
0,44,0,61,0
2091,0,0,0,0
682,259,61,0,33
391,102,123,15,9
0,1000,189,597,0
2776,1764,344,243,0
0,261,70,75,25
1673,621,207,0,0
2218,0,0,0,0
942,0,147,0,0
2344,0,0,68,0
0,624,0,198,0
0,703,0,350,0
0,0,331,0,0
0,0,0,33,0
0,428,0,0,43
0,0,476,0,0
0,0,428,248,0
1633,600,297,155,84
885,0,211,34,12
0,0,184,0,0
0,166,178,25,0
0,342,0,0,20
322,0,62,0,0
0,0,109,11,0
418,0,128,0,0
888,245,238,56,30
0,0,534,0,196
2449,1432,0,0,0
958,0,206,63,49
860,167,0,0,28
424,0,89,17,0
0,387,118,80,16
189,76,0,0,2
0,145,0,0,0
2892,0,0,154,69
0,228,37,0,0
0,89,0,80,15
2091,0,0,127,49
0,0,231,0,0
0,0,0,0,62
1670,0,557,0,39
2072,483,608,0,59
0,0,1031,130,0
190,70,0,27,0
0,0,67,0,73
0,0,242,0,36
1254,0,295,0,18
0,726,0,0,18
0,0,165,71,0
0,0,0,52,0
0,112,0,6,7
210,0,0,6,0
0,0,263,27,17
565,211,143,0,0
394,165,0,0,12
0,0,417,151,0
1586,491,410,0,0
0,0,0,0,229
2657,1817,610,0,75
225,62,0,0,0
0,438,166,0,0
2850,0,0,125,0
1259,486,68,215,0
0,0,0,135,0
0,0,147,29,0
0,0,0,94,0
1001,0,0,69,0
0,0,134,26,15
0,1284,0,0,0
1689,0,0,0,87
2126,0,0,0,163
1750,0,0,0,0
1436,700,410,162,0
3086,1809,853,0,0
0,96,0,7,7
0,0,0,11,0
0,367,267,0,0
3081,0,398,234,116
1808,0,0,0,47
2402,0,723,0,0
0,500,0,132,0
0,526,114,127,47
2315,1126,614,199,71
1150,400,0,0,36
2543,0,0,0,0
461,231,69,0,0
2059,885,0,0,76
0,0,0,0,78
0,0,556,111,0
0,0,99,0,80
0,1245,0,363,0
0,0,0,135,0
1819,653,188,199,0
1491,0,0,158,96
0,0,452,0,0
366,0,63,0,15
2163,0,0,0,76
703,0,170,30,16
0,1103,278,0,0
1647,0,0,0,0
0,0,58,153,23
0,499,159,94,0
888,255,0,0,13
0,0,250,15,13
0,0,0,381,66
0,0,195,0,0
0,129,36,0,0
2536,0,622,53,0
0,738,235,0,83
0,0,0,0,19
3023,2217,0,200,135
917,298,0,16,0
3182,0,1005,167,63
119,61,27,0,5
0,0,634,252,0
413,0,0,0,22
1785,0,0,36,31
267,99,31,0,14
0,77,0,0,0
92,22,13,11,0
0,0,73,0,28
2545,0,279,0,84
1998,1329,198,0,0
139,40,0,0,9
2501,0,0,0,0
2407,0,0,0,0
2358,1196,0,153,42
0,895,0,251,0
0,0,0,0,42
0,277,0,74,0
0,0,376,80,58
2395,1214,202,261,0
2787,1762,0,271,0
0,0,0,114,50
0,0,0,0,17
1161,510,123,0,0
0,0,49,0,3
0,41,0,15,5
0,13,20,4,2
0,0,417,81,62
0,613,0,0,0
0,0,670,0,0
36,12,10,0,0
1092,494,272,0,31
273,122,0,8,2
469,0,46,0,20
0,0,0,21,13
0,1021,610,0,0
174,64,25,0,0
128,26,30,1,0
723,0,68,67,22
0,2267,395,264,0
0,273,0,105,0
0,556,183,0,0
0,716,0,96,28
441,143,0,12,0
0,0,0,0,66
2576,0,421,0,197
0,769,0,0,66
2401,0,377,171,155
2551,0,0,0,0
1086,508,168,0,0
0,773,101,0,0
1120,0,203,0,51
2764,1410,0,0,0
0,1754,218,0,0
2065,0,215,0,0
0,48,40,0,0
2395,0,0,102,39
573,235,0,0,0
0,155,118,15,0
453,0,73,0,0
0,0,38,3,4
2307,1076,0,139,70
1402,412,0,119,0
0,0,0,316,0
482,0,57,50,21
332,98,0,0,0
0,22,0,0,0
0,0,24,0,2
29,0,8,1,1
2834,1606,0,102,62
0,716,0,0,74
0,0,113,61,0
1208,0,0,0,38
0,0,0,82,0
0,261,0,0,23
0,1213,268,456,110
0,0,0,214,0
0,0,0,0,10
615,0,46,0,8
0,0,0,0,11
0,35,0,13,6
2578,0,426,907,113
0,616,0,0,0
1828,983,0,95,44
1437,0,355,0,38
0,0,193,52,32
451,408,0,0,0
0,0,81,0,0
0,335,168,0,0
1217,672,0,83,85
1998,0,0,0,0
1180,414,0,46,24
0,0,0,17,0
2891,1360,1075,0,59
0,276,121,64,20
0,0,79,53,19
222,67,10,54,0
0,0,420,0,0
1812,796,592,101,0
0,0,566,0,0
0,1203,718,0,0
2706,1759,872,0,0
0,332,0,0,0
0,817,131,0,0
2706,0,0,193,101
0,1448,0,0,29
2970,1921,409,0,56
2567,0,334,357,0
856,363,86,252,70
0,768,115,0,0
100,0,0,0,0
0,1474,0,0,70
0,1218,436,0,58
0,0,0,0,4
0,10,7,0,0
1946,0,393,48,30
0,740,0,0,68
2157,612,0,266,0
1276,0,0,37,0
0,878,312,179,0
0,981,148,278,94
0,0,0,274,55
1664,505,0,85,0
0,0,0,71,0
2147,0,231,177,0
0,408,0,69,0
0,586,0,0,51
0,0,301,0,0
469,0,0,27,0
2878,0,0,448,301
0,177,0,58,19
0,1460,0,0,0
0,415,458,0,0
1114,569,320,159,23
0,1491,879,0,0
0,0,0,150,0
0,0,0,88,23
2190,0,0,0,0
1168,363,0,0,78
0,198,143,61,21
0,0,0,95,62
2344,796,0,472,0
471,214,81,0,18
0,1076,0,206,0
0,630,0,0,0
2158,0,235,115,0
0,231,0,28,0
2790,1609,0,0,171
0,0,0,12,0
1281,0,141,0,51
2377,1024,770,168,0
2569,0,608,176,0
1323,336,0,43,0
0,0,169,0,0
0,0,137,0,0
2292,1097,556,55,65
1217,0,125,246,72
0,184,0,69,17
156,0,0,8,4
0,0,220,0,0
0,606,0,165,38
658,217,66,109,25
0,616,123,0,0
0,0,132,0,0
107,35,14,0,0
343,173,0,53,0
0,312,328,19,0
195,75,29,0,7
0,2366,0,206,0
0,0,145,28,3
522,0,0,18,0
110,69,0,0,0
573,0,146,14,0
0,0,0,67,28
397,0,0,0,0
0,17,15,2,0
0,902,244,0,57
2417,0,226,0,92
2454,0,387,0,82
2441,0,0,0,0
0,0,242,400,101
312,0,0,33,0
0,0,252,379,0
542,282,137,20,0
0,0,0,102,38
0,0,340,108,0
0,0,308,170,0
0,0,994,0,119
804,0,60,124,29
1567,988,302,0,36
0,0,36,0,4
1552,251,0,11,0
163,0,33,9,1
0,212,102,0,105
219,138,53,16,0
487,0,116,0,0
0,175,52,35,0
0,258,214,24,0
0,873,0,0,89
0,138,0,19,12
0,342,0,0,14
2724,0,589,214,92
3018,1909,0,245,0
0,1061,0,0,180
849,293,0,116,37
0,859,0,0,0
0,549,473,0,13
0,0,215,97,0
0,275,119,0,38
438,129,0,17,0
2770,1707,0,229,0
1973,0,452,122,33
0,0,78,58,27
0,1253,647,304,0
1582,577,0,373,0
0,0,0,364,96
106,57,19,2,2
0,835,0,290,67
731,236,0,76,25
724,0,124,75,0
0,0,103,0,0
0,0,0,352,0
0,0,697,105,43
0,0,57,0,5
130,0,33,0,0
1567,0,0,185,79
0,1356,555,104,0
498,229,0,0,0
2549,0,334,473,0
0,0,0,848,0
1104,404,270,0,0
0,0,579,150,39
2272,1179,0,99,0
836,0,110,81,0
456,0,129,0,10
0,1142,227,129,0
0,952,0,0,0
2556,1230,199,0,0
0,613,0,100,37
2045,805,175,0,101
0,738,166,439,0
231,98,0,0,0
1497,631,237,0,0
2147,0,140,0,76
0,278,173,36,16
0,228,0,0,0
0,1062,0,0,87
508,217,0,115,0
2457,1516,0,251,42
0,1909,504,977,138
0,0,0,0,12
0,1330,0,0,49
0,3041,0,377,0
0,1009,496,194,122
1684,463,0,0,0
0,0,239,85,22
2854,0,0,0,0
870,0,251,69,25
0,1552,0,654,0
688,0,48,0,19
1358,753,125,290,71
0,0,0,0,59
0,0,0,0,18
0,22,0,9,0
0,147,0,35,13
836,332,184,0,0
0,1170,578,434,88
279,0,58,23,0
0,353,183,84,27
0,0,77,93,54
1972,0,0,0,125
972,0,227,0,0
122,27,0,0,0
0,0,138,22,0
992,0,0,121,27
1234,474,0,250,0
0,71,39,0,3
0,0,0,21,14
630,293,70,27,20
0,391,0,25,0
0,295,0,0,16
0,96,0,7,0
2980,0,0,296,85
2760,1755,858,220,140
1002,0,0,0,18
0,173,0,0,0
1440,458,0,0,47
2956,1541,0,0,90
0,0,580,116,86
0,164,0,0,0
0,0,0,0,40
0,0,465,60,0
0,0,0,0,171
2697,0,0,421,0
0,815,307,89,0
1155,500,332,56,0
468,189,77,26,0
0,0,488,0,43
669,238,0,39,0
1556,649,380,0,20
0,0,117,27,0
0,0,0,57,55
950,0,0,0,45
0,448,0,0,0
0,0,0,0,25
2374,707,917,0,71
1951,0,0,0,0
665,0,0,81,18
0,648,0,0,177
2872,0,266,0,78
3013,0,319,0,0
762,0,171,0,0
0,938,0,0,45
1210,605,276,87,0
0,265,0,82,0
778,0,51,177,0
2159,0,0,0,0
0,0,0,0,30
801,393,0,33,0
44,10,7,2,0
0,0,27,59,13
0,85,0,0,0
112,0,0,9,1
385,132,0,16,0
78,20,0,6,0
1333,0,339,0,22
0,618,194,0,0
0,624,194,79,0
0,373,262,0,16
0,138,40,139,0
0,0,366,0,0
0,0,0,0,65
789,210,81,207,0
2049,900,124,0,0
0,557,0,370,0
2126,0,162,0,100
138,52,0,0,3
72,13,0,0,0
2308,0,478,0,48
0,0,270,42,29
1646,0,0,0,0
197,59,0,0,0
1984,0,513,79,0
85,34,13,8,0
2774,0,0,0,0
869,288,0,0,0
2804,0,531,158,49
0,0,951,254,100
0,0,0,0,8
0,1272,395,0,55
0,730,0,222,0
2580,1325,246,262,0
1628,0,0,0,127
1437,423,0,0,114
0,423,126,0,114
133,43,44,0,0
591,0,159,28,11
0,1046,938,0,0
0,143,0,15,11
204,74,13,0,0
1483,705,0,0,0
0,759,0,94,0
1610,0,0,0,0
0,0,0,212,0
2871,0,0,635,0
0,0,173,0,0
0,0,0,0,15
0,418,0,65,0
399,0,0,0,0
0,0,106,0,9
0,532,0,0,0
0,286,270,0,12
1739,0,350,0,72
1148,393,0,0,42
591,232,0,59,0
2328,0,527,0,36
2629,0,0,181,78
0,299,0,63,32
2144,0,227,171,39
0,12,3,0,2
2523,0,0,66,40
364,0,25,87,0
0,0,0,467,203
0,0,144,23,0
0,1161,200,387,0
1534,0,0,87,101
1377,0,335,73,14
1709,563,274,206,82
2790,0,340,0,0
399,103,0,15,0
2818,2000,373,377,0
1128,458,335,0,0
0,0,0,568,0
0,381,91,0,0
372,0,0,0,0
2961,0,0,139,0
807,224,250,44,11
0,937,0,93,87
0,642,0,93,65
1236,385,0,0,0
1052,589,0,91,0
1017,395,323,86,0
0,0,0,175,65
0,0,171,166,0
0,0,246,0,0
0,0,223,0,122
403,110,97,0,8
351,0,0,0,0
0,0,0,231,69
1436,0,97,0,0
145,0,19,0,4
207,117,20,26,0
2188,1054,293,188,0
2592,1178,0,99,0
1747,0,0,0,0
0,629,78,153,46
0,0,174,32,0
1365,587,143,0,0
0,0,281,0,0
0,0,0,67,0
3249,1114,0,0,0
0,157,59,0,20
0,0,168,0,0
0,0,191,0,0
874,0,119,0,43
0,0,449,858,0
0,0,408,81,29
0,0,0,0,3
2044,0,0,192,0
0,224,0,47,0
86,19,0,2,0
1999,0,0,93,28
0,1110,832,199,66
310,83,51,14,0
0,461,627,58,0
0,297,0,49,20
2022,1034,0,0,0
0,743,0,0,88
0,0,0,94,33
0,0,0,60,0
0,1607,0,0,0
0,123,0,0,0
706,0,0,0,0
848,0,0,0,22
0,0,467,0,32
0,662,0,92,18
0,1669,0,0,0
0,575,128,0,0
0,126,31,40,0
0,0,338,0,0
848,0,0,22,27
0,0,180,204,41
0,24,0,0,0
34,0,12,5,0
2033,1213,205,290,0
89,36,0,0,0
328,112,0,0,0
0,0,0,0,13
0,0,222,0,0
0,0,0,0,72
919,316,153,0,22
0,1014,0,0,68
263,0,18,27,7
538,244,0,49,0
0,640,0,303,0
2499,0,601,118,0
1793,0,436,0,0
0,491,0,0,0
1080,337,0,0,32
0,0,0,831,150
2484,983,375,0,112
0,0,0,67,27
0,498,160,104,74
2502,1134,0,747,140
1032,450,0,0,16
2978,1610,498,0,243
2147,0,0,110,75
1765,336,0,20,0
0,0,462,0,0
705,303,172,0,17
958,446,0,85,24
417,0,0,26,0
2166,0,0,106,62
0,140,84,0,0
447,138,0,0,47
8,0,3,0,0
0,0,250,0,0
2923,1352,709,279,0
0,841,0,434,0
0,127,0,0,12
0,95,0,0,0
1358,0,0,0,0
1044,0,0,0,0
992,0,70,0,0
0,1204,237,1128,242
1024,0,48,0,0
0,0,81,61,32
2653,0,0,0,59
566,0,76,51,21
0,164,0,15,11
508,147,0,11,0
0,1704,0,266,0
701,0,0,0,0
2378,1268,0,0,54
0,0,0,0,11
976,368,0,0,0
0,506,0,0,0
0,470,0,0,0
953,378,103,0,34
0,0,0,34,0
0,152,0,61,0
0,0,127,100,0
0,0,389,0,0
260,0,0,6,0
0,57,0,0,0
1379,0,0,0,91
1347,0,146,0,63
125,0,0,0,5
1183,459,0,50,0
352,178,0,9,0
581,261,31,59,0
1221,0,321,0,0
2637,0,834,0,68
0,843,0,103,61
0,1047,444,232,117
0,0,0,96,0
857,0,0,58,29
0,0,0,69,23
0,104,26,63,17
2412,0,0,0,0
622,0,0,71,0
0,1478,374,289,72
949,0,75,218,52
2787,0,283,0,0
0,953,235,189,29
1141,498,255,63,0
0,0,0,98,0
2618,0,0,0,0
2738,1508,0,0,0
1642,500,0,0,0
0,1595,447,138,48
0,0,0,3,0
1672,0,0,197,0
0,1299,696,157,0
1406,0,0,0,0
799,0,152,57,19
0,0,0,27,0
0,171,106,0,0
0,72,32,24,0
0,0,132,60,45
0,0,406,131,102
0,0,258,0,0
0,0,0,26,15
0,0,473,105,0
3002,2085,0,0,0
1539,750,0,77,0
0,843,355,604,0
0,0,0,43,28
0,0,191,314,72
0,0,0,118,82
1081,628,153,78,20
0,1475,718,0,0
0,0,108,0,0
0,123,0,0,0
0,1267,151,0,0
396,129,0,18,5
0,0,615,450,213
2408,0,0,0,0
321,33,0,0,12
1459,0,0,123,41
0,555,231,0,0
0,0,295,266,0
3190,2253,0,164,0
0,2175,326,0,66
231,0,0,0,0
2552,0,0,494,0
245,107,61,0,0
0,187,0,0,0
0,1409,769,138,46
0,105,36,34,0
0,846,238,506,0
200,0,0,0,10
0,1088,0,0,0
0,517,0,76,0
0,425,0,140,0
0,856,0,160,39
0,1308,522,71,34
1112,0,0,138,41
0,0,384,0,25
1551,0,0,0,0
0,42,0,3,1
796,0,132,0,0
291,0,0,0,21
0,0,607,0,0
196,0,0,0,0
1279,202,0,59,24
1154,136,257,0,39
0,0,113,42,21
92,0,16,7,2
0,212,95,0,0
3255,0,0,650,0
213,38,53,7,0
0,0,378,0,0
0,0,776,177,0
0,0,199,0,0
0,0,0,42,20
0,1409,662,0,195
0,136,61,0,0
2657,0,377,218,0
1214,0,256,66,30
0,0,0,0,9
0,976,0,149,122
919,0,77,80,0
0,0,66,65,0
0,467,0,0,0
0,2326,0,219,144
950,0,0,0,44
0,0,0,0,18
2435,0,514,293,57
2385,1677,0,134,84
0,1038,0,116,0
0,1305,0,0,105
0,0,388,696,0
0,113,100,0,0
0,1181,292,0,93
320,118,0,0,0
690,165,0,0,0
0,0,172,0,0
0,95,0,48,0
0,1259,0,159,0
0,151,0,0,8
0,66,46,7,6
185,0,32,0,0
0,0,0,118,24
258,0,78,14,7
0,0,64,3,5
2336,0,0,0,111
0,0,0,0,106
0,2034,0,0,213
0,141,0,11,8
2840,0,0,175,0
0,492,74,0,38
190,0,45,0,0
0,0,0,127,0
0,0,0,44,0
2413,1048,0,0,0
2170,0,0,439,0
2257,0,485,174,93
0,0,226,631,0
0,428,100,62,0
0,1741,0,0,0
440,0,0,106,0
2462,0,286,525,0
2287,1122,384,393,0
416,0,0,0,17
0,0,0,0,55
536,0,0,55,24
0,0,56,0,19
1086,0,307,77,0
1918,0,0,0,42
774,358,165,0,37
0,353,166,86,24
0,848,549,55,46
0,0,227,0,0
0,703,0,472,0
0,1155,465,103,68
1597,0,330,0,0
0,956,0,70,0
316,0,0,0,0
0,0,0,0,9
0,0,263,96,79
0,1296,0,0,0
222,0,28,13,0
1276,646,392,44,0
0,0,609,0,0
0,0,310,75,0
0,0,299,0,0
341,0,88,16,0
1824,0,0,132,88
617,219,49,117,0
0,0,0,0,5
843,246,193,29,0
0,0,0,17,22
2446,0,0,0,61
2413,0,0,0,0
0,0,20,17,5
0,386,0,113,32
2259,0,0,206,0
0,1657,489,0,108
2690,1221,225,495,0
302,168,25,0,0
746,0,0,0,16
0,231,0,55,20
1095,230,0,0,40
1630,782,132,205,53
246,0,58,0,3
2743,0,0,0,0
0,0,276,36,13
2207,0,0,0,0
0,0,127,0,0
0,0,0,0,32
0,219,72,0,0
0,23,7,10,0
0,0,465,0,38
1762,0,179,132,0
0,244,75,0,23
391,175,0,0,0
0,1207,179,0,0
1611,0,512,0,0
2265,665,0,57,0
2470,1155,0,619,145
307,65,87,0,4
2578,0,0,0,0
2283,0,0,63,0
2033,0,0,0,0
2876,1176,322,610,92
0,574,0,0,78
0,0,0,0,90
2659,1112,0,128,43
1846,0,0,0,52
560,0,0,0,0
2709,0,712,0,66
1444,0,166,0,68
0,0,282,22,18
0,321,168,51,0
1367,0,206,182,0
464,0,0,0,16
0,0,36,0,2
0,1251,0,0,0
892,0,70,0,0
272,0,28,0,17
0,117,53,17,3
0,0,0,0,71
0,0,218,118,30
0,0,0,0,68
1365,435,0,0,0
977,0,0,23,0
0,0,0,0,58
0,686,0,0,91
2567,1820,0,0,0
3122,2540,0,0,0
1351,0,159,44,0
1987,714,228,0,0
0,0,87,0,42
0,0,0,6,0
0,0,42,0,19
116,0,27,3,3
2449,0,0,143,130
0,146,0,67,0
0,0,463,319,123
543,198,0,100,20
314,0,61,0,4
0,889,727,146,0
2396,1243,796,103,38
0,0,0,10,3
0,0,0,0,33
884,294,214,0,0
0,0,572,0,0
967,583,111,116,23
2706,1430,251,666,114
0,908,0,0,92
1202,414,151,0,38
1565,746,0,72,53
0,225,0,0,18
0,273,0,0,0
0,217,70,0,0
496,0,19,0,16
0,222,452,69,0
0,439,0,249,0
2993,0,308,765,139
0,1401,0,0,0
2937,1758,0,0,0
1347,0,0,58,0
131,0,0,0,0
0,90,0,0,8
638,229,0,114,45
2199,0,391,119,51
0,0,22,0,3
0,320,0,0,32
0,0,0,0,9
544,130,0,0,0
0,0,122,231,0
459,0,86,24,25
2006,1104,0,0,0
247,0,0,0,0
0,0,386,106,74
266,0,68,19,0
0,418,71,0,23
0,272,0,0,0
0,1164,0,0,0
0,0,350,0,0
0,0,426,0,86
343,0,0,0,19
0,745,355,58,0
2100,0,191,250,73
0,0,0,0,128
1121,307,326,26,0
0,0,0,347,0
0,1177,521,157,61
0,0,0,0,62
0,1352,209,624,121
0,0,255,0,24
0,139,34,0,0
0,0,187,0,0
217,0,0,24,0
1611,576,201,0,0
0,955,205,0,0
0,857,173,0,0
800,0,92,0,0
624,0,81,31,16
0,249,0,38,13
372,137,100,0,3
0,0,179,0,33
0,1005,159,0,0
0,0,379,0,48
0,425,0,0,19
1944,906,263,0,104
0,0,364,78,35
0,1000,0,178,95
0,521,0,0,0
0,793,0,413,57
3110,1767,310,299,0
0,0,63,0,8
2733,0,0,0,0
316,171,45,0,15
0,630,197,452,0
0,1151,0,0,0
228,90,0,0,4
0,0,359,0,0
0,271,37,0,0
0,140,0,18,22
265,66,30,34,0
0,0,15,12,0
1171,0,221,64,48
0,0,483,0,20
0,1197,520,133,66
0,1042,0,0,138
0,0,538,108,0
2566,1474,417,238,56
0,0,0,72,22
1683,528,176,271,63
0,0,145,0,0
0,0,0,64,0
0,0,678,70,52
2467,902,0,89,87
37,0,0,0,0
1843,1034,0,203,0
0,888,281,0,0
0,56,0,0,9
2747,669,1026,85,0
2228,0,535,0,55
227,0,0,9,6
398,0,121,17,2
2714,1357,270,660,0
0,0,608,134,81
0,0,71,0,0
0,10,0,0,1
1173,466,0,0,0
0,0,0,0,85
3039,1435,0,0,73
0,0,275,76,35
0,137,67,0,14
514,270,0,86,0
0,0,349,0,0
0,406,107,197,30
0,58,51,4,1
2305,553,498,0,0
0,0,0,13,0
1957,0,0,0,0
2164,0,207,0,82
2582,933,0,97,47
0,813,0,0,150
355,74,33,25,0
0,0,246,94,0
1538,0,0,192,44
2793,0,0,0,0
1889,744,300,0,0
0,219,142,38,0
0,0,161,480,0
327,0,78,0,5
0,0,112,159,0
0,0,0,0,2
1941,0,513,0,0
833,195,162,38,19
0,0,245,163,0
0,0,0,0,81
1556,0,344,122,60
1783,0,0,81,42
0,0,0,0,35
655,0,84,48,0
0,0,0,16,12
290,0,0,23,19
0,33,0,11,8
1471,0,0,0,0
741,255,0,0,0
429,92,33,0,11
2222,0,0,0,0
0,0,0,0,47
2023,266,491,0,0
0,0,227,174,0
548,0,0,0,0
852,0,144,71,40
2209,0,190,411,0
1822,0,260,0,66
256,141,42,22,13
3332,1893,310,0,164
3078,0,0,411,158
2261,0,184,0,119
0,685,0,158,0
2553,971,0,243,0
0,0,0,0,54
177,37,0,17,0
0,1703,0,0,0
2117,0,208,0,0
215,0,15,32,14
0,0,30,6,6
892,338,0,0,0
0,0,0,314,0
0,0,453,0,48
545,0,145,45,21
505,0,0,0,0
279,81,30,20,0
2510,1141,639,188,0
0,0,0,241,0
353,144,54,0,0
2332,1041,0,141,0
371,0,0,0,0
0,1497,0,0,68
0,0,8,4,0
2784,0,255,477,127
441,171,71,33,12
374,0,62,0,0
1257,0,317,81,0
122,30,19,0,0
1657,641,147,233,111
2124,0,416,0,0
0,1578,829,181,0
0,1055,0,446,105
1774,0,296,116,49
633,221,0,53,0
0,0,168,34,19
0,495,0,250,0
0,1137,177,562,0
1481,405,0,53,0
3056,0,0,250,0
415,155,37,0,21
1591,0,246,92,0
0,0,0,12,6
2432,952,0,196,60
0,0,1258,0,0
81,35,15,0,2
0,0,0,8,0
889,0,0,152,0
246,58,0,5,0
0,503,152,0,16
0,129,0,6,0
0,0,512,0,0
0,0,215,61,20
0,0,23,0,4
0,0,0,671,203
0,0,556,127,0
571,0,81,34,0
0,949,0,0,0
0,0,0,53,22
645,0,50,150,0
2094,0,286,0,0
0,727,0,69,0
0,655,136,339,80
0,543,0,0,0
3094,0,0,0,0
2559,0,0,254,0
1757,708,216,0,0
0,0,312,107,0
31,0,0,1,0
0,1959,0,0,0
0,0,0,132,0
867,0,0,0,32
205,101,56,0,3
0,508,0,0,0
2745,1017,729,0,89
0,1051,0,116,88
626,0,34,116,23
81,0,9,0,0
2609,0,0,699,0
591,0,68,0,0
1274,0,315,69,44
1869,0,0,0,0
1549,0,0,0,0
481,0,0,0,0
0,122,0,0,8
0,0,0,17,0
881,328,0,0,40
0,291,279,33,19
1503,424,118,0,0
2215,0,489,0,72
1656,0,0,0,0
1069,0,0,118,0
2644,1639,805,76,27
0,0,83,0,0
124,0,44,0,1
0,0,740,61,57
998,0,287,74,0
0,32,43,0,0
3123,1510,621,0,0
0,79,31,30,0
859,0,0,0,56
0,127,70,0,0
3082,1554,424,180,0
2396,769,0,573,0
0,0,0,0,98
33,0,3,0,1
0,0,1132,0,0
0,0,0,0,6
0,706,295,0,36
0,0,29,0,0
1189,454,170,75,39
1124,0,249,0,0
0,7,8,0,0
2172,0,432,142,48
0,347,0,0,0
0,0,0,104,48
0,1065,0,0,0
0,639,0,186,58
1823,0,383,146,47
0,0,124,0,0
339,0,115,0,0
0,237,0,0,0
0,1235,273,0,142
0,583,0,0,33
494,254,0,25,13
0,39,10,0,0
0,1543,0,235,85
354,72,0,81,26
0,890,0,0,0
2498,678,690,0,0
2055,738,0,0,0
179,0,0,5,5
0,34,44,5,4
2661,1151,0,0,165
0,0,0,295,0
0,440,174,0,66
836,0,47,0,0
0,0,168,0,0
0,849,183,0,0
859,413,0,0,0
1555,606,0,180,57
0,1277,476,294,134
0,0,0,6,0
0,628,0,365,114
983,248,0,163,39
2915,1118,424,789,0
2746,835,0,780,133
0,8,0,1,0
1385,0,306,98,0
218,0,32,16,0
835,398,126,0,0
465,198,51,15,9
0,440,134,192,59
1602,1010,344,0,0
391,0,0,0,0
0,588,0,263,0
169,31,24,31,0
0,132,0,0,0
0,0,310,138,0
2322,0,0,0,83
2727,0,281,0,0
0,0,0,80,66
1296,671,0,0,0
128,0,12,0,0
0,791,141,334,0
1311,0,0,236,80
1460,0,224,0,36
2597,0,851,207,142
1430,0,0,197,0
0,0,365,0,0
0,45,13,0,0
126,0,22,0,0
48,0,8,6,5
0,0,0,109,45
496,163,41,0,0
0,59,0,5,0
0,0,0,0,129
0,0,940,328,125
2571,0,229,0,0
0,433,0,215,46
0,1381,672,177,64
367,96,0,0,14
0,0,80,0,0
0,234,0,0,0
3224,0,1072,195,0
0,257,212,0,0
0,218,69,0,21
2738,1186,0,326,0
923,423,0,94,43
397,0,0,34,0
0,0,353,0,0
155,58,22,0,8
2999,0,0,184,110
396,0,0,63,18
0,0,0,101,0
0,536,259,49,21
133,36,34,8,0
2303,0,189,503,0
0,698,349,119,82
2776,0,0,0,84
2557,1319,560,139,0
1536,0,271,0,0
0,0,289,33,0
0,1333,694,272,0
0,783,0,0,58
0,427,0,52,24
678,108,0,0,0
2867,0,0,0,79
1095,0,0,60,33
0,0,134,0,42
506,256,0,13,15
0,1200,335,314,0
0,703,0,176,49
3361,0,0,0,86
3318,1686,274,619,0
889,0,240,0,26
0,0,0,17,0
1225,0,0,118,0
1961,0,0,363,0
186,96,0,22,0
2040,407,564,0,0
2029,1261,464,0,60
1240,0,213,73,25
1170,0,113,0,0
2717,0,0,134,0
0,0,152,0,45
2360,938,192,226,0
0,0,0,0,72
0,239,0,30,24
0,0,48,0,0
607,231,88,31,0
0,0,669,0,0
956,0,0,36,11
0,0,55,6,0
944,0,0,159,0
1982,0,0,191,0
1722,0,0,0,0
907,0,0,0,0
3234,1525,0,0,0
2385,825,0,0,0
1839,0,119,151,44
0,181,0,0,0
0,358,263,73,0
0,0,0,0,72
0,0,196,0,0
2980,1926,0,298,82
1720,730,0,0,48
0,170,37,0,0
331,0,0,0,0
1896,0,0,0,69
0,0,0,84,0
1977,795,151,394,0
0,0,258,0,0
0,0,133,77,0
0,140,0,21,34
0,0,378,192,112
0,0,0,632,0
0,0,0,0,17
942,302,0,154,61
1798,0,0,0,0
0,233,0,48,14
1955,0,0,0,47
102,39,23,0,0
318,88,81,15,0
1604,0,214,107,0
0,0,0,0,20
0,327,0,0,0
586,206,151,37,10
0,320,144,44,0
0,0,486,67,61
0,0,276,0,62
0,0,0,102,0
0,0,0,25,0
2771,1420,0,0,112
0,263,0,0,0
0,116,0,43,10
1188,479,322,58,22
0,650,0,0,0
0,0,0,0,36
424,137,0,75,22
89,0,0,0,1
515,0,0,56,19
0,0,111,0,0
357,0,0,0,6
0,0,324,0,0
2294,976,304,0,0
0,0,0,212,0
2893,0,332,478,212
2329,0,0,63,49
570,161,0,0,11
0,0,0,56,34
460,0,0,0,17
858,0,0,67,0
0,0,34,0,0
0,0,0,0,94
0,228,59,126,0
0,101,0,0,16
0,172,0,102,0
48,10,11,0,2
0,719,0,43,33
1284,0,0,0,0
0,0,129,27,0
274,0,40,0,0
0,0,0,62,0
0,1711,0,0,68
0,0,374,289,0
2588,1137,0,0,0
0,0,417,0,0
0,1429,713,140,0
0,0,8,0,0
485,0,0,41,20
0,0,34,0,22
0,0,554,72,45
0,342,0,23,23
1487,0,131,0,0
410,98,0,0,14
0,0,0,0,13
0,220,75,216,28
1519,0,433,0,0
0,0,0,0,129
2631,0,904,0,0
0,164,132,0,13
0,0,0,287,0
2365,832,0,0,0
0,176,52,31,6
0,75,0,0,0
0,0,0,0,22
1039,0,77,118,52
208,77,0,0,8
0,0,0,205,0
1261,0,210,197,95
2516,0,562,0,108
1761,746,0,146,0
1424,0,0,77,63
2242,0,0,0,0
0,0,871,108,38
0,889,0,0,0
770,304,0,63,0
1946,1434,0,0,0
1086,0,0,0,0
1031,328,282,50,31
833,279,79,118,37
670,219,132,0,0
397,0,42,54,16
3249,0,0,0,0
0,0,0,167,0
0,0,204,0,19
1735,0,588,0,64
191,36,0,15,0
0,0,0,38,0
0,0,0,79,85
1384,0,0,110,47
528,189,56,86,0
0,109,0,68,0
1901,1164,0,0,21
2841,1161,688,0,0
0,0,28,0,0
217,0,27,24,0
0,0,0,119,0
122,0,0,0,0
738,188,0,0,0
0,0,0,27,14
0,297,0,23,0
1065,291,187,63,15
772,0,154,34,0
0,0,0,27,16
298,181,0,11,0
888,281,0,16,0
0,0,555,0,0
144,0,52,3,0
1659,322,0,34,0
0,386,0,0,27
0,411,0,0,0
942,279,0,56,0
0,0,804,0,81
0,0,141,0,82
409,0,0,50,0
1228,0,325,0,0
1060,482,0,32,17
0,0,0,20,8
482,0,79,0,14
0,0,0,30,13
0,0,0,97,0
0,197,0,0,0
1426,729,330,64,33
279,0,0,0,5
0,0,156,47,26
0,605,0,398,0
1217,318,119,0,31
0,0,0,43,0
1789,0,0,0,0
0,216,0,25,15
623,181,0,0,11
1705,0,0,135,0
1065,375,0,32,33
0,0,0,0,3
0,0,60,0,0
0,317,593,41,0
0,72,14,22,0
1376,0,0,0,60
0,0,84,198,44
2887,0,0,0,69
1115,0,141,0,38
0,309,0,0,0
0,1174,0,286,0
949,0,0,0,0
1283,891,370,28,0
0,0,0,0,35
0,90,0,41,0
0,0,56,0,8
133,42,0,0,9
1740,0,193,191,0
813,293,0,50,41
0,597,340,50,0
3147,1710,0,583,144
572,0,0,0,0
0,0,0,110,0
0,1166,233,154,129
0,1787,312,567,0
0,374,132,0,0
3054,0,395,0,97
2472,0,147,0,96
2658,1410,253,653,0
2750,0,807,156,0
3140,0,720,0,0
126,34,0,0,0
50,14,0,0,1
0,251,94,0,0
0,0,0,21,0
2134,1040,0,0,81
0,444,0,54,25
975,394,115,93,0
1189,0,0,111,43
0,568,0,0,38
0,1352,537,106,0
0,266,0,0,0
0,0,0,61,20
0,0,0,0,2
0,0,640,0,46
0,0,0,452,94
406,161,89,22,6
961,0,0,0,0
1918,0,0,38,0
1976,0,0,0,69
0,0,0,123,0
0,0,245,233,0
273,0,65,6,8
0,414,0,170,0
0,102,31,56,0
495,172,39,0,20
0,0,304,198,0
378,0,0,9,0
0,176,47,73,0
1848,0,386,0,0
0,34,22,0,0
0,0,118,0,0
0,0,769,0,82
0,0,238,305,62
12,3,0,2,0
2997,0,0,727,143
374,113,0,0,12
140,10,0,2,0
2937,0,0,0,0
0,0,0,10,0
211,0,29,0,0
0,1445,0,331,0
1117,430,104,0,49
0,1145,402,0,0
177,49,0,7,13
1345,0,0,0,0
0,0,0,20,0
1009,390,0,28,15
0,0,63,9,4
3287,0,0,356,0
0,0,118,15,0
0,0,227,0,0
2243,1036,0,0,71
374,0,37,51,24
0,0,0,0,54
0,0,0,18,0
0,921,0,469,183
312,79,30,0,18
0,288,94,0,0
0,268,0,36,0
0,0,221,60,0
0,203,0,0,0
0,429,0,0,0
0,0,404,282,0
1956,579,143,334,0
0,626,0,0,51
0,0,169,157,0
1705,0,0,30,41
1647,0,0,169,73
0,0,346,382,0
0,0,104,0,0
1968,872,0,0,0
487,0,54,0,26
1939,0,0,0,60
3394,1763,0,405,0
2632,0,644,90,57
2733,1087,391,200,156
2597,0,334,221,148
0,832,325,168,96
0,261,0,0,40
0,0,296,494,0
0,790,0,317,0
1490,633,153,0,32
2261,0,685,0,79
0,234,135,44,52
0,0,18,0,0
0,0,0,5,0
0,141,195,0,14
3030,0,834,316,0
0,0,142,0,0
0,396,0,21,25
2340,788,364,177,110
0,1225,613,106,0
0,776,0,133,45
0,1000,0,0,0
0,233,114,0,25
1395,0,0,0,0
0,0,0,30,0
249,0,0,0,10
0,0,0,0,9
808,269,201,17,0
0,0,123,137,61
1675,0,0,0,0
0,841,227,0,79
1332,406,107,192,52
0,0,547,0,0
1950,0,185,0,80
994,0,175,26,25
1109,0,210,0,0
0,1826,0,182,77
414,0,0,0,0
1231,541,0,0,37
376,112,67,18,10
0,20,17,0,3
323,0,0,17,0
2219,738,0,101,90
2333,1167,0,0,65
1272,0,0,44,34
0,44,0,0,0
0,0,0,69,0
1530,372,0,261,0
196,0,46,0,5
0,1216,0,101,0
0,0,31,2,5
1761,375,536,61,29
0,0,0,0,1
0,0,0,0,22
0,33,0,0,6
1005,0,0,58,27
0,0,104,0,8
2053,0,0,442,64
0,0,0,18,0
0,0,0,110,0
0,167,80,19,0
150,57,0,0,0
1073,0,115,196,0
0,380,90,0,0
207,41,0,0,8
0,837,0,0,0
0,0,200,0,0
0,150,0,0,0
0,1152,0,0,0
778,0,0,119,35
0,427,132,56,39
249,78,54,0,0
1526,0,0,192,43
0,0,96,112,53
1043,346,0,169,42
505,203,0,0,24
712,298,81,205,0
0,0,132,149,68
0,329,0,0,29
0,0,0,0,11
1177,0,0,0,0
0,0,0,95,0
685,115,0,0,0
0,1084,571,0,0
0,0,115,38,25
121,0,0,14,0
1058,349,102,0,0
2051,1009,263,218,0
0,0,0,0,8
1540,674,0,58,39
1120,0,0,0,0
0,0,180,115,0
1114,408,0,45,30
0,0,201,0,80
0,0,250,0,33
0,0,0,0,9
0,146,0,17,18
0,0,160,0,0
0,682,0,0,0
1755,582,168,0,0
0,301,0,0,0
0,0,184,0,0
1027,256,320,19,29
0,587,0,0,34
476,0,0,0,0
296,51,0,41,12
0,0,42,32,0
127,13,0,0,0
0,0,463,201,0
1007,492,85,0,30
1937,1061,0,82,0
0,0,0,2,0
1551,0,0,104,0
53,0,0,0,0
1344,561,0,0,0
958,0,0,47,29
0,90,97,0,0
1705,0,525,114,36
68,12,0,0,3
1279,401,0,0,0
851,203,167,56,0
0,0,138,25,0
1342,0,0,80,0
927,0,238,59,24
0,369,0,0,0
123,34,13,0,0
1579,0,0,100,46
506,0,62,0,0
1238,0,154,0,50
0,0,266,74,76
0,43,20,0,3
88,15,0,0,0
258,86,0,1,10
1271,0,0,52,0
0,690,0,0,0
0,0,78,0,0
841,214,0,0,0
0,554,0,101,0
786,259,0,38,44
0,127,146,0,0
0,0,0,18,0
0,0,171,0,12
761,0,89,30,0
1040,397,243,0,0
1719,0,0,173,0
0,0,125,0,4
191,0,58,1,3
0,0,0,2,2
0,319,0,33,26
0,0,291,0,0
373,0,0,0,6
0,1663,0,271,89
329,82,0,0,0
0,0,339,123,0
2700,0,0,0,0
0,0,0,133,0
2726,0,372,0,103
130,0,21,3,0
0,0,77,41,8
494,144,0,25,0
0,0,54,86,24
1625,0,0,202,61
0,71,27,0,9
1712,0,352,0,0
657,130,91,33,25
0,0,482,119,0
0,67,32,0,0
0,498,0,378,93
0,2107,0,0,110
0,267,0,80,44
1793,0,0,247,91
259,64,42,0,0
1095,0,100,0,0
495,167,0,19,8
31,0,8,1,0
2374,1005,656,244,103
0,0,136,5,0
0,0,170,0,0
2241,459,755,0,43
1326,0,238,67,0
399,134,110,0,0
0,1857,956,0,0
1373,0,129,0,28
372,0,101,10,0
63,0,0,0,0
2775,1083,571,0,81
2909,0,470,247,67
1306,725,0,0,0
74,0,21,0,2
0,0,0,32,0
1310,0,0,69,67
132,0,0,1,0
41,10,7,0,0
2616,0,483,678,0
0,0,129,0,6
0,0,0,0,77
0,3,0,1,0
920,203,234,0,0
1417,452,0,77,0
0,42,23,8,0
1175,327,64,138,0
0,0,0,167,0
0,1213,501,263,0
1088,0,261,0,42
0,0,123,47,18
0,427,138,111,0
488,228,0,17,9
2493,783,656,0,0
0,0,109,38,7
0,0,183,0,0
2073,0,232,0,0
1012,168,262,0,14
1620,537,289,68,31
0,102,53,0,0
2056,727,267,0,0
1336,0,0,0,0
0,0,453,37,30
0,0,435,0,32
0,611,390,0,0
0,1159,0,158,128
0,778,513,0,0
303,0,0,26,0
0,287,372,0,0
2866,651,261,624,0
0,58,0,0,5
2432,0,0,0,0
0,877,276,0,0
0,869,259,0,0
0,0,44,4,0
0,26,12,2,2
2216,1009,0,0,0
34,11,6,1,0
0,0,400,101,0
477,114,0,9,0
0,0,0,158,0
292,75,91,11,0
57,0,19,0,2
0,0,71,43,12
1627,642,0,313,55
1488,520,448,28,40
0,111,59,0,0
0,0,268,0,28
2859,1269,0,0,120
2129,927,0,0,0
1079,478,94,110,30
1010,316,94,0,28
845,0,0,16,27
857,0,0,0,28
0,293,0,42,29
0,1250,0,583,161
0,19,21,3,1
0,0,0,0,21
0,0,23,0,7
2709,1381,0,580,0
393,186,0,0,0
0,227,0,34,0
0,0,0,3,4
70,32,0,0,5
0,974,673,231,0
0,0,74,144,0
1305,0,0,185,0
0,160,0,0,0
0,0,0,93,67
0,251,0,40,41
1580,683,0,76,0
0,0,405,48,31
0,288,0,0,9
0,0,29,0,3
0,19,12,18,0
542,213,0,14,12
0,0,36,0,0
0,480,0,0,0
0,0,99,0,0
72,31,14,4,0
133,0,25,0,5
1587,407,0,128,54
0,981,379,154,46
1083,441,0,0,0
0,0,0,0,14
0,721,0,199,0
0,335,97,0,13
0,389,89,81,0
402,0,0,0,0
0,0,0,0,91
1507,0,0,83,72
597,260,0,10,0
641,137,0,24,8
0,0,0,361,0
0,0,0,0,56
0,0,0,160,0
0,1528,0,0,0
193,28,0,0,0
0,262,79,0,0
1166,446,0,16,20
0,180,0,0,9
912,0,307,19,29
0,345,252,17,23
0,0,42,3,3
568,0,144,0,0
0,0,316,0,0
0,0,101,0,0
1716,0,693,0,20
0,0,0,22,9
0,164,92,0,9
431,0,95,27,0
0,2125,0,0,47
0,1304,0,0,0
1491,0,0,22,22
0,479,137,0,65
2059,0,0,0,103
58,0,0,2,3
958,0,130,64,0
0,0,0,61,0
0,613,257,0,0
0,199,0,0,28
0,437,0,0,0
879,119,262,0,0
116,20,0,0,0
180,0,0,0,5
0,0,227,0,0
120,0,23,2,2
598,0,0,31,0
0,0,34,5,0
0,1892,719,445,0
0,0,0,208,94
0,0,0,0,128
0,0,0,20,0
1211,0,0,0,29
1238,467,132,0,0
1830,0,532,0,0
1988,0,0,87,42
0,0,38,5,3
262,72,0,0,0
196,0,16,8,0
1319,0,225,0,56
307,76,0,0,0
1426,0,0,0,49
0,280,54,0,20
65,0,0,0,3
403,0,42,0,19
885,0,173,48,0
350,105,47,0,0
0,0,0,0,34
2185,0,603,88,58
0,875,0,0,0
249,0,45,31,8
0,0,0,297,0
774,0,72,101,32
452,0,107,7,0
0,0,0,0,67
1485,0,384,0,0
0,1714,0,422,96
0,372,0,0,44
50,5,5,0,1
0,608,481,0,0
1383,0,0,106,75
1896,642,0,0,17
1129,0,0,0,0
0,303,0,73,0
1553,675,0,0,53
422,0,0,11,11
1230,0,0,123,43
0,473,121,0,0
0,1883,269,0,168
1917,742,293,140,0
0,481,0,258,35
152,54,0,28,0
913,0,118,105,26
0,0,578,127,0
0,0,339,0,85
0,0,0,808,0
1668,759,379,0,0
0,285,0,41,22
1180,300,176,90,48
3040,0,686,0,0
0,1547,0,0,149
1830,604,251,0,58
236,0,0,18,10
0,62,23,0,0
1391,608,401,0,52
0,0,220,51,24
726,0,82,0,0
76,16,25,0,3
1273,0,222,0,38
2891,0,0,186,83
2422,1822,715,0,41
0,376,364,0,70
2267,0,197,334,0
0,0,396,0,131
0,1176,294,0,77
1718,0,0,112,0
2238,782,429,180,0
1343,0,347,30,37
89,0,8,9,0
238,0,0,0,0
0,26,0,0,0
0,172,0,31,12
0,0,0,94,86
0,0,0,72,50
0,183,124,0,0
0,772,492,61,70
0,16,0,5,5
0,0,51,0,9
142,0,0,8,3
47,21,0,1,1
665,208,85,42,29
2566,0,0,674,0
1643,606,0,184,56
0,0,21,0,0
1805,803,0,0,0
2967,1504,270,444,0
0,203,0,6,0
0,18,12,12,8
1970,0,363,0,57
0,1199,609,164,63
1655,460,0,0,28
2921,0,1039,0,138
2963,0,645,152,101
0,951,143,236,74
0,56,18,0,0
0,0,162,0,18
0,1608,0,0,87
1197,710,163,0,46
0,1497,386,0,124
287,0,26,0,0
0,0,0,4,0
942,0,198,0,0
1248,0,0,52,42
682,262,0,16,0
2049,0,0,106,59
0,0,19,36,10
3401,0,0,0,0
0,13,20,4,1
783,0,146,23,19
0,0,0,38,19
0,0,0,47,0
685,0,142,0,0
0,0,0,0,48
0,15,5,16,0
2710,0,342,0,180
0,0,0,0,38
104,0,29,0,2
1992,858,0,334,0
0,252,0,56,0
0,0,353,0,0
0,0,0,89,24
784,277,0,0,15
802,0,174,0,10
1365,212,0,34,0
601,119,75,21,0
0,121,0,13,0
0,0,197,9,22
1613,492,286,92,0
2068,714,248,156,78
926,180,153,38,0
37,0,0,2,0
784,144,0,0,40
3108,0,0,220,54
0,0,585,0,77
2137,0,308,205,86
0,0,69,0,4
0,121,0,0,19
1041,421,225,0,0
666,197,59,22,19
952,0,60,0,27
0,0,504,0,179
0,183,0,0,15
1929,898,212,144,0
0,40,40,0,0
0,0,0,7,0
1811,732,0,0,47
1949,0,288,0,78
0,0,0,176,67
0,0,316,0,0
0,0,0,0,95
193,61,0,0,5
514,0,153,19,0
0,120,82,7,8
0,0,271,0,50
2535,0,0,0,38
0,74,107,0,13
1127,303,99,181,37
0,466,272,86,41
1103,0,119,162,48
2245,630,241,0,0
0,0,0,112,0
0,0,106,6,0
872,352,0,0,29
1910,0,323,97,0
0,0,0,0,87
0,0,0,61,52
1344,297,0,69,0
724,180,141,0,0
378,0,0,20,10
0,404,270,38,14
3108,0,0,0,133
2747,0,0,316,0
2570,1106,0,78,62
0,0,95,215,46
1836,913,0,136,44
0,1395,0,600,0
1392,0,0,0,0
0,0,0,3,0
543,0,0,13,0
571,220,128,23,24
2684,1340,548,0,70
234,61,0,27,0
2710,1217,175,251,0
0,0,0,121,0
0,0,104,0,7
0,0,0,266,77
353,80,0,19,10
0,319,144,47,24
0,243,298,35,0
0,262,0,0,0
1974,0,222,122,0
0,32,52,13,0
0,29,50,12,13
434,0,43,0,0
0,418,0,54,0
0,0,0,12,0
0,171,151,0,27
0,669,303,0,0
0,0,40,9,5
0,0,0,209,57
0,207,0,0,38
2510,0,0,78,59
0,219,173,0,33
2670,1379,714,0,0
0,118,36,51,18
2753,836,690,155,78
0,114,0,80,25
0,1557,0,0,112
0,304,0,23,10
2067,603,0,136,60
843,271,192,46,0
0,0,0,0,67
442,0,0,0,16
1207,569,0,45,37
0,0,0,53,23
538,0,143,14,0
0,0,358,259,96
0,0,0,28,0
730,126,199,0,0
344,0,0,14,0
949,382,196,39,22
0,240,0,0,0
0,0,0,0,9
1260,0,346,0,51
3231,0,0,0,120
1951,604,0,112,0
0,50,0,0,9
2041,827,226,122,0
2303,0,0,69,0
515,0,0,42,0
2772,0,279,310,103
507,123,0,19,10
1134,502,247,63,22
345,0,72,0,10
1484,537,387,0,32
0,924,0,99,38
2061,0,326,148,0
0,0,0,0,12
1828,466,201,0,48
0,76,28,6,4
287,0,39,0,8
0,0,0,0,5
2998,0,308,0,92
2450,0,0,618,0
0,0,112,0,84
0,2,0,0,3
1522,0,271,0,59
328,132,0,24,0
0,0,200,151,0
0,16,7,2,0
1617,0,155,0,62
0,554,0,0,0
0,0,0,0,11
927,290,257,36,0
0,0,402,370,93
0,465,0,0,0
0,0,0,57,0
159,0,0,7,0
0,1431,735,122,0
0,128,82,19,0
215,96,27,8,2
610,279,0,0,0
1245,254,0,72,0
1580,682,0,0,0
1011,0,85,134,0
0,200,0,23,12
0,0,18,0,5
2451,1126,0,122,0
0,438,0,0,0
0,0,0,163,52
325,0,0,11,0
2497,1022,0,329,0
0,212,64,0,12
733,92,0,0,0
0,0,0,286,0
0,0,0,92,28
933,0,120,0,24
0,1964,0,0,108
2089,0,320,124,64
0,0,0,90,0
0,0,136,303,84
942,0,0,0,39
0,170,0,0,9
766,393,0,0,16
708,0,58,51,26
368,0,59,14,5
0,0,6,0,0
425,0,0,45,0
772,0,0,0,28
527,0,132,0,20
267,0,0,6,0
0,0,60,11,5
0,0,0,0,9
271,0,0,7,0
1171,0,191,0,0
0,255,190,0,0
412,142,48,65,0
204,0,0,0,2
1230,0,138,0,0
1894,0,0,42,30
0,0,0,153,76
2627,0,0,126,55
0,0,0,5,0
0,211,214,0,25
0,0,0,0,33
0,0,0,178,0
1945,437,187,410,0
0,0,208,0,0
2746,0,450,146,110
1433,0,0,114,88
742,181,0,161,0
961,0,164,61,11
1340,667,0,104,47
0,0,0,347,0
130,0,0,0,0
0,597,238,49,0
2203,1342,0,0,45
0,576,0,0,0
0,387,0,0,0
0,463,348,0,0
0,1186,329,288,0
0,0,15,3,2
275,46,0,5,6
0,95,0,13,7
0,0,480,0,70
0,0,0,0,122
0,0,0,80,0
0,0,0,24,24
2670,981,0,0,0
0,95,0,3,4
0,0,0,596,0
1798,547,0,113,33
0,212,67,0,0
0,871,0,0,0
0,475,312,0,0
0,0,242,0,61
1632,572,0,73,0
1349,0,255,132,67
0,69,0,20,8
0,0,0,11,5
2697,0,0,0,0
0,196,163,14,18
0,165,0,13,9
2105,0,0,146,50
2447,1465,0,0,34
1662,0,0,0,0
1933,731,0,0,58
0,371,164,47,32
0,0,0,0,28
360,90,0,39,0
0,2032,757,240,97
2492,1669,760,0,0
0,0,0,29,15
0,0,205,0,30
1382,405,0,88,0
0,117,78,0,0
1731,0,331,0,0
928,0,0,26,0
121,0,0,10,0
0,0,0,158,0
0,174,95,30,0
0,275,0,60,0
0,0,79,65,0
0,307,172,72,44
0,49,0,5,5
0,715,0,127,59
1844,0,155,0,0
0,0,102,69,0
2534,0,0,0,79
2762,1277,0,0,0
196,0,0,39,0
0,0,0,317,0
72,0,0,0,0
905,0,0,0,16
2401,0,188,429,0
0,0,0,0,41
705,0,175,0,25
57,16,13,0,0
2128,0,497,194,64
0,0,164,0,83
0,123,122,0,0
135,0,0,0,2
0,57,0,8,2
278,81,0,33,0
2254,814,244,0,74
152,33,30,8,4
0,223,0,35,0
701,0,0,0,14
0,161,0,0,0
1713,0,0,0,43
0,0,0,0,16
0,0,106,0,0
2348,768,573,192,49
0,0,0,0,50
1542,0,81,230,0
3277,2832,0,360,0
2708,1318,0,0,127
0,0,0,0,47
0,0,342,0,46
0,767,0,0,52
1766,0,224,0,0
0,0,0,237,60
2406,948,265,446,102
2589,0,0,352,125
2393,0,0,0,0
0,377,185,0,41
938,282,108,0,12
0,45,15,12,11
175,0,0,0,5
0,218,0,0,0
0,147,179,14,0
1421,0,0,0,42
978,260,0,74,0
0,0,76,0,0
0,0,0,22,0
3361,2478,556,521,0
1557,0,153,227,0
1951,0,0,148,0
0,0,0,0,63
524,153,0,14,12
0,0,31,2,0
0,0,0,0,55
0,0,0,79,0
0,1065,0,0,0
0,0,0,15,10
0,639,406,0,0
1234,0,82,0,0
0,757,298,0,0
0,88,68,23,0
486,0,0,52,0
0,1126,351,0,0
0,1182,615,374,61
0,77,0,0,0
0,0,0,13,17
0,93,42,7,8
919,238,0,0,22
167,0,0,6,3
0,941,271,302,140
0,1510,0,460,83
1332,354,0,69,21
0,0,0,24,37
1089,435,187,72,32
0,51,49,0,0
1983,887,0,181,0
1119,318,259,0,0
0,36,29,7,1
2538,1002,0,172,86
2601,1290,415,0,0
0,805,190,0,21
1210,0,229,53,21
1122,390,133,0,49
0,2040,0,0,0
0,278,144,30,14
603,0,0,129,0
1684,0,0,144,94
0,0,0,329,84
348,0,0,32,0
0,0,27,0,0
791,0,0,0,0
1013,0,0,0,32
0,793,398,109,53
0,242,0,16,17
0,1454,247,0,82
0,0,0,444,0
1190,399,113,133,52
248,72,66,10,0
0,2105,338,443,0
0,552,134,202,39
0,221,0,0,0
0,78,0,0,0
203,0,0,0,0
0,0,338,0,79
0,0,0,502,84
0,408,0,0,51
0,1561,741,175,39
1662,670,0,149,0
0,345,244,75,39
0,127,0,0,22
0,790,666,0,48
0,879,733,0,47
1372,0,0,88,46
1480,0,438,30,0
0,288,73,0,27
1529,603,0,111,46
0,320,119,0,0
1237,497,157,170,0
0,0,0,0,89
0,381,0,0,46
0,881,0,119,48
846,249,0,103,0
746,206,0,93,41
0,439,521,47,0
0,585,0,80,48
0,934,0,138,61
0,0,0,256,0
0,0,0,432,0
539,157,0,45,0
0,946,0,417,86
138,0,0,0,0
0,0,0,287,0
2662,0,0,0,0
0,0,0,145,75
973,0,0,0,0
1671,0,153,68,0
0,393,66,0,16
0,0,190,109,68
870,0,0,0,0
1376,485,176,45,28
0,754,0,0,0
352,0,0,0,7
0,0,602,104,0
0,0,0,0,21
2748,0,0,0,0
554,184,0,38,26
0,0,22,0,0
822,0,0,209,0
0,559,423,0,0
0,0,0,0,17
0,286,229,0,27
44,0,9,0,2
667,0,157,0,0
1532,0,253,61,30
0,199,0,0,0
2026,875,500,106,77
0,0,180,203,53
2457,907,0,0,119
1510,502,0,45,39
986,361,0,0,25
1831,0,0,297,128
0,0,23,16,0
0,0,190,86,0
0,24,48,0,2
72,0,14,1,0
0,608,0,0,51
0,56,40,0,0
563,192,83,0,11
0,0,98,55,0
0,308,0,24,24
1932,0,0,0,76
760,0,68,0,0
0,684,302,0,60
0,684,437,188,0
0,0,240,0,35
137,0,20,0,0
0,0,0,745,0
688,0,70,0,22
763,0,128,0,15
0,0,0,168,0
1100,0,104,0,35
0,1324,212,529,0
1675,0,0,0,53
2425,0,583,0,63
2088,0,0,0,129
98,27,0,4,2
0,0,453,389,0
634,145,0,89,0
0,224,0,0,11
457,173,0,0,8
0,864,0,0,40
2161,0,0,0,69
0,1624,348,192,0
1884,0,668,129,0
284,0,0,13,6
465,0,0,33,10
2253,0,0,0,46
0,0,235,299,73
1374,622,0,82,0
0,386,82,163,0
606,0,55,0,30
0,848,576,0,31
2020,0,0,0,0
0,58,0,33,13
0,1029,682,0,0
0,0,31,0,0
0,0,234,313,61
764,221,0,29,24
0,0,38,0,5
291,65,0,0,0
0,57,0,0,0
2020,1114,206,162,0
2702,0,275,202,78
874,396,83,144,38
0,0,0,5,0
2021,1080,0,0,25
1748,0,554,93,32
2186,1092,376,0,0
392,0,0,0,0
0,102,64,17,21
0,1684,0,0,217
320,125,0,0,6
0,0,0,67,0
1310,432,370,0,0
173,39,37,3,3
1228,0,331,0,14
27,8,0,3,0
556,98,135,0,0
0,0,315,0,0
0,0,0,89,0
0,0,58,127,17
0,0,667,272,123
0,0,0,56,0
2564,917,235,252,0
259,0,54,16,0
1037,317,118,0,0
2677,1989,719,0,0
0,423,228,63,56
1954,0,0,0,87
2346,979,0,137,91
0,588,130,307,83
0,109,107,0,0
0,0,0,13,2
1158,561,115,63,0
3004,1470,0,157,0
0,0,144,0,0
0,0,83,148,0
2277,0,0,0,0
1048,0,0,27,0
1999,729,0,145,137
0,264,0,0,47
166,42,0,0,10
0,0,181,162,82
1600,0,177,269,37
857,208,94,0,0
217,0,52,7,6
2031,0,0,137,48
1454,426,220,0,50
655,228,0,78,16
0,0,64,0,0
0,0,239,506,93
2719,1375,229,491,0
2188,0,0,348,0
0,0,0,0,53
0,667,0,0,47
0,0,0,0,15
0,361,52,0,0
0,0,24,0,0
0,58,0,0,4
2333,0,194,0,74
0,0,69,0,21
475,0,0,24,0
0,57,70,11,9
0,0,0,0,48
1836,0,565,77,0
0,0,34,1,2
0,690,0,94,60
0,0,84,46,0
719,206,86,122,26
584,114,155,19,0
2074,0,0,0,71
0,0,0,52,0
1772,0,0,0,0
2945,1493,437,135,98
0,0,0,33,10
2424,0,341,0,69
0,0,44,0,0
176,43,0,0,0
0,245,0,9,0
0,0,0,136,0
444,0,0,7,0
0,0,0,26,7
0,640,159,119,0
0,0,24,1,2
181,61,0,0,0
2339,0,303,0,0
1575,0,126,0,42
1481,0,147,0,0
0,0,62,20,0
675,0,0,0,0
0,228,0,0,0
1831,776,0,0,83
1824,0,327,64,31
1939,0,178,0,0
231,71,0,20,0
190,62,0,16,5
0,0,0,0,40
0,0,308,0,0
263,0,0,0,0
0,1337,0,534,0
0,184,116,25,0
456,116,0,0,4
0,0,0,0,2
1515,0,0,80,36
0,1041,861,0,58
0,974,0,0,88
0,79,0,0,0
1309,0,0,226,51
1161,0,125,40,0
0,40,34,8,0
2409,0,557,0,0
0,191,0,16,0
0,250,0,27,0
771,273,117,38,0
470,130,0,0,10
979,476,112,53,0
24,0,0,0,0
0,1044,720,123,68
884,0,0,0,0
0,214,203,27,17
2245,0,297,227,0
712,0,64,0,0
0,0,0,0,97
0,0,46,0,0
2303,0,606,0,46
2654,0,0,103,0
208,52,0,17,0
0,461,135,113,77
2669,0,0,189,121
1166,326,0,0,0
1049,0,0,0,0
330,0,0,0,8
636,0,70,37,0
0,80,79,0,7
0,186,0,0,22
0,0,0,0,46
688,0,157,0,22
2922,0,0,0,0
1169,722,133,0,41
0,1072,0,276,126
457,143,0,15,14
786,0,69,0,0
0,0,78,74,29
1611,0,132,0,0
157,0,21,0,4
0,0,0,0,45
0,457,214,0,30
2482,0,0,193,0
0,501,0,151,85
0,145,0,46,9
0,0,0,0,95
718,0,0,35,26
0,792,349,95,0
1807,521,135,246,0
470,0,0,44,0
0,0,192,432,78
0,0,0,425,109
0,0,0,43,14
0,0,201,0,0
0,0,160,0,24
0,0,784,64,0
937,0,0,66,27
0,1145,0,598,0
0,0,57,39,0
2438,1395,0,0,0
0,0,105,8,14
0,968,0,0,123
255,49,0,0,3
0,904,0,0,0
0,0,66,0,0
0,0,542,0,0
0,1045,0,186,0
2195,1276,0,110,0
2355,704,0,43,26
0,0,55,0,0
0,0,0,7,0
0,0,207,0,0
0,0,0,61,0
1339,474,0,0,0
74,0,8,14,0
0,1667,0,300,0
0,149,35,0,14
0,1301,0,0,63
1453,0,395,0,44
406,130,48,0,11
0,0,229,0,40
675,207,144,32,14
0,0,0,120,0
0,824,445,0,145
2469,0,0,66,55
359,0,0,0,0
0,0,546,0,0
0,0,0,54,0
1515,501,162,0,0
673,0,0,0,15
486,0,0,22,0
0,215,151,47,0
71,0,0,0,4
1950,0,399,154,0
0,954,0,131,0
241,0,32,0,3
2585,0,0,0,75
0,0,116,35,0
681,0,238,0,0
0,39,29,0,3
758,217,149,0,0
3051,0,0,149,80
807,178,157,25,0
183,34,0,0,0
0,0,374,0,70
0,1619,0,0,57
0,0,0,0,56
1695,0,0,0,0
0,78,48,27,0
766,195,221,22,0
1016,0,252,0,0
267,0,0,12,5
2838,0,0,82,52
0,128,0,0,0
118,0,0,7,4
883,208,243,11,0
0,256,0,33,40
0,0,0,61,0
0,0,0,87,32
872,0,0,0,23
768,329,0,0,23
0,0,83,37,23
2322,619,0,399,104
150,56,0,0,3
0,0,0,221,68
0,0,0,0,2
1496,0,165,0,0
1674,0,143,0,38
0,0,720,0,0
0,0,239,0,26
1284,0,0,233,34
473,240,27,104,0
0,0,99,0,20
1714,0,450,43,0
1568,712,157,96,0
770,222,77,27,8
744,206,76,27,8
215,0,43,0,4
582,0,0,23,17
0,0,12,0,0
664,333,90,64,20
1387,689,185,82,47
2360,0,225,0,87
2872,0,247,528,144
3208,0,476,230,78
2778,0,0,0,0
470,0,0,2,0
292,121,0,0,20
0,0,0,55,14
0,0,52,0,0
2156,0,0,203,0
0,134,115,33,21
837,210,0,30,0
0,0,123,35,34
983,0,77,0,0
0,0,81,141,0
0,616,103,170,0
90,35,0,11,4
0,0,0,153,91
1118,0,182,0,40
0,476,0,65,62
2426,1393,0,393,123
396,0,118,17,0
0,1622,425,0,0
92,0,0,0,0
0,0,274,0,0
3112,0,0,0,0
1498,777,126,0,0
0,767,0,0,0
0,0,255,176,0
2254,1079,0,503,0
2079,0,0,0,79
419,160,0,28,0
0,653,207,101,50
0,0,571,0,0
2148,884,199,0,66
0,737,182,0,0
978,0,92,0,0
1375,0,0,183,0
0,0,375,0,0
0,0,0,107,38
138,33,0,0,0
123,0,0,0,0
2069,0,0,0,0
1261,0,0,164,0
0,1476,0,184,0
0,805,241,84,0
0,0,0,8,14
1233,414,0,109,0
0,803,0,0,0
0,0,0,38,0
0,774,0,78,63
0,0,255,0,0
1686,606,0,104,54
1015,382,222,145,28
0,0,0,0,20
0,0,0,0,16
764,189,118,0,0
2497,0,260,855,0
0,783,0,96,0
0,93,0,3,1
0,1681,0,190,0
0,0,63,7,0
0,0,61,56,42
292,0,0,0,0
0,593,0,0,0
2554,1024,0,252,0
2412,0,0,0,48
0,101,0,79,0
2645,0,0,255,0
0,0,0,0,1
0,211,0,60,0
1383,524,213,62,35
0,0,0,0,64
0,0,256,0,0
1797,0,306,0,0
0,282,0,0,0
0,0,0,0,121
0,0,0,104,0
685,0,0,0,0
0,0,0,667,79
124,21,8,0,3
0,812,0,0,53
1565,655,0,109,49
0,399,0,66,0
0,0,0,200,0
0,205,0,32,30
705,353,66,118,0
0,327,368,27,0
0,0,85,175,0
0,0,214,0,15
1648,708,0,0,0
0,650,157,0,0
1871,0,230,78,0
0,0,34,16,8
596,0,58,0,16
0,47,0,34,0
0,0,91,133,0
308,0,0,0,4
0,566,331,47,43
2129,828,0,157,0
0,311,0,0,0
333,0,72,9,10
710,0,0,75,31
793,291,108,126,55
0,1232,417,147,95
1827,665,322,113,83
1958,798,0,158,108
0,0,47,3,3
1469,0,0,0,0
0,185,25,0,13
781,400,0,0,0
922,404,0,0,23
0,326,66,84,12
0,614,290,30,54
84,0,12,0,2
456,0,70,0,0
0,0,0,0,53
0,239,0,35,0
0,0,151,145,42
0,0,0,0,14
0,33,0,0,5
348,0,0,0,10
2070,1113,0,104,81
0,372,0,50,0
314,0,0,35,0
0,855,0,90,0
0,0,498,28,0
0,700,176,285,0
0,1683,492,0,115
0,0,585,0,47
0,0,0,0,7
93,32,18,1,0
0,0,177,59,35
666,185,0,0,17
0,61,41,7,0
0,0,0,38,13
1757,0,159,0,0
2121,0,0,0,0
0,0,9,5,2
940,512,107,0,0
1139,354,289,12,0
0,670,465,0,0
2228,0,0,113,0
837,0,154,0,0
1809,0,221,441,63
0,1015,637,0,83
0,0,127,61,46
0,676,181,0,38
0,17,0,0,0
1020,477,104,0,0
0,282,73,0,20
1280,0,0,120,0
0,0,317,0,0
1002,271,0,27,27
1765,0,150,164,27
0,570,0,231,59
0,721,0,354,44
0,0,0,212,0
0,45,0,32,11
947,396,0,0,21
273,108,0,14,10
1543,823,367,0,0
0,952,0,0,71
279,51,70,0,14
568,0,0,16,0
463,0,0,0,15
0,0,237,0,82
1159,474,0,200,45
0,0,0,0,11
1999,1154,183,481,67
0,0,0,0,30
0,0,0,0,6
0,0,12,0,0
181,0,0,10,4
1211,0,97,0,0
518,214,0,10,14
0,0,0,15,17
0,0,239,206,0
388,0,120,9,5
2790,0,0,0,0
2109,0,363,0,119
2066,0,0,103,92
94,0,14,9,0
2482,1920,0,171,0
1471,0,0,113,72
369,145,0,15,6
730,0,0,0,0
0,701,425,84,44
0,43,32,0,1
0,0,0,137,0
0,702,140,148,44
2186,386,582,0,0
0,0,417,0,0
0,0,0,40,32
0,0,771,0,0
2454,0,501,123,0
269,41,74,9,6
0,636,97,0,45
100,14,15,5,0
0,0,219,0,0
0,82,43,0,2
1127,0,135,0,0
0,695,408,0,84
2903,0,476,0,81
1120,191,313,0,0
2248,923,0,77,0
0,134,119,0,13
319,0,23,0,0
1655,673,421,200,24
1264,713,77,0,45
1061,0,260,0,42
0,0,97,0,29
0,0,111,0,6
1299,0,287,69,0
0,1055,250,177,68
2323,0,0,88,48
1764,0,158,314,0
0,42,14,15,0
2012,962,520,0,0
0,0,610,551,0
862,273,0,0,26
0,0,0,44,15
0,81,0,28,0
150,0,11,0,6
2325,0,611,0,81
284,117,60,8,0
2043,458,0,249,125
0,0,0,32,0
0,612,0,143,0
1206,0,255,0,11
0,1095,247,0,0
618,330,252,0,0
2136,0,178,106,72
572,187,0,109,12
0,387,256,0,42
693,166,195,26,0
0,194,57,76,0
0,0,142,0,30
0,0,0,44,0
0,0,363,0,0
0,0,293,0,0
0,330,480,142,69
0,0,692,93,45
0,0,404,269,75
1243,375,132,61,35
510,105,0,73,0
1457,0,209,111,0
0,1169,0,0,0
0,247,0,36,25
196,58,28,8,3
376,0,0,12,4
93,30,23,3,3
0,0,0,0,21
0,1446,0,0,100
2683,1327,639,0,0
0,0,0,130,0
1158,284,122,52,29
0,0,60,19,14
963,0,155,0,0
0,0,0,1,1
0,538,0,0,0
601,0,0,0,0
2859,1455,283,0,160
0,906,0,0,65
0,0,89,25,0
0,0,87,190,0
2200,0,294,143,49
2435,0,563,0,74
830,259,180,0,0
1418,0,0,0,0
2629,1127,571,125,0
256,57,0,0,0
330,0,0,0,8
1072,303,0,0,24
0,38,55,6,0
0,564,0,81,48
186,0,38,0,3
2723,0,475,0,0
1939,930,130,313,53
429,112,0,28,25
0,0,0,33,0
0,0,0,0,36
0,0,0,194,60
491,0,0,0,0
643,0,77,0,0
0,891,226,85,0
0,0,0,74,0
1054,485,0,216,39
0,347,137,0,0
0,0,127,16,0
70,23,0,2,0
100,33,9,6,2
1198,0,0,224,0
0,0,541,0,0
0,357,0,27,17
308,0,69,0,0
494,0,73,0,0
301,0,45,0,0
0,339,0,187,0
860,438,0,0,0
0,286,0,39,30
0,202,0,68,0
2584,929,0,0,64
0,145,0,0,16
912,0,104,0,38
0,39,0,0,0
2312,910,416,0,60
0,1107,0,0,67
0,1737,0,0,0
434,104,0,0,8
0,99,27,0,0
2655,1068,767,0,41
0,60,103,0,0
1651,618,229,0,0
2330,1295,0,122,0
0,138,0,0,13
0,1248,391,0,0
2461,1081,0,199,51
0,871,0,91,29
0,781,283,265,75
2116,0,192,286,0
2553,1594,792,155,0
956,384,0,111,42
0,0,0,9,0
2078,921,0,87,0
0,404,229,0,11
0,0,16,0,3
1312,0,0,0,0
0,0,324,0,0
0,76,57,5,3
1973,761,187,115,0
2937,0,288,457,0
1974,629,246,245,0
0,544,160,271,50
0,0,203,0,0
488,109,86,0,8
112,30,0,12,4
0,0,0,36,30
2690,0,760,171,91
0,796,0,0,0
1770,0,0,62,0
313,102,0,0,7
0,820,231,0,0
0,435,255,0,0
0,0,0,0,12
0,0,0,6,0
0,0,333,0,0
1533,555,0,78,55
527,206,122,32,0
0,1372,0,0,54
873,0,0,0,0
0,0,0,0,18
0,626,391,0,0
137,0,14,0,0
0,0,129,179,0
982,508,0,32,10
1950,0,0,0,0
1396,622,266,0,0
0,461,0,73,0
2007,586,0,53,0
0,703,0,0,0
0,0,124,47,0
0,0,0,198,0
398,146,0,8,0
0,298,0,143,73
0,0,244,31,0
2502,1035,0,129,0
0,833,0,0,33
0,0,0,49,18
988,382,0,0,48
677,203,0,88,0
785,430,0,0,2
0,827,453,116,0
894,0,216,48,27
0,928,0,0,41
2428,1071,0,135,82
0,0,0,78,54
1623,460,0,79,43
0,0,372,118,94
2471,1085,475,134,0
0,0,0,0,3
0,44,0,10,0
76,24,20,1,1
2225,0,209,0,89
0,0,0,0,11
0,628,293,94,0
265,89,29,12,15
0,0,10,2,0
455,0,0,104,0
854,184,279,25,40
2640,1275,274,350,78
0,312,0,48,25
0,393,0,198,0
617,169,0,0,9
200,0,0,15,9
0,0,26,0,5
1692,0,0,0,36
0,0,80,0,13
2312,946,343,0,101
2490,921,0,0,0
164,0,45,0,5
139,54,39,0,5
2981,2217,459,0,0
0,0,0,46,21
255,0,0,20,10
119,0,29,2,2
1610,0,0,0,0
0,1743,0,511,109
1992,1082,0,0,47
531,183,0,0,10
1979,694,456,0,0
0,74,0,11,7
0,0,319,0,0
669,0,0,24,0
1688,923,0,281,84
0,0,0,37,0
72,20,17,0,0
1902,0,0,0,54
0,956,222,0,0
0,806,187,197,0
485,201,0,14,16
801,0,0,87,28
0,833,404,0,54
0,0,0,192,101
0,0,457,0,0
2573,1292,0,0,0
1423,0,0,109,64
68,0,21,0,1
0,1037,0,0,69
0,0,0,27,0
0,0,279,0,14
0,717,512,0,0
1194,0,320,0,0
1253,404,0,0,0
465,192,0,0,14
798,0,0,0,32
0,182,0,0,37
0,0,226,86,53
0,0,125,0,0
1047,323,0,53,16
271,0,0,0,5
0,0,0,0,49
1659,0,0,105,47
0,278,223,0,0
0,169,0,0,0
456,95,55,0,14
363,0,79,9,7
0,0,0,0,36
0,656,324,140,0
0,367,0,0,0
1404,660,328,145,50
1726,0,153,284,57
1776,626,0,85,0
721,0,0,0,27
2260,779,417,0,83
0,0,143,0,46
1991,0,216,0,46
0,83,86,4,0
0,0,0,89,0
286,0,0,0,15
672,199,106,0,15
108,0,0,6,5
0,0,0,44,0
924,0,0,0,21
86,0,17,0,0
2014,0,533,62,0
2371,909,0,144,0
1245,350,244,123,60
634,0,97,0,4
496,0,157,0,0
1059,0,0,190,63
1451,0,0,0,0
0,0,452,84,59
2536,1155,0,158,0
0,491,101,180,0
599,115,0,0,0
982,0,122,0,38
200,55,0,15,0
1412,0,0,37,0
0,0,157,0,0
0,123,171,0,15
0,0,0,342,67
2105,0,0,99,63
1971,0,236,77,0
0,0,38,0,0
0,0,228,13,0
0,0,233,0,0
1262,531,0,0,0
0,31,26,6,0
147,63,0,0,0
0,0,174,83,48
0,159,42,0,16
0,0,71,0,23
0,0,793,294,0
0,0,0,329,0
0,505,142,0,0
0,0,507,0,59
0,686,99,121,43
0,0,0,0,8
0,2376,0,0,0
0,0,168,70,0
0,5,12,14,0
1831,0,195,0,0
0,0,0,98,69
480,0,0,0,0
287,0,0,26,0
0,0,306,118,55
863,314,0,79,0
42,0,0,0,0
573,156,0,0,0
399,0,0,35,0
0,0,26,0,4
1482,0,0,0,0
1751,0,180,342,0
1489,511,118,0,0
0,427,0,84,22
0,214,130,54,0
0,213,0,0,10
1058,0,0,187,34
0,153,86,0,0
0,514,110,0,0
235,0,42,10,0
0,0,0,10,0
0,63,0,0,0
0,0,337,33,0
0,80,0,0,0
2364,1372,0,0,52
2408,0,395,0,69
870,0,0,0,0
1102,0,337,52,25
0,22,8,29,7
1462,221,147,0,36
2016,0,0,0,0
0,337,251,47,53
0,720,0,0,0
1055,305,0,0,0
0,374,190,46,0
0,0,206,0,25
1758,0,0,0,85
1316,0,203,0,0
263,91,72,9,0
0,0,173,0,32
1622,733,0,348,64
0,332,0,90,34
0,0,0,0,44
61,20,26,0,1
0,0,156,0,43
0,1771,306,0,0
2269,643,0,62,38
0,590,0,0,0
0,0,0,66,34
0,76,31,0,0
0,138,141,0,0
1174,0,305,0,27
0,1409,302,0,0
1404,554,309,143,0
0,70,0,0,10
2106,0,190,0,61
1435,746,0,75,0
229,103,37,0,8
0,364,178,0,0
0,207,0,12,20
871,0,0,57,18
0,28,0,0,5
0,0,0,175,0
0,0,98,0,0
405,106,46,0,0
0,801,0,0,0
2058,0,394,281,0
0,483,567,0,25
0,783,0,90,0
0,79,0,49,0
0,0,0,2,0
1754,709,0,0,76
1341,515,0,64,0
521,0,0,47,17
0,0,10,0,0
539,0,74,88,0
0,0,152,113,38
1743,753,348,60,67
0,1415,0,0,92
0,551,100,0,21
0,504,0,0,38
0,434,0,0,0
841,0,0,0,0
2070,1555,0,300,0
0,0,243,66,27
0,538,217,0,0
1642,0,0,67,0
0,676,0,0,33
0,471,0,65,40
2689,0,0,0,0
1502,639,383,60,0
2744,1137,1035,97,0
0,0,0,0,40
1028,0,0,0,47
0,1316,0,300,0
0,1143,0,182,0
0,437,127,0,43
0,428,0,0,0
171,83,45,19,2
2516,0,0,252,73
1324,587,0,96,0
0,0,0,141,0
0,0,640,0,92
545,168,0,0,14
739,0,183,51,18
2474,0,430,0,132
0,401,236,0,13
0,226,0,0,0
0,90,34,15,0
0,80,30,4,7
1754,0,0,280,65
2374,1063,492,126,82
0,232,0,0,0
0,0,294,0,65
1424,769,353,0,30
52,0,0,0,3
0,0,0,0,51
0,0,291,0,0
1921,1104,0,563,118
2412,1046,0,529,0
0,0,0,0,38
0,0,168,140,0
2054,0,0,0,0
560,241,0,0,26
1843,538,0,0,99
1030,0,99,0,22
0,1414,248,499,0
0,0,160,126,0
0,88,48,9,7
0,0,0,96,0
0,39,0,4,1
2188,756,0,188,0
52,3,0,0,0
968,0,0,35,0
0,2061,1007,0,57
115,40,22,0,0
0,0,0,57,0
0,107,0,0,17
0,0,779,0,77
0,1096,0,0,0
2836,0,0,0,157
0,0,0,114,0
0,21,0,12,2
0,0,45,86,0
0,1078,0,183,65
0,0,0,25,0
0,639,405,0,62
