5000 5
4687,0,7144,6221,0
2281,0,1831,0,2730
4113,5093,0,0,3658
8184,3230,5532,0,0
5299,3851,5479,0,4860
5677,0,0,0,0
0,0,5260,0,4716
5218,4077,0,0,3985
0,7667,0,7455,0
5840,0,0,0,0
3953,0,0,4165,0
3359,0,2508,0,0
0,1745,0,0,0
0,4652,6786,0,0
0,0,0,5916,0
0,3149,0,0,0
6489,0,0,6374,6510
6374,7254,6767,0,0
6665,5377,0,0,0
3712,1851,0,0,4616
0,7671,6981,0,0
8720,0,7896,8117,8433
0,2157,0,0,0
6095,0,5111,6335,7787
0,0,0,7491,6415
4718,0,0,5164,0
7237,5525,3559,0,0
6735,0,0,4209,0
0,0,4954,6242,3336
0,2129,0,0,0
0,0,3716,0,2574
7790,8110,7601,0,7134
5332,3644,4135,0,2756
0,2818,4962,0,0
0,0,6089,7283,5894
5565,4154,0,0,4692
0,4498,0,3936,0
2857,0,0,0,0
7901,0,0,0,7913
2949,3548,2854,0,0
0,2579,0,2150,3131
0,0,0,7678,5170
3144,0,0,3775,5079
0,0,0,2096,3512
0,0,0,0,5559
6297,0,5100,7178,5285
7514,0,4908,0,0
0,0,6690,0,0
0,5284,4636,0,0
3866,5195,0,0,0
2525,0,0,3854,0
0,7138,6469,3329,6030
3834,4091,0,4713,0
7843,0,0,0,7557
0,4012,3187,0,0
2433,0,2410,2970,1721
1830,3219,0,0,0
3986,5876,4768,6435,6979
0,0,0,0,5348
0,0,5799,0,4361
6124,6377,0,0,5179
8442,8965,0,0,9015
0,0,3616,0,3730
5361,4972,0,6111,0
0,3502,0,4520,0
7745,0,7047,0,7233
5356,5459,0,5655,0
3051,3141,2948,2413,4557
4104,5883,0,0,0
0,0,0,6719,0
0,6665,6491,0,5486
0,0,0,5834,7946
0,0,3616,3769,4879
0,0,4585,0,0
6803,0,6738,0,0
5899,5198,6796,0,5015
0,0,6928,0,0
0,5442,3729,3343,0
5152,0,0,2927,0
4795,0,0,0,0
6697,0,0,7269,7049
4404,5031,0,5603,0
6396,0,5090,4684,2402
5980,5896,5162,0,7424
6299,0,0,0,3486
0,0,7130,0,0
2811,0,4563,0,0
5716,0,0,0,3144
4148,4822,0,0,0
0,4718,3197,0,4873
3508,4763,0,0,6444
1274,3247,0,3499,0
0,5044,7589,0,0
2680,2766,4649,2421,3186
0,0,0,6351,4014
0,0,0,3712,6394
0,6838,3480,6049,5217
6451,0,7506,6998,0
4948,0,0,0,3421
7430,6435,4383,0,2663
0,0,5805,0,0
6698,4226,6945,0,4077
0,0,0,7802,0
4609,0,4296,3472,4645
4218,4196,6086,1679,3825
0,3496,3212,3362,4484
3195,5919,3886,4943,5024
0,4018,0,6805,0
0,0,0,7196,0
0,0,0,4808,0
0,0,3010,0,4978
2431,0,0,0,0
0,4192,0,0,0
0,0,0,4418,0
0,0,7413,0,7915
0,0,0,4232,2507
6030,0,7150,0,0
0,0,2546,3457,0
0,4598,0,0,0
0,0,1978,3679,0
2974,5069,0,3763,4634
6456,5295,0,6793,0
0,4856,5542,0,5807
0,2998,0,2644,3622
8042,4578,0,5006,3134
0,5892,5111,6710,6611
0,5533,2354,0,0
0,0,5122,0,6786
0,5594,4213,2130,7092
6142,7996,0,0,0
0,1697,0,2400,0
5836,5089,0,0,5900
0,6222,0,6430,0
0,4974,0,6273,0
2115,3677,3357,2231,0
0,3653,0,0,2946
2715,3626,0,1658,0
1663,3123,3578,0,0
5943,0,0,0,0
0,8704,0,8081,8709
0,0,5381,7037,0
4515,5177,0,0,0
5635,0,0,6272,2944
5726,7584,5843,0,0
6394,4847,5963,5673,0
0,0,0,6327,5683
3619,2964,2542,0,0
0,6538,5453,0,0
3416,0,5170,0,0
5009,3410,0,0,0
0,3397,2456,2997,0
5811,5581,0,6185,5933
7219,5473,0,0,5801
0,2817,6709,0,0
0,0,0,0,3925
4659,0,6318,0,0
0,0,0,5954,6700
8007,0,8058,8167,8935
3189,0,5027,2998,0
0,5047,0,0,4568
0,0,6286,4393,0
0,3907,0,4336,2769
0,2881,6405,3415,0
5649,6131,0,0,0
0,0,4215,2723,0
0,6409,7511,0,4992
0,0,3029,2337,0
1974,1767,2679,2197,2566
0,6037,0,0,0
4984,4441,4840,6526,0
0,0,7651,0,0
5800,0,0,0,0
0,0,0,4726,0
3883,0,4924,0,0
5818,0,0,5624,0
6337,0,5818,5766,0
0,7705,0,5888,6809
2873,0,0,0,0
1469,0,0,0,3602
0,4670,0,3056,7813
0,0,0,4987,6291
0,0,3900,3521,0
5775,5854,5579,0,4199
3745,6873,0,0,6236
0,0,0,6374,0
0,3145,0,0,0
4842,0,0,2098,5214
0,0,4807,4757,5524
5507,0,0,4920,0
0,2742,0,0,3925
3702,3680,3926,2776,0
0,6662,0,7979,0
0,3589,5078,0,5081
0,5735,5751,4104,5089
4607,3987,0,2586,5477
0,0,0,0,3082
4253,0,0,0,6157
3110,5581,0,0,0
3360,0,0,0,0
0,5102,3443,0,4751
0,5093,3675,0,5162
0,6311,6973,4600,6807
7329,4259,7599,5616,0
0,0,2365,4525,0
0,5983,0,4282,0
0,0,6045,0,0
0,0,0,0,4163
2304,4005,0,0,0
8566,0,0,8172,0
0,0,5290,0,7255
0,0,5890,0,0
5492,4147,4444,5773,5047
0,5630,0,6566,6163
0,0,5164,7235,4594
4835,0,0,0,0
0,2584,3945,3135,3031
0,0,0,0,5081
0,0,0,4644,2646
0,0,6501,5874,0
0,0,5613,5671,0
0,0,4523,0,0
6731,5301,0,7465,5508
0,5436,7512,6221,5875
0,5709,0,0,3874
0,0,0,5523,0
5927,5332,0,0,5501
3792,0,4627,0,0
0,0,0,0,2179
3892,0,0,0,0
7223,7018,7625,0,0
0,0,4900,0,0
0,5815,0,0,0
0,4063,0,0,3992
4631,0,0,0,3558
0,4171,6116,0,0
5367,0,0,0,5213
0,4192,0,3717,5929
6303,8604,6637,7542,0
0,0,0,3635,3106
7951,0,4808,5871,3742
0,0,0,6579,5746
3319,0,0,5809,0
3731,1666,0,2539,0
3969,0,0,2413,4619
0,6605,8560,6783,6940
0,5168,0,0,3908
5148,0,0,0,0
0,6572,4764,0,0
4923,0,5919,5658,4619
0,0,7056,0,6509
7149,5386,6741,5327,5797
5217,0,0,0,5540
0,4433,0,0,8288
0,3644,2489,2743,3392
5490,0,0,0,4107
4755,7105,0,0,0
0,5514,5101,0,4652
5593,5558,2356,7735,4790
0,0,3073,0,3323
0,0,0,0,4986
0,0,0,0,2836
0,0,0,3060,6352
4288,6084,0,5590,0
0,3646,0,2748,0
0,6208,5282,0,6109
0,2792,3367,3547,5347
0,4699,6117,0,5022
0,8395,8608,0,9036
4829,4319,3413,4345,0
0,5227,0,6499,4713
3665,2865,0,0,5219
3868,5229,4801,0,6706
5545,0,3092,4395,0
0,0,0,3688,3284
0,2924,4470,2495,3951
2683,3529,3515,4473,3168
3351,6915,0,0,4346
5076,0,5634,6413,5825
0,0,5176,0,0
0,3937,6232,6969,0
0,3410,0,0,0
5170,0,7750,0,0
0,6978,4223,0,0
3961,5865,0,0,0
0,0,0,3242,0
5955,0,0,0,0
4563,5779,0,6340,0
0,5016,5222,0,0
4356,0,0,0,3370
0,4919,0,0,0
2948,0,3723,3282,0
0,2719,0,3268,0
0,0,0,0,6358
0,3255,0,0,0
1819,0,0,2902,3874
0,0,0,4055,6626
0,0,6273,6941,0
7426,3180,4963,0,3900
5409,6262,6035,0,6393
4833,4034,6013,3185,0
4948,0,0,3432,5092
6185,7248,5954,0,5494
4577,0,4498,0,5196
5470,0,0,0,5829
3990,3483,3765,3134,0
0,0,0,5335,3717
0,0,0,3799,0
0,3494,0,0,0
0,3518,0,3499,4914
7088,7614,6005,0,0
0,6894,0,0,7059
5280,5036,0,0,0
5900,0,0,3571,0
0,0,2575,0,3319
0,5116,3238,3417,4242
5158,0,4118,0,0
0,4071,6034,5192,0
0,5857,5402,0,5471
0,0,0,1155,0
0,7258,3537,6309,0
5510,3501,7552,0,5393
4499,0,4725,0,5922
0,2532,1641,0,0
0,3624,0,0,0
0,0,0,2558,0
3415,2211,4322,0,0
0,0,0,6275,7339
3580,2068,0,0,2757
6482,7056,7186,6483,8597
6369,4406,0,5662,5609
5033,0,0,6864,5722
6525,4484,0,4200,4845
5930,4767,0,0,0
0,5556,0,6951,6602
0,0,0,2437,3883
7768,0,0,0,8600
0,6616,7866,4697,0
0,0,5860,0,5115
3050,0,0,1665,0
5782,7465,0,0,7121
0,0,3763,4821,0
8840,0,8354,0,8449
0,0,5363,0,6175
0,0,3329,0,0
3302,4999,0,0,3963
1313,0,450,1137,0
6418,7025,7021,7190,0
3724,0,0,0,3075
5736,0,2936,3727,0
6164,2503,0,3739,0
0,0,0,0,2466
0,0,4785,4731,0
0,6750,0,5475,0
0,7159,7667,0,0
3218,3219,3099,0,2318
4046,3576,3539,0,0
0,3949,0,0,0
0,6734,5218,0,5951
0,5615,5671,6033,7224
4822,5963,0,5291,0
0,5270,0,0,4904
0,3213,0,0,0
4075,3364,0,2721,3937
0,4721,2668,0,0
5960,2986,4960,3792,0
0,0,3608,0,0
4231,2661,4911,0,0
5617,7322,0,5089,0
3288,6006,0,4733,2876
6112,0,6854,0,4637
0,4497,0,4346,0
0,0,0,0,3325
1812,2152,3598,0,3023
6729,4399,5434,6730,0
0,0,2485,0,0
0,4647,4026,0,4008
0,0,0,5156,0
2681,5825,0,4274,0
0,5419,5589,0,3909
0,0,0,7169,7886
0,7300,0,6514,6475
0,2320,5106,0,3097
0,3870,0,3119,4438
7114,8213,7986,0,7739
5780,0,0,6123,6278
2268,2860,0,0,1993
2637,1886,0,1933,2022
0,0,0,0,4225
3909,4352,3171,3816,5289
6462,5779,6397,0,0
0,3511,0,869,3079
6903,0,0,0,0
0,0,0,5783,0
5072,0,0,5803,5711
3231,0,4499,0,0
0,3641,0,0,0
0,4404,8356,6132,6147
0,0,3955,4393,5175
6192,7288,0,8218,6634
0,0,5506,0,5999
6866,0,5282,0,6680
0,0,0,5816,8514
0,5630,0,3759,4952
0,0,6415,0,3869
0,5637,0,0,0
6899,0,0,0,0
0,3757,3769,3800,3523
0,0,8711,0,0
0,4955,0,0,0
0,0,0,0,6068
7664,0,0,4639,0
0,0,5756,0,0
4535,3059,3975,2796,0
8519,0,6544,8498,0
0,5376,0,0,0
0,0,5506,5862,5548
1863,6098,4679,3654,5400
0,0,0,0,4028
7184,0,0,0,0
2842,0,3314,0,4501
0,0,0,7324,0
4100,0,0,4012,4968
5305,6326,0,0,0
4300,3949,0,5064,5230
3735,0,3651,0,3501
4254,3382,0,0,2654
5821,0,0,6822,0
0,0,5516,0,5392
0,7185,0,0,4492
0,0,4363,6604,0
5183,3385,3635,0,0
6748,8577,7532,6997,0
5895,3652,6770,0,0
0,8157,0,0,0
6690,6278,0,5577,5453
4025,0,4992,2874,0
4925,0,0,0,0
3951,0,4741,0,5727
0,0,0,7837,0
0,0,4965,0,0
0,3787,0,0,0
0,5889,0,3975,0
6018,0,7481,3834,5576
5602,0,5437,0,5116
0,0,0,4824,5675
0,0,4222,0,0
0,0,0,0,7484
2807,5598,0,0,4918
0,0,0,5803,0
4458,0,0,5007,0
7363,5599,7528,0,0
6925,0,0,5353,4738
4124,3897,5686,0,0
5989,0,0,0,7354
2478,5175,4907,4312,7842
3018,4436,3063,0,3464
0,5182,4400,4596,0
4188,0,5621,0,5633
5100,0,0,0,0
7217,6901,0,0,6097
5026,0,0,0,0
0,6723,0,0,0
3057,3202,4050,2188,0
5803,4218,6778,6955,0
0,0,7976,0,0
5801,0,0,5159,0
0,3876,3780,5191,0
4229,0,3775,0,3786
5799,0,5578,7055,6537
0,5137,0,0,0
5953,0,0,4686,0
0,5705,3472,4947,0
5204,5899,0,0,6886
4899,6718,0,0,0
0,2161,3431,0,4564
0,0,0,6890,0
5982,4740,0,0,2877
3427,3945,2896,0,0
0,0,7222,0,7196
7154,6428,6437,6898,6027
6323,4048,4215,0,0
5610,0,0,0,0
6307,0,0,0,4530
0,4774,5812,2966,4148
0,2789,0,0,2513
0,2982,0,2099,0
4016,6657,4367,6846,5347
3393,0,0,5217,4192
5706,0,0,5786,0
0,6923,0,6274,0
0,0,0,0,3746
3974,3710,5715,4373,0
3737,0,7149,0,6140
4213,3832,0,4148,0
0,0,3391,0,3295
0,0,7098,0,0
6412,6601,6093,7375,6358
0,0,6946,8313,7610
6904,5033,0,5248,4595
7061,5466,0,0,2946
8467,3909,3914,3548,3840
0,0,0,3598,6119
0,0,3279,0,0
3737,0,0,0,6155
2772,0,0,0,3525
0,6162,0,3951,0
6528,7370,0,7901,6777
0,5627,4749,5402,0
4681,0,4777,3696,3681
3127,5641,0,0,0
4001,0,4022,3087,0
0,0,0,6102,7115
5712,0,4562,4851,6005
5672,5043,0,5011,0
0,0,8540,0,0
0,0,0,6226,0
4873,0,3224,3018,5121
5658,0,0,6349,2949
0,0,8499,0,0
0,0,5503,0,0
0,0,5628,3825,5568
0,0,5127,2874,4717
3557,0,0,6207,2145
7882,0,0,0,4906
0,4056,3336,0,3668
0,7564,6269,0,0
9057,0,6929,0,5699
3927,3587,2969,0,0
0,0,0,7338,5648
5183,7041,4699,0,0
0,0,0,5291,3400
5058,7141,0,6809,0
0,6811,6042,0,7517
0,4966,0,0,4405
0,4253,0,0,0
2181,0,4709,3148,4109
0,5059,3692,5973,4356
8435,0,0,0,0
0,5020,6504,6416,0
0,5082,4455,0,0
7284,6115,7162,4735,4616
0,0,2499,0,0
4428,0,0,0,5853
4031,0,0,0,0
7382,0,0,0,0
0,0,0,6458,5510
0,5490,5273,0,0
5901,0,0,0,0
0,0,7020,8093,7850
0,0,0,5805,4848
6015,0,6021,0,5775
0,2906,4266,0,3753
0,0,0,0,1352
0,0,0,2107,6837
6876,5563,4379,6167,6554
6095,7435,0,0,0
0,7463,6342,0,6882
0,0,0,6071,4212
0,4517,6780,0,0
0,0,7111,0,5593
0,6982,7096,0,6421
0,2544,2817,0,0
3685,0,0,0,0
0,0,6990,0,0
6371,4339,5697,6027,3143
0,4467,4168,0,3996
6050,7274,0,0,0
5909,0,0,0,5616
0,5028,0,5355,6946
0,0,0,4341,3697
0,0,0,5908,0
3940,4885,3465,5203,0
4310,0,4444,6324,0
0,7160,0,3981,0
0,7546,3921,6453,0
0,4069,5393,4332,3485
0,3442,4746,4119,0
0,0,0,2263,5030
0,4125,0,0,4981
0,0,4684,0,0
0,0,4299,0,5862
0,5238,5838,0,0
0,4524,0,3270,5391
6477,0,0,5052,4072
3606,0,3409,0,0
4173,0,3256,3902,0
0,0,7587,6242,0
8448,7404,7401,0,0
6039,0,0,0,6035
0,0,0,3718,0
0,2882,3363,3365,1627
6156,6169,0,0,4118
4169,6208,0,6169,4951
0,4703,3288,0,3003
7259,0,0,0,5395
4768,6960,4522,0,0
0,0,7450,8277,0
5901,0,0,0,3049
8802,5274,0,6132,3491
0,0,0,0,1969
7794,0,0,0,0
0,4579,0,4112,3888
2491,0,0,0,0
0,6326,0,3168,4888
3029,5306,0,4106,0
4467,4153,4124,0,5381
2342,3543,0,3899,0
0,0,7423,6398,6896
3487,0,6657,0,0
0,0,4169,0,0
0,3952,0,0,0
3825,0,0,0,0
0,3541,6469,0,0
0,0,6795,0,6573
5880,0,0,0,7162
0,0,4607,4864,6024
0,0,5281,0,0
2634,0,2542,3240,0
0,4833,0,0,4415
0,0,5040,0,5726
2002,0,2766,2824,0
2779,0,3544,0,0
8197,7812,0,0,0
0,7542,5395,0,0
3382,0,3670,0,0
6415,0,4662,0,0
0,0,0,0,3930
5099,0,3600,0,5771
1891,0,2362,0,0
2452,4053,0,3634,3093
0,4360,0,0,5153
0,0,0,0,5249
5853,0,0,0,0
4898,0,0,0,0
0,0,0,7847,4890
0,7912,0,0,5545
1813,3284,4040,0,0
0,0,6902,0,0
0,7422,5918,7039,6632
7181,0,0,6901,0
3662,0,0,0,7038
4985,4470,0,0,5477
5658,5489,0,7238,6345
4699,0,0,5893,0
0,0,0,0,7052
0,2303,0,3422,5817
6960,1320,0,3875,0
0,0,5545,0,0
0,3950,6668,0,0
3752,4925,0,3036,4696
0,7534,0,8248,0
0,0,0,0,8124
0,5374,3322,3604,0
0,0,7089,0,0
0,0,2091,5859,0
4056,0,0,0,0
0,3859,0,0,0
4603,5806,5819,0,0
6461,5287,0,5489,5312
0,0,2783,0,3465
0,0,0,0,3400
5911,0,0,4485,0
0,4586,7446,0,0
4805,6453,0,0,5951
0,0,5056,4400,4746
3194,0,0,2852,4310
0,0,0,6875,5738
7366,0,6650,5234,7150
0,0,0,7300,0
0,3912,4938,3711,0
0,2837,8748,5656,0
4755,0,0,0,0
4929,4761,0,0,4237
0,2770,4471,0,0
0,5058,5434,4683,0
7580,6723,5646,0,0
0,1935,0,0,0
0,7902,4656,5613,4914
3267,0,0,0,0
5981,0,0,0,4460
0,7857,8163,8664,8044
4402,0,0,0,5942
2134,4083,0,0,4482
0,5161,3377,4870,2994
1560,1609,0,1159,1549
3153,0,4716,0,0
0,0,0,5663,5325
0,0,4096,6109,0
0,7763,5571,6913,6254
6851,6212,5790,6957,0
4461,0,4630,0,4620
0,4306,0,0,0
0,4011,4195,3703,5191
5383,0,0,0,4933
4660,6116,6193,0,3406
0,0,7275,9126,7871
6307,0,0,5456,4457
0,8924,8876,0,0
4668,0,6663,5631,0
0,0,0,3319,0
0,0,0,7240,0
0,0,2807,0,1619
0,2386,0,0,2809
0,0,6805,6205,5934
5618,0,0,6833,0
0,0,0,5215,3803
0,4087,0,4071,0
0,0,7679,0,0
3415,0,0,7445,0
0,6147,0,5236,6164
4062,0,3841,0,0
4900,0,3336,0,0
4801,4118,0,5879,0
0,0,0,0,6041
7614,7872,0,7715,0
1383,5025,2801,0,0
3687,0,0,4139,0
4417,0,0,0,0
7068,0,6012,4951,3969
4759,0,0,4763,0
1629,0,0,0,1902
0,0,0,8367,0
7385,8332,0,0,0
0,3582,0,0,2823
0,3141,1991,4161,0
4742,0,6713,0,5930
0,3710,3600,0,3140
0,5659,4437,0,4048
0,7727,5878,6645,6501
4167,3063,2829,0,4533
4986,0,5465,3381,0
0,3346,5830,6521,0
0,0,6926,7145,0
6360,0,7377,0,8006
0,4506,0,2795,0
4712,3362,0,6478,0
0,0,0,6984,7984
0,3339,4928,2989,6058
0,3100,3648,0,0
0,0,6047,0,0
2650,2172,0,2406,2873
0,0,0,0,4932
3515,6049,5648,4326,6019
0,0,6644,0,3924
0,0,0,7105,5451
6532,0,0,6427,6228
6113,2912,5077,0,0
0,8708,2800,5293,6118
6956,0,0,0,4849
5957,0,0,7151,0
0,0,3596,0,0
4284,0,0,0,4704
0,0,4839,2910,4344
5275,7237,4819,0,0
0,3617,0,0,0
0,7157,0,0,0
6351,7645,0,6541,0
3838,0,5969,4023,0
3739,4799,5508,7253,4608
3592,0,3658,5561,4744
6092,0,0,5645,0
0,3267,2131,0,0
4780,0,4233,3595,5816
7012,0,7445,0,6912
0,3766,0,0,4662
0,0,0,5244,0
0,6883,0,0,0
6303,2719,3963,4168,0
0,0,3597,0,3953
3588,0,4193,0,0
0,0,0,0,7963
0,0,4953,2435,4868
0,6211,0,0,4610
0,2109,0,1943,0
4858,6271,0,0,4793
0,0,6278,8236,3730
3255,0,3545,0,0
0,5997,0,4223,0
0,3355,2931,4534,2338
0,0,7672,0,8407
6582,6834,0,5696,8919
4732,0,6705,0,0
6103,0,5490,6539,3399
0,2741,0,4436,0
0,0,0,0,4725
7501,5652,6696,0,0
3017,3879,2375,0,2376
0,0,4764,2351,3810
3076,0,0,3728,0
3404,2833,0,0,2633
0,6951,0,0,6048
7092,0,0,0,4507
6641,7777,5461,0,6225
0,2859,0,0,2431
4892,0,5089,0,0
1467,0,989,0,1611
0,0,6914,0,7125
0,0,7548,4480,7672
4381,0,3193,0,0
0,3392,4649,0,3303
0,5242,0,4398,0
0,5355,7231,5157,0
0,3100,0,0,0
3591,2431,2563,3365,2527
2829,4892,4406,0,0
0,5901,1232,0,0
6012,6137,7050,0,0
0,0,4014,0,2406
3946,0,3646,6294,3149
6415,0,7121,5891,6712
1964,5830,3935,4468,3111
0,4026,6182,2683,4976
6229,4139,0,0,0
3207,0,4364,0,0
2503,4364,2676,0,2861
7491,4317,6220,0,4248
0,7052,0,0,0
5837,0,0,0,5067
4994,0,5245,0,4912
0,6433,0,7012,7244
0,6589,0,7466,7618
0,0,0,3424,2589
0,6649,6038,5039,0
0,0,3575,4421,4285
5753,8200,0,7156,6654
0,0,5959,4851,6375
6433,6119,0,0,0
0,0,4035,0,5812
0,5958,0,0,5194
7718,4937,0,0,0
3535,0,0,0,3055
0,0,7208,0,0
5007,0,0,0,5560
6454,0,6587,4536,4381
0,3368,0,0,6225
0,0,3027,3797,0
1639,2485,1249,3095,0
0,4116,5712,0,3286
3828,2886,0,4100,0
5371,0,0,0,3429
4825,0,0,0,0
0,0,5990,0,0
0,0,0,7260,0
7333,8460,8696,7543,8418
0,0,4470,4903,5214
0,4497,5659,6012,6762
0,0,5892,0,0
0,0,4931,0,0
7240,6593,5240,0,6313
0,4394,6981,5495,0
0,6213,6853,0,6837
0,0,0,0,2760
5077,0,0,0,0
0,5384,5458,0,0
7256,5172,0,0,5593
0,5164,0,2041,0
3435,2015,4795,0,4004
0,0,4652,0,5727
0,0,3812,0,0
4817,0,0,0,0
5534,0,7068,0,0
5274,0,0,0,5340
7602,4748,0,4919,0
4914,3395,2472,0,5089
0,6012,0,0,0
0,3191,0,3963,0
3719,0,0,3877,0
4461,7749,4335,3926,0
4330,0,4062,4693,0
6128,0,4060,4824,0
4055,0,0,3965,0
0,4852,0,0,7754
0,0,0,0,3676
2572,2966,3170,3877,0
7760,6251,7249,6568,0
0,7989,0,0,0
0,5292,0,5165,0
0,0,0,5664,3617
6774,4746,6685,5596,0
4843,0,0,5788,0
0,6942,4397,0,4206
5692,0,5642,0,6541
6467,0,0,5221,0
2613,3502,3175,0,0
0,0,4362,0,4486
0,0,0,7082,6459
6361,6425,0,6596,0
5267,5856,5627,6928,6529
4530,0,0,6439,0
5521,4988,5380,0,0
0,6668,5635,6647,0
6262,6257,4582,4023,4546
0,0,0,7156,5819
4168,0,0,0,2673
5086,0,0,5178,0
0,2270,0,3640,0
7494,0,0,0,0
3299,3810,3385,3312,0
3601,0,0,0,0
0,6024,0,5056,0
0,0,3539,0,2314
5367,0,5178,0,6341
0,0,7741,6035,0
0,0,0,0,7109
0,0,2838,3747,2726
0,5901,4222,2889,0
5253,4003,4781,0,5425
0,0,0,4634,2782
7272,0,5401,0,0
5414,2903,4163,0,0
6697,0,0,0,0
3446,6827,0,0,0
6005,0,0,6503,8122
4169,0,2801,0,7312
0,0,7714,0,6061
5786,5529,0,0,4669
0,5038,3527,0,0
0,0,4985,4251,6928
5096,0,0,0,0
4412,3442,0,0,0
0,8458,0,0,0
4440,4435,0,0,6588
5110,0,5070,0,0
0,0,0,2328,0
0,7381,0,7569,0
4200,0,4214,0,5003
3943,5428,0,0,5439
5169,0,0,0,0
0,6002,4841,0,3727
0,0,0,6255,0
0,0,5492,0,5240
0,0,0,6475,0
4366,0,0,5669,0
0,0,3345,0,3022
0,0,0,6336,0
0,0,0,0,2916
0,3084,0,4644,0
0,7612,7776,4638,0
0,5399,5005,2674,0
4832,6202,4185,7621,3891
0,2722,0,0,0
0,0,0,0,7403
4528,6861,0,0,0
3013,0,4974,4614,0
6604,0,4344,0,2846
3494,3463,0,0,8722
3712,0,0,0,0
0,0,0,5981,0
0,2435,0,3336,0
5269,3274,0,0,0
3623,4765,3486,4830,4711
0,6793,6305,0,0
0,0,3268,0,4589
0,4612,1909,0,0
5237,7189,0,0,6611
2186,0,5099,0,5428
5097,0,5757,4838,5236
0,3976,0,3254,0
0,0,5727,3232,4561
7604,0,0,8071,6388
0,0,3089,4249,0
4175,0,6738,3990,5104
4983,0,0,0,3681
8497,5572,0,0,2879
5281,6789,0,0,7111
6747,0,5181,0,0
3516,0,5025,0,0
0,0,5087,5501,0
6573,5454,5335,0,0
5895,0,6623,5089,6054
3666,2705,0,2319,0
0,6316,2774,4426,3370
7757,5468,7348,0,5538
1073,0,0,0,4420
0,0,5221,7098,7161
3788,5708,4847,4763,6950
0,0,0,4255,0
0,5332,0,0,6806
0,0,0,2712,0
0,0,0,0,1366
0,0,0,2444,0
0,3338,3092,3964,0
5327,0,0,5166,7036
5780,0,0,0,0
2305,2262,3038,1753,3411
4963,0,0,0,0
0,3619,4605,0,0
6188,5190,0,0,4764
3288,1425,0,0,0
0,0,5122,0,0
0,0,0,4290,5065
0,4068,2373,0,3346
7292,7138,0,6872,0
6862,0,0,0,7770
6505,0,2660,0,5803
6389,7040,0,5050,7505
2661,4791,0,0,5760
6351,0,2643,0,0
0,0,7031,7524,5176
0,0,4913,5333,4926
3165,7364,0,0,5280
0,0,0,6225,5014
0,0,0,4945,0
5535,0,3734,0,0
3514,3852,3378,5003,0
0,2602,0,3955,0
0,4040,0,5136,0
2725,0,5885,0,5274
2745,4118,0,3406,0
5054,0,3586,5454,0
0,0,4525,3351,5825
0,7823,7259,7709,0
6385,0,0,7039,7269
3251,2194,0,0,0
0,5173,5876,6688,7534
4521,4826,6109,3473,7902
7212,0,6102,0,0
6191,0,0,0,4662
4454,2753,3752,0,0
6666,0,4660,5471,0
0,6851,6629,0,6811
0,0,0,2861,4592
0,0,3954,0,0
0,6513,5587,4586,0
0,5334,4432,6745,5363
0,8409,0,0,0
7090,0,4124,5449,0
7385,7018,6911,0,0
4976,5924,5482,0,7205
5988,5337,0,7097,0
0,6706,0,5615,0
3033,0,0,5416,4490
0,0,0,0,4976
4687,0,0,5483,4861
6922,0,0,5816,5819
5007,0,3923,4695,0
7484,3375,0,0,0
0,0,0,4225,2890
5618,5112,0,0,0
3427,0,0,4519,0
4582,6700,6217,6659,0
5898,0,4343,6629,3716
7318,5352,0,7215,5413
4285,0,4742,0,3538
0,3136,0,0,0
4577,5211,5681,0,5764
6107,3891,8050,0,0
4679,5274,0,5481,2997
0,5875,4148,0,0
6139,3379,0,0,0
0,1952,2659,2431,0
5432,0,5631,4759,0
0,0,0,0,1910
0,0,0,0,5033
4049,2738,0,0,0
2609,1984,2209,0,1458
4620,1283,7741,4991,0
0,0,3796,0,3405
2479,0,1820,0,2188
0,0,0,2964,3431
0,1266,1670,1354,0
4871,3094,4900,0,0
3242,6908,0,0,0
6762,6380,0,0,5919
6673,0,0,0,4472
0,0,3031,2734,0
5347,6857,3915,0,3310
4376,0,7661,3332,0
0,0,5033,0,0
3622,6612,4697,0,0
5816,5315,0,0,0
6769,4703,0,0,0
0,0,0,4346,3720
0,5288,6242,0,3863
0,0,0,6047,5903
7053,0,7759,0,0
0,2345,0,0,1379
0,0,0,5778,0
4379,3881,0,0,3807
0,6913,7002,0,0
3918,3962,5173,3794,6070
5680,0,4999,3475,0
6670,5785,0,7982,0
4671,0,0,0,0
0,6854,0,0,0
7108,0,0,0,5381
7267,0,6888,5911,5004
1974,0,0,2096,0
0,0,6495,0,0
2626,2393,0,0,0
6653,6538,6570,0,7013
6880,0,5688,0,5935
2421,0,0,4827,8105
6409,0,0,0,0
0,4554,0,0,0
0,6221,0,6469,8208
0,7613,7486,6213,6153
6027,0,0,6380,0
6112,0,0,5569,4655
0,0,0,0,6599
0,0,5488,0,0
0,0,0,3730,0
0,0,5605,6190,7777
7490,5481,0,0,0
3328,0,2998,6689,5757
1928,0,0,1518,0
0,0,5515,7414,4286
0,0,5461,0,4503
5871,0,0,6198,6375
0,3219,0,0,0
6667,0,3796,6267,3678
4689,5683,4127,5113,4671
0,0,0,6652,0
2168,5296,4910,3107,4803
5817,0,0,0,5859
5754,6594,0,0,5158
3622,8317,0,0,4966
4375,0,0,0,0
0,0,0,6874,0
0,0,0,1860,0
3742,2691,4434,0,0
0,2621,0,3910,4001
0,0,6458,4658,5939
0,6977,5885,6295,0
0,0,2706,0,0
0,3547,6419,0,0
0,4818,0,0,0
0,7175,0,0,8209
3764,4799,0,0,0
0,7792,0,0,5836
0,5406,4733,0,0
5938,0,0,0,5706
2238,0,3854,0,3781
0,3978,0,2973,3761
5546,0,6350,6042,6865
5910,0,0,0,6148
0,0,6475,6602,5076
6091,0,0,0,4189
6020,7075,7118,0,6181
5451,6432,0,5127,0
0,5891,5943,0,0
5233,0,0,4489,0
0,0,0,0,5567
5887,0,5360,3799,0
7826,7744,7219,8052,6212
0,0,7768,0,5844
6245,3720,4097,5158,0
0,5120,0,0,0
8167,0,0,7615,8352
0,7515,0,6279,4717
0,4152,4237,5437,4028
6195,0,0,6086,0
0,2547,0,3994,0
4908,2655,0,1647,3719
7410,7450,0,0,0
4453,0,0,0,0
0,6971,0,5421,0
4836,5703,0,6038,0
6881,6667,0,6280,4564
6308,7327,6760,6402,0
0,0,0,0,5880
0,0,0,0,6394
3301,3781,4807,0,0
1852,6198,5564,0,0
5539,2673,0,5183,0
3279,0,5799,0,0
0,0,6917,5476,8082
5154,0,3563,0,3305
7267,3319,0,0,0
8509,5162,0,0,6259
4905,4380,3682,0,0
0,0,6705,0,5593
0,0,0,4544,0
0,5107,0,0,0
6647,5551,0,7096,0
3517,4432,3059,0,3668
5788,3756,5654,0,5323
0,0,0,0,5828
0,0,0,6036,6102
4563,0,4739,0,0
4353,5198,0,6589,0
0,0,0,3409,0
0,5576,0,0,7318
5174,0,0,0,0
0,0,3634,4239,3993
4000,7216,0,4604,0
5217,2902,4107,0,0
0,7778,5868,0,6892
3654,3288,3046,0,4900
0,3407,3486,2818,0
3734,0,4058,0,4938
2665,2435,1680,0,0
4045,0,5570,1385,5581
5161,3550,0,4981,3262
0,0,0,0,5945
0,0,4153,1521,3926
0,0,0,5795,5355
0,4785,0,0,0
5232,0,5383,4297,0
3608,2942,3279,0,0
4314,0,7110,0,0
0,0,0,0,4866
0,0,0,3560,0
0,4246,0,0,0
4691,5138,0,0,0
6804,0,6484,0,0
0,6587,7926,6893,8575
6206,0,6188,0,6799
0,2888,3691,0,3148
0,0,0,1861,3947
4737,6434,6309,0,4996
5560,6893,7704,0,6547
2945,2200,0,0,3315
0,0,0,5960,0
0,2328,2342,0,2496
4884,0,6071,5448,0
0,5607,0,5969,0
3314,6384,5511,5190,6972
0,0,0,0,3582
4860,2263,0,0,0
2233,7043,3723,3530,0
7002,6955,6654,0,7603
0,0,4836,0,0
6732,0,7342,3383,0
3499,2973,0,0,0
4663,0,0,5134,0
0,0,5146,0,0
5853,0,5602,0,0
0,6109,0,0,0
4778,5825,7089,0,5377
5556,6204,0,4018,0
0,0,4102,0,0
4172,3500,0,4551,0
0,6377,0,5697,7537
4760,0,0,0,0
0,0,0,5599,2880
0,0,3318,0,0
0,5525,5923,0,4563
6271,1673,3612,5237,0
0,5646,0,0,0
0,6342,3958,0,0
4997,0,3863,4493,0
3849,0,3844,0,0
0,3089,0,0,0
7859,0,0,7965,0
0,6181,6497,0,0
0,0,4306,0,0
1386,0,3079,0,5527
0,4515,4769,3610,5665
5133,0,4304,4701,0
5292,0,0,0,4725
5529,2327,4232,2952,0
7600,0,0,0,0
3402,2987,0,4037,0
0,4558,0,0,0
0,8049,7251,0,7904
3661,0,0,0,2674
5009,0,5455,0,3718
0,0,4964,6280,0
0,0,5888,0,6808
6309,0,4523,0,0
0,4630,0,3849,2707
0,0,6729,0,4033
2962,0,0,0,2537
0,2139,0,0,0
0,0,5932,5826,0
0,2043,1970,2104,2133
0,0,7105,0,3663
6142,2077,0,2601,4436
0,0,0,4900,0
0,0,4889,0,5974
5357,0,7208,6789,0
5316,0,4944,0,2949
0,4699,6601,3816,0
0,0,0,0,7123
3927,5599,5536,0,5739
7118,6247,0,5793,0
6144,6347,0,0,0
7431,0,6026,6514,4735
0,4984,0,6936,0
0,5184,6813,4866,5681
7666,8362,7397,8747,0
0,0,0,0,4160
0,0,6404,0,0
0,0,0,6453,0
3380,0,0,0,0
0,4338,0,1524,5578
0,0,0,4471,6170
5050,0,4321,5105,4904
5437,0,0,0,0
4651,0,0,0,0
0,3831,3375,0,3909
0,0,7554,0,7572
0,0,5652,4798,0
0,0,3665,2461,0
7946,4159,0,4799,0
0,2909,0,4215,3962
0,0,6516,0,4102
5499,5117,5262,0,0
5953,5027,0,0,0
8100,6695,0,6854,0
0,0,6662,0,0
4845,0,0,0,4663
6109,0,5993,0,0
0,0,2406,0,2979
981,3265,0,3231,4349
9435,8749,8957,0,0
0,3556,0,0,4515
0,4722,0,3095,0
0,4771,2431,5453,0
0,4488,0,0,0
0,0,4235,0,0
0,0,0,3637,0
7873,0,7208,6223,6302
0,2276,3461,2757,1074
6275,0,4857,0,0
0,0,5220,0,0
0,5334,0,6238,0
5069,5815,5960,7625,0
0,0,4723,3260,3552
0,4995,0,0,0
0,4339,0,0,0
4493,0,0,0,0
7464,0,6830,0,6569
6654,7151,0,8596,0
4895,5706,0,6539,0
2327,5891,3498,0,0
5945,6915,0,0,5425
0,0,0,4463,0
6586,6965,0,7969,0
0,0,7525,0,6672
0,2019,0,1189,0
0,2390,4574,2757,0
5862,5316,7138,0,0
2570,0,3144,4276,0
0,0,0,0,4058
4726,0,0,3436,6704
8107,0,0,7201,6648
0,4161,4108,5616,0
7250,5629,0,6801,0
0,0,5461,5975,0
0,8675,0,0,0
0,6456,0,0,3996
0,0,0,3765,5254
3732,3715,0,4803,0
4526,0,5619,2654,5746
0,0,4504,0,4390
7287,0,0,0,0
0,4540,0,0,3832
6650,6237,0,5280,6968
0,2269,1103,0,0
3511,0,0,3995,5988
0,0,1425,2747,0
0,0,7965,7461,8184
0,2230,0,4317,0
6565,0,7549,5511,6375
5072,5767,0,5246,3894
2907,0,0,3199,5544
0,4774,4531,6781,5119
2983,3979,0,0,0
0,0,0,6844,7265
2576,5821,0,0,6830
4280,0,0,0,0
0,0,5196,5030,5530
3927,4320,0,6253,4978
0,4829,0,0,4823
0,0,0,0,6707
8690,0,4251,5388,3675
4809,0,4261,0,2648
0,4226,0,0,4546
0,0,4551,0,0
2588,2523,0,1713,3088
0,0,5098,3193,3827
5278,0,0,0,5799
4172,0,0,3106,5414
5585,0,5996,0,5125
2313,0,0,3611,0
0,0,0,5244,4096
8005,0,0,0,0
0,6780,0,0,0
0,1794,0,2128,2193
0,0,0,6596,6337
0,0,5830,6138,6920
0,0,4223,0,0
0,0,0,3747,0
0,0,0,0,3127
6530,0,0,7269,0
2923,0,0,0,2856
4558,0,5663,0,3922
0,5625,0,0,0
6016,5059,0,0,4077
0,3271,6809,5468,0
0,3143,4405,0,3745
0,3751,0,0,5618
2868,1981,0,1212,0
0,5553,0,0,4430
5965,0,4674,5941,6564
4793,0,0,0,0
5059,0,6816,0,0
0,3197,5048,0,0
8546,0,0,6815,0
0,0,2924,5852,0
0,0,0,7844,0
2500,0,4805,0,6154
3403,0,3784,0,3723
0,4989,0,0,0
5789,0,5804,0,6115
3914,0,5392,0,6828
7882,6018,7630,0,4931
0,0,0,0,3765
6327,0,5663,6200,6984
3114,2757,3703,0,3849
2645,5338,0,3003,4520
5621,0,4341,8162,0
5977,0,5199,0,0
3555,7254,5551,3731,5150
0,5170,0,0,0
5926,0,0,3921,5162
0,0,0,0,6008
6195,4720,4451,0,0
0,0,0,0,4990
4095,0,7494,1900,0
6575,4223,0,6660,5243
0,3076,0,2817,0
0,2519,4587,0,4967
8396,4024,0,0,0
0,5018,5640,0,0
4763,6288,0,0,5893
0,0,0,0,4054
0,0,0,0,6095
5358,0,3932,0,0
5036,6429,5638,4923,0
5162,5924,0,0,5000
0,0,0,0,4440
4948,3796,6551,5692,0
3887,5926,3907,5519,6092
6923,0,7302,6444,8468
0,5904,0,0,5658
3533,2936,4125,2403,0
3989,3936,0,3580,3967
2172,0,0,0,3625
5071,4809,0,5731,2897
5307,0,0,5165,4750
0,3324,4903,0,0
7289,7857,0,0,6533
0,0,0,0,5828
0,0,3504,4719,4683
0,0,6381,0,5830
2605,0,0,0,0
7055,0,6400,0,0
5925,4924,6915,0,0
6503,3330,0,6229,3903
6503,5457,4855,0,0
0,2794,0,0,2397
5771,0,7144,4386,0
0,3954,0,0,0
7096,0,0,8156,0
5881,0,5742,5959,5004
0,2867,3886,0,3380
2836,3698,4184,2949,2992
0,2009,4501,0,0
2667,0,4250,0,5236
3470,5982,2562,4476,0
0,2705,0,2197,3192
5097,0,0,4376,4073
6377,6947,0,6661,0
7088,0,0,0,0
0,2853,0,0,4699
0,0,0,2988,2269
8297,0,8410,8982,8260
0,4870,0,6546,5189
0,0,0,2922,0
0,0,6437,0,7902
2995,5736,0,0,0
0,6464,0,7559,0
6268,0,0,4000,6436
0,0,3370,2437,2121
0,0,0,7711,0
0,0,3822,0,0
0,0,0,0,1890
0,2693,0,3761,1866
6904,0,0,0,0
0,0,2559,0,3061
5309,2981,3551,0,0
5824,0,5547,0,0
3100,3998,3347,2975,0
0,7316,0,7186,0
7301,0,6378,5856,7658
0,0,3156,0,0
4004,0,2510,0,3763
4887,0,6233,6091,6996
4581,6693,3782,4530,0
0,4279,6667,0,5969
6611,0,6152,0,6783
0,0,4992,5382,5273
0,3985,0,2127,0
3012,0,0,3051,0
0,0,0,0,7698
0,0,0,3968,6092
0,7262,8653,7531,7807
6604,0,0,0,0
2976,0,4236,2693,0
0,3120,0,0,4559
4197,0,4289,0,4672
5864,6606,3647,0,0
2540,3437,0,0,3437
5857,0,0,0,0
0,0,0,0,5938
5601,3739,0,0,5971
5422,3278,3876,0,0
7277,0,7571,8043,7784
5660,0,0,0,0
0,5975,0,0,4176
4819,0,4636,0,2966
5219,3475,4813,0,0
6933,0,6115,7694,6541
0,5820,7428,6024,7651
4246,0,0,0,4663
5503,3525,0,5655,0
0,5204,6445,2589,0
2553,0,3829,5363,5452
4535,0,0,4223,3473
3068,0,4248,4254,5939
0,0,3279,0,5036
4684,0,3780,4789,0
0,2159,3353,0,2908
4761,0,0,0,5392
0,0,0,6278,0
0,4977,5132,0,4817
0,0,4099,7329,0
0,6284,0,0,7094
0,0,0,6611,9190
0,6596,0,7096,0
0,6659,0,4865,0
0,4302,0,0,0
4050,2644,0,2586,0
3034,3202,4781,4565,0
5740,0,7098,6318,0
0,0,0,0,5588
6275,6834,7680,0,0
3220,0,0,3450,5507
0,0,4331,0,0
0,2577,2646,2871,0
4973,4785,7260,0,6524
0,6105,4230,5642,0
7427,0,7117,7359,7661
0,4776,0,7021,0
0,6901,8359,6655,0
0,0,0,2218,0
5343,0,0,0,0
3469,3267,4039,0,0
0,7531,7909,0,0
3137,2890,0,4345,0
0,4158,0,0,3611
0,2787,4447,0,0
4813,0,0,0,5632
0,5804,6265,0,7251
0,0,5439,3876,2619
4721,0,0,0,5082
5186,3296,0,0,0
4741,0,5323,0,0
5245,0,6207,0,5239
5029,0,0,0,3512
0,7900,0,7418,5569
0,0,0,5631,5497
5767,0,6188,0,0
0,6693,7054,6468,0
6796,6469,0,0,7596
0,6728,0,5675,4879
5073,0,4349,3363,3192
0,0,6517,3947,4152
0,5422,0,4118,6397
2287,2575,2608,3136,1666
5641,6627,4305,0,3827
0,0,0,7702,0
6985,8350,0,0,8241
3661,0,0,0,2303
5347,0,2891,4548,4921
0,0,6105,4294,5677
5356,5309,0,5231,6608
0,0,5201,6050,0
0,2394,0,0,0
3168,0,0,0,1940
0,0,6916,0,0
0,0,0,0,2330
7143,0,0,0,0
3968,0,6237,0,3317
2938,0,2324,0,0
0,0,2739,4348,0
0,0,0,4333,0
0,0,6313,3351,0
0,0,3599,7591,0
0,6866,6037,0,6181
3253,8632,0,6423,5997
5859,0,0,0,7092
0,0,7935,0,0
0,3904,4766,0,0
7496,0,6426,5856,5320
0,0,0,0,3037
1969,0,1772,0,2525
0,6635,0,5520,0
5682,5588,4945,3933,0
6034,5274,6161,4023,0
4734,8536,4976,0,6644
0,0,0,3103,0
8680,0,0,8899,8697
3543,2127,0,5049,0
0,3391,4856,3431,2168
7067,6213,0,5633,7213
0,0,2033,0,0
0,0,0,3729,0
5794,0,5256,5149,3536
4344,6967,3102,0,5602
0,4053,0,2745,0
0,6364,4400,0,5515
5088,0,4711,0,0
3909,0,0,0,4387
0,3095,2840,0,2545
7557,7171,0,7352,7807
0,0,0,5050,0
0,0,0,0,6257
3702,3348,0,0,5471
0,4961,3635,0,5778
0,2363,3584,0,6396
3324,0,3160,3493,0
0,0,1654,0,0
0,0,0,0,3307
3950,0,0,0,0
0,6957,6815,0,0
0,4977,6185,3765,0
5370,0,4579,0,5648
5242,0,0,5106,0
5876,7056,0,0,6375
0,8126,5653,0,7016
0,0,6212,6972,7264
4904,4500,4107,0,5503
0,0,4124,2947,0
6258,6411,0,0,0
0,0,4885,0,2280
4259,7253,6132,5497,0
0,5821,0,4304,5264
0,0,0,0,3762
0,0,7538,5022,0
2911,0,0,2046,3515
5605,5943,5358,0,0
0,4817,0,0,0
0,6110,3525,6640,0
0,0,4952,0,7243
0,0,3542,3911,2933
5352,0,0,0,4167
3741,0,0,5289,0
3084,3353,2186,4725,3128
0,3112,4690,3911,4059
7545,0,0,7681,0
0,1997,0,1751,2183
0,3963,0,4284,5101
4742,6369,0,4376,0
5443,0,6000,0,6050
0,0,5017,3279,4384
2548,0,0,0,0
6267,5802,0,6013,0
4352,0,3815,3711,0
3814,2687,3507,0,4211
4393,0,0,4448,0
0,0,5186,5710,0
0,0,0,6390,5607
6997,0,0,5673,0
6069,6971,0,0,5822
0,0,3886,0,0
0,0,0,4388,4276
0,2399,0,0,3527
7889,6940,0,6851,0
2445,0,0,0,0
0,0,0,0,8723
5653,8474,5073,7920,6749
3464,0,0,0,2657
0,6373,0,5959,0
0,0,3843,0,0
0,0,0,5450,0
5773,0,0,4410,4065
0,5461,5842,0,6900
8058,4680,0,6846,5981
0,7620,6510,0,8561
5672,0,0,2945,4780
2513,2801,2224,0,0
0,5203,5256,0,0
0,7609,5504,7833,0
820,0,0,0,0
6129,0,5598,6222,0
0,3131,0,0,0
0,7643,0,0,6803
7396,6562,0,0,0
0,0,3028,2728,3292
2993,0,4337,0,4727
0,5181,0,4361,6832
6296,5943,0,0,4002
4685,4833,0,0,0
5440,6847,4543,6047,6604
6228,0,0,0,0
0,3861,3029,0,4513
6390,5908,0,4164,5840
5405,3953,0,2778,0
0,4821,0,5846,5005
0,4621,0,4306,0
0,3934,0,4577,4232
0,0,6070,0,0
0,5379,0,0,0
3372,0,2557,2005,3341
4660,5276,0,4479,4491
5397,0,0,5633,7985
4194,4490,0,0,3223
6111,0,5406,0,6207
5003,4021,5957,3138,0
0,5239,1983,5836,0
0,7737,0,6848,0
5485,0,0,0,0
0,0,6014,0,5861
3060,0,0,0,0
0,0,0,0,5741
0,0,3358,0,0
4311,0,0,0,4667
0,0,2740,5954,0
4851,5211,3290,6526,5077
5114,4734,5374,0,5420
0,2566,0,3011,0
3222,2730,2480,3738,0
0,2351,4643,0,3454
0,0,0,6401,0
0,0,0,5313,6647
4719,0,5214,0,0
4318,0,0,0,0
7267,0,0,0,0
5453,3633,5324,0,5566
5879,0,5829,0,6173
3278,4036,8607,0,7147
5079,6145,6696,0,0
5276,0,3508,0,0
0,0,0,7632,7491
4942,0,6582,0,0
0,6838,0,7116,0
0,0,7029,0,5701
3267,4478,3127,6425,0
0,7254,0,0,6841
3860,3990,0,2825,0
0,5795,0,6442,0
6475,0,6520,5695,7645
0,0,0,0,5053
4649,6266,0,0,0
0,0,0,6195,0
0,5187,4163,0,0
5250,7874,0,0,5697
0,0,7552,0,0
4295,6480,4757,4881,0
2878,3416,0,3161,3338
0,3611,4969,0,3607
0,7760,7279,6549,7699
5816,6089,0,0,0
0,5221,0,0,0
0,0,0,3282,0
0,6862,6584,4988,7628
4462,6278,0,4017,4606
4140,0,0,0,4842
4739,0,0,6210,0
0,0,0,0,6188
0,6044,0,0,5057
2629,0,2416,0,0
0,0,0,5206,5675
5430,5849,0,6106,6727
0,2290,0,4669,2638
0,6887,7069,0,0
0,0,4116,2308,5168
4349,0,0,0,2437
0,6720,2776,5332,1765
5634,0,0,4397,4214
6458,6821,6140,0,6661
5052,5738,0,0,5997
8179,7330,7030,0,0
0,0,0,7136,0
7169,0,0,0,7935
6490,7067,0,0,0
431,0,891,0,0
3980,0,0,0,0
0,5027,5987,7743,4782
3718,4195,3981,5202,3580
6370,0,4419,6196,0
0,0,6794,0,0
4996,4202,4343,0,3965
2923,2190,0,2911,0
4360,0,0,0,4870
0,0,0,7904,0
4762,0,0,0,0
2858,0,3345,2315,0
6376,0,3094,6685,3271
4400,0,4419,0,4603
7402,0,6083,0,0
5096,0,4530,0,0
1900,0,1919,0,0
0,0,2645,0,5407
0,5705,4024,4452,0
0,0,0,4206,0
6023,5626,0,5654,3784
5696,0,4195,0,0
6216,5537,7576,0,6136
0,0,3596,3133,0
0,6272,6054,0,6836
0,4667,7471,5738,7097
4129,0,0,0,4680
6405,0,8104,0,0
7632,0,6746,0,0
4769,3309,0,4360,3531
6771,5618,0,0,5333
6063,0,0,0,0
0,2354,2891,2795,2657
0,7090,0,0,5332
5302,4416,6190,4826,0
0,0,0,0,6820
0,4436,0,0,0
0,5078,3210,6480,0
7579,0,0,0,8154
0,0,5074,0,0
3640,4750,3340,0,0
0,0,0,0,3128
0,0,5508,7293,4692
5571,0,5983,0,6361
5610,0,0,6762,4814
0,3187,0,0,0
0,0,6918,0,0
6393,5400,7240,0,5886
0,0,0,2983,4544
6290,0,0,0,0
3620,0,3747,3498,0
0,0,2562,0,5920
7402,7175,0,7340,0
0,6583,3194,5544,5215
0,0,0,7690,4913
7493,0,0,0,6914
6820,0,0,6602,8446
0,6243,0,7444,0
6393,0,0,7069,6705
0,0,4704,0,1487
0,7243,6705,0,7521
3535,0,0,0,0
0,0,5407,6358,0
0,2336,3440,0,0
6655,4865,1930,5060,0
4291,0,0,3210,5378
5574,2815,4461,0,4948
4650,6038,0,5047,0
3782,0,3010,2219,0
5013,4500,0,0,3277
0,0,5486,0,0
4007,0,0,0,2852
0,3885,0,2974,4426
0,5693,0,0,3642
4678,0,0,5511,0
0,0,0,3855,0
0,3282,2461,0,3081
7254,2730,4568,0,4814
1680,2663,0,0,1920
4676,0,5514,2572,0
8398,0,0,7266,0
0,0,0,6142,0
0,8365,8316,8975,0
3977,6972,0,0,0
0,0,0,3516,0
0,0,0,0,2545
0,4547,2123,0,0
0,0,6148,5863,5346
0,0,0,0,3132
1307,0,0,0,0
0,0,4671,2415,0
4650,5534,0,4665,0
0,2014,4268,2723,0
4848,7894,0,5803,0
7645,2382,0,4507,0
0,4517,0,0,0
2328,0,1499,1993,0
0,0,0,0,2468
5246,0,2622,0,4560
3467,2741,0,0,0
0,6603,0,5511,6432
3439,0,0,5397,3503
3665,4206,0,2911,6236
0,0,6719,0,0
0,0,3279,6927,0
5485,0,0,0,0
8254,0,0,0,7688
0,7786,3662,7191,5225
0,4275,0,5632,0
5357,3707,6012,5820,5110
6345,6590,5387,7031,3996
7440,0,5374,0,3127
4513,0,0,0,0
0,0,5999,5597,6605
0,0,0,0,5062
5052,0,0,5159,0
0,0,7413,0,6323
0,4439,0,0,0
5021,0,0,0,0
0,0,3335,0,2237
0,6178,0,0,7200
4227,0,0,0,3534
2553,0,5284,6080,0
0,7270,0,6246,5935
0,0,4072,3350,0
0,5408,0,4764,0
0,8381,0,0,7589
5944,4032,3268,0,4064
0,4311,0,0,0
3283,0,3497,3538,0
0,0,0,6589,0
0,4593,2927,4559,0
4312,6333,0,0,6472
0,0,0,0,3870
6930,0,0,7187,0
5676,0,0,0,5827
0,6086,4043,0,5203
5561,5332,0,0,0
8085,0,0,0,0
3184,0,3009,3492,0
6138,6871,0,0,8984
0,0,0,4171,0
0,6005,0,0,0
2992,0,3837,5820,0
2834,3294,3828,0,3557
3142,0,5242,0,4748
5556,0,6980,5482,5230
0,2448,2521,0,0
0,0,0,5088,3917
0,0,3339,6178,0
0,5891,0,4737,6039
0,6593,0,7326,0
0,0,2965,0,4719
2482,0,2516,0,2778
6261,0,6650,4648,5729
0,0,5356,7588,4506
4491,0,0,7253,0
6475,0,6236,5548,5916
5791,4604,4218,6553,0
5730,7073,5384,0,6056
5154,7400,8003,0,5968
0,0,7165,5718,0
7150,0,4133,5893,0
4537,4883,5067,4967,0
0,0,5542,4069,0
0,0,0,6067,6474
6423,0,0,5523,5943
0,7570,0,7580,0
0,4741,0,0,0
4204,7628,4980,6384,5564
0,7552,7394,0,6712
0,5608,6694,0,6316
0,5394,0,5052,0
0,0,7318,0,0
0,0,4721,5832,0
7460,0,0,6562,6229
0,0,0,3138,0
6453,5630,0,7685,7171
4966,4641,0,0,0
6688,0,0,0,0
0,0,0,5915,3324
0,3702,3471,0,0
2475,0,1712,2244,0
2794,3394,0,3551,0
0,4154,6513,0,6311
8259,0,8079,0,7902
5190,0,5066,0,4143
0,0,0,6849,0
0,3373,4126,0,0
0,4830,0,3859,2898
6988,0,4678,0,5145
0,3361,4347,3537,4405
3324,0,0,3827,4303
6722,4828,0,0,5902
0,0,2165,3568,1760
2833,0,0,0,0
0,3614,0,0,0
0,0,0,0,5848
0,0,0,3051,0
0,6105,0,6423,5241
3013,5123,0,0,0
0,7262,6592,0,5435
0,0,5416,0,0
7377,6864,0,0,4391
3967,0,3320,2828,3514
0,0,5409,0,0
0,0,0,5847,0
0,7011,5540,0,0
0,0,0,0,5674
0,0,2549,0,3093
0,0,5995,5760,0
0,0,3664,1469,3506
8092,4909,6821,0,5041
0,0,0,3436,5352
0,3655,0,4739,5938
0,0,7830,7692,8030
1861,0,2573,3769,2709
5119,7277,6048,6551,0
4431,5456,5981,4244,6886
0,3970,6991,0,0
5937,3449,3743,0,3286
0,3478,2282,0,1960
9175,5210,0,8081,5063
0,3718,0,0,0
3776,5144,2282,0,0
0,2320,0,0,0
5093,6540,0,0,6205
7273,0,0,0,4935
0,0,5484,7258,6113
0,4277,3281,0,4494
0,3028,3094,0,3388
0,5495,6150,6539,3613
7525,0,6415,7503,0
0,0,4437,3337,3375
0,7345,4730,6141,6453
4100,0,0,0,3205
0,5103,2027,0,3933
1685,3827,3212,0,0
0,3368,5888,0,6333
0,0,4526,4880,4329
0,6257,6319,0,0
2763,1728,0,0,0
5701,3985,0,0,0
7159,0,0,0,0
4922,0,0,2975,0
0,0,7275,5139,0
6229,6831,0,6539,0
0,0,0,2037,0
0,0,5211,5265,4903
0,5556,3937,0,0
0,0,6917,0,3691
0,0,0,5701,0
3046,0,2081,2977,3331
6314,3700,4317,5506,0
0,4686,5319,0,3651
0,6473,4367,7860,5088
7717,0,6648,7624,0
7090,0,5989,0,0
3757,0,0,1968,0
0,7556,6136,5982,0
5726,0,0,4356,5445
5116,0,0,5841,3772
3231,4617,2764,0,0
1340,0,0,1599,3410
0,0,2841,0,3751
6600,0,0,0,0
6106,0,0,5473,0
5946,0,6753,0,0
0,0,0,3095,7409
2737,2250,1703,0,0
0,4443,2105,0,2898
0,0,0,0,4427
4808,0,0,5839,0
0,0,0,5602,0
0,7969,4968,0,5321
5914,4378,0,0,0
0,5136,5758,2158,7165
0,0,4066,4763,2558
0,0,0,0,7782
3522,7660,0,0,8249
0,0,5531,7055,0
0,4188,0,5645,0
0,0,3681,2903,5228
0,6998,6100,0,0
6160,0,6191,0,2954
0,0,0,6541,0
3830,0,7536,3924,0
6701,7119,0,0,0
0,0,0,4520,0
7198,0,7093,5298,5371
0,0,8012,7621,6478
0,0,7260,6197,7757
4744,4332,0,0,5552
3599,5020,3595,0,0
0,0,0,8035,0
5823,4876,5407,0,0
0,6391,6004,7476,0
3474,5712,4865,0,4624
0,0,0,0,4919
3421,0,0,5377,0
0,0,4377,3437,0
0,7684,0,0,0
0,3062,0,0,0
5886,0,3727,5015,0
6092,4872,0,5931,7071
0,6332,5631,0,0
0,0,3840,6427,4940
3873,0,2623,4224,0
0,0,4890,4457,0
6224,0,7335,0,7812
4377,0,5358,0,0
0,3490,3438,3031,3203
0,0,0,5724,0
0,0,5054,4306,6373
0,6391,0,4349,0
0,0,4053,3824,5401
6934,5253,8445,0,4650
0,4615,0,0,0
6734,0,0,4447,6327
0,6837,6074,5155,0
0,0,0,2859,2923
0,0,7540,0,0
5383,0,5222,0,0
0,0,3716,0,3997
0,2428,0,2198,0
4731,0,1159,0,0
5112,0,0,5304,0
0,2941,4511,0,0
6488,0,0,0,4978
0,1316,0,0,4964
3020,2869,0,4395,4911
6256,5779,7065,6130,0
7144,4655,5514,5405,4127
6315,5559,4570,5238,6978
4618,5842,7370,3567,0
0,2754,0,0,0
0,6327,2514,6390,5805
0,0,0,2853,5835
4058,0,4198,4592,0
4141,0,2897,0,0
0,6203,0,0,0
6245,3845,6415,0,6269
6271,0,6686,0,5275
0,0,0,4237,0
0,0,0,4739,0
6194,0,0,0,8780
6193,6758,0,7950,5523
0,0,6219,0,4212
3556,4476,0,0,6328
4901,4062,6181,4890,5249
0,4960,0,0,4125
0,0,0,4257,0
0,4371,2793,0,2942
0,4278,7038,4440,0
5601,7924,0,0,5155
0,0,0,5944,0
3398,0,4682,2960,0
0,6256,0,0,0
0,6955,4132,0,0
0,0,4820,5199,3224
5506,6297,5225,0,6612
0,0,0,0,4617
2538,0,0,2752,3102
0,5991,0,0,0
4969,4030,0,2737,5789
0,4729,0,0,0
0,2365,4036,5057,0
0,3306,0,4157,4239
0,4177,0,0,3361
4196,7702,6637,0,0
5851,0,4265,0,0
3151,0,0,3684,0
0,0,5424,3959,6483
7942,0,0,0,0
4725,0,4956,6543,6356
0,0,0,3995,0
8512,5919,6740,6818,0
7773,7303,6474,7995,6512
2728,0,0,0,0
0,6142,3672,6657,0
0,5672,0,5434,0
6134,0,0,6599,0
5962,6429,0,7407,4634
6985,5710,0,6333,0
8709,5677,0,7463,0
2892,0,0,0,0
0,0,7410,0,7839
6684,0,4091,7334,3062
0,5247,4554,0,4376
0,6323,0,0,5372
5117,7603,0,0,5538
0,0,0,2548,0
5909,0,0,6752,5766
4366,0,5878,0,6771
6571,0,0,4715,0
0,0,2571,3203,0
5312,0,6285,0,6757
0,0,4794,0,0
5521,0,4236,0,0
3948,4586,0,3656,3902
0,3252,0,0,3593
0,0,5573,0,4300
0,0,5949,0,5148
0,6989,0,0,0
1841,0,2248,0,0
0,6703,6295,0,5305
4852,0,0,6409,0
0,0,0,0,4941
1074,3694,0,2570,3684
0,4519,0,0,0
4995,0,0,4622,4814
7487,0,7172,0,5868
5957,3896,0,0,4361
3611,5288,0,4247,4356
4955,4333,8597,0,6755
4133,3368,4085,0,4522
5889,0,6081,5781,0
7237,0,0,7787,0
0,0,0,6245,0
3767,4166,4563,3941,0
0,5889,0,0,7523
5992,7406,0,6978,0
0,0,4216,3118,0
6407,5258,0,0,0
5676,6773,5559,0,0
7200,5922,6551,5660,6113
4047,0,4974,0,6389
0,4007,2627,0,0
0,0,5957,0,0
0,5187,3773,0,0
0,7256,0,8101,0
7401,7402,0,0,0
5839,0,0,0,4799
5526,2608,0,0,0
0,0,0,0,5695
0,0,2899,4936,4115
0,4168,0,0,5264
0,0,0,7935,0
4739,0,4389,0,0
0,4804,4230,3313,0
1844,0,0,2084,0
0,0,4389,5450,4542
0,4257,5170,8504,3826
2437,0,0,0,0
0,0,4439,0,5797
0,3705,0,0,0
5975,0,0,0,0
0,4657,5152,3473,0
0,0,7563,4268,6522
0,3161,0,0,5484
8469,7634,0,0,8191
0,6112,0,0,0
5194,0,4531,0,0
7005,0,0,6573,0
0,5228,7128,4400,6951
0,0,4825,0,3984
0,0,4803,4556,3354
6590,6650,0,6914,0
0,3398,5994,0,0
6110,2768,0,6509,0
5029,3835,4847,0,0
0,7877,0,8020,0
7061,0,0,6343,7384
5177,0,0,0,0
0,5491,0,0,6705
0,0,0,6105,0
3928,0,0,0,0
5250,3954,5265,3472,0
0,0,5586,1634,6255
2110,0,1876,1986,0
0,0,0,0,5431
5788,0,0,0,0
0,4399,0,4158,5410
0,5774,5766,3837,6458
1830,4786,2328,0,3347
4589,0,7624,4521,0
3448,6157,0,0,0
0,0,3613,2585,3602
4076,0,0,3699,0
0,6834,6627,5915,0
0,5828,0,6438,6455
0,0,5696,5422,0
4959,0,2185,4378,0
0,6049,0,3052,7457
7364,0,6775,5132,7594
0,7910,2706,6104,0
0,3802,0,5528,0
0,4989,5788,4497,0
5839,6242,6396,0,4333
3487,3274,0,3797,0
0,0,0,3036,0
6264,5788,5150,4567,5118
3703,0,0,0,3264
5087,6756,0,0,0
2892,3006,0,0,1415
0,0,4379,2679,0
0,0,2965,2366,3336
6193,0,3807,4883,0
0,4700,3292,0,0
4726,3071,0,5021,0
5939,4908,0,0,5260
4979,4300,6636,0,5344
7406,0,0,5379,4093
0,5951,0,0,7119
0,0,5053,0,4812
6706,4695,6977,0,0
0,0,7450,3599,5531
1682,0,0,4978,7579
0,0,5495,0,6186
0,0,4936,0,0
0,0,0,3217,0
0,0,4334,4802,0
7654,8263,0,0,0
3587,0,0,6186,0
2276,0,3766,0,2623
3468,3540,4075,4141,3835
0,0,0,0,5759
3620,0,3123,0,4943
4645,5648,0,0,0
0,4392,4209,0,0
0,0,0,0,2601
0,5547,5303,0,4654
0,0,5490,0,5435
4359,6198,0,4636,0
5611,6798,7736,0,0
0,0,0,0,2376
0,2301,0,0,0
6261,6441,0,8118,6994
0,0,5469,0,6784
7527,0,7708,6893,0
7614,0,0,6189,0
1655,4826,3585,2732,7617
0,2654,0,3700,3168
5494,6134,6425,0,0
0,0,6315,7213,0
6362,5644,5733,4991,6326
0,3436,3710,6018,3563
0,2087,2303,2223,1520
0,0,3893,0,6222
5507,0,0,6219,0
0,3731,4156,0,2963
6804,3983,6016,4030,0
3881,3111,2916,2707,3728
5312,0,0,0,4884
0,5963,2645,0,3531
0,0,5033,3823,0
5029,3365,6305,0,0
0,0,0,5456,0
0,4564,2476,0,0
6182,6588,5950,0,5246
6915,7806,7934,7358,7210
4206,0,0,0,0
0,0,0,5002,0
7162,7642,6466,0,5320
0,7324,2072,0,0
0,9354,0,0,9261
0,0,0,0,5854
0,0,7996,0,8265
0,7380,0,7969,0
0,7412,6383,7175,7733
4111,2972,0,0,0
0,5624,6898,5725,0
0,7141,4864,6543,0
6082,4736,3815,4784,4076
5730,0,0,0,6889
0,0,0,8422,0
0,0,0,4526,3425
6426,3959,5785,5772,6186
6752,5443,0,7368,0
0,0,0,0,4806
0,5813,0,5160,5972
0,0,4817,4128,0
0,0,7541,6864,0
0,3337,5105,0,2789
2858,0,4754,1238,5109
3679,0,0,0,5170
0,0,7003,0,0
2236,3340,2865,0,0
0,2664,3067,0,3228
4444,0,3542,3398,0
4173,3770,0,4053,0
6211,0,5730,5772,3978
0,0,0,5556,0
7460,0,6383,0,0
0,3613,0,0,0
0,0,6298,6466,0
0,5805,0,0,0
0,5014,0,0,2517
0,0,0,3441,0
5801,6305,4939,6313,0
3892,2898,0,0,2646
0,4168,0,0,0
3332,4512,0,3430,5871
5177,0,0,0,5178
3262,3535,0,3609,0
3325,2747,0,4270,0
7349,0,5565,0,5060
0,0,0,0,2647
0,0,0,0,7568
6270,6717,6120,7153,0
6052,0,0,5426,0
0,4732,5471,5633,0
0,4481,0,0,6484
0,3800,0,0,0
0,3109,0,0,0
6312,4835,0,0,5196
0,0,0,3707,0
0,0,0,5570,2652
4554,2737,5606,0,3321
3042,0,0,0,0
0,0,7252,0,0
0,5728,0,0,0
0,0,7236,3605,0
0,4816,3399,3984,3225
0,0,0,5110,0
0,5006,7090,0,0
3689,0,4123,4382,3898
6067,7088,0,0,6530
0,0,5496,0,0
0,6406,0,0,3724
7130,0,8320,6826,7812
0,3536,0,0,2509
0,0,2731,0,0
0,0,0,6608,6455
3374,7495,0,0,5591
0,4139,4173,3620,0
0,4351,0,5235,5655
0,0,0,0,1814
2103,5377,5279,4229,0
0,1936,1958,2283,1283
3512,0,4907,7766,6991
4495,0,4429,0,2245
5162,2833,4439,5299,3235
3117,4551,0,0,0
0,4824,0,0,7090
5281,0,0,0,0
4704,6168,5315,5704,6046
7465,7815,7455,0,0
0,0,4724,0,0
2667,5026,8943,3270,4985
5422,0,0,0,6008
5920,0,4922,0,0
6473,2893,0,3362,4641
5801,0,0,6343,0
4238,0,0,0,0
5883,5394,6271,0,7084
4441,0,0,0,0
3083,0,4602,0,4912
0,4885,6900,0,8691
0,3983,5271,0,0
6330,0,6668,5381,0
0,5713,0,0,0
3704,4484,0,0,4688
4724,2928,5848,0,6414
0,5291,0,6378,5012
6554,0,0,3863,4838
0,4632,0,8518,0
0,0,6507,0,0
1928,0,1038,3546,0
0,4287,5987,4626,3172
0,0,3145,3565,0
0,0,8602,8303,0
0,5517,0,0,0
0,6764,0,6654,0
0,2083,0,0,3645
6486,0,0,3747,3521
4916,3974,0,0,4441
6392,0,5887,0,6966
0,0,2448,0,2619
0,0,4505,0,4021
0,2223,4051,0,3216
0,5679,0,0,0
6841,6084,5529,8018,5427
0,0,3362,4281,0
6769,0,0,0,7453
4960,0,0,0,0
0,0,5365,0,0
3072,0,0,5303,0
0,0,3533,4498,4547
0,3902,0,0,0
0,0,4520,6464,0
3525,0,0,5212,6626
3690,0,0,0,0
4052,0,0,4479,3712
1541,0,2884,0,3236
6647,4770,4291,5598,0
4279,2121,3866,4395,0
0,4429,0,0,3698
1823,0,0,0,3278
4758,5768,5699,0,0
3513,2170,3529,2364,0
3881,5530,0,6261,7689
0,4678,4417,7528,4287
0,0,6063,4800,0
1843,0,0,0,0
7466,0,0,0,4654
0,0,8330,0,0
0,0,6500,0,0
0,2602,5902,0,0
0,5266,0,6140,4430
4724,0,0,0,0
0,0,2102,0,0
0,0,0,0,3420
3103,3188,5764,0,0
0,0,0,0,2170
0,4406,0,0,0
0,7073,6732,8605,0
7566,0,0,0,5593
0,0,7969,0,0
3649,0,0,4132,4251
0,8360,7820,0,8654
7945,6332,7918,0,0
6290,0,0,0,6524
4519,0,0,0,7087
7319,0,0,6998,0
4449,0,0,0,0
0,3465,0,0,3059
7524,4465,3478,0,0
0,4373,0,5211,0
0,0,4595,0,4496
0,0,0,0,4629
0,0,5445,5493,4829
4845,3865,0,0,0
7027,7386,6116,0,0
8241,0,6870,8881,0
3451,0,4993,0,4216
0,0,0,0,6057
0,0,0,4799,0
0,2656,0,0,4785
0,3737,0,0,2246
0,0,4250,0,3795
3465,5529,0,4071,4412
0,0,0,6496,6459
6287,0,0,0,0
5326,5887,0,0,0
4027,2375,0,3416,0
8485,2601,5748,3456,5357
5400,0,0,0,0
5330,0,3866,0,4413
0,6217,0,0,0
0,0,4264,0,3965
3649,0,0,5388,7568
2768,2533,2615,0,3668
0,0,5195,4363,5099
6237,6575,0,7197,0
5372,0,0,5994,5361
6759,4629,0,6427,4988
0,3400,3153,2717,0
0,0,0,5924,0
5156,6441,0,0,0
5572,0,0,0,0
0,0,0,5385,5855
3550,0,0,4908,0
5171,7293,0,6885,0
0,7496,0,0,8504
6547,6729,7615,6736,6078
0,0,3506,0,3641
0,0,3366,2018,2258
0,6104,4730,6298,5802
0,3239,0,5136,0
5024,0,0,0,2799
0,3787,0,0,0
0,7824,0,8352,0
6394,0,6377,3919,0
0,0,4458,0,3429
0,0,0,0,3415
0,7565,0,0,6597
4907,5371,0,5804,0
4902,0,0,0,1642
0,5713,3839,0,0
0,0,5318,0,6853
6022,5585,0,5607,5248
5633,0,0,0,0
0,6313,0,3985,0
4140,5044,0,4370,0
0,3151,3564,3651,0
0,7017,0,7750,0
7392,8546,0,7920,8756
3274,0,5093,0,4208
0,6635,0,0,0
2594,0,0,3223,0
0,0,0,5270,0
4091,0,4583,0,0
3571,4457,0,4110,0
0,0,0,0,2831
0,4959,5686,0,0
0,6362,6674,0,6300
3701,3196,0,4316,0
4832,5701,0,4928,0
0,0,0,3687,4821
0,4608,0,0,4467
4362,6048,1231,0,0
3632,0,935,4590,4011
0,8658,5893,8449,0
6053,0,6631,4642,2452
0,4017,4985,2878,0
5684,0,0,4218,4831
5019,8724,0,0,6292
0,0,5083,5563,4020
0,3711,4207,0,0
0,0,8037,7438,0
0,0,0,2844,0
4736,0,0,4580,0
3643,0,0,5433,3965
0,4144,0,0,0
0,0,3692,0,0
0,4176,0,6073,0
5282,4431,6695,0,0
0,4856,5413,7593,4498
0,3303,6612,3486,5943
0,3482,3112,4554,0
6968,0,0,0,0
0,6307,6471,7711,0
4757,6986,0,0,0
6267,6266,6452,4795,0
0,7141,7887,0,0
2654,6326,0,0,0
0,0,6334,0,7784
5446,0,0,4488,4075
3903,0,5422,0,0
5973,0,4016,0,0
4438,5701,0,0,0
0,0,6257,5894,0
0,6117,0,6613,0
0,0,3250,0,0
0,5623,0,5891,6691
0,0,0,2876,0
0,0,4615,5486,4709
5082,5033,4075,5904,3990
0,6341,0,5122,6350
0,3173,3760,4832,0
4428,0,0,3147,4346
6617,0,0,4051,0
0,5298,5007,0,0
6243,0,0,0,0
0,5481,4120,0,0
0,4977,5575,0,0
3740,0,6034,0,6947
0,0,7649,0,7835
5729,0,0,0,0
3460,0,2881,0,0
0,5898,0,6889,0
0,6601,6459,3486,7093
0,0,0,3592,0
0,0,7647,6461,0
0,0,3904,5121,4039
4479,4769,0,3508,0
4110,0,0,0,0
0,5638,0,4945,0
0,7988,0,7409,7980
0,5098,2813,0,0
0,5076,0,5257,3061
6393,5480,0,4579,5372
5479,5869,6005,5223,0
0,7384,0,6540,5646
0,0,4011,0,0
7548,6287,0,0,7136
5314,5871,0,8456,0
4562,0,5368,0,4466
0,5658,6495,0,0
0,6156,0,4009,4261
0,0,6356,4571,4426
7901,8418,8288,0,7724
3689,0,4820,0,0
2296,0,0,0,3716
5749,0,0,5258,4338
4057,0,0,0,0
0,3275,3266,3134,0
6942,0,0,0,0
0,7007,0,0,6397
0,0,5294,0,0
0,6522,6577,0,0
1958,2351,0,3213,0
4720,0,0,0,0
0,6855,5344,4849,5078
6673,6837,6436,0,6617
0,2539,4712,0,0
0,0,0,0,5774
0,1901,2254,0,2366
2861,2668,2960,2944,0
0,0,0,0,2305
0,5486,3596,5437,0
0,0,4699,2688,4070
4537,0,0,4176,6696
0,1747,0,0,3680
7047,0,6952,6375,0
5305,4693,4492,4583,5073
0,3186,4302,3402,0
7853,9030,0,7948,8609
5824,0,0,4152,0
4130,2624,4657,2385,4551
8723,0,0,0,7688
7110,0,6859,0,5464
0,0,3488,0,0
0,0,6366,7178,0
0,6997,0,0,0
5010,4718,0,2754,4603
4156,0,4433,0,0
6645,0,0,0,3978
6256,6323,5506,6054,6332
0,6690,6745,7117,0
5980,2769,8514,0,5554
6933,0,0,0,6783
6099,0,7629,0,7376
0,4349,0,0,0
5041,0,4228,4786,0
2367,1431,0,2643,2846
0,4662,5883,0,0
0,0,4941,2943,0
4846,7773,5079,7444,6077
0,7523,0,6676,5928
0,0,0,0,2637
0,0,6479,0,6857
0,0,0,4350,5947
5296,3899,4824,3675,4136
0,0,0,5098,0
4014,6723,4134,4298,0
0,3950,2880,4392,0
4825,0,4279,6350,0
0,6551,5630,7412,0
6906,0,4427,5392,0
0,0,7186,0,6651
6484,5646,0,7589,5958
0,2485,0,0,0
3181,5781,0,0,0
5122,5164,0,5594,0
0,0,0,0,6359
6969,0,8020,5960,0
6197,0,0,0,6101
0,5408,3995,4284,5595
4789,2495,0,0,3612
6218,0,3756,8094,5336
6832,0,0,5420,0
5294,3631,4860,3136,4912
0,0,0,0,3659
0,5364,0,3026,5790
5649,3654,4397,4138,0
5312,5658,4482,5499,0
5556,4834,7540,5478,0
6194,7497,6643,0,5583
0,0,0,5430,0
6935,0,0,0,3499
1806,2816,0,2747,2631
0,0,3266,0,4038
3744,5115,0,3503,0
0,0,6753,4149,0
0,6165,5103,0,0
0,0,0,4223,5368
0,0,4682,0,0
0,5269,6104,0,5513
4841,5771,0,2054,0
0,0,3044,3472,3088
6015,3184,5271,0,0
8614,0,0,0,6893
2873,3811,0,2962,0
0,0,5847,0,0
5342,3544,3410,0,4699
5620,5686,0,0,5199
2520,0,0,1777,0
5169,4718,0,2793,0
3537,0,0,3830,4311
4859,3881,5856,3540,0
6743,6299,0,7502,4902
0,0,4239,5671,4298
4619,6144,3832,0,5584
0,4960,0,0,0
3484,4643,4073,4232,3561
0,4464,2528,2907,0
0,0,0,6888,0
0,3716,0,4754,4943
0,5713,6005,7200,0
0,3500,5154,3044,5736
3251,0,2239,0,4440
0,0,1323,0,1942
0,0,3493,0,5551
0,4541,4955,2606,0
0,3959,0,2650,4947
0,0,7279,0,7085
0,4892,0,0,0
6121,6647,0,0,0
6702,0,0,7025,6597
0,0,4466,0,0
0,2618,3163,0,4015
4169,0,0,0,0
0,8225,8659,0,0
6441,6400,0,6058,0
0,0,6281,0,6709
0,5403,5130,5716,0
6062,5371,2510,6063,0
7516,888,0,0,2784
0,0,0,0,5048
1251,3248,0,0,0
0,7530,0,7333,0
3477,5686,0,0,2211
0,0,3644,0,5024
0,0,5888,0,6335
6924,0,0,0,5033
0,8662,8099,0,0
0,4453,3693,0,0
5650,6788,5949,0,6952
3395,0,0,5223,5222
7107,0,0,4934,3195
5481,0,5478,6732,0
0,6009,5942,0,7326
3492,0,4347,5027,0
0,5850,6007,0,0
2283,0,2153,4933,2502
7812,6472,5521,6509,0
0,0,0,7955,7355
2961,0,0,0,0
0,4329,5157,3718,0
0,4292,0,0,5158
0,5865,0,0,0
0,0,0,5060,0
3978,4866,0,0,3860
7210,0,5438,0,0
5067,0,0,4626,0
0,3181,0,7310,0
0,7784,5938,0,6673
3600,0,0,0,0
4355,0,0,0,0
0,0,4609,6638,6328
0,0,8071,6129,7460
0,0,0,3556,2144
0,0,5124,0,0
0,0,5560,3533,0
5129,0,6302,0,0
7636,0,6788,5930,6858
0,0,0,5930,0
4538,4037,3689,0,2557
0,0,5087,5193,0
5061,5441,0,4557,0
0,7959,0,0,0
0,4556,0,4919,0
0,0,6091,0,0
0,3276,2510,3213,4161
5557,5601,5769,0,6273
0,0,4877,0,0
5032,0,0,0,5055
0,0,4901,3733,4082
4598,0,0,0,0
0,0,5203,0,3045
7888,0,7660,0,0
4878,7294,4983,6530,0
0,5150,7287,0,0
0,8435,0,0,6940
4350,3433,3715,3023,4450
0,5701,7165,5969,0
6060,0,0,6341,0
7035,0,7229,0,0
0,0,0,6459,0
2926,6031,6909,0,6797
3283,0,0,3025,4514
4157,0,0,4328,2871
3930,0,0,4198,4811
7447,7284,7455,7339,0
6837,0,6578,0,4488
0,7345,0,5664,0
2709,4871,0,0,0
5136,0,4880,0,5233
0,7338,3544,7275,2008
7028,4847,0,0,0
1895,1998,0,1819,0
5873,5467,0,6252,6521
0,0,3949,0,0
0,2691,0,0,5199
5399,0,0,0,7490
0,4442,3390,0,0
0,0,5697,0,0
3180,0,0,2911,0
2169,0,2453,0,2969
8046,6649,6218,6073,0
4337,0,3485,0,4344
2056,0,2425,3190,5151
0,6331,0,0,5851
0,2714,0,3452,0
6744,0,0,0,0
4641,5663,6089,0,0
2027,3923,6543,2372,7794
6870,5164,7070,0,0
0,0,2964,6794,5218
2111,1465,2632,2188,0
3892,6200,0,6550,5416
0,0,4692,4139,0
3568,6378,2624,5075,0
1495,0,3099,0,2653
7776,6750,6299,0,0
0,4195,0,4624,0
2536,0,0,0,0
5759,0,0,0,5683
4631,0,6045,3462,0
0,3950,3707,0,0
0,0,4627,5415,0
0,0,4759,4066,4860
6823,0,0,5731,4155
0,6266,0,6183,5426
0,7415,0,0,0
1670,0,5482,0,0
5362,0,0,0,0
2782,2460,2740,0,2796
6140,5814,4409,0,0
3849,5526,0,0,5083
0,3964,3154,0,0
5817,7430,6342,6592,5808
0,0,3651,3909,2772
0,6327,0,0,0
4880,0,0,0,2673
5042,0,0,3882,4895
5135,5345,4193,0,4285
0,3356,0,0,0
5747,0,6853,7253,0
6359,0,6274,6812,0
4659,7020,0,6812,0
0,0,0,4453,5315
0,0,6839,4787,6988
0,6019,4791,4767,0
0,4913,0,0,0
2189,0,4557,0,3315
6502,4973,6426,0,0
2742,1774,0,2782,0
6161,3644,0,0,3444
0,5739,4915,6657,0
6320,0,4815,0,0
0,3843,0,0,0
0,0,0,0,4076
4024,8089,0,6344,4250
3358,5115,3554,4499,6161
0,0,4364,6586,4582
0,0,2344,0,0
0,4451,4298,0,5991
0,0,0,4429,6683
0,0,3860,0,3589
0,3952,3664,0,0
4230,0,2775,3886,0
0,0,0,6178,0
0,5289,0,0,7478
6741,0,6479,0,4372
0,0,0,0,3435
0,0,5156,0,0
0,0,0,0,8136
7023,6490,5702,0,0
0,3559,4833,4630,0
1188,0,1285,1733,1960
4783,5752,4893,5921,0
0,0,2945,0,3180
0,3928,0,6687,0
6818,4751,6046,4055,9407
0,8608,0,6854,0
5355,5036,3918,0,0
0,6922,5835,4917,0
3031,2830,0,0,3880
0,0,0,3536,2075
4430,6457,0,5016,6341
8178,0,0,7305,7775
8180,0,7099,6969,6418
0,0,3234,3944,3574
6959,6421,6672,5772,0
0,0,0,0,5101
0,0,0,6180,0
7675,0,0,7144,0
5772,0,0,7440,0
6644,0,0,5884,6500
3342,0,0,0,0
6205,0,5715,3752,0
7922,5121,0,3995,0
0,0,3337,0,0
3902,0,4797,0,0
3886,0,0,0,4050
0,0,0,5410,5717
6141,0,0,0,0
7362,6666,0,0,6449
0,0,0,0,5234
0,0,6834,0,5211
5389,7590,6151,0,0
0,0,5956,0,0
0,0,4973,0,0
0,7534,6974,6147,0
2423,0,1383,0,0
6630,4710,6369,0,0
7698,8100,0,8354,0
0,0,6868,0,5886
6232,6954,0,0,6032
3141,0,0,0,0
0,0,5656,0,0
0,0,4179,4321,5944
0,3484,0,0,0
0,4800,0,0,0
0,6694,4758,0,6039
0,6343,0,5067,0
3060,3992,0,0,0
0,3831,4165,3582,0
0,0,2772,6640,4641
2951,4453,0,4778,3291
0,4190,0,0,5978
5579,0,5421,3929,0
0,6286,0,0,5655
0,0,4842,0,0
6675,5563,4427,0,3849
5962,4972,4927,6783,0
0,6577,0,7109,0
6482,7232,4419,0,0
0,0,4516,3837,0
0,0,0,3835,2574
0,3817,0,3207,3242
3140,0,4171,2287,3257
3289,8733,1591,0,4331
6818,3204,5190,0,6292
2365,0,3233,0,0
0,2552,3880,3402,0
0,2460,0,0,0
5586,0,0,3793,0
1879,2921,0,2236,0
3611,5255,7381,0,0
0,5086,5214,7096,0
0,4275,6914,0,0
0,0,0,8464,7114
5582,4046,0,5667,5744
0,6488,7541,6071,6208
0,7589,7982,0,8639
2777,2426,0,3613,2529
0,3443,4120,0,0
7292,5629,0,2861,5618
5397,0,0,0,0
3285,0,6345,3149,8744
5045,0,0,0,6371
6167,0,5441,6089,4198
5742,6595,0,0,0
0,3543,4125,5950,0
0,2894,3658,0,0
2003,0,4797,3089,0
5700,0,5736,5044,5324
4195,0,0,0,0
4072,3062,5971,0,0
2559,0,0,0,0
4667,0,6826,0,0
2995,4011,0,4476,0
0,0,5342,6302,4742
5382,0,5399,0,0
5221,2213,4616,0,0
4609,0,0,2571,0
0,2266,0,0,0
6143,6637,0,0,0
5629,0,0,0,0
0,0,0,4422,6270
6016,8993,6186,0,0
0,0,3924,3781,5098
4937,0,0,3942,0
3162,2920,4463,2811,4518
6213,6414,7674,0,0
0,4782,0,0,4253
0,0,0,0,1741
0,0,0,0,4146
0,8342,0,7688,7591
2321,4366,0,4167,3259
6464,0,0,5871,0
3929,3641,0,0,6331
6184,5083,0,0,0
6603,6328,0,7288,6346
3256,0,4806,0,3777
0,0,4498,0,7331
5466,4686,5152,5359,6788
0,5766,3215,0,0
5389,6566,0,0,5185
0,0,0,0,1963
3156,0,2621,0,4470
6798,7648,0,7411,0
5857,0,0,4916,0
0,3710,4512,3205,0
6005,5635,0,0,5821
5983,0,5677,0,0
3973,0,0,3714,6586
3953,0,5106,6033,0
0,0,8323,0,0
3392,6969,5956,4734,0
0,0,2973,2838,0
4172,3360,3570,0,5075
6377,0,5474,8165,0
0,5904,3477,5909,0
0,6501,0,5276,4302
7654,5643,4993,5777,4599
2092,1918,0,0,0
0,0,5522,2600,5040
3351,3299,0,0,0
0,3314,0,4581,5436
0,6205,7590,6884,7421
5400,6003,3585,0,0
0,0,5378,5939,5555
3932,3867,0,3587,0
4523,0,0,0,6388
2265,4903,0,3619,0
4699,0,0,0,0
2679,2784,0,0,0
7018,5927,7267,0,0
0,0,0,0,4119
6939,0,7211,0,0
0,0,6001,6385,4128
0,4297,3799,3519,0
0,3070,4682,3615,3994
4350,3453,0,0,0
5731,0,4612,7301,6258
0,4621,5620,0,4136
4388,0,0,7997,5280
0,0,0,0,4498
6911,6497,0,4792,0
4298,5657,0,5710,0
1916,1534,2465,1889,0
0,8249,6889,0,0
0,0,5564,0,3182
5376,6334,6235,0,0
3279,0,3958,1989,1471
6337,0,5678,5158,0
0,0,1954,0,2631
0,0,4495,0,4134
0,0,7800,0,0
5263,0,5757,0,5262
0,0,0,0,3177
0,0,0,5751,0
5607,0,6777,6435,0
6375,0,0,0,0
0,0,0,4025,5725
3240,0,5017,0,4926
0,0,5067,5139,0
0,3595,3897,3250,0
8036,8039,0,0,7680
0,4312,2968,0,0
0,4798,5249,3806,5301
6112,6256,6045,0,6074
0,2711,4731,0,0
4244,4007,4449,0,0
0,5657,7669,0,6694
0,5544,0,0,0
0,4397,5960,0,5869
0,4724,4959,0,0
6502,0,5757,0,7661
0,0,6897,0,0
0,0,0,3422,4004
0,0,6949,5516,3980
2997,0,6143,2722,0
0,3434,0,2046,0
0,0,0,3602,0
0,3511,0,0,0
6764,5279,0,6876,7285
6008,0,4027,5550,3638
0,4472,4205,4594,0
4576,0,4588,4979,5267
4424,0,5647,0,0
6452,7069,5913,6047,0
4047,3121,0,3430,4417
4784,0,0,0,4429
0,3630,5411,4524,0
3372,0,5078,3839,3245
1676,1906,0,2087,1720
7534,7963,0,0,7664
4547,0,0,0,0
0,0,0,0,4527
5830,0,0,5277,0
4647,0,0,5810,0
0,7824,4978,0,3671
0,6286,0,0,0
5349,0,5391,0,0
1960,2758,0,0,0
3455,0,0,4662,0
6542,0,0,0,0
3607,2181,2237,0,2166
6743,6164,0,0,0
0,6511,5868,5502,4282
6324,6633,0,6687,0
0,4812,0,0,0
5545,0,0,0,0
0,3025,6406,0,3602
0,0,6435,0,0
3343,5522,0,5707,5839
0,0,5482,5091,7475
6270,0,0,0,3421
7430,0,0,6753,0
3067,5942,0,0,0
0,0,3484,0,0
6455,0,0,4170,3207
4055,3094,0,3877,5496
0,0,3191,0,0
0,6684,6637,0,6540
0,0,6206,5159,0
4590,0,3286,0,1284
0,0,6877,0,0
6394,7524,6720,7066,0
3894,3919,4129,0,0
0,0,0,6939,0
0,3508,0,0,0
0,5731,2288,5840,0
7217,4275,6178,4937,0
0,0,3288,3680,5032
0,4569,0,0,0
2588,0,0,0,0
0,0,0,4232,0
0,0,0,3270,4187
7436,0,8242,6673,0
0,5727,0,4498,6690
6898,0,0,0,0
0,2485,4350,5327,3778
4579,6741,0,6049,0
7283,0,0,0,0
0,0,5230,0,0
4589,0,3555,4005,4019
0,0,0,0,2578
0,0,7643,5785,0
4515,0,0,4200,5266
2666,0,4127,4916,0
0,0,0,4530,0
3691,0,0,0,0
5311,6930,0,0,7545
0,0,0,0,3244
2571,5757,0,0,0
0,5585,0,0,0
4095,0,0,4629,3005
0,0,0,0,4156
0,0,5714,0,5361
7806,6915,0,7197,5726
0,6584,5136,0,0
0,3404,4970,0,3681
0,5623,7102,0,0
0,0,0,0,5325
0,4374,4742,3434,0
0,1898,0,0,629
4707,0,0,3408,0
5463,7893,0,7767,6412
5438,0,3200,4957,3717
2476,3517,0,2059,0
7232,8323,0,7277,0
3047,4128,0,4886,0
0,3316,0,5142,5475
0,5294,3485,6476,3631
0,0,0,2888,3256
0,0,6729,3616,0
0,5876,6737,6780,6256
4729,3468,0,3981,3535
2397,7506,6065,3674,0
0,941,0,3818,1744
3592,0,4356,7235,4779
0,0,6062,0,0
0,6725,0,7661,0
3558,0,0,4467,5839
2315,1709,0,2421,0
1134,3100,0,2059,0
0,0,2745,3740,0
7700,0,0,6885,6893
3647,2949,3191,3693,2549
0,0,0,0,6526
0,5255,0,6283,5874
0,0,2457,3641,0
3613,0,1666,3580,0
0,4528,0,4611,6628
0,1269,7251,2885,2996
0,4762,0,0,0
0,5917,3801,0,6229
2426,3480,4182,3579,3335
8193,6316,0,0,0
5686,0,6268,0,0
0,4076,0,4471,0
5989,4855,6912,4886,4406
0,0,3607,3401,0
5499,0,0,0,0
4482,0,0,4642,7476
0,0,3688,5457,0
0,3349,0,2607,2846
7242,0,0,0,6170
0,7640,0,0,0
7084,0,5121,0,4075
0,0,5260,0,6599
0,0,5053,0,0
2726,2695,0,0,3687
5032,0,2356,0,2257
0,5498,2230,0,0
6694,6623,7502,6029,0
4251,3738,3854,0,2596
3996,3334,0,0,2459
0,4296,0,0,0
5455,0,0,5435,0
0,3467,0,0,5327
6160,0,0,0,0
0,0,0,6741,0
5445,0,0,0,5789
0,0,6266,5087,0
0,0,0,6524,0
0,2908,0,0,3527
0,4157,0,0,0
3463,2707,0,4450,0
3750,4137,0,0,6581
0,0,0,5205,0
0,5362,0,0,5982
0,0,3195,0,0
7914,4590,0,0,0
0,2212,0,2043,3346
0,0,6265,0,0
6060,0,6521,0,4999
3945,5026,2475,0,0
0,0,0,3925,0
7370,0,5993,7506,0
0,0,5738,0,6841
0,4721,0,0,0
0,5428,0,2607,4138
8022,5680,0,5888,0
3089,0,0,0,5266
0,6586,5326,0,6348
0,0,6520,3232,4672
4653,6590,5583,0,4316
5621,4801,3447,0,3195
0,2994,6726,0,0
5201,4797,3996,3962,4684
2477,2981,0,0,4007
0,0,3846,0,0
0,0,3561,0,0
0,4942,0,2769,0
0,3634,4347,2765,3788
4359,0,0,0,0
0,0,4971,5358,0
8336,0,0,0,0
0,0,0,8504,4583
5159,4957,0,3414,3181
4852,6264,5367,5116,0
6572,4384,7334,0,0
7321,0,8439,0,8500
0,0,0,0,4983
6168,0,5215,0,0
0,4637,6975,6003,6915
6605,0,5441,0,0
2395,0,5026,0,6862
4117,0,5258,0,4314
0,0,4309,0,0
3209,3851,0,4352,2702
0,0,0,0,7260
0,0,0,5724,2312
0,7398,7136,7839,6305
3126,0,3730,0,5167
0,6539,0,0,0
4379,0,0,3586,0
0,0,0,0,5528
3579,2879,3512,2977,0
0,5786,6517,0,4815
0,2621,4550,0,0
6101,0,0,3418,0
3309,4521,4168,0,4657
0,0,6367,0,7820
0,0,0,0,2367
0,0,0,7218,0
0,0,0,5004,2491
0,0,0,4206,0
6820,0,7021,3578,5922
7609,0,5662,8449,0
0,0,1930,0,4123
0,0,2981,2248,3419
7979,6631,0,8365,6583
0,0,2831,0,3747
6664,0,0,0,0
4626,0,0,0,0
0,0,0,0,7153
0,2152,2190,0,0
5053,0,4272,0,0
7597,0,7534,0,7364
4770,0,5752,6545,0
0,0,5841,4473,0
6900,3185,0,5859,0
3502,0,3861,0,0
6014,6512,0,0,4993
4523,4543,2446,5361,0
2673,4622,6227,3912,6201
5978,7068,5317,6377,6464
6236,6806,0,5552,0
2444,0,4043,4066,0
0,1498,4335,0,0
1989,2525,0,0,0
0,3984,0,0,3410
6968,0,6779,5899,5802
0,3766,2269,0,2881
0,0,0,0,5883
7212,0,5864,8396,5511
0,4546,4360,0,0
0,0,0,2979,0
4770,5357,4989,0,4406
6136,0,0,5056,7544
0,0,5248,5196,0
0,0,0,3847,0
1367,703,1017,1036,0
5347,6460,5687,5086,0
5361,0,0,0,0
0,0,0,4332,6947
5892,3666,6207,0,0
6540,6024,0,6753,6234
6788,6614,0,6763,0
0,3433,0,3234,0
3887,3545,3246,3584,0
2502,1166,0,2434,2163
3732,0,4301,0,5055
5506,4560,0,0,0
6244,4659,7337,0,5146
5168,6357,6490,6316,0
0,4617,0,0,5255
0,3004,0,3974,4440
2901,3622,0,0,4243
0,2625,4838,2013,3221
8682,5851,0,0,6850
0,0,3742,3138,0
0,6276,0,6284,5393
0,5131,6404,4236,0
4666,0,0,0,4991
0,0,3032,5626,3126
6979,0,0,0,0
5052,0,0,3187,6205
4815,4012,0,0,3440
0,0,0,7285,4466
0,4503,5782,0,0
0,0,3430,6788,4224
0,0,6891,0,0
0,7338,5997,6985,6888
6821,6190,6306,0,0
0,4444,0,0,5177
3256,5052,2787,4821,4150
3913,0,6206,3070,0
6496,6236,6427,6004,5103
0,0,0,3471,2491
0,0,0,4207,5101
0,6950,6038,3659,0
8273,6798,0,7779,8363
4759,0,0,0,4945
5515,4516,5633,0,0
0,4245,3971,0,0
0,5433,7120,5324,6530
4476,5057,5702,0,4346
0,0,2914,0,5491
0,3547,5802,4662,0
0,0,0,3271,6416
0,1842,0,0,0
0,3985,4414,0,3659
3189,0,5085,0,0
0,0,0,6118,3976
0,5048,4608,0,6696
0,5927,5821,0,0
0,0,0,0,3420
4400,0,0,0,5317
0,5883,5220,6042,5926
6968,6774,0,0,0
2535,0,2525,0,0
0,5789,5968,2855,0
5979,8292,0,7060,0
4295,0,0,0,4063
6148,0,0,0,0
2289,0,0,2938,0
5477,5041,4743,5624,0
0,0,0,6899,6076
2407,0,0,0,2816
6537,4581,0,3958,4560
5240,5950,0,5975,5380
2881,2180,0,0,0
0,7173,0,0,0
3130,0,4974,4569,0
0,0,3651,4732,0
0,7243,3443,0,0
3558,3025,0,0,0
6058,0,0,6427,0
5776,6342,7402,7110,0
8222,0,8244,0,7753
0,4860,4235,0,0
0,3416,0,3326,2255
0,0,6619,6248,4373
7614,0,0,7882,6235
3829,4660,4263,3141,0
0,0,4198,5980,4658
4959,4656,5079,5352,2903
6585,0,0,0,7292
0,5827,5355,6754,4406
0,0,0,1938,0
0,0,0,7597,0
7608,6311,7073,6778,0
0,4715,0,5739,0
5272,0,0,0,4305
3892,2681,4169,0,0
4548,5784,5962,0,6734
3171,0,0,3175,0
3558,0,2974,0,0
0,2882,2285,3071,0
6742,0,4331,0,4336
0,2311,0,3006,6087
3472,0,0,0,0
7423,5452,0,5209,0
3436,4940,0,4872,4812
0,0,3450,4818,4262
0,0,3891,0,0
8085,7403,0,7616,0
3520,3699,2906,1888,3696
3190,3262,0,0,0
0,6912,5792,0,5633
7295,0,7219,7771,6843
0,5929,0,5278,0
0,0,0,3857,0
0,0,0,2333,3116
0,2804,6723,4056,0
3936,0,4492,0,0
0,0,0,5227,3824
2529,0,2923,0,2300
0,0,3585,0,0
0,5194,4437,0,5044
0,0,6075,0,5680
0,6126,0,0,0
5959,5899,0,5253,0
4010,0,0,0,0
5078,0,6865,0,0
3758,4664,0,0,0
0,2556,4030,0,0
0,0,4827,6420,2873
0,0,7305,0,6643
0,0,6291,6911,6454
3200,7013,0,6385,0
3255,4922,0,0,0
0,4462,0,5725,0
0,5987,6517,0,5801
7692,7663,0,0,8164
3839,3227,6009,0,0
3582,3402,3112,0,0
0,0,0,3055,0
0,2991,0,0,3525
0,5232,0,4142,0
5481,3662,0,0,5462
0,5316,3851,0,0
5668,7335,5816,4823,0
0,4099,0,0,5059
0,0,3472,4817,0
2190,0,0,0,5032
0,0,5999,5117,5267
4629,0,3868,5992,3452
2853,0,2407,0,0
3096,0,4716,3486,0
0,5539,6083,5987,0
0,0,5698,0,0
2963,0,3964,0,0
5302,5671,2604,0,0
3759,7435,6255,0,6831
6113,0,5785,5611,0
0,0,0,3455,0
0,0,5433,4871,6020
6427,6910,5931,0,4676
6815,7397,0,6837,6723
0,6923,5661,6907,0
0,0,0,3481,0
0,7484,2937,0,5275
0,0,6009,4090,0
4849,4520,0,5693,0
7754,0,6996,0,5660
0,0,0,6638,0
0,0,3687,3748,2984
0,0,5512,4152,0
0,5347,7159,0,6188
0,0,0,0,7718
5748,5388,7376,5865,0
0,0,5276,5620,0
0,0,4155,0,3841
0,0,0,0,4925
0,0,0,4498,0
4115,0,3798,3325,4906
5175,0,6140,6944,0
7709,4305,0,0,3603
4731,0,4109,0,0
5973,0,0,0,0
0,0,0,0,5250
6993,0,8521,7446,0
0,0,6905,5087,4825
6094,0,0,5064,5115
0,0,2860,0,4771
4134,5571,4642,0,5553
4012,5747,4736,4371,0
5208,7353,5852,0,0
4330,4785,5732,0,0
0,0,7255,6727,0
1438,2932,2900,1376,0
4318,0,4013,3147,4611
2285,0,0,0,0
0,4141,4296,0,0
5791,0,0,0,0
0,5689,3847,0,0
0,0,0,4514,3025
0,2617,5209,0,0
0,0,3969,6801,4040
0,4516,0,0,0
6232,7510,0,6981,0
5309,0,7427,4904,0
0,0,0,0,5436
0,0,6971,7613,6233
0,0,3739,3476,5674
0,0,4671,0,0
0,0,0,4844,2125
5960,6985,0,0,0
0,3090,0,3033,4163
0,6428,0,0,0
4117,1946,6168,3994,0
0,0,0,5513,0
0,0,2902,0,0
6522,0,0,0,0
5503,4772,6706,0,0
0,6320,0,0,0
0,0,5712,5257,5975
0,5203,0,0,0
0,0,0,0,1784
0,0,0,2977,0
0,0,0,6206,0
4613,5700,0,0,5860
4801,4450,0,0,4623
7764,0,0,0,0
0,5649,0,0,3440
2839,0,3311,4198,0
3057,0,3743,4135,0
0,0,6600,0,0
0,5222,6340,0,0
0,0,7168,0,7097
0,0,3689,4754,5616
6831,0,0,0,0
4314,4320,0,0,5831
0,4973,0,0,4043
4873,5463,6503,0,0
0,0,0,7290,0
5727,4102,5473,4430,0
7188,5795,0,0,3974
7474,7551,7465,6390,6852
4162,3463,0,3994,0
0,4510,0,0,4469
7589,8469,8132,7721,0
6897,0,5580,5536,5442
3524,3075,0,4969,1384
0,6145,5928,0,0
4560,0,0,3943,0
0,7811,0,0,6796
5219,4474,3425,0,0
0,0,3988,0,0
0,6634,6496,0,5908
0,0,0,4237,0
3899,0,3710,0,0
3321,0,3849,0,0
6569,5717,0,5044,0
0,3398,4708,0,0
0,0,3254,0,4299
2299,2879,3379,0,0
4902,4727,0,0,0
6728,0,8460,4672,6534
6215,0,0,0,3513
5969,0,5968,5664,0
0,3166,0,3683,0
0,3646,4661,0,0
6280,6280,0,6709,0
0,0,4555,7483,0
0,0,1538,2192,0
0,5072,5011,5812,0
0,6853,5488,2915,6797
4629,5243,0,0,5449
0,3192,0,0,3159
0,0,0,3693,4230
0,2891,0,2270,5801
3983,0,0,0,5364
6206,7181,0,5576,0
0,0,0,2286,0
3783,6549,4384,0,4287
0,5228,1976,0,3209
5016,3909,0,0,0
4039,5790,0,4536,5209
7095,5586,4484,5818,0
0,2785,0,4529,0
0,3301,4641,5673,6943
0,0,5122,7647,5814
8609,0,0,0,8224
4535,0,0,0,0
3776,0,0,3236,0
6229,5208,0,0,0
5083,0,4625,3543,3818
6313,5532,0,6980,6946
0,3662,0,3006,0
5946,0,0,0,0
0,3868,3709,0,0
3764,4870,0,5070,0
6928,0,0,4816,5555
0,3589,0,0,3002
7055,4423,6585,0,3485
4557,0,0,0,0
0,0,3678,0,5430
0,7089,0,6951,6988
0,3852,3828,5305,1928
0,0,6110,5286,6356
0,1572,1766,0,1147
1176,2581,0,1915,0
3931,0,0,0,6509
5140,0,4927,0,0
4829,0,4640,3632,6364
0,0,5172,4510,0
5805,5947,0,0,0
0,0,3595,0,1976
0,5630,0,6483,5008
0,5556,0,0,0
3283,0,0,0,5177
0,0,3640,0,0
0,7262,0,6877,5875
0,6154,6803,7193,5227
2726,5267,5034,0,0
0,5304,0,0,0
1987,0,0,0,0
0,6542,0,0,6863
2884,5562,0,0,0
5101,0,6345,1925,0
6228,6576,0,0,0
3490,0,0,0,1350
0,5019,3330,0,4932
6256,1815,5482,0,0
4819,0,6089,3845,4717
0,2609,0,3118,0
0,5976,4961,5001,4450
0,6056,0,0,4119
0,4936,0,0,0
6510,0,0,5027,5939
5765,5245,4410,8098,0
0,0,0,3548,0
5737,5758,0,5216,0
2343,5604,0,0,6219
6778,0,6285,5847,4996
0,0,0,0,2865
0,0,0,6385,5334
0,0,3715,3343,2939
3263,4091,0,4144,3136
3793,0,3057,0,4692
3555,0,0,2923,0
6359,0,6093,0,0
0,3996,3328,0,0
0,0,0,5538,0
3844,0,0,0,0
0,0,0,6069,6087
0,4832,3883,1870,5613
0,0,0,0,4121
0,0,4842,0,7207
4161,6675,2894,5849,0
4437,4286,3953,0,0
0,3943,0,3337,3855
0,8805,5449,5854,0
7134,0,5547,0,5211
0,3694,7099,0,4122
6984,0,6651,5451,0
0,0,6118,6699,4881
3896,0,6461,6651,0
0,0,0,6408,0
0,0,0,6766,0
5832,0,5874,4260,4136
0,4965,0,0,1782
0,2218,3540,3247,0
4966,0,5183,3411,5984
0,5389,5455,0,3775
0,4946,5443,4303,0
0,6443,0,3944,0
6832,0,0,6104,3199
0,0,2332,0,0
0,5845,4303,0,0
5386,0,2383,4658,3317
5859,3520,0,5646,0
2743,4346,0,0,0
0,2657,6115,1994,3805
0,5715,0,5924,6242
0,0,2919,0,0
6424,0,7232,0,0
0,0,0,6113,3378
5756,5939,6750,0,7630
0,6651,7146,6688,0
4392,4739,0,4636,3502
4351,4640,4925,0,2897
3369,0,0,0,2638
8186,0,0,7648,7502
5972,5954,6628,0,0
4250,5129,0,0,0
6004,0,0,7615,0
0,0,0,4268,5201
2310,3096,0,2910,2402
0,1935,1578,2774,0
0,3805,0,0,0
7228,0,0,7956,8561
0,0,5776,0,0
0,3149,0,3727,3727
0,0,4328,4565,5186
0,0,0,8516,0
3725,0,4617,0,0
2724,0,0,0,0
5829,0,4783,0,4467
0,0,2791,0,0
6042,0,5588,0,0
4769,0,0,0,0
0,0,0,6812,0
0,4338,4675,0,5388
5465,5126,0,8225,2818
0,7185,7472,7899,0
0,4851,0,6670,3747
0,0,0,6322,0
0,0,0,2915,0
3789,0,0,5509,0
0,7950,0,0,0
0,0,6981,7031,6485
4724,0,0,0,4017
6916,0,0,0,0
0,0,0,0,4636
6597,0,0,8357,8184
0,3420,3069,4656,4404
0,0,0,6832,4273
0,5349,4920,0,4039
3728,4867,0,0,0
5747,3980,0,5458,4186
2653,0,2697,3011,0
4559,3680,0,0,0
7710,0,0,6405,0
4976,3822,3320,4316,0
2226,3750,2075,3734,0
7769,7533,0,8073,6045
6339,0,0,4856,0
8007,0,0,0,5790
0,0,8750,7383,6891
0,4600,0,0,5945
0,4387,3178,1492,2803
2443,0,2762,2212,2423
0,0,4000,0,6674
2903,4700,4259,3962,5441
7907,0,0,0,0
3445,2925,0,4501,2188
0,0,5070,3418,3476
0,0,0,6391,0
4532,3773,0,0,1940
5458,4417,7535,5455,6659
0,2522,0,0,3772
0,5638,0,7015,5464
6592,5613,6957,0,0
2099,0,0,886,0
0,3875,0,5427,0
0,0,3004,0,2393
3524,3960,0,4048,3306
0,0,3234,0,0
0,7385,3910,0,5765
0,0,4550,0,0
5520,7189,0,0,0
4325,3606,2438,4655,4501
2955,0,0,2911,0
0,0,3032,0,2867
3222,3469,3626,4032,0
5773,5076,0,5298,6634
0,6993,5673,4861,0
3662,0,0,0,1950
2995,0,0,0,0
0,0,5748,0,0
6306,0,0,4329,4635
0,0,0,4583,0
2989,4525,0,0,0
3358,2867,0,3941,0
0,6946,6455,0,0
0,1412,0,2081,0
4117,0,0,0,2745
4759,0,6215,6707,0
3172,0,4242,0,6012
0,6671,7034,0,0
4689,0,0,4514,4443
0,4778,0,6227,0
4390,0,0,0,0
6370,5811,6149,8035,4700
6120,0,0,0,6981
0,0,4178,3832,5526
0,0,7283,5080,0
0,0,6105,0,4662
6350,0,5452,0,0
5761,6254,0,0,0
4013,0,0,0,6181
0,0,7695,6199,8401
2420,3139,0,0,4962
0,0,2731,0,2424
0,0,7664,0,0
5263,6929,0,0,0
0,6549,7048,6169,5011
0,0,0,5701,0
0,2563,2435,0,0
0,7886,0,7475,7465
0,0,0,6025,0
0,0,4284,3701,4944
0,6132,7174,6217,0
1854,0,0,1393,0
0,0,4124,2818,3700
1070,0,2168,4960,0
4558,0,0,2782,0
0,5460,0,0,5206
3610,0,3257,4198,0
0,5633,7293,4980,6334
0,3792,5617,5157,4535
0,6879,5789,0,7317
0,2609,0,2899,3192
0,7019,7820,7734,8214
6140,6112,4574,6040,6349
0,0,4736,2611,0
0,0,6188,0,0
0,7303,6700,0,6523
4496,5649,0,7152,0
0,0,5699,0,0
6600,5164,0,0,0
0,0,0,3414,0
4736,4008,5373,0,4819
0,0,0,0,5773
7058,0,6234,0,0
0,6184,0,5255,0
0,5639,4819,5475,5895
6343,0,6948,5535,5181
2918,0,3881,5675,5660
3525,0,0,5699,0
0,0,4621,0,5933
4322,0,4705,0,6397
6884,0,4004,0,4659
3405,0,0,0,0
0,0,5207,5670,0
0,4509,0,0,3896
0,2127,2639,0,0
0,3780,0,0,0
0,0,4359,6231,0
7041,4904,0,6182,3154
0,3615,0,0,0
0,0,5174,0,4296
5611,4704,5246,5306,6368
0,0,0,8467,6080
4091,0,0,0,0
7304,0,0,7619,0
3469,2117,0,0,0
0,0,6172,0,0
4888,0,0,4617,0
0,0,0,8095,0
7254,7838,0,0,7275
0,0,4981,3395,3184
2613,0,0,0,0
7734,0,0,6616,4272
5936,5857,6470,5988,5660
6954,0,6952,0,3848
0,0,5078,7607,0
4047,6139,4592,0,0
5305,3182,0,3097,3227
3428,3954,5357,0,5823
0,0,2546,0,0
0,7683,0,0,0
0,0,5445,4720,4242
4048,5178,0,0,6613
3424,0,3216,5642,0
6599,5217,7435,0,4593
0,0,5584,0,0
4920,0,5228,0,0
0,2418,0,0,0
2233,0,3719,3275,0
0,0,4657,0,4054
2536,5273,3075,3868,3464
4052,0,0,0,3091
5734,0,6432,5663,0
0,4579,0,0,3682
0,0,3743,0,5350
0,4065,3162,0,0
0,0,4584,0,5564
0,3565,0,2945,0
7108,6127,6382,6982,0
0,4219,6689,7572,5676
0,0,0,0,5674
8558,6969,8215,0,7047
4891,4420,0,0,0
0,3901,5645,0,3117
5218,0,3959,5704,3422
3940,4160,4564,4274,3345
0,0,0,3142,0
0,7059,7483,6203,0
2327,0,0,0,6280
5921,2857,0,0,4306
0,6429,7290,0,0
3204,2136,0,2295,0
4360,0,4818,5133,0
4206,0,6819,6464,7302
0,0,0,0,4888
3269,4138,0,0,0
6465,5701,5779,6622,0
0,0,3042,2515,0
0,0,4733,4257,5193
0,0,4524,6455,0
0,0,3599,4620,0
0,7017,0,0,0
0,2497,3692,0,0
0,0,0,6811,0
5195,2867,4875,5315,3154
0,0,0,6224,0
7220,7416,7250,6813,7317
0,7715,0,5061,0
6320,5224,0,0,5380
0,7245,0,0,6496
0,6661,0,0,0
7540,6890,8326,0,0
0,4200,0,0,5397
5478,6500,5173,0,0
3710,0,4006,2257,2900
0,0,3221,0,1303
0,0,7271,2731,0
0,0,0,2117,0
0,0,0,0,4704
4663,4488,6076,2065,5321
0,0,0,0,3996
4149,5061,0,0,0
0,3751,4667,0,3811
6227,2291,0,0,3997
0,0,6425,0,0
4524,0,4949,0,4201
2620,0,3349,3301,4495
0,2601,2615,1477,3596
6981,0,7354,0,0
0,4900,2615,0,0
0,0,7652,0,4734
6338,5943,5229,0,5313
0,7899,0,0,0
7922,0,0,6361,6450
4828,0,4360,5774,3319
3684,6342,0,0,4563
0,3834,4500,0,4570
4421,5028,3965,0,0
5289,0,0,0,3084
0,3953,2274,3747,3015
7321,6192,6237,6973,0
4866,0,5328,0,0
6972,0,6927,0,0
0,6554,4034,6292,0
0,7157,6980,0,0
0,5062,0,5361,0
0,5354,2659,6003,0
5495,0,0,4248,7071
3533,0,2867,4241,4880
6839,4605,0,5650,0
0,6785,7180,0,7078
0,0,3994,4688,1910
0,0,6654,6627,6704
2697,0,5923,2982,4990
0,5542,6746,7204,7366
5503,6313,3863,0,5088
4178,6146,0,0,0
0,3550,5672,0,0
0,3955,0,5190,3504
0,0,4205,0,0
0,5280,4361,0,0
0,0,0,7347,0
0,0,6363,0,7361
3643,7779,4399,6286,0
0,0,0,4310,0
6147,6369,5801,0,5648
3024,0,0,1287,4075
0,1614,4343,0,0
5574,0,5851,3604,4484
0,6473,5087,0,8257
0,5270,8481,5539,0
6561,5875,0,0,0
3670,0,3327,3750,2557
7290,5267,5719,0,0
0,6604,0,7878,5392
0,0,0,6837,0
0,6735,9351,6099,6837
1980,1908,2135,0,2029
5426,5516,4226,0,0
0,5597,0,0,0
0,0,3668,4587,6400
4507,0,0,0,0
0,7284,4676,0,0
0,4185,2970,2102,0
0,5391,7799,6494,0
0,3552,0,0,3480
0,4069,0,0,5067
7611,5672,6294,6955,0
0,4107,4242,0,0
0,0,0,5535,0
0,0,1632,0,0
0,0,5673,6526,0
0,0,6437,0,0
4653,2568,0,0,0
0,4962,0,0,0
6278,6786,0,4722,5130
4514,3113,4636,6113,6019
0,0,0,6606,0
7085,7675,0,0,0
0,5733,7147,0,5654
3128,4444,2790,4857,4210
3808,0,0,0,5157
5793,8921,6479,0,0
6258,0,5261,0,0
0,3310,2802,0,2879
0,0,3976,0,0
0,3955,0,0,5739
4337,3007,4066,0,0
0,0,3583,0,0
5546,0,0,5879,4544
4745,3010,5410,4872,0
0,6755,7969,0,5575
0,0,7222,5507,5610
0,0,0,5816,0
4613,5827,5671,0,0
0,0,0,0,6055
0,0,5577,0,0
0,0,0,3056,0
4060,4794,0,0,3483
5572,0,0,5437,6208
4297,5453,4873,6029,0
7306,0,6966,6956,0
0,0,7241,0,7660
0,0,8253,0,0
0,0,7497,6200,6069
2997,0,3320,4689,1541
2868,6519,6194,5651,6819
7363,0,0,0,3642
7508,0,0,0,6092
0,6439,0,0,6235
5142,7494,6105,0,8533
0,0,3619,3574,2906
2945,3929,0,0,5314
4765,3635,5383,0,0
3544,5722,0,4247,0
7314,0,0,6626,7560
0,0,5805,0,6077
0,0,4907,0,3134
0,0,5022,0,0
3582,6141,0,0,6050
0,0,0,6815,0
6445,0,5880,6766,5032
4140,0,0,0,4095
4109,4289,0,3550,0
0,0,2466,5373,5618
5001,4695,0,4426,0
0,6232,0,6972,0
6651,0,6498,4492,0
6900,0,5638,3342,5025
4773,4521,4265,5236,0
0,5161,0,5815,6558
5543,3025,0,6064,0
2463,1577,0,0,1762
6729,0,5133,0,5198
6103,5257,0,0,0
4410,0,0,0,0
0,0,3858,0,0
4563,0,4845,0,0
7372,6149,0,0,7415
0,0,6686,0,0
5796,6326,0,6745,0
0,2191,1248,2905,0
6978,6635,0,0,0
0,3764,6354,4256,6112
5633,0,5315,0,0
5299,0,7089,0,6175
3273,0,4992,4074,0
3899,0,5949,3115,4565
8510,0,7154,7014,0
4315,2275,4283,2773,0
0,0,4939,6795,5054
0,0,0,3030,0
0,7003,0,7201,0
6738,7112,5586,0,5746
0,2111,0,0,0
0,2038,2765,2269,0
4489,4635,5472,2664,5929
3566,0,0,5077,0
0,0,0,5475,4866
0,0,3580,4802,0
6136,6105,5804,0,3064
0,4159,3706,3750,0
0,5232,7967,4419,7248
0,5651,6600,6441,5657
3292,0,5112,0,4217
0,0,0,8048,6904
3896,0,3785,0,3694
0,0,6469,5583,0
6495,0,6257,0,0
0,0,0,3798,0
0,4368,0,0,0
4861,0,0,5268,0
0,5257,0,6030,0
0,0,9075,0,0
4024,0,0,0,1892
4177,0,4448,0,3570
0,0,2561,5155,0
0,4071,5277,4704,5884
5456,2276,8519,4551,0
0,0,0,0,6815
3153,2064,2307,0,0
2331,0,0,0,0
0,0,0,4447,7025
0,4004,5098,0,2176
0,0,7566,0,6995
0,0,0,5132,0
0,0,0,0,4211
5316,2992,3596,4954,0
5729,0,5155,6538,0
0,0,3813,0,0
2803,0,0,0,0
5611,0,0,0,0
0,0,0,4764,0
0,0,2082,0,0
4879,7331,6092,5858,8384
7218,0,0,8178,0
0,0,7191,5294,6448
0,2559,0,0,5798
0,0,5079,3723,0
3683,0,0,0,0
8328,5824,0,0,0
0,5400,0,5178,0
4555,0,3737,3765,4665
6051,0,6642,0,0
0,0,0,0,7920
6453,0,0,0,0
0,0,6700,0,0
7092,0,4886,0,3711
3571,0,0,4532,0
0,0,5363,5328,0
6523,0,6970,6542,5584
8365,0,0,0,0
3362,3709,3502,0,0
2661,0,0,0,4188
5906,0,5602,0,6232
0,7200,0,0,5489
0,0,2990,0,0
6353,0,7565,0,7553
0,4907,6192,3857,0
6899,0,6559,6708,0
0,4350,4455,4787,0
0,4446,3313,1912,3720
5743,7146,5055,6573,0
2952,3316,5188,4464,0
0,0,0,4254,0
7432,0,0,7483,0
3388,0,0,0,0
0,0,0,3512,3039
0,3760,0,5770,0
7327,7224,5819,0,0
0,0,0,0,7289
5733,0,0,0,0
5152,0,3188,0,2577
0,3018,0,0,5124
4709,7804,0,0,0
0,0,7074,7180,7631
0,4406,3105,0,0
6656,7200,7001,0,0
0,0,6410,0,0
0,0,0,3008,3946
6528,0,7612,0,0
0,4917,5888,0,6523
8594,3596,0,4901,5009
5014,5824,0,0,5429
4050,0,2973,0,0
0,5077,0,0,5565
0,6964,0,0,6305
0,4847,7850,0,0
0,2734,0,0,3031
0,0,0,5058,6383
6074,0,0,0,0
3477,4335,0,3506,0
4047,0,5088,0,0
0,0,5735,2100,5753
6495,5234,3967,6290,4470
0,0,5363,0,0
4385,4931,0,4281,4567
5198,0,5595,0,5870
2955,6171,3140,0,4316
0,8475,0,7543,6447
7168,7185,0,8190,6616
8471,6524,7215,0,0
0,0,5769,6736,4999
0,0,4313,0,3074
6444,0,4213,0,0
1875,0,2403,0,4335
0,0,2809,0,2543
0,8254,0,0,0
5672,0,6442,6836,4726
0,4587,0,0,0
0,0,0,4595,5830
0,0,4142,5161,3341
8211,5945,0,0,6550
0,0,5131,0,0
6644,6665,8923,0,7670
6720,0,0,8354,0
0,3739,3441,0,0
3590,0,0,4467,0
0,5111,5452,6049,0
0,4735,4488,4889,5091
6244,0,6977,6954,0
0,0,6624,0,0
7010,5189,0,4485,4300
0,6593,0,6838,0
5463,5772,0,0,6024
3210,5902,6211,5037,8507
6570,5788,4197,7554,4190
1590,0,3859,0,4255
0,0,0,4112,0
3031,0,1467,4958,0
3929,3094,0,0,3431
0,4901,0,0,0
0,0,0,6443,0
3280,0,0,6463,0
5323,3586,0,0,2641
0,0,0,2660,0
4047,0,0,0,0
7106,0,7467,0,7787
0,3277,3716,0,0
1793,1675,2221,0,2517
0,0,2855,2116,0
5925,0,6134,0,0
3412,4490,3347,0,3131
0,5303,5301,5009,4713
6725,6371,0,6296,0
5690,0,5388,4034,4795
6861,6612,6891,0,6875
4728,6256,0,5211,5775
0,0,5710,0,0
0,0,0,0,2396
6718,4286,6309,0,0
0,0,5773,7235,7047
2947,0,5841,0,0
3485,0,2106,5401,5661
0,0,5952,5806,5111
0,4927,0,0,0
5980,0,0,4199,4577
3031,0,3962,0,0
0,8158,7300,0,0
7909,0,0,0,7737
5139,0,0,5817,6365
0,6593,0,7489,6852
0,0,0,0,3605
0,4553,6140,0,0
5896,5463,0,0,7013
0,0,5925,4559,4605
0,0,7260,0,0
0,5861,0,3982,0
7206,0,0,5486,0
0,0,6206,5926,4807
5688,0,6542,3843,0
0,8065,0,8081,0
0,0,0,0,1920
8499,8432,0,0,7573
0,0,7088,0,0
0,2135,0,2681,1728
0,0,6799,0,0
1431,0,0,0,0
7505,0,0,5198,6151
3546,2748,6440,0,0
5386,0,4837,0,6923
3799,0,5361,0,0
0,7153,0,0,0
0,0,0,4159,0
6971,0,5946,7369,0
0,0,4380,5000,2987
5744,6501,0,6889,0
2749,6095,0,0,4555
6057,0,0,5580,0
0,0,1471,0,3354
0,4521,0,4256,4682
6512,6898,0,5278,7768
0,2966,0,0,3168
0,0,2390,0,0
6595,0,5724,5691,0
5650,0,0,0,3757
8251,5529,0,0,5370
0,1348,0,0,0
0,0,3441,3593,2361
6040,0,0,0,5436
3612,0,0,0,0
0,6860,0,0,8779
3573,4876,4245,5671,0
6741,4218,0,0,0
4751,5579,0,0,0
0,6455,7587,6057,7074
4388,0,0,5004,0
0,5227,5059,6727,0
5814,4503,0,4676,6354
0,0,0,1361,3769
3691,3326,4341,0,3914
0,4489,2237,0,0
0,6494,0,0,0
6364,0,0,0,0
0,0,0,0,5287
0,4495,0,0,0
0,3599,1680,3308,0
0,0,3714,5971,0
4519,0,0,5236,3905
4900,0,0,0,5269
0,3644,0,0,0
4826,0,0,5093,3213
6699,3138,5573,0,0
3965,3791,0,0,4180
0,2841,3484,4565,0
0,2679,0,0,2933
5327,0,0,0,0
4217,0,0,5483,0
0,0,2237,4924,0
3486,0,1811,0,0
0,0,0,6948,0
5815,0,6546,6495,7654
0,6410,0,6482,6667
0,0,5722,3666,0
0,0,2048,3980,4599
6872,4039,8044,0,4483
5040,5489,5907,8066,4366
0,4050,2146,0,2964
0,5450,0,0,0
0,5126,0,5791,5837
6711,0,6988,0,0
0,4563,7037,0,5589
6931,0,0,6374,5154
0,0,0,7690,6012
0,6992,3170,6576,5093
0,0,8623,8209,0
3058,4537,0,2096,0
6586,7529,0,0,7184
5075,4080,0,0,6476
0,5456,0,0,0
4326,5258,0,4236,0
6834,0,7454,7313,0
3891,0,0,3746,0
7107,6614,0,0,6822
0,5343,2760,0,0
0,5718,5608,0,5032
3509,4553,0,3621,3953
2184,0,2877,4466,0
2822,5298,2813,4551,2813
0,5750,6563,5896,6938
0,0,0,3508,0
0,0,0,7224,7017
0,3567,0,5413,0
6622,6141,0,6427,0
4060,0,4575,3215,5222
6864,0,0,0,5536
6550,0,6168,0,0
0,0,2070,4519,2894
0,5268,6415,6765,0
2149,0,4496,0,6572
0,0,5561,0,0
0,4464,0,4966,3335
0,0,0,5271,0
0,6250,0,0,0
6794,4043,0,0,4966
5869,0,0,0,6192
0,0,5378,0,0
0,5987,7027,0,0
3369,0,3663,3226,0
0,4227,5368,0,0
0,5619,0,5947,3656
0,6038,7175,0,7745
0,5712,6165,0,0
6539,7280,0,0,0
5532,0,5016,0,5893
0,0,5860,0,0
0,0,0,0,7183
0,0,0,0,5839
0,4830,5402,5564,0
5094,0,0,3510,3466
0,0,2558,0,0
5017,4097,3187,4895,0
3737,4285,0,0,3124
0,0,0,6263,0
4319,0,4214,3859,0
0,6308,0,3862,0
0,0,5077,0,0
5858,0,0,5244,6864
2730,0,0,0,0
4920,4290,0,3331,0
4200,0,0,0,0
2528,1304,2830,2930,0
2324,5873,0,5792,0
0,3874,4039,5035,2594
0,0,0,9257,0
6037,6775,0,0,0
0,3240,3357,0,4308
0,4877,0,0,4814
0,0,4972,0,0
3713,0,0,1955,0
5611,5452,6740,5660,0
0,7780,3829,0,5432
4906,0,0,5896,2359
0,0,6393,5160,3704
0,0,0,0,2676
6578,4287,0,6450,2891
0,2770,0,2599,3410
0,0,0,0,7994
3618,0,3493,0,0
0,0,7103,7761,6336
5375,3196,0,5978,0
0,7710,4430,5882,5893
2876,0,2962,2064,0
0,0,0,6677,0
0,7669,0,8380,0
3468,3120,0,3258,0
3804,4438,0,0,0
5858,5027,0,0,0
0,7322,0,6420,0
0,5421,4214,0,4659
7987,5635,0,6279,0
0,0,7952,0,8546
6684,5803,0,0,0
7782,0,0,7272,0
5303,0,4836,0,3115
2382,0,4240,0,0
0,0,0,3324,0
5000,3748,5785,6152,4373
2757,3513,3422,0,0
0,0,0,0,2266
4391,0,0,0,0
5327,5414,0,0,1680
0,0,3088,5427,0
6592,0,0,7134,0
4207,0,7307,0,5712
7257,7754,0,0,0
6888,0,6945,6673,0
6614,6497,5499,5753,6242
0,0,0,5192,0
0,0,4679,7148,0
0,3542,0,0,0
4630,0,4743,4513,4102
4129,0,3884,0,4294
1588,0,1195,1573,0
0,4754,0,0,4219
1754,4312,0,0,0
7906,5050,5295,7222,5926
0,0,0,5717,3491
0,4014,0,4721,5668
0,5581,5186,7651,5209
7127,0,4937,7324,0
0,0,6243,0,6010
0,4310,4135,6350,3576
0,0,0,7847,7588
3991,3378,3155,0,3025
4916,0,4295,4688,2916
5592,0,0,4945,0
6741,5636,7386,0,6127
5149,5518,3774,3813,4122
0,0,0,0,5366
0,0,0,2200,4398
0,0,0,5406,0
0,0,0,7811,0
0,7059,0,0,7009
0,3412,3655,0,4069
7269,0,7642,0,6670
3096,0,3413,0,4892
4992,6292,4390,0,7315
0,0,0,4687,3173
2736,0,2289,0,0
4602,5094,5563,4309,6322
0,1832,0,0,0
0,0,6511,7761,8379
0,1754,2109,0,0
0,0,3475,3811,3481
2772,0,4161,4108,0
5677,5837,5445,0,0
0,0,0,1909,0
3523,3380,0,4070,0
0,0,0,6436,4897
0,6281,6679,0,8114
0,0,6986,0,0
2595,2782,2879,4250,0
0,5386,0,6356,0
0,5973,7091,0,6105
0,5709,0,0,0
0,2813,0,2886,0
4229,0,0,5331,5042
8377,8526,8494,0,0
0,0,3992,2709,3817
4756,0,5765,0,3487
3363,0,0,3516,0
0,5352,2447,5410,0
0,7354,6431,8046,7591
4683,6392,5207,0,5856
3975,3015,0,3702,0
0,4876,0,0,3090
6515,5922,7093,0,6577
0,5577,0,0,6163
3759,4460,2862,3923,0
0,0,5108,0,0
0,0,8245,5649,7078
4623,3548,0,4829,3336
0,6863,4724,0,0
3132,0,0,0,0
6411,0,0,7255,4305
9207,8201,8783,8839,0
0,4965,3977,3796,0
3401,1383,0,0,0
5557,5978,0,0,0
0,3534,0,2824,3002
0,0,0,0,3720
0,0,0,4534,7823
0,4613,4051,0,4993
0,5110,7269,0,6740
0,7093,4353,0,5654
0,0,0,6068,0
3552,0,6022,5169,4687
4066,4289,2860,5067,3498
2166,0,0,3827,0
0,0,0,4375,3427
0,5066,3911,0,3123
7081,5132,6538,0,6975
6072,0,0,6520,0
0,0,0,0,4366
5611,7558,0,0,0
5941,0,0,4811,5221
5806,3628,7307,7631,0
4598,0,3626,0,0
0,6705,6621,0,0
0,0,0,5745,0
0,0,0,0,5287
7637,7131,0,0,0
2249,4314,0,0,5817
0,3978,0,0,0
0,6348,6597,0,7665
3821,3134,5923,0,3051
5490,7111,6223,0,6101
0,0,2181,0,5832
1472,0,0,0,0
2592,4256,0,0,3817
5857,0,0,0,6731
0,0,6563,0,6193
0,5664,0,4473,0
0,0,7734,0,0
0,0,0,6202,0
5379,2603,0,0,4512
6420,4551,0,0,0
0,5864,0,2545,0
5972,0,0,7368,4482
3388,4403,3287,4886,0
4311,3324,0,0,3273
0,3159,0,4818,3587
0,5227,3621,0,5156
4851,0,0,0,3499
6138,7333,0,0,0
0,0,5585,0,0
6792,0,0,0,7046
0,4225,0,0,0
4368,3648,0,4153,4917
0,5680,0,3905,0
2840,0,6500,0,7046
7118,0,0,0,5751
3811,0,0,5125,3309
0,5399,5802,3774,0
4664,5202,0,4391,0
0,0,0,6707,0
0,6388,5882,2792,6522
2487,0,2610,2491,2022
3325,5635,3203,4242,0
0,6294,0,5673,0
4818,4339,4597,3546,4100
4915,0,6448,0,0
0,0,0,0,4947
0,6077,0,0,5556
3034,5437,0,4798,0
5497,5721,5783,0,0
2681,4081,0,4111,0
6839,0,6290,6915,7485
4554,0,0,0,0
2489,4179,0,0,4406
4735,0,0,0,6208
7852,5316,0,0,0
0,0,6374,7842,6068
0,7230,0,0,6556
0,4503,0,3646,0
5115,0,0,4169,4574
0,0,6195,5128,5618
6244,0,0,0,0
4588,5873,0,3598,0
0,6442,0,0,5762
0,5088,0,0,5294
0,0,0,0,7582
5774,0,0,0,0
0,1755,1775,2190,0
8643,7898,0,0,7991
3003,5184,4016,3235,0
4252,0,5857,0,0
5561,6071,5342,0,5780
0,3745,0,2825,0
0,8275,0,6640,0
5196,2354,3181,5931,0
5647,0,4515,0,5442
0,5884,7014,5903,6579
0,0,0,4635,7457
0,0,3670,0,4133
0,3877,2118,2808,3069
5328,6285,5292,0,6551
0,6008,0,6071,5154
7926,0,4726,6420,0
0,0,5290,0,0
0,0,0,0,3661
0,0,0,0,5558
4727,5841,0,0,4485
4112,4741,0,4016,0
5760,5378,5876,0,6177
6072,0,5166,4919,4555
0,0,4808,0,4760
0,4061,5641,0,0
0,0,5316,0,6732
6836,0,0,4709,6620
4324,5576,4682,0,6053
0,0,6389,0,0
7712,0,6217,0,6749
0,2154,0,2564,0
6671,3838,6129,0,7091
7744,0,8204,0,0
0,0,3526,0,0
4911,0,0,6946,3259
8699,9241,0,8945,9025
0,5498,0,0,0
0,0,1380,5877,3327
0,3287,2177,0,2708
2996,0,3633,0,0
6468,4078,0,0,6111
0,5218,5463,3323,5780
7869,0,0,0,5711
4274,4389,3813,0,0
4925,0,6200,3964,0
0,0,0,7038,0
7428,0,6405,6791,5791
0,0,0,7152,0
0,5571,0,5195,7896
7090,5068,0,5770,0
0,0,0,4508,5778
0,4422,0,4605,4809
7913,0,0,0,0
2558,0,0,0,0
5964,0,6151,3613,0
2563,0,0,3115,3027
0,0,0,1196,0
2720,2203,2866,2193,0
0,0,0,3983,4448
5917,8409,0,0,0
6384,0,0,0,0
0,0,4094,0,0
0,0,0,5237,6156
0,3018,4514,3401,3650
5654,7281,0,0,0
7023,0,0,0,0
2967,0,0,0,3871
1301,0,0,0,3025
3182,0,0,2592,0
0,0,5505,0,5969
4421,2362,0,0,0
0,0,3299,0,0
5121,0,3449,5611,6410
0,4758,6923,5320,7295
7904,8283,7836,0,7709
0,4327,0,6201,0
5519,3711,0,6496,0
3563,3606,0,0,0
4236,3468,0,1849,0
0,7021,0,0,0
0,4676,0,3707,0
5566,0,6326,0,0
5860,4079,5287,0,0
4695,0,3712,5064,0
6800,0,7911,0,7031
0,2682,5807,4505,6105
0,0,4929,0,0
0,3713,0,7107,0
0,7153,7344,6915,6939
5707,6400,0,5382,0
5233,0,4878,0,3118
0,3818,3093,3094,4194
0,0,6309,0,7307
0,0,0,3306,0
0,0,4103,0,0
8577,7877,7184,7333,0
0,0,0,3440,5922
5255,0,0,0,0
0,0,0,0,6068
0,4324,0,3948,6071
0,0,6571,7048,8004
2357,3317,3057,2059,0
0,5664,0,5147,0
0,0,0,5253,4351
0,5567,0,6582,0
0,0,4773,8048,0
0,0,5947,6566,0
4929,6463,4428,0,0
0,4670,0,0,3539
0,0,6343,5958,4745
0,0,6877,0,6506
4251,0,0,4153,0
4509,0,3546,0,0
6047,0,5607,0,6565
0,0,6750,6953,5150
0,3216,0,2376,0
0,0,0,0,4697
8538,0,0,0,0
0,6512,3128,0,4134
6110,4775,7094,0,0
0,0,0,0,2676
4234,4311,0,3734,0
5047,0,0,4005,5195
6825,0,4070,0,0
0,5771,3833,2522,4659
0,0,8401,6922,0
4289,5560,0,0,0
0,0,3358,3271,0
7386,0,6072,7837,5442
3607,0,4424,0,0
0,0,0,6093,0
6775,5642,4176,0,4137
0,0,0,6222,0
4061,0,0,0,4976
5677,5653,0,4591,4752
8076,6429,6780,6385,0
0,6449,7135,0,0
3776,2235,5279,0,2741
4497,1717,0,3795,0
4330,0,4712,0,2917
0,2475,6050,0,3842
5253,3971,0,4917,0
0,4008,4822,4879,3583
0,0,3235,5350,5032
0,6434,3788,6697,0
7718,4026,0,5311,0
0,2892,0,3224,4593
0,5572,4994,5627,0
0,0,0,0,7253
0,3573,0,3181,1509
0,0,4190,4453,0
0,0,0,3115,0
0,0,4960,5137,0
0,0,6236,0,4175
0,0,4628,0,4711
0,0,5286,4481,0
3147,0,0,5493,0
0,2728,0,4752,0
0,0,4148,3884,5235
0,0,0,0,5431
6703,0,0,2295,0
3009,0,4084,4471,5288
0,0,4276,0,2297
4195,3760,6449,0,5025
6965,0,0,0,0
5558,0,6312,0,4661
0,6054,3264,5767,0
0,4418,4672,0,0
5549,2634,3720,5747,0
7086,0,0,6040,0
7199,2824,0,4543,0
2676,3341,0,4958,0
0,0,2837,0,0
4290,0,0,5961,0
0,0,0,7536,8100
5598,0,0,4680,5192
0,0,0,3976,0
0,4410,3395,0,3536
0,8398,8280,8296,7798
4944,5783,5110,6417,0
0,6731,0,5228,0
0,3914,4880,2725,0
0,0,3618,3838,2213
0,8037,0,0,0
0,6973,6642,0,0
0,3405,5725,0,3414
6315,0,6148,0,4567
4578,0,4144,3979,0
7267,0,6142,7785,0
0,0,4335,6164,5172
1827,0,0,6136,0
0,0,3735,4387,3393
4103,0,0,3053,0
6930,5103,4424,0,0
0,5482,4153,4753,4953
0,4597,0,0,0
3432,0,4452,4867,7927
2452,0,0,0,0
0,2640,0,3231,3244
0,7023,0,7382,4157
0,4955,5237,0,0
0,0,3926,0,4690
0,0,2359,0,3246
0,7572,8318,7649,0
0,5203,7257,0,0
5551,0,6465,3909,0
5361,6786,0,0,5364
4154,0,0,0,5398
4708,0,5329,0,4374
6538,4971,5251,0,0
6603,0,0,6376,0
0,6946,0,6032,0
0,0,2847,0,3674
0,0,1845,0,0
5685,0,0,0,0
0,7070,7411,0,5813
3691,0,0,0,0
0,0,3228,5442,2740
0,0,0,6518,5882
5344,5389,0,6103,5308
0,0,3262,4077,0
6206,0,7134,0,0
6275,6413,0,5682,0
4885,2713,3994,0,0
0,0,0,6996,5827
2016,0,2450,1851,2897
6030,0,4646,0,0
0,5294,0,5505,0
0,6375,0,0,4509
4708,0,2968,7356,5369
0,3946,8057,5632,0
6477,0,0,3259,4894
0,0,2795,0,0
0,4083,2258,0,0
3002,6647,4403,0,5994
0,0,0,0,4963
5134,0,5764,4502,4204
5870,2346,7032,0,0
7158,0,0,0,0
4853,0,4341,0,3646
0,6816,6993,6422,0
0,0,3610,3718,2326
0,0,1688,4535,0
4237,5053,6887,0,7301
3392,0,0,3058,0
0,3348,8177,0,4449
0,0,0,6912,4991
0,0,5698,4817,0
0,0,3750,0,3746
5911,4788,0,0,5976
6347,0,0,5240,4689
4958,0,0,0,0
3724,0,0,4031,0
0,0,3123,0,0
5138,4682,0,5734,0
4319,0,0,5094,0
2642,0,4960,2926,4446
4231,4077,4650,0,3298
6124,5547,0,0,6106
3385,0,0,0,4087
0,5953,0,4983,7671
0,0,0,4353,0
6544,0,5583,0,5116
0,0,5683,0,0
7000,0,0,6448,5302
0,0,4902,0,0
0,0,0,0,6156
0,4983,4990,4918,5297
0,6182,0,0,6601
7662,5583,0,5817,5805
3698,0,6491,0,0
0,5100,6133,5243,6047
3480,0,3662,0,3628
3818,5951,0,4611,0
1934,0,3186,0,4106
0,0,0,0,4097
3277,0,3480,4146,2754
7813,7437,6677,7192,0
0,0,0,4408,0
0,0,0,5483,0
7531,7992,6978,7377,0
0,0,0,6989,0
6591,5214,7346,0,6128
5279,0,5450,5682,0
0,0,0,3741,0
0,4536,5345,0,4396
0,3301,0,2981,0
6346,6818,0,0,0
0,6506,0,0,0
5540,1977,0,0,3792
7263,0,7345,0,0
0,0,7166,7866,7286
0,4248,0,0,5060
4100,0,0,5473,3589
3460,0,4800,4308,5564
6636,0,3656,0,5772
5236,5214,0,0,0
0,6625,0,6422,5735
6193,5530,0,6240,0
0,0,0,0,3364
0,5569,0,0,5383
0,0,0,4853,6579
0,3848,0,0,0
7170,0,0,0,0
4638,2588,0,0,0
6560,4657,0,5460,0
3761,6702,3759,0,4208
3572,5362,2425,4722,5341
8138,6803,0,0,7068
0,0,0,5194,0
6512,0,0,6319,0
0,3349,0,0,5732
7653,4685,0,5579,5340
4784,4099,0,4640,0
3238,0,1291,0,3207
0,2776,0,0,0
0,0,6444,0,7919
0,0,6501,4422,8387
5488,0,0,0,0
0,0,5412,6774,2649
0,4369,5439,0,0
0,4061,0,3796,3367
0,0,5393,5199,7040
3079,2243,0,4473,0
7375,0,5779,5982,0
7461,7570,6486,0,0
0,6493,0,4896,0
5246,0,0,4799,4649
4886,3333,0,3827,5139
2623,5847,2887,0,5665
6839,4803,7935,0,7326
6565,0,6734,0,0
0,3531,0,0,3697
5610,0,0,4759,0
0,4327,2616,0,4585
4009,0,4343,0,4351
6643,7674,7811,6877,6348
0,4420,0,0,0
0,7885,0,0,0
4942,0,6689,0,6880
0,3206,0,3635,3607
6477,6597,7601,0,8023
4268,2648,7160,4321,3112
0,0,0,0,7823
4321,5089,2515,4297,0
6505,7144,7358,0,6369
0,0,5002,0,5238
6202,3713,0,0,0
2385,0,3893,0,5778
5208,6548,6391,0,0
4386,0,4490,4817,3983
0,3422,0,2881,0
0,0,2831,0,0
2650,0,3201,2688,0
0,0,0,0,7163
4561,0,0,4288,0
0,0,4189,4368,0
0,3312,3600,0,2525
2404,6052,3307,6217,5513
0,5270,0,0,4542
0,0,8179,8986,7662
0,3745,0,0,2229
