7000 2
0,4012
2298,0
6764,0
0,1015
0,8114
0,1103
0,637
8289,0
3534,0
0,2233
0,2982
6347,0
3584,0
7828,0
9774,0
5689,0
0,6808
0,4164
7307,0
0,8565
0,6511
6125,0
0,4916
2254,0
1893,0
8188,0
7069,0
0,3136
6179,0
8266,0
5118,0
0,4225
3159,0
0,8976
0,4994
5303,0
5328,0
0,3478
0,4162
4157,0
8731,0
0,6425
0,9074
1417,0
0,6438
3847,0
6408,0
4274,0
7390,0
8609,0
1017,0
0,3069
9856,0
6099,0
1044,0
0,5340
9880,0
850,0
8678,0
199,0
7424,0
3783,0
1782,0
9319,0
0,66
0,6623
1146,0
0,8266
753,0
0,4206
0,998
0,2295
4793,0
7105,0
3255,0
4406,0
0,2251
0,6358
0,8410
8976,0
0,3287
348,0
2977,0
3956,0
0,8769
4547,0
0,5713
1256,0
0,2775
7027,0
5626,0
0,7956
0,2068
0,8449
0,1333
0,3343
0,6799
0,7937
6554,0
7472,0
0,1076
1719,0
1486,0
9443,0
1856,0
1268,0
0,3811
5370,0
0,2892
6258,0
0,2484
0,4663
6992,0
5470,0
0,7525
0,7813
4479,0
8183,0
0,5130
0,5643
4534,0
3902,0
3782,0
6507,0
8149,0
0,2888
0,8574
0,6137
0,4170
0,7659
0,2896
0,4642
0,5298
0,9290
0,7810
0,9781
6169,0
5827,0
0,1493
4521,0
0,4197
3739,0
0,1470
4773,0
3524,0
0,8612
8946,0
0,9175
0,2392
0,6498
8200,0
8552,0
0,1734
7536,0
5673,0
1673,0
6739,0
4283,0
0,1628
7240,0
7071,0
0,3388
0,4318
5010,0
0,5968
0,6412
5448,0
6776,0
4318,0
3691,0
0,7735
0,6682
5925,0
0,5394
207,0
9340,0
0,4945
6998,0
0,4015
0,8046
4500,0
3169,0
5820,0
4187,0
0,7655
0,8553
0,250
4419,0
6066,0
0,2585
0,5693
5603,0
0,5143
1179,0
0,4644
0,3690
7990,0
0,9989
1868,0
0,7827
5098,0
0,890
0,6309
8424,0
6617,0
0,3433
9854,0
0,1529
0,7209
0,5577
3653,0
7342,0
0,2332
0,4426
0,6742
5894,0
0,2435
4486,0
0,7458
3791,0
7757,0
0,8381
5440,0
0,1471
0,6646
0,7363
0,7195
4240,0
0,2196
0,5206
4965,0
9287,0
8719,0
0,8150
9341,0
7561,0
0,2409
0,4120
9143,0
0,5509
0,7342
0,5056
3860,0
3968,0
5254,0
2569,0
5500,0
0,8673
0,6872
6541,0
6352,0
0,6233
1940,0
0,4854
0,9646
3472,0
6199,0
8590,0
0,3638
0,7858
0,2803
0,9686
8664,0
8404,0
0,3849
8313,0
0,5723
0,6567
710,0
8852,0
0,6171
0,6987
2887,0
1317,0
8947,0
0,7484
0,4777
0,2123
6882,0
0,8733
7870,0
8010,0
5936,0
0,4436
0,895
1804,0
6351,0
0,1496
2609,0
4598,0
0,4176
0,9270
0,9136
6711,0
0,6567
5487,0
4738,0
0,3210
0,3509
2123,0
0,4086
0,8542
0,7468
2351,0
8238,0
5615,0
4663,0
0,4501
2487,0
0,4247
5674,0
0,6328
6233,0
0,2376
0,2099
0,5718
3073,0
0,1250
0,7019
0,2783
0,7492
0,7853
8858,0
0,9432
7167,0
6443,0
9282,0
597,0
7628,0
0,393
0,134
2683,0
8325,0
2045,0
5168,0
5299,0
0,4280
8604,0
784,0
3292,0
1924,0
5119,0
0,4481
0,2377
0,7635
0,5710
7353,0
0,4288
0,5608
0,1526
0,1268
0,8678
0,2580
0,5012
698,0
7889,0
3854,0
0,6802
0,1489
2037,0
5847,0
7113,0
0,1736
0,5211
4266,0
2839,0
0,6558
1454,0
3510,0
9364,0
0,5043
1896,0
3039,0
0,6718
0,8382
1685,0
3148,0
3202,0
5377,0
0,5273
2104,0
3850,0
857,0
0,5467
5193,0
0,8647
6438,0
3662,0
6391,0
4916,0
0,8292
0,6058
599,0
1046,0
1320,0
0,7250
0,4266
0,7900
3030,0
0,4740
0,3226
0,6569
0,9120
3307,0
4759,0
3298,0
9531,0
0,4247
4478,0
0,4096
0,4701
4520,0
0,4721
9798,0
0,3906
0,2190
3902,0
0,8360
7922,0
4587,0
3754,0
0,6135
7055,0
0,3950
0,8645
0,5116
0,6182
5256,0
0,1922
5770,0
0,2730
0,4750
0,7343
0,4122
3184,0
0,5254
5908,0
0,1315
6719,0
0,4917
0,2475
1320,0
0,1308
2522,0
0,6259
2729,0
0,3664
5583,0
0,6135
0,3662
0,2436
2303,0
4813,0
2351,0
3399,0
3819,0
0,8159
4556,0
0,7510
1949,0
0,3567
0,4634
0,5217
0,6938
0,4939
0,6653
0,3092
827,0
0,6300
7957,0
0,7595
0,3390
0,7482
7527,0
8457,0
0,5001
0,7011
3845,0
0,1590
5875,0
0,1612
0,3132
4265,0
6791,0
0,9263
0,5607
0,8831
0,9704
0,6214
0,4562
7088,0
4157,0
8563,0
2369,0
7339,0
89,0
0,1843
0,5205
7187,0
4810,0
0,5017
0,6892
2118,0
0,2838
1841,0
0,3961
5020,0
6835,0
5842,0
0,1319
0,8926
0,3374
0,1109
0,5110
0,5758
2462,0
5764,0
0,5468
0,4709
3117,0
0,3812
0,2628
3024,0
0,4669
4606,0
0,5070
0,7850
4644,0
4919,0
2144,0
1900,0
0,744
0,9390
0,3289
0,5809
6449,0
0,4628
2556,0
0,5467
0,6918
4894,0
0,5947
0,3500
7669,0
0,6041
1323,0
0,6924
7739,0
2338,0
7253,0
0,4302
0,4500
5831,0
2513,0
0,1163
0,1808
5343,0
0,5912
6397,0
6870,0
1220,0
0,9568
5898,0
0,4791
0,8826
6401,0
3149,0
0,6813
907,0
1930,0
0,1522
4969,0
0,7472
0,5575
5972,0
0,5558
2350,0
3679,0
4118,0
0,4552
0,3914
0,2678
8478,0
0,5171
0,1118
9718,0
0,276
4193,0
6558,0
0,6472
0,1187
1241,0
1116,0
1744,0
5109,0
5201,0
0,5805
0,4188
0,5588
0,743
5201,0
0,5622
0,5875
0,9068
0,3427
0,1370
3706,0
0,3189
5221,0
8588,0
0,4508
3458,0
0,4590
9531,0
0,720
5028,0
7828,0
0,1689
0,1513
0,667
9231,0
7535,0
0,4022
0,1528
9534,0
7392,0
0,5766
0,4740
8327,0
4422,0
0,9447
2502,0
1564,0
6647,0
0,5753
0,3860
7827,0
0,3127
5010,0
0,8713
0,5501
0,5942
0,6620
0,6227
0,5601
0,4611
9185,0
1554,0
0,7446
4146,0
4376,0
6910,0
9037,0
6100,0
0,6720
5294,0
5066,0
0,2019
3517,0
954,0
601,0
3773,0
0,4950
0,4111
2764,0
4884,0
3938,0
0,7070
9644,0
0,9588
6717,0
5273,0
0,3080
5064,0
0,6146
0,5595
5187,0
0,7688
2391,0
0,746
2756,0
8097,0
590,0
5053,0
353,0
682,0
6008,0
6248,0
0,4061
0,6549
6503,0
6306,0
0,3990
0,3241
0,5705
6779,0
9455,0
0,1534
7006,0
0,6245
0,5892
0,2578
0,167
0,2965
0,5919
0,2073
1425,0
7020,0
0,2178
0,7481
0,8575
0,3556
0,8050
0,3934
4235,0
6590,0
0,3626
2733,0
1190,0
0,9210
4939,0
9050,0
0,9572
0,4084
6252,0
0,3306
9599,0
0,5237
0,4413
7533,0
0,6026
0,5218
0,6657
1646,0
0,5537
0,5392
0,9313
0,3291
8236,0
0,8792
0,7304
0,8566
3408,0
0,7273
2758,0
0,1382
0,6594
0,2415
3946,0
1139,0
1527,0
9075,0
0,3926
0,4811
0,3987
4716,0
3265,0
1225,0
0,2749
0,5543
7449,0
7945,0
275,0
3472,0
1046,0
540,0
0,6309
8007,0
5694,0
0,8692
0,6000
3435,0
7204,0
0,7659
5300,0
0,5310
2556,0
8758,0
0,3983
0,4871
3536,0
8019,0
3845,0
0,4984
0,4067
0,7595
0,7396
773,0
3030,0
0,88
0,5983
2065,0
0,2180
0,5716
3861,0
9475,0
8843,0
0,4174
0,5311
4454,0
0,9980
4719,0
0,2000
0,1101
1850,0
0,8832
0,6503
8988,0
0,6586
0,5711
2087,0
0,177
0,5216
1341,0
0,2353
5539,0
7508,0
0,6171
0,2197
0,3103
0,3137
0,5079
0,7992
4529,0
0,3117
0,1114
0,7287
1499,0
9597,0
9201,0
5200,0
836,0
2487,0
2761,0
6472,0
0,8655
7387,0
0,5689
2840,0
4783,0
9315,0
0,4900
2586,0
0,421
0,4132
4401,0
0,3482
0,7216
2122,0
0,5913
0,7928
9664,0
0,5045
3838,0
8043,0
5633,0
0,4140
8075,0
0,1487
6433,0
0,6527
2777,0
0,7547
0,639
6658,0
3949,0
0,3460
0,7147
0,9610
0,3707
0,5245
7231,0
7489,0
0,6631
0,3117
9038,0
0,5234
1677,0
1476,0
0,4692
0,7276
0,6258
2145,0
0,7853
0,4970
0,6477
1392,0
2535,0
0,7886
0,3657
5969,0
0,8999
0,5492
6284,0
7393,0
9758,0
0,6928
0,2611
0,8161
0,7038
603,0
0,2205
7535,0
4716,0
8111,0
0,4289
7936,0
0,5832
0,7436
0,8505
6529,0
4233,0
0,3210
0,5842
9641,0
0,6345
8221,0
6188,0
0,3698
0,5018
0,5260
0,9296
0,4097
0,5480
0,3574
0,2173
0,9980
0,7657
0,6407
6667,0
5109,0
3177,0
1717,0
1487,0
8326,0
0,6590
5828,0
1902,0
928,0
2722,0
0,3128
0,7370
0,7284
0,6688
0,1949
4627,0
8875,0
0,7971
7074,0
3346,0
0,6141
5547,0
5515,0
0,2242
3768,0
0,6891
8144,0
1634,0
7961,0
1704,0
4544,0
0,4550
0,2966
4931,0
3187,0
5690,0
1022,0
0,3381
0,7665
8677,0
3172,0
2418,0
0,3694
0,6032
0,3212
0,8379
2479,0
5145,0
0,2620
1383,0
0,6873
0,6969
0,6190
5283,0
0,7687
3004,0
1118,0
0,992
0,1983
0,8104
0,5228
0,2843
0,6430
0,4284
3581,0
7135,0
9348,0
0,5233
2152,0
0,8797
0,7272
3220,0
0,1798
0,2122
0,1808
6251,0
0,1247
0,8911
320,0
0,2599
0,3551
0,2075
0,795
92,0
6464,0
3718,0
5124,0
8259,0
0,1573
0,7050
1613,0
2336,0
0,6067
1960,0
7002,0
0,3973
0,6741
0,5898
8140,0
3426,0
8704,0
5460,0
1093,0
2184,0
0,5799
0,2613
0,5963
5159,0
4305,0
1929,0
6989,0
6467,0
0,8254
0,1323
0,5309
0,3296
0,9267
0,5667
3604,0
0,7211
8103,0
0,4824
2409,0
0,3588
0,3492
3505,0
0,8996
9457,0
0,3229
7993,0
0,8408
8433,0
3894,0
0,2494
3248,0
4087,0
0,8572
9401,0
0,9546
0,5786
8715,0
5168,0
0,1514
0,1042
1614,0
0,4529
8657,0
9858,0
8466,0
7215,0
0,4780
5954,0
0,2763
4735,0
0,5231
627,0
5100,0
8121,0
2809,0
1480,0
0,9493
8410,0
0,641
3808,0
8241,0
0,3142
3613,0
4667,0
0,4211
8428,0
0,8782
0,580
5567,0
0,8356
7339,0
5107,0
4956,0
3322,0
9268,0
0,5013
7116,0
0,4326
4166,0
0,4229
1082,0
0,7332
8428,0
0,4010
0,4491
0,4445
0,8121
0,3545
7068,0
0,6928
0,1790
4375,0
0,8207
9455,0
1851,0
0,7835
2434,0
0,7659
5763,0
7320,0
0,90
9019,0
0,2052
0,3992
0,2775
7853,0
8516,0
0,223
0,1341
3324,0
0,4446
0,8414
6301,0
0,1314
0,8008
2909,0
0,541
6991,0
8310,0
6285,0
0,972
5375,0
9521,0
0,4454
0,3337
6657,0
5637,0
0,9586
0,8358
0,8245
5769,0
3435,0
7662,0
0,1745
4958,0
2867,0
6110,0
4256,0
2396,0
0,4004
267,0
0,8144
0,3186
6074,0
8578,0
9412,0
0,3500
0,7844
0,6573
7264,0
7569,0
1096,0
2443,0
0,3218
7628,0
3196,0
7479,0
0,4394
0,6079
0,3592
0,2285
2926,0
0,5051
0,5748
0,8433
0,4147
6443,0
8097,0
8977,0
1785,0
0,3
3521,0
0,6357
5091,0
0,4922
6284,0
1373,0
3967,0
4259,0
0,2859
2125,0
0,5529
0,2978
7641,0
0,594
0,4647
336,0
5683,0
0,7567
6958,0
7217,0
0,6280
6964,0
7191,0
8037,0
6888,0
7389,0
0,4584
0,4889
9362,0
2044,0
6358,0
6668,0
5696,0
0,6130
782,0
0,5698
8386,0
0,1635
2230,0
0,3456
0,3166
4322,0
7213,0
0,8850
0,2513
5360,0
2121,0
1775,0
0,7925
0,2259
2828,0
9476,0
3957,0
5646,0
0,7607
0,8103
9949,0
7141,0
7480,0
0,2778
0,6551
4820,0
0,6017
0,7916
0,6317
4562,0
0,5896
0,3686
2244,0
9818,0
0,4608
4983,0
0,4806
0,7382
1959,0
0,2904
5393,0
9942,0
4316,0
8930,0
0,4188
0,4673
0,3087
3143,0
0,8079
2817,0
0,8334
0,8723
0,3939
0,3762
2626,0
0,6444
0,5634
0,6717
6306,0
7146,0
5768,0
0,6872
0,3166
7670,0
4796,0
3182,0
1,0
0,3644
5145,0
0,2476
0,3316
0,8980
0,2554
1183,0
0,2670
0,4284
0,1177
4075,0
2208,0
0,7264
0,1719
4446,0
0,3124
0,3282
9628,0
0,5774
5590,0
5668,0
0,2018
0,7315
0,7707
0,7468
0,7094
9602,0
550,0
0,5544
0,2149
0,461
1716,0
0,5739
0,8035
0,9529
5475,0
4395,0
2,0
4495,0
0,3869
0,9067
4314,0
0,2849
6351,0
5364,0
4007,0
0,3220
0,7808
0,3905
497,0
892,0
3814,0
2850,0
0,5223
0,7469
0,4508
5088,0
0,6156
5020,0
0,5093
0,3076
8504,0
0,8440
0,4185
0,4349
4237,0
0,1595
0,3522
0,5736
3677,0
6031,0
0,4913
3959,0
0,5269
4472,0
0,3631
0,3775
1964,0
6601,0
0,5978
0,2880
6862,0
4752,0
5145,0
0,5807
0,1053
0,3615
0,1376
6176,0
1458,0
1459,0
0,4248
0,6951
4583,0
0,1357
0,6973
4955,0
0,4845
0,1878
8019,0
0,7874
0,3179
8196,0
3959,0
0,6203
0,5489
2335,0
5585,0
0,3453
9456,0
4882,0
7112,0
0,4423
0,4489
2418,0
0,8702
5198,0
5323,0
0,1720
0,2964
5496,0
5180,0
0,5880
3105,0
0,4792
7548,0
5938,0
0,7924
4224,0
0,9228
4649,0
3518,0
0,5968
0,8103
5572,0
6081,0
0,1954
0,7623
5982,0
9285,0
0,4318
4660,0
0,9330
7783,0
2974,0
0,6682
0,2666
0,6687
0,3073
0,1943
1147,0
7770,0
4495,0
9690,0
9475,0
8201,0
7070,0
4351,0
2181,0
0,6334
0,8715
0,9441
0,8920
6244,0
0,5673
7374,0
8431,0
2775,0
0,48
7408,0
4705,0
7377,0
0,3138
5883,0
0,6974
0,5269
1607,0
0,4727
2566,0
624,0
0,4017
0,3838
3436,0
727,0
8140,0
3613,0
8540,0
1338,0
1191,0
3413,0
3545,0
0,5701
5687,0
0,173
0,6470
0,4005
7631,0
9866,0
2554,0
307,0
6779,0
3865,0
0,7883
0,3957
0,4858
7019,0
1117,0
4459,0
6495,0
9250,0
0,9734
0,1936
6639,0
2806,0
0,7073
0,2018
6574,0
0,4643
0,7464
0,8418
0,6405
4791,0
8615,0
1286,0
0,4790
5772,0
0,4244
4962,0
0,3474
7535,0
3317,0
0,8230
6353,0
6681,0
0,6928
96,0
0,3890
8910,0
0,3839
0,4114
0,3372
3206,0
8637,0
0,3252
5401,0
3974,0
0,1311
0,7635
5576,0
4209,0
0,8730
5370,0
0,6239
9015,0
3846,0
4014,0
0,6121
0,9444
8916,0
9870,0
0,9181
2877,0
7010,0
0,89
0,1740
0,5439
0,9561
0,3881
6177,0
4883,0
0,9964
3608,0
7358,0
0,1731
1418,0
5553,0
644,0
984,0
0,7838
753,0
4803,0
0,8236
0,1456
6403,0
0,7982
0,4785
3250,0
0,5469
0,6021
0,6464
0,8168
4316,0
0,5010
2721,0
0,3222
8540,0
0,2815
1380,0
0,8018
6334,0
3826,0
4382,0
1961,0
0,7104
7694,0
0,7269
0,5598
0,5562
4020,0
0,7275
6001,0
0,8255
9013,0
0,2828
0,6372
0,7879
0,3726
4472,0
0,8251
4526,0
4345,0
9149,0
0,2667
5433,0
0,9391
0,3714
0,2574
9054,0
4190,0
7262,0
0,2732
0,3254
2114,0
3428,0
2603,0
5774,0
0,1298
0,5272
0,1479
8431,0
2945,0
0,5542
0,4656
3058,0
7262,0
0,8841
7307,0
8805,0
7635,0
2681,0
4879,0
5084,0
0,4281
1401,0
0,2514
7440,0
0,5367
5279,0
2725,0
0,5585
0,3902
0,8126
6359,0
6210,0
0,4933
9363,0
1527,0
0,1386
0,6268
3185,0
0,2087
0,4826
7113,0
0,2569
0,4362
0,940
0,9026
2506,0
0,6159
0,5679
0,925
0,5884
0,5865
0,4842
5002,0
8761,0
2185,0
0,9597
0,6830
0,7566
6718,0
0,5621
0,8083
5538,0
2645,0
0,489
9531,0
0,1101
0,6555
5818,0
0,6828
0,7305
0,4022
4771,0
0,6420
6527,0
0,1827
5166,0
0,3632
4523,0
6520,0
2872,0
0,7649
0,4207
2665,0
2834,0
0,5585
7565,0
8449,0
7493,0
7633,0
0,4275
0,1450
2989,0
3719,0
6731,0
0,9487
0,3079
7045,0
2439,0
0,3199
0,2733
3761,0
7208,0
7235,0
0,5125
3124,0
3039,0
0,3293
0,6704
6664,0
0,7349
3789,0
8194,0
0,5127
0,7981
0,9701
0,5533
0,1360
0,6803
0,9952
7516,0
2836,0
0,5023
3830,0
0,2228
6708,0
3430,0
4938,0
0,7474
6079,0
0,6117
4023,0
0,3081
0,2111
1777,0
0,2858
4022,0
0,5770
7239,0
7325,0
5797,0
0,7287
0,5781
3140,0
5429,0
0,8529
0,2192
6022,0
5787,0
0,6364
0,7651
0,2666
0,1747
1902,0
2923,0
0,3610
4662,0
4176,0
0,1659
0,4363
0,6208
0,3041
4784,0
0,6551
444,0
4483,0
8416,0
6555,0
0,5590
0,9862
1794,0
0,4265
6973,0
0,5088
4080,0
0,507
7636,0
0,6026
0,5414
5851,0
8282,0
4899,0
2668,0
2569,0
5069,0
0,5706
7777,0
3352,0
0,1260
5804,0
0,4495
6911,0
0,2295
0,6992
6978,0
0,6804
0,7143
0,3645
0,9719
3552,0
8033,0
5566,0
0,3186
2170,0
5956,0
8329,0
0,1350
8286,0
7604,0
580,0
0,2760
4441,0
0,7510
0,4055
0,4790
0,1407
9663,0
8657,0
0,2253
9485,0
0,7282
6220,0
0,8477
8189,0
0,3162
4246,0
0,7758
3297,0
5435,0
4363,0
6574,0
0,8198
4517,0
3351,0
4389,0
0,8416
0,3286
0,8348
0,6352
0,5643
0,1985
0,7383
7392,0
1467,0
5965,0
0,4709
1288,0
0,4666
4320,0
0,2522
0,8468
0,9317
0,7648
0,2337
2188,0
4961,0
0,2883
0,5581
3298,0
0,6669
7049,0
0,1419
1445,0
3078,0
0,4383
5078,0
0,7884
0,2906
0,9068
5210,0
0,7739
0,637
7445,0
0,3172
0,6469
0,6342
0,2948
476,0
6773,0
4200,0
0,6370
3512,0
7583,0
0,9633
0,8650
9688,0
4590,0
0,8101
0,5076
0,1536
0,5388
0,756
0,2966
4411,0
0,1314
0,2679
7662,0
3176,0
1402,0
0,7324
0,603
0,2420
2165,0
0,4291
1023,0
0,2214
0,9345
2647,0
0,2463
0,7939
0,3321
3243,0
5290,0
1923,0
895,0
0,9055
0,1738
6931,0
0,4996
3121,0
4418,0
0,5026
1348,0
2952,0
0,9194
0,6490
5695,0
5993,0
5325,0
0,4408
1585,0
9897,0
2665,0
3607,0
0,6571
0,8392
0,899
1531,0
138,0
7382,0
4234,0
0,5824
0,4251
7706,0
9697,0
0,2625
0,7986
0,3229
0,1911
0,228
0,7171
0,5635
0,7254
5835,0
0,4021
9155,0
0,1823
8013,0
5925,0
6566,0
0,4781
0,4738
4187,0
4467,0
5505,0
9552,0
6667,0
1247,0
0,2231
5910,0
0,2722
1770,0
0,5952
0,7579
9630,0
4931,0
7351,0
4163,0
6838,0
0,6699
6221,0
0,6934
7696,0
3435,0
4880,0
1809,0
0,6751
9105,0
4869,0
0,1149
4866,0
0,3497
0,6737
9738,0
0,3243
9933,0
0,8597
7859,0
0,1574
0,8652
6798,0
0,2290
0,6987
0,4571
0,8444
0,6456
0,5147
0,705
5054,0
2802,0
0,3209
5334,0
0,8165
0,8460
1046,0
4787,0
0,741
5337,0
4494,0
3365,0
0,4187
0,1196
0,6214
3244,0
0,8754
6045,0
0,4138
0,936
0,5913
1392,0
1692,0
5120,0
0,1623
9806,0
1851,0
7826,0
0,5168
0,6093
6333,0
0,2957
8240,0
7094,0
4716,0
0,5063
0,5257
1819,0
3186,0
0,3596
4796,0
0,6729
1297,0
3578,0
1807,0
0,3136
0,9053
8243,0
897,0
0,9562
4811,0
287,0
0,4461
887,0
2701,0
0,4492
9019,0
0,4237
5960,0
4226,0
458,0
0,7677
4340,0
2178,0
0,843
0,4182
2986,0
0,4011
0,1906
4819,0
0,7716
8119,0
2043,0
2968,0
0,2090
0,4390
0,5531
2221,0
0,209
5793,0
2599,0
0,4259
9057,0
3697,0
0,5560
5819,0
0,6386
0,234
0,3065
0,921
0,6696
3819,0
0,131
8649,0
0,462
5217,0
0,3028
0,449
0,3849
0,6466
0,8276
3307,0
0,2665
0,4121
0,3639
0,1029
1303,0
7817,0
0,1920
0,4593
0,1224
5386,0
0,4711
7705,0
5571,0
0,4731
2900,0
0,8953
0,3631
5501,0
2566,0
0,9267
0,7052
5409,0
7171,0
1301,0
0,3899
0,2758
0,8226
0,1777
3652,0
4728,0
4204,0
7152,0
2507,0
0,4247
0,6313
6106,0
0,6113
0,2330
285,0
0,7751
1094,0
8843,0
0,787
2800,0
5777,0
603,0
0,279
5123,0
0,4507
0,5724
4403,0
0,4242
0,4673
6332,0
0,4437
0,8163
9546,0
0,3906
2619,0
5649,0
6021,0
0,4043
0,2733
4116,0
6113,0
8740,0
0,1725
0,4805
5870,0
9181,0
2521,0
0,918
9006,0
3062,0
8491,0
951,0
0,7746
0,5819
0,4686
2805,0
4408,0
0,8602
8938,0
5470,0
0,2191
281,0
1704,0
0,7935
2023,0
4626,0
0,5139
7584,0
0,5363
0,4012
0,5878
0,2393
1514,0
6158,0
0,1633
0,3522
3664,0
0,8019
0,5632
7073,0
8358,0
0,5708
0,7978
6653,0
0,3935
1063,0
0,8363
7319,0
0,1362
5208,0
5129,0
5953,0
0,359
0,2981
2242,0
5365,0
0,5819
7531,0
0,9531
9260,0
0,1895
0,3265
1793,0
0,8970
3441,0
0,6136
8857,0
4299,0
7257,0
0,1790
8666,0
1670,0
2001,0
1128,0
0,1854
0,1275
6897,0
0,3705
7291,0
4698,0
7068,0
0,3427
0,6961
8775,0
0,6520
0,3682
9438,0
0,2283
2360,0
0,8121
0,1494
0,6334
0,4209
2720,0
3889,0
0,9183
0,4932
0,636
0,1239
0,1443
0,2434
0,111
0,5238
0,2840
7990,0
0,5073
3171,0
5608,0
0,4541
0,2159
1549,0
7568,0
223,0
5194,0
7299,0
0,7005
5501,0
0,8753
2053,0
0,630
3350,0
0,6861
6040,0
0,8389
8708,0
0,1850
0,3741
0,4724
4667,0
0,1627
3618,0
0,9177
3339,0
0,1257
0,8695
9339,0
4659,0
0,6103
0,4555
0,3468
6413,0
3527,0
5399,0
0,6389
0,8557
9279,0
0,6876
0,4613
0,2769
6372,0
0,4255
7463,0
7482,0
0,6192
4907,0
4443,0
3934,0
1070,0
8994,0
1058,0
0,9098
3784,0
4154,0
5077,0
0,2041
0,1682
6506,0
2622,0
6037,0
0,1885
0,4795
0,2085
0,1505
0,1298
7106,0
0,5039
0,1665
0,1419
2948,0
5279,0
0,7204
0,2856
7422,0
0,4757
0,8789
0,3236
0,3154
0,5894
5795,0
5473,0
5340,0
7773,0
0,9537
0,5064
0,439
1479,0
8502,0
1793,0
0,4146
0,6764
0,6889
0,8038
1916,0
0,5708
6139,0
0,6790
0,7428
0,4607
0,2551
0,4972
7928,0
6450,0
2039,0
0,6921
2074,0
7222,0
0,8180
0,9121
3836,0
5156,0
0,4249
4431,0
0,7684
0,3288
0,6103
9549,0
9148,0
0,4008
4376,0
0,4887
6263,0
2799,0
5039,0
0,4981
0,5081
3150,0
5153,0
1709,0
6558,0
0,5545
0,9541
4859,0
6415,0
5779,0
0,3787
5849,0
0,8382
4925,0
2579,0
5705,0
0,9623
0,5178
5449,0
6054,0
1094,0
9185,0
7183,0
6622,0
0,7877
69,0
4997,0
4452,0
0,6137
0,3699
0,6943
3038,0
0,9213
0,5080
0,9120
0,4420
1195,0
3053,0
0,3570
8024,0
0,4533
2512,0
7292,0
4314,0
6455,0
0,7755
0,2286
0,4699
0,8037
8107,0
9773,0
0,9304
0,302
6675,0
6848,0
0,6455
0,6153
0,339
5950,0
6613,0
0,6772
9192,0
3159,0
2289,0
8506,0
1729,0
0,6164
0,5662
2695,0
0,4728
0,9368
6498,0
0,4838
0,2825
4096,0
0,6620
0,7515
6505,0
0,7617
0,1634
0,1208
4423,0
4573,0
0,4083
0,3020
0,1230
0,7537
0,4814
3362,0
0,3763
0,9479
0,8661
0,704
5889,0
2784,0
0,9030
462,0
6876,0
0,4613
8787,0
0,7159
9560,0
0,4283
0,3961
0,7237
0,5215
0,6059
0,9089
0,2279
5058,0
0,3937
0,4695
0,4805
0,8611
0,6908
0,8979
0,5447
0,7448
0,2945
5456,0
0,3708
0,2901
3804,0
0,4787
0,5835
181,0
0,9019
0,1413
4016,0
5151,0
2153,0
0,8262
7241,0
5492,0
4199,0
0,3159
6086,0
0,1009
6527,0
0,1599
0,8496
9065,0
0,631
0,51
7622,0
883,0
0,9050
0,6653
0,1862
2739,0
0,3742
4455,0
0,4174
0,4927
8863,0
3118,0
0,2860
0,3543
4838,0
4815,0
5310,0
2920,0
0,2514
3634,0
0,5659
756,0
0,9581
0,7943
0,5030
1941,0
7898,0
4029,0
0,7899
1188,0
7506,0
0,4449
0,9048
0,8162
0,6330
0,5701
3992,0
6676,0
8621,0
1316,0
2042,0
0,4977
0,2539
9703,0
0,3109
0,3609
0,5651
0,6184
0,6045
1832,0
0,5055
0,5567
2957,0
0,2516
0,8108
0,2445
6228,0
0,4230
6042,0
8584,0
6801,0
0,5352
520,0
0,3140
4696,0
3385,0
0,1743
78,0
4971,0
7868,0
8359,0
0,2399
8347,0
0,783
0,3249
1310,0
0,5140
5608,0
4098,0
0,5127
0,9347
0,1152
2393,0
7747,0
9304,0
1811,0
0,4913
0,3009
0,5613
3199,0
0,5397
6239,0
1814,0
4697,0
0,3533
8142,0
0,2520
1448,0
0,4739
1827,0
0,4988
7665,0
3026,0
0,1187
2111,0
0,3054
0,3968
5655,0
3186,0
0,7553
9010,0
2902,0
4940,0
4756,0
1795,0
4851,0
5502,0
0,7315
4274,0
7008,0
3932,0
6635,0
0,6758
0,6608
4690,0
0,3090
0,3450
4226,0
0,5427
0,6960
0,6052
0,7505
0,2060
0,1234
5455,0
0,6027
3618,0
0,6629
0,5385
905,0
6488,0
0,8105
7042,0
0,8570
0,8523
0,5036
0,3387
3898,0
8350,0
5744,0
5168,0
9393,0
8961,0
6419,0
0,2851
0,2112
6441,0
5174,0
626,0
0,3809
0,4284
0,4023
5874,0
4964,0
3757,0
5253,0
6828,0
9550,0
3266,0
0,3270
0,4541
2265,0
0,5728
4586,0
0,2605
0,9539
3818,0
0,5487
0,2666
0,8249
0,1608
0,3674
4604,0
0,3546
5303,0
6218,0
0,6152
762,0
0,2788
0,2966
7229,0
0,7859
3765,0
5437,0
0,1693
0,6306
0,4560
0,7731
1002,0
0,6678
0,971
0,5827
0,5083
75,0
2194,0
7798,0
4457,0
5129,0
0,1160
8093,0
0,7043
4547,0
0,483
0,4079
0,6573
6189,0
8394,0
0,3206
1530,0
0,4775
0,6497
0,52
5282,0
6196,0
0,7814
0,5842
4554,0
0,4119
3462,0
1822,0
4436,0
9997,0
0,4227
3136,0
0,1496
0,7182
3398,0
0,7677
0,7726
4396,0
0,1388
7209,0
2956,0
0,7596
4593,0
7541,0
6371,0
0,1124
0,1756
1510,0
0,6869
0,5665
1581,0
4578,0
7181,0
5662,0
0,6580
0,5298
7179,0
0,6697
4190,0
6160,0
0,5979
6963,0
0,9394
7665,0
0,902
0,3843
7956,0
7186,0
0,4211
4539,0
0,5474
9002,0
0,3046
5716,0
0,7749
0,6917
7807,0
0,4469
0,2030
7347,0
0,4204
2855,0
0,4516
3498,0
1244,0
0,5775
5418,0
0,1363
1292,0
6898,0
4105,0
2488,0
6427,0
0,5995
0,4048
0,9513
6499,0
6676,0
0,8112
0,6348
0,6548
6961,0
0,9106
0,523
0,3030
5096,0
0,5540
1769,0
2149,0
1295,0
1443,0
5475,0
0,8420
0,6722
0,7929
0,3515
9562,0
5970,0
0,4858
0,3784
4988,0
0,2652
4571,0
0,4337
2595,0
0,5369
0,2680
0,9196
8862,0
0,7395
6744,0
3035,0
8411,0
0,5405
0,4906
0,3650
3030,0
0,3878
4756,0
0,3611
0,522
3509,0
2564,0
0,3681
0,5902
0,6104
4027,0
0,6914
0,6634
2606,0
2119,0
5517,0
0,5757
0,6501
7117,0
5439,0
0,3725
4043,0
4066,0
0,3613
8413,0
5680,0
0,2983
0,8093
5255,0
2023,0
6303,0
0,5040
0,6567
5175,0
7216,0
4832,0
0,1431
0,4734
0,8531
816,0
0,6469
0,3640
0,2469
0,8583
6586,0
4712,0
0,3114
1853,0
1492,0
1114,0
0,4943
6974,0
0,5832
0,6652
0,2080
0,4550
0,586
6868,0
8259,0
4181,0
2877,0
4214,0
0,9459
8725,0
0,5160
0,3876
7549,0
0,9083
5263,0
8392,0
9453,0
0,4080
7523,0
5352,0
0,3728
0,5368
0,1881
0,5064
6457,0
0,1137
0,8559
0,3084
0,4200
0,7656
6603,0
0,6968
4185,0
0,2558
0,1624
0,5933
0,7116
0,2114
5502,0
0,5070
8352,0
0,4654
5673,0
3064,0
9063,0
0,8098
2283,0
6880,0
0,6197
0,4252
1670,0
7288,0
6635,0
0,4058
0,4955
0,6199
6343,0
0,9139
0,9076
1895,0
6903,0
0,3898
5048,0
8613,0
5155,0
0,7288
3083,0
2848,0
0,6558
0,7039
9955,0
9643,0
0,3093
0,9750
0,76
3318,0
0,2882
0,3450
0,8100
0,7433
0,4101
4843,0
4454,0
0,4553
4707,0
0,6996
0,4775
0,3989
9337,0
7053,0
0,5014
629,0
3008,0
4574,0
8638,0
0,1088
2598,0
5453,0
5802,0
4888,0
0,6173
4486,0
0,331
0,2099
0,6512
8674,0
5764,0
0,4556
0,9611
4892,0
0,380
8938,0
8202,0
0,8548
9821,0
1579,0
3792,0
2299,0
6713,0
9073,0
2351,0
0,6735
103,0
0,5602
5670,0
0,3406
4756,0
0,7690
4278,0
0,4475
0,9925
374,0
5222,0
4070,0
0,6765
3014,0
6598,0
2623,0
0,5345
0,1431
5355,0
8119,0
0,6577
2529,0
0,9072
0,5730
3911,0
6052,0
0,7495
3780,0
0,6784
4679,0
1522,0
2163,0
3976,0
0,7291
5830,0
4531,0
0,2841
0,4582
7986,0
5404,0
3075,0
0,8524
6123,0
0,8516
6762,0
8148,0
0,4374
4054,0
3887,0
1921,0
4950,0
9517,0
0,8982
3792,0
0,7221
0,8146
7431,0
0,3813
0,5109
6811,0
4565,0
6346,0
0,6413
4239,0
0,7289
0,4893
0,5891
0,5524
5999,0
4075,0
0,4710
3061,0
8866,0
0,5289
0,7747
8751,0
0,9371
8876,0
3480,0
3619,0
0,7802
8478,0
5829,0
7531,0
2045,0
0,3363
7755,0
7569,0
0,802
0,2118
0,9584
8620,0
2236,0
0,9655
0,8137
7087,0
0,8131
8610,0
5868,0
0,3541
7304,0
0,6901
0,5425
4909,0
0,2998
0,2672
0,8280
4065,0
0,6880
1676,0
0,5388
0,5504
0,6859
4891,0
322,0
6497,0
8304,0
1255,0
5538,0
4152,0
1535,0
1162,0
0,1242
0,5679
418,0
0,7252
8705,0
1771,0
6911,0
2002,0
1909,0
0,7918
8627,0
5880,0
6186,0
7779,0
6869,0
0,1083
6254,0
4690,0
9233,0
5604,0
0,7482
4100,0
0,1957
6397,0
0,3833
0,7197
0,4896
0,7048
0,7270
7997,0
0,5239
9369,0
8591,0
0,9886
9741,0
6869,0
0,4205
0,1536
0,4991
2679,0
3245,0
5857,0
0,2515
5846,0
0,4044
0,2979
4810,0
1627,0
0,8649
5456,0
2887,0
0,3740
7825,0
0,8217
9310,0
0,5060
2257,0
2992,0
4692,0
0,6544
5294,0
0,9742
0,6922
4586,0
0,3838
242,0
0,6823
0,5145
0,2977
5622,0
7056,0
0,2021
0,6244
8299,0
0,1229
7673,0
0,2368
6269,0
0,406
1062,0
2940,0
0,3314
6202,0
0,9800
0,7592
0,8826
0,6072
0,3772
0,5456
8371,0
0,5709
0,8577
5454,0
0,161
5386,0
4194,0
0,5053
0,3433
0,4531
6112,0
0,5864
6650,0
0,6650
0,6416
0,5635
0,6460
0,8423
0,4011
3486,0
0,1640
8276,0
3221,0
0,3275
0,9279
0,7705
0,3073
1319,0
0,2421
0,2426
3024,0
0,2024
0,6388
6933,0
7002,0
1839,0
0,7661
4980,0
3955,0
2066,0
0,6883
0,6706
2099,0
670,0
5815,0
9764,0
6355,0
4503,0
5188,0
0,3637
0,4474
0,8670
0,6523
7490,0
1215,0
0,5633
0,5482
0,1562
0,7276
5311,0
0,360
0,1528
1997,0
4338,0
8993,0
8087,0
0,3524
0,4094
0,6104
9185,0
7886,0
0,3182
2787,0
1213,0
0,3980
0,2134
0,3467
0,8252
7000,0
0,7754
697,0
5974,0
6443,0
0,6273
0,737
8044,0
7983,0
5673,0
0,7625
4144,0
1652,0
0,9122
6585,0
0,3191
0,3713
0,3848
0,674
0,6133
6849,0
4515,0
4290,0
0,3701
9927,0
0,3128
0,6429
0,505
1543,0
0,1702
9499,0
0,4941
4277,0
1253,0
4918,0
0,5562
5842,0
4421,0
2546,0
7969,0
0,5885
0,4433
0,3050
0,1585
7086,0
6042,0
0,6282
0,3005
0,3655
8959,0
0,7278
3922,0
4061,0
6551,0
0,9314
5820,0
4426,0
0,2676
4452,0
0,9127
5542,0
2110,0
9457,0
3925,0
3783,0
0,9299
5515,0
0,9018
2072,0
0,7189
0,829
0,48
7657,0
0,1594
3664,0
8514,0
0,9254
0,1934
0,4212
8796,0
0,4677
5208,0
6694,0
3823,0
0,5264
0,8616
7135,0
0,4808
2611,0
683,0
2912,0
0,4159
0,9698
0,2941
4634,0
0,5044
382,0
0,666
0,9014
9909,0
30,0
2737,0
0,8514
0,9821
1821,0
6267,0
0,6342
0,5783
3008,0
8100,0
0,7526
2430,0
0,526
0,6658
6899,0
2064,0
0,6202
2436,0
0,1684
0,4174
0,5291
0,5513
6794,0
0,9928
0,3134
0,5489
0,6944
7234,0
2609,0
2874,0
0,5639
0,1073
0,7780
3481,0
5450,0
0,1682
0,7799
4574,0
2315,0
5450,0
0,7582
0,8362
1904,0
6390,0
0,6279
2954,0
0,902
5109,0
27,0
0,2438
0,1829
0,4713
5710,0
2776,0
0,8455
9767,0
0,3903
4873,0
0,4317
1865,0
6263,0
0,9752
0,4882
4193,0
0,4839
6791,0
4779,0
0,2584
0,6635
1580,0
0,4800
9577,0
3839,0
0,1643
4208,0
0,4155
3569,0
0,1226
6056,0
4849,0
8814,0
0,6234
0,1601
9747,0
5739,0
0,4609
8624,0
1249,0
0,4097
0,3164
0,3308
2565,0
4795,0
0,6424
6435,0
0,3111
0,1996
3072,0
0,4503
4658,0
1401,0
5475,0
0,6167
0,4138
0,4154
0,2996
0,7950
3666,0
0,1337
0,4215
2809,0
1405,0
7157,0
7251,0
8887,0
0,8362
6535,0
4263,0
2144,0
8184,0
1650,0
0,3762
0,5813
0,424
6041,0
0,9985
1762,0
5899,0
0,9491
4820,0
0,5653
1237,0
0,4895
0,6265
0,2576
0,9948
0,5123
2652,0
4664,0
0,7758
0,6096
0,2118
2724,0
2694,0
7441,0
0,5910
6974,0
0,8257
0,3462
2273,0
2308,0
0,6844
5131,0
1993,0
5282,0
3570,0
0,9332
0,4972
2589,0
0,5091
2293,0
0,4319
0,466
1067,0
3697,0
0,3221
2181,0
0,7878
5712,0
0,4038
0,3824
6742,0
2487,0
0,2696
0,9147
0,4819
0,4730
8681,0
0,1046
0,6829
4385,0
0,2412
6958,0
2641,0
4287,0
0,5724
8872,0
0,2961
1626,0
1692,0
0,6998
7110,0
0,3909
5235,0
2808,0
3962,0
0,3769
0,4547
8965,0
0,1874
4544,0
0,1545
1633,0
4672,0
0,3997
4697,0
0,4956
0,8554
0,2875
4487,0
0,3952
9694,0
0,4510
0,7267
2317,0
0,1225
0,3668
6906,0
0,1017
0,7028
9373,0
0,8056
0,6504
0,2657
9270,0
0,5581
6827,0
0,5750
3791,0
0,7707
0,2692
0,3412
0,7952
3584,0
0,3275
3067,0
7521,0
0,2638
0,7218
0,4461
4826,0
0,8225
2866,0
7078,0
7612,0
0,7751
7378,0
0,3207
5834,0
6919,0
0,1970
0,4636
0,3617
7727,0
2852,0
181,0
5028,0
0,5082
0,4854
3855,0
0,3909
0,8053
0,6562
0,3479
0,6956
5352,0
0,2382
3357,0
0,1855
4527,0
3379,0
3921,0
0,6167
0,3065
4566,0
5674,0
0,5224
4908,0
5497,0
0,2594
0,1395
0,9671
0,9574
9348,0
0,9405
7617,0
0,4926
0,6211
0,7348
4813,0
0,8933
4763,0
0,4920
7081,0
3967,0
0,4585
0,6806
9220,0
0,7468
5095,0
0,8715
0,5589
9048,0
0,1284
0,6388
0,1511
5117,0
5472,0
0,4891
1687,0
0,766
0,7169
0,7185
5166,0
1040,0
4500,0
1504,0
0,4294
0,7736
0,3201
7839,0
0,4485
4570,0
3962,0
3109,0
0,3752
2077,0
0,9945
4750,0
7512,0
1735,0
9322,0
0,5167
5367,0
6790,0
4210,0
4634,0
2438,0
7412,0
0,4578
0,1334
5451,0
0,1927
0,5628
4394,0
7364,0
0,7512
0,3117
0,5828
7059,0
9057,0
2050,0
2827,0
1683,0
0,3627
0,3643
5800,0
8193,0
5283,0
0,7108
2662,0
561,0
2554,0
0,4749
0,6511
1724,0
0,2070
0,6814
0,8156
5438,0
0,1770
4313,0
0,8782
1415,0
0,1349
0,2026
2981,0
0,779
0,4213
0,5023
2067,0
5857,0
0,6607
1934,0
5459,0
0,4011
0,8981
0,4077
0,4575
3184,0
0,7677
0,9090
4977,0
933,0
0,3411
0,4018
1829,0
0,7728
4907,0
0,5883
5271,0
8602,0
0,9270
5075,0
0,1872
7750,0
0,4387
0,3255
1132,0
0,5667
4774,0
0,5777
1761,0
0,2891
0,5518
4553,0
5032,0
5130,0
0,1313
1708,0
0,5764
0,3560
0,6020
2398,0
0,1416
0,4171
0,5107
2367,0
0,4043
0,8860
8209,0
0,4146
0,4685
0,5758
5961,0
0,49
0,6080
0,3579
1988,0
8113,0
0,7822
3626,0
0,5382
0,4508
9281,0
0,908
5631,0
0,1923
0,4990
0,2668
3335,0
491,0
0,2624
1788,0
5064,0
0,4361
0,6892
0,5712
3118,0
1608,0
1647,0
4835,0
4716,0
0,5703
0,1851
2699,0
2946,0
0,9180
0,1117
0,5606
0,5541
5423,0
6068,0
0,8496
0,6920
2923,0
4663,0
0,3930
0,740
9355,0
7008,0
7642,0
0,7454
0,4853
939,0
4953,0
2335,0
7427,0
0,5412
4998,0
0,5942
0,3624
3890,0
0,1285
0,3564
0,4030
0,1494
8437,0
0,6767
2770,0
0,2974
0,4410
0,8607
7943,0
0,2612
5090,0
7667,0
0,1506
7287,0
5515,0
1236,0
0,7478
0,7668
0,5235
0,3816
4818,0
0,1181
0,2124
0,3886
5330,0
0,3498
0,3673
0,5189
5258,0
2722,0
0,7990
0,2690
6848,0
3915,0
4374,0
0,5087
3473,0
0,7191
0,2848
0,362
0,3038
0,5264
7939,0
5365,0
5178,0
5527,0
8144,0
0,5292
5432,0
732,0
2265,0
1925,0
0,4304
0,4453
0,5534
9210,0
9180,0
6190,0
0,3419
7604,0
6630,0
0,850
8670,0
0,5512
3652,0
8965,0
2667,0
0,2924
0,5492
0,1791
4539,0
3664,0
3630,0
0,3417
0,5851
0,3281
0,655
0,414
0,4203
0,5088
0,1542
0,5167
0,2651
9419,0
4796,0
4308,0
0,8736
6667,0
0,8619
0,2219
0,8183
8812,0
0,2259
5021,0
7656,0
162,0
2831,0
1156,0
0,4682
6171,0
1727,0
0,6212
0,5404
0,4166
6363,0
1488,0
0,3152
9946,0
0,2002
9046,0
3850,0
4535,0
3197,0
3880,0
0,4981
0,1948
6856,0
5329,0
4111,0
5282,0
0,2828
4655,0
0,3532
6691,0
0,8560
0,7560
2352,0
5935,0
0,8213
3426,0
0,7130
0,5268
5874,0
5249,0
0,7575
0,3567
0,202
0,1614
2823,0
0,4316
7832,0
0,5964
8557,0
0,3821
7245,0
7661,0
9508,0
0,2037
0,6531
0,1054
7216,0
1992,0
0,1999
0,7317
0,3315
0,715
0,4412
5582,0
0,8799
2441,0
0,6318
0,1262
5007,0
3805,0
8907,0
0,7815
0,5929
0,3977
1394,0
7153,0
5338,0
0,423
0,6198
4861,0
9032,0
9289,0
0,3505
8708,0
0,5978
0,9660
6973,0
949,0
0,5344
0,5644
0,3668
1046,0
0,4445
5658,0
304,0
6932,0
0,4219
0,5578
5281,0
0,549
4351,0
6119,0
7327,0
0,7302
3991,0
2869,0
0,2751
7926,0
4087,0
5890,0
0,6364
7824,0
0,6119
0,4456
0,7781
7463,0
0,5650
6262,0
4012,0
0,2726
6443,0
0,7516
3551,0
0,4481
0,7105
0,7539
8557,0
0,651
4182,0
0,6976
0,8141
6984,0
0,2999
7090,0
4029,0
0,1781
7100,0
0,6926
0,1544
6338,0
0,2686
0,6749
3435,0
1950,0
0,3398
0,4608
2878,0
0,5555
1719,0
0,3267
6359,0
8023,0
3418,0
6033,0
0,6953
8631,0
0,6984
3894,0
0,8951
0,3483
2311,0
1553,0
4562,0
0,7732
2640,0
0,3371
0,7857
0,85
2584,0
7614,0
0,7868
9196,0
4401,0
0,5082
9032,0
4298,0
5176,0
5040,0
0,2947
4895,0
0,2935
5446,0
0,2068
0,2078
0,3111
1759,0
7336,0
4801,0
7158,0
5503,0
0,2793
0,6999
2516,0
7876,0
0,2156
0,6314
9397,0
0,7006
4437,0
0,2370
6424,0
279,0
0,4599
0,3979
0,2329
4816,0
4514,0
994,0
0,7032
0,8143
0,4329
0,4661
0,5975
0,6861
6561,0
2925,0
0,5624
0,2288
6735,0
0,2039
0,3486
0,5531
847,0
1672,0
627,0
0,4243
8463,0
836,0
0,8017
0,8382
0,6258
6240,0
4173,0
1330,0
9265,0
6902,0
8582,0
892,0
2710,0
3833,0
6030,0
0,3062
0,3423
221,0
5971,0
0,5748
0,9832
2693,0
1322,0
0,6170
5623,0
8248,0
0,4009
4421,0
0,4437
926,0
0,6959
0,1323
7490,0
1584,0
8989,0
0,7459
7707,0
0,3666
7557,0
0,3138
4297,0
5077,0
9900,0
0,6917
0,2150
0,3333
9815,0
0,2736
0,1935
4555,0
7033,0
5218,0
3959,0
0,1430
8766,0
8300,0
0,9906
9594,0
0,5570
6439,0
2684,0
8438,0
8200,0
0,1186
3539,0
2770,0
1893,0
2916,0
0,8932
0,2275
4239,0
0,9476
3226,0
0,2770
2532,0
3974,0
0,3257
5289,0
4572,0
0,2130
0,3569
3450,0
0,4077
0,5328
2863,0
0,5992
0,989
0,7482
1403,0
9274,0
0,1598
0,6246
4879,0
0,4794
0,3491
0,4985
25,0
0,1698
5622,0
7056,0
5017,0
3825,0
0,9123
2106,0
5570,0
3619,0
8378,0
4683,0
0,9746
8094,0
2317,0
9665,0
8397,0
878,0
0,4795
0,8006
1369,0
0,8732
0,6140
0,7035
0,8951
0,6677
0,4783
2216,0
8013,0
3021,0
4534,0
0,4330
0,3126
0,7772
6872,0
0,5230
5076,0
0,4223
0,6830
0,3985
6329,0
0,2290
6421,0
0,7231
6860,0
0,7610
8137,0
7375,0
8016,0
195,0
0,3093
0,5226
0,2863
0,6734
8928,0
0,5497
443,0
7413,0
1824,0
3549,0
0,9508
0,8379
0,5345
0,9564
0,925
4069,0
0,4554
0,7080
0,8022
8262,0
5216,0
7161,0
0,5471
9544,0
8259,0
0,1118
6697,0
0,466
0,8050
3145,0
6840,0
6440,0
0,3697
1522,0
8176,0
0,4326
3838,0
8705,0
0,8860
0,2288
2053,0
1608,0
4888,0
9682,0
0,6511
0,1932
4458,0
0,4742
0,4423
0,6198
0,2978
2043,0
0,6235
3116,0
0,3232
3708,0
3728,0
0,5519
7157,0
3387,0
0,709
1219,0
8764,0
1937,0
1228,0
0,6262
0,8702
837,0
0,6387
0,5977
577,0
9321,0
4918,0
4300,0
0,3762
0,5905
0,5798
0,5498
0,6486
0,1889
0,8539
5098,0
0,9472
0,2325
3979,0
4059,0
0,3971
0,3557
9579,0
3877,0
4363,0
1110,0
0,1477
0,8265
0,888
0,4762
3076,0
0,7880
0,4828
2831,0
0,6137
0,8115
0,4191
5958,0
0,5910
1558,0
0,9292
1763,0
0,5688
4329,0
5152,0
7508,0
6954,0
2598,0
0,4170
0,5915
0,3209
1637,0
0,661
0,3350
4612,0
6034,0
5835,0
1054,0
0,7368
0,3951
1770,0
3143,0
2187,0
4652,0
0,4806
431,0
0,3287
2337,0
5455,0
0,1169
3043,0
701,0
1024,0
0,2230
5842,0
7876,0
0,4494
0,2594
0,8766
0,8701
0,8869
0,1678
0,3495
0,6604
0,2851
6449,0
7315,0
0,3891
0,3619
0,2577
646,0
0,5282
0,2079
5251,0
0,4084
3424,0
0,2949
0,9960
0,1501
3830,0
6392,0
9588,0
0,9039
0,8075
0,9310
0,6162
0,8870
8292,0
0,5456
7329,0
0,3840
0,3330
4975,0
3428,0
4240,0
0,9994
1861,0
0,2720
0,2352
0,5679
1734,0
3826,0
6213,0
0,5731
3971,0
2511,0
0,3141
0,3604
9294,0
5766,0
7849,0
6661,0
2901,0
0,2310
0,7746
4986,0
2150,0
0,6014
5135,0
0,8540
0,5746
0,6128
5791,0
0,6484
0,6894
2717,0
0,5720
0,6535
4120,0
0,1087
0,8304
0,3516
1811,0
0,2474
0,8617
6120,0
8854,0
6121,0
7793,0
0,604
7942,0
2186,0
0,4178
6185,0
0,4228
0,4496
4302,0
0,4043
7669,0
0,9991
5606,0
8785,0
2145,0
0,4357
0,2145
5893,0
0,3510
1937,0
0,4153
9445,0
2666,0
6622,0
5535,0
4106,0
0,1389
0,5894
0,6838
5953,0
0,6960
5306,0
1360,0
1447,0
2021,0
6918,0
2226,0
0,9472
0,1294
5538,0
2798,0
2297,0
0,3218
1791,0
6298,0
9718,0
0,163
5171,0
0,669
0,5759
8147,0
0,6314
0,4498
0,6868
0,733
0,8561
0,520
0,9504
5371,0
6011,0
0,2680
6013,0
0,1420
0,7247
0,2234
0,5902
0,635
0,3412
1442,0
4544,0
1137,0
7482,0
0,4554
4823,0
2708,0
0,8378
0,8364
9720,0
5397,0
4892,0
0,5458
3321,0
6164,0
8065,0
7303,0
0,4768
0,7337
2640,0
5665,0
0,6978
5473,0
0,7999
0,8607
7435,0
0,5044
8747,0
2551,0
174,0
936,0
0,8117
4782,0
7775,0
5023,0
0,9540
7991,0
1811,0
5229,0
0,5468
2268,0
8851,0
3694,0
5124,0
6241,0
0,6266
5621,0
8083,0
3626,0
0,1032
0,2470
1090,0
0,5824
5710,0
5408,0
0,8314
0,1530
4084,0
4080,0
0,4740
7930,0
0,9327
0,2368
0,9533
0,4710
0,1133
0,2672
0,6304
0,2956
0,1818
0,3224
6505,0
5697,0
5820,0
8907,0
6248,0
0,434
7146,0
0,2880
0,1684
3281,0
0,6808
0,5288
6473,0
0,2916
6140,0
7763,0
0,7345
0,4534
0,6941
0,3288
7197,0
0,9291
0,9070
0,6883
6700,0
2294,0
8803,0
0,7026
0,5047
0,6531
0,2802
0,46
4083,0
0,415
0,38
0,6029
0,6388
0,5573
9576,0
347,0
0,6106
5680,0
4293,0
6418,0
0,8024
0,4271
0,2905
2151,0
0,2560
0,6936
0,1383
6185,0
0,9815
1760,0
5045,0
0,6115
0,7663
0,5350
0,5042
2130,0
3457,0
4309,0
4157,0
5135,0
799,0
0,2399
0,8935
0,4234
5638,0
4370,0
3072,0
5105,0
0,3995
7419,0
893,0
0,8242
0,7829
4424,0
0,9043
0,947
0,336
6451,0
5356,0
1727,0
6110,0
1248,0
0,2113
3147,0
1767,0
8803,0
4355,0
4982,0
2976,0
0,4667
4324,0
2982,0
3197,0
2358,0
0,5145
4229,0
0,6005
0,1637
0,2194
0,4412
5130,0
941,0
0,5713
7803,0
4119,0
0,5154
4360,0
0,9440
8917,0
0,5447
4716,0
0,1982
0,5928
5388,0
6533,0
9453,0
3022,0
1478,0
0,4345
5127,0
4530,0
1439,0
9663,0
0,9341
0,7163
6245,0
0,9331
0,9481
999,0
0,1017
3946,0
0,9241
0,1650
0,6573
0,1161
0,4407
411,0
9819,0
0,5309
3416,0
0,5829
0,5531
7574,0
0,3529
0,6417
0,2731
0,677
6265,0
0,8924
0,3513
0,4217
0,7815
4478,0
4216,0
7042,0
0,901
0,7033
6923,0
3684,0
2381,0
0,585
4237,0
2183,0
0,7507
6844,0
0,9360
0,9089
0,1872
3037,0
0,334
0,6238
599,0
0,5769
0,5326
9109,0
0,5648
0,9828
0,84
0,4768
3912,0
7826,0
6205,0
0,7687
5124,0
0,4908
7980,0
0,3427
0,6356
0,3224
4332,0
0,7873
5249,0
5657,0
0,8850
0,9587
0,3672
0,7490
7212,0
0,4567
5143,0
5027,0
2511,0
0,4185
0,4356
0,4366
0,4681
0,7507
3805,0
0,3840
0,5383
0,6974
0,9366
2230,0
7892,0
7579,0
7179,0
0,3997
7953,0
0,1993
0,7607
0,5573
0,835
3897,0
0,8505
0,8269
0,8956
0,2792
0,354
0,7949
2632,0
0,7560
0,7969
3933,0
0,320
0,3886
2462,0
0,9170
1137,0
1659,0
0,3679
5525,0
7370,0
0,7150
0,6310
0,3793
2478,0
0,5736
2199,0
3057,0
0,6379
0,8162
0,6715
6198,0
0,8847
0,427
969,0
4181,0
0,1001
5383,0
2890,0
1341,0
0,1218
0,5298
3397,0
6667,0
1712,0
0,1074
0,4317
0,2277
0,6069
3299,0
3424,0
0,7096
1715,0
0,1515
0,3507
0,1249
1307,0
459,0
6665,0
0,7325
6631,0
4940,0
0,8616
0,4553
0,2669
0,5107
2476,0
5538,0
0,9349
0,2194
0,5941
0,8222
1962,0
0,1722
0,5787
0,4592
0,5366
5088,0
2135,0
2719,0
0,9382
2905,0
0,295
0,8886
4240,0
0,9305
960,0
3805,0
7491,0
2833,0
5731,0
5863,0
5672,0
5571,0
2034,0
0,9812
0,6701
0,7742
4568,0
4793,0
0,7762
1383,0
0,8541
8323,0
0,5198
0,6094
4907,0
3288,0
0,1055
5071,0
2941,0
3964,0
0,1597
2257,0
0,7370
0,5781
0,1984
5734,0
0,3957
0,5544
0,4407
0,4651
0,4874
0,7271
0,7178
6330,0
3947,0
0,663
6849,0
0,8600
0,4305
0,5837
0,3179
0,1936
5639,0
3496,0
4313,0
7182,0
0,6516
0,7026
4814,0
0,3674
0,5242
0,3267
5236,0
5959,0
0,3334
2890,0
0,8771
2775,0
0,7538
1876,0
0,2819
0,8148
0,3307
0,3320
1679,0
4510,0
4128,0
0,5080
0,1245
5502,0
7390,0
0,2082
6523,0
0,7128
0,2362
0,1652
0,5916
8653,0
6460,0
8282,0
0,1604
0,8993
7815,0
2491,0
0,8349
7530,0
0,6394
1390,0
0,6678
0,4173
6191,0
0,9505
4344,0
0,9892
0,8572
0,5671
0,5853
7837,0
8449,0
337,0
0,8525
0,2182
6533,0
6755,0
0,1895
9812,0
0,6401
0,3006
0,1209
1344,0
0,7651
0,2987
57,0
6655,0
9152,0
8784,0
0,9082
0,7002
3013,0
0,2674
0,6874
5465,0
0,5615
6730,0
8010,0
0,1189
0,8551
6963,0
3859,0
1509,0
0,1727
0,1969
6576,0
0,9627
8252,0
0,662
6745,0
5637,0
0,3107
4976,0
0,3415
0,4878
0,1217
6309,0
4434,0
542,0
0,3732
0,5936
0,7549
6845,0
0,1455
4477,0
3693,0
0,5582
9966,0
0,7504
3689,0
8444,0
0,2309
3781,0
1580,0
1890,0
0,4884
0,1346
9863,0
2755,0
0,8791
7585,0
6924,0
7575,0
0,4740
535,0
5987,0
0,1834
1601,0
1015,0
0,2474
4980,0
0,707
0,3817
1307,0
9758,0
0,3855
3965,0
6437,0
2165,0
1459,0
99,0
1589,0
0,3599
0,5920
4995,0
6416,0
8850,0
637,0
6026,0
589,0
5718,0
6569,0
0,8782
4826,0
2697,0
0,8710
3142,0
0,4009
0,5508
0,3499
0,4056
0,4524
0,3536
5251,0
0,5079
7270,0
2361,0
0,970
0,5302
7580,0
6761,0
0,5112
0,9712
0,6389
0,4013
7685,0
0,4470
2653,0
9736,0
1853,0
0,1222
8661,0
7453,0
5803,0
0,9602
1812,0
0,843
0,6719
0,5295
0,8242
0,2780
7124,0
3599,0
0,3138
1177,0
0,5059
5104,0
1760,0
0,3343
3025,0
6342,0
8784,0
5145,0
0,824
3521,0
5686,0
1561,0
0,8428
613,0
0,1647
0,5213
0,1401
0,1863
2711,0
7498,0
0,4553
0,755
4869,0
0,1318
5920,0
0,8849
1881,0
0,5710
0,1478
0,2717
0,6889
0,6226
0,3958
0,5779
0,3818
0,525
5654,0
2792,0
0,8012
4018,0
5288,0
3081,0
8121,0
3673,0
8986,0
4790,0
0,1217
0,2938
7021,0
0,4946
3539,0
2961,0
0,3996
4316,0
6456,0
1185,0
0,8754
0,8528
4310,0
4001,0
0,2796
1736,0
0,6653
0,1796
5528,0
5961,0
0,6239
0,4971
6444,0
4197,0
7199,0
7388,0
3750,0
0,6984
0,1507
0,5385
8106,0
0,2733
0,1724
0,4099
0,6730
0,5249
0,2925
4794,0
6297,0
7742,0
4365,0
5894,0
0,5904
0,6836
0,4560
5799,0
6744,0
0,6278
0,3094
8121,0
4318,0
0,6891
0,5667
0,5856
0,9182
0,5702
7060,0
1220,0
0,6504
7729,0
8106,0
0,1989
0,6069
0,3348
3898,0
0,6178
9150,0
6498,0
1423,0
0,3592
0,4451
5527,0
0,1356
0,6217
4728,0
0,6289
3858,0
0,1399
0,7971
0,7519
0,6319
7420,0
0,4462
8611,0
3785,0
0,9940
5134,0
0,9078
1644,0
0,8925
0,3708
3456,0
3188,0
0,4884
5142,0
4341,0
0,5934
5488,0
0,8951
0,1832
7382,0
4432,0
7918,0
8417,0
925,0
4490,0
0,6108
0,690
0,6011
0,5726
0,8923
0,1501
0,8071
0,9815
0,3117
4178,0
4598,0
0,1391
0,6349
3752,0
0,6209
0,6070
0,2584
214,0
0,5592
3726,0
0,6549
6075,0
0,6628
0,6970
5620,0
4739,0
7933,0
0,6730
0,3848
3489,0
0,787
0,5134
0,5710
2227,0
3010,0
0,4356
2285,0
3929,0
0,7990
6297,0
3893,0
0,4952
2726,0
0,3952
0,5956
0,6414
0,3415
0,2797
6951,0
0,2421
0,6623
8734,0
8671,0
7174,0
0,3893
9888,0
1789,0
6498,0
2849,0
8866,0
0,2272
5845,0
0,414
0,5544
3260,0
0,4349
0,6259
5177,0
5894,0
0,7179
5129,0
814,0
0,4795
0,5693
7906,0
2739,0
0,3177
3972,0
0,402
1480,0
0,5553
0,1025
0,3507
0,196
3218,0
3799,0
0,6579
0,8047
0,5708
0,354
4403,0
2223,0
2840,0
0,2066
4849,0
693,0
0,3878
2368,0
3551,0
0,2069
0,153
1378,0
0,5488
8734,0
5663,0
0,4842
0,3499
0,455
0,6495
8326,0
0,8008
5736,0
3282,0
0,6113
0,2804
0,5530
6799,0
0,2640
6269,0
5217,0
7536,0
0,5283
4006,0
2728,0
311,0
2390,0
64,0
0,2183
2238,0
0,7690
0,1834
0,4232
8050,0
8967,0
0,7099
0,7207
7197,0
3409,0
4579,0
1086,0
2169,0
0,5291
0,2105
0,2659
0,1070
6200,0
0,6639
8299,0
0,275
0,5279
607,0
2725,0
0,4689
8832,0
7731,0
0,893
0,2504
0,1401
5625,0
0,573
1661,0
0,466
5071,0
0,5296
0,5937
0,2047
1458,0
0,3621
0,4545
4132,0
5556,0
0,7020
5818,0
0,9786
6767,0
5331,0
4420,0
9810,0
0,3420
2894,0
0,602
1178,0
0,9143
0,2630
0,6456
0,3894
9696,0
0,5555
0,5007
5352,0
5230,0
8085,0
0,6323
3950,0
8087,0
0,1282
0,5541
6560,0
0,5562
3822,0
0,558
0,7091
0,6274
0,6155
0,4548
1433,0
0,5801
5515,0
4229,0
0,7544
3037,0
0,4927
0,3214
0,282
0,6726
2340,0
0,4177
0,1153
3191,0
1774,0
3315,0
0,3964
7039,0
3203,0
8073,0
0,6694
0,3407
6105,0
0,8858
0,6264
7329,0
5136,0
0,3671
2848,0
0,1551
7653,0
0,3965
0,2949
0,6721
7191,0
0,2143
0,5082
0,2186
5462,0
0,3879
684,0
1774,0
0,8855
6434,0
5353,0
0,5192
6213,0
1058,0
6133,0
5443,0
4218,0
5776,0
8414,0
4040,0
7120,0
0,4261
8507,0
5382,0
0,3719
0,3555
0,5650
0,9521
3445,0
5185,0
0,6778
0,5838
4622,0
831,0
0,4188
4153,0
6482,0
0,6552
3729,0
0,9307
0,3631
6731,0
2791,0
6740,0
0,5599
3713,0
8052,0
0,4274
7556,0
3734,0
9851,0
0,122
3905,0
2638,0
0,6417
4474,0
728,0
0,4008
5214,0
5886,0
0,6535
2732,0
0,5976
0,6325
0,4601
0,3467
0,1883
1636,0
0,6931
0,6252
0,6047
3647,0
6981,0
2507,0
0,1621
0,6453
3961,0
6321,0
0,7106
0,6500
0,2134
0,2493
3737,0
0,7504
0,8094
6835,0
5443,0
0,3455
0,624
1308,0
0,4669
0,3840
0,6599
967,0
0,4941
0,9205
0,6041
3243,0
0,5900
8797,0
1513,0
1200,0
2466,0
0,8302
1198,0
6619,0
2761,0
2132,0
2683,0
0,1320
8453,0
0,5930
2853,0
7873,0
1574,0
3001,0
1646,0
6023,0
0,6494
0,7373
7253,0
2596,0
4525,0
2583,0
7996,0
0,6929
1529,0
5959,0
6295,0
0,3920
2433,0
0,3933
2740,0
2484,0
0,5305
0,2362
1681,0
7930,0
0,131
0,3886
0,5066
0,4729
0,6485
6956,0
0,8059
0,8268
6734,0
0,4202
1282,0
5194,0
3369,0
0,8751
0,116
0,6184
2075,0
7079,0
0,2264
0,688
0,6676
0,5335
1454,0
0,75
3379,0
4892,0
0,3158
6293,0
2244,0
0,434
3108,0
0,2414
0,2666
1958,0
5411,0
6341,0
6182,0
2959,0
0,5779
4595,0
0,3514
2038,0
0,2150
0,9263
0,3231
0,3526
4658,0
4560,0
0,4138
2829,0
0,9235
0,206
7698,0
0,6794
0,5151
0,4261
0,2400
0,1018
0,713
0,6087
363,0
0,3367
4231,0
0,1414
0,5681
5995,0
0,6305
0,9322
0,5505
0,7947
0,7180
4462,0
9807,0
6469,0
0,1226
7894,0
5023,0
1450,0
0,9075
2809,0
5788,0
7464,0
4091,0
1208,0
577,0
0,1978
0,2752
8549,0
0,4438
6871,0
2386,0
1719,0
4678,0
0,4536
0,1902
0,5693
3388,0
9305,0
7687,0
0,2271
6907,0
7923,0
0,1467
0,4698
3789,0
8646,0
0,3154
0,1738
6313,0
0,5850
0,4156
5750,0
2466,0
0,5866
5115,0
6901,0
0,3923
0,5019
6277,0
8695,0
0,5659
0,7185
0,8160
3614,0
5253,0
5873,0
0,5795
3225,0
6823,0
2897,0
5227,0
3756,0
0,5636
0,3682
8054,0
0,674
0,3787
4911,0
9540,0
1168,0
3136,0
0,2512
3976,0
0,4795
9618,0
0,1323
0,3221
0,3642
0,1290
4584,0
0,3546
6815,0
8316,0
2740,0
0,3619
0,6671
0,6149
813,0
8206,0
0,4552
6955,0
3285,0
0,3826
9781,0
0,3248
0,5936
2884,0
6025,0
0,5757
0,2238
135,0
0,5417
2802,0
7994,0
895,0
0,8639
0,8774
2516,0
999,0
2384,0
0,1176
3012,0
0,3455
0,5325
0,1191
0,4688
1292,0
7628,0
0,8371
459,0
0,7867
0,6972
2,0
0,5888
4989,0
174,0
6280,0
2515,0
0,3328
0,7423
0,8188
3633,0
0,8035
7782,0
3169,0
3578,0
7066,0
5130,0
0,1764
0,33
5007,0
0,6671
0,5756
2935,0
0,8212
0,5206
3831,0
8151,0
0,3504
0,7198
6400,0
0,9500
7199,0
0,9067
3213,0
5165,0
0,7269
0,3643
0,5511
0,6527
0,5761
3728,0
0,5461
3942,0
3008,0
4439,0
8164,0
5580,0
0,9024
2395,0
5476,0
0,6709
5114,0
0,3285
0,9602
0,3307
3257,0
3630,0
0,6627
0,5838
9622,0
8915,0
3872,0
7097,0
0,4525
8135,0
1621,0
3399,0
7581,0
4861,0
0,1014
0,6592
0,5352
1176,0
888,0
6035,0
3888,0
2326,0
7092,0
0,1837
0,551
2017,0
5295,0
1661,0
0,9389
0,5976
0,8288
3453,0
6880,0
0,6661
0,4022
5642,0
4756,0
4242,0
0,348
2659,0
4903,0
3336,0
0,4415
0,1797
9742,0
0,2308
1136,0
1931,0
0,6060
0,7031
6491,0
6782,0
0,4631
8547,0
0,3509
0,8406
699,0
0,3696
4025,0
8024,0
0,7046
5707,0
4024,0
0,5119
4582,0
4942,0
3756,0
0,5904
8676,0
0,2825
2272,0
0,6922
3952,0
0,762
7333,0
0,6580
4551,0
7699,0
1057,0
0,9026
0,3615
0,6153
8745,0
5966,0
6864,0
832,0
2493,0
7752,0
4123,0
5184,0
0,9466
8990,0
0,7428
0,7943
4507,0
0,6579
0,9798
0,7613
5634,0
0,8850
1972,0
6898,0
0,4155
1466,0
9567,0
762,0
0,3504
0,8974
0,2778
0,7646
0,6527
0,7561
6079,0
1944,0
0,7830
0,9813
7874,0
2873,0
0,1567
0,3566
0,8670
4137,0
2026,0
0,8528
0,5013
0,5537
0,4243
2926,0
0,7518
3763,0
2539,0
4840,0
6173,0
0,847
6307,0
0,8172
0,2875
820,0
0,1866
5448,0
1956,0
5176,0
6042,0
0,3498
0,8584
0,4965
0,5075
0,9124
8610,0
0,2446
0,3411
0,7077
0,1394
0,4395
6067,0
0,7298
0,3771
3083,0
3646,0
0,7879
0,6041
0,9623
0,1141
6184,0
0,9970
337,0
608,0
0,2274
0,4510
0,935
0,3321
0,7793
4604,0
3679,0
0,1341
3998,0
0,4239
3113,0
0,3379
0,7258
5485,0
0,8200
0,7681
6157,0
5025,0
0,8807
8776,0
0,8005
0,2252
8233,0
0,9382
0,4016
7918,0
0,4725
8738,0
4102,0
3176,0
9476,0
2252,0
6426,0
0,9347
315,0
5917,0
0,9715
4022,0
3669,0
3259,0
0,3942
2664,0
3541,0
0,3777
0,3695
0,7084
0,9522
7746,0
0,3876
0,260
9704,0
1094,0
3011,0
9115,0
1924,0
0,4916
7906,0
1980,0
0,5250
5078,0
0,7699
8669,0
0,4053
0,7031
1072,0
8503,0
0,1616
0,4610
0,8487
9718,0
8998,0
0,5728
0,3041
5977,0
281,0
0,4391
0,7539
0,4108
6644,0
0,9336
400,0
3532,0
0,2946
6830,0
9520,0
0,1139
8766,0
2023,0
5973,0
3875,0
0,1610
0,5619
4878,0
1562,0
7670,0
0,3602
1320,0
597,0
5108,0
0,5189
0,2930
0,4670
0,5705
4514,0
0,3273
0,8362
7387,0
5785,0
0,4232
8399,0
0,963
0,4789
0,2035
0,944
9946,0
0,4316
4957,0
586,0
0,5838
0,9498
0,6300
1187,0
7087,0
0,7043
0,3577
4597,0
0,9202
0,3622
0,7723
4665,0
0,3247
0,1832
1346,0
905,0
3734,0
0,665
1169,0
9052,0
0,7368
5822,0
0,3610
0,1954
0,7280
0,6500
3154,0
0,2457
0,5921
2923,0
0,6723
0,4863
6173,0
4665,0
9691,0
5538,0
0,3975
5231,0
4111,0
0,2292
3367,0
0,617
9147,0
3688,0
7162,0
7268,0
0,7315
6526,0
5795,0
0,1124
0,7407
2679,0
0,9394
7416,0
0,2324
0,7675
3365,0
6062,0
4390,0
0,4716
9160,0
4833,0
4916,0
0,4494
118,0
0,8793
6046,0
0,2091
0,7090
0,8808
8334,0
1542,0
6303,0
0,6072
0,1279
5728,0
0,4676
0,2881
0,5276
7399,0
7310,0
0,4917
3143,0
0,2752
9072,0
0,2273
8562,0
0,2798
9495,0
0,9295
0,1237
0,3359
2920,0
618,0
5534,0
0,3414
0,9427
253,0
5232,0
5358,0
5598,0
2862,0
0,1448
4392,0
3899,0
345,0
0,3931
0,6107
1774,0
1901,0
0,6124
632,0
0,8482
0,7592
6768,0
0,3491
4982,0
4266,0
1742,0
0,3777
0,839
2471,0
0,8836
9331,0
0,3173
0,742
0,4743
0,1962
6003,0
0,7425
0,988
0,7915
5256,0
0,5596
8627,0
2885,0
1113,0
5928,0
0,5283
2210,0
0,8607
0,3633
0,1719
0,7061
0,3476
0,1946
0,3326
1859,0
3502,0
0,4375
4181,0
6944,0
0,3092
0,8509
0,3512
0,421
2228,0
0,492
1896,0
1055,0
0,7977
0,839
0,4110
3135,0
5061,0
0,7075
0,2398
6446,0
2728,0
0,6309
0,2932
0,3839
4894,0
5887,0
0,6216
4158,0
0,435
7016,0
0,7088
0,1842
0,4227
9243,0
0,8526
5126,0
0,2802
1817,0
0,6168
6768,0
6503,0
0,3706
1650,0
0,3348
1783,0
9318,0
2018,0
4268,0
0,567
1818,0
4274,0
6513,0
7208,0
0,4308
2773,0
0,1508
0,9203
8039,0
0,3590
0,2944
0,8889
4260,0
5771,0
0,5954
0,6334
0,1253
8860,0
0,5760
3019,0
0,1875
6192,0
2371,0
9563,0
3750,0
9578,0
7177,0
0,6867
5005,0
2611,0
0,5526
9916,0
1545,0
0,6868
5470,0
9017,0
8736,0
0,4397
9513,0
3199,0
7959,0
3466,0
0,4776
7442,0
9474,0
2827,0
1168,0
6009,0
0,3234
0,3941
0,8838
7656,0
8121,0
930,0
3944,0
0,5216
2780,0
0,4888
8980,0
0,9837
0,3402
1306,0
0,4842
0,3503
5695,0
0,6105
0,2817
3492,0
0,2047
0,8275
0,521
0,842
0,9721
0,8153
6720,0
0,7101
0,9125
8258,0
283,0
0,701
3153,0
0,6175
0,8247
0,2316
4880,0
0,933
5993,0
0,3843
9146,0
0,5656
0,8192
0,6130
6061,0
0,5032
7812,0
5936,0
0,9291
5658,0
0,6233
0,7053
4582,0
4229,0
4907,0
6985,0
0,2390
1485,0
4089,0
0,1917
0,2219
9522,0
0,9129
5990,0
0,5724
5828,0
1873,0
0,1843
1657,0
0,4574
0,2611
1768,0
331,0
1540,0
6968,0
0,7179
0,5885
52,0
0,2040
7073,0
0,5729
6211,0
0,4036
6641,0
4610,0
6608,0
4371,0
3889,0
1886,0
6851,0
0,3519
0,1887
0,6878
1442,0
0,7647
7013,0
7342,0
9267,0
7230,0
3125,0
0,8286
0,5158
9750,0
0,5963
9775,0
4705,0
2630,0
5288,0
7894,0
6993,0
0,2607
0,4393
1888,0
0,1007
0,3017
6153,0
0,2446
0,1131
2607,0
2001,0
0,6423
0,3299
0,6723
0,3350
0,4877
0,3617
0,3495
0,2669
2716,0
6016,0
7278,0
4947,0
813,0
0,8476
0,8715
0,969
3062,0
0,3387
4122,0
1514,0
0,3614
1798,0
8851,0
0,4751
0,5008
2090,0
4779,0
5303,0
0,7092
0,7498
1501,0
9577,0
6437,0
5629,0
0,5827
0,4214
0,4301
0,1775
0,4478
0,4629
3404,0
0,8938
0,531
5151,0
0,3157
4167,0
3923,0
0,3220
4343,0
0,9237
0,116
0,4097
0,1616
0,2732
0,1710
8550,0
6213,0
760,0
7591,0
0,6280
9079,0
0,7621
0,1157
227,0
0,3367
0,3585
0,7886
6166,0
5009,0
0,9250
0,9901
0,4142
2699,0
5292,0
0,6016
0,5799
4080,0
2617,0
0,7166
0,6891
0,4015
1187,0
0,6606
4792,0
6745,0
8249,0
0,3432
0,6528
0,3681
3576,0
1947,0
0,6920
0,1301
0,5992
8642,0
0,2470
3861,0
0,949
0,5317
6323,0
0,3460
7324,0
0,7342
5800,0
0,1468
0,9948
0,9702
5811,0
3700,0
0,6710
0,2318
8971,0
0,7021
8809,0
2384,0
0,3145
3255,0
0,5073
2063,0
0,2350
0,6975
0,7118
7176,0
0,3425
0,1513
0,9333
7937,0
0,3662
0,3163
4376,0
0,4941
0,4749
0,5236
2996,0
0,5947
8542,0
5144,0
9028,0
1441,0
0,833
4771,0
418,0
0,8442
0,6732
8123,0
4297,0
2399,0
0,2596
0,4513
1412,0
0,6213
0,7790
6346,0
0,4128
0,6237
6042,0
5475,0
0,1236
9263,0
0,4224
7265,0
0,3615
7124,0
6034,0
0,7769
0,9126
3894,0
0,1704
7142,0
8498,0
0,9678
8488,0
8341,0
0,5360
0,5927
7410,0
4135,0
0,5055
0,696
0,6023
3727,0
3797,0
0,6189
2772,0
2823,0
5115,0
0,2138
1545,0
0,3264
2099,0
5504,0
3718,0
5856,0
2364,0
0,3932
0,819
0,9281
0,8237
