9000 2
3548,2191
618,182
1689,884
2918,2009
2134,805
986,493
1777,714
1818,713
0,551
1812,548
717,438
0,258
2501,1351
1715,717
2207,634
335,117
3100,0
3044,0
2258,845
2942,1668
1244,386
1786,733
913,388
1075,0
989,247
2521,0
2477,949
947,324
1012,431
2910,1234
697,0
462,0
0,140
2831,799
2033,963
649,0
2179,0
3338,1643
326,101
0,74
373,0
1528,766
2003,874
3061,2076
1103,296
1871,429
2634,1113
163,110
1822,899
3091,1716
0,999
223,90
2538,909
229,0
3039,1761
571,186
2889,1239
2588,1651
0,347
186,60
933,287
1051,426
238,54
1291,0
2287,1130
1718,495
1448,592
1876,723
1304,449
298,0
1592,0
2091,1010
830,189
573,141
985,400
701,0
361,0
3107,1119
3047,1822
980,447
327,124
845,216
3292,1785
112,48
2903,2107
1102,502
680,361
812,393
3185,2261
0,149
1910,730
2056,511
0,1525
0,311
2969,1218
1194,573
946,0
633,211
2922,1652
1517,609
1748,943
556,239
1178,589
1910,593
0,728
2800,1771
2339,1134
1773,611
2632,747
0,210
170,62
421,124
48,0
3230,1290
2477,888
0,878
2574,1684
547,164
2003,0
124,46
2860,1018
2612,1211
878,246
2745,1267
2670,0
1019,424
458,197
2648,0
3227,0
499,128
1727,328
2832,0
2549,1381
2661,1583
2958,1437
0,1423
1405,433
1356,425
790,299
2519,728
1424,496
1216,494
1708,0
400,168
1232,255
2483,1213
0,173
2513,1269
1130,444
536,0
728,256
1055,317
449,155
1074,319
340,114
613,175
2353,1260
342,167
2011,1093
446,122
1776,769
1238,586
3235,2450
465,156
876,427
3222,0
939,432
1175,337
0,465
340,133
1991,685
307,0
276,162
1101,447
1888,826
1378,322
3046,1686
0,98
2869,1681
0,1044
2691,882
952,381
2176,622
1421,520
2632,1329
3031,1593
1964,766
1078,321
903,356
1077,426
1859,614
0,1442
445,165
175,75
270,90
137,60
277,79
1962,475
1136,503
1766,676
3204,1675
1183,533
280,57
0,588
1026,346
618,297
3465,1887
2529,1525
2131,0
467,126
380,0
802,182
775,0
2171,863
1667,501
1159,340
0,161
797,285
413,90
754,151
2987,0
1783,0
353,125
1430,523
177,56
2279,415
139,65
272,0
2401,1342
431,217
792,202
2853,1700
2147,953
1372,571
3539,0
395,168
1853,709
101,18
1749,781
2177,0
1995,883
0,719
889,319
1066,0
1055,279
1141,539
2513,1455
2278,1007
1898,806
72,48
432,124
1269,370
2688,1058
0,1465
1163,468
133,33
2589,943
1870,0
339,191
1531,612
2563,941
483,152
1016,507
339,0
0,442
103,45
754,424
0,418
962,268
1574,347
2577,953
2636,1302
519,174
2590,1161
2129,0
447,173
1668,721
57,0
1983,780
2756,0
87,43
3134,1677
1472,675
623,119
0,672
2843,1508
2570,1382
1125,482
851,366
274,116
1070,302
3122,1353
1153,448
2519,602
905,269
674,0
0,246
0,615
2554,889
1338,258
214,99
214,88
1581,803
785,242
3220,1502
1161,420
1040,371
1945,1129
1131,627
526,148
1686,0
271,0
223,86
3379,0
2656,1519
704,0
126,61
262,70
1571,576
1026,418
3122,1701
105,26
255,97
1733,760
76,19
1586,0
163,56
2945,1326
2045,648
2709,914
2913,940
0,633
0,1757
1758,592
1203,558
2647,1283
1816,409
279,72
1282,658
2247,817
2952,1590
0,600
2835,1000
1850,491
2995,1600
319,90
172,31
640,274
0,1571
408,174
411,0
165,90
339,0
112,28
1207,502
1364,450
2351,0
130,36
2066,757
489,139
1850,744
268,92
259,92
1838,726
918,272
0,689
540,269
216,117
866,335
1644,688
2139,914
793,164
278,81
515,83
0,431
737,350
1411,0
1360,475
1907,610
153,126
0,479
2892,1549
1527,496
1220,446
2900,1154
1891,800
0,480
1346,677
1745,0
1697,752
212,105
1485,647
2150,821
1762,665
819,414
0,527
0,20
85,17
0,324
3083,1035
333,123
2363,1366
1570,655
1421,309
2823,0
2373,1604
0,847
0,275
948,284
3328,2427
242,91
1019,422
1134,383
708,0
2610,1172
0,797
313,137
174,73
1105,720
1589,531
2407,730
311,139
2320,1056
0,477
818,386
1004,444
0,307
2353,947
687,0
2525,937
2184,564
813,289
1943,653
709,0
2055,919
2998,1280
146,0
2913,1443
2435,957
185,71
1976,876
930,0
1046,0
617,223
2338,1101
2809,1218
2793,1641
3167,1787
2274,1037
1898,718
1602,576
1051,507
2382,798
1393,346
260,48
2912,1465
1870,747
2026,818
3026,957
0,603
2490,1149
0,823
0,591
492,123
2776,1065
2960,1679
0,1552
284,102
1728,903
214,73
0,184
2795,1416
99,31
700,170
195,83
3016,2152
1378,0
2278,0
2482,1139
1277,697
969,0
1760,0
795,0
1114,614
2904,1723
2442,687
1082,371
480,0
1170,516
162,0
1083,446
1027,288
2672,689
2410,0
1487,647
891,365
596,282
322,0
2095,681
1803,0
2947,646
743,236
606,309
0,323
237,96
49,21
864,157
2045,626
2369,662
2037,1062
138,63
2501,1453
126,39
552,159
1451,634
1094,400
342,104
165,81
700,239
856,361
2688,1790
1682,0
359,154
1338,490
0,471
648,310
2940,0
487,248
61,14
0,1005
2687,1323
2253,1268
174,0
598,253
215,0
1048,0
456,240
2705,1895
0,604
1283,397
1665,744
2877,1527
609,340
1639,634
643,287
996,347
1645,425
0,935
289,157
2913,0
945,361
1481,1006
2791,0
1568,518
1825,489
2302,879
2453,1176
345,152
2507,1765
1196,559
1667,0
1738,0
2847,1400
1386,537
2419,1238
2023,494
877,360
1065,344
2709,1042
0,524
0,65
2936,1705
3117,2075
0,174
0,325
2050,759
1513,852
908,0
2595,869
1165,502
2446,1616
1849,836
1025,401
450,0
2531,0
2863,1599
2506,1083
2500,1083
3041,2273
2369,1050
2798,1861
2031,1387
2002,589
2029,771
270,116
1222,528
2158,663
93,60
1586,748
2656,0
2764,1464
1960,938
955,397
0,381
888,346
1647,583
0,201
119,64
889,379
2694,1280
1391,470
996,256
2200,1033
2117,717
111,49
0,105
533,0
2018,0
289,0
209,58
1328,656
1966,951
176,100
1051,403
337,70
1977,894
2104,955
1959,582
1597,850
2256,995
2135,1174
1464,599
789,287
675,312
3094,1698
551,0
1051,404
0,269
1249,638
2488,1227
1751,665
0,304
545,228
241,112
3001,0
997,268
587,359
3130,1753
2860,0
1425,444
2398,737
135,62
627,341
678,229
2265,1069
2627,1028
1657,711
1505,652
1276,539
768,0
2600,1726
3333,1609
2642,1238
867,224
0,762
2481,1495
1426,875
1055,620
2717,0
986,293
924,275
1421,0
158,63
134,55
1317,493
2147,920
409,174
676,322
449,155
2775,1258
1646,686
1377,566
3024,1898
1474,348
571,285
1131,572
285,74
1878,1156
227,56
933,374
1798,396
1481,666
130,54
0,549
2072,759
1525,653
2547,686
1370,416
2186,1011
733,323
2556,980
1653,636
1032,0
621,250
748,174
835,246
702,215
0,509
2009,511
1801,464
2770,1553
453,196
1935,874
2777,1450
2933,1697
948,609
1722,820
493,204
273,136
220,68
1876,589
606,204
88,34
37,9
1660,392
0,53
102,45
768,237
406,138
251,89
155,49
2405,1262
1552,790
2429,1528
887,271
827,472
2091,637
890,0
85,43
2327,693
3067,1879
0,441
1017,345
2553,1304
1098,340
449,151
2163,914
2325,949
3246,1598
2099,620
2530,797
1966,847
1220,590
2283,0
854,123
2118,973
1299,523
492,199
807,324
1875,828
2411,703
0,813
38,6
2870,1484
1704,695
2440,1088
2476,873
66,26
1711,536
171,50
1042,511
3092,1909
2155,1215
1169,507
1215,377
2152,829
1759,1066
626,195
2131,664
868,306
1075,311
2311,0
678,0
566,179
2933,1017
2107,1144
851,269
1213,528
1020,303
727,212
293,91
0,236
1683,676
1977,0
940,469
1277,475
2416,1178
110,16
2557,1414
2778,1210
406,227
53,15
353,212
2779,1107
611,198
260,88
1714,832
0,191
1969,1025
2069,934
2479,1266
1323,742
107,36
1216,706
2813,1234
2686,1197
0,692
1849,585
547,153
463,127
1598,775
929,373
3638,1862
1748,0
1277,454
598,196
679,258
1795,610
2423,1060
789,315
643,224
109,25
1080,504
1393,560
2319,1219
698,0
2170,958
2238,876
311,146
2172,477
0,517
739,340
277,121
1581,0
1996,1009
2940,1612
3314,2021
378,121
660,280
1132,520
663,351
1222,452
3025,2172
849,495
2644,607
1419,301
384,178
1104,483
0,664
2231,0
561,229
523,210
1584,530
809,250
611,209
2961,1435
1641,681
0,1083
2780,921
1490,660
2002,530
2572,1431
1249,725
434,211
1550,756
2731,1777
1282,973
1079,376
1219,422
2364,1369
413,157
1662,760
0,50
499,79
1552,639
2528,1191
476,163
131,53
329,102
0,309
2566,1082
1508,321
165,66
126,54
0,1002
413,85
2839,1778
1583,608
2201,0
1176,645
245,96
1297,623
1611,308
310,57
2454,1078
0,1269
1961,0
1064,533
1757,581
927,435
1264,480
734,291
530,189
1149,533
3207,1497
332,144
948,264
659,195
2409,0
0,1102
1595,917
795,297
360,0
879,0
2629,1589
1775,1040
298,0
233,59
394,162
2971,1444
2437,1868
1487,497
108,56
2215,892
2410,1795
684,118
1486,0
2546,1366
269,113
2696,1299
108,33
2723,1260
1110,653
576,286
2121,659
1347,570
1602,377
2130,938
1641,571
431,179
809,232
1398,303
0,843
205,76
1456,0
463,223
2205,852
3105,0
2361,1421
1023,605
1213,395
2081,754
81,40
2527,838
2483,1031
1967,976
154,69
113,0
0,768
1086,0
1070,374
1417,727
1819,751
2717,1270
2413,1245
2058,517
1157,414
2386,902
2594,1265
2171,725
2260,1015
1521,709
2947,1791
2095,1131
1119,556
976,575
1401,487
1684,524
1604,961
2627,867
575,253
1030,331
1779,755
997,376
0,534
948,420
465,0
3390,0
1824,1105
2969,1518
403,148
2231,1487
637,411
0,1337
2552,1715
278,83
1705,826
1693,610
640,219
1053,391
1269,691
1979,1058
0,272
1393,787
2941,1660
1307,523
2006,846
1828,778
3145,1404
2893,1199
2122,912
0,1260
1207,397
649,202
759,357
736,355
2259,895
1236,498
1763,818
849,370
914,448
1222,0
2859,1623
479,0
263,132
0,132
1737,544
2617,947
1703,795
2958,1281
2171,1266
1957,456
0,202
643,281
309,99
332,156
3111,1678
1479,527
571,183
1488,518
1233,612
1195,592
732,221
572,153
160,68
2670,1825
2641,1408
771,304
1570,667
2406,843
1998,0
555,107
586,172
578,172
1753,553
969,394
1381,375
161,38
1139,502
1046,225
2642,1134
2027,678
0,947
1455,589
2022,771
2425,911
2915,1524
273,122
1195,746
2266,1457
2370,1401
2451,1643
1658,677
3143,2034
1222,362
2168,1118
2864,1131
560,86
180,38
2438,1277
0,866
235,180
0,492
502,0
2955,1745
2077,903
1555,700
1589,700
2304,953
1701,960
2328,754
2499,0
194,63
1838,929
57,16
0,913
134,36
117,32
3150,1781
1366,233
850,326
470,0
380,124
2394,0
1789,519
254,0
1535,444
1781,871
1142,0
826,225
160,68
1794,671
900,468
1457,783
2674,1903
268,83
2309,1613
1830,545
1782,567
1331,0
0,410
1841,564
0,259
2401,1318
1246,486
431,175
580,155
2621,0
27,10
2585,2055
0,441
869,0
0,55
0,855
1254,470
800,0
1020,390
0,162
2791,1334
0,520
1397,474
1116,333
1600,420
0,761
1061,473
1551,364
708,198
197,0
413,199
796,329
1189,585
2938,1951
194,65
1541,472
2937,1540
2622,1465
2119,585
1938,768
2533,915
2795,1387
2686,0
0,1566
1535,607
325,121
2771,588
278,127
2657,1087
1839,702
1466,569
1233,709
2798,0
212,82
419,176
2052,673
711,190
100,29
302,126
451,186
1164,382
1510,614
1136,453
2131,0
1392,802
739,408
1167,292
364,67
2364,1337
2763,1010
1176,588
708,335
681,234
526,183
3140,2119
445,80
162,0
964,589
522,290
442,0
2744,1350
2097,0
1528,593
2208,0
1424,703
0,369
1333,520
1565,582
2204,955
2802,1820
1557,0
633,378
2676,1520
2860,1082
2857,1553
2046,1042
2510,1634
3226,1446
0,40
2111,792
2337,1250
2119,1223
2849,1203
2193,0
980,319
628,180
373,109
1512,881
971,554
541,327
577,228
2349,731
1683,490
298,0
988,347
0,1254
486,0
1661,951
1917,925
2670,1255
1303,350
0,87
332,101
1595,315
2123,893
135,74
1988,819
2677,1441
809,324
496,259
1051,299
2673,1161
225,85
1239,839
1834,880
1594,0
0,794
2399,561
2422,712
844,326
337,194
1243,0
0,440
1124,391
298,88
2347,1290
2665,1792
2052,770
225,59
2146,0
2381,1033
1794,506
771,496
603,349
1447,535
59,8
1286,558
0,14
259,59
2054,1115
276,59
2820,1106
0,102
2539,1145
2375,1061
1560,1062
1112,335
3239,1741
1146,406
757,287
1867,657
2595,0
1107,217
1452,642
0,425
2215,1290
2001,713
2479,1202
1986,0
580,182
363,102
1095,297
1360,0
657,208
580,192
2615,1230
655,248
2919,1547
672,301
2925,1646
2562,882
395,94
0,597
1420,489
1960,857
1708,626
1084,595
528,219
545,230
2536,1094
2182,1402
2088,1065
964,314
1243,371
980,359
253,53
1356,472
2075,1454
1427,371
458,71
2375,1266
0,550
925,206
3093,1929
2874,2014
911,320
279,96
0,728
0,222
2287,1153
0,1565
0,371
636,192
0,427
123,57
2765,2221
1579,737
1307,422
2710,1179
0,1289
2867,1671
1934,641
1584,595
1259,396
111,51
461,149
714,356
2309,889
2931,1439
2270,1094
295,130
0,781
1599,572
2289,1161
0,1073
1892,899
2641,1749
1108,553
1643,582
2615,1486
1935,408
930,457
2324,919
1371,798
2542,1541
2118,1023
372,202
0,808
2311,1053
2046,0
2639,584
1574,615
1003,0
1226,393
0,87
987,306
207,68
666,238
199,117
654,308
2161,1088
353,118
247,80
106,38
2743,1208
2385,0
842,244
1934,1024
2228,567
0,1122
483,154
475,148
1086,390
1753,961
1686,642
1919,555
1682,638
1666,635
696,249
3245,2222
2266,977
1105,425
2730,1234
815,443
321,165
153,93
680,205
1845,903
1645,818
2166,818
0,560
1327,776
2417,1122
0,604
2809,0
0,994
149,59
2911,1688
616,250
231,115
2962,1350
0,870
2408,1012
1843,0
2298,1552
1317,476
1659,599
1472,453
2269,1180
461,144
431,140
2808,777
153,55
2431,1217
838,157
0,190
0,538
1569,740
3088,1543
1592,643
2016,1003
372,103
1744,757
611,231
0,1108
2865,0
186,88
0,215
0,182
2309,1269
450,93
2920,1530
2055,1326
2378,1279
1803,958
212,56
2620,1967
2790,1345
2549,1100
1426,300
1376,588
1796,689
821,206
2120,831
1708,423
2902,1535
1078,601
165,39
688,194
118,37
782,350
1083,326
271,188
2238,798
1976,0
1976,0
0,42
1771,799
945,0
997,335
2677,0
2393,1196
1468,955
564,219
121,15
1468,659
180,0
2016,838
1037,458
979,380
1025,524
1979,1091
331,137
0,152
937,325
1616,625
2319,1357
595,444
1724,913
924,511
2035,573
2750,1276
1785,922
30,5
1926,895
2627,1289
1035,442
923,302
2060,1037
2682,1392
0,184
2090,899
1298,391
1818,682
2189,0
1392,595
840,360
203,28
1132,505
174,52
2614,993
575,206
0,1396
0,794
1124,528
999,222
221,73
1710,661
1031,447
1093,172
1973,874
1315,520
2519,669
0,272
291,150
2539,1288
2100,735
2817,0
2796,1517
740,335
2822,1202
2164,945
459,88
2597,1582
1377,427
1892,0
845,219
1814,422
1433,464
787,390
1317,456
3032,1318
487,140
75,23
1844,833
1721,471
269,85
1696,569
243,55
480,90
194,57
185,57
2257,894
1372,527
1839,843
1104,520
2409,0
412,170
65,25
1979,747
2937,1561
0,1211
720,300
187,59
2991,1447
0,61
1904,820
1295,544
2446,641
746,268
608,222
251,79
1892,639
741,0
183,97
1036,434
1694,918
2609,967
1803,998
550,221
549,143
237,49
821,371
20,6
909,312
894,334
764,207
493,142
271,65
617,250
1134,321
1986,0
2150,864
1467,278
2252,870
1186,362
95,57
1047,287
1139,493
1940,666
2845,1163
3398,2520
2590,1151
1187,0
746,392
335,95
349,0
352,191
2332,1117
1963,875
1792,723
3063,1726
973,530
2090,1196
1235,541
868,216
523,123
0,93
2980,1581
1204,655
1186,0
1322,589
1085,337
3024,1440
2098,941
124,34
0,780
2534,1590
2756,1552
1037,289
1183,556
566,0
617,308
1698,540
1131,295
262,124
2913,1035
483,74
145,21
338,53
1040,351
1186,454
1229,0
946,489
2745,1414
651,323
2018,483
1259,488
2217,1134
2214,1183
2358,1073
1623,644
1740,486
2667,1204
1782,1095
0,212
0,1611
1447,748
2042,848
596,214
2033,821
1938,940
1274,443
60,9
2838,1508
1246,906
607,219
115,44
1909,1274
3077,1772
0,144
2775,1760
1207,0
2626,0
1075,375
1965,694
0,100
1883,506
1638,0
451,0
2214,996
266,54
2906,1734
2274,765
2825,1268
2876,1875
2277,942
1073,0
0,831
1475,539
493,132
238,0
692,362
0,1304
145,83
1188,548
70,33
2554,1722
1202,480
1154,463
1274,403
1811,695
990,386
1765,0
50,0
2840,1401
2722,1206
304,123
599,208
2982,1867
1885,936
0,1326
532,184
683,201
0,338
1964,837
563,240
1401,597
1855,1007
371,104
2457,1002
1432,814
743,276
1565,570
643,194
2331,981
883,333
2988,1907
2468,1290
1554,242
2665,1391
2465,990
0,765
2625,1080
0,375
551,0
275,73
2148,0
2099,775
2496,1146
148,0
2317,1014
2531,1660
987,249
2081,1151
2323,915
1161,560
0,685
2491,1521
2093,968
224,28
2690,1510
2640,0
1433,369
1528,351
1588,761
1266,542
667,325
0,184
285,141
975,248
369,81
2988,2326
695,263
699,261
1248,612
700,0
0,1309
2830,2043
2797,1479
1130,350
2355,0
956,173
2787,1709
373,0
1547,0
42,14
860,230
0,1046
775,313
789,259
2196,848
1155,0
1844,758
1953,780
0,974
1612,404
2431,1726
447,144
0,709
1216,493
698,216
2551,1093
2933,1621
0,852
2907,1326
2853,1714
153,0
0,564
899,466
1541,590
992,430
549,160
0,1296
191,31
54,7
137,24
1749,665
673,219
491,156
1658,677
878,0
1345,402
565,173
2761,1625
0,280
624,0
2447,1346
0,1486
995,281
458,102
2871,1119
356,98
978,417
2602,1167
0,528
2020,633
879,346
53,8
1885,674
818,334
0,737
1171,0
1836,0
1187,0
155,0
505,163
2345,0
809,0
792,341
589,162
2710,1712
2552,941
2914,1370
0,1630
0,426
311,66
0,308
1817,698
2459,0
0,204
0,1756
599,286
416,152
1528,532
439,202
1806,584
1607,840
433,173
1074,411
1002,395
855,0
2601,1387
147,101
2426,770
2472,620
2130,620
2811,0
757,183
2284,912
1638,619
1139,329
2572,1016
1624,0
2397,1437
2435,727
2564,1368
0,225
1433,0
1238,0
722,272
0,936
880,321
606,245
774,158
514,88
521,194
3093,1854
2155,1190
0,383
3017,1259
526,168
712,224
395,142
2474,1598
2252,1536
0,990
2909,2186
527,195
2251,0
1099,465
727,172
1793,843
1290,634
503,209
626,324
905,400
2552,1571
129,34
2697,1434
2961,0
210,92
2761,1600
2513,1315
2170,1109
1443,515
1533,0
1385,806
1146,343
84,24
1822,0
30,0
2622,1717
1452,670
311,122
1380,663
28,12
1174,646
0,579
3028,0
3025,1815
1428,561
472,168
210,65
2431,1220
1405,530
1129,602
785,236
1327,381
585,185
688,342
2487,0
1156,144
446,218
1870,714
1950,471
0,793
23,5
354,166
2449,1491
2665,896
467,231
0,455
2525,969
1797,0
2363,0
1408,628
2139,461
1034,356
521,0
101,64
1059,549
360,80
2683,1727
1687,629
402,83
2555,1291
2020,572
1424,664
2375,1669
1529,411
478,188
267,131
2584,1967
0,53
1655,621
2768,0
2718,951
923,446
2650,1636
1119,398
1469,434
994,402
253,57
0,500
512,46
1799,863
1532,395
2076,1506
0,1053
1893,886
0,1794
2686,982
2073,0
2567,1178
2715,1535
2122,1062
818,346
893,479
594,290
1909,1063
1761,619
1770,826
2676,1506
2103,1165
2667,2027
0,65
1885,963
119,28
324,104
2864,1422
335,53
687,232
2010,788
0,583
0,626
2578,0
1238,324
1807,689
2309,1195
2402,832
2701,739
1976,982
2613,1609
469,0
388,150
0,100
2502,955
520,129
0,208
1425,757
2577,1511
1037,0
1501,0
332,119
838,0
1650,595
2899,1451
2638,1277
960,174
3053,1391
1191,430
2160,0
870,259
486,89
458,142
1280,685
65,20
78,30
989,0
858,185
1730,674
1571,521
1285,576
0,757
197,81
856,342
0,1301
2135,701
162,47
1022,0
1007,387
2610,1380
3082,1665
2693,1720
586,223
1637,788
2497,917
1297,600
363,0
2426,970
1284,507
1498,745
601,271
897,474
3007,1748
0,455
0,240
0,1240
464,148
730,257
475,0
2556,1588
17,6
2493,1618
1602,722
0,696
2734,2295
2174,669
1040,277
1324,644
378,90
0,668
916,327
0,37
865,412
2159,668
372,186
45,16
2123,1018
2507,1294
0,1750
1734,0
0,1274
2279,1029
2230,1124
59,28
1375,472
258,105
936,303
2544,0
2415,1185
2699,2055
1114,377
0,210
1297,0
2481,1212
2664,1072
2091,778
1404,509
2347,1148
3161,2295
1842,1155
746,287
81,33
245,114
0,385
2042,1115
814,195
1586,544
860,164
625,316
1120,498
397,150
1279,548
653,78
2923,1739
562,169
91,32
0,109
848,0
45,17
2031,969
2062,701
1642,496
2101,1262
1971,1462
746,351
1920,941
0,527
463,308
2373,1075
2555,1377
2290,434
756,300
2813,794
0,11
1787,1044
1314,667
1437,816
535,195
2486,0
290,44
2249,1597
2091,1524
2756,1548
2418,1036
0,259
391,102
2431,1000
740,295
1523,371
1182,0
2776,1764
1061,455
101,22
2648,1062
942,308
2496,871
1950,609
2249,0
2062,703
0,30
1684,984
875,270
2976,1254
925,428
756,264
0,1181
1565,875
1659,743
2093,1051
1633,600
885,142
1565,654
667,174
322,129
418,129
888,245
958,473
2063,1809
860,167
424,88
189,76
611,311
308,145
716,306
536,228
2559,1051
2091,798
2128,1077
1820,973
1670,842
2018,714
2072,483
2613,1436
190,70
1495,633
1254,690
132,0
0,1565
535,165
1547,616
273,112
210,79
1061,339
565,211
171,0
394,0
2853,1824
1586,0
2734,1585
2689,0
149,28
2202,1211
0,1817
225,62
2010,0
2894,1395
1117,401
1119,438
2914,1692
2277,823
993,212
2850,1394
1259,486
0,903
882,433
1001,323
702,0
1656,0
2876,0
1689,724
1531,443
3127,1649
1685,726
1870,1003
35,4
1750,439
377,83
3086,1809
418,215
268,52
1238,276
2305,1295
87,20
1244,367
3081,2186
2402,1259
2762,1767
2497,887
1490,0
1292,500
1278,526
486,0
1150,400
349,175
344,173
2543,1341
183,51
115,29
52,15
2059,885
2458,965
942,453
1918,1052
1304,446
0,1245
1675,1049
1819,653
1491,414
0,421
1949,835
2004,950
2278,0
366,0
2543,1441
2163,440
703,0
2489,0
1127,499
1385,349
0,738
761,347
3023,0
917,298
3182,1491
2960,1578
413,163
488,144
0,417
1785,765
175,0
1260,325
1998,1329
2816,1767
0,1410
2005,841
0,40
2501,1670
2407,855
1676,707
1469,621
2472,911
2358,1196
1792,662
1405,0
2952,1603
639,277
2088,0
1344,469
2395,1214
2787,1762
2090,298
1132,448
842,195
1792,685
570,211
552,204
311,78
1161,510
218,41
154,28
419,117
760,199
258,116
1557,613
2801,1677
36,12
1092,494
3270,1266
469,0
413,144
0,82
0,1021
1709,640
128,26
1007,487
0,1627
723,569
1971,764
873,440
1014,0
612,273
2239,0
1207,778
2682,716
0,143
1957,769
2401,412
2551,676
1491,657
1314,848
199,98
1086,508
3024,0
2474,1340
1389,773
0,998
2764,1410
704,202
2535,1754
1197,0
2065,1325
161,48
2525,1333
704,312
1542,521
453,201
0,109
232,0
0,932
1910,538
128,58
0,710
482,257
397,89
2568,1071
332,98
94,22
128,47
29,6
81,23
2834,1606
1739,716
640,262
2733,905
0,191
345,105
1069,261
2732,1213
2514,1530
1477,709
402,0
264,35
815,263
1574,616
1828,983
1978,1097
1519,492
1437,376
1609,312
742,200
1011,513
568,335
1217,672
1998,0
1180,414
783,332
2891,1360
1321,608
0,276
620,0
1812,0
2426,0
1442,395
2992,0
2475,0
2706,1759
1853,817
609,294
461,157
1705,681
2610,847
2706,1404
204,65
1213,587
0,1448
430,174
863,326
627,171
1131,417
2970,1921
2567,0
856,363
1012,304
852,249
2484,1474
2007,1218
0,49
25,10
101,39
2226,896
0,91
1946,805
2138,979
2157,612
1276,387
2237,878
2567,1305
1931,981
1570,395
2626,1234
1664,505
880,279
2147,0
1602,681
1496,0
0,562
2704,1146
1504,586
330,0
2157,986
2224,794
1571,612
469,216
2878,1392
2321,917
1644,905
969,0
1168,363
339,259
2441,740
408,108
1279,603
2344,796
350,126
2158,1165
531,231
385,163
69,13
1281,0
432,179
1323,336
1675,742
1754,696
2626,1622
650,226
2292,1097
1217,0
734,256
483,200
2791,1962
749,206
1994,1106
432,184
1569,301
2023,838
1546,606
685,227
658,217
0,189
1172,280
1079,0
0,531
195,0
3049,2366
2025,1013
0,352
604,222
522,130
3070,1301
110,69
0,1036
2770,1549
573,151
827,0
367,159
2300,1010
1749,902
2248,0
2454,1500
0,568
2441,1366
1690,756
1303,0
711,359
721,363
2182,768
2155,1116
1579,579
1822,610
2740,1564
979,334
2230,828
895,329
1567,988
51,14
3005,2076
2758,1676
1552,0
163,80
900,212
219,138
1467,600
487,176
418,175
818,258
2339,873
332,138
695,342
1443,528
1989,1016
3018,1909
2624,1061
57,0
1322,424
849,293
0,614
2253,859
1561,549
0,404
732,275
438,129
1056,423
0,1707
1973,568
1105,297
636,325
924,520
0,1742
2695,1253
1582,577
2646,1867
106,0
1682,0
3028,889
128,42
1566,741
3114,0
875,352
2505,608
304,0
3073,0
195,58
17,11
48,7
130,40
3085,2345
1918,0
883,394
2549,980
285,116
1104,404
2405,934
0,1179
836,349
1130,526
166,49
456,110
172,64
0,781
1792,631
2587,916
1453,696
1990,952
2556,1230
3064,1874
2045,805
1890,0
323,122
231,98
1497,631
2147,846
1561,424
2083,804
2579,923
845,278
0,246
2933,1062
2904,1909
302,166
234,74
2345,1330
858,323
744,0
1609,0
0,289
1291,582
745,0
1658,622
0,412
1848,657
688,396
1120,500
1278,384
2763,1758
2488,1760
286,147
1968,809
1132,477
2817,0
279,80
3031,1890
1284,353
3060,2008
942,401
1972,373
972,228
1600,0
122,0
626,150
1234,474
698,0
141,71
155,66
2569,0
980,223
0,96
2980,1192
2760,1755
1002,254
1440,458
2995,1403
0,874
2689,930
2687,1186
2956,0
2403,924
604,164
437,113
2057,0
913,310
1514,446
1396,501
2590,1053
1079,402
0,1435
1155,500
468,189
511,157
1463,0
1326,672
1655,859
1556,649
1711,756
2729,1397
753,344
1751,680
1566,448
2536,1045
0,127
461,138
233,76
1951,608
665,0
2761,1072
1858,648
1405,561
0,21
0,922
3013,1671
762,0
1890,938
680,333
282,71
1446,580
668,265
778,315
1058,549
1865,798
0,795
936,248
801,393
1930,760
0,168
44,10
374,171
817,140
0,85
0,988
1719,710
112,28
532,223
102,27
560,0
1333,507
1816,618
0,624
937,373
0,355
2969,2294
2758,1527
2976,1472
481,138
2714,1168
1773,718
0,319
800,318
2626,1304
789,210
2049,900
657,0
2126,1262
2638,1551
2819,1594
138,52
1482,352
52,8
0,611
2778,1137
2610,1932
769,327
0,957
1350,448
1097,542
85,34
234,52
3170,2264
1227,713
298,101
2171,860
2965,2275
1882,730
658,162
2580,1325
0,393
1437,423
1432,423
308,133
2227,1119
133,43
591,197
312,171
242,143
204,74
1483,705
2004,976
1610,0
2680,1674
1498,593
0,153
1513,484
1361,0
1122,0
399,132
591,232
2328,804
258,87
0,339
1499,787
2144,1380
1480,537
226,104
1951,1217
655,0
74,34
513,170
1534,180
2731,571
414,132
1705,0
1377,673
0,141
2790,1938
399,103
656,344
2546,1653
157,61
1128,458
0,1111
2514,1155
680,381
1834,774
682,374
2961,1365
1194,573
1767,792
65,28
0,622
807,224
0,937
1116,0
1236,385
1017,395
1334,350
3032,1393
1084,535
199,83
885,452
351,126
1436,581
433,183
0,34
145,32
207,117
2592,1178
1747,843
0,629
462,232
1279,0
642,222
607,211
1365,587
1631,656
1809,683
1557,634
1238,364
3249,1114
0,378
2177,1294
1258,554
1917,732
1043,380
874,352
1050,662
1935,1002
186,51
2888,1516
2044,1188
1063,224
86,19
977,205
1999,801
1073,0
1050,359
2897,1110
3061,1546
2135,819
405,220
1812,461
718,297
2022,1034
1766,743
706,289
2114,841
601,179
1513,662
2689,0
2703,1669
886,524
265,67
1840,822
1070,261
34,0
2033,1213
328,112
1477,843
906,437
837,142
336,48
295,43
1435,569
52,18
2816,1014
2825,1805
2312,1061
801,347
263,103
538,244
1888,640
2499,1066
2484,983
2029,775
2626,1279
0,1002
1161,498
2502,1134
1032,450
2110,1178
2147,953
168,0
2003,701
1663,749
705,303
466,203
417,162
973,484
1587,698
455,140
447,138
2212,777
2923,1352
760,0
2170,0
499,0
1549,841
191,95
0,746
0,260
992,0
2692,1079
2842,1204
271,78
1024,421
2307,0
2653,1574
1257,550
593,164
3072,1704
0,492
701,298
259,89
82,0
522,211
139,57
1248,506
99,35
1038,747
1755,1124
548,195
953,378
772,121
123,8
940,310
2139,0
91,42
0,90
174,57
1379,633
1347,0
2098,802
915,343
513,149
352,178
462,218
1221,407
0,2397
2637,1279
2428,1047
857,365
420,0
1419,545
2412,823
1137,320
0,400
0,352
0,1438
622,312
2655,1478
949,243
58,30
1695,748
0,953
1068,558
0,1281
1349,0
1028,567
868,359
0,1127
730,204
1082,371
2618,1330
2738,1508
1642,500
2777,1595
3088,2037
1672,779
556,259
799,350
0,116
0,37
208,68
2946,1534
1755,0
1769,0
0,72
513,200
0,875
1372,428
1051,300
365,0
0,92
803,280
140,56
1488,582
1996,0
2333,966
2077,822
2219,1267
2298,824
1539,750
1425,534
1143,507
0,346
0,587
1864,520
2824,1829
2047,532
1722,1114
2422,1400
1081,628
2821,1475
545,185
251,0
1857,1267
1746,0
396,0
3064,2123
2662,1432
544,185
2408,1186
1459,917
2914,508
1254,555
2349,0
0,2253
2896,0
828,286
231,100
2552,0
0,1162
245,107
313,152
337,0
375,187
2661,1145
1499,454
84,25
2120,1176
528,177
1924,0
1193,396
2809,950
783,188
200,81
2510,1088
871,291
501,163
1277,517
1403,466
912,0
491,172
0,1135
70,21
964,341
2968,1404
1206,386
2577,1196
1112,490
0,553
0,500
0,788
224,70
0,180
2477,1219
1850,642
2309,721
2043,1504
3179,1650
2886,1730
2073,1130
196,76
131,64
307,129
1279,202
1154,136
516,110
682,244
92,26
577,212
1341,484
2716,1330
331,169
2559,1674
942,150
498,171
2472,0
176,60
0,261
526,159
627,179
779,319
0,271
781,138
2745,1409
2657,1495
1806,657
1214,502
738,269
476,233
2435,976
919,372
842,310
1795,522
3126,2326
2065,927
1257,425
2385,1677
2876,1758
2804,1305
0,532
0,113
2536,1181
353,0
1594,752
2096,1074
3093,2176
270,95
353,151
168,66
185,85
341,0
258,30
94,11
2336,1293
2604,1061
3024,2034
327,141
2840,1486
1738,567
190,66
2860,1171
614,0
3012,1728
2078,1317
2012,918
1334,625
0,293
2413,1048
106,34
68,23
3102,1431
1308,583
440,134
1251,417
2287,1122
416,212
2208,735
583,136
536,181
1458,467
2102,0
0,358
845,353
0,1448
1962,848
944,357
1157,0
2587,1068
1295,568
695,279
3145,1403
1897,456
2041,956
623,0
2613,1000
316,146
244,103
1338,709
591,328
2517,1296
222,62
1276,646
1053,413
3135,1370
1220,544
2434,1381
1326,768
0,40
617,219
473,162
934,499
432,251
502,248
646,249
95,32
551,217
0,714
1163,419
843,246
1074,0
2019,0
436,158
580,168
2997,2099
2414,0
2446,959
0,777
1567,0
903,199
2125,948
0,209
433,175
1303,642
372,137
1120,0
704,173
1450,386
2259,1046
1491,715
2960,1657
952,297
2690,0
0,1099
2727,1342
0,860
746,235
0,529
1785,931
2089,926
2788,1288
1221,626
1291,0
2583,1162
1630,782
1477,654
729,242
2313,959
990,338
2944,1820
531,98
481,83
2934,1552
1310,146
918,284
2207,998
1438,0
1339,545
1397,512
635,219
128,37
0,23
3164,1903
1727,949
803,335
924,614
1721,761
1002,403
719,358
2160,811
2462,1435
3046,2201
0,945
2519,789
1766,545
753,0
591,0
492,244
99,49
305,126
977,361
2355,0
110,0
2821,1818
1860,0
1438,690
1292,470
429,130
1635,0
0,1162
1858,739
362,115
1611,701
2265,665
2470,1155
307,65
1333,418
2683,1703
2462,1327
1356,350
684,184
672,166
0,1335
1696,1055
2281,395
2894,1102
2032,0
2033,1293
0,271
3165,2347
400,243
2876,1176
990,362
1762,574
891,270
941,0
339,251
0,143
2659,1112
678,208
1846,664
560,116
466,101
1427,0
2709,1061
927,244
559,0
1026,336
805,321
0,617
1605,500
2663,1162
1367,798
262,154
1105,644
166,42
2856,1515
50,14
18,1
1993,909
1055,407
2551,1251
374,202
2818,1237
0,258
0,809
2832,1215
1811,1080
2782,0
2937,1765
259,117
242,117
1972,804
87,46
0,35
885,0
2240,256
3197,0
2843,1310
723,336
0,728
1365,435
977,198
438,113
956,334
2832,1443
0,516
1326,630
1943,732
590,210
1353,522
0,686
1030,404
1744,187
938,286
2244,809
2567,1820
3122,0
2735,1528
2269,1154
162,51
1351,433
1987,714
1118,340
0,26
0,30
3238,1358
2432,1471
280,102
2722,1712
2748,1254
104,18
2338,0
0,2016
449,0
2449,1187
0,146
2830,1956
751,0
208,46
543,198
2065,1011
2277,1032
314,90
109,39
2334,1128
2196,889
3124,1995
64,42
1283,460
2365,819
0,114
884,294
612,0
2714,1515
0,1359
3148,1351
1085,360
2781,1406
0,628
0,636
2706,1430
0,40
448,146
1456,316
1202,414
85,31
1117,0
2311,1048
2581,938
2799,1720
2235,857
2599,1153
1565,746
3002,1993
412,81
1061,486
112,50
850,273
1914,593
1531,510
1194,551
0,1267
2409,1228
700,264
113,47
51,10
2213,0
496,121
2250,986
1460,536
519,171
1405,0
0,943
674,0
620,0
2404,1271
107,0
1756,487
2140,868
1019,429
1121,439
1648,758
114,51
2126,554
1883,706
592,123
2947,1401
1481,744
1347,616
2404,1232
315,156
1105,308
131,30
459,214
259,124
937,357
1595,0
2184,751
198,65
0,50
814,270
378,0
2399,861
0,237
638,229
2609,1191
2801,1114
2776,1381
632,327
329,156
0,151
133,60
68,42
544,0
972,394
0,788
1393,383
1313,285
0,1752
1710,0
587,244
924,292
659,214
1971,990
2340,1198
0,1083
877,0
266,86
52,19
0,418
1863,1078
263,96
0,272
2236,982
214,64
1522,155
750,250
1916,801
1505,0
1912,942
980,424
1485,627
1945,712
781,272
859,232
1928,915
2141,522
343,77
678,205
2893,1678
0,1551
96,37
2273,0
0,745
1719,525
0,519
2475,1511
2147,592
110,43
2602,1364
1355,401
0,260
0,115
1121,307
746,147
3196,0
147,47
2195,1177
1515,802
299,184
2946,1645
1426,431
996,300
1483,924
1044,728
2310,921
2562,1352
1031,259
2852,1767
217,52
1616,868
0,982
2000,955
2766,832
644,237
800,451
1942,791
1443,616
0,2154
456,0
443,249
372,137
1850,1005
475,177
226,83
2706,1281
949,260
1552,0
594,192
2644,1242
949,494
1695,748
606,352
1405,572
168,79
2105,590
2842,1405
2641,1000
1422,521
2248,793
50,17
1178,434
1023,367
3110,1767
392,123
2024,776
0,225
843,362
155,64
728,264
2733,1350
316,171
0,630
202,113
505,300
105,28
217,0
2279,991
2085,0
0,203
1773,1151
228,90
1499,163
905,271
1259,486
473,140
1198,419
2225,0
850,258
792,339
2668,904
1383,463
1152,311
1122,324
265,66
99,34
1013,314
2878,1478
1171,507
860,405
1219,428
2514,734
2439,711
2281,1051
2466,1282
3302,0
1334,523
161,82
2145,915
1070,343
689,252
2561,844
2105,1046
0,1251
2503,1115
1434,0
53,17
2972,1855
819,315
540,187
3121,1197
257,57
1096,337
2553,1042
1207,357
3315,2107
29,13
825,268
103,29
2927,1537
2477,1371
85,21
2739,0
261,54
2062,1187
800,279
1181,504
2441,0
1971,710
972,307
834,279
882,543
2167,1598
1327,1037
840,561
3014,1461
2092,778
960,397
64,35
2665,1381
1683,528
571,271
900,226
2325,875
1843,1034
2646,1342
3154,1401
3027,1840
2586,1197
2598,1098
1940,957
3095,2101
170,56
1357,0
2228,870
227,59
2632,1320
2630,1191
2171,1050
1940,802
2978,1421
0,268
389,218
1885,1044
0,828
95,24
2375,831
1173,466
0,1413
2076,800
1481,499
1946,0
1077,288
1116,660
1371,500
1683,609
514,270
1841,609
1178,399
166,58
116,0
771,0
2197,1003
1455,437
1957,629
1901,695
3078,2101
2164,938
508,182
0,411
527,220
1896,991
2373,1051
162,55
607,239
0,136
125,53
3008,1670
164,54
136,0
897,283
934,432
1538,837
926,0
0,1408
1175,444
0,851
1595,784
1350,589
2793,945
1086,450
1889,744
1510,447
1875,809
1496,498
843,219
112,61
1742,524
2104,951
2881,1730
1637,779
363,114
833,195
831,193
1161,434
1662,0
2527,1374
189,64
0,110
1605,605
1176,363
1556,740
1082,417
883,363
1783,632
535,192
0,271
800,230
290,70
29,8
140,33
1278,512
0,762
356,187
1867,881
0,512
2430,1154
725,462
1948,1128
567,270
545,260
817,251
2207,1289
1976,816
115,34
344,77
132,48
2207,780
344,158
1863,622
741,255
0,114
2149,1210
2020,1209
2643,1566
429,92
1301,395
2149,693
2815,988
905,437
979,405
654,0
509,117
2751,1903
1902,460
2283,1018
1840,819
2016,776
1677,620
3120,1338
2511,1322
3150,1970
1598,839
937,346
548,213
1535,644
140,46
852,389
2496,1108
2209,846
0,137
374,98
612,306
2223,0
2771,1367
499,202
1718,791
0,10
891,225
2859,1149
2902,1116
367,106
256,0
394,76
984,440
3332,1893
2252,1152
3144,1495
421,58
3013,1536
566,191
535,255
616,0
580,276
1886,671
555,238
1314,743
1304,741
3078,1632
318,131
2261,991
2461,916
1235,386
772,0
2202,685
2366,1386
2899,1536
3047,1576
1365,0
3102,2404
1808,994
847,319
2553,971
1197,0
991,326
239,66
1489,241
0,37
141,28
0,622
716,196
0,120
712,231
884,347
0,311
3070,0
1527,698
1176,446
3063,1212
991,281
2304,805
2922,1639
3054,2272
2511,1279
2117,1361
2198,573
2700,1372
255,99
215,90
40,9
892,0
2106,677
1757,777
1652,435
1714,742
313,131
0,355
2394,879
270,106
216,92
3346,0
478,203
429,98
545,233
2880,1375
505,160
1651,839
0,929
2309,506
367,108
279,81
0,96
80,26
0,332
2549,764
2332,1041
437,126
66,13
371,113
2923,1497
3027,1691
1917,613
3164,1720
26,7
2784,1485
759,151
2138,1247
0,115
190,74
136,41
441,171
374,145
1968,729
1159,555
3007,0
3095,0
122,30
1657,641
1746,769
0,573
2463,1010
2124,1016
2220,1055
3301,800
718,252
538,193
209,51
0,47
633,221
81,27
552,194
726,240
2800,1296
226,102
1399,473
987,320
2895,1336
2377,1057
1707,671
2735,1137
800,104
820,0
471,124
1481,0
2229,794
3002,1297
2053,787
17,0
601,246
1602,880
2918,1445
1299,394
91,31
2521,1195
415,155
871,284
345,117
956,467
1687,601
885,0
1516,662
1541,387
2540,1116
0,501
209,69
0,418
569,211
0,204
1601,1179
2750,0
0,1474
81,35
1160,254
2113,1146
1311,578
269,64
246,58
2499,1035
1164,428
0,947
44,0
1263,561
1699,459
2492,0
1129,411
76,27
1053,0
0,227
2112,1021
2285,806
1276,525
1243,541
552,206
754,335
1434,580
109,34
0,161
2820,1069
855,126
1764,601
0,618
1622,0
107,32
2075,1115
571,227
1516,519
1186,391
0,874
1726,567
1396,476
0,437
1356,575
451,204
885,370
1551,606
1062,449
1947,932
1253,354
262,99
1607,949
0,892
1300,0
834,362
332,142
467,219
645,156
2555,950
104,0
34,11
0,27
0,1227
1573,701
2691,1432
2264,727
815,0
1931,983
1526,543
240,96
2525,1050
94,21
1932,618
239,0
1671,976
0,729
1398,245
3094,1809
1104,177
617,328
2559,949
1757,708
0,1205
3003,1959
1736,839
1461,573
1503,710
867,345
1082,453
2541,1093
1004,391
0,214
380,122
1742,0
848,316
777,296
0,93
1624,486
996,194
2745,1017
2819,1051
0,235
81,0
202,53
127,40
2795,1187
215,51
713,248
571,0
2108,1126
2970,1443
670,0
2977,0
719,213
1800,605
2070,640
1267,393
2860,1511
0,801
1274,421
1295,439
2030,656
1287,0
0,332
1643,791
106,44
1549,542
2582,0
167,56
481,134
440,122
1719,0
415,155
1129,257
41,17
1975,0
0,513
2823,0
1933,687
149,59
1861,386
630,0
881,328
3144,0
1585,628
752,0
1766,724
2728,0
324,0
267,0
1141,358
1077,291
3199,1388
2558,0
836,521
2482,831
520,231
1503,424
1536,495
1500,565
1019,0
2439,1034
1069,313
2954,1736
2183,0
1383,750
0,1191
2437,1138
0,1131
229,46
79,23
311,119
2230,0
29,13
26,8
1201,612
1579,810
2146,994
762,0
2104,731
2985,1309
2660,1564
2218,1403
151,32
3123,1510
0,281
1299,486
2883,1476
268,79
859,262
0,177
781,168
248,97
240,97
283,71
295,127
1592,653
3082,0
2396,0
1728,987
0,599
1816,870
1065,339
2575,1570
3211,1916
0,468
247,0
2087,970
1636,706
1422,423
120,24
1124,322
0,66
3098,1567
1677,792
1759,858
672,330
2456,1232
533,135
568,191
2502,1235
3086,0
2172,1003
1524,634
2422,1065
1546,639
0,85
68,23
752,330
0,187
1296,293
2741,1182
2477,1397
35,22
2474,1069
339,156
730,237
2357,923
2283,1263
1479,528
494,254
1653,743
367,72
2335,1000
3104,1543
1558,0
354,72
641,191
192,158
2498,678
571,158
2055,738
1638,492
179,36
0,34
2661,1151
2722,1341
1369,422
1673,1001
2878,1435
340,0
1471,440
165,53
598,155
174,68
1555,698
1477,655
78,43
836,188
159,64
2617,1437
859,413
1318,602
0,1538
2811,1277
180,0
0,955
1994,628
2770,1212
1690,727
0,85
2605,1212
201,72
1371,389
2560,1105
2298,1402
0,1075
1817,718
2915,1118
690,198
2746,835
116,0
559,176
1402,374
948,320
556,223
1385,0
0,606
2094,935
1441,653
653,282
1225,381
2867,1192
1441,442
218,106
725,226
143,56
767,244
697,371
1321,518
0,378
379,157
835,398
780,0
1122,440
674,182
1602,1010
1604,779
1365,450
2778,1559
1726,588
579,233
378,163
201,70
169,0
201,62
2149,659
467,117
177,65
313,132
2173,0
0,370
374,131
1333,614
0,56
0,475
2127,966
759,342
1949,773
1507,0
2685,1123
685,132
2334,1303
1485,456
86,0
0,1410
44,6
107,43
469,210
2727,0
2147,821
1606,0
0,885
2699,1215
680,221
1178,344
0,130
1880,864
1296,671
1199,521
1969,970
309,86
889,338
1533,588
2570,1057
382,157
0,455
126,73
334,149
2204,791
893,325
2856,1508
1447,0
428,136
1994,880
0,394
0,668
0,196
53,31
1619,561
2172,843
187,0
3066,1576
2711,865
2332,890
1460,0
280,117
875,324
1757,834
877,91
1773,0
259,125
763,273
0,39
103,25
33,14
66,33
884,247
78,41
516,213
309,0
1438,595
1430,593
2428,1173
1608,504
1163,362
1322,0
169,45
274,100
48,19
962,270
2201,788
1502,0
2487,1365
496,163
126,36
3207,1320
2520,1403
1595,994
535,111
626,248
1472,433
1971,928
2613,911
1887,437
285,73
1786,0
2638,1574
2022,743
2773,1381
1358,661
1084,362
1349,544
2324,1040
2533,1257
820,434
196,73
2853,986
1697,832
429,0
1268,598
0,979
3224,0
2932,969
540,216
0,218
2738,1186
1987,866
343,70
0,1349
923,423
667,176
397,117
2170,999
2336,719
0,894
92,53
1022,739
1524,394
2759,1587
1052,303
0,1010
1035,400
2386,1316
0,164
2999,1708
0,1823
219,88
499,143
0,104
2853,1647
3241,2383
673,276
396,131
301,101
2989,370
1406,640
1357,547
1121,334
1910,582
363,85
133,0
319,68
1197,696
2283,1046
2410,0
2037,693
2702,0
2303,815
1105,447
1617,473
1684,698
2209,906
877,332
0,31
829,301
316,76
1617,645
349,159
286,138
0,677
3533,1720
2057,1120
35,13
2969,1236
2889,1411
1131,444
2909,1149
0,965
2557,1319
640,187
2700,1099
1397,351
2567,1005
2438,1333
1371,0
2182,1056
1236,0
1004,0
2635,1923
1687,1196
948,727
0,783
2660,1040
877,322
0,191
982,427
716,110
0,2
2206,971
2654,1065
1356,638
1221,466
0,51
1005,310
352,145
1955,937
0,812
506,256
476,254
0,1165
443,188
1374,571
1237,0
1032,299
622,148
2689,1267
2588,1200
0,185
943,372
2577,1150
854,229
1066,0
3361,1451
2382,1561
0,1686
602,191
3069,1373
889,238
0,221
1261,427
1225,306
2365,778
340,128
0,341
186,0
814,249
2466,651
1086,317
605,217
2014,750
1564,812
1554,597
2040,0
2076,913
1128,469
1882,0
820,209
2029,1261
1240,503
2651,1293
0,358
79,15
752,196
2064,815
1389,502
1019,295
1273,0
595,143
541,185
1030,335
2346,786
1697,0
580,140
1170,325
2717,1310
1774,835
2807,1277
613,110
483,110
2728,1653
1428,0
0,749
818,283
2544,1214
167,0
898,395
208,66
507,220
212,67
0,75
466,196
1166,477
1896,710
1996,918
58,24
1083,375
127,43
1290,614
831,197
1144,0
1039,464
280,55
1223,566
409,125
1712,617
2125,1002
2472,1212
775,251
2289,1058
470,0
151,31
1771,683
1098,389
1018,445
167,45
117,73
956,410
424,153
2901,1613
2716,919
1695,751
572,179
2731,1172
1331,415
46,10
2678,1394
633,209
2696,1337
2074,652
1996,1101
258,132
2348,1104
944,0
257,70
1982,1309
1722,589
3011,1101
907,199
3234,1525
1981,0
2385,825
668,457
0,461
1839,674
1143,508
83,20
0,922
968,280
0,199
665,181
943,179
287,83
2584,1271
0,225
371,176
469,0
730,267
2641,939
2579,923
672,272
0,341
1052,430
721,0
630,198
3126,2187
149,49
2086,906
1036,431
2980,0
2496,765
2127,741
1744,474
0,587
2805,1075
527,189
1558,545
2665,1588
2814,986
2514,1118
587,180
2131,950
395,167
0,1643
890,476
0,977
2556,1142
516,258
313,170
203,88
0,946
1270,318
1567,506
1655,422
0,576
2296,1002
0,507
0,389
3015,1689
1559,756
1592,621
2356,1043
446,76
1208,566
673,338
0,1692
2534,877
770,0
1375,757
194,44
158,0
3014,1831
2864,874
2645,1532
0,177
989,0
942,302
223,80
0,1601
3074,0
2958,0
1017,438
2142,979
478,61
2405,868
1798,663
1841,0
1494,448
319,233
823,303
102,39
318,88
2886,1572
1528,802
1604,778
1035,435
239,94
1064,327
2077,805
236,120
1073,320
826,320
319,153
1736,567
2665,0
0,340
2381,1400
368,132
905,317
2771,1420
2329,911
2867,1206
690,263
182,75
1354,691
246,116
0,112
0,479
908,458
982,243
576,199
809,195
2944,1348
2966,1401
673,195
2991,1373
2067,1085
2328,919
1543,500
424,137
17,7
2423,1370
2422,757
743,187
2641,929
0,363
0,100
2383,328
2198,993
1781,491
2739,1259
2390,1154
515,0
81,46
583,90
1336,428
2044,904
2029,1095
329,114
362,108
357,77
1104,339
0,1050
1302,577
0,1134
2060,742
1564,606
496,136
1725,582
2294,976
1586,415
3319,1729
123,22
2632,1649
1492,547
66,11
1961,661
571,221
2893,1268
715,183
131,44
41,24
2329,944
334,0
1995,839
369,131
0,1449
986,339
716,352
2019,705
162,26
2942,915
671,185
1587,611
460,174
693,263
495,0
858,237
2631,0
2699,1143
590,240
1682,0
1044,250
0,786
0,1055
651,200
250,85
2408,1002
1036,415
218,93
818,322
294,0
1882,664
958,395
0,413
354,101
200,38
1777,645
2371,1192
48,10
542,0
2092,719
2617,803
1773,789
571,188
501,137
1807,922
203,59
2018,0
0,1191
2470,0
2335,890
1997,1005
1924,404
2193,0
739,241
1284,776
1238,474
655,316
2481,860
519,93
274,98
1007,394
1758,669
961,0
2901,1537
2626,1204
74,13
1431,365
591,202
0,590
0,90
803,276
2588,1137
1325,386
292,81
2293,835
862,426
565,365
1265,464
71,26
56,21
613,240
311,65
235,43
57,18
2398,1120
2394,709
2286,847
2113,0
2835,1261
3015,1780
2534,1217
1487,735
1047,482
2893,1149
1886,594
1016,481
410,98
2823,0
1416,503
0,85
916,351
929,341
115,18
2588,1247
0,853
3072,1617
276,86
3294,0
2138,679
2820,1604
2643,806
0,1047
958,468
297,16
2184,893
0,770
0,2491
247,94
1708,0
1919,688
816,232
3034,1348
868,279
156,38
0,164
2103,0
0,425
2365,832
323,176
189,75
735,143
0,133
598,197
1641,564
868,335
1107,0
450,120
2367,872
3113,2106
816,441
1039,571
0,342
1149,415
402,161
0,254
3457,1196
1705,422
653,0
2846,1497
2280,1020
1195,182
2440,879
2259,864
1261,275
1266,0
123,36
2516,982
2621,1606
3060,0
1656,0
676,188
611,182
573,291
2671,1623
1617,734
118,0
33,0
2242,1104
1092,276
639,184
453,92
770,304
1253,399
1946,1434
2797,1936
661,208
985,286
607,182
1982,808
1388,590
594,0
1086,290
869,250
3162,1563
17,7
12,7
2169,970
0,697
254,0
87,19
2131,873
2530,1051
784,301
1710,478
1031,328
679,150
2825,1496
0,773
2042,810
1984,1043
1305,341
0,436
833,279
418,162
415,117
997,263
643,208
670,219
405,106
0,103
0,56
2013,734
2594,1470
1235,311
317,122
2478,718
2980,0
3249,1660
2088,351
372,90
1950,774
1117,424
0,331
2134,0
963,337
723,0
1551,778
577,174
1735,1058
191,36
181,58
297,111
2200,1080
1894,819
0,1431
685,216
26,14
1716,609
0,306
2821,0
1617,580
1384,357
2856,1446
0,298
0,189
410,109
1901,1164
1267,396
3064,0
0,1384
2491,1024
0,1331
0,1256
1150,422
655,252
465,190
1655,666
773,85
2841,1161
1687,596
1219,518
0,64
2966,1298
610,186
523,153
787,244
3096,1300
1462,544
817,300
0,244
558,356
1065,376
93,39
2104,1009
1639,465
682,150
122,40
335,150
738,188
0,511
1470,685
1652,455
1858,721
1806,198
184,68
122,49
817,241
2169,0
1381,0
2135,0
487,165
1047,291
96,22
72,19
1164,279
1434,664
1136,483
298,181
2131,1031
2802,1494
1454,577
943,228
2532,1102
144,40
3081,0
2163,757
303,83
1863,616
1020,0
1010,411
838,239
0,233
1773,384
942,279
1881,792
3159,1637
1094,442
965,285
3056,1354
1880,522
0,122
154,55
2288,961
1228,479
1060,482
251,59
2868,1519
255,81
757,204
674,170
522,160
184,82
83,16
2592,761
1057,341
1103,539
1018,380
703,139
1025,320
939,294
380,148
465,148
1405,549
1247,151
569,101
365,72
1897,935
830,337
0,118
0,86
2411,837
2305,0
1217,318
310,98
282,92
1789,702
1351,486
438,216
313,57
2335,858
2589,832
2277,1178
2316,764
2271,1114
132,36
1840,317
457,162
0,478
477,190
848,214
1083,368
2687,909
1393,582
2940,1361
125,15
59,20
2887,1751
624,151
1115,394
2633,870
2790,1249
796,352
1994,897
921,0
949,304
953,307
1283,891
246,57
1044,437
2050,691
1188,387
197,93
2496,845
316,91
548,153
1944,444
311,90
3131,1672
74,0
318,83
313,80
268,76
0,42
86,34
3136,1644
2210,753
1740,480
860,0
813,293
2755,1139
236,0
501,199
3147,1710
2582,955
2592,1191
1395,423
719,0
676,203
0,1570
3023,1166
1133,0
2831,1226
1155,512
1053,271
945,356
306,147
607,277
2613,976
93,4
2421,616
0,2431
130,40
99,20
0,235
1766,476
1173,0
103,24
848,168
0,78
1156,342
3140,1486
843,0
115,34
182,44
2111,897
50,14
516,87
981,251
101,34
1166,326
370,129
733,402
1264,390
2998,2249
2386,767
2134,1040
201,75
128,44
73,31
2324,1057
548,175
0,444
1820,893
2164,822
975,394
3143,1186
1952,410
192,64
109,28
1207,563
1170,346
2565,0
117,65
1449,400
0,433
850,263
798,169
449,188
1152,294
836,180
2966,1751
3167,1072
1997,0
0,220
307,72
984,182
844,157
977,314
1214,447
114,45
0,777
1295,549
2973,1066
348,156
321,139
2060,715
42,0
0,64
809,235
175,46
458,0
1941,1336
2195,625
1995,724
592,0
1782,771
1185,542
0,229
406,161
961,252
3213,1785
2291,1041
1918,565
1976,889
1595,562
2326,1080
650,324
273,66
3095,1656
2893,1025
1876,793
1292,439
1207,405
2777,1213
1432,516
1048,414
462,132
495,172
412,152
3362,2115
1065,330
3125,2095
681,188
3077,1224
147,106
0,1689
1309,572
508,176
107,40
1397,0
2480,1072
1848,543
1188,482
525,160
858,218
509,136
732,189
2525,873
1762,928
2192,1022
1440,526
2166,0
2456,1079
521,139
395,91
406,203
0,88
3086,1493
2818,0
1291,0
0,887
1558,372
0,1938
3166,1679
2042,1061
982,300
1788,774
759,297
153,62
2004,699
0,21
374,113
1055,445
1047,445
140,10
0,1036
72,7
2937,0
298,81
2838,1220
766,181
2970,1435
197,38
787,325
1892,938
1041,402
1763,409
0,33
211,45
2949,1003
2806,1445
783,0
2991,1240
1920,531
1117,0
1945,1145
553,197
1496,465
184,39
177,0
264,45
1345,588
167,71
1317,362
0,915
1964,842
929,0
569,211
525,95
0,57
1009,390
288,91
530,227
959,376
2950,1829
1298,488
501,165
1839,770
0,88
1858,746
1472,567
680,0
0,419
1236,0
681,0
2266,1055
1371,659
895,396
2944,1574
1686,784
1600,0
1341,561
256,56
374,121
1506,0
738,191
197,0
354,177
1123,420
324,138
1547,535
2216,0
920,328
2700,0
1029,253
1570,347
1554,341
1305,340
224,75
1822,731
1784,0
30,10
312,79
0,387
0,658
908,378
0,707
1147,288
622,162
1110,291
608,198
43,27
1423,0
713,315
1201,106
2002,765
0,816
1165,504
2606,1471
1007,282
363,89
990,0
626,333
2263,1082
1420,405
2939,1287
740,232
2135,1040
1471,423
103,59
209,88
2699,806
256,150
243,76
1185,467
656,233
529,234
146,34
1978,543
2656,0
2191,785
2174,626
906,282
1705,323
1410,489
0,1261
0,781
1647,773
1805,667
0,639
0,943
3204,1731
623,0
487,150
135,59
1726,0
1988,612
0,334
1939,934
2575,1083
447,0
893,321
848,0
169,0
450,102
461,94
0,291
3394,1763
1760,474
613,227
1094,493
293,53
0,598
1359,0
0,885
1921,737
2803,921
472,0
2649,600
26,6
0,566
2284,764
903,350
671,191
2527,832
516,0
3294,1712
2064,571
874,261
2848,1509
2559,1184
2505,0
2042,790
3046,1242
0,657
1258,0
2266,574
2674,766
0,633
2261,649
1290,476
2412,1087
127,15
2910,1349
352,120
0,149
2769,1442
32,0
0,376
3118,954
397,93
0,482
2235,984
0,152
345,0
80,0
2621,0
82,10
42,24
102,0
739,141
1703,663
1414,616
243,0
707,141
2217,669
3112,1450
0,1123
1729,0
3148,1039
894,396
467,210
1835,363
2441,1225
1179,451
1211,247
1316,359
1813,332
0,109
1341,223
279,62
228,79
1628,401
2795,1578
0,212
2239,1000
691,138
354,71
538,0
1939,0
2177,0
2227,1238
2917,1101
603,233
1664,691
0,58
234,64
808,269
2175,1699
0,711
1633,772
1288,0
2953,783
2348,818
292,94
196,72
3145,1571
1193,0
991,390
1675,580
1455,409
1887,642
1740,760
317,89
1458,550
1786,777
1332,0
1430,597
586,157
1861,652
1454,548
0,1207
1950,717
1109,384
911,339
0,257
3295,1826
0,1623
544,139
1328,457
143,54
2457,1574
2294,1308
376,112
351,108
2499,1149
106,20
37,7
69,13
1706,771
429,0
2333,1167
1272,406
2290,888
1797,707
493,181
188,44
1641,591
1636,746
1484,704
146,61
1530,372
1028,251
502,121
1662,625
0,119
32,10
2344,1155
1645,846
699,309
706,182
2857,1464
80,19
918,209
547,299
2545,1249
748,353
1797,896
110,40
718,235
2839,1225
2033,952
806,273
1505,511
847,0
0,1349
0,307
752,248
232,59
1513,815
426,148
139,0
0,77
535,151
368,108
0,845
167,59
121,33
2197,752
1574,528
623,224
1360,630
355,159
2053,881
2325,1219
322,114
161,44
419,139
1027,365
1124,205
2361,1147
2896,1124
235,80
108,38
1539,511
1290,405
2809,1555
395,128
2845,0
688,157
105,23
1071,324
207,41
140,37
738,202
2343,837
1305,410
0,26
161,64
1470,608
876,348
2819,1401
546,150
621,87
2067,623
0,454
2021,1152
778,261
1719,856
978,409
0,701
1072,427
1502,0
415,53
874,208
0,181
1162,468
1181,412
183,37
736,213
1121,335
180,0
150,35
1488,624
1763,640
530,100
162,32
368,68
432,120
0,501
1192,407
1377,549
1139,342
1204,0
1056,0
413,117
706,212
418,0
876,308
1459,616
325,0
1134,490
152,47
445,207
81,23
1760,0
545,151
1183,0
1266,385
697,166
1297,328
409,93
1178,486
1066,352
162,6
0,78
864,423
1146,244
1414,442
614,220
0,463
1374,398
557,209
578,126
1102,371
291,83
271,74
1093,281
1177,513
630,246
1761,714
780,304
842,247
441,118
685,115
1116,428
1963,1084
283,77
1038,368
1291,455
1509,561
539,204
145,34
1058,349
2051,1009
1131,296
1417,550
458,118
614,0
462,142
936,420
205,51
0,217
775,272
494,188
1606,588
0,281
1525,550
798,146
1660,443
1563,729
1944,791
1772,0
1107,392
1114,408
903,400
602,193
1644,516
1142,474
1517,454
331,0
399,0
307,65
0,59
1104,325
587,179
1435,587
1990,1284
941,353
1175,414
885,244
1672,487
0,256
1639,587
1157,509
699,145
0,846
63,23
525,156
337,121
377,119
1315,356
365,185
1184,453
1895,1044
661,319
1250,0
855,356
1143,481
659,181
1245,428
1106,0
244,60
348,162
1551,698
53,16
249,70
0,238
1395,483
765,214
1456,487
577,95
1753,924
1269,0
72,13
68,12
1279,401
244,92
451,163
0,222
144,65
810,270
0,90
789,238
1342,503
1574,613
1632,791
2011,0
1481,368
1394,499
806,292
0,222
0,369
556,243
1912,983
1740,819
1579,865
506,183
280,106
968,348
143,28
367,107
1448,456
258,86
1098,230
1314,0
1233,606
199,47
394,61
1194,320
1410,553
357,119
1632,690
1539,554
786,259
1576,916
103,34
481,127
568,229
1414,628
0,101
1719,839
35,31
0,60
590,208
403,29
0,641
1154,355
46,14
62,15
1135,319
1205,563
2201,1080
2700,1009
583,201
449,0
620,289
1139,517
1281,495
1505,541
305,112
0,822
446,107
1731,410
118,29
0,196
261,138
1901,647
2999,1627
494,144
0,424
386,147
1024,382
221,67
1166,531
185,66
0,267
224,47
2264,903
0,645
668,252
937,325
398,184
259,64
474,179
31,11
2127,743
1817,583
682,296
95,0
2096,708
269,53
1803,491
856,419
718,203
1473,534
1654,0
2776,1388
399,134
604,114
0,333
0,413
1927,0
792,177
273,82
2253,1015
63,16
854,328
1510,513
1622,0
1107,0
2155,815
1685,0
3169,1614
2909,1220
224,0
2767,0
2190,660
74,18
637,154
662,188
330,104
604,135
1310,321
132,34
410,109
2435,1006
284,0
1434,629
896,283
1417,452
781,292
143,42
2947,2095
893,0
989,513
2698,1551
2462,1213
1048,157
597,180
860,318
2377,1148
2093,0
2987,1470
1842,548
2496,1277
0,1718
693,225
1831,813
1532,481
2317,973
2938,1435
2767,0
919,271
808,168
2097,942
1012,168
0,537
340,102
2056,727
2583,1427
2749,1022
0,435
2052,0
1797,723
424,141
24,7
1795,676
0,611
165,35
333,109
2530,1272
51,0
2557,1427
1112,471
1101,422
0,778
1662,574
1263,369
1249,305
1975,774
0,1225
2866,651
3276,1524
1190,515
181,41
2025,867
663,0
61,26
34,11
29,11
2093,945
301,151
90,33
2950,1275
980,360
0,390
798,392
2880,1834
1162,580
2760,1116
581,0
127,15
1537,569
779,292
1378,489
2760,999
76,14
1488,520
1859,827
0,190
32,2
2238,866
0,448
137,54
486,266
420,111
1382,0
3129,1806
1710,650
849,0
2767,1189
845,226
463,154
2129,927
1079,478
2457,918
0,1301
2352,760
387,54
933,293
640,181
2685,623
696,191
339,102
2811,676
1238,223
208,46
2783,1938
820,229
737,0
2337,1022
126,0
384,76
1309,245
550,117
1720,640
683,277
0,483
956,0
1485,356
0,62
140,42
69,20
2729,1069
1692,524
1261,371
70,32
228,33
345,132
903,261
922,254
2288,1005
0,86
1094,338
1305,302
634,160
0,101
936,314
0,409
2107,760
709,229
1152,0
1457,342
698,288
149,19
3202,1784
542,213
892,283
133,19
1411,367
0,93
540,109
112,39
1892,586
2071,0
0,183
133,55
2974,1462
0,481
1008,357
616,281
1648,566
1140,400
1802,461
1313,397
866,304
1083,441
1597,721
1663,728
930,398
2457,1008
0,972
1507,396
0,49
1108,380
2649,686
2895,1878
1403,369
1305,603
2557,1598
1143,317
0,1458
2831,1046
922,337
907,335
308,112
2535,1202
1166,446
912,0
649,0
0,319
306,177
2225,998
1654,544
2641,1041
2924,2125
2767,748
2836,1304
925,216
2127,701
2534,582
221,0
1054,299
178,48
876,251
3244,1823
58,14
958,314
1658,498
1147,0
1901,611
270,27
1832,622
2751,1345
2371,1151
2813,0
632,199
2183,998
1219,437
879,119
397,104
144,43
584,0
686,0
0,301
180,51
2542,1105
113,39
0,1364
0,944
2655,1066
830,260
421,120
719,252
1371,498
1684,586
1312,0
598,103
1972,899
2086,954
392,114
2760,511
527,237
2940,1477
1492,0
2836,1898
0,558
2394,802
1745,535
2290,720
1182,0
378,0
1211,410
1272,403
1059,413
1988,881
441,0
2980,1636
161,52
219,60
1514,474
553,172
1155,511
0,111
275,81
1319,0
307,76
638,185
228,0
408,139
1647,0
585,0
757,215
92,21
2563,669
3063,2019
206,56
630,105
350,105
283,0
1917,493
1389,436
0,494
0,285
2185,915
2080,875
1440,450
1407,350
481,0
1912,329
177,51
2978,1113
774,0
633,0
1447,597
570,162
155,58
774,0
609,0
152,54
1684,469
901,390
1974,786
1963,938
2216,864
343,74
2289,645
2343,1234
3175,1714
152,28
1759,581
1156,492
50,5
0,673
1896,642
1129,285
848,0
1601,0
2541,958
1313,0
92,26
679,0
512,235
2140,550
1230,514
2914,0
2635,1185
976,501
1854,950
2622,1883
1750,896
280,57
2367,686
227,89
949,298
119,42
1660,208
1920,554
2151,880
1441,0
542,193
490,144
893,172
159,40
650,167
1549,699
3040,1788
3187,1674
3109,1547
2504,1086
3143,787
0,52
236,113
2912,1948
3030,1184
1471,587
213,62
2227,779
872,424
0,1606
1110,255
1371,396
2455,1178
1448,480
0,227
1357,400
2837,0
1498,443
1273,338
2249,665
2707,1371
1723,462
1146,304
1107,245
221,55
272,79
234,0
1765,0
3302,2144
0,509
2238,0
1343,363
1128,190
238,114
82,26
714,224
2855,1166
168,59
626,288
728,183
47,21
0,29
3326,1575
93,22
2566,1102
0,1506
2796,1016
0,803
1987,869
2442,751
1075,389
678,228
1970,810
757,357
900,296
3406,1794
1655,460
490,231
0,231
1346,0
1747,472
1284,484
737,202
1117,450
0,1063
865,0
516,110
823,421
3087,1608
474,0
689,233
1731,687
69,0
2350,769
2480,774
0,262
1835,875
836,150
1403,401
885,281
0,120
575,138
996,223
0,600
1503,528
80,22
93,30
71,18
2858,1201
894,295
869,343
1827,691
2351,700
2710,748
471,173
516,102
1571,849
3131,0
1873,0
515,183
943,119
1984,0
135,0
601,119
2642,1331
809,445
802,162
2181,681
3318,1703
229,74
0,492
1431,0
1890,737
544,259
2641,846
1373,325
447,0
926,180
111,30
37,0
1850,0
1973,795
0,611
1999,342
843,421
1351,312
855,203
444,93
0,2262
559,121
273,55
1309,487
1467,382
1379,490
0,156
1170,152
222,53
1633,537
487,169
3044,1396
80,20
1986,647
2006,1073
2443,841
2936,0
3240,1806
3373,1716
0,54
2119,466
1811,732
952,0
70,11
2954,2407
620,255
2008,618
2186,1011
2382,1104
3044,0
445,160
632,0
2510,923
193,61
1931,564
1375,357
3117,2011
514,74
1366,494
1897,534
1976,397
1103,408
3208,1634
0,1084
1085,550
2949,1153
3096,2048
0,689
325,103
1910,724
2316,1241
0,1282
3351,1816
1209,0
420,123
900,250
378,120
141,81
274,92
1032,360
760,279
0,1380
2570,1106
1377,562
586,197
2577,0
1320,315
1175,447
2337,1176
1243,296
571,220
1465,472
2622,0
230,67
1052,0
479,171
364,0
324,0
2638,1027
2350,746
167,28
276,92
1169,372
712,255
1161,0
0,297
2317,1068
1381,406
412,182
2581,838
1029,243
905,0
2995,0
434,151
2008,897
0,249
1000,0
1500,550
1101,351
977,272
766,251
132,41
271,0
762,0
2758,1318
2402,843
0,345
2510,861
2624,565
2670,1379
561,179
0,118
703,164
2030,623
570,203
1634,733
2785,1645
1743,418
782,213
0,634
0,271
545,226
1732,482
2220,462
2154,1070
1229,204
2032,579
2686,1532
1682,331
796,0
1678,804
1211,230
509,197
1478,664
2336,877
893,292
875,218
738,360
1472,391
846,183
0,1310
3231,1987
2458,1381
0,50
1435,489
178,64
2134,914
2303,0
0,223
767,364
819,161
2772,1375
473,169
172,68
660,177
783,239
2706,0
1188,409
1799,924
2061,1148
0,1237
1185,689
3119,1033
598,206
1760,495
1598,0
637,212
3331,1367
2998,1401
373,93
2842,1072
1037,261
1522,616
984,284
2233,1038
2332,0
2777,1119
3254,1639
0,708
2580,0
172,55
328,96
1900,605
2112,689
0,88
516,195
1330,0
2079,861
2254,800
3229,0
1611,592
673,247
215,0
610,279
516,138
397,170
446,154
0,1680
1033,0
1011,216
547,200
479,207
0,175
2577,1099
1144,0
1391,0
284,83
132,40
3099,1836
0,136
2451,1126
2701,841
2321,925
1648,438
2338,1121
2846,967
1024,343
1336,698
1409,539
325,80
529,212
0,810
1256,529
1244,459
0,443
130,29
0,217
928,240
0,200
165,53
0,844
3100,0
2444,909
1511,618
3118,0
1663,596
707,0
494,180
1528,727
622,285
2699,1006
1343,592
0,378
0,379
766,393
2126,991
337,75
368,158
42,20
1252,424
827,0
868,261
831,430
865,261
861,261
186,47
1337,450
0,77
267,117
260,81
238,72
1574,752
114,47
1867,909
201,49
271,111
0,1136
412,142
1448,461
742,246
1145,372
715,164
169,62
1505,455
93,36
3084,0
384,109
2866,1316
2130,771
1791,714
859,200
885,211
3001,1622
1066,333
1313,445
464,229
390,120
742,181
608,317
1522,799
2376,807
1866,712
1087,458
74,23
1808,1012
593,340
988,545
0,314
2090,887
1175,321
1184,382
472,152
54,27
139,29
1428,415
732,230
939,248
903,336
2978,1663
1783,593
187,41
1021,269
68,25
2523,1184
1066,437
218,26
748,213
2584,1090
2550,1158
550,163
1271,561
760,264
16,8
2338,0
891,397
532,237
2670,981
2446,958
2358,0
1046,348
1987,672
1976,969
1806,953
1798,547
1859,0
1167,535
1355,733
0,523
104,0
1747,532
410,73
2268,813
1632,572
0,951
243,0
0,296
814,222
518,161
2436,1464
703,270
3146,1569
553,162
353,98
1797,740
0,165
390,137
2852,1113
2105,0
726,369
1662,765
120,28
27,6
918,371
883,345
0,322
1341,494
1612,689
1832,438
2600,1105
1215,368
556,0
1533,467
1957,809
862,314
529,153
0,324
0,4
3039,1206
1856,741
1603,871
928,339
0,1723
121,0
2724,1559
328,93
0,90
1367,444
882,0
862,317
1262,111
877,390
329,79
105,22
2799,1229
0,49
1859,782
636,291
1844,322
906,338
1089,429
0,1329
2762,1277
1014,0
72,15
1279,604
0,472
905,296
0,460
356,92
976,332
521,111
2855,916
278,0
220,50
158,34
1757,937
1502,696
818,0
1410,373
648,196
403,101
0,1082
827,0
2671,0
2687,1145
2370,0
934,361
507,175
677,293
531,236
146,57
1005,426
520,183
0,359
1527,741
2287,771
0,1955
978,369
0,161
582,0
0,491
385,71
0,27
0,175
268,68
400,118
281,82
119,36
2959,1162
175,65
1083,485
1912,622
0,341
1064,0
1025,537
2751,0
2165,982
0,54
3277,0
0,70
2708,1318
1487,0
2906,0
2653,1345
0,417
448,92
2019,871
1895,255
1535,642
1148,408
0,967
1747,827
1460,689
726,247
2784,1485
0,403
1393,0
788,242
605,135
971,252
2557,878
276,87
0,372
1734,747
1572,802
122,45
1813,0
0,393
117,36
1765,587
374,167
1359,0
0,1609
818,218
531,127
0,321
0,796
3021,0
1915,923
2537,942
3086,0
3103,2377
1599,526
202,35
3288,1684
2102,587
0,464
924,354
81,15
2089,552
2437,885
0,699
2089,799
2560,932
665,207
1492,403
2033,639
458,191
2876,1568
1525,352
2102,757
0,60
398,189
1745,1147
486,0
767,266
2268,1014
343,77
336,75
1302,509
576,196
152,50
2796,1489
1784,905
2239,1063
241,65
3221,1186
874,344
2945,1472
1069,192
0,238
0,193
0,45
807,0
718,211
646,274
0,1510
1056,514
2305,0
1332,0
353,0
429,110
1395,344
0,755
0,435
2545,1333
0,270
997,325
706,250
1303,0
1863,550
1236,557
1119,318
1111,474
2059,619
414,146
429,88
887,379
2559,902
2351,391
1310,542
1525,715
2648,0
1147,511
1454,779
1236,589
50,26
0,533
1174,561
2798,1371
127,15
0,455
43,28
732,257
99,36
161,45
0,219
1234,274
2361,1053
724,0
603,276
1070,404
2418,836
1529,626
872,408
791,222
692,197
352,91
1531,703
362,126
1604,674
0,793
214,69
0,1454
805,379
2486,1881
248,72
2942,2105
1278,506
669,291
191,78
1631,635
162,42
1575,404
2784,1403
2533,1191
2225,528
2544,1010
0,298
653,275
2031,961
3077,1642
450,94
1662,670
164,60
0,442
3126,2070
82,13
1054,221
913,204
1018,450
2198,0
3071,1540
2268,709
444,166
538,243
1480,0
683,288
698,200
1435,521
244,0
1090,320
2243,1047
1896,684
840,258
2133,1226
2103,846
1283,381
2275,881
1780,843
2763,1485
1208,572
1355,713
220,67
2081,0
746,0
2223,512
2211,872
418,119
3023,1443
2123,773
554,202
1605,0
3062,1386
973,402
2651,946
1330,592
122,45
1025,408
1293,640
273,0
2662,0
1555,371
309,113
562,152
419,135
720,226
1033,332
870,297
0,485
138,40
2049,584
1488,598
0,408
1611,503
175,56
473,61
1703,529
2748,1210
3010,1403
2575,1028
0,416
1729,0
2966,0
1783,568
44,4
1185,467
1477,465
2682,1412
119,0
460,81
1532,645
231,46
1710,751
1534,604
1515,634
109,24
720,264
3001,0
701,84
2091,779
278,61
241,51
955,203
246,108
0,17
118,19
376,85
1537,608
2647,1178
563,192
700,0
34,10
272,0
425,0
1501,467
1034,471
385,153
1029,419
1412,331
0,836
966,374
2243,925
390,84
132,30
1087,383
760,192
2640,0
544,198
2219,845
137,50
2586,1106
2037,0
374,76
1315,534
2641,1316
1096,338
0,494
0,969
396,0
498,85
115,36
431,156
549,123
2421,1283
460,191
103,41
1628,514
1573,667
2078,796
2424,0
1675,0
0,24
0,1708
1803,459
286,100
204,52
0,39
0,124
1008,460
2016,720
1960,0
975,486
2274,898
488,80
2223,767
629,238
0,1645
0,173
0,597
940,0
305,0
0,153
2651,0
0,1624
813,210
1879,425
2096,971
284,0
918,508
3000,1632
465,168
279,95
2434,1033
2122,826
0,262
0,838
1374,0
0,1102
606,165
1805,589
773,123
532,147
2540,821
0,112
1480,584
2757,1513
2020,827
1210,491
810,336
925,397
0,58
2222,1029
326,83
2229,814
547,0
537,215
0,1726
1325,269
1647,566
764,221
1531,387
410,104
222,84
137,40
1336,0
1757,532
303,0
151,9
2502,1547
2315,972
340,98
156,41
184,57
1702,574
2285,683
278,82
689,297
0,505
0,661
0,1209
1650,639
228,69
874,396
347,142
619,118
1660,738
0,1371
2117,896
1486,552
31,7
0,135
0,35
803,362
1644,397
2921,1094
0,1133
592,165
183,43
2312,0
3006,1684
1188,379
173,39
1821,545
588,228
1340,465
27,8
437,111
214,63
556,98
1223,393
2306,814
1505,311
2517,1015
450,137
844,219
1726,778
1146,559
580,0
761,261
2711,1263
2677,1989
270,73
0,343
1933,556
2579,1269
281,32
0,443
524,126
1940,780
1316,423
2080,834
1320,321
1279,632
1954,1254
0,46
90,27
2376,1200
0,979
2269,838
126,35
2132,799
438,0
0,1564
806,268
269,59
2410,1137
776,255
414,109
2172,1168
1056,0
376,151
161,0
1554,610
0,11
716,0
0,156
887,359
1044,321
1460,452
2277,1504
1048,144
1092,338
1908,850
166,42
2453,1202
2082,788
857,0
1454,426
655,228
882,372
0,587
2740,1176
2188,757
1703,713
207,79
1272,364
787,189
485,0
1124,422
1506,214
920,399
931,361
675,245
869,328
0,155
803,410
1925,641
2735,1184
0,40
1831,584
1833,686
0,298
2036,523
1021,300
111,42
320,107
2754,1072
538,0
227,84
728,246
427,108
1840,574
1192,416
1993,815
2441,814
2258,1106
1828,452
1772,899
2521,975
1795,0
43,14
320,187
684,282
376,0
1828,685
2279,1225
2546,1469
2259,876
175,58
176,43
0,143
184,0
0,691
450,171
687,279
266,73
92,22
1765,838
181,61
2716,1074
1481,421
3124,1688
771,228
921,373
1831,0
2886,731
565,224
0,445
190,62
2501,1068
1679,584
1071,370
0,214
709,159
0,88
189,94
266,86
1947,1254
2114,594
0,489
263,96
298,120
2068,577
1202,276
456,116
711,209
1309,702
1278,551
0,2094
677,142
2691,1085
0,1225
2637,857
0,1781
0,305
2253,648
515,191
217,60
3035,1658
1329,510
2140,668
0,1163
366,0
771,273
0,499
1757,0
579,89
1919,950
2033,0
3000,1361
2903,1765
1803,610
2959,1446
0,970
979,476
83,15
504,136
2488,0
84,29
61,0
2245,1233
1102,0
712,263
1521,566
343,86
185,62
306,80
62,6
1404,343
1247,0
220,95
2175,857
2815,1294
1035,289
2270,800
1293,461
2123,795
1166,0
2029,951
1776,448
1166,299
269,43
2668,1256
130,62
1049,447
636,0
54,12
170,42
512,186
0,474
772,237
125,23
1837,892
2580,1145
0,1393
29,4
0,1304
2634,1943
2629,1072
1585,439
91,14
1546,0
134,36
2168,0
918,0
1304,630
700,397
0,469
1611,459
180,71
2490,1427
2159,586
762,198
2256,1143
2229,1095
0,253
1117,440
1742,511
95,19
2919,1604
519,215
967,379
93,20
1853,796
1977,977
2310,1244
470,111
0,946
2896,1399
1280,328
933,340
54,11
1087,0
1442,635
0,95
1474,591
1441,503
395,93
2339,1094
1189,484
1667,704
314,88
2060,990
0,242
1068,355
1030,408
1088,293
0,638
0,62
317,99
0,246
2177,771
2355,704
1614,478
741,226
2276,964
372,147
1223,447
2845,1148
1217,473
846,358
2843,1503
827,388
91,58
131,58
798,348
236,70
123,23
300,149
1595,840
1794,372
1462,284
2671,1270
1655,623
2886,0
113,28
108,28
172,53
1054,504
1318,542
3019,1640
796,0
130,10
1714,842
2081,1387
359,77
1633,946
66,13
627,226
524,179
719,281
486,169
120,39
1497,622
685,215
71,16
1805,0
2277,954
1052,296
124,62
241,74
2344,0
2660,1333
1860,818
413,163
0,687
1477,635
1240,636
2370,850
1089,333
829,344
2289,0
0,841
447,197
436,0
681,123
223,56
133,39
53,14
3051,1681
2082,678
1115,567
0,200
2419,1398
2491,774
1695,649
0,674
1232,585
658,189
883,136
2838,1896
719,228
582,169
193,80
2540,1280
321,75
1049,210
285,135
1220,508
678,256
2357,939
2079,804
1872,1057
1427,539
1423,0
768,329
739,321
1975,381
1780,710
272,69
1788,667
2949,0
2802,1419
742,224
782,365
227,52
1764,656
1496,510
871,259
1321,0
2324,867
59,6
0,1769
178,23
2890,1321
373,134
1424,0
1774,1259
1463,153
76,15
1185,310
2757,1178
137,36
62,16
0,769
2353,1414
1020,356
305,79
183,36
85,36
377,100
1496,0
149,50
2361,1401
496,236
1957,836
2097,541
2285,688
1461,359
2297,830
1063,346
1882,1033
2795,1438
1362,483
148,69
1781,503
488,151
2779,2078
770,222
744,206
1500,612
215,81
331,125
50,10
463,110
310,0
1387,689
2059,748
2401,1100
1759,838
642,262
464,163
181,19
2872,0
598,239
2309,1143
2297,1077
1027,490
2489,1373
1938,644
938,271
1269,552
2851,1410
1757,571
522,135
292,121
1683,682
3227,1929
610,134
595,163
64,13
712,0
947,303
1796,701
1091,353
1821,668
456,106
2541,797
2541,976
297,79
166,39
433,206
2586,951
0,547
0,921
2112,1247
531,0
1127,400
1718,584
419,160
586,200
527,165
2256,1105
2409,1056
2157,737
1471,531
592,139
73,18
2061,0
2469,945
155,41
3063,2111
2459,891
858,0
1853,688
106,27
822,271
699,229
2069,709
0,566
1032,436
1649,681
336,106
1018,357
553,218
2634,1203
810,304
991,432
542,209
319,75
1869,0
2093,529
0,390
1686,606
838,228
2605,1315
851,370
764,0
466,109
372,69
2319,997
2504,1681
752,341
2639,1180
0,745
168,64
143,40
112,31
2091,600
0,1368
0,76
887,359
418,127
839,240
187,70
141,88
717,0
463,270
71,2
134,44
2715,1249
955,249
983,388
0,2026
353,57
1754,607
701,288
2049,401
0,258
1968,969
2645,0
734,344
738,278
77,39
406,184
83,17
2564,1293
369,53
861,419
1748,663
314,131
0,933
745,359
1141,267
630,0
1797,565
1030,236
994,282
1666,0
2823,1941
2606,1131
1872,749
484,91
1091,405
69,28
2451,0
466,203
995,424
1626,738
198,66
184,58
766,188
2135,1045
2086,943
173,57
624,169
461,163
0,1245
211,72
1350,0
0,532
106,34
537,202
115,42
1382,708
946,512
1032,603
1440,0
1868,738
295,42
0,780
796,217
739,79
626,0
1287,0
1443,524
1400,650
939,425
453,110
2112,1123
1799,555
209,47
1341,459
1825,627
215,75
559,123
1260,0
2174,788
276,0
155,50
83,2
595,0
1427,566
325,31
0,775
1226,237
180,67
1365,811
0,13
0,1037
1376,570
0,684
0,580
0,98
713,319
191,51
1682,712
1669,0
793,291
1351,0
1864,947
2370,952
1827,0
1958,798
252,0
1469,766
1398,648
0,1159
0,404
0,1368
258,115
231,60
1761,910
456,173
1589,385
0,37
1146,281
644,165
284,159
1274,481
1378,499
469,161
362,89
160,42
991,372
190,0
1792,603
1530,700
712,274
500,187
0,34
2326,1683
1748,578
580,199
729,0
0,79
1553,452
93,0
1469,393
268,88
96,6
108,42
1372,616
1057,473
555,218
1092,0
0,369
135,46
697,286
1009,333
837,273
472,134
1809,0
146,35
261,165
123,18
118,24
956,188
270,58
1961,772
56,17
570,125
781,266
454,130
0,45
1804,599
1483,490
517,131
0,798
517,252
1750,639
1957,630
0,32
2067,0
1006,0
1431,306
464,156
69,14
947,396
541,167
766,161
2183,831
1656,749
803,160
0,1
1013,304
1424,494
882,208
279,0
58,6
52,14
827,210
785,271
1078,267
1625,1082
2386,1076
1033,149
1925,842
2331,1558
635,197
1500,579
65,29
42,11
514,0
1720,493
1729,879
1211,665
1755,808
342,116
213,50
161,32
401,149
2464,832
163,51
730,244
0,748
0,822
894,295
1786,472
2807,1047
549,181
2186,386
851,328
786,186
887,256
0,990
711,166
997,376
1137,451
2134,705
2160,0
250,42
2093,1088
384,41
330,37
54,0
2757,1168
165,0
862,486
2230,1255
2983,1786
1085,324
1087,438
376,135
676,218
985,396
3076,1577
215,75
0,175
229,77
967,494
477,134
1029,0
2022,1004
1655,673
1541,723
2541,842
644,181
1393,705
151,52
1560,840
235,69
1366,568
119,51
137,15
2104,1017
2133,1055
437,93
458,194
0,42
663,206
2756,1289
457,131
150,30
892,377
1035,452
619,203
953,399
635,174
381,88
803,233
221,60
0,95
388,126
1078,506
2034,791
2259,810
147,71
1941,612
289,78
0,1562
1455,417
1135,354
827,333
963,291
230,32
685,159
1364,729
2375,1135
1682,588
301,0
366,108
1428,564
256,65
0,822
1029,0
444,200
2758,1177
0,737
1954,330
352,108
2575,1430
1174,0
198,67
2607,1169
2379,1100
1575,756
936,347
1423,522
1691,608
196,0
376,183
1652,876
93,30
996,305
0,720
1110,0
516,123
378,85
138,38
288,110
721,396
1997,838
1158,0
392,99
185,56
770,160
2122,1100
68,22
1312,323
738,275
58,8
2559,1008
1756,894
1602,0
1521,543
2861,1903
86,29
435,125
2842,1476
1916,933
1119,551
318,110
1783,729
2033,610
847,171
1197,265
705,305
951,328
1278,495
185,38
184,38
2309,810
2982,2112
186,28
2723,1107
1161,401
1939,930
1857,0
0,558
1735,625
911,403
831,436
2016,911
663,217
1072,222
1618,821
690,197
2141,1042
1414,419
2609,998
160,7
228,115
177,83
516,225
1973,967
1283,490
768,0
698,234
184,47
2014,0
1353,338
1859,890
1254,356
1635,510
2358,1394
956,357
1662,641
1354,545
301,0
390,97
2213,1011
860,438
1974,717
265,88
2158,1119
393,0
1209,401
2028,1042
2178,1096
2017,630
1428,425
1503,0
161,39
2312,910
1083,315
1109,352
1884,1041
2898,0
2351,1069
279,99
2057,988
847,338
335,60
1019,404
670,266
1950,592
225,84
1850,893
2470,1053
754,132
2800,1248
908,432
1859,814
1560,754
482,141
2396,1297
2666,1227
2496,1478
107,15
146,28
2902,2089
2213,831
956,384
2575,1245
236,97
2138,987
156,37
1312,472
1502,448
504,221
362,86
1923,844
2603,908
2797,2010
2862,1417
0,272
1564,0
633,137
2177,1298
0,109
327,0
79,35
2187,720
1527,826
79,22
1506,499
1800,796
1426,636
952,341
414,189
215,76
1174,435
540,178
1188,429
1400,0
0,1226
1533,555
1118,437
2171,1185
319,0
1948,454
109,32
0,306
399,75
873,339
998,0
311,159
2159,879
1089,350
1281,298
0,249
250,75
224,54
1006,261
830,301
0,1264
982,508
1271,483
2752,1080
1007,159
2041,982
270,89
2542,1304
443,107
201,62
2497,1465
1742,461
2594,961
1741,703
620,320
1886,939
55,27
0,197
180,92
1812,0
2980,1583
1416,0
2157,759
1658,570
751,202
684,190
2718,1417
1287,398
1771,537
0,338
1366,412
858,248
1132,320
1675,833
406,87
1964,777
677,203
830,256
683,307
1324,390
505,212
1529,350
1854,700
935,264
1885,954
1286,0
75,4
0,22
838,243
2587,1043
938,432
2189,883
758,353
2368,813
192,57
161,44
1476,703
87,27
2013,1421
1703,1010
265,0
1652,340
397,176
209,105
423,0
904,294
344,129
268,103
845,216
1380,319
455,145
177,51
2502,1130
1717,0
2227,1070
1838,595
913,686
647,210
1817,393
529,167
281,108
1661,698
1087,435
509,178
0,169
1870,549
1457,533
0,45
854,285
662,241
0,640
2158,686
535,0
2312,946
2454,1168
687,254
712,219
423,153
1058,270
2981,2217
2369,1164
995,0
0,50
1693,737
2381,729
1610,377
1303,592
441,137
2116,917
1319,669
2730,1628
1398,641
703,241
527,207
51,16
603,190
0,753
2820,946
1398,638
1587,598
1688,923
1348,419
0,20
1192,503
233,89
1518,0
824,286
2532,1228
833,299
1101,276
2024,956
2670,996
1253,355
631,183
0,172
701,109
119,29
801,351
128,27
2045,785
897,299
0,512
1012,261
931,413
1407,523
702,0
2311,744
1423,656
1730,606
795,182
739,213
167,0
1743,717
0,233
982,0
1197,274
2304,1143
2409,1277
0,188
1563,530
791,0
153,44
2018,608
1659,763
1545,496
625,224
767,434
1743,480
363,80
1461,586
896,367
1404,660
1207,791
126,57
1245,680
865,432
1874,896
1776,626
721,380
0,348
0,80
1160,402
2260,779
2096,963
1991,775
2529,1428
1971,1331
2208,940
1422,595
2837,1387
286,35
2969,1387
1462,617
2016,1242
1980,964
924,292
163,49
247,42
1449,544
86,26
858,280
332,0
829,386
1487,472
800,328
1620,535
2823,0
0,18
103,34
634,304
0,774
2353,1178
363,0
1672,696
1059,0
1451,375
2108,1048
0,463
1778,0
2536,1155
0,491
61,0
982,363
429,122
1366,679
176,63
432,0
2024,544
2789,0
1005,395
1412,463
1373,628
1618,472
2219,1035
2308,1038
410,120
355,104
692,299
705,255
1867,569
2394,911
1386,485
2220,827
2363,1018
1536,522
2734,0
0,206
1694,835
291,110
1983,1016
741,261
446,0
2033,625
2379,1204
1632,0
1936,0
1481,0
1265,426
1557,616
1544,646
709,293
1170,749
0,410
304,0
343,104
1280,487
0,1116
260,59
2893,1578
1431,624
1413,478
76,5
510,0
460,124
2631,1249
2280,976
869,237
295,134
315,97
1881,767
1434,0
0,178
1241,342
1326,410
480,0
0,205
1934,671
769,321
863,314
1666,549
2046,677
112,0
616,345
0,318
0,580
569,351
0,465
1176,309
845,250
903,427
470,214
2380,1523
1333,511
2048,914
1520,488
2424,1234
0,1634
508,297
0,153
1095,514
834,415
1274,231
1646,777
2314,1210
1326,475
2068,872
0,195
1266,349
0,203
0,476
823,384
1591,928
671,236
2004,650
2408,1070
1231,417
2047,1028
2097,1226
0,337
470,205
137,60
0,859
311,72
2259,1054
526,187
813,0
977,231
617,239
880,0
459,181
1301,0
579,201
73,22
0,300
1275,517
73,25
1313,0
1341,0
2627,1503
2271,854
0,217
1174,283
2152,0
2885,1689
656,0
166,0
2750,1878
41,11
0,1675
1435,746
2232,502
658,217
590,176
1033,392
1774,638
510,209
584,207
531,105
2335,1243
1228,532
710,329
2116,979
639,262
1065,324
963,419
1963,801
2684,1779
53,22
0,894
159,43
653,283
40,14
0,80
1882,638
0,186
0,397
1743,753
219,59
2397,1205
574,414
2029,898
2708,2099
1248,391
1486,425
1334,432
394,117
2459,1483
2409,1105
1500,648
1998,630
786,0
1501,429
1186,476
1040,316
1525,464
375,114
89,11
487,0
0,110
184,95
2323,1217
1531,437
1534,638
1177,442
163,48
2223,0
1064,527
2567,1321
1474,0
130,31
626,254
171,83
960,317
1161,488
0,829
0,559
237,63
689,257
62,0
1447,0
2525,1816
2794,1954
1614,448
1232,299
1371,339
0,132
1264,584
1754,919
859,373
980,375
1749,889
2459,835
1477,576
2474,1888
883,523
1345,389
2271,839
1190,445
555,173
1074,282
2796,1837
2133,556
80,36
505,206
293,126
1078,447
430,145
381,107
905,213
889,426
1820,700
627,230
1764,811
1237,435
331,0
231,70
1047,445
564,257
1424,769
584,304
1538,678
52,14
0,124
1587,638
1599,445
320,0
170,40
2148,842
1368,636
157,64
0,137
2132,975
1786,1028
0,539
2376,522
416,142
1263,410
314,82
0,984
719,154
461,184
1596,444
0,483
385,0
1955,758
1187,351
162,58
118,0
1133,451
1365,0
561,171
0,630
3030,2061
609,0
1123,444
976,291
294,107
39,7
981,335
0,12
1643,543
3048,1933
377,148
0,156
1994,0
1403,1078
591,343
0,849
432,0
2237,814
1725,639
0,23
609,0
0,0
