7000 3
3219,0,0
0,6346,5353
0,7947,9374
0,8583,245
3701,3310,0
4177,6979,0
0,0,7430
6409,0,2670
0,3476,8649
2723,0,0
5809,0,0
7442,7468,0
2796,0,385
0,1305,8968
0,5007,2279
4378,0,9258
246,9562,3883
0,5971,0
347,0,0
0,4980,0
4707,789,0
0,0,5167
0,0,5533
3621,0,6839
0,0,1846
4869,9996,1031
0,243,0
8011,0,0
9293,0,8822
0,7265,3802
0,1973,0
6368,0,0
0,6007,0
7069,0,0
3909,0,0
5755,7088,0
0,1216,2915
7381,0,835
3946,8522,0
0,2574,0
0,1245,0
0,7614,1114
3989,9150,7122
0,6220,0
4900,0,0
0,0,6059
0,2672,0
0,53,6505
3998,4000,0
3102,6769,0
0,3341,8848
7814,0,0
8929,8494,0
0,0,1833
0,1239,1962
0,8815,0
7834,0,0
0,0,572
1617,0,0
6645,9325,0
4248,0,0
3096,6612,0
0,5541,0
0,1593,0
0,4397,5263
8968,6171,0
0,4006,0
7334,0,5366
0,734,1589
2481,7380,914
0,1628,9712
8508,4725,0
0,4284,1866
5382,9457,3459
9405,0,7857
4669,0,4029
8748,0,0
1889,0,7153
0,7488,0
8845,9969,5268
0,3793,6897
0,2301,0
5797,9999,0
7663,5381,0
1123,4787,1828
0,9456,7259
3009,8205,0
1045,94,9086
8198,0,6575
0,6196,0
0,5957,0
8252,5429,2640
0,0,2640
0,0,8021
0,0,2809
0,8994,2266
235,0,471
9741,0,0
0,0,7917
0,0,4114
1947,8689,71
0,6941,5501
4925,6816,0
0,2599,5618
5587,3748,5632
8397,6724,4627
0,6960,6632
1135,0,0
1701,0,929
9619,931,0
0,2878,0
0,5164,0
0,90,711
6034,0,0
0,0,7059
7285,1641,3784
0,0,744
0,3440,7445
8227,5142,2974
9156,0,0
0,8494,6785
0,2299,1949
0,1605,0
8980,0,9697
2291,9292,2941
9351,0,0
0,8492,6888
3880,7037,329
1326,5264,0
4300,0,232
0,0,8727
4991,6214,0
0,4483,0
8982,3463,0
8679,0,9563
1621,5106,0
0,0,4634
3093,2122,1671
0,3448,0
0,7749,1357
0,0,3198
0,948,9413
8880,0,3896
1512,0,0
0,5552,3114
1346,0,8221
7488,3378,6463
2122,0,0
0,9895,0
730,8789,9785
2088,7917,0
5286,0,0
0,4652,0
0,0,1452
5955,7947,0
9070,9294,4177
7291,0,7555
3755,8906,4027
2341,2701,3922
4377,0,0
4162,5520,629
9904,0,6401
0,0,1053
1173,4103,7217
0,0,5165
9630,0,0
3807,6420,1244
1363,176,150
5391,2518,0
9313,0,0
0,1058,1804
0,962,0
9056,7556,8118
0,8729,2221
0,0,2280
2494,0,1410
6954,0,0
8198,0,8007
8349,0,0
1202,862,0
7486,2888,8479
0,0,9441
1901,0,6997
20,4711,5727
2241,0,7082
0,4534,8068
0,1488,2861
3763,9687,9019
0,8037,0
2296,0,0
9717,6725,4319
0,6016,0
7638,0,0
0,7938,9177
364,0,0
0,0,5751
0,635,0
8377,4399,6928
7396,0,4966
7964,0,0
0,0,931
3714,6381,6948
3578,0,0
8044,8657,0
7221,0,2986
0,6468,0
0,1984,8324
1432,0,2723
0,7758,0
3326,0,7360
7532,5118,5544
8464,8833,0
0,2412,5946
0,456,0
3086,7678,3624
0,0,93
0,309,2078
2086,1741,0
0,101,0
0,3428,0
0,0,1041
0,9426,0
0,4839,0
4481,5120,2743
0,8206,0
0,4279,6540
0,0,6849
4881,0,0
7321,0,8692
0,8642,2121
3443,9707,3082
4484,0,2508
0,4851,0
6647,0,0
0,8417,674
9813,1127,4954
0,3930,2995
3203,8811,3123
1793,0,8061
0,3653,6704
0,7096,6411
0,0,2728
8199,5941,0
5547,2588,0
8016,0,0
0,0,6458
3645,8147,388
0,0,9200
9764,0,0
7826,0,8986
4530,6238,6083
942,0,0
0,128,3606
0,0,6195
8165,3692,8175
0,0,9969
0,0,8116
344,0,0
0,0,2611
4878,0,6242
3865,0,0
0,0,4410
7614,9404,0
1221,0,0
7417,8821,3907
5593,0,6291
5562,2273,2321
3679,0,4992
3146,2162,0
0,7040,0
1999,906,0
4480,854,0
8890,0,0
0,0,8274
3644,0,7096
7552,0,9414
3844,0,1688
0,0,4306
1157,5088,0
0,0,3510
0,2846,0
8751,0,0
6964,6217,0
4582,0,0
2857,0,537
9953,0,0
9368,4687,0
1056,0,0
5363,0,8532
0,0,9378
0,6867,0
0,5619,9551
5030,2583,0
8770,7166,5416
0,23,0
0,0,9552
5977,0,4239
0,0,5093
922,0,0
9454,0,0
8832,2940,0
1056,2698,0
0,7728,2770
0,6499,9936
0,8700,9959
501,1439,9935
0,0,9280
4293,0,0
9386,5817,5446
0,0,3044
4190,4104,5984
0,5160,0
0,5768,0
1714,2145,2911
0,3939,1611
0,0,3050
1546,4494,466
826,8787,5361
508,8174,0
5955,0,0
0,8855,554
4984,0,5715
0,6557,0
80,0,3630
0,9923,0
4603,1533,2010
0,3079,6504
0,3906,0
3482,0,3466
0,0,8131
1112,0,0
0,4355,4600
0,8023,1158
0,0,9430
2499,1095,9353
0,5698,0
2079,3352,3966
8584,1472,7872
3876,0,0
7342,0,2657
5473,0,2028
2460,0,0
0,9780,4407
8219,8648,2511
7649,0,3606
0,1216,9304
7890,0,2656
0,0,4129
9728,0,9085
2016,0,8702
0,0,9431
6703,1035,0
3087,8095,0
7495,0,257
6,3964,1405
3613,0,2622
2918,8858,0
5575,0,7799
9705,0,0
8790,2460,6658
7492,7134,5232
6924,3837,6267
8752,0,4363
0,0,678
619,0,0
0,8041,5611
4647,0,4470
0,6534,0
8366,0,5629
1923,5030,8090
8582,0,0
3815,9446,9062
83,0,5988
4446,8561,408
0,9180,4836
9768,0,0
0,5853,3837
9850,6419,0
0,0,6612
665,0,0
8755,5291,4165
3980,9106,0
3042,0,1810
0,0,372
9439,0,0
4276,8530,758
0,3910,0
993,0,3031
0,8796,0
0,0,4525
0,8217,0
0,2198,0
7398,0,8113
9209,0,1750
9581,3711,0
0,7988,0
0,5143,0
6505,6136,0
9536,7502,5512
0,5481,0
0,5103,0
0,8890,0
0,6289,631
0,5498,4903
0,5080,8615
997,0,0
0,4108,1747
0,613,7884
9709,0,5387
0,0,868
196,9382,0
0,1079,0
0,0,1151
9411,0,0
4315,919,0
0,1916,5945
0,1957,0
1282,0,0
0,4660,0
4554,0,8322
0,78,7705
1394,3467,8784
6256,0,0
0,1658,918
0,5973,0
0,8904,3754
1733,8438,0
1788,9721,662
0,8888,0
3275,0,0
0,8865,5285
9303,0,0
8087,0,0
0,3923,2658
9490,0,8631
1328,3769,0
0,5503,5974
795,7291,5695
1457,0,4584
6781,3023,8027
1988,4621,0
7273,0,7152
6026,0,3668
0,585,0
0,0,5573
8316,0,0
0,6488,4846
0,0,2138
0,8741,0
2107,5523,4909
134,7511,0
7027,4785,0
4179,811,0
0,7837,0
5440,0,6130
1014,5838,0
0,1690,4024
0,3517,0
7341,1039,0
0,3146,0
4137,0,0
3669,308,0
7125,0,0
2595,2336,0
0,7776,0
0,8791,0
0,9148,0
0,0,5087
0,0,6126
7696,921,9273
3268,5059,0
0,8728,2863
0,5854,0
2902,0,9688
0,0,7465
3460,1878,0
3339,4194,0
4909,0,0
9996,8181,0
0,5877,0
5397,0,7429
7952,5498,6157
0,9720,2012
8168,0,0
0,2042,0
0,5503,0
0,8842,3634
6982,0,4168
6738,3749,2349
0,9873,8226
0,5270,7372
0,3223,0
4144,4039,2591
0,2207,0
0,64,7256
4179,0,0
0,6964,0
0,3946,5355
1421,684,9104
3770,0,8977
1997,9429,4248
9370,0,0
0,0,1511
4833,7717,3718
47,0,3783
0,0,9169
0,0,6133
1667,9387,0
7022,809,763
6127,4580,0
5105,0,0
9353,0,0
0,8190,0
0,3024,0
2055,0,0
0,0,8609
0,0,744
0,2107,0
0,9130,0
0,5257,0
0,363,2100
0,9716,8048
7165,0,0
5206,4878,0
0,6933,0
0,0,2711
0,7778,3152
0,8919,5260
0,139,0
1487,2123,9648
0,3743,11
9109,0,9728
7158,0,0
3397,6799,1148
2661,7764,8081
0,8823,0
7708,0,8632
860,0,7551
0,0,7690
510,0,0
159,0,0
170,0,0
0,4217,9578
0,7615,6378
0,0,4142
0,5273,2965
0,2981,1458
0,3841,0
0,9961,9816
0,472,0
9941,631,8706
3499,0,0
0,701,9983
1063,6871,7599
7442,4188,0
0,9588,3149
4550,5840,0
6008,0,9973
0,3161,9934
6190,0,407
6947,3230,0
5653,0,1841
1418,8214,0
0,9278,0
9001,0,0
6877,8304,3191
27,2855,9032
6158,8863,0
6132,0,2919
6066,1427,0
6474,8374,0
7513,0,6168
9355,0,4382
0,6849,3661
1314,0,381
4917,0,0
8109,0,1541
7141,8915,0
0,5047,5642
0,1114,7069
6028,0,5444
0,5102,9472
0,4458,4919
0,6358,1769
9679,7672,7619
0,0,348
8747,698,3104
288,7840,2020
0,0,7067
0,0,8181
0,589,5770
0,0,873
0,7691,5331
3242,3710,1690
5011,0,0
0,3449,0
2980,2197,0
6085,2485,490
0,3179,5231
5172,9515,0
3354,2921,0
9124,0,0
9997,0,4130
5329,0,7840
7019,8349,1229
6381,980,0
8333,3961,6876
0,46,9362
1474,8151,2541
6706,0,0
6498,6677,0
6880,0,6750
0,0,6845
7449,1129,183
5289,0,0
0,4530,0
1198,0,0
0,3847,0
0,0,1671
9979,2028,0
0,0,1673
0,5408,0
3766,8726,3274
612,0,0
795,0,0
0,0,7083
8841,9182,9948
0,7257,3795
0,0,9118
7508,0,1147
2504,0,0
4177,0,0
0,7491,3810
4927,0,9985
9331,8899,0
1885,8227,0
8969,7069,0
8917,0,0
2713,0,570
0,2732,0
0,5236,1954
2654,9413,5680
7737,0,3171
1547,0,1275
0,5326,0
0,0,8403
2419,6180,0
0,0,4858
6912,0,0
0,0,2814
2727,0,0
4681,0,0
0,3013,8531
3533,4560,0
4809,6093,9851
4984,0,7062
0,1497,3243
0,2535,8340
0,9448,0
3801,6931,5794
6616,9658,8415
4666,4340,3691
2131,0,0
662,0,0
5188,3044,7358
5039,0,6437
2101,0,7935
0,0,470
0,3998,9919
0,7800,0
5631,0,6509
4047,0,850
7738,0,0
4443,1877,0
5708,0,6832
0,2104,0
0,4206,0
0,0,6559
7909,0,0
7828,0,0
4679,8706,2773
1189,2753,1856
0,0,3071
0,4935,4948
0,643,0
0,3710,0
3074,3213,0
9355,652,0
5914,0,0
6471,6391,4189
4829,0,0
7603,0,0
9459,0,6140
2531,1892,1075
0,3272,1719
9494,1484,0
3613,4559,8643
1938,0,9295
0,9829,7858
0,6301,4249
0,1130,5320
0,0,7581
3663,0,0
0,0,3774
0,8204,0
2599,0,0
8028,0,0
0,3251,7006
0,3067,6836
3826,3997,0
0,9116,4267
3396,0,3000
0,794,1194
2860,599,1918
6634,0,123
3681,4078,7822
0,2107,0
5305,0,0
2312,0,0
9148,0,9452
0,0,8569
6553,45,5700
0,1023,6495
0,3883,0
0,0,8574
0,0,2653
613,0,0
9748,0,0
0,0,8286
0,3180,0
7043,5466,3507
5612,0,3552
1313,1573,4576
0,0,8460
0,4988,0
3478,7778,0
6131,8391,9593
0,8140,1313
4432,0,5345
2718,7867,8525
9577,4910,3992
3084,0,6011
6636,0,7584
0,9644,0
9673,4548,0
0,8026,2672
0,4158,1064
1425,0,9205
2738,0,0
0,0,7348
6610,1778,0
0,4862,0
0,1499,4616
0,2712,0
4104,0,8809
0,1037,0
0,0,994
0,0,6045
1941,0,5528
0,5118,0
0,0,9507
1030,2330,0
0,8944,0
8429,3142,0
0,0,967
0,6246,0
8336,7918,0
9331,655,9170
5377,2596,6204
905,0,1323
8635,2791,3051
8142,3822,5382
2512,0,4327
0,6063,7469
6964,8753,0
7932,0,964
9938,0,8882
4813,0,9537
3984,0,2134
0,0,6154
1511,0,0
4563,0,2767
0,3495,401
0,1878,0
1743,0,0
6460,6774,0
7424,0,0
6307,0,0
0,0,5285
7979,0,0
4133,0,0
3079,0,0
5846,0,0
0,5994,0
2713,0,7531
0,0,4305
3404,0,1018
7467,7930,2544
9453,0,0
4738,1755,3754
4229,0,965
6561,0,0
0,4814,0
6686,0,0
0,3776,0
2906,1708,2390
0,0,4013
0,2579,1944
775,0,0
0,6771,0
2585,0,0
0,7563,0
6291,7439,0
752,4125,0
1207,0,0
0,0,3695
0,0,8808
0,7848,1387
0,0,3420
3467,0,192
943,40,0
4308,0,8758
0,9882,0
3788,0,0
2000,1841,0
3987,0,2229
7683,0,1848
6492,0,0
7879,6583,8321
1300,0,0
0,994,0
2688,0,9408
1446,1943,9290
0,5732,9925
0,7732,0
7790,0,3008
0,9404,0
0,5896,0
1566,3776,1458
0,5077,1509
5664,0,0
0,9259,0
890,706,0
180,0,0
105,6317,3214
1872,4107,0
4880,4127,4338
0,0,234
5794,7562,0
7252,7450,0
0,3114,0
1265,0,0
0,5486,5624
8821,0,0
4303,5772,292
0,0,4399
0,0,8527
0,3446,4523
0,9240,0
1036,6493,9535
124,5255,2650
0,6521,0
0,0,2733
6326,4414,8400
301,0,4173
0,6235,0
0,0,4344
3520,5479,7790
0,2505,7031
129,0,0
0,3666,8781
2315,0,5302
0,0,895
2295,0,0
696,6781,4028
0,0,263
0,0,8951
0,5888,4430
8823,3932,0
0,4061,0
0,3727,0
8161,0,3595
0,0,3748
4360,7901,0
0,8597,0
0,0,4383
0,155,6751
2914,0,2639
7345,0,0
4281,5866,0
0,5247,0
0,3409,0
2500,6873,0
6248,1234,3910
6475,0,2508
0,4604,5975
0,8567,0
4619,0,0
7259,8828,0
3830,0,0
4464,0,0
8824,0,1853
0,9274,0
0,5522,9960
0,0,865
1656,5482,0
7631,0,4037
0,7969,5519
1081,0,4348
8412,9059,0
0,0,5327
0,2348,2102
0,1576,1376
632,0,0
593,0,8897
1459,7618,4380
0,5250,0
967,0,0
6487,0,0
835,0,9988
8293,0,0
0,0,5861
5723,2074,0
0,2706,0
0,3300,214
2896,4759,7832
7276,0,0
0,0,2096
0,9143,0
1636,9978,697
0,0,813
0,1893,981
0,7616,0
8438,4715,5762
2691,0,0
2906,1610,3822
739,0,0
3822,0,0
5918,0,0
0,6237,7290
8806,0,0
9620,3001,0
0,4001,5071
3657,2440,9787
0,5132,8502
8482,0,113
0,8777,9000
7816,2600,2894
0,8518,7495
0,6627,0
585,5434,1595
6148,5054,0
0,5656,8598
8675,9314,1039
0,0,6171
6965,0,0
7078,0,2987
0,7338,0
8973,3322,4106
6468,0,734
201,0,0
1797,0,1223
6394,6955,0
0,5631,0
0,4094,4928
2204,0,0
0,8138,1668
9402,0,9006
0,3191,2329
9096,0,0
0,9862,6150
5999,0,9502
7222,0,6458
0,3047,2089
0,0,6184
5226,1284,0
7372,0,5382
0,7100,0
8047,0,2792
376,0,0
0,1017,2315
5474,7017,3974
4977,0,2029
1435,0,5076
3525,0,4157
0,0,5441
6954,1238,3139
2336,278,240
0,0,2330
0,8702,3517
7183,0,4535
9498,3499,1552
3473,0,5792
5502,0,4134
0,0,2774
4735,0,6640
177,0,7878
3317,0,0
3557,0,0
5888,0,5184
9406,0,3210
0,5790,0
5494,0,0
1286,4765,5100
0,5344,0
0,80,0
0,0,1792
2714,3574,4232
871,7132,8610
0,3020,0
0,2426,4010
0,0,9800
2460,0,0
0,3149,3828
2749,8570,9172
0,6767,0
2978,1603,9510
0,0,3085
0,0,217
7612,2545,0
0,0,5664
9341,834,2032
9141,3295,3894
8204,943,7043
0,3693,0
0,4982,2382
459,0,0
9970,0,8304
3056,1732,0
3273,9345,6039
6511,0,1124
2175,0,1959
0,0,5254
8102,1364,0
0,0,9891
0,4604,0
0,5064,2834
7129,5035,0
0,8091,7297
0,1364,0
4968,0,0
6093,0,5336
8052,4260,8495
0,0,9859
9505,7509,0
9396,8271,0
4270,0,0
0,8545,0
2669,0,0
0,2908,7417
0,0,5293
0,0,5345
3266,0,0
0,5329,1969
0,0,9479
0,0,7751
0,8502,0
5668,0,7712
3630,8275,0
0,8242,4600
7100,0,2477
2394,0,6447
0,6047,0
7346,0,0
0,9432,0
8795,0,2867
6546,0,1369
0,0,6976
3425,6353,0
5117,0,0
0,3137,0
2195,0,0
0,3273,7177
7113,0,4987
0,9936,0
9549,8732,8731
2416,5279,5785
3785,0,8508
762,0,4862
6014,9535,899
0,9253,4036
7856,0,9569
0,91,2842
6162,0,0
1150,0,0
0,7669,0
4300,0,0
86,0,0
0,0,2821
0,0,2356
4355,156,0
0,0,3058
7962,0,0
804,0,0
0,4311,0
7667,9881,0
0,4182,0
0,4268,0
5614,0,0
8435,6319,0
0,675,5538
2402,0,3551
0,7029,0
8611,0,3712
0,2102,0
0,0,7905
0,9569,0
0,6780,0
9917,2394,9218
4651,830,0
33,0,0
0,4025,0
9123,0,2310
9673,8097,0
3386,7063,0
1410,4505,0
9315,8092,1587
1403,7908,8367
0,7825,0
6977,2477,1592
0,0,3215
8727,0,7240
4008,7206,6726
6318,6880,0
6463,0,1886
0,0,6392
728,0,0
0,2395,2393
684,0,0
1446,0,0
0,9646,5207
6254,8374,3290
0,2382,496
220,8701,7376
5043,5165,7643
0,3876,9319
0,4605,0
7808,6921,2708
0,0,2862
0,9052,9994
0,2091,9640
0,8345,8015
1616,1839,398
2113,0,9099
9490,7103,4265
7133,0,8142
6453,0,0
0,5166,9669
9473,5368,7274
2336,0,6327
0,8909,0
0,0,6764
9986,8852,8604
384,0,0
0,0,7768
3750,7590,0
1892,4043,9160
4639,809,4327
0,283,9695
1583,2619,0
7910,4950,0
0,6921,1630
3093,0,483
0,7292,1449
0,6777,0
131,527,9495
1934,2419,0
1094,7058,0
0,1367,4632
5117,0,7252
603,0,0
0,7190,9123
0,0,6031
7112,1981,0
0,4344,0
466,4475,0
0,0,3047
0,7504,0
7851,2926,0
2483,0,4424
9735,0,5285
1937,0,2475
0,275,0
0,7387,4741
417,5948,9085
0,6415,3561
0,6378,0
4193,9880,0
4300,7732,402
0,215,8446
0,0,7094
0,1889,740
7958,0,0
718,43,8403
5459,0,4351
4545,979,767
8106,2125,0
8077,0,7026
5553,619,4758
0,0,4974
4401,0,0
0,2073,6815
0,32,9765
0,750,0
0,0,270
6006,755,0
0,0,3375
3920,0,9694
946,0,0
5705,8448,6707
680,0,0
5606,0,0
0,0,5404
2187,0,0
1997,0,2365
0,0,3120
3517,4270,1982
6893,0,8922
6588,9137,1415
6902,0,9864
3610,0,2714
6908,1131,7060
0,3552,0
0,5740,3478
3840,7738,0
6205,6,0
9326,3524,6735
1309,417,4926
231,7005,4063
1647,0,0
0,7518,4432
4225,4426,0
1286,6707,0
4930,4392,0
0,0,2594
0,4439,2600
5841,3765,6125
0,5074,0
0,5306,0
1566,6953,7456
473,8465,4974
4906,0,0
0,3977,6108
9585,8908,501
4442,0,8735
7036,693,3174
0,6534,6940
5762,9110,2015
0,6613,7321
5853,8179,0
0,8653,0
8284,0,5431
7685,4028,0
3794,0,8317
0,8056,5635
3032,0,0
6206,0,0
3147,493,0
0,2799,8587
2484,8652,0
0,0,5420
9500,247,8979
0,7933,3007
4341,0,0
2659,6024,0
0,9056,9770
4623,0,0
0,0,4995
0,3573,0
8050,6057,0
0,0,8410
237,2317,0
0,7248,0
0,1589,8318
8846,0,0
3524,2543,0
0,7166,0
0,4654,0
2792,4116,648
586,0,0
0,6983,9523
5444,0,1840
0,6438,0
692,0,679
9011,7508,0
3354,0,0
0,0,4638
5418,2125,0
2493,0,0
0,5504,5575
9848,2538,2559
0,7983,9780
0,0,6218
302,2778,0
0,1790,2390
5910,5145,3423
3382,0,0
8021,7318,9876
0,0,4794
723,0,298
6298,2802,0
0,2174,820
8638,3387,2906
4857,3689,0
9739,4671,0
2130,0,0
0,0,4520
3305,0,1839
3182,9300,0
0,23,0
8275,0,7409
1112,5180,0
0,0,2971
4840,8676,6661
526,8416,1333
8001,546,0
0,6099,0
5143,0,0
6982,2587,0
8634,564,7190
0,8839,3512
650,9952,8692
0,1886,2511
0,6727,0
0,0,9604
1201,0,0
3117,5878,0
8997,1021,0
6864,8004,8243
4031,6639,8808
0,0,7648
0,0,7600
3428,766,9487
5939,3972,6214
7128,0,3468
0,5042,8723
6883,8159,4601
3133,7156,0
0,4021,3628
0,8053,267
0,9276,0
0,0,679
1090,7439,0
0,3379,5418
0,507,0
0,0,4301
0,4123,0
0,7257,9616
9210,6047,3638
2839,3080,0
3106,8922,967
0,2412,4979
3934,3503,0
5380,4081,5798
798,0,0
0,0,3545
4358,121,7668
6818,0,0
0,2919,0
73,5758,0
1765,0,2976
0,2120,5389
0,6055,8892
0,0,2974
5929,2234,3849
2235,0,0
0,6650,0
3449,3468,8817
8374,9904,1737
0,9978,7495
3401,1744,0
0,0,8481
1767,2190,4536
660,0,5972
3635,8251,0
7485,486,498
2471,6267,7148
7580,9716,0
6397,8091,521
0,0,500
5630,0,2244
0,7219,0
0,8987,0
0,9647,1233
982,3283,0
9189,0,0
9687,0,6238
0,820,0
7452,0,0
7974,5353,1484
8474,983,0
718,2975,9545
0,3449,8532
0,8460,0
0,9443,0
7069,8632,2232
7040,0,5472
3278,0,0
0,2608,0
3278,582,8863
4763,0,0
0,9775,2823
6634,0,6272
0,0,4732
3347,0,4176
0,8220,2808
7043,5260,1128
2515,0,0
8808,7772,8892
0,1050,9475
0,0,8532
0,0,8307
3854,9536,0
126,0,9090
0,0,241
9035,2862,8462
1844,9906,0
2972,0,0
9257,0,34
8149,3550,0
7624,0,0
6157,0,9799
4464,0,0
9988,0,0
0,4604,0
9320,3640,0
7782,0,0
0,8458,0
3767,7715,8513
3801,0,2063
4886,3489,0
0,0,2560
0,4111,2178
0,4099,1923
4960,3178,6527
7051,0,0
2005,280,0
6866,0,0
4149,5552,1826
2663,9354,0
4727,4240,0
0,6024,826
0,7608,0
6263,8528,0
8186,0,2215
4714,540,4713
4882,2546,0
536,9412,0
4647,3562,2332
6474,0,0
4165,953,5927
5345,2477,0
6172,6561,0
0,2825,0
0,1011,0
2364,0,2116
0,608,0
0,1144,4075
0,0,7637
1184,2266,0
0,6431,4816
0,1777,0
749,7950,3855
0,0,6680
0,9208,7692
9973,0,3418
0,8650,4026
6752,0,5171
828,0,964
8466,758,3231
2329,3629,0
0,2427,1440
4440,0,9390
8296,3485,8451
4976,1882,0
0,0,9233
6087,3945,7883
114,698,8606
5286,1526,0
6250,9992,8939
0,2322,2569
9144,9469,4996
585,0,8173
9975,2206,0
8426,7183,3540
6086,9852,5396
5319,0,9341
3203,6054,0
1810,0,0
0,0,1559
0,7072,0
1501,6216,3352
6497,6801,7262
0,0,9468
6329,5204,6652
9870,1291,6504
5266,0,2445
0,0,8499
0,0,9840
6215,1617,7431
7774,549,4503
0,0,720
0,8549,7522
2272,0,4300
1740,9549,9504
8393,9419,0
0,4685,0
0,9293,0
5842,0,8848
0,157,466
3113,0,0
0,9590,3067
8337,4599,0
5860,6871,4836
0,0,4385
9664,0,0
460,1903,8490
7868,0,7784
5090,5089,0
3939,0,0
0,0,9816
0,1503,9406
0,9841,4006
106,0,878
0,5861,9490
9329,0,0
3134,0,8400
1624,0,0
0,8946,2736
1135,0,3509
3019,0,0
2836,2714,0
0,0,8740
0,1311,0
7127,6254,303
6618,5583,0
3115,8717,1816
0,0,5672
9162,0,4618
1899,0,7503
5408,0,0
0,0,7509
1703,8984,8713
0,5233,24
0,0,6279
5189,8980,1863
0,2095,581
0,3610,0
8507,0,0
0,0,1560
629,81,5466
5424,2885,2208
0,0,1192
1647,0,0
1672,9918,0
0,5107,7768
9814,0,9863
396,0,0
0,7470,0
1994,596,921
3555,1226,1002
9021,6651,3888
0,9585,0
0,1232,3510
8848,0,3428
0,856,8536
5404,671,4663
0,1067,0
8742,0,1097
4990,0,1693
0,0,2920
6914,0,9571
0,0,9156
0,0,389
2791,0,3294
6220,7094,4150
4757,2498,0
0,7767,5889
3046,0,8276
0,1500,2657
5837,0,0
8757,0,7552
8329,5130,0
7485,4411,0
0,7203,0
0,3423,0
5319,8180,0
141,7601,3167
0,0,9677
4308,0,1177
6965,630,8590
0,9388,2918
5112,7717,8049
852,0,2461
7201,0,9664
3008,4246,3088
5909,9566,1268
1310,0,8869
4477,0,9518
4154,0,4310
0,7013,0
3922,4573,4328
6841,9685,0
4890,537,0
0,7739,326
7016,0,4572
104,0,4138
1373,0,3846
0,2444,9586
0,0,9633
0,1931,0
0,5854,0
0,2695,906
5386,7586,0
2635,0,0
0,0,9931
7534,0,6589
1673,3433,4556
5520,3676,7001
0,0,3600
4740,7509,5532
1387,6522,1386
2607,0,4082
3513,5249,0
4958,0,6607
4141,846,8562
4073,0,0
662,54,0
0,0,7733
2220,680,0
5821,0,8680
0,6807,5202
0,9415,0
6821,2929,0
8490,0,8200
5097,0,0
3660,0,7428
0,6764,0
8339,0,3056
6072,0,3737
7244,25,9157
0,1378,5965
1127,4117,5380
6193,0,0
6509,9429,0
4710,4527,0
3758,8188,4327
1186,2471,1092
0,811,3075
0,6884,0
0,4128,0
0,53,0
0,1181,0
5965,7375,0
0,3884,0
0,8595,0
8697,0,0
0,3540,0
0,0,9169
7193,0,0
4473,9396,182
1778,0,0
0,4601,1417
0,567,8792
7003,4842,0
174,5314,1273
7871,0,3627
3758,0,7167
2115,1155,9376
1285,0,3310
0,0,2706
0,4600,0
0,5061,0
0,8324,1892
7969,5328,0
0,5502,2049
1920,0,6062
5547,7132,3099
2714,0,0
2090,0,0
5401,7872,5425
0,5395,0
0,0,5087
6156,0,0
8049,299,0
4784,0,4241
0,2866,7615
0,8414,0
0,1129,0
251,3220,4529
0,8621,0
0,6729,7797
0,1561,951
3393,0,3281
0,5767,3580
5545,0,0
0,7386,7394
7403,283,0
2151,0,0
0,6530,158
676,9385,8780
3079,7666,5510
0,5972,7071
1828,0,4790
5109,6171,0
0,1717,0
3218,0,0
0,8907,8779
0,1058,0
3359,7205,1590
3518,7882,976
2298,0,0
7808,0,4614
4880,3666,0
9670,0,152
228,7467,0
1338,0,3374
0,1298,0
0,0,3340
3674,1078,546
0,0,8428
0,6895,0
4883,0,0
9497,0,0
3478,9255,3671
0,9484,0
5501,823,1824
0,658,0
1157,0,0
4497,2947,1921
5043,8212,0
3472,0,0
2862,9336,8117
0,8834,0
8985,2313,0
0,5944,6441
3797,0,7264
5622,0,0
8745,1479,7196
9587,5977,0
1508,1021,8357
8026,0,0
1439,7355,2146
0,0,980
7257,432,3293
4215,3090,9238
656,0,0
7921,2509,1007
5844,1254,0
0,841,0
3185,2350,9486
0,376,3979
4353,0,0
6499,0,0
7480,8629,3215
0,2845,0
0,3502,0
0,1423,5702
0,7268,6957
4192,0,0
2656,0,0
0,0,525
6122,9391,2341
0,0,3713
241,0,2342
3456,0,0
0,4158,0
0,4855,0
0,6560,0
0,752,7692
3413,3409,0
3562,0,0
0,0,5619
0,9133,0
0,9374,4882
2484,0,0
0,2592,0
6363,0,8042
0,0,4603
3860,9819,5356
1553,0,0
0,0,4318
0,883,0
0,7312,0
0,7454,4502
0,9939,7333
11,0,0
0,3976,0
1240,453,0
5844,4313,0
1200,0,2732
0,8608,0
0,7577,0
279,0,0
0,0,5179
0,9248,5119
0,9260,0
0,0,6708
2644,3699,7161
0,9543,0
0,0,7342
4556,711,5950
0,4996,3528
4496,5276,0
2221,683,3961
7401,592,3210
2520,0,0
0,5006,4928
0,7650,0
9123,9975,8172
598,1798,8916
7940,6354,9628
0,439,0
0,4935,0
0,7157,584
7074,0,1176
0,7079,9013
0,2332,0
7684,4294,0
0,0,1645
4484,4015,0
3400,1956,9798
3029,0,238
7653,0,0
7554,6380,2331
8138,3454,0
9315,3739,0
8329,6495,6303
2349,0,597
4019,491,0
5665,4976,0
9110,0,0
8908,0,5834
0,0,9100
4321,6614,0
6652,0,8935
0,0,2675
0,2398,9170
0,4747,3350
4414,8767,0
8430,4433,0
0,0,7195
0,2452,0
2282,0,7661
0,0,4275
6864,2573,9029
5799,6116,0
8475,3630,0
0,7447,0
996,0,9013
4838,292,3447
3656,0,6990
851,3201,9443
9452,5484,1043
0,6868,0
1389,3732,0
0,0,5653
3518,0,9283
9016,0,0
0,6649,0
8276,1488,8885
1723,0,5638
8714,0,0
0,0,4324
9200,0,1192
0,3951,4925
0,4371,0
1355,7889,2464
0,6905,8118
0,6168,0
0,0,6256
4847,6167,0
0,4882,0
0,3040,2845
3650,0,5408
4843,8405,0
9768,0,0
4225,5462,0
6690,6100,0
4808,0,0
0,0,9138
0,4280,5306
7233,4766,0
4630,0,0
7476,7744,0
2884,2587,3875
0,0,7982
5976,0,3444
0,3271,0
0,8080,3016
0,0,2449
9956,3488,6730
5263,722,0
0,5352,5590
0,0,3334
0,5714,5922
8026,0,0
6008,0,4859
9453,0,8131
0,7655,0
0,8473,0
4464,8429,7356
1195,0,8078
2692,0,3431
8282,0,0
1617,0,0
0,2,0
5817,6010,3870
0,5464,5403
8809,4463,0
0,0,1532
8888,0,9961
0,2139,0
4323,4831,0
0,0,624
0,4732,0
5991,0,2602
0,8088,0
9797,0,0
5201,7574,0
0,2595,0
0,1484,0
0,7729,0
3408,2053,2936
6207,0,0
6832,3824,0
9432,0,0
0,5742,0
649,5539,9908
4727,740,7483
0,9000,79
8289,0,1563
4254,0,9293
0,0,1346
5295,8164,0
0,4997,4978
2129,4429,0
5183,0,0
0,7114,0
0,0,6816
3719,0,5817
3799,3399,0
0,7654,0
4656,13,0
6002,0,3280
0,0,8277
0,8785,2706
6929,3969,9172
7465,296,6286
0,6532,0
0,0,3238
6174,4051,6638
0,9415,4293
3943,4071,4306
9058,0,0
0,7231,6271
0,9367,0
3322,6296,9026
2494,3762,9322
0,0,5854
6910,0,6107
149,0,0
6787,4618,9573
1081,0,0
0,7620,0
5004,9958,952
0,574,0
6332,0,6616
0,6391,0
4681,0,7682
536,2083,5342
0,2232,9176
0,9020,3794
6375,101,2356
0,5489,0
0,0,9935
4694,0,509
5014,8102,4405
1631,3461,797
2010,8142,0
0,0,8053
0,5321,286
4211,2123,9306
8005,0,0
362,8520,0
0,2263,5391
0,6957,7160
783,0,5263
0,0,8724
0,5614,0
0,0,5545
10,341,866
0,4553,0
9603,0,1489
9011,2921,10
3909,0,2273
0,0,9231
6461,4318,1203
0,9507,0
448,5494,0
0,0,5728
2860,7462,6070
0,0,623
6717,7362,0
8207,6374,0
8218,0,9364
491,0,0
9723,0,0
0,7770,0
5733,0,0
0,0,9671
1883,8395,7133
7953,0,4893
0,8840,0
0,7047,8629
0,0,8912
7227,5757,8496
0,5481,0
7343,0,0
4069,0,531
0,0,6065
5961,179,4460
0,0,6583
7988,0,5423
0,8469,0
0,6332,7737
0,3559,0
6283,3686,0
0,1030,5384
3137,0,7525
3668,0,0
0,7350,6001
4195,446,4135
778,0,0
6202,8678,9315
0,7552,0
0,5339,9207
9906,1622,2893
8883,2448,3924
4267,5586,9024
1793,9254,413
7615,8989,7764
3617,3184,0
0,3963,0
8598,166,5323
0,8839,2876
3561,5251,8215
0,5158,0
5662,0,0
9587,8309,7872
0,102,0
9025,7718,0
0,1336,0
5000,0,3265
0,0,3431
6969,5601,2271
9845,9162,7522
0,1931,2681
0,7594,0
185,7181,5032
0,5792,5134
0,0,2853
1302,0,4189
604,6607,3278
3870,0,966
0,5222,0
9573,0,5730
0,3128,0
0,1027,5256
6500,1212,2438
1532,9270,0
6667,4456,0
9520,5758,0
0,6363,1264
0,233,9518
7955,7535,0
4524,0,0
254,0,2936
0,3982,0
3174,0,0
5612,2015,4447
3843,0,0
6892,8202,4663
1549,1913,0
2814,0,1259
2332,6858,8794
0,1382,0
0,1637,108
9817,9554,4090
0,2728,0
0,8341,0
0,2184,0
0,9077,0
0,626,0
8000,3441,4289
0,0,1148
0,0,2530
0,0,4168
0,9545,3722
8157,3327,6451
2731,2286,4792
0,5692,6977
4590,0,0
0,0,6681
0,0,123
7741,0,0
0,292,0
1419,0,8471
0,8318,8017
0,6475,1345
0,9206,0
0,8526,9324
7533,3117,7328
0,1181,2305
269,0,0
0,0,7521
0,0,7814
5033,0,0
0,8270,384
0,7581,0
2868,0,0
6500,0,0
5824,0,7710
0,5020,8892
5459,0,0
0,5682,0
0,1972,7162
6079,7006,9845
8145,0,8116
8529,2034,5697
5390,4903,9041
0,1403,2941
6051,0,4374
0,0,9395
2654,5840,0
6180,0,0
0,0,2340
9242,927,9346
0,0,9858
7204,0,1893
0,2993,6796
0,4451,0
0,0,5428
9259,4265,5810
8654,6920,0
0,3100,8235
0,5180,3083
6049,4422,4011
5396,0,0
5254,0,687
0,3616,0
0,5559,8132
2144,445,8635
0,0,2901
3383,0,9821
5034,1700,2921
0,5408,8101
6353,1458,0
0,6855,0
3449,2109,6748
0,9257,0
7818,3202,0
5951,0,0
4587,2920,0
7488,6303,4434
0,0,6134
0,4608,0
0,962,0
857,0,9857
6891,4777,1967
0,0,1225
4004,6733,0
9928,0,0
6298,0,0
2372,0,8999
0,2069,0
2942,2300,4946
0,0,5909
0,1491,7237
0,8383,2014
0,0,929
0,6027,7662
4965,0,0
0,2253,0
7434,4626,2379
0,1433,0
0,4375,0
1718,0,7384
0,6349,0
0,3694,7259
6879,3006,9282
7808,3544,5309
5471,8509,1265
5818,0,0
0,684,8146
0,7118,0
266,3890,3955
7016,5609,0
0,3237,0
3276,8102,0
535,0,0
9817,2790,9412
5127,8262,0
0,4080,0
9912,7518,1856
8058,3336,8974
7638,3602,0
0,618,8473
4412,0,1711
0,8295,9813
6441,8830,0
0,8648,0
1722,0,0
9645,0,0
0,81,7448
2673,8140,784
1647,5778,4387
4512,0,5006
2986,1786,25
4697,0,8321
4511,1806,7152
9307,4116,5800
6894,0,9576
2743,0,9745
2673,0,0
122,8974,7966
0,621,3745
5295,5134,0
301,8121,2905
0,0,8271
8648,7330,0
5800,6638,4193
0,3532,32
1177,6276,0
0,8950,0
749,0,0
0,9980,0
2462,0,6548
3582,0,4669
0,5904,7488
4759,0,0
0,353,1457
9030,1954,0
0,0,1266
4579,0,217
0,4805,0
7188,0,9271
8602,5984,0
5150,0,0
0,6054,6029
0,814,0
0,5651,935
3583,4681,2890
8573,0,6022
9840,0,0
0,4722,4882
9349,1910,8404
8621,0,0
0,5663,3955
3293,0,10
9322,2790,0
9904,4917,6475
0,8501,0
3730,0,4903
9752,0,3228
9830,6974,0
0,6323,9860
0,0,373
0,8113,0
1463,0,1519
0,728,4309
0,633,9227
8774,0,7728
0,0,4803
0,0,1719
0,0,8693
6013,0,5017
0,2619,0
6248,0,8075
2284,0,9482
3804,0,211
8113,5363,844
7340,4138,0
5069,4070,7521
0,0,2477
1591,6970,0
284,0,6766
5301,0,0
5264,0,9513
3340,0,1104
2822,0,4169
0,0,9533
3878,6650,0
6196,1719,7742
3717,0,6648
0,0,3619
3460,3467,0
227,0,0
0,4033,567
9128,7373,0
0,195,9154
0,3229,0
3935,0,0
0,0,6833
0,7021,0
1998,0,1607
5617,6678,5074
2220,6906,3843
7681,0,7877
8248,5648,0
0,5881,5446
5362,0,0
0,4218,5784
0,1825,9088
5773,0,6110
0,9173,0
5805,0,0
880,0,2912
0,4692,0
2601,0,5080
7851,9149,0
0,4511,0
1974,8337,5464
0,0,7290
6847,0,4465
2958,7248,0
2286,0,8430
8292,3934,5441
1204,0,0
637,1259,3075
0,9111,2224
6680,0,0
7926,4383,5072
3390,0,2349
0,8990,5400
5147,0,2648
8786,4234,5703
0,0,9637
0,0,8296
2793,0,0
0,0,8666
0,0,1075
4829,4695,0
0,0,7601
0,0,6592
0,3915,8540
301,2702,0
0,0,5302
0,2579,9034
3938,5372,0
0,1242,3492
0,9335,261
3236,0,4957
0,4068,0
6297,6320,1811
2889,3973,0
0,0,8428
4205,0,0
0,5922,927
0,0,6300
1946,3354,7542
0,5515,6878
5700,0,1044
657,7447,5112
3701,0,0
5513,6634,0
1239,8064,0
9668,0,0
0,1778,0
8944,0,5743
5245,0,0
2788,7706,0
9667,3406,3364
711,0,0
5823,0,4556
0,0,1191
0,0,9256
2344,4187,1526
2305,0,3304
8188,1149,0
0,6395,5892
0,0,3598
0,8851,0
1009,0,1069
1821,0,8836
6378,0,2115
7570,5306,6634
0,0,822
8353,9956,0
0,0,4176
0,2078,0
0,0,9756
0,0,8607
1779,3762,8170
0,5584,0
1685,0,6200
0,0,1507
435,0,9158
1258,4712,0
0,6370,7260
0,0,9338
0,0,4447
8790,0,0
7397,9383,963
5567,2232,0
0,3917,0
5324,0,8043
6832,0,4402
5990,9413,9115
5105,3698,0
2366,0,0
1704,1195,9971
6152,9985,7575
0,7383,0
4316,2951,9191
0,0,3109
9375,7400,828
0,4232,8983
1821,0,8396
937,0,0
6423,0,4256
3565,0,5451
0,5551,5437
1112,8904,2821
0,0,5772
0,4086,7848
0,0,5248
1201,880,0
184,0,9704
8581,3639,0
677,63,0
0,0,2128
0,7164,7680
0,8277,0
8644,0,9806
0,3612,3892
0,3984,7354
0,0,8234
0,5371,0
6700,3952,4574
0,0,4637
0,9563,8266
6591,9949,5430
4271,0,3708
856,4417,0
0,0,3669
4555,0,7654
1909,0,2840
144,0,0
1079,2309,0
5654,4043,0
292,0,6357
8558,5097,0
0,0,2078
7697,0,6495
0,0,5329
1423,5444,6428
9077,7354,0
1917,7498,650
0,8578,2960
0,4232,0
9086,0,5510
5443,3084,0
1750,0,9976
3828,4770,202
0,2525,1090
5654,3948,6534
2083,0,3888
7125,4943,1386
7775,5072,0
736,0,0
0,6452,8722
0,1896,0
0,0,8880
3834,0,0
4036,0,6176
5126,3454,0
0,0,3151
5549,2662,8095
0,438,3168
0,1174,534
0,8914,0
9821,2164,8883
1628,6021,2529
508,9855,4
4159,3892,7804
336,9018,1258
461,679,6796
3613,6229,0
0,3165,9897
4876,66,0
5410,1164,0
2397,985,2150
0,2614,0
0,3122,0
0,0,1920
1619,7618,939
0,0,1618
9674,1693,7848
9132,3401,1014
9030,0,0
102,3689,2245
88,6086,0
2239,7367,5845
411,0,0
8438,0,0
0,0,3868
1298,0,0
0,9162,3641
765,0,7043
0,7326,5321
2860,0,9010
5105,0,0
0,9756,2464
0,167,3641
0,8606,8633
0,0,5244
3268,263,4733
0,0,3896
8859,0,0
5903,5725,9518
1224,0,0
0,0,4463
0,2028,0
0,6210,4387
1439,9360,0
73,8760,1959
0,2029,0
50,0,0
3946,6106,9349
0,0,5075
0,3234,3661
2603,3469,7353
0,8802,9381
1287,0,5591
5675,8040,4952
8669,8113,0
629,0,0
2852,0,0
8256,0,9095
7605,0,1104
2681,9224,4338
6343,1827,7808
3696,8894,6611
3077,0,3212
8669,5858,0
3621,0,9365
7334,5156,2796
3076,0,0
0,6265,0
0,0,7273
6265,6552,6497
0,2895,0
0,6591,7219
0,9669,0
8236,0,3260
0,1960,0
8855,9295,0
0,0,954
0,0,7219
0,3599,1090
8909,9865,0
5406,0,0
3731,0,0
951,0,0
8353,2144,5138
1614,1634,0
0,489,0
2347,0,8766
3301,70,7205
521,0,804
0,0,670
0,6022,1140
0,9754,23
6923,0,0
3722,9059,6076
8860,673,7711
5959,76,8200
2354,0,0
1120,5725,412
8326,6246,0
0,7858,0
0,0,8757
941,0,0
965,3829,9217
4897,0,8276
974,0,0
8685,0,0
6886,0,1450
7228,5847,7176
7640,0,0
0,3304,1280
2494,3105,0
1252,0,0
9763,0,0
8980,0,6680
7257,885,3093
0,0,5466
5235,0,0
6686,3685,0
0,0,214
7285,1086,0
0,0,6625
0,4833,0
0,0,5686
1387,0,0
0,0,6483
0,0,6054
6629,0,0
0,8965,6197
0,2828,7524
3078,113,8610
0,8679,0
3223,5638,0
0,7897,0
9583,9285,0
0,0,6037
1664,0,0
0,0,5361
0,0,4326
0,0,7155
3952,0,7268
2563,0,0
4755,0,0
0,0,9484
3403,0,8770
8605,0,6124
0,0,4641
7723,0,0
0,6007,0
7411,2436,0
4566,6388,4499
1834,0,9008
7782,0,0
0,5488,0
0,8892,9583
0,0,5976
3749,0,4035
8391,9863,0
8179,0,5819
0,359,8256
0,4926,4644
0,6761,0
0,0,7304
6775,0,2792
5145,0,1684
4729,391,0
706,0,0
4741,0,0
0,0,4132
373,647,0
8629,0,9418
3274,0,6179
0,0,722
0,5006,4635
6968,0,0
8652,0,7793
0,0,1933
0,329,4465
0,4882,0
0,5255,5823
8965,0,0
0,7160,1192
0,4031,9423
0,8207,0
9921,0,0
0,0,9463
5117,0,0
7051,818,5380
1516,1159,0
0,5632,0
0,0,9404
0,0,6564
0,0,596
6128,2829,0
558,2750,3979
5141,0,0
4605,5192,0
0,2243,0
5037,0,1449
5300,452,0
819,2969,1679
0,8481,0
0,5186,0
0,1315,5034
6188,0,0
167,0,0
7974,0,0
0,0,5295
0,6313,0
9184,1614,0
6265,0,2477
7944,0,0
2605,9445,6145
4810,0,0
0,0,9335
0,3185,0
5489,0,7970
0,0,9247
3837,6340,5561
0,0,7175
2400,0,0
0,9735,2266
0,2341,1711
1983,7151,8541
9444,6995,0
0,4625,4745
5129,0,0
3099,0,0
0,2494,852
7908,0,0
5083,7787,0
4692,2665,0
6958,8503,244
8669,0,7396
7211,0,0
0,0,9017
0,3840,9133
0,6940,0
3934,9287,0
0,7195,5671
1165,2279,0
0,6971,0
7236,3930,4627
0,2600,0
0,0,5044
9269,0,3755
0,2100,0
7420,1523,4535
5210,0,3823
5495,246,1018
1166,1411,3298
0,744,269
749,0,0
5376,0,0
489,0,6611
0,9610,0
0,0,7295
0,5318,8819
1421,529,4278
5244,6024,0
6263,7191,0
9561,1816,0
9831,0,4660
0,7942,123
0,8431,463
0,3966,74
2638,0,0
9934,0,0
0,1564,3820
3031,0,9844
7556,0,0
3491,0,0
0,2466,1418
0,6498,9360
4955,7330,7792
0,0,1759
5493,0,0
0,7346,0
6756,6100,6723
576,0,3532
421,6688,6605
0,180,0
6310,351,0
0,5183,0
7090,138,0
4883,5557,308
0,0,7721
1659,4516,5067
6818,0,0
3541,1849,300
0,2270,6989
3679,0,0
2919,0,0
0,3768,0
2831,0,0
0,5741,0
8676,2384,9451
0,4043,0
0,0,5241
2633,4402,7090
0,1476,0
0,5156,9088
0,8075,5127
4614,0,8895
7318,5534,9754
0,0,5495
8561,2577,0
0,8975,0
0,0,2784
7222,0,0
4313,0,8664
3674,5932,3820
0,3026,1895
0,7640,0
6786,4959,0
6540,5120,4034
2036,3681,0
9916,0,5587
1839,3675,0
0,898,9102
1812,0,0
476,0,0
0,1648,4069
0,9539,1710
0,0,6669
0,0,1789
4957,0,0
1569,0,0
0,6660,840
0,1285,0
2287,0,0
7398,3573,0
0,0,7484
0,0,7024
4221,0,3351
891,5777,6218
2681,734,1122
0,2304,0
5317,9460,0
6158,2646,3888
7896,4933,0
4846,2331,0
682,773,0
0,3285,0
5191,7506,0
8542,8398,0
4761,1079,3859
0,0,6163
1825,0,0
0,707,0
0,8604,3203
5303,0,5535
5862,4134,0
4292,2301,0
6786,0,7100
0,6035,5499
7258,0,6579
0,6680,5811
0,8506,0
2905,2935,1068
0,1252,0
4379,6555,0
9914,2418,0
0,6711,9560
0,3497,7054
0,0,3090
8418,0,3887
4997,6007,0
808,3288,9073
0,0,2009
0,7369,3262
0,1749,0
5037,0,0
2297,0,0
1858,0,2446
8912,6623,0
2002,5042,4968
5889,39,976
6457,0,4265
0,2017,459
0,4256,0
802,0,0
620,1205,1242
2857,3502,0
0,5360,2835
0,4273,9459
0,6275,4501
0,2164,4541
275,8621,0
0,0,7406
0,1693,0
2829,2496,7831
0,3117,9037
3650,0,2539
0,7781,0
5616,0,2173
0,0,8449
0,0,614
4118,0,0
9507,479,3389
6914,5479,5082
0,0,7578
6408,716,695
0,4367,0
7985,0,4452
5886,2764,0
8060,7840,2851
0,0,8515
7123,0,0
6359,0,0
9748,0,414
4831,6536,8723
2410,2944,9440
3106,8389,0
0,6374,955
0,2260,0
715,0,0
3566,6830,0
0,0,516
6536,313,0
0,0,9519
1886,4893,0
609,7303,9000
49,410,7389
3857,0,0
4813,4415,6025
8533,5131,0
94,0,0
0,779,7130
9589,7316,7443
1150,8787,7506
0,673,0
0,0,9703
5725,0,0
0,0,300
0,0,4716
2905,8538,0
0,0,8545
0,0,9324
0,7295,0
0,8445,0
4509,0,0
6909,5840,7386
6613,1566,8719
6727,0,3910
7027,0,0
0,0,2453
1592,0,0
137,0,0
0,0,6086
0,2709,0
1530,7218,0
7633,4127,9487
5019,740,0
3739,0,0
7649,4495,7296
1565,0,0
4018,7832,0
0,0,1629
3896,7432,0
0,0,44
4515,5065,0
0,2699,0
7649,7718,2132
8703,0,0
4438,9107,0
0,673,0
3497,4692,0
0,9796,0
0,3693,0
7944,0,0
0,8191,0
5252,6354,0
0,4003,0
0,2707,4049
8376,0,0
2472,8879,0
2808,0,8522
978,1356,8319
7118,1965,2012
0,9909,0
7798,7899,0
0,3151,234
4844,0,4238
7435,8571,6945
1485,6947,4090
0,9419,2970
8472,0,5348
6995,3207,6705
0,325,0
7326,1016,0
3015,8814,6479
0,8786,0
0,3630,0
0,0,7998
0,0,4946
0,7193,4366
5377,5666,6595
0,2661,0
7430,7975,127
0,5302,0
4681,8318,9959
1160,5215,0
792,0,2376
218,3716,3442
8217,0,5993
0,4439,3187
7529,0,8853
4124,542,1515
0,0,9491
0,4073,4793
0,8755,3112
0,9916,8327
0,708,0
6280,0,0
0,9144,6423
5716,0,0
8904,9838,0
7758,3963,1221
9273,7890,9193
0,1945,0
3558,7144,0
0,2303,1939
4999,6207,2647
0,2487,3575
64,2209,0
6488,0,5028
0,6830,4866
0,0,8829
0,0,6719
8444,0,8665
1711,6185,5810
3734,0,0
5673,0,0
8321,0,0
0,3594,0
4616,82,0
0,7433,0
4511,0,8363
3340,0,2225
60,3158,4852
0,0,1037
0,8604,3894
0,4278,0
6969,2599,0
0,4496,0
2794,0,0
9738,0,6391
3513,3268,1854
1876,0,0
4101,0,9726
8953,0,4596
9991,9930,3200
3885,0,0
5636,0,78
0,3326,4575
9792,6121,3688
8750,0,2446
5141,0,5715
6996,1250,2324
0,5351,0
3291,4305,4389
0,4296,0
1088,8182,6899
8567,3819,6448
8646,0,9775
3221,4528,5896
6910,3279,0
9356,8421,1130
0,0,2380
7396,8982,7732
6391,2273,0
780,0,6334
0,1249,0
0,9816,0
8449,8462,0
8224,1684,0
4121,8594,0
5878,7951,9301
7009,3023,0
9389,420,0
7122,0,0
9160,7591,6137
0,2692,7386
0,4693,7203
8348,3142,0
1421,0,0
9022,0,0
0,1367,3896
0,8376,6919
3925,0,0
7627,4888,4150
3603,0,1742
0,9543,4435
0,9555,0
4331,0,0
0,0,3638
0,0,9127
0,8251,494
7188,0,8871
4107,0,6637
0,0,1525
0,2612,0
7340,0,0
0,9480,0
904,3811,0
3176,0,0
6815,0,250
5942,4448,8501
0,1636,5958
0,5743,7340
0,0,6349
0,2789,8961
0,129,0
4163,1906,0
8836,0,0
0,5987,8414
3317,2802,0
3567,8745,0
0,0,5654
0,491,0
5367,0,8589
1716,0,0
677,0,1507
0,0,3414
2786,0,0
7392,0,2212
0,2685,5015
5376,6252,0
0,8321,8942
0,6349,9433
6447,0,1870
0,3433,7778
6414,0,2731
7922,6103,0
1336,8889,0
0,0,9169
0,2088,0
4790,7465,0
8550,6860,0
7493,1909,0
0,8357,4495
0,3393,0
6575,0,0
0,0,8143
1155,0,7033
957,0,0
126,6405,0
1981,1195,2868
0,0,9729
0,7238,0
9296,0,0
3792,0,0
0,9539,0
3761,8846,929
0,2,9997
0,959,6628
2252,1086,0
7656,3068,4228
0,3157,3974
253,9675,1212
0,8972,5378
1888,0,8342
0,4485,0
0,8246,0
0,0,6730
0,9088,0
6032,1341,0
0,8997,1845
3294,0,0
7268,9776,0
8481,1669,0
3860,3558,6416
0,0,901
0,7314,0
0,0,9299
3543,6125,8388
0,2158,0
11,1224,8727
1857,0,8250
6860,1787,8027
1539,269,9696
5191,4129,3254
1607,6332,2091
2509,0,9405
1657,0,6127
957,0,2252
0,8007,4411
0,8018,0
7804,9876,155
6054,0,1942
0,8276,0
0,3467,6341
0,5075,2673
0,7584,9090
8530,9242,0
4657,0,0
6910,0,7100
0,8622,0
6958,6427,4995
7113,2481,1732
9055,0,8
1267,0,3476
7608,7375,0
282,6499,0
0,5030,5378
1692,9687,5578
784,6598,5124
7885,7920,3747
3004,4878,0
8000,1991,0
0,1047,0
9741,2314,0
0,0,6937
0,205,0
7904,0,0
3283,1269,0
8861,2054,4752
3986,9940,2673
7733,2944,7551
0,945,0
564,0,590
0,418,0
9346,3636,0
6283,5405,3033
9720,3309,2611
0,6593,3881
6342,0,0
0,9440,5876
3768,7174,8821
0,5082,0
0,0,444
0,5431,862
4358,4778,0
7187,1062,0
221,783,0
2832,0,0
6714,5313,0
0,6408,4702
0,0,1877
0,1497,0
0,2360,2606
7559,3814,8038
8422,0,0
2921,5359,3878
0,0,4661
0,8413,3632
0,5128,8945
0,7779,5354
5811,0,0
7689,0,0
0,770,9389
7255,0,0
5294,6752,0
0,9673,6736
0,2499,2317
6650,8539,731
283,4386,5859
9229,0,3638
4583,1307,9945
115,0,3600
7145,3645,4371
6534,901,0
0,0,9453
1115,0,0
7852,0,1627
170,0,166
0,3229,0
0,0,48
400,7042,1356
345,0,353
3945,4303,0
8317,0,0
1018,577,1095
0,1693,5401
0,9545,0
1227,9715,4642
1393,617,7871
0,7378,330
0,7778,7372
7352,0,0
0,2070,8835
1703,387,0
0,1406,0
7699,1878,0
3100,1478,1489
4796,2705,1205
0,4099,1823
7310,0,9202
7640,6042,0
5013,0,0
0,0,7175
8380,2804,0
8054,0,8969
0,7107,0
0,208,2326
1739,0,5031
2945,4444,0
4768,1754,0
0,9395,0
951,4409,8615
6056,3954,9716
3231,2335,2520
0,389,0
9764,8694,9036
612,8944,9244
0,0,4249
7970,0,8693
7101,8396,448
0,2366,9844
1500,3317,4254
116,9374,0
9832,0,544
0,0,933
4281,3165,0
3317,3777,0
0,6716,0
0,0,2883
0,1788,1280
5953,8067,3646
0,0,6964
0,0,6338
0,0,8945
8804,1869,2346
9738,0,0
0,9468,0
7938,0,6005
7193,8841,0
0,0,2480
1357,299,547
5004,0,116
0,0,9801
8308,0,9318
0,3215,1187
9599,2953,0
5111,0,6806
4401,0,0
0,0,7677
0,7530,2023
3579,8887,0
0,3892,8420
0,0,4570
4044,0,8980
3363,1423,0
0,1023,5149
1889,6135,7470
0,536,0
0,944,5181
5211,2043,2711
7235,5623,1599
0,0,5492
0,3994,0
2549,8039,0
1530,1402,0
3726,5953,0
8876,7843,4107
0,6539,4644
4075,0,0
0,9284,0
1968,0,3255
3567,0,3006
0,0,7000
0,6606,5040
5939,0,6442
2887,1862,0
859,0,239
4967,7084,0
9611,0,0
5200,416,0
2832,2384,0
6087,5952,2735
9093,5011,6792
0,5426,0
1134,0,0
7577,4252,3397
0,5112,4136
0,79,0
6992,9691,2380
7845,0,0
7983,0,0
4640,0,0
7375,2905,0
0,0,1571
7566,0,2936
0,7712,0
0,7686,2301
6635,0,0
7856,4892,0
237,0,6964
3035,0,0
8216,0,8500
9350,0,1406
5495,0,406
0,0,541
3,3573,0
7193,6073,5940
0,0,3840
0,566,8732
0,0,1470
913,0,0
5602,2055,7552
0,0,289
5509,6902,7194
0,3969,1666
6457,3973,0
0,1166,1314
652,661,4023
4493,2537,0
3226,0,5394
4696,7401,0
6888,0,1289
4441,0,2695
4730,0,9598
1925,0,0
3592,4989,0
0,9702,8707
148,0,9369
4172,4848,0
8762,8074,0
4156,2771,5795
3390,9659,8799
4680,4100,5906
0,8831,8522
6974,757,0
542,0,0
8083,3183,1747
0,3331,2102
6160,7504,0
8068,0,0
6463,0,7796
0,3814,0
1058,0,1556
6965,5870,387
0,0,1144
2543,3387,5494
4588,1470,0
6335,0,2010
0,4422,9514
0,2491,0
412,8954,0
8208,0,18
5664,0,8512
7220,0,4383
7607,0,0
0,7269,0
4246,1857,2085
2925,8192,347
4935,6629,0
4450,0,7261
231,0,0
6436,638,0
0,6302,9701
4967,3523,0
9351,0,3664
6579,0,934
7195,4130,2791
9280,0,984
9628,1991,7614
0,6441,0
0,6673,0
0,0,2700
0,9564,0
5004,0,2526
0,0,3657
0,462,0
8542,7657,7670
1333,6938,4726
2317,6566,6718
9931,964,3159
0,0,9833
0,498,0
0,0,2507
3328,805,7038
0,4748,922
9511,2356,0
3052,0,9042
0,0,5980
5449,4550,0
0,4481,3512
0,4045,6136
0,5669,0
8104,9994,2436
0,3322,3242
7650,9177,7991
8572,8689,348
0,1741,1247
0,2465,0
4980,0,8029
0,83,0
0,0,6556
0,572,2226
3812,0,2220
6249,0,0
0,6937,4721
7484,0,3410
0,5466,0
9079,0,7617
2559,0,0
589,6974,5615
3100,8015,1026
0,5193,1599
0,0,275
4104,0,0
9647,4747,0
4368,0,2010
0,0,7477
2931,9144,0
0,1704,1390
6081,2293,0
1697,5394,6381
2724,5051,0
4323,0,579
4599,0,0
0,0,583
663,5055,0
0,2834,2880
0,5765,0
2095,6314,3729
0,0,6023
1851,4093,1417
8232,6817,6468
9807,1141,0
386,5740,4440
6222,9902,5126
6805,566,181
9620,3240,3016
2501,3392,8781
0,5487,5096
0,8974,0
4279,826,1585
5696,9058,8403
0,0,9544
5566,0,0
7,5475,5187
0,2280,5753
0,1901,0
8332,0,2386
7114,8929,0
0,0,6848
9702,0,0
1288,7160,0
9691,0,0
9235,0,4852
0,4899,327
0,34,2608
0,0,4510
0,0,8913
6840,796,7842
0,0,5028
1562,0,0
0,0,3653
5969,0,0
1569,2924,7871
0,0,2771
0,0,2805
9357,0,0
0,0,1838
2781,0,2635
624,0,0
5652,182,0
0,0,2349
0,5389,0
0,0,8963
6648,0,6407
0,129,3558
2225,9487,6169
0,0,3235
2219,6137,7141
4854,6761,0
497,2413,5943
8849,0,5363
0,357,752
7237,9135,7710
0,0,1091
0,0,1220
0,7428,0
2336,0,4063
5571,0,0
2712,4883,0
8473,5380,9376
0,0,3935
9780,5428,4293
533,2666,3428
0,0,9212
9335,0,4416
555,0,0
0,9978,0
0,0,9683
0,8262,4566
0,6735,0
1867,1152,4176
0,933,9605
96,1466,2271
3524,0,0
0,9046,0
0,9601,257
0,0,236
0,6193,0
0,1721,0
0,4212,0
2850,6080,0
0,0,2870
0,1980,4336
8903,5505,0
0,8242,3093
0,5396,0
2915,0,0
3151,0,9754
0,1384,1476
2985,4287,0
0,7137,0
0,4164,0
8575,795,5633
2912,0,1138
0,9741,0
53,2398,4777
0,5314,0
6311,0,0
6065,7403,3605
7542,0,7892
0,4157,0
0,0,9194
0,0,9990
4288,0,9689
5426,0,9431
0,0,1830
9585,0,7144
8757,0,5610
0,3489,0
4583,1031,0
0,0,7558
0,9264,0
6702,7919,5858
0,2207,7208
6382,7634,5517
0,0,3880
7643,2028,4993
4787,0,2416
397,0,0
3410,6347,0
0,8824,1201
0,0,466
0,3033,8386
0,9725,593
0,6108,8228
376,1921,0
0,9565,2699
0,4352,3485
1666,4750,0
0,8161,0
4511,0,421
5713,0,6752
6179,0,9785
4566,0,9511
0,3645,5619
3388,4021,0
0,0,7106
6758,0,0
0,9194,6209
5493,6767,0
0,1278,0
7512,6992,8689
4264,3171,0
0,7738,0
0,2897,0
0,0,6281
6722,0,0
3828,0,2088
5287,0,0
1497,2842,0
5868,9933,9328
0,7446,6320
3903,0,0
0,0,7230
2342,9322,128
0,8503,0
0,5226,6760
5443,0,0
7531,4342,1214
0,5840,4057
6863,1708,3991
0,6922,1437
0,825,3148
2006,4554,8909
0,0,8231
0,1499,0
5781,0,1961
2542,0,1016
6407,5357,5358
0,4171,1198
0,1035,2907
5671,0,0
0,9741,655
256,1748,5210
9165,985,0
0,352,0
4132,6133,5990
6093,8675,3816
0,0,9174
2468,2706,0
3667,4385,4380
6575,0,0
0,0,1350
7061,7421,0
2271,6587,0
4379,3984,0
7987,0,0
0,4210,9246
0,1320,4330
0,0,7036
313,0,0
0,0,1479
0,438,0
0,7499,6066
0,0,2654
0,4151,0
9276,2138,4755
9847,0,0
0,3910,0
0,0,4077
0,0,1534
1885,0,0
0,2190,0
0,9845,3504
0,599,3275
731,5438,0
7369,4715,0
2125,0,0
0,3658,0
1380,0,470
5457,7545,0
0,9430,7549
0,2795,0
8562,4805,0
2066,2882,185
5342,3613,5623
0,983,339
0,3109,4902
0,0,8560
0,0,5643
8080,0,3189
9743,0,0
7292,588,5416
0,9150,0
6618,0,3104
6804,6560,0
2427,9330,0
2767,1666,0
7669,0,5013
6229,7295,0
0,0,1634
5063,5119,9664
0,2411,252
3101,9445,9403
0,6064,0
6428,2868,7181
3146,0,6512
0,0,8179
1659,5732,7864
6673,0,0
7268,3836,535
0,8900,5654
8567,6584,8066
0,9685,0
8223,3008,3575
0,9436,6443
6026,0,1739
2538,3432,0
0,0,5535
8582,0,0
3741,9033,0
4276,7935,234
9931,0,6818
7997,0,0
5508,3546,9512
9083,0,8949
0,8417,1533
7266,0,0
7069,0,57
2604,257,1822
0,0,856
0,0,8791
1670,8207,0
8489,0,0
0,0,4163
4506,796,6555
3456,6324,0
4989,0,0
0,660,0
0,3265,0
0,0,1861
2692,0,137
0,6475,8344
6779,4964,0
0,9957,0
0,4464,7058
0,7920,0
0,2910,6974
0,2866,7634
0,2879,0
0,0,4268
0,0,9072
0,8893,5547
0,0,512
9377,0,0
0,0,4934
2698,0,0
6080,0,0
3054,0,0
689,0,0
1589,0,6228
5857,0,3637
0,8788,0
478,0,0
991,2993,1273
0,8632,5904
6396,1330,8650
9251,7411,4485
5016,466,9338
3648,0,813
0,0,6773
0,8603,0
5026,3534,0
7556,0,0
5760,5004,4477
7034,6465,0
2939,2861,4440
0,0,1851
6075,7129,2317
5414,0,3474
6227,0,6219
3001,7328,0
2080,0,8358
9947,9911,2371
1431,5672,0
5908,0,3840
9017,5646,0
3457,7236,0
0,3311,5944
0,8725,6723
1101,4953,0
7321,7954,0
2145,35,0
503,9982,2257
0,0,7929
249,7322,636
0,6340,6283
0,9798,3519
0,5107,0
5552,2734,5557
0,3836,0
4938,0,8465
0,3302,8500
0,0,8483
9533,6679,0
7462,6929,7220
8099,1019,3560
0,1812,3358
7902,1419,0
4733,6971,0
0,9247,0
0,4185,6194
0,9115,0
0,6391,3302
0,5924,0
0,3386,0
0,1486,0
6929,0,0
0,3772,0
8753,0,8134
0,8796,0
0,9598,1567
1186,8865,0
682,0,0
0,2884,0
0,9032,6384
879,0,0
0,0,3741
8554,0,7513
9717,8373,6019
7851,8328,0
5233,0,4414
0,0,3279
7483,0,9912
4557,0,0
0,3142,0
0,0,4231
1811,2832,3563
0,0,3182
0,1103,0
9085,0,9884
3902,4188,3203
8316,988,0
0,8472,0
0,0,2072
0,584,5214
6134,0,0
366,0,2068
3929,0,3455
0,4954,0
8667,0,3514
8552,7942,7702
1755,0,8691
9465,7855,7163
2363,0,192
4435,0,0
9650,0,0
8886,0,0
0,4100,0
4410,1212,8480
8969,9880,0
2483,0,0
0,0,6723
8877,9653,4579
6041,2017,3944
0,0,7614
7011,0,7419
0,4989,7590
3949,5944,0
0,355,0
5956,9324,2783
0,1808,1215
8942,0,1403
5665,872,0
245,6914,0
0,0,9527
1804,159,0
9223,0,0
0,6421,6565
0,0,6920
1407,0,6245
4190,8330,8054
5405,7272,49
0,0,922
7866,3184,7836
941,0,0
0,0,1144
6099,0,3616
6720,5216,0
3285,3720,0
206,5127,3788
6452,0,0
0,0,9391
4556,1533,2330
5478,0,5514
3315,341,2889
4300,810,0
0,0,471
0,0,5688
0,6916,9409
3035,7123,0
6823,3575,0
8942,8082,8579
8333,0,0
663,8117,0
6178,0,0
0,5733,664
1136,0,0
1607,240,1204
0,9341,8121
0,2376,5244
1242,9200,0
5097,0,6902
0,6476,9541
3789,7140,0
3301,0,0
0,0,4825
3821,0,6004
1395,5130,6245
0,2426,5586
0,0,7962
5966,373,0
4786,0,5305
1688,0,1781
1230,0,0
8890,6238,0
7983,9394,0
0,0,8149
8813,0,3279
5058,7212,5706
645,7934,4837
0,3900,5210
0,8686,0
1076,375,9829
2858,1606,2766
0,496,9004
4021,8479,8399
0,1288,1615
6798,0,6227
78,5161,3439
5784,5806,0
621,4414,0
5832,185,3960
6514,1261,4335
0,4120,0
0,5901,6438
0,0,4918
6515,8571,6206
8131,5370,6309
4358,0,1470
0,1232,0
9172,1854,1690
4446,7687,0
8407,0,3137
2742,0,7257
8684,9655,0
5122,7770,3081
40,4285,0
0,0,7023
2556,0,2471
0,4574,0
1303,3747,5559
0,8194,0
0,6601,0
8008,9343,7994
0,8027,7649
8425,3150,5420
1506,3190,0
3159,9437,2123
183,0,0
0,6021,3473
0,7325,7220
0,319,0
0,0,2016
0,3198,0
0,0,9387
8258,6890,2538
3679,0,0
0,0,5166
0,0,7161
0,0,3182
7883,754,507
5104,0,0
519,7840,0
2535,0,9217
0,1063,7682
0,9322,4572
5821,0,0
1549,0,4525
0,0,6265
0,6306,0
0,4189,0
0,0,4090
8395,9813,0
4414,0,2385
3631,0,0
0,0,2771
5886,5347,5773
8855,0,0
3381,3613,4059
0,7490,366
0,4551,0
1724,0,3850
0,514,0
7745,0,0
130,8560,2254
0,0,1781
6352,5760,0
2125,0,0
4287,7997,0
8346,0,5130
0,0,9681
3268,9678,0
7118,5492,0
0,3237,0
0,0,5804
0,6948,0
829,3301,1439
0,5427,0
1984,9714,0
0,8061,0
0,6773,9652
4435,0,0
0,0,4823
0,7943,0
0,0,1429
0,0,8378
7278,0,0
0,0,7106
4773,4556,6821
0,4179,4882
526,8933,1656
179,3368,1699
0,9604,8860
4333,0,0
2394,0,0
3824,0,0
2203,2826,0
3882,1544,2510
989,6318,0
7811,5145,0
2694,0,0
4350,5851,0
0,5361,3152
4910,0,1307
0,2088,0
3253,0,0
8577,8116,3631
8516,0,5175
1026,0,0
8093,0,6639
9340,0,0
9520,7845,0
3069,0,0
6222,8806,3218
7529,519,0
2786,3773,1220
0,0,9337
7222,0,1336
2398,1894,4325
3892,0,5126
531,9328,0
2843,8849,0
1006,1918,0
4530,0,0
7749,5670,9688
3057,0,3461
4278,0,5813
3615,0,6680
4951,1669,8575
9277,5561,0
4404,6093,0
0,8937,6742
9492,9943,8661
9855,4474,6802
0,2224,2472
0,5281,0
2175,0,2978
7988,3175,0
4669,8127,0
3244,7405,9479
1807,0,0
9700,0,0
6442,0,0
5103,4183,8929
0,3208,0
4378,1921,0
5308,4096,0
8286,0,0
535,0,7299
0,0,4704
3933,1805,6513
9507,1506,0
4017,7949,5676
8472,0,9860
0,0,3068
8556,0,0
4992,4645,0
988,0,0
0,3467,0
7459,7921,0
2164,0,0
0,1362,1234
0,5379,0
0,3852,2236
5564,1254,0
8632,9810,0
3621,0,0
2707,0,0
3877,5952,0
0,3411,0
9723,0,7352
9451,4254,8714
685,4281,4094
9868,9985,7946
2104,0,9200
0,0,9011
5830,7803,3813
7007,510,0
0,0,5557
8693,0,0
4190,5913,0
1542,5364,8800
257,6049,3081
4351,5918,0
0,0,8616
1498,7322,0
0,3152,0
0,160,1111
3929,0,0
9486,0,0
8456,4160,7602
3001,5703,2966
1801,5961,9016
4883,312,4934
7950,2610,0
6566,0,279
9364,0,0
9965,0,3593
0,0,4871
0,0,4841
8266,814,0
0,0,4706
8835,5618,667
7852,501,0
2787,8452,0
5744,5018,0
6024,4382,0
9457,4347,1259
3051,5424,0
0,2001,0
2764,267,0
0,6136,0
0,0,6737
7140,0,7239
8120,0,5691
1710,1355,710
9409,0,0
1727,6838,0
2986,9889,4865
7117,0,6867
3606,576,7134
909,2342,3270
2029,0,0
8767,5956,1066
6006,4077,6677
1698,5787,8033
2408,0,5413
7501,0,2251
6942,9911,2141
0,0,9953
0,0,529
0,0,2871
0,3574,1687
7323,0,7644
0,8348,0
0,47,0
0,2456,2706
8513,9958,9631
0,0,9543
2906,0,6572
2859,7385,7208
3388,3195,8754
6260,0,0
7948,0,4670
5592,0,3019
7314,0,3066
0,6155,5522
0,4669,0
0,5434,0
6705,8340,1091
3278,1200,8477
0,4589,1673
9241,0,3950
0,8798,0
0,0,1539
0,0,4596
2326,6529,751
0,0,5420
0,0,855
5711,0,9195
0,0,396
0,1694,4985
0,935,0
0,2505,4633
4455,0,0
5995,0,730
591,331,7259
0,0,1320
6764,0,2542
7619,0,0
6815,0,1678
7211,9307,3372
2197,6262,4307
0,7167,0
0,1623,5558
0,0,3564
2420,8210,3895
0,9554,2076
1000,6318,3587
3542,3938,810
4014,0,4836
5692,0,0
9064,162,0
0,0,7574
0,860,9198
5744,0,0
9308,4970,5028
0,0,4582
5280,0,0
8867,9193,4838
0,3207,5592
4514,0,3558
8658,7964,3721
0,0,1915
6640,0,0
5839,0,5326
0,0,297
7684,9779,0
0,0,598
0,3927,9792
8006,3604,3000
3599,8119,1900
7157,0,9865
0,5843,0
0,0,2725
5570,8323,9992
897,0,6567
0,8664,6346
0,931,1406
0,0,5333
0,2106,0
9534,5705,7057
0,2862,0
1300,0,9679
2502,0,2163
5228,0,0
0,0,1466
0,0,131
8134,340,1062
9540,0,0
4874,0,7268
3812,0,2973
0,4585,0
4705,5885,9577
0,8388,0
0,0,8219
0,8837,1223
8500,625,5421
0,8760,5762
9694,0,2844
4856,3175,0
0,6987,9610
0,7857,0
0,2563,0
511,6947,8469
6625,3495,2086
0,530,923
6068,9031,1548
0,7662,309
7252,7357,8610
96,0,1785
0,0,8773
0,9436,6631
362,370,9194
442,882,6142
0,7507,9638
998,0,168
1921,8421,9199
3470,9911,6862
3779,0,0
2390,7261,6434
0,3817,0
2949,0,0
9580,0,580
8775,0,1462
4918,9701,0
4556,699,0
0,2621,0
3925,6092,9657
788,9871,6821
5008,2261,0
1442,6437,7900
2215,0,7885
2424,8967,8231
0,0,9021
0,2660,0
0,7217,9422
4762,0,2044
0,0,8136
4164,0,8008
986,1664,0
5069,3106,0
2969,5322,6094
855,7747,0
0,752,2805
8108,5220,0
0,8659,2683
6253,3421,0
0,0,494
6434,0,7150
4443,3080,8814
4713,8149,0
1421,1119,7243
7516,0,0
0,0,5743
0,0,963
0,6000,9623
0,2253,0
8159,0,0
0,6987,0
0,1430,6148
0,0,4298
6539,0,5417
0,5082,0
0,7661,0
4517,3045,0
0,0,3621
0,7428,0
8149,0,6427
0,4241,0
0,45,0
0,4663,0
0,1203,0
0,4987,3638
5447,0,1300
3900,0,4345
1521,3760,8240
0,8865,0
0,0,1256
7447,0,0
0,8329,5544
5707,0,207
0,0,1411
5253,0,0
0,2812,0
0,6712,8439
4537,8234,0
0,0,1064
8447,4396,8079
9704,0,0
5202,2706,0
0,8414,9216
0,5112,8525
2366,0,5890
0,0,8702
0,9451,5415
7364,3989,3649
9563,0,7027
0,5214,1424
8707,4919,0
2924,121,5974
5471,0,0
4687,1823,0
3213,0,0
9103,2954,9125
0,1879,0
3222,0,2565
0,0,9333
0,9436,4547
5323,8143,9467
0,1068,9589
0,0,457
0,1227,2281
0,0,6471
0,3544,9426
7449,1350,1306
0,4573,549
8591,0,9357
7924,0,0
2472,668,6937
1939,0,0
1528,3828,0
1986,2784,0
4268,0,0
0,9564,0
166,7014,5108
0,0,9681
0,1631,0
1380,9556,6471
173,2029,7140
0,0,6401
5117,5497,0
0,0,3013
5436,1752,4254
0,2492,3818
9407,0,832
4515,4131,3872
4197,6153,0
5324,7533,0
0,7707,7090
8935,0,0
0,9937,6556
5565,9600,4040
8579,5036,0
2833,686,8286
6652,93,0
0,4609,0
0,8806,0
0,4130,0
1923,5926,0
9013,0,0
72,198,1228
6629,5764,828
670,0,0
6464,0,0
4750,3829,0
0,0,1254
771,2672,60
0,0,4191
765,1458,0
7237,0,0
0,545,5177
0,0,942
585,7845,5285
0,0,2462
3002,0,0
9647,0,7606
0,0,278
0,7526,9813
0,0,1272
5272,5529,1745
251,4057,2291
5429,3814,0
6372,4399,7312
1657,0,0
0,3852,0
412,3500,0
8018,4402,0
0,5365,0
0,520,0
0,5792,0
0,6044,6367
3420,1473,181
0,7845,0
198,9503,0
0,3624,9284
2502,4036,0
7938,2055,0
0,352,2553
7388,8463,0
4169,7846,8866
6479,8976,4910
2846,2396,0
0,0,4230
7608,0,3733
3039,0,7357
2323,0,0
5108,7744,3449
2296,0,3801
0,0,2264
7923,8202,111
6790,4681,0
1700,0,1485
8085,0,6768
2315,8163,2251
0,1203,0
3407,0,9361
4801,8635,7105
8251,932,3749
2052,0,7782
0,3705,5984
4429,0,665
3517,0,8192
5002,282,0
1771,0,0
4023,0,0
0,2054,0
0,6856,278
45,5107,1210
3795,7160,6992
0,1477,698
7561,0,1194
8227,9424,0
0,4427,0
5168,6198,6272
0,222,4919
195,3800,0
1838,6741,0
2116,6786,8937
0,581,6097
0,0,7575
1017,9720,3482
2211,7947,2906
0,4368,0
9277,0,3532
5550,0,0
469,0,7555
7443,3650,4296
1273,5766,0
210,9093,0
6308,9412,3823
3883,429,3544
7365,2641,1492
272,8244,0
0,0,5396
1139,3073,7013
0,3542,8826
0,986,0
6747,0,8243
0,2471,7336
9495,0,0
0,2662,7178
6864,0,0
8356,0,8064
0,7907,0
9613,9047,8660
6627,3942,0
5453,0,0
7930,0,5450
6174,0,7921
0,467,6700
260,0,0
7438,0,9391
7259,9008,9692
5324,3225,7600
911,2838,6648
9572,9466,591
1776,0,0
4966,2850,125
0,9025,0
0,2535,0
0,2796,0
4401,0,6004
0,7494,5012
0,2818,8237
0,0,1076
7734,0,542
0,0,5463
5310,0,0
5435,0,7339
0,0,9875
8097,3835,2671
0,8236,0
9453,2029,0
4466,5514,0
2703,0,0
3779,0,250
0,0,5329
9785,0,0
8099,3407,5834
5438,9939,4632
0,8037,8468
7984,0,6704
0,0,8734
1291,5406,4249
4509,8109,0
1458,0,5186
1708,6211,7848
0,5996,0
0,0,9227
8246,0,9167
2878,0,7204
1346,2832,8690
8051,3723,9631
0,0,5037
1034,0,3147
1885,982,0
0,2691,0
0,9729,7245
739,2141,1341
9967,387,876
9134,0,0
6338,4613,8557
5029,0,2281
4660,0,0
9698,485,0
2845,2370,0
0,9441,494
9131,0,224
6376,5100,2365
0,5067,0
0,4202,6019
0,540,0
2876,0,0
5158,230,0
2454,9929,3232
9275,0,5603
7078,657,5044
7572,9788,9406
7796,6165,4507
0,3883,0
2915,2477,3777
8934,6796,0
9567,9673,0
2864,4832,0
0,7286,0
8845,6561,2823
0,3639,0
9493,1212,0
8899,9009,0
0,9171,3317
2981,0,0
6759,0,2592
1077,0,0
0,0,7098
1084,9066,0
1132,7911,0
3955,2360,0
7436,1853,5798
0,753,4807
0,0,3979
0,7141,0
9253,0,7088
1846,0,7678
0,0,1132
1211,0,0
5596,0,8111
0,2116,0
0,9552,2324
6926,0,0
0,0,7237
5713,0,4379
1780,0,8280
8868,0,0
6547,9070,0
7680,0,6230
0,0,4390
0,2419,0
6462,0,0
8787,0,0
0,0,6715
0,0,573
3483,9701,0
0,0,8641
5021,0,7712
0,2798,0
454,678,3871
4844,6669,0
0,0,9839
0,1920,313
3727,3786,0
0,2889,443
1016,0,0
4700,0,8715
3342,0,0
0,7382,6632
0,0,7310
2920,0,0
0,4032,0
0,1442,9033
9366,5169,2819
1888,0,5709
2331,0,0
2476,1330,217
0,4672,0
5026,5727,0
0,4776,0
8969,0,0
2949,0,5307
0,5962,6750
9096,0,0
0,0,7533
7624,9549,4163
9706,0,5493
0,3219,165
3299,0,5893
4057,9904,0
0,8873,0
0,0,5277
9234,1885,1240
5984,0,6570
0,2897,3787
5438,522,3337
9601,228,5363
5094,152,0
5260,3452,0
1153,0,0
0,162,5605
0,0,7428
5469,3324,0
0,0,296
3280,0,3194
7068,0,3716
405,0,3945
5768,0,0
0,2608,7550
0,3762,0
0,0,5223
3517,0,9313
0,1247,2637
0,7957,0
0,1238,9160
3752,0,0
7468,8712,0
0,4480,1413
5512,8832,4021
3062,0,7783
0,7923,3369
3347,1440,9147
0,0,394
5298,2647,8352
0,3205,9591
0,0,7898
0,4426,6610
2283,5840,0
3697,1352,9923
7718,4415,9935
5501,0,7859
8871,5887,9299
8019,0,0
8413,3847,0
6766,1092,7539
0,7498,4497
4256,5716,0
0,0,4765
0,1697,0
0,9416,0
1817,0,0
0,3789,0
8976,1808,7509
0,222,0
0,0,2450
0,0,9948
7034,7604,0
0,8471,0
724,429,5364
6842,2311,4780
7376,0,9698
449,3805,3488
9410,2781,5297
0,3444,5520
0,8442,0
0,0,5858
676,0,0
6342,3973,1934
0,4698,0
5373,0,0
153,0,8804
0,9367,0
0,8778,0
8639,0,8837
4159,0,7279
6670,4704,8258
0,5380,6272
5991,0,0
7925,1732,4945
290,0,0
4965,7258,0
0,0,4771
6380,453,3550
0,9092,0
610,0,3226
0,9922,0
0,2450,3311
2421,8442,5034
2667,6368,0
7613,6658,0
0,1623,1131
9503,5394,8242
4275,0,8695
0,0,7788
0,0,1040
302,2048,962
0,8196,0
1544,0,0
6579,0,0
3346,0,4881
0,4998,6505
8349,0,0
6592,0,0
5288,0,7223
3076,0,0
4117,3982,0
0,2215,0
0,3759,0
349,0,0
8572,0,6430
0,904,1428
9959,9254,5930
1859,0,4708
0,1135,0
2757,0,0
4139,8329,8974
7570,3410,1189
0,1903,0
0,2252,0
6973,0,0
0,0,9878
4832,4239,9133
762,0,4979
5471,1633,0
0,4391,327
0,8531,8657
0,6101,0
0,0,3971
0,0,6224
2178,3714,0
1152,7117,1329
0,0,5569
164,2712,1668
5144,0,3302
1259,0,0
0,0,6224
0,0,2326
0,9434,7625
0,6324,4366
0,0,8080
9557,0,0
886,686,7148
6456,0,0
8124,5996,8045
0,7256,0
9120,8843,9758
5345,9088,0
7671,0,6687
5296,7685,3012
0,193,0
0,9750,0
2942,637,1856
91,7093,2707
9952,5217,0
7998,0,0
1012,0,4803
770,0,3892
8023,0,0
4711,0,0
0,0,3172
9237,0,2922
407,0,3560
0,4518,653
4971,0,0
0,2469,2515
9635,3482,0
4439,4253,0
8331,0,0
0,6988,2249
0,0,5990
0,0,7475
0,0,1903
0,6621,6421
0,1593,0
0,5268,3362
5301,4904,0
0,9343,1098
0,0,3375
1143,0,363
0,7907,5075
0,0,9025
6859,385,3382
8763,6646,3
5184,3560,1596
0,0,6865
0,1647,0
6285,0,0
7384,0,8789
0,9344,91
0,0,7998
0,2122,0
0,8981,6068
8607,7745,2714
0,2929,6275
0,9007,0
0,8447,4267
8844,0,0
9958,2118,0
8748,0,7042
0,0,9780
6838,0,0
2522,0,0
8590,0,8629
1305,2644,0
7580,0,0
201,0,9014
4469,0,3747
0,8728,0
1664,0,0
0,6316,2745
8486,0,2947
0,5676,8373
1273,4267,2406
9902,0,0
0,3154,7903
2028,3356,0
1042,0,0
4790,0,5328
655,3457,2804
0,2163,9121
2145,650,0
5093,1040,7952
0,2313,2220
0,0,7793
0,3677,948
0,5705,0
6657,0,2130
0,1538,3922
0,0,7379
1390,0,9543
511,3740,194
0,8833,1234
740,0,3547
0,8173,5764
754,0,9441
0,7925,5147
6006,0,1895
8137,7841,0
0,6427,0
9440,7818,0
0,8329,0
0,1117,0
412,0,2095
0,0,268
9724,0,0
9166,0,7292
0,3281,0
6210,0,9716
0,3478,6144
0,2918,0
0,0,2292
0,0,3409
0,1493,5267
5345,5454,0
5614,0,5658
4981,0,0
2273,0,6214
0,4870,7633
0,0,1111
10,0,0
0,2279,0
6264,0,0
0,8985,8508
4941,0,3963
5027,0,0
0,0,3488
0,7200,2149
0,1349,0
0,0,1534
0,5225,0
0,9197,3599
0,5462,0
0,5136,0
0,0,2651
8028,5105,2596
0,5791,7523
659,0,0
2809,9242,0
9829,0,0
1363,5285,0
0,7894,0
0,6436,0
0,1993,0
3938,0,6388
0,4087,0
9186,0,0
0,1918,6695
0,4727,5937
7505,4556,2645
8793,5919,0
5307,0,0
1018,4886,0
2191,505,4255
8501,0,0
0,1032,4401
6384,218,5660
3670,0,7578
365,0,0
6303,5867,6861
0,4661,2781
0,9968,1385
2705,0,0
4967,0,6776
0,0,1220
0,0,2252
0,0,2471
9599,6625,9400
7177,6990,7761
9483,3293,3629
0,2242,0
0,0,8259
512,1828,0
6784,6795,0
3560,6019,0
4781,5557,677
7033,0,0
9505,0,0
8905,0,7248
6667,0,0
296,0,0
0,0,1906
6847,0,3734
0,8526,0
0,2087,0
2627,0,2107
3304,3902,1604
6936,0,700
7194,0,0
0,8979,0
0,0,4836
0,0,6066
9673,4712,7809
3408,807,6335
0,9327,0
0,1955,0
0,5259,0
4198,2196,2601
0,9390,0
1875,3832,3893
4608,8816,0
9444,0,0
5511,6258,0
0,9666,6554
9656,0,5881
0,4092,0
3371,6687,3096
0,886,5293
5166,5786,4683
0,0,8516
0,2269,0
0,0,3917
8179,7226,0
0,547,0
480,204,3448
6362,8284,7540
4199,1655,0
7296,0,0
2589,9386,901
0,9466,8562
5789,0,0
3122,584,0
0,8763,9774
7217,2690,0
0,0,526
508,9533,8810
8049,3732,466
2277,1028,0
0,3617,4072
0,890,3539
0,6680,6979
7689,9802,0
0,6843,6327
0,4060,9018
0,1121,0
0,0,1722
0,9678,5454
0,1956,0
0,9349,100
8895,0,991
0,4500,7671
9414,0,7474
6978,2427,0
3306,2439,0
2324,2772,9499
4513,3631,1129
0,0,808
0,0,2764
0,0,2113
0,0,9757
9265,0,4257
0,9004,0
0,0,8876
8729,9288,0
7108,0,4088
6608,6126,7720
0,2361,0
0,4051,4460
0,0,2720
0,498,9875
3180,9764,0
0,6701,0
0,1112,4452
0,9841,0
4078,6949,5354
0,0,1480
5887,1295,0
6909,0,0
1369,1150,0
4089,4574,0
0,7755,380
3431,5193,7081
1901,0,8194
6354,1843,0
0,0,4986
5450,4089,8544
0,9976,9839
772,0,0
0,8255,831
8783,0,5405
9399,0,3160
0,9742,8354
6861,1644,7434
0,7999,9277
3091,8095,5200
8077,0,9289
6621,476,9265
6461,1248,6151
0,9914,4406
6972,8697,6752
0,0,3062
0,7877,2805
3893,0,4449
1328,0,2448
0,0,544
0,0,4089
5095,0,0
4361,4047,5814
512,188,0
4919,0,4425
1671,9540,2523
0,0,400
0,8972,5139
0,301,4934
0,0,7820
4982,6713,0
9071,1808,0
3637,0,0
0,6682,0
0,1602,0
9605,3274,0
2129,8008,0
2529,5548,0
0,7538,0
0,0,2569
424,6959,9283
0,0,1092
0,9668,0
6000,9120,0
6607,0,0
4376,3905,8821
0,6034,6830
4074,8564,2379
0,6234,9917
0,8837,1893
9668,9262,8853
8952,8472,4884
0,4054,0
0,54,3672
0,0,7972
0,0,1878
0,2724,7913
2452,6799,6478
0,0,2712
4748,0,1550
6642,0,0
5495,0,0
379,8001,3340
0,5308,3394
8605,6560,56
0,3361,1095
8457,0,3819
0,1435,619
0,6266,2855
5562,0,0
7112,7657,0
7925,0,0
0,3533,0
551,0,0
0,0,9020
0,3649,0
5097,0,0
8917,8478,0
0,0,9066
0,6890,81
4582,0,0
5776,0,891
0,0,4424
0,9691,2890
4537,3638,9961
0,7640,3611
5940,2738,5719
7305,1656,4197
105,0,5525
0,3585,0
9252,0,0
6991,3944,8346
7883,8871,7486
0,949,0
0,5486,0
0,9045,0
8772,4986,1195
0,2291,0
8690,2396,4045
4215,1567,0
0,0,5798
0,7811,9743
1397,0,8614
8884,0,0
0,3202,5050
6879,8363,0
0,7135,9081
6532,1627,1372
0,0,3769
3429,4534,5336
0,1166,6157
0,4216,3969
6602,0,0
5216,4498,0
0,0,870
9829,7440,0
3925,2777,0
3006,9310,7996
4379,0,8314
8148,2124,0
0,3185,4014
9642,0,0
0,6646,0
3276,1863,8344
0,6642,8906
0,6472,6347
0,397,9125
7416,0,8435
0,7783,0
3728,0,0
0,0,2441
592,0,2485
8824,2672,0
2670,5949,995
1014,0,7638
9921,0,0
6268,9755,4507
0,0,7911
3829,2585,5694
0,0,1626
215,0,0
2656,0,0
5142,2308,0
4275,0,8725
0,5993,5618
0,0,4326
7020,0,0
0,7576,0
9439,0,3841
5133,2365,155
6760,0,3047
7803,5237,6531
0,0,8839
0,4654,0
9408,0,9811
5027,2835,5726
0,0,7909
0,0,5485
4692,822,6891
8533,5956,9256
8688,2717,1837
0,521,7074
0,8428,7453
7107,0,0
0,0,2034
0,3548,4870
6463,0,0
0,6340,0
9858,1032,6932
0,9566,0
6006,0,5606
7843,9990,6127
0,8258,0
2371,0,3668
4479,6290,2189
0,0,5737
1384,3491,0
6110,7863,0
2219,7722,6014
9151,4471,0
0,0,3835
7647,8321,3826
3775,3238,0
8331,0,0
1999,89,0
4188,6603,768
9926,0,4259
8567,4098,2123
3549,6317,0
0,5469,4317
5144,0,4795
0,5158,0
0,8933,6354
4891,0,1964
0,0,2053
0,3451,8657
6850,3378,6645
1109,1945,0
3233,0,0
3078,0,2530
0,202,0
2190,0,0
0,0,4132
0,0,1396
0,0,659
5678,5302,4111
0,2153,7489
0,0,9435
1724,6496,0
0,0,9988
1316,6970,190
0,9161,9372
0,4467,0
0,6128,8240
0,9754,7461
2745,0,0
0,9768,0
0,749,0
0,2473,4677
8712,1259,4252
8700,0,0
0,3933,0
0,0,4852
9624,0,0
7865,3265,735
5326,6011,6167
0,2869,5935
0,7216,6685
1190,0,0
5867,0,0
0,8410,0
1343,7301,0
0,5565,7417
6580,5189,8597
7561,3054,0
0,8380,7874
0,0,743
0,9481,0
7085,671,8958
0,6539,0
0,0,7079
9655,8003,4381
0,9730,0
0,6310,5135
0,0,8190
0,2168,6571
2335,6632,3043
3079,7032,0
0,4117,0
9997,360,9734
8666,0,0
0,0,4397
127,3261,4128
0,7261,439
0,0,4311
3400,0,6479
0,0,3111
3015,0,143
5539,773,0
8735,770,0
0,9436,1644
4864,5182,8323
9261,0,1584
3389,5385,0
0,595,0
0,3995,3026
0,0,9681
7731,0,9416
0,0,189
2135,1258,960
6757,0,0
0,0,5580
6725,0,0
0,0,6275
0,1073,6871
0,0,867
0,3833,0
0,0,1817
7986,9439,4340
0,0,5598
9136,0,5326
9533,6733,9919
5114,3458,0
0,1768,1017
0,0,2091
0,4788,1304
0,3677,0
4853,2248,6701
6671,0,0
0,8410,0
6610,0,0
1937,7081,0
1857,2195,0
5630,8200,0
0,481,6934
0,9633,0
0,9652,5400
5181,4506,7648
0,1178,7883
0,2190,6294
5739,8801,0
1786,739,923
4568,0,3118
808,0,1319
0,0,1800
0,3615,0
0,3659,1087
0,0,5594
523,0,6772
0,0,8963
4701,0,7765
8543,6274,0
9466,0,1100
2585,1650,9327
3904,467,0
5705,6219,7818
0,3693,0
8227,6569,0
3822,0,1043
595,5500,0
0,0,4279
7324,8745,553
5828,8211,0
6928,0,3046
6256,4701,3514
459,0,0
8278,7547,0
0,0,9996
76,9597,7089
0,0,2589
0,9751,2791
0,7075,1536
0,0,9748
7141,9832,0
187,6089,5247
3702,0,5654
3435,4827,3202
0,4584,8977
6859,0,0
3949,0,8767
0,0,8519
0,1885,5594
867,0,0
615,4771,8331
0,0,4420
0,8661,0
2062,2097,5797
5264,8960,0
0,5820,5043
0,0,825
1586,0,7519
105,5639,9404
5700,0,7034
0,0,1805
0,8282,6764
6951,0,5425
7921,6753,0
0,2018,0
4101,0,2304
9144,0,2074
0,0,8383
7488,0,4022
6893,6470,529
3927,669,7651
0,3200,0
0,0,624
0,8073,7378
5446,0,0
0,5893,0
4234,0,4736
6309,5007,0
0,2496,6171
8715,9389,0
0,0,3312
6896,0,0
0,1545,0
3455,0,0
833,0,0
229,6844,2423
5886,1079,7461
0,0,2468
6023,2081,4965
0,796,4355
4838,40,0
8150,6937,6721
4664,0,0
0,3222,0
6068,4055,2650
0,0,9495
0,171,575
2483,793,0
4952,6817,0
9917,0,841
4272,0,0
0,2001,7819
8665,6665,0
6932,7995,809
0,0,4865
0,6661,9150
6814,1683,9321
7389,4167,114
0,9119,0
5398,9036,0
6240,3309,0
0,0,1796
4942,3920,0
0,853,6457
3338,5521,0
8203,2840,7182
0,9655,8866
6675,7045,0
0,2399,0
3722,0,1189
9666,4038,0
9461,1161,0
0,6103,0
9720,0,4528
6178,1971,49
0,174,2890
3881,7528,0
2748,0,9592
5781,993,0
7934,0,0
0,0,3829
3624,3844,4990
3378,5103,1094
0,4823,9726
1581,0,0
1631,7701,0
4522,0,9400
7068,4332,0
6660,114,0
0,0,9313
0,7173,3696
0,797,0
7262,0,0
0,0,7467
8082,2811,8470
0,4442,0
1652,8964,0
0,0,2087
0,2694,0
9255,1346,0
8569,0,0
2266,0,8222
0,0,2398
2451,0,0
9919,0,6440
8389,0,0
4561,0,9847
0,8249,0
4405,2907,0
0,0,9922
0,0,9712
4282,2999,0
2504,2806,0
0,5258,8777
8531,0,0
0,0,83
5855,8129,0
5703,446,5529
1584,4851,8437
160,1459,0
0,8317,0
0,2599,4333
1568,5103,7140
2666,0,2398
1443,0,0
5983,0,0
0,0,9272
0,5069,9719
0,6654,4570
7312,0,6030
7913,0,4347
9247,0,6946
3581,0,0
0,928,0
3120,0,0
697,0,4108
1840,4420,3475
1113,7767,0
832,6642,5199
0,3955,2014
1433,0,0
5780,0,5605
0,0,3868
4777,5420,4796
0,0,7168
0,9238,0
0,0,9943
5016,2192,7710
0,0,4353
8760,8429,8309
775,9862,0
9687,5643,1296
0,0,5994
0,0,1415
3958,0,9956
1126,7417,9195
6649,8959,274
6592,3975,0
4303,0,5492
0,6297,0
6966,7073,3784
7144,6761,9428
8440,0,0
0,1217,0
5851,0,933
0,0,8350
5003,0,7309
5277,0,0
7745,3848,8822
0,0,5120
0,9471,2193
0,6615,0
0,0,1009
0,0,2226
9120,5343,7402
53,1151,3705
8404,0,6656
0,0,6201
7000,0,0
0,2415,2554
943,0,2025
3137,0,8641
2092,0,0
3102,9063,0
5329,8184,0
0,0,9685
6436,0,5839
0,2356,0
0,9356,0
0,5179,8865
0,0,8440
3925,0,0
0,1351,9851
6265,0,0
9455,9783,0
7989,2514,0
7674,8951,1979
3514,2045,4336
0,1341,0
7236,686,0
0,2586,0
4542,0,4255
0,9079,5607
3353,5345,0
0,4800,9844
9368,0,2359
0,465,0
6685,0,0
0,4767,0
0,2003,5384
0,0,7970
8582,2648,0
2838,6150,3562
0,9504,0
8506,0,0
8350,0,6498
0,5846,6964
0,2531,944
5377,3553,5711
0,0,7715
5459,1855,0
3429,0,0
7912,0,0
0,0,4124
381,0,0
0,8579,0
0,9289,2885
0,1310,5417
8496,6688,8970
4207,0,0
1922,0,9093
0,5652,0
6213,0,0
0,0,4530
4957,5420,0
0,9510,3337
7893,98,0
0,0,3937
6196,0,0
5166,354,7388
2405,2277,9610
1499,21,5263
0,6234,8827
3839,7067,0
8369,0,0
3127,2879,8797
0,772,0
9091,0,6546
0,7747,2694
3654,2914,3049
0,0,5326
0,6818,0
0,0,1581
4744,1688,8649
8611,58,0
7898,3186,0
0,9651,4326
5592,8743,5878
0,1772,3625
4833,0,6539
7882,6469,1858
3208,0,0
8556,3039,0
0,0,8215
8787,6395,8274
9461,4294,0
3015,0,0
7341,0,0
3219,0,1628
6845,0,0
0,0,3524
5244,4646,647
0,3203,3686
448,0,0
0,2128,7866
6937,1590,0
8398,0,3151
9510,1947,0
9366,5167,8455
994,0,2010
8049,0,0
1573,642,8094
0,4563,1297
0,0,4639
7379,0,0
5245,613,8358
7406,9011,2964
0,8522,4911
291,7888,79
0,8882,2092
0,0,7490
0,0,8132
2300,0,2696
3598,6634,0
0,4014,1383
5005,9259,1996
3364,0,1007
6328,0,0
0,7514,7418
1319,0,0
3412,7019,3232
902,0,1738
9035,0,2465
0,7124,9100
0,0,3114
822,0,2374
2818,3731,0
0,0,6264
3356,0,0
774,2619,40
7075,6031,7059
307,6934,8284
2045,0,1810
4510,0,0
3610,0,0
6725,0,4663
9099,781,8395
8139,4608,0
4403,0,0
8182,8739,0
8223,0,0
0,6122,5341
3567,8168,1311
5378,2679,0
4312,6290,0
8609,3015,0
0,0,4898
1668,254,0
124,0,7471
0,2840,6210
2255,0,2025
662,6346,0
6004,9914,0
7315,0,0
6328,9605,5284
2482,0,0
0,1488,0
1496,0,668
1002,0,5326
0,3160,0
4684,0,9230
6710,6078,5576
4857,2082,0
1173,9398,0
168,0,0
5453,8209,8605
0,0,94
4168,0,3251
4837,7307,6532
163,0,0
8329,0,0
7559,0,1188
3136,2034,0
0,0,2669
9412,3376,8397
9803,0,6606
8408,2584,1415
8503,6752,0
1754,0,5027
8286,1752,0
7980,82,1274
3089,0,0
4278,779,0
7549,9407,3693
0,0,7069
0,8623,0
0,7032,0
6638,0,0
4358,0,0
0,5576,0
0,0,8662
1468,0,0
9919,0,0
405,8473,0
4098,8692,5311
1168,7309,0
7068,2532,0
0,9170,0
789,3528,3791
0,2914,0
6195,0,0
4858,0,9571
1162,0,496
0,4901,8970
4738,8999,7663
50,0,0
0,7236,0
4953,2789,0
1455,0,204
5247,1196,0
0,0,6226
0,0,802
7111,3413,5299
0,1660,201
6578,0,0
0,0,9368
9213,0,6605
6718,5389,0
0,6845,2974
3598,0,4170
6716,6707,1562
2942,0,3812
3745,0,7225
0,8967,0
9246,5546,5285
0,9787,1735
0,9001,2171
4421,5720,7560
3816,0,4405
0,0,6498
961,9428,0
2523,2371,7453
0,6117,0
3562,0,0
0,4408,0
0,0,3114
0,671,0
0,0,7836
9201,0,0
3607,5700,9662
105,6661,0
0,9185,1462
765,0,0
9578,0,0
0,1532,7150
0,9265,5
0,0,677
0,0,5770
3755,9575,0
705,3182,379
368,3287,7041
0,6599,0
922,0,0
8501,6943,0
1243,4303,0
8394,4991,1632
8400,0,0
9077,0,741
0,0,316
9527,9173,0
0,9541,6787
0,9001,0
3176,0,0
0,0,7694
5759,9669,1998
8125,0,0
9757,6464,5782
124,0,495
0,390,0
0,9918,8136
0,9826,0
1470,0,0
4856,0,6604
5607,0,0
3302,0,0
0,0,2763
0,8520,0
8072,8644,4770
8567,0,5160
0,0,5078
5667,5376,0
0,6846,0
0,0,1632
0,7311,0
1660,613,0
6360,5913,0
9124,8203,0
8352,6275,0
3122,4843,2584
0,0,3278
0,0,8655
0,1387,0
0,1414,0
0,8045,4515
8090,9705,5129
5236,6066,0
0,5190,0
0,3542,5522
0,0,365
1234,0,2739
0,8310,781
3168,6577,2168
8670,6525,3583
5874,0,1628
390,6195,1334
0,1432,0
6563,0,0
0,8153,6133
0,0,2798
0,8037,0
4438,0,0
0,0,2634
0,4388,9159
0,0,7264
0,654,0
3933,0,0
0,0,7471
0,8548,5625
0,9881,0
2856,1579,465
603,6018,3016
6660,1237,0
9294,8625,0
8453,0,3387
5718,2195,4041
0,0,216
4072,0,2955
1544,1386,0
7170,0,0
0,0,2965
64,0,8983
3081,1564,0
0,859,0
4939,9312,0
8326,0,0
0,0,6765
0,0,4228
5540,9828,5614
0,6998,7059
8430,0,1360
1395,0,0
0,9743,7829
600,1559,0
0,6499,8001
7887,0,0
8524,0,7243
5290,9780,5527
0,5321,5355
0,0,2354
0,0,8951
3552,0,0
9817,0,0
7646,3171,6917
6334,0,0
4335,0,0
7368,0,5437
4611,0,5218
0,0,539
0,8972,2905
7848,0,0
0,4717,5895
2414,0,0
7772,2180,1639
0,8514,0
0,0,4762
6348,218,3792
1786,0,8112
0,4969,1952
0,0,924
450,8313,0
4152,5113,0
48,7527,1340
8515,0,0
0,9989,2036
4411,0,0
0,4444,0
2965,6231,9935
1078,3236,4905
3031,0,0
3955,1230,3682
6044,0,8796
0,5431,6324
4191,3947,0
7713,0,1613
9749,8512,9709
4635,7686,0
0,0,385
0,1731,3621
4582,0,4402
9952,8717,5633
0,4762,1016
2431,7613,6448
8755,1805,0
379,9518,4497
0,0,3009
1702,3903,0
0,3644,0
0,3321,3079
9865,0,0
0,7856,6559
9900,0,0
917,0,0
7366,2678,0
7762,3057,259
2259,5051,0
5269,0,3431
5965,0,7076
7314,0,398
393,0,0
8235,2987,0
0,2888,7649
0,0,1572
0,1172,0
5794,8934,0
6054,0,2360
5582,6462,0
9014,0,0
6090,0,0
0,0,9300
4791,8372,2287
0,3167,5175
8599,9285,8981
0,0,153
4422,133,9087
1731,6188,281
0,1770,6743
0,784,9172
4931,0,8914
0,3364,0
0,8155,0
7099,0,0
2275,7704,9876
0,0,4215
0,0,4349
498,0,537
779,8122,0
7523,0,3093
0,6260,9968
5610,1772,3333
4660,6585,0
2083,0,594
0,5960,0
2551,7217,0
6767,8627,8474
0,0,2504
1654,9905,627
0,0,1955
7056,4124,0
7025,0,0
358,4395,0
0,0,259
2441,0,0
0,1705,3437
6915,0,0
5389,0,1190
7894,0,1095
0,5206,0
0,2262,0
0,0,2382
8683,9646,6777
5257,1493,3256
5517,3935,2410
0,4675,4115
5175,0,2588
7240,6980,2177
0,4875,0
9526,3397,0
0,3874,889
0,0,177
3081,1252,0
9858,6509,1317
0,0,5252
5525,3764,9928
9641,0,0
2229,0,0
4406,4610,3374
7827,0,6771
6454,2188,646
7344,0,3215
0,0,4467
0,5828,977
0,0,3005
0,4469,6769
0,4110,0
0,6340,0
3862,747,0
7237,0,638
4009,0,2826
4655,0,5714
7871,9896,1683
2339,0,0
3317,5905,6454
6322,0,0
3092,3665,5034
8801,0,1375
0,0,2122
7192,0,0
0,0,5727
656,0,8101
0,6664,0
0,9003,0
5565,0,1147
0,8642,968
2944,1734,4634
7979,0,0
9354,1228,6553
0,8420,6680
0,6250,817
7901,0,0
6003,0,6274
4001,1332,5277
0,6898,7598
390,8919,0
1359,1863,0
5993,0,8512
9656,9198,0
6209,675,0
2890,0,0
3707,751,1319
3317,6754,0
9592,0,5930
0,0,2828
0,390,0
0,0,3611
6685,0,3455
5198,0,0
4939,3609,0
3100,0,0
7512,207,0
8831,3525,0
0,3117,4440
9359,0,4439
0,456,4830
3936,9166,6580
0,5852,4324
0,1050,1724
0,0,5333
6984,9091,1833
0,6603,2041
92,5435,5566
3776,8865,8684
8216,0,6672
0,0,7128
7487,4349,6294
4067,0,2146
0,2900,0
115,0,0
5449,3541,8278
7283,0,4882
9324,6797,0
0,573,9184
0,0,7409
247,1447,0
7375,8934,2172
0,3002,4069
5816,1393,0
9013,1509,0
8201,0,0
6480,4241,3771
1363,3566,568
0,0,1142
0,0,9933
0,2280,0
6098,0,315
8270,0,3317
2340,0,4711
9310,0,0
0,6358,3178
0,2838,7420
3675,0,0
4243,5884,0
0,6750,1477
5319,5025,0
0,0,3412
7016,0,0
334,1734,0
0,1045,4038
1265,3882,0
4444,3785,3234
0,7461,7437
2852,0,3321
2297,7091,71
3774,0,0
7531,9112,0
944,0,5614
7683,0,7349
3564,0,8395
7602,2774,0
7999,7219,6063
1234,9085,0
8671,0,0
1992,4234,2321
0,8009,4732
7160,0,3844
3381,0,0
8996,4168,6436
6346,7733,7945
4741,0,720
0,0,7939
3082,4569,0
6606,3241,8962
0,5233,3197
0,7297,1206
8889,0,0
0,7839,3232
2708,0,7400
9144,0,0
7090,7923,0
0,4942,0
0,8024,0
0,4631,0
1737,0,0
0,624,4148
6140,0,8606
2888,2249,6446
0,4957,3282
0,0,6465
0,1192,4388
9125,9003,9331
2931,0,7355
1307,7528,1987
0,9265,0
9774,4200,0
3922,0,0
0,0,843
8975,9349,0
2258,2870,9902
0,1525,0
3112,0,98
0,3583,4851
0,0,2380
1787,0,1645
241,7589,5846
9320,1512,0
7914,4041,9416
8757,3017,8766
0,5276,1636
0,0,3162
0,7112,3814
5654,0,0
0,9356,2288
0,1143,0
0,0,7692
0,706,0
0,0,3246
5981,0,6264
4747,0,1541
6384,0,5541
9547,0,2654
0,7607,2211
759,8112,1567
3047,998,0
3150,0,0
0,5908,4803
0,2473,0
0,0,802
0,0,2739
0,9587,9136
6641,9134,1089
9296,2496,8696
1507,3256,0
3075,6304,7808
0,0,3339
0,0,9247
0,0,1721
0,0,176
8914,0,3378
0,0,2966
790,941,2100
1880,237,4597
0,1745,7853
0,4820,0
5195,607,3612
0,491,3910
7782,0,4256
9503,0,7896
9679,0,0
0,3857,0
0,4647,6337
8125,6527,6574
2723,7104,8319
0,4491,3140
0,9686,3747
8347,8221,4238
0,6003,0
6514,0,2706
4410,0,4910
5506,0,0
902,0,0
7239,2395,0
3814,0,7047
2134,5696,0
0,431,1225
0,8779,0
3261,0,5449
0,7551,955
5384,1962,0
295,7469,4386
0,8371,8656
2477,5611,1051
2420,9426,6170
9467,1561,1867
1006,6836,0
2231,5858,1077
0,9119,2115
7126,1797,0
8082,7182,0
0,0,9098
8611,6540,7469
0,9017,0
0,0,2507
0,0,4068
0,0,904
8655,0,0
0,0,5883
0,2947,0
1515,0,4863
3144,5254,0
2242,0,8880
0,1132,7898
0,9451,9336
5300,3942,242
0,299,2154
274,8955,0
0,8688,0
2920,0,0
601,2052,6096
5464,0,1350
7805,0,5216
0,0,6348
0,9944,5800
0,0,9742
0,4614,42
6318,4888,8997
2616,0,7686
4735,4847,0
0,5448,276
0,0,5473
7249,8718,2912
2465,0,0
8814,0,7
4614,3909,5252
0,8073,0
0,4391,4756
0,0,6682
0,1742,1530
9306,1545,6979
9583,7444,0
5056,0,6611
0,0,2016
8031,5973,2005
8039,588,5914
3291,4946,3987
0,9345,0
7915,2743,5386
4598,3826,7129
6128,3133,8674
0,0,6118
1000,7772,0
0,0,7971
9627,3772,3945
1632,0,0
0,5103,9480
1535,0,0
0,6177,0
5300,776,5395
2430,0,8528
0,0,1245
7223,0,0
8035,8624,0
6007,0,8531
9953,9885,0
0,0,5445
0,8967,0
2793,0,9885
4362,0,661
0,0,7566
0,0,7579
9532,4941,8591
8550,0,7216
3309,0,0
1840,0,0
2182,0,2786
0,7392,1754
1336,185,0
1222,0,4819
0,4306,1432
0,0,9150
0,2126,4092
5622,676,7069
0,0,6054
0,5826,4991
0,8009,0
0,5637,0
8202,6974,5994
8839,8197,542
3658,0,4848
5091,9532,7442
0,0,9568
8334,2185,245
0,0,4231
1458,0,0
6450,0,8066
0,3442,3704
675,0,678
0,483,0
7212,0,8957
2060,0,0
9503,3477,5053
0,1811,0
0,0,2264
0,8674,5596
3605,0,0
0,0,6032
5376,0,0
6055,7336,0
0,4548,0
3888,0,1538
0,6112,0
7432,5184,6827
0,4501,0
6936,0,2717
2533,1655,0
0,3328,7833
1156,0,0
8834,4760,0
0,9691,385
0,3579,6995
0,5958,0
5853,3390,8292
2681,8062,0
6725,0,0
9443,7531,2500
7285,2655,0
5118,3812,4533
3618,2646,9293
9455,9642,8984
9841,8941,2564
0,9779,0
0,5633,0
0,8315,9975
0,5040,4974
0,4483,0
4375,1768,0
204,6887,0
4737,506,0
4031,9962,1263
0,9803,0
0,0,9985
4103,6584,0
6017,4821,3933
0,5852,0
0,7727,3457
3473,2103,0
8634,2308,2114
7609,7046,0
0,0,2583
0,4094,0
699,9675,9026
684,3779,5610
0,9796,0
0,0,6284
9211,6756,0
0,229,6115
0,8864,8423
9,0,0
2629,0,6547
5213,0,0
0,6896,317
0,0,4096
2237,3883,3892
0,4120,0
0,0,6438
2965,6000,6668
0,0,5532
0,3904,2006
2975,6534,7710
0,1747,3907
165,0,0
482,5973,0
4579,0,2268
0,880,0
8154,9833,9721
4592,2799,5721
0,0,9617
0,9385,0
8800,2361,0
6510,1884,1804
417,2049,0
1221,2531,7125
9606,7110,5336
1875,5582,6216
8265,0,0
7986,0,8849
0,9590,730
3325,6384,0
0,5184,0
6904,0,4361
0,2112,0
9860,0,8942
0,2941,0
2321,0,1636
0,3081,5373
0,0,3703
3438,0,0
4169,0,9679
0,0,4863
6763,1853,6558
1125,562,8671
7536,422,0
6479,7407,0
2533,0,0
4169,0,0
0,2856,3912
0,6295,8688
6541,0,6790
6220,4750,1740
0,0,3594
0,0,4156
6313,0,4578
8319,6654,0
3265,0,0
3028,3357,9984
0,2901,2840
9785,0,0
0,0,9601
5265,0,0
0,0,5865
600,0,8504
0,3951,8679
0,0,5334
0,5536,0
0,0,7880
3021,0,0
5862,4224,6930
4998,2699,9620
4599,0,0
8951,4970,8526
0,0,6164
3320,327,116
2000,0,0
7334,983,7924
0,0,6489
0,7041,928
0,2903,5152
7450,7902,7851
7071,0,0
0,1453,0
0,0,6357
294,0,0
0,1590,6346
2798,8924,0
0,0,1350
7211,520,0
8139,0,0
3292,8491,0
1143,0,0
6960,1166,3154
7747,0,9423
0,5591,9014
789,6002,604
7136,8800,0
0,9522,311
5816,0,832
0,4873,1872
5504,8165,0
0,9309,5926
6403,6269,7092
0,4017,2389
0,8122,7980
7996,8911,0
8600,6048,2782
8130,514,0
8442,0,0
0,540,0
1146,0,2077
1510,0,0
7436,7152,0
0,6710,1674
6919,5691,0
4899,0,0
8882,2288,4757
1665,419,5272
0,0,1604
3009,0,2145
6921,9282,8190
8999,0,8939
386,8229,0
0,0,2802
0,9677,8493
0,4577,0
8224,3460,0
2981,0,4889
8253,0,0
9858,2104,1887
2003,0,0
193,0,1962
0,0,191
5225,6455,2950
0,6174,2628
6521,5690,0
0,3914,666
3173,6895,0
8063,5149,4887
1814,5007,6991
0,0,6017
0,7204,4042
6834,6337,2454
7026,1563,0
0,9590,5085
0,6111,775
0,4815,0
0,7988,1585
6268,0,0
1155,7867,0
8147,0,8754
0,0,5959
0,0,2296
0,301,0
9574,278,0
4659,2883,0
5434,2694,4377
124,0,2366
0,0,8418
8446,0,0
0,0,7855
8944,2909,0
0,1118,7571
7199,0,0
1060,0,0
0,0,1035
4073,1450,0
0,1574,6902
817,3285,6343
0,1731,6940
0,0,5684
3377,0,0
7673,5768,0
0,2968,1494
3118,0,2850
1270,8539,0
0,0,315
0,0,1890
2937,0,0
0,1117,6907
6221,0,0
1905,16,0
0,0,5462
213,2935,8430
0,6054,0
0,7324,0
3424,9630,0
3740,0,0
0,8603,6555
0,7885,0
7714,0,0
6543,0,0
0,6513,0
0,6726,4954
0,8434,1009
2589,0,0
3587,0,0
0,159,3629
1872,0,2233
0,6597,118
6100,4312,4225
412,856,237
4741,0,6750
6760,8794,0
1715,8924,1912
0,1514,4906
1057,5101,1324
9021,0,0
0,4172,0
0,2600,0
5003,8701,8185
9229,0,9042
0,3855,6136
6217,615,4930
9695,2330,0
1607,0,0
6513,0,470
7838,5134,0
9323,7785,6943
6597,2670,0
470,0,8245
0,6903,7359
7698,6370,1214
0,2587,1829
0,2282,0
2619,0,9214
7988,404,0
8459,8243,0
0,7566,8246
8173,0,916
0,0,8590
0,3290,5494
3322,988,1864
4536,4822,0
0,0,6734
526,0,0
9741,4195,1029
0,0,9272
0,3884,6839
0,2058,0
0,9776,5638
0,5739,8928
8777,0,0
0,0,4740
5093,9964,0
1828,491,0
2454,232,0
0,5300,1385
0,0,5270
9596,0,7329
599,9298,0
6237,2581,2844
0,1359,0
0,0,5505
9824,0,0
8152,0,5961
0,1378,0
1418,4862,0
2804,0,0
8074,7215,6930
5404,0,6228
2509,0,0
0,9219,169
0,4304,0
2766,4128,9265
8237,2281,8189
4199,0,0
393,0,4430
1888,9192,2049
0,0,9264
0,2671,0
7371,0,1132
6181,0,352
6351,7797,4656
0,0,8785
7787,8801,0
0,3001,6036
0,3394,2425
9975,5283,1618
0,9496,0
0,0,1557
0,0,6739
9502,0,0
9854,545,5072
4511,9066,5636
3296,0,0
4363,2831,7439
399,0,0
2825,8352,6117
4443,0,0
3329,1668,0
0,38,0
1625,0,0
0,9395,9005
0,3906,8072
9610,7202,4926
0,0,7758
1488,1966,0
2323,4791,4488
0,9234,4866
0,2563,0
0,7450,0
4575,9076,6114
3036,7977,0
2041,0,9416
114,1560,0
5041,0,8185
2799,7098,151
8934,9421,4942
3423,7862,0
8289,0,0
0,2226,4190
1398,6802,3266
0,9838,1244
3022,0,0
0,1994,0
0,0,365
7242,0,0
7394,0,6885
0,2193,4747
0,482,0
0,5307,8891
7444,0,5693
711,0,5532
0,7240,7412
5150,9679,0
0,8736,0
270,5979,6278
0,3374,0
0,5710,7241
0,2224,0
0,0,3031
4923,0,9737
617,0,0
6149,5590,0
3562,740,876
0,646,0
9413,916,0
5691,0,8967
0,3270,4677
0,0,6901
0,0,2379
8737,0,5302
0,4208,0
2431,358,0
3629,0,5267
4505,0,5913
0,6303,6830
0,0,5481
0,2735,8751
3357,716,0
0,6421,0
2639,5159,0
7941,0,7857
0,6066,8216
0,9695,0
6673,4200,0
0,8319,5331
9417,8031,0
4899,0,0
3651,68,0
5039,327,7200
5097,2966,2359
8746,0,5993
6604,7787,0
4820,9192,0
6957,5866,0
0,0,4276
1316,7871,2308
8642,2770,0
8704,6422,9088
9483,1461,0
0,6559,0
0,0,3291
0,0,1078
7096,0,0
0,3687,0
4808,0,0
0,988,0
1393,0,0
0,0,1656
9502,7819,3118
8918,4502,9677
1301,0,4982
4592,0,0
5670,0,0
5942,4529,0
2079,0,0
0,8423,0
9134,0,7601
4368,231,5937
0,9733,0
9142,8652,8258
8819,0,1803
3802,4546,384
0,217,0
4316,0,0
0,8239,0
8607,4910,8352
0,4044,8170
4179,0,0
0,4436,8135
0,3578,6787
2132,2398,0
0,6200,0
4319,6894,0
381,1211,7664
0,2837,0
901,0,813
0,8023,4857
7424,2202,0
5826,0,0
0,6192,1285
749,0,3683
7491,2259,9883
8779,6579,0
284,6960,0
7948,7933,0
3851,8834,0
4665,0,0
9523,5512,0
2793,0,0
499,5300,1010
1785,6050,9334
0,0,1594
0,0,8174
2131,0,5135
121,0,0
0,0,1902
3223,9070,0
3520,8593,5503
6020,1386,0
839,1886,0
1849,0,8192
1184,0,0
2779,4493,4055
953,6624,6660
6088,6746,7213
0,7695,0
0,919,689
0,0,9283
6553,0,0
0,1299,2557
5538,0,6228
0,4334,5369
5465,0,0
0,8067,6487
6181,4156,0
0,3313,0
0,4373,0
0,5424,6287
4988,0,6748
5659,0,8047
0,912,1196
4445,4643,5530
9814,109,0
0,9630,0
6164,5812,4868
9397,0,8181
326,0,0
2174,0,0
8462,4916,0
5210,575,5331
0,8791,6243
4454,0,887
0,3051,996
0,0,627
0,0,6440
8209,8290,5648
6391,8617,9872
8946,792,9800
6925,0,4717
0,4466,0
0,7724,0
8458,2179,0
0,2164,0
343,4794,0
0,8135,0
7411,6344,286
0,0,8903
2932,0,0
0,8607,0
7449,0,3417
0,7706,1141
0,6165,3320
0,0,5485
0,5854,0
7625,6825,0
9621,4236,0
