5000 3
4744,0,7120
0,140,0
7130,0,0
6558,0,0
2574,0,0
0,5860,0
0,6718,4308
6501,0,1836
6004,4064,0
228,1265,0
6050,0,0
0,816,0
8442,7946,4194
0,4505,0
0,7079,0
2039,0,0
7559,0,8155
0,5437,8395
0,0,2460
0,0,3725
3329,7720,0
0,0,551
0,0,8498
0,0,3003
0,3221,83
3837,0,0
0,2820,0
3431,0,7600
0,8394,0
4286,0,0
0,4777,0
7747,0,0
8299,765,0
6797,7889,0
0,0,6295
9884,0,0
0,5262,4377
5275,0,0
0,519,0
1918,0,0
2631,0,0
0,564,1523
392,8863,0
0,0,177
0,0,6327
8422,5346,0
0,0,1576
4356,0,0
0,6610,788
882,0,0
9791,1160,8411
0,2226,0
0,0,7839
7289,1671,3500
0,3798,8962
3794,0,4309
0,2199,2768
1684,0,6502
0,0,3113
0,0,1642
0,0,2803
0,0,5030
5725,9129,0
0,6418,0
0,0,3119
0,7679,0
0,0,7539
0,0,4094
9609,0,0
0,0,4932
0,2507,5584
0,9256,9713
0,0,8842
9848,0,0
9169,5612,0
2288,1641,0
0,1979,4612
5167,5086,0
0,4695,0
0,7418,0
0,1783,2189
0,0,1445
0,0,6427
0,999,4974
0,168,587
6812,0,2229
3638,85,4209
8251,0,0
2336,0,3991
7848,0,0
7530,0,3193
0,0,2146
1165,3530,0
7593,5936,0
0,3603,4466
0,416,0
0,4054,7009
0,2305,2263
0,4641,0
0,2490,0
0,20,0
7484,9740,709
9630,0,4240
2927,0,0
0,1067,0
0,4222,4195
8614,0,0
0,0,555
0,8092,0
0,973,0
9293,0,7707
0,2748,0
0,2379,0
4986,5307,0
5162,0,0
8942,4223,0
3138,0,0
0,8462,0
0,6350,0
0,0,18
4827,0,5283
2534,0,0
9982,1092,411
8335,0,0
5187,1241,8251
0,183,0
5249,0,0
0,0,3775
7952,0,126
6997,0,0
0,0,1452
0,1155,0
0,0,2890
743,0,8969
0,0,210
0,7769,0
0,0,3716
2500,18,0
0,7971,0
0,4968,8874
7545,0,7495
0,0,8651
795,0,9789
3686,5360,9263
2655,1822,3925
2866,6535,1695
0,0,4713
6976,0,4732
5403,0,0
0,0,7672
0,6448,0
0,5446,0
5505,6242,0
0,0,3921
0,2583,0
0,5449,2279
0,8710,6003
4894,0,0
9626,1090,0
0,1574,0
0,933,0
9660,0,0
3604,0,1769
2164,8589,1697
6086,3149,4281
0,1634,9730
4110,1815,8441
113,0,4128
2341,0,0
0,8667,0
701,0,0
782,8330,5514
0,1935,8808
8078,0,0
9775,186,0
0,2016,2181
0,6126,0
0,6239,0
6356,8581,0
0,5650,5709
8369,0,4379
0,7133,0
1611,0,4645
419,0,0
0,1297,0
8363,5354,0
0,9141,0
4541,1370,3315
0,7727,0
2290,9303,0
8000,0,0
0,3768,0
0,5379,0
9736,5799,5996
0,3616,0
7414,0,0
8363,0,0
5438,0,0
0,0,887
649,0,0
8195,0,7863
0,4986,1632
0,0,7012
0,9813,0
3597,0,6428
0,5710,8409
3539,0,0
5328,0,0
8489,0,317
9377,8914,4922
0,0,7528
0,9204,0
9064,2330,0
6077,0,0
0,3529,701
0,0,6412
3727,7960,486
0,3289,0
2664,0,0
2981,1156,7178
0,724,0
5432,8157,3492
0,7222,5823
538,0,5755
0,2189,9285
3645,0,0
58,0,0
0,5896,0
543,0,6735
0,0,7892
5985,9446,8617
0,4878,6774
0,0,3996
9590,0,0
5345,0,9485
4631,0,6992
0,12,0
0,556,0
0,0,2685
0,0,4228
9590,0,3674
8207,0,0
4982,0,0
0,9521,4743
6275,0,1051
0,0,1005
2752,0,0
0,0,1574
5103,0,2674
0,4502,0
2017,4092,0
5691,2300,0
4245,7282,0
0,0,4092
368,0,0
1420,0,0
2425,1049,0
3443,0,4137
0,7133,0
7691,4922,0
0,0,5536
0,2631,7836
0,6877,0
7953,2502,1381
2045,0,0
1005,4291,0
9463,0,3265
5759,0,5295
0,0,2428
0,2869,0
8280,0,0
3817,1887,6922
1654,0,0
6773,0,0
8155,5269,9173
0,0,3465
4289,0,0
7554,1497,344
0,0,5522
0,8231,0
2629,0,0
6920,329,3421
3842,0,0
0,0,1916
0,0,7185
0,0,3460
6584,0,0
0,0,696
0,0,2090
2635,8957,0
1028,0,6833
0,0,7162
0,0,9146
0,9991,0
6593,0,0
3779,7055,3801
0,0,7075
0,408,0
0,0,1584
9225,0,541
0,1185,2127
6381,0,0
0,9732,2983
0,4409,0
0,1003,0
0,4782,0
0,0,7608
0,8460,0
0,5595,5538
5775,4821,0
6317,4369,0
0,0,628
9079,0,361
2063,6985,0
0,0,5774
1951,2989,0
5920,0,0
3528,8486,0
0,2678,0
7083,8454,0
2778,0,0
0,0,6577
0,0,872
0,0,7858
5421,9397,0
0,1349,0
1752,0,627
4330,798,0
0,0,1791
2003,9426,246
3460,2205,5017
0,1864,8233
5864,0,529
0,2802,4888
0,8223,0
33,0,0
8460,0,2905
0,5502,3703
0,0,6046
0,2875,0
239,0,0
5256,0,0
3490,1487,0
0,0,4500
0,0,2723
0,2852,0
0,1312,3314
1734,399,0
0,0,9688
1484,8593,0
6958,8832,0
0,4089,0
4182,7580,0
0,1600,0
379,0,7053
3103,0,0
5246,2531,0
0,4266,0
0,9704,217
0,0,8811
0,8147,0
0,2785,0
0,6967,0
9061,2846,913
0,3226,0
0,0,5124
253,0,7655
1471,0,1922
0,7515,0
3306,4582,0
2118,4212,962
0,2741,0
1495,0,0
809,0,0
1723,8150,0
0,0,3117
8269,0,4694
5925,224,0
0,3313,0
9473,0,0
0,0,1141
0,8501,3883
6999,0,0
7714,806,0
1276,0,0
8064,0,1181
0,0,9935
0,0,159
0,7717,3473
0,7191,0
9985,9480,0
0,2731,7333
5010,0,7331
4687,7445,0
0,8722,0
1902,6786,6343
3083,0,288
0,3845,0
3178,0,7876
6652,0,5067
0,0,4547
5578,8722,0
0,3733,0
244,0,0
0,7640,0
0,9542,0
0,0,7933
5682,0,0
5841,0,6333
0,5476,0
8784,0,1538
3332,0,260
0,714,3993
0,958,2414
0,9340,0
0,8391,9597
0,3784,2223
3153,0,0
0,5308,0
1266,0,2170
5209,0,0
0,1143,0
7007,0,2909
1001,0,0
3416,0,0
3471,6708,0
0,0,5384
5292,0,0
0,14,160
9854,0,0
0,6490,0
0,0,8140
8612,245,9895
1521,1246,9271
0,0,724
8599,0,0
199,0,0
0,6494,4443
0,9656,0
0,9511,5738
0,1535,0
6781,7953,0
0,6565,5711
4817,0,0
0,3477,0
4812,0,9755
2246,0,958
0,7859,7453
0,8295,0
0,0,6620
6247,0,0
0,5457,0
0,379,0
0,0,762
0,0,4240
8233,0,0
0,0,8591
0,7951,6451
0,0,4747
3509,4512,3639
129,0,0
0,0,7773
0,3179,0
7070,2833,0
0,9445,0
0,7679,0
0,5667,0
6981,0,1029
3432,1014,5032
8179,4523,9545
1819,0,0
0,2938,0
1909,7333,2721
62,0,0
3413,0,0
0,4309,0
0,0,8347
5861,0,2961
6890,0,0
1923,0,8500
1468,0,0
0,0,6091
0,9155,0
0,9218,7829
0,2631,0
0,8680,0
7272,0,7073
5619,7324,0
0,0,9865
2557,0,0
0,0,4268
4210,0,0
302,698,669
0,4736,9888
0,4328,0
1622,0,1200
0,6192,0
0,1812,0
9825,393,4205
0,2951,344
848,0,7953
5116,0,0
0,8522,0
0,2250,2771
0,3807,0
0,0,6020
909,1428,0
0,4500,0
3564,0,0
0,4016,0
8114,4865,0
6067,9982,9600
3404,6613,8122
1439,0,0
4210,1104,4181
0,813,0
7331,0,1040
0,5298,5540
3570,8862,9866
7990,6631,0
0,4746,0
6741,0,0
6341,0,0
4464,5657,9259
4838,0,363
0,1178,0
8631,0,0
0,8054,0
0,0,7061
5079,9615,3693
0,4976,0
0,0,9253
6442,0,0
0,2524,9129
1046,0,0
0,0,176
0,5013,0
5488,0,6741
3687,0,0
749,0,0
4442,0,0
0,0,4677
2135,0,2737
5607,0,0
0,928,0
0,0,9008
0,0,4022
2597,413,0
0,0,8606
0,0,3584
5686,0,0
0,0,9177
3323,0,7272
0,0,7155
0,0,8083
3949,0,0
0,0,5346
0,4896,0
5687,0,0
4293,0,0
0,0,4003
5402,0,0
4580,0,0
1853,0,406
0,6979,5060
7092,928,3448
0,0,5747
2859,866,643
0,6553,0
0,847,6817
3189,8725,4443
7193,4128,715
0,8708,310
3859,562,0
0,0,2946
0,6663,0
2774,0,0
0,7036,8627
9165,0,0
0,0,6028
860,0,0
0,4518,0
0,7889,0
0,1748,0
2297,0,7724
0,0,4387
0,8114,8564
6880,6636,0
0,5801,1257
688,0,5392
6717,0,2718
1471,6010,7236
0,0,5126
7943,0,6875
6096,0,2889
0,0,8229
0,5019,0
0,1900,0
0,7407,8782
3632,0,0
0,4814,9332
0,6285,0
8979,6638,0
4105,4582,5733
981,0,0
3870,0,0
2100,0,0
8445,0,9213
1425,0,6620
0,5490,4717
8834,0,9531
0,6258,0
0,5237,2455
0,9343,0
6617,324,0
3009,0,2217
0,0,4927
2615,4741,0
0,6166,6268
0,6374,1759
0,0,6274
0,0,2532
0,0,7769
0,0,7113
0,0,7437
5727,7399,1633
7945,2702,0
0,5318,0
0,0,8837
0,5596,0
5310,8763,0
0,1462,0
0,0,685
0,951,0
9000,0,2846
0,0,245
0,2633,0
0,0,8266
8671,0,0
7508,6340,1009
2720,0,0
3142,3236,1236
6940,7354,0
0,0,2167
0,0,1128
0,4681,5816
9175,0,0
0,0,3956
0,0,6745
5802,4934,0
6812,7654,4737
6586,0,0
0,0,5328
0,5363,4570
1206,0,2813
0,376,0
8151,0,0
0,1675,0
0,2065,6425
7304,0,0
390,0,9014
5128,0,0
0,9091,7549
0,8130,2912
3002,9337,4359
0,1672,4735
3310,0,0
3557,6426,5962
0,6985,0
0,4289,5895
0,4680,576
0,9809,0
0,2912,0
6720,0,0
0,0,8403
0,0,76
8726,0,9899
3013,7031,6326
0,0,3311
0,8574,0
2899,0,2281
3476,0,2090
5321,7447,0
0,0,6347
0,3800,0
0,0,859
0,6519,0
0,0,1365
0,8509,956
0,5512,0
0,8412,0
0,0,6725
0,7209,4172
0,3466,0
0,8790,0
0,2518,0
0,6321,0
2554,25,5984
0,54,4493
4876,0,0
0,0,8418
2855,7561,307
9580,0,7517
0,3194,0
0,9860,0
4234,0,0
0,5443,8614
619,0,8639
6603,1918,8694
1097,0,2090
0,0,6428
0,0,3990
0,0,6866
7347,0,0
0,9485,0
8106,3720,0
399,7888,2587
0,8507,0
7654,0,0
0,0,9298
0,7313,0
0,6836,4556
0,6666,0
5723,0,0
5784,0,0
5706,453,8792
0,853,6680
0,0,5188
6022,7521,0
0,0,6508
0,2309,0
0,0,657
0,6033,7324
0,0,1338
6660,7542,3684
0,0,4138
0,6099,0
7205,0,4859
0,7558,0
2693,0,6251
0,3908,8560
0,0,5736
0,0,1770
0,6185,0
2344,0,0
0,4579,4318
167,5104,417
0,0,1953
18,0,0
2398,0,5597
0,0,9505
0,0,1736
2946,3305,0
0,0,3033
8244,0,5880
9313,0,0
0,2851,0
4049,0,7875
6002,0,0
0,0,9978
1112,9077,6578
0,0,6202
0,0,9508
0,3951,0
2235,0,473
0,0,3157
8575,5141,0
0,9190,4019
2014,0,0
4594,0,0
0,1820,0
1151,0,0
0,4791,7074
0,3993,0
0,6228,3221
0,4343,0
4312,0,9871
0,7058,0
4341,0,0
0,3667,0
0,8240,0
0,0,9220
0,6745,0
5333,3607,8005
6359,0,0
0,0,8578
0,0,1497
0,0,8555
3243,0,7629
7498,0,1296
0,9675,0
9243,93,0
0,8351,5673
2477,3685,0
483,0,0
0,9624,0
3296,3935,0
4793,0,0
0,0,3265
0,0,4074
0,0,3749
0,0,3843
741,0,0
0,0,5880
0,1989,0
9265,0,0
8277,0,0
7045,4797,7601
0,0,8963
9155,9125,0
0,1401,0
0,3213,9706
823,3955,8735
3018,370,0
0,0,2231
0,5332,0
0,3610,0
9857,655,0
0,6546,1887
0,0,1012
0,0,2413
3387,0,5627
3093,6736,0
0,0,9953
2069,0,6020
0,3477,0
0,3850,4964
0,3707,5619
5923,0,2165
0,7589,7867
0,1834,6800
1237,0,0
6864,8315,0
0,143,9204
6401,0,0
0,6515,1335
0,0,5186
8739,1938,0
4359,0,0
0,0,7651
4392,0,0
0,5732,0
3906,0,0
0,9044,0
0,0,5380
0,0,1895
1755,1644,1650
6941,0,0
0,4743,0
5897,1269,7122
0,0,1618
3033,0,7351
7740,0,0
0,4117,8993
3929,0,0
0,7097,2308
0,0,3952
2855,0,0
6444,0,0
7895,7527,349
5018,0,6011
0,0,2866
0,1849,0
3936,0,7746
0,0,4425
7369,5853,0
9677,0,0
0,9914,6171
0,6359,0
0,0,5329
7396,0,6405
0,5909,0
6275,0,2364
9903,0,4977
7650,6763,0
0,4132,0
0,3809,0
3976,0,4347
0,0,706
0,2452,4961
3278,0,4234
0,3257,144
198,9532,0
2562,0,0
7539,7086,0
0,9162,4770
0,2762,8579
867,0,0
5214,6885,1423
0,0,3876
882,0,3725
0,0,6982
0,0,6515
0,558,0
0,8098,0
0,0,2201
4585,3592,4963
0,0,1701
9183,0,8587
607,5595,0
4484,6477,0
8209,0,0
0,6854,0
0,0,7890
0,0,5989
0,1150,3147
0,5736,0
7862,8901,1200
0,8085,0
8151,0,0
1574,3177,2947
0,0,4542
2447,0,1396
0,0,3554
0,0,4888
0,6641,6038
6807,9540,0
0,7402,676
0,6966,0
5624,5118,0
2094,0,0
0,9805,0
9584,0,8597
0,2033,0
0,0,2828
9424,3364,0
5463,172,9011
0,0,6413
7914,0,0
0,4095,0
4131,0,0
4764,0,0
0,818,0
5381,0,0
2265,0,0
5094,0,0
0,1223,0
3576,0,6244
9990,6377,4714
3370,0,0
0,7185,5000
7059,1950,0
2056,8733,0
9305,4115,8851
8587,0,0
7574,1475,947
9925,6040,0
2448,9616,0
0,9607,0
0,2977,0
2216,4846,7251
7217,0,0
0,3962,0
501,0,2050
9352,0,8431
4539,0,0
0,9355,0
7658,0,0
0,496,0
5303,3903,0
0,0,2995
2620,3336,4901
0,0,8864
9756,0,0
0,6641,0
0,0,3419
144,0,2774
0,4326,0
1655,0,5074
0,7923,0
0,0,5097
7971,0,0
2873,7733,5221
1737,7490,2510
0,0,9152
0,9535,333
1277,0,0
0,5772,0
8630,0,3947
0,4255,0
0,9231,0
0,0,1074
0,76,0
0,1813,6298
0,5683,5595
3100,0,5131
3433,4818,0
0,0,584
0,7501,0
5710,0,2268
0,3889,1500
0,0,8703
0,7886,0
2627,9324,0
0,0,6276
0,6372,0
0,0,4636
0,241,3507
5048,2004,0
0,7715,0
5330,5297,0
6831,8041,7775
5535,0,0
4314,4487,4985
0,3413,8257
1184,7934,0
1002,0,0
0,2051,4679
9146,7099,0
155,0,0
2370,5492,0
0,2323,0
6249,0,0
0,2173,0
6896,7081,0
0,0,5435
0,9269,0
0,4909,0
8902,0,2173
0,4211,0
0,6581,7827
9683,0,151
0,0,8010
7022,0,184
0,114,7266
0,0,5532
4047,0,0
7070,0,0
0,8180,3767
4317,0,0
0,3753,0
4480,0,0
0,859,0
2642,0,0
0,8993,4255
0,7604,9524
5625,1652,4578
0,0,3856
140,0,2036
3908,5183,0
0,1836,0
6448,0,0
6066,0,0
0,3590,1735
1131,0,728
0,6509,8332
4911,0,9985
0,2563,8708
3346,0,9574
5383,0,4758
1186,8499,6594
742,4948,0
3735,0,0
0,8005,0
0,9137,0
51,0,377
0,0,2513
8369,0,5077
0,0,7781
6652,0,0
0,0,2892
0,0,7841
0,0,8855
4777,0,0
0,231,0
6094,282,522
6472,8666,9959
0,0,8885
4062,0,0
1843,0,8815
6236,0,7658
0,184,0
6970,0,564
5826,5879,0
0,8106,0
8686,0,1987
0,673,0
9168,0,0
0,0,1803
0,0,2569
0,1801,0
0,931,0
0,7901,0
3494,3727,0
0,6415,0
0,0,4220
8659,0,0
9312,0,0
7002,0,0
0,745,3839
1375,0,0
0,4460,6572
0,0,4474
0,885,0
0,0,4617
9020,0,9719
0,1183,0
8135,0,0
2688,0,9041
963,0,0
0,7680,8561
0,3803,0
7017,4858,0
0,0,1298
0,0,7151
4311,0,0
0,0,860
0,1346,0
0,4034,0
0,4997,0
4399,9801,0
2960,245,6644
5982,0,0
0,0,3450
0,8448,0
0,0,4369
0,6791,0
5384,0,8925
0,422,2960
5598,0,0
0,9433,0
3600,0,8005
0,8377,5268
0,0,4023
0,2468,0
0,7315,0
0,1839,0
1547,0,6875
473,0,0
3433,0,2332
1392,0,1765
9151,0,0
0,4169,0
2425,0,0
0,1116,0
0,0,7094
4153,0,8933
0,6229,0
0,0,123
0,135,0
2683,0,11
0,680,3936
0,0,8105
0,0,4023
0,6712,0
8235,5633,5854
5329,9786,0
4263,5962,6765
420,0,3467
0,9366,0
232,0,0
0,6498,0
4180,0,0
2286,0,3912
0,4710,0
0,2946,0
0,8276,0
0,2539,0
0,0,1022
0,3504,0
1676,0,0
0,0,8937
2620,0,0
0,0,299
182,0,5010
806,0,0
0,0,6233
3108,0,8773
0,0,1733
0,6032,0
0,7709,0
0,4518,0
0,7138,1119
0,3408,1567
0,0,8326
7257,0,0
0,0,2047
1448,0,5400
221,0,0
0,5821,0
7193,0,7103
0,1312,0
0,9214,8760
245,0,2168
0,0,5759
0,0,156
6673,5881,1617
8720,0,0
0,7550,5870
7482,0,0
6875,0,0
0,0,5352
5599,0,0
4360,0,0
0,0,9139
0,0,9806
2444,864,5688
4062,9584,3018
0,0,568
0,1188,0
0,8064,0
1852,0,9642
0,0,1636
1772,0,0
7502,0,7927
6641,0,0
6448,0,0
2136,7326,2567
0,7575,6274
0,3695,7463
0,0,5527
2572,0,7569
2214,563,5212
0,2336,7215
0,9838,5747
0,6480,6567
7773,0,9832
756,0,7159
0,0,4734
0,5943,0
0,1741,0
2589,4313,0
0,6528,0
5371,378,0
0,0,6035
0,3760,0
0,1533,0
0,2289,0
1892,5613,0
0,0,6673
0,0,8415
4993,4863,0
8289,5022,9257
2149,0,0
8345,2980,0
0,1314,0
6896,0,0
2340,0,0
0,2842,938
0,9469,0
255,4527,0
0,9521,3287
1399,0,8310
657,9959,0
0,0,1684
8036,0,0
0,0,9214
2574,1922,163
7899,0,0
0,8354,2476
0,8609,7003
0,0,6524
6701,8680,4335
0,0,4295
3715,0,0
5399,0,0
8398,7206,4867
7612,0,6790
7776,0,0
0,6517,0
3259,0,8529
0,0,5809
6787,0,4489
1122,0,0
0,347,0
8018,5746,0
0,4144,0
0,1757,0
4962,0,0
6526,0,0
6446,0,3815
0,3837,0
0,625,0
0,1747,0
9101,0,7335
2560,0,3081
0,8488,0
2021,6660,8983
0,1623,8516
0,0,8832
8237,4596,0
0,9571,6246
788,0,0
0,0,8618
8132,0,0
0,0,968
0,0,9456
0,3001,6116
4758,3136,7739
0,0,5890
0,7300,486
4516,0,0
762,142,0
0,1287,6043
0,0,775
0,4886,0
3005,0,9049
2461,9211,0
8578,0,5187
0,7246,4250
2208,0,0
0,0,906
2752,4634,0
0,2268,2336
0,8521,0
0,558,0
0,0,78
7104,6025,0
0,4603,0
0,921,0
8593,0,0
0,5824,0
1051,8577,0
2100,1743,636
0,954,0
0,0,9716
0,8995,0
0,6099,0
2203,0,0
5463,9597,0
0,8190,7959
5832,0,0
9566,0,2360
0,1486,0
8570,5922,0
7728,0,0
0,4948,0
0,7861,0
29,64,0
3938,0,5944
8767,0,0
6727,0,0
0,6898,0
0,4833,0
6976,0,9267
2034,1132,1382
8033,0,0
0,0,4192
0,9330,4256
468,0,0
0,2036,0
0,0,8616
0,9274,5515
4877,0,348
0,0,3752
7490,0,0
0,9189,3461
5204,0,0
0,0,2092
0,0,5361
0,3219,0
4723,0,0
0,0,5435
0,1665,0
9204,0,6702
2956,0,0
0,0,7048
0,1455,0
0,0,5604
0,0,2410
1518,7944,0
8916,0,9397
5078,0,0
513,0,7851
8094,4067,7739
0,7024,0
2656,0,1369
9705,6167,2825
8971,0,0
0,0,8184
6985,7908,0
2615,0,0
2013,0,0
0,2416,9667
0,511,0
3789,5308,0
8907,0,0
276,0,0
3102,6642,0
0,1217,0
0,8203,0
0,0,3146
0,2832,5049
4693,1032,0
4361,0,7977
8096,872,0
0,9779,0
4479,0,0
0,3158,0
8294,0,6781
0,4902,4984
0,5995,0
6176,0,0
0,578,0
8693,4939,6751
0,3035,7623
0,1890,0
0,6370,0
0,2641,617
0,935,555
2473,7643,0
7458,0,0
3261,6850,0
1898,8076,0
1567,6769,0
8318,3440,0
0,3396,0
0,4604,0
805,0,0
0,426,0
1978,0,5372
0,358,6046
0,3620,0
0,5519,973
4142,0,0
0,5405,0
0,1347,4580
669,4693,9184
4821,0,0
0,6921,4345
9342,0,0
0,6335,7604
761,5225,0
3658,0,0
0,5593,0
2374,2590,9235
0,0,583
0,6148,0
0,969,0
0,0,7696
5586,0,0
2831,0,0
0,7403,0
1661,0,9608
8405,5693,5201
2236,0,0
1471,1625,3271
0,9762,0
0,0,389
8106,0,0
0,3911,4899
2397,6742,1541
5329,0,0
0,8840,0
0,7246,0
0,9482,0
0,954,0
9360,3008,0
8779,0,0
0,8446,0
2141,0,4477
0,6646,0
0,0,8399
0,5462,0
0,0,4486
0,0,3968
7005,0,0
0,2300,0
0,0,8272
9798,0,6718
0,0,967
0,0,7614
0,8013,0
4462,0,0
1703,0,0
0,6310,0
158,0,0
5081,0,0
3013,0,6783
0,0,7032
8004,0,9423
8971,8277,0
0,0,6869
0,0,2409
0,0,5484
4837,0,1795
0,0,5111
0,1937,0
4401,4950,0
1184,6236,0
8217,4240,604
7641,0,0
0,9798,3222
3365,0,2025
0,0,2532
0,2040,9229
0,0,6084
8167,6038,8022
8994,439,2973
3093,0,0
0,0,3450
0,0,6662
9748,3979,0
0,0,2435
0,0,9638
0,4381,0
6759,7437,0
2843,5605,5056
0,0,5495
3839,0,7119
0,7955,0
0,8822,0
0,8571,0
9622,0,0
0,0,8889
1697,0,3271
3376,0,0
2394,3672,6314
0,4538,0
0,0,8607
0,0,6563
7028,0,0
0,1087,0
9895,710,5500
5663,0,2040
0,0,6109
0,0,6938
8532,0,610
4847,0,0
0,635,3526
4368,0,4953
0,7729,2879
6318,9201,3967
276,9096,4678
5776,4760,0
7816,9313,0
3926,0,0
864,0,0
0,0,7683
6624,0,0
151,0,0
5105,1579,6750
0,7897,5952
0,8173,0
6630,0,0
4078,1767,0
5992,5694,0
0,6559,1930
5744,0,2448
0,4659,8726
1747,0,0
768,9916,953
7518,0,0
0,9852,0
8519,0,975
0,561,2742
0,6554,0
0,0,4995
0,0,3030
0,0,7689
6817,0,0
0,3993,0
7144,0,0
0,4982,0
0,0,6654
3996,0,0
0,0,3770
0,0,6074
172,0,4123
3202,0,0
892,0,8826
0,0,2820
0,6881,0
0,0,9313
6299,5898,0
0,9895,4645
0,0,3927
0,1811,6921
13,0,0
0,5186,0
9739,0,0
8565,9472,0
0,5283,2448
5717,1411,0
0,7710,0
0,0,1120
0,0,7755
6420,0,0
3342,0,0
0,8923,0
1187,0,2815
7018,0,0
2585,8614,0
5034,0,0
360,0,6693
0,7210,0
2706,0,0
461,0,0
0,9465,7748
1578,0,0
0,9553,0
1129,6571,0
0,0,1177
0,4191,0
0,4552,0
6665,0,2083
4023,8845,1786
2214,0,0
0,9335,0
2925,0,5741
0,9229,0
4933,0,0
0,3776,1024
0,4765,5215
4183,4736,9768
9055,0,5907
1138,5425,4752
2924,0,0
834,0,0
8209,5742,0
3951,0,3538
9246,274,0
1112,7771,7673
0,0,2438
7352,628,7175
0,9684,0
0,823,0
7780,0,0
0,0,4460
5234,0,0
9543,6743,5544
3082,0,0
6979,0,0
0,9239,0
7091,0,0
4266,0,0
0,6742,0
6849,0,0
0,6362,0
2953,0,0
3156,1140,9036
0,4222,0
4520,0,0
0,5854,0
0,0,7960
8809,7212,0
0,57,0
0,6906,0
0,5399,9300
4748,0,0
0,0,2038
0,210,0
1105,0,0
0,0,3317
4602,0,0
0,9796,0
4236,8954,3533
2653,9283,0
0,4530,0
4892,0,0
5790,6322,5701
7828,2401,0
4090,0,0
0,6740,0
4870,1343,0
1132,3905,0
4608,8142,3223
0,0,2506
0,0,7036
0,1280,0
8613,7071,2638
4314,0,0
227,0,8546
870,543,0
4354,0,0
0,0,536
0,0,8679
6318,0,0
0,7877,0
5861,0,0
0,0,4215
0,5226,9115
9855,0,8106
0,0,8649
0,679,0
0,0,608
0,2601,0
0,0,1059
9010,7745,0
0,0,1235
2018,5784,0
0,600,7374
5349,456,2828
3455,8858,9153
0,0,9832
0,0,9339
6775,3723,0
8539,0,0
0,2269,0
8535,0,2213
9771,0,0
0,5395,0
0,0,9055
0,4200,0
1276,6305,462
0,0,3329
447,9248,7052
2388,7787,311
0,7386,2580
1856,0,9724
0,5694,0
0,0,4282
0,6908,0
0,0,9228
0,0,5533
8100,0,8006
0,0,7254
8482,0,5042
0,0,2428
1374,9359,8351
0,3430,0
9985,0,0
4267,0,0
0,5891,7598
0,0,7905
0,1631,0
2062,0,0
9317,0,5438
0,0,2941
6788,0,2301
5140,0,0
9185,0,0
845,0,0
0,6356,0
0,4879,6820
4916,0,8451
0,0,1512
5424,316,3055
0,4676,0
3804,0,5103
0,6605,0
1837,0,0
3068,0,0
0,0,4126
3756,3059,0
0,7976,7941
0,0,8940
541,7638,9256
0,8501,0
0,2306,0
2094,0,0
0,249,7794
0,0,4430
0,0,478
2611,0,3538
1617,0,0
0,0,3729
0,7689,0
0,0,9869
0,8277,2175
7087,372,587
9091,380,0
0,1095,4153
1316,9580,0
1794,0,0
0,3809,3596
6847,0,743
577,0,8432
0,9625,0
0,0,7997
0,8403,0
4578,0,0
0,4380,0
0,5696,9427
7506,7491,0
0,0,5429
0,9672,0
0,249,0
5756,0,0
5476,4010,1607
3474,8001,10
0,2579,7504
0,7994,0
440,7563,0
0,5069,0
0,8053,7896
0,4634,0
0,0,7818
0,0,13
0,0,4023
0,6664,0
0,8508,0
0,0,2598
0,0,162
5261,0,5231
0,0,3285
0,7816,0
5799,0,9877
0,0,7591
0,0,782
7655,0,7446
0,3158,5955
4284,0,0
6883,0,0
7045,1896,0
0,2230,4914
5562,0,0
3482,0,6261
0,9879,0
951,3511,0
0,0,7626
0,848,0
0,0,9739
195,0,0
4798,9062,8270
0,1340,501
0,0,963
0,385,0
0,0,7103
0,4697,615
0,0,1783
9279,5612,0
64,0,7764
0,944,0
0,5742,0
0,0,184
0,8282,0
5913,0,0
3137,0,0
0,0,5916
856,0,0
2640,0,7960
5271,7349,8709
3036,0,0
2818,0,5395
1663,7780,0
1847,2731,0
8935,0,0
0,0,433
0,0,6785
3542,2881,4790
5890,0,0
0,792,9424
0,3829,0
2212,6647,0
0,8310,7689
7558,158,0
0,9094,0
0,5502,0
9199,0,2871
0,0,5752
776,0,1273
0,0,2066
0,8973,0
8853,1186,0
0,0,854
6451,6353,1013
6871,0,107
5936,0,0
0,111,0
9655,0,0
0,6873,0
0,9725,4388
0,0,3362
0,854,0
7187,0,0
0,6069,0
9055,0,0
0,0,2752
0,0,2863
3512,0,0
0,0,5834
6899,0,0
1288,6156,0
0,0,8415
9199,0,0
0,6030,4102
2239,5085,7043
4080,0,0
0,0,1583
9697,2534,6900
0,0,7626
0,0,5034
0,0,1190
7613,4297,0
0,3496,9978
0,6039,6008
8165,8278,1094
5208,2359,0
1129,9192,4365
2712,0,0
0,7548,0
7240,2041,6717
2275,0,0
0,0,661
5457,0,0
0,9798,0
1444,0,0
0,3172,834
0,4301,26
0,7013,8917
0,6626,6465
7507,0,0
4224,6142,0
0,9608,0
0,5065,0
5407,500,0
5604,1945,0
4079,0,0
4914,0,0
0,4616,0
0,3765,0
0,0,8786
8830,5497,4929
0,6085,4537
0,7335,9602
5781,2743,0
1623,0,0
0,2427,6534
2407,7341,0
0,2282,0
0,6141,7284
6899,6464,0
5686,0,0
615,4727,140
0,4465,7475
4754,247,0
0,0,8566
6906,7301,0
0,9708,0
0,3395,0
0,0,6759
3148,0,3224
1706,7960,0
5760,0,0
5901,0,7712
0,8482,0
0,0,9831
0,247,0
3156,0,0
0,0,236
0,0,5611
8870,0,7885
0,0,5846
0,2512,0
3861,0,0
1574,0,0
0,5387,0
9365,0,222
0,0,3910
3339,0,0
3575,0,0
0,0,6885
7072,0,0
0,0,6149
7342,0,0
5493,0,0
0,861,0
0,227,0
0,0,9998
0,0,2198
6178,0,0
8018,0,0
0,0,4965
0,2819,0
4689,0,0
9252,5655,0
0,0,2796
7347,0,3023
0,0,9749
6637,8443,9814
0,0,3454
0,2641,0
0,0,6182
1,6085,9002
857,0,0
0,26,0
0,5632,2603
0,0,2487
9220,9618,0
8969,0,0
0,5091,7763
2238,0,0
8521,0,0
4703,0,4034
0,6331,0
0,0,4835
0,1196,0
294,7392,0
2781,6612,0
0,5582,9320
619,0,4412
8382,6605,0
8786,0,322
6735,0,0
770,0,0
0,0,9924
413,4098,0
881,4392,0
0,0,5126
7393,0,709
0,5272,0
0,0,1681
5976,0,0
0,9177,0
2096,0,173
4224,5526,0
0,0,678
0,6821,0
3784,1150,0
8911,8543,6897
0,5258,0
0,6385,5824
6377,2361,8265
3184,0,7443
9822,757,0
0,0,2917
6576,0,8858
0,0,5679
0,8185,0
0,7096,5373
0,6717,0
0,1413,0
0,7791,9379
7726,0,0
0,798,0
0,0,3780
5479,0,2912
0,4624,0
17,0,0
0,0,2596
2221,2986,9313
0,6622,727
9870,0,0
0,0,9494
0,0,292
6088,0,0
9869,0,8455
0,0,3080
0,1374,0
5595,8221,0
0,443,4534
7505,0,0
8232,3166,7240
6751,2416,1049
0,9707,29
0,5796,0
7624,0,0
6080,8447,9947
9160,0,1322
0,0,9544
0,2329,0
5273,9835,3283
0,0,6450
0,4819,0
4720,0,8574
0,7603,4371
0,5227,0
0,1307,8484
0,467,0
6179,0,1165
0,0,3494
5711,0,0
8995,0,0
5446,5770,6217
0,490,7282
0,0,4885
7259,1559,112
7296,6468,0
0,0,1887
0,7506,0
0,3230,1940
7468,0,0
0,0,9710
2196,0,0
8413,0,5971
0,587,1211
0,7847,2771
0,5144,0
0,0,566
3999,0,8072
5544,0,0
7485,0,0
0,0,8182
0,0,1567
0,0,9265
0,0,9852
7469,0,0
240,3554,2843
9480,0,3768
0,0,7502
8118,0,0
0,0,387
0,0,6362
0,2597,0
9416,0,1119
8682,0,0
8534,6609,0
6234,0,0
0,0,5484
2846,0,0
0,4495,363
0,3917,3060
5948,0,852
2310,0,0
6845,0,6332
0,9532,0
1366,0,0
0,4301,0
7445,0,0
0,0,1639
8082,6575,6134
8445,0,0
1506,8084,3635
2358,0,5068
5808,7240,0
0,5206,5451
0,6572,3518
9698,4200,0
0,1646,1198
0,0,7424
5533,0,4000
0,0,6136
1719,0,4221
0,0,4616
0,778,1857
0,0,7063
1794,0,0
0,233,0
3132,0,0
0,2758,0
1755,0,0
0,9960,7823
1893,0,434
6114,7036,5404
731,0,6183
2589,0,0
0,0,9639
0,911,9872
1126,0,8737
0,8375,1496
0,131,0
1387,0,0
9210,0,1430
9645,0,0
0,4627,0
0,0,9730
0,6869,0
9977,0,6241
9849,0,286
8587,0,8661
0,0,8793
0,0,4681
0,0,2462
1052,0,6358
9518,0,985
5445,3091,8202
5176,3429,0
0,3407,5231
0,3257,0
0,1844,8412
0,1928,0
0,0,2926
0,1422,88
0,2474,0
0,0,8753
8976,7438,0
7178,2615,0
2250,0,0
0,9869,1939
3999,0,0
2411,2598,5711
7387,0,0
314,6257,0
402,7890,1409
0,0,3402
0,4857,841
7897,0,0
0,4287,0
1853,0,0
3792,5769,0
7576,0,5948
0,5568,3036
0,0,9293
9734,0,7184
1143,3583,3065
0,9635,7923
0,0,9959
0,0,4247
0,0,6017
1869,0,0
0,3927,0
1168,7215,5535
0,0,1418
0,0,7703
0,8893,0
0,3440,0
1672,0,8455
0,7672,9159
0,0,1717
1896,0,0
0,185,0
0,0,9212
0,0,7227
0,9058,0
0,9741,0
9594,0,0
517,0,6139
8972,6795,0
0,0,6907
0,4571,0
7919,8254,2058
9915,0,0
9127,1091,0
0,1695,0
0,3,7773
5203,0,1263
0,114,6426
8654,9086,3221
0,7218,0
0,0,467
0,4987,8722
0,4903,627
6719,4031,1718
5692,0,3414
3724,1719,3417
0,6922,0
2760,0,3129
0,0,2216
0,0,9434
0,0,6503
0,1180,0
7495,4486,6393
0,0,424
0,6899,811
0,624,0
0,0,9453
0,0,8891
2816,0,6982
0,6478,0
0,4783,7474
0,0,8654
2461,1052,0
0,0,4348
9280,0,0
91,2272,1872
2622,0,0
2075,8633,0
966,0,0
7949,0,0
0,0,4206
0,0,7763
0,4384,0
0,3239,0
0,2519,0
0,2611,0
2229,0,0
0,7309,6860
0,0,8310
0,0,4794
7466,0,0
0,4682,0
0,6301,0
8251,1062,5292
6242,0,0
3249,529,0
2530,2759,0
757,8982,2966
7617,4080,0
0,2124,0
723,9590,0
6469,0,0
4138,700,0
0,0,1232
0,0,1404
9295,0,0
0,974,0
0,1732,3676
8343,0,7757
0,0,9881
0,6002,0
6241,2471,736
108,6610,0
278,2801,0
0,0,5581
0,0,4025
4850,0,0
0,0,6732
3220,0,0
977,0,1360
0,3663,0
331,0,0
0,13,0
0,291,0
0,1802,3530
8472,4718,0
0,9568,410
0,0,9086
0,2332,0
312,0,2714
1673,0,6377
9035,4500,6282
0,0,6295
0,8070,0
4560,962,0
0,9435,3108
0,1933,2676
0,9431,1789
0,3662,4122
806,0,0
0,5647,0
9899,0,6101
6181,3553,0
0,8869,0
9063,3430,0
7453,1521,137
561,6723,0
0,2336,0
0,7035,0
9149,7842,9138
0,1363,0
8183,0,9469
0,7443,0
0,9920,0
0,8983,0
6396,0,6844
6533,6999,0
0,237,0
106,5264,2940
5270,4414,782
0,996,0
9196,0,0
0,3465,852
1689,0,0
0,0,9756
0,1510,0
0,0,3193
0,0,3430
5223,0,8695
0,2025,0
0,0,4105
0,5631,0
4500,4297,6750
5352,5987,0
0,9569,0
5881,8475,2793
0,4226,0
5268,3544,7485
0,8768,4240
0,6932,0
0,0,2700
4609,6970,8331
0,0,2629
4645,0,0
815,2949,0
2099,0,6661
4893,0,887
5730,6174,0
0,4874,0
7456,0,133
0,0,6011
6422,7382,2981
4754,5277,4452
7383,9923,0
0,0,4225
4186,0,0
847,0,0
0,0,137
6168,6678,0
0,0,7279
9503,0,52
0,4278,0
0,0,2711
0,6416,2635
0,2416,3373
0,0,6211
0,7450,0
0,0,7404
0,0,4083
618,0,0
7898,4227,0
0,9741,0
5385,8238,0
8097,0,0
732,0,8220
4106,0,4822
0,5372,2273
4260,0,1458
1665,0,0
5748,0,0
0,4967,5764
0,0,5505
395,8303,0
0,6401,0
0,7133,0
3806,0,0
8629,0,0
902,0,424
2361,0,6874
9174,3232,3943
711,7199,0
6475,0,1829
0,0,133
0,7420,0
0,0,3667
1002,0,4907
5212,0,0
4794,6345,0
0,8706,0
0,7881,3000
0,8593,199
4948,5068,0
0,7050,0
6910,0,0
0,3433,5506
7112,0,0
0,9647,7762
0,4442,4107
768,0,0
0,1754,0
3535,0,0
3735,2740,0
0,0,1408
0,6428,4184
0,0,7617
0,6986,0
0,0,1701
4343,7491,6143
8450,0,0
1264,0,0
0,2330,0
0,0,8092
5606,0,0
0,0,4039
1199,0,0
0,6518,899
0,3099,0
2571,7443,0
0,0,5656
0,7159,0
0,9119,0
0,0,2848
0,5975,0
0,0,3592
7172,4188,5849
1085,3005,0
1985,3875,0
1891,0,2910
9288,5162,0
4944,9681,0
0,1760,0
6178,0,5451
9027,0,1426
0,7846,0
0,5019,0
8561,0,0
929,8090,5486
6396,9981,1934
0,9269,7096
0,4214,6778
0,3610,0
9159,0,7729
0,0,2443
0,7935,0
0,0,5309
0,0,1414
670,139,9505
6156,0,0
8091,5843,0
5188,3955,2971
0,0,6582
505,7191,6371
0,0,5187
678,0,0
0,8292,3770
0,0,2980
7691,0,0
7197,4178,0
6684,0,0
0,0,9456
0,9425,7488
0,9931,4679
1366,0,0
6553,8845,0
9676,0,0
0,6091,9964
0,3783,0
0,0,2165
9205,0,0
0,3106,0
4162,0,1320
0,0,1251
0,0,9417
2810,4435,8263
7130,0,0
9743,7560,0
9708,0,7950
0,3537,0
0,2743,0
4296,0,9702
6191,1611,1222
0,3261,0
0,9590,5619
0,2400,55
0,9531,4168
4520,0,1728
0,8982,5717
6638,0,0
0,0,1998
2165,0,9447
1868,0,0
0,4537,0
0,3300,3910
0,0,6311
0,7924,0
670,2444,5116
0,1132,0
8116,7771,0
7371,3341,7314
9369,5507,0
0,0,5175
0,465,9713
0,1293,0
8104,0,0
4415,0,0
0,0,4863
5375,0,0
0,5429,0
0,0,7108
0,0,2616
0,987,0
892,862,457
605,0,0
3619,0,9491
8113,0,0
532,0,0
0,0,5962
0,2686,1392
5158,0,4193
2267,0,6364
0,0,7352
0,7113,0
0,7718,3271
7082,0,0
0,9451,0
0,9983,0
0,5378,5058
0,0,7745
0,0,683
507,0,0
6872,0,0
4224,3953,4521
0,9286,0
0,6369,3578
0,2943,3029
6156,3252,3012
8003,0,0
3062,7132,5160
808,3446,0
1491,3953,1284
2679,826,0
0,5050,0
4609,7490,0
0,3201,9972
0,0,2915
0,0,6168
6470,0,8379
0,2570,5511
0,0,8957
7110,0,2911
0,0,3737
0,0,8788
3074,0,6278
6677,0,0
6649,9525,4827
9564,0,0
5732,0,0
0,0,8407
9623,0,0
0,1447,6656
1491,0,0
5228,0,0
0,1674,4089
0,0,3186
9776,0,0
4603,0,0
934,0,5147
0,4410,0
5180,0,3797
0,0,5245
3622,4106,5087
0,9335,3686
9670,3352,5361
3759,3648,0
6945,3425,0
0,8028,3279
5350,0,0
0,5735,0
9959,915,0
0,7882,0
9002,1505,0
4089,9333,0
0,9003,1433
3137,0,0
0,0,8507
5563,0,0
8843,0,5499
2422,0,1235
412,0,2151
0,8930,0
0,0,1538
5820,0,0
0,9797,0
0,2934,0
417,0,0
8924,0,0
5461,0,6427
960,6614,1641
2196,0,6814
0,9463,5744
4380,6538,0
5919,0,5698
6791,0,0
0,1596,0
9304,0,0
0,0,3563
0,0,7755
0,7360,0
1431,0,0
8245,3904,860
3989,8285,7399
0,4204,9759
0,996,0
8860,0,0
7291,0,9631
5506,0,570
9070,0,6970
0,0,4331
1196,0,0
0,1447,7791
0,5436,0
855,0,0
614,6468,1277
6635,5329,8940
0,2620,5907
0,0,4526
4454,0,0
1425,0,8277
5756,0,0
9643,0,0
7435,0,8362
3513,0,1466
3794,2739,0
5072,9374,0
4013,3627,0
9921,0,0
0,0,1209
0,3391,0
0,9147,0
0,0,8268
3635,0,0
1998,0,0
0,3535,0
0,0,3778
0,0,7406
0,2542,0
4559,0,0
5769,7943,0
1002,0,9424
1456,0,8216
9724,0,0
9263,0,4185
927,0,0
0,8382,0
9109,3045,0
6515,0,0
1433,0,0
8318,0,6426
0,4924,0
0,6380,0
6236,0,0
680,0,6523
4865,6296,3505
2586,1627,1887
8915,737,4933
0,7252,0
9358,0,0
7841,0,0
0,0,5525
0,3620,0
9354,9857,0
0,538,3380
0,0,9676
0,7990,0
4276,6905,0
9210,4771,0
7736,0,0
0,1972,0
0,6241,0
0,4110,4207
2448,3465,0
0,5825,0
0,4708,0
0,7096,7997
4821,0,0
0,0,9675
6156,8320,0
4137,0,0
9123,7753,2019
0,0,6130
0,743,0
7981,0,0
2584,0,129
0,8559,7226
589,3380,0
0,243,0
0,6400,7504
8974,0,0
0,9660,7993
6772,0,0
2902,0,0
0,1268,0
0,3853,0
8049,0,0
0,7034,5219
0,2527,0
3060,0,1863
0,0,2400
804,0,0
8797,8195,1431
5086,0,0
2119,0,5987
0,0,9840
3633,0,6286
0,4842,3320
692,0,0
6155,0,0
8018,0,0
0,0,1637
2479,1945,9832
3910,0,0
0,9150,0
0,9505,6043
4457,0,0
743,0,0
0,9303,9171
0,5459,949
0,3477,0
0,3896,6439
0,0,8384
5141,0,0
0,8916,4567
0,3532,0
6642,0,7212
0,8732,5824
0,0,5128
0,0,587
2826,6166,0
0,9838,0
0,5147,0
943,288,0
0,6359,0
0,6957,0
0,0,5064
2213,5853,3797
8038,0,0
0,435,9304
3754,0,5470
7820,0,0
0,1938,0
119,0,745
4745,0,0
8286,0,4062
5361,0,7662
425,0,0
0,5421,0
817,0,0
121,2344,0
5592,164,5150
0,5946,7088
0,0,9969
2103,810,9210
0,9097,0
3271,4458,0
0,4884,0
4449,9107,7353
0,0,5943
9033,0,0
0,0,8451
9955,0,0
7044,0,463
7014,4,1274
0,9213,371
0,2484,0
153,0,0
0,0,8823
9439,4392,0
0,3426,8795
3669,0,4434
0,0,976
0,0,8876
0,2244,0
0,0,8094
8627,0,578
3458,4227,0
3173,0,0
0,5751,0
744,0,9683
9539,0,7914
0,6923,6101
0,3442,0
3827,424,3576
2708,8679,0
0,7307,0
1380,0,0
0,0,6659
0,0,2410
3499,0,0
3183,6219,0
0,193,0
0,0,8713
8531,8971,9137
2107,0,0
0,2481,0
273,0,0
0,0,9828
0,0,5763
9690,0,2443
0,3165,0
1580,0,0
6851,1463,0
5564,0,0
0,0,4651
0,6255,0
0,6529,995
3532,7150,235
3361,4430,0
9125,4120,0
0,7354,9864
0,0,4127
9087,5786,0
3087,1351,0
0,0,7687
0,0,3943
7844,0,0
0,9747,7622
9075,0,2053
0,2233,0
2491,3802,0
2355,4033,2462
0,0,8249
0,6208,0
7659,2268,0
5346,0,4224
0,823,0
9762,0,0
7385,0,0
9438,0,0
0,0,9331
9139,9377,0
1602,0,6485
9851,0,0
0,5593,4961
0,940,0
0,230,0
0,9993,0
9956,0,0
3252,0,0
0,2429,0
8113,1568,8094
0,3171,0
0,3022,1889
0,0,7483
5617,0,8424
0,6911,0
0,6681,0
750,0,6027
7915,9890,2844
9611,8672,0
0,6786,0
0,8263,14
0,6226,3036
0,6882,0
0,2500,0
0,6059,0
6831,8381,6684
5479,9131,3323
0,0,3214
0,6658,1887
0,4987,0
6468,1411,6936
6482,1790,0
0,4058,0
5031,3810,2547
8123,0,0
0,8818,6988
0,4297,0
8134,0,0
0,0,9826
3235,0,0
1908,0,0
8845,0,0
2009,2252,0
2056,0,5886
4603,5406,7873
3210,0,0
0,8344,989
6319,0,0
9486,0,0
0,1064,0
4127,2973,2981
353,0,5713
8369,0,0
0,0,5249
0,0,656
4204,3699,0
896,0,2534
1885,0,0
0,9703,0
5628,9017,7905
0,0,879
5340,3498,0
0,0,6526
9020,0,0
4270,0,0
0,2849,6599
9116,3745,0
1651,5630,714
0,4309,0
0,0,9435
5412,0,2580
6291,7638,0
8989,0,0
5516,7713,260
0,0,8905
0,6911,1754
7428,6027,0
7926,0,0
8640,8343,0
0,5850,5379
0,1262,0
0,7554,5315
0,6543,0
5099,0,0
5359,9988,0
4265,0,0
6019,8246,6644
0,6172,4323
0,4812,0
0,3871,0
3470,2365,0
1147,0,7334
0,591,3878
471,0,5938
2192,0,5927
5898,0,6744
6515,0,0
3159,2855,0
7483,5506,5975
150,0,9846
0,0,2212
0,8217,0
5782,0,0
0,5151,0
0,7344,0
1526,0,0
0,9759,0
0,2918,2491
4424,0,0
0,552,0
0,0,8666
2459,7667,0
8110,0,1564
4353,0,0
0,8709,0
0,235,7304
0,8505,7063
0,0,9982
0,6191,385
7696,0,937
0,0,157
0,0,7825
4842,7408,1275
0,1762,4386
3123,0,0
7184,0,0
0,4892,0
0,2099,3603
0,1798,9795
1920,9494,6387
2858,0,0
0,6746,0
842,0,0
2118,7996,0
0,1120,9745
0,8304,7066
0,2794,1959
0,4347,4059
0,0,5857
0,0,5351
0,0,4139
7781,3678,0
0,0,2475
0,0,472
1936,3143,1593
0,2743,0
0,0,2691
708,440,0
0,0,2921
0,0,725
0,0,1387
116,9313,0
0,9620,0
3477,9860,0
0,1797,0
0,0,2112
5441,0,0
8133,2938,8227
5171,0,0
0,0,4016
8819,0,0
0,0,4862
5272,5427,4483
4859,0,0
0,2855,0
455,8399,0
0,3840,0
354,1974,4790
8581,0,0
5620,0,830
0,0,5139
5185,0,9564
0,0,4991
0,4397,0
8876,5482,0
5018,0,0
4640,0,0
6492,0,0
1283,7442,0
3781,0,3352
0,0,7411
9751,7885,0
0,7934,0
4307,0,0
0,1343,1094
0,6361,0
107,0,5538
9100,7495,0
67,8779,1841
8180,2561,0
0,7173,0
8944,0,0
0,0,3425
1835,0,0
7447,0,0
8542,0,0
0,3814,0
1113,0,0
5512,2982,0
0,1163,0
0,0,609
9863,1640,0
5353,0,0
0,4096,0
4670,1544,3071
1906,0,0
5502,0,0
0,6775,3508
0,2287,6491
3071,9642,7654
0,1901,0
0,1764,1990
4649,0,0
0,5898,8348
0,0,9892
5815,2475,9978
0,7978,0
3186,8080,0
6695,0,0
0,3349,4345
0,9856,6246
0,0,8011
0,1622,0
0,45,1028
0,2789,0
5673,0,4072
5652,1199,0
1292,0,0
3708,1081,408
0,0,3757
2756,0,0
0,0,587
7015,0,0
0,0,2255
3174,0,0
4772,0,0
8845,0,4850
896,5315,9236
1027,9023,0
1436,0,4584
5194,0,0
0,0,5991
0,6211,0
1605,8357,0
3861,0,0
8906,0,3451
0,5149,0
0,6045,2789
6644,0,0
0,0,9248
0,3702,0
0,2511,0
0,1907,0
2702,3512,3204
5089,0,0
0,6280,1040
0,0,6190
0,6246,0
0,2890,9309
5699,0,0
4948,0,0
4388,0,4032
0,9867,0
7870,0,0
0,7659,0
0,7830,0
6852,0,1943
3042,2550,0
0,6437,1079
0,0,931
0,7085,0
3926,0,0
7958,0,0
3898,2368,7403
3349,3443,0
175,0,0
0,6107,4347
0,9149,0
3413,4428,3336
4492,0,0
5424,1421,0
7754,5347,4033
2721,3306,0
0,0,899
0,554,0
0,729,3598
0,0,9705
7263,0,8855
0,2646,3283
7498,7139,2299
0,0,3720
5531,318,9068
0,0,2374
0,595,9578
0,5554,133
0,5577,0
0,8493,0
0,5756,0
5498,0,0
8782,0,0
0,388,0
4801,0,6774
3869,0,9815
6244,0,0
5823,0,5965
0,5916,0
6818,2854,36
0,9497,0
5796,0,0
0,0,3128
0,4859,0
0,9661,0
9670,3531,0
0,9775,8504
0,0,1081
5861,1555,0
7404,8373,0
0,0,9348
0,0,4344
8945,0,0
2074,4849,0
0,0,2643
5030,0,0
0,6902,0
8457,0,1549
0,2660,0
6535,0,1478
0,0,1542
5735,0,0
80,0,5812
8203,0,0
0,7351,0
3829,0,5822
4,0,2724
0,0,9523
7504,0,0
608,0,0
0,0,9755
0,8988,494
1032,9069,179
6844,0,0
0,0,9290
0,2289,0
0,2294,4007
0,0,4799
3983,0,0
6167,6362,0
8416,0,0
0,0,4237
8666,0,0
0,9956,0
785,0,9038
75,3375,0
1748,5111,0
0,0,1871
0,0,7625
0,9721,0
0,0,2437
2928,6309,4516
0,4976,7628
0,0,7584
1051,0,0
90,0,0
1418,0,3534
0,2186,0
6911,0,0
4537,0,0
8525,6104,4519
962,9033,0
0,0,5805
0,0,9627
0,0,4234
0,7813,8917
0,0,5348
0,0,7535
0,0,276
7462,5721,8701
0,0,4806
8364,5209,0
0,688,0
0,3796,6709
0,4488,0
8862,0,0
7779,4391,0
3128,2089,5752
0,0,6936
0,0,2658
0,4199,0
4448,0,0
0,0,2803
0,6757,0
0,0,1087
9468,0,1316
1715,0,5708
0,0,7797
8947,0,0
5884,2758,0
8542,0,0
5448,6848,7808
0,0,9566
0,3462,0
6965,0,0
8053,7967,0
0,9682,0
0,0,7137
0,0,8956
3565,0,0
4610,6251,4115
9855,0,964
7664,9262,0
0,9628,0
3555,0,8061
0,4648,0
0,4017,5711
0,0,8589
0,0,413
0,5536,0
3013,147,4374
7129,0,0
8093,0,0
4194,0,4965
0,0,1559
1819,9719,0
7847,0,0
0,0,9321
0,6487,1292
2561,7785,0
0,799,6976
5058,0,6978
0,0,4646
6469,217,0
0,3975,0
2994,0,7719
0,0,6660
9428,0,805
0,0,7293
42,1910,0
0,0,5878
0,0,3807
0,0,9829
0,5256,47
5017,0,4022
3016,0,9816
735,8888,3458
7396,0,0
8202,0,0
0,0,1919
0,3979,0
6452,0,2169
0,0,956
88,0,0
0,9143,0
4158,2159,2591
0,0,1479
0,292,0
0,8494,6862
0,3989,0
0,0,7950
0,1015,0
0,1274,0
7660,0,8556
0,0,7699
0,0,9859
0,9632,2755
0,7065,3047
646,0,0
0,3257,0
1479,3277,0
0,0,1110
5206,4516,2385
0,2177,0
0,6051,0
0,2830,0
0,2201,0
0,3051,0
1556,3697,0
3098,0,0
8629,0,0
8724,2114,7110
9834,7321,1626
2219,0,0
5969,0,0
0,1045,2686
0,6799,0
0,5308,0
270,0,0
3032,9963,0
9053,8592,5528
8351,7317,7643
0,7151,4964
7089,0,1923
893,0,0
0,6558,0
3434,0,0
0,1349,229
0,0,7094
0,0,7057
0,0,5650
0,2058,0
3914,0,0
0,0,9490
802,0,0
7878,0,0
0,9686,0
921,0,1424
0,4270,0
8244,0,7697
5301,0,0
952,0,0
0,0,983
4038,0,0
0,0,1095
0,657,0
0,0,7034
9825,0,0
0,8729,9313
4294,0,0
1992,2275,0
3396,0,0
6859,0,6673
0,0,8649
3435,4714,1428
4531,3075,2086
0,2826,0
8913,0,0
3956,3901,5052
0,0,2025
4752,0,4300
0,0,7528
0,0,4675
0,8287,5860
8045,0,0
0,6254,0
1559,8133,0
0,0,9129
0,1002,0
0,4272,0
3704,9024,1416
0,8171,5002
0,893,0
0,289,0
6070,8334,5457
0,7808,0
297,9368,9845
0,9672,0
5904,0,0
0,7978,0
163,0,0
1580,0,9362
6582,0,0
0,0,545
5765,1503,0
1222,0,0
0,0,6056
2780,0,0
9672,0,2028
7567,63,7
0,0,1690
925,0,0
288,0,0
0,0,2036
0,0,3539
0,7408,0
0,343,0
0,3124,0
0,2796,0
473,364,0
0,0,6777
0,1023,8584
3550,0,0
0,1856,7395
0,2946,3580
5729,0,0
7418,0,0
0,0,4456
0,735,7253
0,1208,7617
5950,1689,7715
2727,3860,0
1312,0,0
8287,7565,0
0,0,4853
9263,5485,0
0,0,7344
0,0,9635
6041,0,0
3295,0,0
0,0,3268
8628,0,0
7368,0,0
0,0,2104
9326,0,0
4180,0,0
0,6248,0
9294,7833,709
8929,3874,4082
0,0,6856
879,8082,0
4147,0,0
0,0,9794
0,1499,845
7919,826,0
0,0,3575
0,6956,0
0,6250,7657
0,5180,0
2166,4480,0
0,5359,6784
4602,0,3495
1633,0,0
0,0,9074
2272,0,0
9851,0,0
0,0,1863
0,8795,0
907,0,3295
2439,0,7776
1141,8068,3136
0,2671,2643
0,4304,3425
0,5732,22
8071,8005,4538
7972,0,0
0,0,253
4743,0,0
2858,0,0
6154,0,0
0,9022,3043
0,6948,0
0,8370,0
0,7367,0
0,0,3757
7697,0,0
0,0,2897
6785,1035,0
0,3894,0
1762,0,752
6736,3979,9774
9779,0,6722
5494,0,0
0,3892,2460
1266,0,0
0,0,1310
6638,1280,7602
0,0,8638
0,3899,0
9838,5661,2581
0,2397,0
365,0,0
7087,0,0
0,3185,0
4640,4452,0
0,0,4056
3850,0,0
1453,0,3401
91,0,0
0,2455,2961
5205,3045,5359
0,3410,7536
9373,498,0
0,2679,0
9993,0,0
0,9860,0
3357,3710,8437
0,0,4088
0,5255,0
9396,0,0
2358,3084,0
0,4850,5616
0,0,6115
462,0,8794
0,1955,6114
0,1256,0
0,4614,0
2462,0,0
6550,0,0
3255,0,0
2415,0,0
0,4878,0
238,133,0
6353,0,2104
0,0,4059
0,0,5316
7237,0,0
6923,0,3240
0,4193,8646
0,0,3448
9861,9865,0
929,4487,5488
0,4725,5621
0,1078,0
0,6226,0
3155,7488,0
8472,0,0
0,0,9647
0,3423,0
0,0,1290
3739,5162,0
0,6092,0
0,2940,0
0,9931,0
0,9027,0
0,2183,0
4170,0,9888
0,0,1538
5821,0,0
0,0,262
953,4734,0
2109,9083,0
0,0,4457
8121,0,0
0,6055,3416
7242,3401,0
2404,0,0
0,3746,0
0,9567,6018
0,0,7013
0,184,0
0,2294,0
0,47,9751
0,8169,4131
0,7738,0
8259,4980,0
0,7384,0
0,0,4906
0,3507,0
1446,2299,0
0,1352,0
208,5831,0
0,0,6231
791,0,0
4922,7123,0
5109,5382,0
0,9240,4504
9857,0,4181
4764,0,0
0,6229,9987
0,4689,1340
6832,0,7171
0,5937,0
0,0,1280
0,1650,8403
0,0,3785
2907,0,3026
0,5315,0
0,79,0
9281,9317,3392
9268,0,8082
0,0,2980
7781,0,8917
0,0,5645
0,5006,0
0,794,4056
0,3701,9513
3275,0,4829
5656,2706,0
2820,0,0
0,1256,0
4295,0,0
0,0,7690
6194,6427,9047
1840,4488,4053
0,0,4847
0,0,8549
0,4477,0
0,134,0
0,2954,0
0,9167,0
3158,0,0
0,740,0
6428,0,0
0,8774,8042
0,7911,0
4377,1103,0
0,3810,0
0,1345,0
4960,0,0
0,460,6931
0,3618,394
2411,0,1134
9538,8786,8069
0,4262,0
1136,0,4754
131,0,5858
328,1097,9668
5002,3687,0
9811,0,0
7575,0,5264
4506,2897,0
0,5309,1241
6035,0,27
4105,0,0
948,0,8083
0,9209,0
1562,9537,7350
1230,0,0
0,4352,0
7049,1927,0
2313,6434,549
1197,1335,5859
2438,7371,707
0,0,8649
0,0,7727
4840,0,0
0,9691,0
0,922,0
9483,0,5367
9169,216,0
0,2530,3729
7371,0,5064
0,6166,0
0,8632,0
2587,5389,6336
314,0,0
7250,0,0
3725,0,0
4740,0,0
0,8420,8462
0,5242,0
1132,2614,0
0,5844,886
0,9782,0
0,2370,0
0,0,5139
0,9935,0
7502,3660,0
0,8400,0
0,8508,3901
9289,5911,0
282,0,0
0,3240,7602
0,0,7385
0,4415,0
0,0,2439
5459,6641,0
0,0,6035
0,6725,4435
0,7552,0
0,0,8855
0,7125,5898
0,2128,0
6039,8018,0
3425,0,5426
3180,0,0
5620,0,5363
0,1128,9507
4031,0,6232
8466,0,0
1410,450,628
0,0,7753
6164,5566,9882
5303,0,0
6314,0,0
1740,8211,5076
462,0,0
0,1827,0
0,0,4694
0,4325,0
5352,0,8059
0,0,5189
3734,0,0
3616,7471,2360
1516,3785,0
0,5525,0
7922,0,0
2206,0,1262
7619,0,7121
0,0,1447
0,4068,7183
7983,49,0
3172,3783,5354
0,7399,2825
6288,0,0
0,1762,0
9283,9685,0
8717,1892,9938
9980,0,0
0,1826,0
0,0,9871
5732,9732,9920
8919,0,0
0,6832,0
0,3121,20
0,6801,1783
0,6084,0
3971,0,0
0,4783,2873
0,1884,0
6800,433,0
6672,6166,0
0,0,9086
297,9360,0
1401,0,0
1421,170,0
0,6016,0
4673,9988,6730
0,3898,0
908,0,3398
5607,1696,0
2056,0,0
0,4961,0
7325,0,4445
3245,6660,0
0,8082,0
0,1287,0
0,5961,7080
0,0,978
0,4905,0
0,512,0
0,2569,5938
0,808,0
0,8133,6159
0,0,2820
0,3664,0
0,0,2190
0,1852,0
0,0,2149
0,6942,0
0,8642,0
0,4174,0
0,9706,0
0,322,0
8638,0,456
0,0,4121
2361,8394,0
4552,0,0
2704,3745,6408
0,0,3350
1908,0,1992
0,0,6167
9612,0,0
557,0,0
9635,2343,0
0,0,2932
0,6164,1326
0,0,3856
0,0,7602
4306,0,0
0,0,7551
0,9659,0
5818,0,0
0,9829,0
7888,0,0
0,9556,0
0,3770,0
0,3900,5157
0,0,8579
5186,0,0
8728,3763,0
0,0,6699
0,0,5970
0,0,5799
0,0,5264
0,8281,4821
0,0,8591
1229,0,0
6387,0,0
0,7181,397
0,5910,4161
0,2190,0
0,5670,6808
1532,0,0
7332,0,6545
2597,126,4827
7418,0,5510
6010,0,0
8502,0,1917
0,0,9098
3192,1324,0
7353,0,7199
0,0,2869
1737,7281,447
0,0,2062
6015,7211,2189
843,4629,0
0,640,7250
0,9143,1784
8192,0,1285
7291,0,0
0,0,2796
9499,0,8544
0,0,5825
0,8620,439
4878,4635,0
0,5479,2281
0,1832,0
0,8108,0
5207,0,0
0,3592,0
0,5892,0
1898,0,9028
442,7761,8179
6268,577,6799
0,5456,1435
0,2523,6914
0,0,8747
0,0,6856
1627,0,0
5630,3820,0
0,2922,0
0,0,8034
0,0,5795
3587,1532,0
386,0,0
1822,2601,4354
0,9242,3050
0,8805,0
4340,0,0
7498,6063,6317
4248,0,0
6890,0,0
0,2613,0
0,0,857
0,0,9098
0,8408,1700
0,7145,0
0,4630,9748
0,8971,182
3997,0,6246
0,0,7072
9554,0,0
0,2532,6890
2940,3254,3090
3797,349,9677
2896,9274,0
4596,0,0
5539,8882,9863
0,382,0
5470,4380,5303
1716,4695,6020
8789,0,0
3067,7865,6160
9957,0,9415
0,0,9764
0,0,9038
813,0,0
0,7635,474
0,2924,857
4742,0,0
46,0,9932
0,8901,4182
0,0,2048
0,1926,2854
0,4975,7458
0,7701,4958
0,8515,0
5663,0,0
0,469,7615
0,5212,0
2233,0,6122
0,1324,0
6348,1019,0
8397,0,8918
1252,2144,0
0,7178,1595
3669,1251,0
0,6915,4672
5415,0,0
3031,0,0
9041,0,0
0,4447,0
0,0,7957
0,9193,4831
0,445,6976
0,9156,0
0,0,5406
0,0,2322
0,0,5375
1513,0,0
1868,1038,0
7481,6203,0
0,0,2951
2377,0,0
0,9669,0
0,0,1747
0,1251,0
3748,2951,0
6070,0,7090
0,0,9087
6871,0,126
0,186,0
0,4606,2720
9685,6984,0
0,4193,5961
4421,0,5624
0,6720,0
0,468,0
8867,0,9150
0,0,9987
5045,0,0
0,9433,2879
0,6167,7486
0,5852,4470
513,7683,0
0,0,7043
2100,0,3763
0,0,4231
0,7886,0
0,3844,0
0,8889,0
634,0,3044
3514,0,0
1000,9785,0
0,0,2748
4136,0,0
1179,8875,3128
4942,7851,2147
0,0,33
9945,0,0
0,2550,0
0,0,6829
5355,6698,0
0,7699,0
9631,3171,0
2379,0,9254
7233,8486,0
0,3429,5982
2509,0,2637
2542,0,0
0,0,9796
9188,0,0
0,8915,0
8411,0,0
591,3113,0
3070,0,0
2325,0,0
455,3088,9773
0,0,2377
9074,0,0
0,4560,6176
0,0,9736
9097,9767,0
8776,0,2133
6155,0,5247
0,0,740
0,0,3467
906,0,6555
679,0,0
3057,133,292
7984,6454,0
0,2570,0
3898,0,0
2550,444,6549
4684,0,5319
9931,0,0
672,0,1325
4139,0,0
0,9454,7005
2847,0,0
3140,0,3592
0,0,6163
6596,0,0
4966,1107,0
1515,0,4876
6834,5722,0
0,6394,6051
0,0,4825
1266,1228,0
8272,0,0
5410,7216,0
9003,5210,0
5167,1806,504
0,6772,1611
1275,0,7402
6152,5122,0
0,9117,0
0,4437,0
5211,0,1282
0,3976,0
0,0,2575
0,8390,0
5521,0,9592
0,0,6364
0,7832,0
0,3984,9774
8164,8319,0
7684,0,0
7738,0,9033
0,3409,0
4381,9694,0
6957,0,0
0,8788,0
0,4814,0
0,2451,0
5352,7491,0
5126,5656,1040
0,0,9745
7348,1079,3663
0,101,7072
0,4482,0
0,1439,34
2578,0,8823
6925,0,0
7828,0,0
0,6570,3580
0,0,9236
325,0,2577
0,3064,0
0,9446,3759
806,0,0
7573,628,9681
7608,0,0
0,131,0
0,7960,0
6158,0,0
0,3809,0
0,0,1583
1553,0,4647
5210,0,4093
8969,8746,2932
7211,0,0
6893,0,0
2758,0,0
0,429,0
6742,0,0
913,0,0
6781,5302,0
8365,0,0
3013,2066,9473
7107,0,8220
0,8247,0
0,5141,0
366,7900,0
7265,0,0
0,0,5848
0,4698,2175
0,1479,0
0,9845,0
3561,2859,6400
3035,0,0
0,6,5684
0,3606,0
4267,0,8726
0,1238,0
2357,3362,9552
8205,0,4251
0,9568,0
7859,1596,0
0,0,8436
0,8193,8403
0,9449,8409
0,5246,2016
2542,9513,0
0,2611,0
7037,0,591
6590,0,0
841,0,0
0,1413,0
2149,3606,0
585,0,0
0,8231,9424
7398,0,0
0,0,4184
5405,0,0
2634,0,1764
0,0,4937
0,0,8492
3714,0,0
0,6949,0
2122,0,5713
2097,6523,0
1522,0,0
6193,0,6382
0,0,141
0,1376,0
8938,0,8324
0,0,6552
2368,0,0
2274,0,0
0,9464,0
0,1562,0
0,3084,6282
9340,9278,9618
5723,0,8360
0,0,9736
6802,0,0
5126,0,0
1679,2013,0
0,4287,0
1334,74,0
0,1576,0
9532,0,6082
0,6363,0
5433,0,5017
0,0,1848
3529,0,0
7867,0,7262
0,1560,0
121,0,0
0,0,3637
0,3098,0
0,0,2237
2608,8445,0
0,3878,688
0,7671,8640
4835,1201,3394
2452,0,3276
0,4561,0
8990,0,0
0,6776,5355
0,304,8453
0,0,1083
0,9440,0
2244,0,0
0,397,1078
1573,5232,2280
0,0,1348
0,0,5910
3081,0,0
0,0,7371
7865,5134,0
6318,0,0
0,0,3947
6930,2427,1356
337,0,0
0,6934,0
3696,0,0
5045,0,2072
0,3228,0
0,0,7406
0,3603,2541
6597,0,0
1104,0,9265
5052,4253,0
0,4591,0
0,0,3988
0,9704,0
0,4749,6038
1893,0,0
0,0,5006
0,6178,0
304,2776,0
0,3881,5855
0,8933,0
346,0,0
0,3506,0
0,8655,0
7280,0,5162
0,0,868
2587,0,0
7593,8491,0
0,0,7081
4735,8183,0
0,6835,9897
0,7181,0
0,0,8746
0,5971,0
0,3252,0
1683,0,0
0,9159,0
678,6753,0
4982,0,4265
0,7691,0
3027,0,0
0,8982,0
0,0,1048
6910,490,7020
4312,0,0
0,8695,6844
6442,0,0
0,1925,0
0,0,5713
0,8972,0
5604,0,0
0,4925,0
0,3090,5053
2403,1,0
9423,0,0
0,4505,0
6541,0,0
2545,4368,0
0,3258,0
0,6413,0
4422,0,0
6110,6907,7230
6781,8263,0
0,0,322
7378,0,0
9933,9787,9142
0,0,90
3682,8873,4458
8106,4175,0
0,0,4130
0,9614,6149
0,0,3056
0,2506,0
0,4340,0
0,1718,0
4557,0,0
3699,0,8192
0,0,7066
0,0,1242
5964,4063,0
95,0,0
6244,0,0
9301,0,4279
621,0,8620
2608,4650,338
4686,0,0
6550,2907,4827
0,0,1347
1810,0,5973
0,0,36
9486,0,0
5535,7249,9696
0,6550,0
1589,7172,9556
0,9780,4207
0,0,3415
0,0,6322
0,5761,3019
8714,0,7963
4687,624,0
0,111,0
0,0,7126
8263,0,3677
0,4546,849
0,4755,0
6855,5303,0
270,0,6113
0,0,1875
9611,0,9447
0,8611,71
0,3335,0
0,1903,0
3452,0,8786
0,3257,0
0,0,8088
8608,0,0
0,3030,0
0,9623,0
0,0,366
0,0,8977
0,0,2313
1395,0,4216
7225,3038,4383
6011,168,0
0,8147,0
0,6755,0
0,0,9337
0,279,8960
8501,1973,0
8868,0,0
7845,0,0
158,0,0
0,0,890
8758,0,1058
6399,0,0
0,0,5961
6252,6561,0
0,0,6701
4549,0,0
0,0,1790
7752,3835,6117
0,0,1840
0,8368,0
4762,0,0
0,3526,0
5026,3472,7789
0,9724,0
0,0,2971
4112,0,0
0,0,6082
4577,0,0
0,6380,3911
0,0,2279
7324,5014,0
0,835,2933
3125,5861,0
0,6850,0
5266,4260,1444
8237,0,1308
0,1160,0
0,0,4279
4330,0,0
0,8969,0
521,0,5926
9928,0,6761
0,0,2623
0,0,9474
0,0,3734
0,0,2107
0,3242,3268
0,7655,9006
0,0,5440
0,0,4409
7920,0,0
0,0,8071
0,3538,8564
0,2806,9972
2706,0,6647
0,0,1559
0,0,4802
0,5266,0
0,1614,0
6264,0,0
673,6542,0
1377,0,6096
0,998,0
0,4231,0
7985,6938,645
0,0,5692
0,1928,8891
0,3746,4157
0,4570,0
0,0,4394
0,0,936
0,0,1325
4086,0,2323
0,0,6554
6161,0,0
0,0,6872
2499,9159,0
1390,0,0
0,0,7118
1320,0,7953
0,4076,0
0,0,2347
0,6153,4683
0,9874,0
6854,6035,0
347,2842,0
7220,0,0
0,6733,0
8570,0,9256
5688,0,0
3641,9316,0
3103,0,0
5450,0,0
134,0,0
5166,0,0
0,1446,1813
4866,8666,0
359,0,0
6007,0,6170
0,8947,9772
0,2588,0
0,0,5055
7775,1143,0
836,0,0
0,0,4340
0,4976,0
4554,0,4453
1710,0,0
5599,6209,0
1769,0,1348
0,7501,3936
0,8369,0
5686,6145,772
0,6982,2049
7927,753,0
2268,0,3469
0,8049,3312
2508,9759,3513
1650,0,9723
0,0,1196
5399,0,8697
0,0,7067
8965,0,0
0,9673,0
0,7601,0
279,9869,4442
0,0,2491
0,432,0
0,0,7610
0,6134,0
1494,0,0
0,869,0
0,9834,0
0,0,7372
667,0,0
0,0,4842
0,5386,0
0,0,3199
0,3022,5282
8412,3320,1416
0,0,2949
0,0,3819
9272,2266,0
6971,2738,0
4343,0,4583
9317,0,6221
4159,1080,0
6927,9631,4056
0,433,0
0,8845,0
6826,0,0
0,8558,0
0,0,2487
0,4802,0
474,9145,8632
0,0,3655
0,2622,0
0,9549,0
0,0,4800
4024,0,0
4423,0,5642
9638,1688,4200
0,5283,2031
0,0,6833
7573,3007,0
6206,8066,4442
0,0,7064
0,2235,6614
0,0,6291
0,3205,0
7409,7628,3290
0,7266,0
7253,0,0
9284,0,0
0,0,5803
0,0,3870
6539,3113,3216
3604,0,0
0,0,4633
0,0,7838
0,0,5467
1179,0,0
6158,8152,9860
6421,7437,0
0,0,6379
0,5653,9632
0,2193,0
2107,0,0
0,0,7131
2193,0,0
0,0,5416
5498,1597,6316
0,0,4469
0,4177,0
0,0,5462
3806,8414,0
0,0,3309
0,9413,0
6641,6973,0
0,0,7653
1342,0,0
0,4697,0
0,0,7424
0,0,1601
9451,8449,4995
0,2255,0
6030,5693,0
0,0,129
8446,8520,0
3571,0,6270
0,0,5469
9296,0,0
0,0,3097
0,0,4120
0,0,2569
0,5381,4824
0,0,518
7114,0,0
0,0,917
0,2768,3210
618,0,6845
6087,0,7239
0,0,708
9352,8644,1723
3472,0,0
0,9622,7571
867,0,8983
1386,0,9734
3783,0,0
0,0,1700
7911,5344,5693
0,0,8983
1996,7687,1238
0,0,9882
0,512,0
0,0,6140
0,7421,0
3173,0,0
0,0,5672
0,7293,0
0,5205,0
9233,9962,0
0,0,4861
0,4664,1900
0,9093,2412
0,5712,0
1996,0,6389
4156,0,0
0,5985,7788
0,0,5081
0,1365,286
0,0,249
8439,0,0
3300,8270,0
0,0,5966
7614,3464,1679
0,5460,1582
2970,0,0
8167,9068,646
5956,0,8471
0,9714,0
1325,0,435
1574,9418,9251
0,2718,0
655,0,0
0,5534,0
8301,0,4055
9883,0,3672
0,3255,2740
5190,0,0
3662,250,0
0,0,7626
3934,3150,0
3185,6933,0
707,0,0
5838,0,0
4433,0,5334
8488,0,0
0,6940,3677
4902,0,0
0,5793,0
8482,9292,4715
6108,0,0
3153,0,4799
2916,7120,0
600,0,0
0,7392,0
9153,5881,0
9575,0,0
0,2944,0
6142,0,6370
9282,0,0
3998,0,0
0,2524,5304
0,5440,2425
9050,6041,0
5649,0,2776
0,0,8658
6265,8587,0
0,1840,9645
5288,0,4424
0,0,7687
0,0,7057
6214,0,0
0,0,5023
0,8841,0
0,4491,923
2104,0,0
0,0,8523
0,0,364
0,5515,8347
0,0,5613
0,4498,6876
0,712,0
5860,2231,9795
0,0,8636
0,5502,3128
2871,0,0
0,8370,0
1331,0,0
0,2942,0
0,0,812
0,3696,5310
0,9975,0
0,5836,8254
0,6720,0
969,0,0
0,1539,0
0,0,5909
0,5677,0
0,0,4685
6131,7416,0
0,3072,0
2254,0,2833
0,8142,0
6532,475,5389
961,0,0
893,0,0
0,2018,0
0,0,5622
6083,0,2995
769,0,0
9930,0,3484
0,4212,0
5621,2490,7232
0,9023,7707
0,9985,0
3739,0,0
0,9310,0
0,3651,0
4903,9735,1983
7898,0,0
0,435,0
0,3223,0
885,8845,0
8117,3136,0
0,2818,0
0,6558,0
0,0,4854
6383,0,0
0,0,8242
1467,7978,0
8464,0,0
0,8084,0
585,0,0
6242,7086,4387
0,0,7206
0,7889,0
0,0,9659
0,3944,0
0,0,4915
0,0,2893
0,3361,0
664,0,0
0,1366,6236
0,0,3323
8708,0,0
0,4119,4125
9678,5251,1686
9338,1237,0
0,0,9060
0,8465,0
1983,9946,7319
0,611,0
8433,0,9466
4669,8001,7075
0,6709,5607
0,2624,9727
0,2303,0
40,0,0
0,5816,1947
0,4905,412
8689,0,0
0,8055,970
0,0,4650
0,0,2652
0,9152,9361
0,3380,1986
5986,1734,0
0,1775,0
0,7446,1747
9130,2179,0
0,0,3542
9901,0,1598
0,0,8088
5523,4563,9247
0,0,8400
7537,0,1780
0,0,3515
3813,8427,5290
0,5610,2737
0,4741,0
0,0,5785
1687,4185,2663
0,5057,0
1374,581,0
622,0,3429
0,6293,0
0,0,2366
4318,9631,0
0,9375,0
0,868,1146
0,9013,0
3048,0,0
0,0,4673
9362,0,0
7577,0,0
1006,0,305
5911,0,6123
0,0,5754
9072,9737,5130
0,0,5998
6625,0,5011
2055,0,5712
1671,8108,0
0,7471,0
1600,0,1046
5612,0,0
5917,1967,1862
2040,0,0
7794,0,1727
0,4796,0
8923,0,3159
3934,0,5555
9647,5149,0
0,1494,0
4410,3095,6183
0,0,2238
0,0,4205
0,0,4450
0,0,3769
0,0,8566
0,0,9987
0,0,3465
0,9890,0
0,0,109
4415,3649,3204
598,9106,0
0,617,0
0,3991,0
0,0,7663
0,6446,5049
3828,0,0
3816,0,1601
7281,1029,1492
0,0,730
6005,8726,0
0,0,3486
0,2161,4104
0,0,8095
863,0,7450
0,5960,0
0,9788,0
4935,0,0
6536,0,0
0,0,7998
8759,0,0
0,1999,0
0,3122,0
730,782,0
0,0,8112
6275,174,4072
0,3751,0
1419,0,7466
0,0,8353
7766,3252,5136
0,2011,7925
0,5151,0
8537,0,0
0,2507,0
4164,0,0
2276,7608,0
6349,7781,0
0,0,8089
7677,0,0
6030,1045,0
1167,0,0
9092,9298,0
0,7835,5505
2064,0,8013
0,8748,0
0,1025,0
0,7375,0
6425,0,3937
4515,0,0
0,0,8261
4393,2462,5070
0,0,4368
0,571,0
2205,2635,0
0,8530,0
9564,0,0
0,6925,3938
1255,3351,0
0,0,6789
2409,5694,0
670,0,546
5741,3060,0
0,9760,0
0,0,5307
9103,0,3838
0,1750,3741
1204,0,666
5142,9525,0
6667,0,0
0,0,7579
1540,0,0
2087,3538,728
4187,3648,0
6859,0,2454
2167,5066,4640
0,9707,0
9747,0,0
413,0,0
4431,0,0
6316,0,0
0,7719,3827
1563,9806,7365
0,3994,1014
2780,0,0
5234,0,0
9874,0,1751
0,0,2663
0,9187,0
0,0,1439
4012,0,7617
42,0,0
0,0,5143
0,7686,0
2249,0,0
9226,0,3011
1269,5576,2039
3020,1841,0
0,0,1
0,7876,0
5840,1888,0
3457,0,0
8794,0,2783
0,7036,0
3074,9285,0
3065,8511,6638
0,9781,2214
0,0,4056
0,0,6822
8930,0,0
2551,8727,6587
0,0,8518
3496,0,4319
0,4917,1355
6749,7991,0
0,1057,0
4324,7135,0
0,5252,0
0,0,220
7417,3113,0
2115,5664,1834
0,0,4019
0,0,4999
0,0,9916
2895,0,0
3536,0,0
2688,0,0
0,0,1353
0,7442,0
3578,4859,8649
0,0,4314
0,5677,0
2540,0,1357
0,0,2906
7455,7334,0
0,0,7190
0,0,7499
431,0,4347
1785,0,0
0,2115,6649
0,0,3624
0,0,9302
0,0,2200
7729,0,0
636,0,3973
0,0,4843
9032,0,0
0,4983,0
880,0,2120
0,4089,0
9320,0,0
2945,345,0
0,0,222
0,0,7624
0,5084,2482
5062,0,0
0,5959,7255
0,0,2239
1891,0,9007
0,0,3097
0,0,3158
0,8311,0
1646,559,0
1869,5008,4669
0,0,9753
1975,1160,0
0,1066,0
1935,0,5132
0,0,8505
0,5279,0
6279,3528,9914
0,4815,0
2941,6462,0
3163,0,3793
7832,0,9891
7586,9801,0
0,4481,0
6906,0,0
2038,0,0
543,0,0
0,53,1568
5007,9491,0
0,2432,2847
0,0,1179
5811,0,0
0,0,8806
6754,5281,3287
0,2187,0
365,4225,294
3125,0,4068
1165,0,0
0,4870,0
9117,0,0
0,0,1641
0,5931,0
2148,0,0
0,0,1366
4241,7261,0
0,0,7779
0,0,2548
0,1917,2411
2430,4650,0
6043,3768,5384
2088,0,5504
0,8877,1436
0,0,3071
0,0,1460
0,6223,0
9804,0,0
0,4409,0
0,0,9018
0,5148,3669
9825,1191,0
0,3280,3172
0,0,2049
2150,5810,3076
0,0,5057
0,6945,0
5404,0,0
0,4333,0
8854,4465,8576
0,7009,0
1543,0,4916
8981,0,8197
2154,0,0
4204,4909,0
7280,0,1711
2337,0,0
3618,0,5407
5067,0,0
926,0,0
0,699,1215
0,2243,0
8145,1224,0
0,0,2854
1549,0,0
0,0,7895
4279,7201,4709
2936,820,6927
8343,5888,0
0,6814,3725
2290,0,0
3506,0,0
0,0,7892
0,0,1271
4507,5585,8855
2271,0,0
167,2431,920
0,0,1740
1804,3711,7628
2703,1796,4443
6428,4087,0
853,7594,307
0,9151,0
5413,0,0
6685,0,0
5540,7583,0
0,7750,0
179,0,0
