3000 6
2444,2921,3697,7948,2604,4455
4932,1579,3229,8041,1867,5182
4814,2965,7228,5125,7577,337
5925,5057,4485,6577,5869,2235
6384,7187,7047,324,3942,3109
5784,2094,7371,4717,3112,6626
9186,8133,2001,3289,6177,2466
5951,5611,659,9662,2810,7170
5178,7128,2254,4481,7753,5901
6672,3843,7536,295,9432,5235
1739,5410,8445,3644,6310,4683
2371,8597,1746,3334,5306,4313
5892,3520,5472,5939,1751,6712
4131,6744,2065,6751,7535,7060
1759,3017,8141,2329,9416,4977
3497,9695,4594,7790,5353,1840
5648,9223,6770,3089,4576,734
3363,9639,2037,2037,7346,2290
6798,2099,5849,7059,4051,8054
4115,9007,2790,5524,1309,7431
4189,361,8140,989,4383,8748
5284,5377,3183,8628,1177,9695
2533,5604,9749,4844,6745,2684
8092,2100,8176,3259,2841,3965
9992,3837,3223,3358,8247,4524
5182,3457,5940,7034,261,8733
9437,7448,4292,2889,2613,1953
7354,6336,1837,4794,5923,3914
4603,3920,2645,5933,8556,8966
9192,83,6196,9627,6588,1158
2815,8324,7058,4412,2327,9317
6037,6171,206,6469,8136,2787
1301,8368,1525,2425,6124,6959
5782,4229,7602,2552,6893,1939
7463,2628,3295,4478,7487,1952
4219,2820,9392,5093,1634,7506
3559,2249,842,7496,9161,6067
3172,4617,3876,2065,5765,2634
3605,2694,3752,9218,2011,8414
1998,4922,5376,7402,4527,4946
6717,5584,2688,9243,6600,2926
3476,5239,9120,1835,3815,9137
8461,5989,1430,5935,7699,3227
7100,1823,2341,9509,8009,2514
4099,7391,8604,5793,5786,1818
6729,484,8326,5629,3365,2512
9846,6476,7649,5557,2138,1577
2298,7812,3957,5019,5124,7015
3104,9197,2876,679,7128,8408
3772,9176,498,3755,4405,6668
166,7788,4531,7975,8767,3941
4207,5018,7709,2622,6790,9339
6853,4448,5277,8899,2447,4594
6832,3589,4697,7403,5027,1349
5778,5443,4149,7277,1300,739
5826,7057,5789,4120,7554,48
2597,6482,933,9782,7068,2897
1844,1995,7028,5986,7003,6554
2979,4822,9091,5619,3250,1087
5748,668,4839,5496,3875,8047
5616,2778,940,7075,8704,3786
2603,9994,2803,3112,7145,7985
5184,3530,1467,9006,5428,9302
7072,3185,7870,558,8793,882
9262,4010,5176,3324,5487,5163
8559,2681,3886,5661,2930,2760
9562,6637,115,8541,2182,2764
8339,3906,205,8951,3774,9396
7357,4005,2218,5147,7064,1942
738,6787,6371,6447,5669,3876
8428,5994,6433,5848,1618,5281
2370,6431,1972,1950,6824,4760
9814,2332,3986,5411,2020,4607
9605,1753,6148,1141,9555,3877
1643,3505,9818,1893,2998,7620
6222,2912,7514,2229,9449,1762
5926,4213,4208,144,5847,7998
895,6267,3292,7798,5653,7881
4789,7020,8,7754,3459,5469
5514,680,7301,4289,7542,7356
5514,5556,4016,1203,7600,4778
8077,5620,3104,5558,7788,6756
7391,1242,8041,1736,1730,8289
9058,3169,6947,5705,3715,3601
7343,6653,6897,3090,4533,2632
4474,6580,6354,8960,2684,334
8257,5701,4694,8676,3103,1036
8472,6065,660,8580,27,2779
3479,4226,6744,2069,5852,5462
9007,4269,8351,4273,1642,2583
7790,3878,4020,6833,5138,1960
9664,6405,3861,3839,8334,4722
6571,3565,7922,6407,2989,9749
8479,2362,8886,2588,834,2893
3524,3757,2542,8523,5101,3294
7623,5476,4345,9767,5416,3742
4886,3039,5083,3859,2922,5295
3062,8427,8049,860,6121,7322
7055,905,8394,3363,8092,1629
1056,9271,5912,5216,5833,2283
4001,3832,2308,5171,5218,6219
6467,6884,7923,3303,3951,622
2208,6769,7863,4019,2128,8774
9896,335,6502,5460,4321,4897
8225,955,6760,6348,1863,4979
5894,1241,3137,6407,1909,7742
4193,3822,7236,3570,3573,3714
5097,5875,3033,8291,3186,4116
3238,7599,6189,8066,1019,7647
1020,7901,3753,3426,8725,8357
9968,940,4983,7288,3455,6706
4019,8633,3768,2284,443,9232
1802,7838,2142,7598,3345,8133
4882,6765,4533,6065,5210,5363
7147,8123,630,2631,7458,6383
1645,3387,5785,4913,4603,9854
4752,2236,9785,5481,3399,5848
8476,6265,1995,609,3877,3636
4011,7353,2100,8053,6039,3812
1747,8334,3063,3142,8983,956
7748,18,7842,187,2931,8028
8134,2785,7392,3241,3011,5242
5860,9135,1590,6762,5407,5289
6462,4333,8044,2427,8138,416
6463,647,4711,3380,7797,2356
4999,7395,677,6877,9585,2093
6258,6773,914,3585,9017,3352
5505,3963,2469,6603,5197,2178
6451,1240,7695,5999,2439,5962
4800,6983,2557,4664,2387,3242
2456,8630,3993,6070,6500,583
3801,2368,2562,3110,7227,6311
3987,5559,4926,4675,4528,5385
5094,6634,4643,7887,1750,5955
1690,8332,9273,871,7438,2769
1331,1472,7090,8990,3276,6732
2425,7711,6038,6678,1869,5186
5150,3165,3614,5384,7000,1038
2622,8722,6205,1860,7417,2088
7129,2687,4122,6202,2816,6513
2512,1467,7511,4253,8513,6298
5579,1487,4742,5144,9621,4623
5525,5959,2503,6090,2652,9581
9836,7037,4045,1306,9109,2523
2668,7838,1965,5482,6468,7767
9051,414,7481,4917,7942,4338
1255,7937,2242,2817,8271,5168
950,7082,2962,8828,4579,2005
9994,6928,848,4566,9671,902
7234,4958,4162,3913,7652,4498
810,7916,8608,3231,5998,1904
2156,7545,6683,6764,5121,194
2402,3193,6467,4380,7377,4547
1772,7313,6829,706,4521,8336
9496,3171,4384,1280,9545,4450
4415,5376,5094,4356,7267,7307
8340,33,4231,5275,6946,647
6748,2847,8695,2451,762,4902
4832,4297,8094,2263,586,6703
8410,4596,2922,9890,1577,5172
742,5117,8352,7349,4547,1790
6742,867,6795,6518,1058,7766
2093,7713,6152,9561,1980,5638
5550,5255,435,5263,8292,6310
7043,1123,4060,8339,5197,7113
2911,2955,8676,8059,2127,5374
2208,4735,3064,9250,589,9179
4405,6785,5495,3945,4602,5913
2419,4573,8179,7135,1180,6302
3879,5056,2658,5642,7618,5610
7164,3196,531,6276,2772,9401
9378,183,6636,6889,6141,754
5151,50,3886,3165,4225,8721
2790,9685,3786,3823,3314,3667
8109,1750,609,9190,2508,4909
4067,4821,6631,2148,3809,7536
5362,4319,4280,2752,5095,7785
389,2183,7729,20,8994,3162
8832,2366,9876,4653,3609,2739
427,8611,509,2103,9868,3821
8099,3423,9176,2564,1772,6814
7098,5291,2991,6860,1528,3653
715,5128,9165,6695,334,9887
4120,6473,2528,8722,3997,2884
2473,9509,1046,4363,1181,7823
3416,3734,6079,4131,6564,3193
9357,6503,2567,7311,1196,1575
251,8590,3570,6279,273,9561
7864,230,7803,5358,1948,6586
8355,1909,3730,4156,2298,6579
5541,1815,9585,5543,5311,893
5823,3358,4667,6343,7274,2297
1005,5942,7414,3506,5178,1590
6827,3016,5694,4345,3785,5548
4558,2469,4987,4691,1810,6269
487,6745,2877,4610,8230,3987
4332,1891,9401,3575,3130,2451
9122,575,4524,6746,8799,1787
891,5032,3075,2812,4787,9436
5991,2769,4227,3619,6592,7191
9749,5717,6231,587,6841,3210
7533,2349,1928,6436,6474,3902
5265,1909,1540,8879,8258,3613
5554,2578,9000,8069,4029,2972
6986,7809,8430,1281,6769,690
1428,7629,7630,2313,3388,2449
5823,3868,5426,7855,778,4961
2730,3376,3235,3963,4958,5016
3008,4770,7569,2445,8265,348
5997,3633,7310,4428,4990,4330
3459,7211,1279,3048,5450,5954
5593,6425,1940,9427,3866,6851
5647,9674,6746,4302,1588,4713
98,1441,6828,9638,3939,5298
1796,8436,2711,4966,1615,6378
9091,2168,5166,6521,6380,3762
5978,3890,4207,8763,1203,7566
4193,7264,412,1120,8140,4237
5157,8552,6543,2784,1586,6458
3792,5156,8019,5500,7199,706
5086,6132,1970,7178,1914,8523
4241,5695,2481,1586,8109,4139
8621,6364,1688,6957,2407,7072
3903,3689,6376,4711,4063,5100
8561,6398,2263,4587,3965,895
938,8175,3447,8477,1442,5823
2826,2786,4781,6276,5247,5592
1997,999,6796,8462,3280,3338
6638,2689,5508,5625,6719,4381
4196,4717,5698,1232,7539,4456
3415,6488,8616,4214,3305,5996
9642,2355,6308,5903,186,3491
6242,4775,2100,3556,2992,9289
4083,1548,9164,2138,6106,2512
5651,3923,4754,8129,5032,4767
5841,2329,4095,6096,1072,9487
7628,6119,3622,3480,5930,3672
5041,7975,8693,1214,9018,3309
7498,3740,2721,5412,5939,3565
3758,7499,4288,6576,2380,3899
3875,5909,2169,9250,2517,1553
780,7457,2883,3525,6584,4235
1970,7030,4492,5195,4823,5321
1880,8965,3861,5641,4790,6494
5275,3146,4877,6258,2189,4049
7276,1973,3790,6502,6402,7359
5309,5409,4452,6216,1782,3191
7870,1535,790,3654,9560,96
5597,6598,5411,3685,5446,4458
6965,7044,1064,7769,2774,643
2873,3647,6408,9422,5606,5643
5739,1455,3833,6326,2893,8509
9798,1730,2543,8838,3610,6413
115,7896,2934,5264,3805,6742
8444,554,9718,6239,6818,1332
6348,7662,4745,2103,3535,8495
3355,4189,7395,7727,85,5635
1854,4901,4073,4389,2289,8694
12,7939,4915,8324,2527,6318
3634,5195,3943,9429,3635,3864
4418,8161,5214,8387,251,3648
7722,4160,5623,7319,561,4962
3487,4214,8243,7314,1434,7678
3217,586,4695,9192,9355,5124
4538,7516,4794,3250,4127,2879
3409,3460,7889,4849,9687,1666
6370,2778,9344,198,7821,6253
5467,1333,3422,5540,2938,6700
6202,325,7156,1376,6499,5952
1370,7197,6600,3119,2332,8480
7575,4361,7450,2953,8290,151
6485,9980,1860,7333,5574,1837
5204,6687,1415,7993,950,7619
8707,5702,6899,2375,4785,134
914,5677,8731,4997,1679,6307
4461,2426,8951,7945,8189,2003
424,5908,6375,3077,4060,9195
2525,5530,2037,5370,1748,5799
7128,1741,6481,8790,3841,3115
9358,4186,7456,6851,6243,578
2916,3709,921,8683,5903,4834
2934,7417,8742,5257,1743,5779
6949,6690,2443,2706,5933,2743
1862,3632,8390,3197,2231,8513
8337,1943,5807,8547,2988,3738
6971,2313,9558,1514,9395,4412
8970,5076,3198,3277,3217,3442
4111,5092,4396,5655,5018,9163
504,6245,8431,4058,1641,5745
6055,1471,7462,4360,4942,8093
3210,3055,5736,2816,4112,9215
7003,8891,1790,9682,4981,2724
6581,167,9710,2230,9084,148
2820,5538,4172,5814,3809,6299
861,7009,2524,7683,5846,8259
3521,2059,9144,5568,4883,3257
2872,1495,5288,8443,6710,6109
2741,6676,5191,483,9819,3050
3429,2825,5399,7242,923,9425
4312,2717,912,8659,3010,5283
3839,7777,4582,2911,8870,2695
2664,4458,3296,7356,7036,467
731,7782,5206,4258,6881,5342
219,7144,9541,5760,4745,3950
9813,4202,1640,9750,2867,3227
4490,3716,2829,7320,3590,9194
2452,6029,5811,1983,6872,6992
2306,8336,7387,6122,1687,5201
4287,3076,7311,1493,7288,4601
4938,7278,3463,816,7582,3587
1628,9919,3696,1868,9444,4281
7614,2724,1885,8552,589,6534
5666,2392,1135,2375,6650,6323
6711,7011,5323,2104,6210,1357
3304,5599,6647,6648,5949,2505
2104,1970,6420,4044,5637,1038
8341,3659,1616,9528,4041,869
7690,4916,5297,761,3047,6678
2072,5455,3651,5988,5704,9885
3192,1536,6338,5831,1485,7912
9169,3648,3624,2135,5963,854
5375,2624,6801,3877,6037,7615
5772,750,3687,8720,3249,9926
9139,3924,962,4248,7502,2882
3740,5328,8028,9264,1359,6435
819,4981,6980,4403,9490,6179
7332,6394,6869,5111,4054,1229
422,3892,2335,8153,7625,5463
9359,469,3796,7117,6593,6220
3696,6856,2425,4507,3592,6980
2953,8512,397,9227,1017,5034
9419,1918,9674,1232,7999,42
5539,140,8618,5935,600,6216
360,5112,9397,4140,5473,7164
3026,4076,8708,4187,8612,6908
5581,8050,224,6292,7524,4061
1689,3541,8475,4423,8005,5813
1370,6411,4952,7060,564,5604
3228,6683,6693,8873,703,6894
9220,7540,442,7990,2287,7307
4151,7475,5392,1524,6935,3962
1455,5212,4734,5512,5271,6045
8044,7450,532,5961,2589,8200
9998,3477,3997,2374,5220,4900
1766,9161,3878,4839,9468,292
7760,4506,5839,6246,3418,7493
3593,7165,3506,1689,9251,7978
1390,6524,6236,7757,6248,6407
3291,1234,4306,9043,9761,3300
7852,5376,2090,9856,4474,1674
3684,6000,1909,8231,6084,4604
9705,1347,9754,334,7637,1779
8729,2107,858,4610,6510,3814
6661,323,5307,3761,9993,2440
8254,8542,1220,7262,6166,46
1847,7583,2547,7909,5141,7596
8099,2613,8322,1830,3893,5171
2736,5437,1232,2885,7940,7739
3917,4410,8643,36,4115,4634
3635,6844,3624,7633,3967,6873
2295,1243,9062,4654,4404,8948
8451,2651,4917,7579,4166,3595
4467,4547,9254,6860,1988,7740
3600,9357,2412,5244,4607,5958
238,7424,3770,7158,3198,8409
337,5786,6900,99,1705,9069
3433,2716,5208,4658,7726,5075
3744,9489,4468,4370,3595,5735
3448,3023,8118,6277,6996,5273
1736,3941,4568,5437,7838,8495
7881,3354,5277,1233,7834,3172
6386,4284,8405,5661,6749,1146
7060,3978,2884,5677,3925,4298
6532,7341,9875,4372,7908,1438
5771,6327,169,7799,3237,9823
7150,4755,3163,1120,9236,4703
3257,8329,5012,253,9233,4004
1799,6706,6099,4980,2562,7640
1611,8573,3384,5195,9324,3883
8581,5564,7731,5248,460,7355
7482,791,7751,7706,8961,2184
7349,5126,921,5180,7910,1751
3590,5071,1866,5027,9842,1486
4909,3967,7402,3139,4446,2736
1881,2149,5215,3487,8317,4391
957,9407,7425,213,4743,8341
5302,5533,3348,4015,6250,8257
7409,3547,8069,1106,3900,6734
5621,5875,7281,6557,5055,1003
1505,2313,4572,7201,3506,5430
5042,2011,4603,3413,9866,1921
5753,6036,75,8636,3256,6062
5823,8583,3063,2500,6285,5838
7085,900,8866,3278,6973,7561
1856,5331,5178,7827,4391,3423
1742,9162,8901,1872,6079,4427
4187,8337,3057,859,8099,6127
5414,5306,1696,8642,4658,1556
5246,1012,3876,6065,5773,8119
5442,7063,3660,3293,8153,973
8259,4859,5626,1389,112,7222
6684,1761,8186,3825,1463,6277
3783,972,7001,9032,6986,5241
7394,3120,2449,5032,3850,8042
1069,8498,3165,4762,1632,7946
2410,1448,5356,7032,8483,1951
9008,1456,5708,1020,4231,3201
2604,8901,4872,7434,2070,8598
3041,5290,2229,6075,3309,8258
6607,4285,6977,5201,6783,3945
42,9595,6198,4146,4510,9827
7310,5425,5122,2137,3680,6046
9488,1597,8903,1990,1057,5778
4326,9505,7257,1244,5454,2392
4753,3304,9398,245,6243,5477
4204,4914,5498,5774,7980,6375
8513,6994,551,6680,5746,3448
1982,6940,5588,6400,8760,3299
1726,9267,1609,8162,8002,163
4626,7455,6012,9339,2900,149
7743,3236,8304,6696,8597,879
8728,6967,2251,9616,2200,4642
154,8110,2050,2840,8201,5250
4359,9991,2537,7266,2457,1492
1393,4481,9623,1613,4333,8244
4645,4981,3090,9477,1752,7048
9800,404,8370,4514,3197,6686
2756,5106,6370,1675,5835,9770
3752,3245,1679,2709,8205,7576
1488,3687,5633,6171,4916,8910
6835,3092,6377,3394,5845,5998
5164,7489,1832,8656,1722,8241
9732,5039,2314,6808,4176,3313
8154,5613,4943,5254,1724,5197
4239,5357,1980,6363,3957,8587
839,7856,3841,4583,9958,2482
4329,9934,862,7995,2496,9096
7056,1446,5077,6516,5095,9376
5692,3698,1667,7848,2600,7542
2971,6058,764,3276,5862,8094
2573,6172,9036,6982,3781,5482
2133,1159,2641,7714,6213,4949
7184,3589,5015,403,3566,5900
2597,8290,1127,3102,4921,7464
3630,4599,2972,4506,4702,5708
9171,1888,1551,5900,3840,4914
5201,3747,4783,7040,3261,9487
9573,7791,4850,4276,4778,1228
9836,1682,3426,4605,8169,983
4245,1642,7577,9830,2824,7932
8245,5492,5581,2688,4799,2152
8755,4955,6371,771,1891,5657
6910,6935,3001,7463,3553,4242
7851,6262,3350,6601,6159,2821
4305,2796,4020,6198,362,8333
1612,4645,6269,5605,1915,9510
7953,1308,4636,7573,3645,5943
5734,1913,3412,4728,4446,8237
5678,8102,4360,3654,7453,805
3089,8231,347,6246,3700,6909
3854,985,9215,1202,4369,9245
6509,3200,7132,6499,4530,3435
6098,3257,2920,1223,5071,6315
9528,2534,9566,2510,1570,7937
3888,698,8909,4008,8136,2829
6965,7305,2181,8430,1786,2765
814,8017,45,7446,7586,9051
5865,1532,4305,6078,6422,7042
6731,5268,1094,6333,7238,6366
7323,3096,4879,2245,9442,565
2727,3438,6710,4628,6853,2301
5922,360,4023,7466,8869,3995
6685,1971,6317,2796,7189,1672
6680,8793,3334,449,8597,242
8012,9668,1753,6096,9717,1581
8040,3590,5919,6970,2476,7387
8263,2991,1241,4229,5031,7756
3548,1097,9780,3391,6756,2520
1673,3205,5046,4983,7022,5109
8956,363,8543,8026,1455,4425
2063,8750,2043,3736,4328,9932
2680,1784,6149,6704,3255,7954
4571,4270,1127,9242,2284,1805
1309,5626,6589,3859,2546,8001
1644,9705,4652,213,8353,4091
9115,3434,6666,2887,2043,6483
301,3355,7387,8791,5373,2628
5253,1622,6594,2801,2115,7494
6630,3738,1980,4293,8349,3575
5224,1845,7140,3300,9442,5653
203,9320,4081,6666,1764,5233
363,5353,6777,7618,1671,6241
7816,5474,1462,4121,8582,910
3714,6942,2345,3216,6027,6182
5213,4294,7475,454,8404,4936
3303,350,5475,7326,9612,1449
6120,729,7396,3680,6459,4477
6195,9412,4938,2079,595,6170
5449,6618,5124,5446,5400,4351
5410,6414,1530,5305,7524,6058
1088,7781,6922,1742,7852,7888
6569,4188,7104,2069,5172,5479
5557,8975,5366,7111,493,9961
5476,27,9048,4036,3161,8990
5256,2680,4214,5566,6495,4741
3649,3613,6482,9671,5854,2969
1788,1762,5210,3641,5807,8280
786,8614,792,5064,9059,1997
9114,2329,6473,38,2098,6636
2953,7004,2959,905,9001,6219
2632,1101,7358,1818,8986,3380
6480,3285,3755,8356,4144,3179
3125,7377,1545,8717,5486,6091
1516,5995,787,9360,2128,5146
6033,7616,7498,7053,12,2210
5211,1138,7876,7956,1728,8819
9383,3535,9718,2970,52,3941
1633,6032,8602,3287,2703,7396
99,9315,3550,6147,4217,7995
5194,5576,466,9467,5309,5258
4005,1429,3798,9381,2073,8879
8896,7368,1373,2668,8156,629
1852,4148,8465,2220,5973,8574
1180,7505,5998,2693,5535,9776
9718,1129,9647,6367,701,5168
2113,2928,5449,6532,264,9667
9577,2465,1557,3291,4441,7791
1643,7356,679,2157,8661,5809
5941,755,3646,1983,4990,8512
9869,4968,5423,1308,4642,7399
5611,4800,8738,4504,5551,5278
7813,954,8046,3171,6855,4311
6061,4889,8328,3190,6602,3123
7267,9147,7166,336,5852,4620
6545,6275,7057,2171,9916,1220
1133,9141,4025,106,9803,4261
8805,4118,8254,4670,4727,484
6282,984,7226,6828,5479,109
5849,8846,3570,537,3578,6049
418,8512,7872,4870,5023,1086
5709,1092,5556,8895,6666,2860
9386,4426,4229,7504,2861,3508
170,4092,6967,2633,8374,5219
5783,3740,9524,704,2942,2181
5338,1628,8533,1912,6232,7054
5665,5322,9844,7868,240,2594
647,9545,4477,4995,265,5751
5148,2047,7071,316,3864,9723
4223,6596,4483,1629,9080,3228
4833,2255,6643,3778,2847,9916
3079,474,7750,3633,2336,8827
4877,5087,653,6766,9884,2046
2388,1712,5870,2449,3201,9518
6810,4133,8513,5944,1685,7101
5743,4399,4945,6043,5995,5868
4368,3340,7067,6663,3507,3741
5024,3625,8459,5309,1964,5768
9143,345,7251,9959,2843,1170
2957,2629,9087,5807,648,9864
5034,4786,9237,1138,5793,3125
3090,9403,3673,7578,4710,2413
3023,1127,5648,7371,1325,4637
2171,5252,1623,5766,4766,2999
6575,6080,723,8484,442,9864
8318,3578,3962,3615,5852,2356
770,4826,9029,7977,2891,7508
4989,7481,8814,3525,3791,2184
1308,6480,6801,8351,2069,7472
1799,9321,2291,520,5663,6113
5412,5699,6098,1894,6338,2743
8834,8170,2241,1113,9085,1892
1872,7973,6727,2117,333,7376
3944,2372,6348,7207,3696,4465
6343,2807,2916,8738,2009,7116
7101,508,2455,5739,3767,6916
2990,5550,8355,3438,7406,6625
8056,6037,3797,7357,1750,6335
4212,8824,5890,3496,4364,1816
8832,4780,6114,4429,3964,935
750,5389,1115,9613,2722,6665
235,5351,3762,4261,3960,8996
3293,8671,8821,1145,7179,2953
8880,7097,6205,1677,6804,3281
5645,2560,7788,6366,1577,9514
7366,5258,6850,768,9600,2783
6797,3663,8144,5776,4531,5854
7361,6232,4858,3881,4878,2078
235,9945,763,9733,3386,6738
5137,2982,855,8475,1854,7315
3847,5555,6981,6551,4095,6249
2986,6955,2073,7839,7374,3017
8454,4711,4930,2830,7987,3048
3877,8264,3553,2574,3179,9498
9724,6419,1531,8940,1472,3730
3312,2884,5213,4441,6698,3103
9065,4404,33,8911,4601,1850
6909,3163,8930,715,9793,2678
4968,4920,6038,5076,4822,3593
4388,7942,4371,5772,3831,8625
8956,6884,3898,9150,3285,1927
3870,7752,6641,9334,5668,568
7700,1715,6878,8929,2754,3693
2991,5772,1710,8268,6006,6940
1085,884,7053,5914,9389,6392
9472,2284,1527,1978,4813,8765
4354,2939,4551,9219,3503,2827
1494,4043,6023,2746,1332,9400
7045,1986,1635,4597,4756,4988
3258,4585,2603,5987,873,7548
7271,8159,1144,4358,1833,3900
8020,7440,3249,8586,1300,2968
5250,7565,2483,6057,6274,1646
1092,5387,7399,7591,4797,2674
6307,2477,4186,8873,3486,4734
4188,6081,4059,5566,7873,5899
7176,2304,5910,6824,5893,410
3826,9290,695,7032,7013,6326
5697,8826,526,5865,3726,6450
9787,923,1996,7756,4421,1033
5666,3353,789,8606,7881,4669
4677,5036,5786,2215,8897,5378
4602,6081,2497,1249,7754,6029
1984,9408,6467,3741,3829,7281
5520,3219,9847,2284,6293,5389
4022,3959,4854,4586,457,8966
5507,5664,9328,5476,4068,4691
2748,7066,2402,7248,4421,6669
5955,3398,2344,1420,8704,5582
2597,2357,9486,5107,8874,1361
8076,2500,5433,9669,2399,3263
5290,7210,2589,5313,780,7849
3762,5151,6344,4893,5946,3912
4625,7064,7603,4482,6026,2358
7387,7264,5422,4465,5708,4189
6178,7993,623,22,5323,7309
6203,3170,5714,7476,6558,1604
4065,9632,2288,6229,2406,6782
8806,3597,1146,7138,4600,644
6511,2471,6035,7727,4576,3116
7984,1981,8267,6934,1203,3279
2497,1376,6351,6557,1345,6505
7353,1586,4674,4557,1083,6771
2880,8949,9113,1168,5514,3421
4391,721,6630,8954,7034,3683
5567,8584,23,2675,8199,2495
3703,1049,2885,4575,6101,9070
868,5389,9773,6116,4382,4968
6636,8159,2701,8670,6597,2278
5751,7201,888,4079,9396,3602
2556,7836,3107,7700,468,9887
2147,871,2762,6443,4158,6369
9370,3636,1983,9788,538,6386
8330,1759,5518,1630,6810,5825
3610,5068,121,5760,9884,5222
4454,2034,4393,8023,4661,6472
7970,5149,8995,7499,2087,1738
8144,6759,3927,3473,817,7713
6353,2041,9064,6386,80,3878
4153,6518,6840,2248,6350,4430
3966,3134,7912,6057,7698,5453
4982,9261,3038,8207,1786,929
3276,3944,8308,7093,5873,3390
7888,9823,5043,3085,634,3671
4100,3434,4875,273,4292,9484
1899,7991,6270,5538,1347,9129
8363,8058,2679,782,3139,5330
7832,5941,2365,621,9883,1295
5868,4064,5081,5275,4862,3355
9336,2544,8369,2921,3026,2122
5946,853,3860,7207,8368,5341
6608,7321,4187,1153,1630,3882
694,9675,1806,5655,7004,4945
785,7973,4678,6367,4398,9368
1012,7265,5733,8068,1371,7637
8563,1911,7130,8451,3574,4141
3925,8263,3443,8772,4466,1014
1354,7262,184,8894,3787,1361
4895,9490,3787,4221,904,3908
8467,778,2956,1756,4061,8853
8083,2335,5712,5243,4275,6661
2851,5367,7046,1570,4152,6851
4930,7668,794,3822,4435,6639
1506,9503,7891,6617,2299,5648
2492,6240,7786,4612,539,3474
8330,2241,3592,1630,7138,6722
3106,6359,8229,1841,4253,6771
5556,9,8267,7377,7273,5644
7120,1713,2383,4608,3032,7534
5890,7841,1904,3593,8217,8305
7782,8361,7542,1283,3998,6407
8739,6149,865,9954,505,3339
3964,6365,3031,4693,1461,8555
6375,160,5330,6484,6875,3362
9123,3552,4267,542,6123,6196
5993,633,8849,5045,6183,6631
6036,4759,3987,6178,6218,3778
7181,3698,5867,2378,4786,4735
1123,7414,9947,3284,7273,1682
5738,5950,7536,2378,837,6690
9977,5780,4649,3557,1291,7234
8543,3868,2850,6557,3158,2247
6537,1727,9278,7881,3173,4829
3907,6640,6578,4145,764,7519
4989,3475,8838,2199,6600,4343
6569,5572,31,8015,5672,3888
4763,1482,7135,9654,3994,4159
4742,4845,4543,5254,8851,1697
7816,1803,1844,9389,6901,6980
2710,6601,5160,5824,3973,6944
9790,4216,6025,4907,4256,2530
6599,7049,7925,249,2314,6149
9127,2550,648,8882,6321,1079
7681,492,5220,7232,5428,6231
2835,7455,6878,8677,4675,4504
8591,873,7358,1965,2519,5411
3486,9935,6418,3497,4681,5283
1731,5123,4039,5298,2330,6839
6964,3695,4866,4065,8505,5260
3054,3868,7714,826,7209,725
6741,4229,6243,6716,6636,4456
2543,9392,1469,3035,9506,5055
8517,2325,9262,6678,591,1562
4778,7838,4253,8743,4290,4104
1635,9701,5831,1879,2483,6371
1487,6423,4902,8939,351,9130
4394,306,2858,4856,8032,8985
6821,1672,6238,5976,8122,5170
4496,1640,9093,9517,5382,5863
8704,7582,5731,1713,5383,3293
89,3992,6921,1843,5145,6633
6104,5966,674,3532,2735,7838
577,7658,497,7515,9215,5572
1947,184,8856,7475,3628,5107
4290,8317,3887,4701,4772,5002
8768,4466,4371,1588,4466,5353
7858,1549,4869,5314,4855,4412
2914,6424,4519,327,8582,2532
42,7242,2440,7854,3176,6721
5127,5377,1682,4175,5996,5725
972,3285,9940,5645,5182,7724
2681,6641,9662,5781,3825,4210
7941,5300,252,7137,3567,5593
9865,2325,1310,5682,1507,5038
4560,3122,4175,2336,3989,5562
6866,8127,4549,3203,8208,1490
1392,6289,728,4317,7512,6522
1193,3292,4930,7783,3956,5955
4817,8481,6860,1136,5339,7115
5589,6847,1346,4951,1178,5798
8133,6935,6988,5422,5676,1473
9231,1138,5324,6474,3998,8546
8335,5027,7479,2159,7369,937
6557,3526,8120,3703,2878,5718
3893,4660,7792,9671,5475,945
3546,5123,3525,3366,8673,4528
5939,5474,893,6166,8151,2606
8033,7811,1216,7701,803,3657
7285,104,4467,7539,4246,5750
3378,4377,4984,5883,4676,4781
4844,7642,1512,2430,7468,9616
7491,6876,3564,4426,6373,5954
5545,2129,6944,293,9106,7562
2299,5499,51,8551,1022,7576
5803,117,6662,2313,8867,4806
3986,8331,1574,8403,4096,3952
5639,9076,6251,5030,1640,6352
6534,5538,4214,6158,8387,1876
9676,1980,2122,8615,7739,4416
7348,9299,8336,200,4000,2481
7605,6231,9887,7292,4363,1861
6092,5723,6156,5277,4645,6428
3583,5979,6617,2742,3824,7656
5031,3775,5691,8878,6735,6863
3564,5150,911,9213,777,8638
7296,2455,9261,2470,9841,4405
4476,2045,4170,7702,5873,6456
7931,331,6417,955,6569,8011
2721,890,6272,3940,6711,8721
3207,4758,7990,1353,7462,2341
5681,3236,5299,6421,6114,4202
8184,3063,5717,5381,6630,2358
6601,1462,5549,7130,6030,1666
1612,8420,1862,5670,2396,9513
2210,7167,9268,2821,3439,9125
7284,9383,3039,320,6539,5199
5650,567,8931,2309,9355,3398
5332,2924,5624,396,1778,9454
8666,1319,2384,9484,3995,3097
5898,2626,8317,7353,4894,3232
508,5796,2636,8460,4168,3011
3273,5023,9631,4278,2032,6884
4192,1210,5830,6137,9358,5761
6998,4082,1353,6706,2491,4417
5313,7056,3451,2258,9178,5305
9881,4188,4021,2789,7980,344
6648,1502,4317,2772,2964,8599
3195,1920,6411,4254,7759,6253
8308,1561,3136,8620,4364,4308
4274,4182,9909,1175,798,8294
3716,5510,963,8189,6673,3399
3133,6963,4409,3953,506,6782
4799,5108,8181,4013,5905,5714
8373,8246,498,8681,1353,4007
4724,8644,797,7155,4683,4750
2923,4131,2585,7972,3900,2605
4599,6132,3683,7166,6274,1672
7305,4068,445,8375,6666,1294
4391,6433,5442,5902,5975,170
9292,2727,1863,4938,4690,4778
6732,3559,7031,3455,964,8092
3449,2326,7553,6957,9801,4346
4985,8609,4262,7515,4691,552
6141,2964,5666,2270,6632,5419
5076,5946,5529,7420,2255,183
4192,4843,5054,2870,4876,6979
6100,4663,8789,2758,6136,3212
7147,5502,6455,1024,5165,5077
4880,9863,6686,1104,8491,1954
6281,7313,3263,7315,1462,6727
8589,7416,6846,1584,7238,136
9104,7174,4786,6378,493,6236
1401,5319,5368,5344,8824,6207
4763,7609,7979,5008,2273,5323
8981,1685,6615,9204,5804,3060
6924,5075,4720,477,4579,7940
7325,4400,5019,3373,6596,5828
3383,3258,779,4404,4743,6730
3787,8197,4217,6613,501,4773
4656,8825,2516,5214,5973,5754
4641,4799,6452,4572,3497,7735
4473,4692,1516,6210,1639,8868
2084,7263,596,9670,2201,6569
4957,7522,8172,1637,4434,6440
7029,3217,1993,3120,9867,1573
3216,5901,9019,3871,5592,153
9297,3444,1343,9441,90,3160
8831,9135,6385,4187,2987,1283
9269,4242,7687,1755,2188,7801
4896,9168,7147,7816,1673,1119
5571,5717,5384,8533,5876,3274
9462,4431,3720,636,9591,237
5976,7749,9005,988,2728,2728
1984,6816,3523,4748,4349,6063
185,8554,5204,3991,4418,4525
7997,348,5593,6893,7704,2822
4129,8870,3130,6363,7203,1547
6456,1326,8434,1930,4630,6820
5458,3171,2239,3100,6458,9849
7470,2556,5147,4600,7948,4258
7792,5097,5170,373,9655,333
5685,4103,4682,8485,3184,4420
3929,2432,7669,357,6761,8349
5817,7310,4214,7054,1022,3698
8047,59,1723,9561,8276,2340
5009,7597,2161,7900,759,6238
4891,8930,2828,6453,3643,7240
2469,449,3215,9569,5674,5492
3654,739,9004,7752,3167,7534
6481,3006,6843,6645,7873,1019
2480,9299,701,6416,5481,4711
8164,1556,4928,8806,4258,7284
546,3592,7564,6852,3009,8995
3830,881,6946,7217,4113,9890
8948,2452,3935,7523,3510,4157
5847,5281,943,4585,7680,2918
7804,4245,5876,6432,3449,4989
664,8549,331,8101,1141,9636
3229,2576,3334,5572,552,8640
3146,4943,6720,4232,3911,8304
2926,6481,2704,3620,6404,8557
7024,1965,6610,3008,4924,3472
8429,345,6346,6241,6710,1728
4827,9640,6275,2473,5262,1729
7069,5860,650,1047,4636,6627
4362,2852,4239,8874,9531,1668
9605,2890,8009,2148,5968,3226
5838,3515,9031,2207,8305,4042
3111,3871,3442,8352,6875,5852
7142,2823,9210,5267,1368,7553
3283,3573,9474,1206,6373,6948
694,3649,9390,6757,535,7291
6340,4391,7586,5686,4405,3761
6755,3464,4789,7483,1588,6615
2569,7959,6555,4014,727,8470
4382,3124,7092,1179,9272,9376
4042,1183,2158,6110,8777,5194
5123,3593,1181,5674,5685,6301
5151,5202,4752,7391,1762,2692
2336,7177,3294,4673,1707,6813
1162,2248,8008,5516,7333,7962
252,4205,2279,5803,5283,9741
7600,6163,658,4202,8411,3612
4380,5543,833,6194,5731,3033
5826,1434,6336,8351,1140,6799
1215,7238,7123,1857,854,5854
9648,3201,7044,6752,3571,1538
1721,8052,267,2605,8094,6377
7174,1365,2566,5074,7868,4871
6751,4402,3984,6711,5184,5407
1324,6978,7547,7400,493,6785
9797,5880,2212,7010,2405,528
9176,3003,2546,1302,1723,6642
5248,4903,3377,8763,1226,9258
8775,311,7646,2279,6162,2438
6904,1775,7403,9171,1598,3865
827,2912,9036,5111,8770,8043
2278,8086,6016,6944,805,7627
5270,9376,6404,5799,2181,2288
2593,3675,5874,3297,6826,7109
5560,4622,7130,1217,8481,1508
6927,7745,5127,5457,4218,170
4614,8662,2727,7112,5986,2411
7866,3953,6990,472,3364,5694
8106,2035,6284,3070,7698,3241
1084,5340,9131,7261,6324,547
6616,5092,4335,3698,3740,6400
9398,8300,4285,68,4725,3370
7232,5260,5743,3873,6196,4704
5298,2008,1593,6439,7043,7085
7636,3476,9807,355,9320,936
4371,5791,9747,5036,3153,3299
2487,6811,8541,7439,4175,6651
7822,2191,4718,6856,6814,2340
1967,7135,1622,8910,1283,9459
6101,3344,2877,3706,7632,3619
7117,1597,3254,2065,7190,9836
6628,4130,3442,9824,5766,4279
2114,5497,1815,8998,3819,9106
1375,3922,9033,6211,4656,3753
7470,1479,4171,4475,5356,5516
4571,4738,2829,8406,3844,6014
9411,4241,4235,7163,5465,366
5498,7478,157,7464,4158,4460
2433,9578,3182,2969,6628,7448
7621,2299,5164,5151,2188,4620
7565,7384,330,5540,8090,2110
68,516,9888,3346,4362,8768
7696,5159,280,4431,6227,4947
9890,2433,6071,1511,6510,4111
340,8182,4686,4375,6691,5234
6505,7258,5125,4783,2838,5078
6828,3241,4167,5327,4031,4488
73,3521,5492,3870,5953,8673
8692,8316,6631,3231,1447,3090
4778,6490,3165,4740,6405,2145
4464,5814,9277,1403,4525,6138
3416,2913,8428,1392,5979,2999
4916,5929,4996,4142,4434,6351
6989,2743,8905,7378,3517,6368
8193,7293,6555,2461,1743,3648
2746,3560,4908,4980,6846,6841
7553,2469,6039,6238,4743,5193
8610,5342,4739,5572,1852,1570
2529,932,7301,1058,9774,4782
4477,8974,5551,8325,4161,1240
5791,546,6016,8599,7846,5493
3235,3404,8571,7648,6126,2339
6210,1739,4684,7974,851,7315
9787,7957,1753,21,9188,2687
5228,7613,52,931,9095,2763
7075,6167,2515,5867,5223,7035
9434,2015,3499,4199,1075,8623
4871,1981,4807,6112,6828,485
2307,4503,6085,6969,5357,511
773,5238,3531,7154,2399,7435
7532,1596,9773,3079,6259,3623
1663,6331,5806,3152,2351,6565
5737,6175,5114,4933,8623,1772
4737,8500,4199,8874,653,3180
7745,4284,7445,2021,9541,2664
9768,6793,2512,7818,149,4869
5921,2455,8149,904,3589,8001
1573,4371,8818,3703,1361,7913
4750,5578,7510,3111,9654,4621
789,9703,412,6133,7536,7883
7494,4459,3539,4766,6327,6606
7939,774,7811,7811,2958,2336
5768,9603,1862,8229,226,1481
4677,2810,7073,8576,2182,4639
5619,7585,5475,7015,2525,1203
6501,6071,3899,3782,4768,6046
1667,6754,3207,5215,4944,6839
4726,1930,8015,9152,4248,2371
2891,3362,3164,5905,6202,7495
4506,5250,3120,7009,6920,3071
4734,3959,6711,3479,9389,3788
6874,6236,6252,5321,3448,2689
6021,6028,4251,5723,1321,8530
4220,5849,6305,1391,7568,5971
5290,6097,6564,2196,7268,2554
6110,6134,8589,5853,3493,1827
3580,9969,2919,5950,9138,5611
2270,4075,9999,1110,6676,6597
1463,1095,5033,5116,2280,8940
3741,862,4966,3465,8116,5468
6353,3264,7549,3810,1831,7151
3110,6691,2944,3102,3692,7328
4194,8867,457,2528,6642,7564
135,8546,1582,9183,5783,1746
7558,5498,1,6048,6214,4256
6622,7816,1955,6249,5410,3962
113,8803,5139,3857,6845,5685
6083,2249,7391,3303,7172,6767
4254,6537,548,9478,4146,3900
4692,8631,5364,223,9000,3670
1873,2896,9292,8557,2085,7414
3496,435,9704,6075,345,8291
8449,1740,8685,2462,6000,2091
2549,962,8930,2582,8395,5842
5320,5741,8156,1092,6340,3801
1627,1069,8243,7743,3095,6630
1420,3628,7836,3356,3868,9037
530,4426,4422,3656,9529,5645
7671,2032,4534,7954,2492,3000
6447,3853,3349,7503,4819,9386
6915,2664,3789,4462,4500,6715
7150,3951,790,7716,6455,1300
2997,845,8373,666,9984,4694
6737,7908,741,9970,11,6010
6934,7411,3213,3765,5208,4163
3335,2310,3475,9842,6591,2969
7621,5695,9129,5207,1849,2340
341,6638,7918,1456,3913,9511
3642,5088,3271,3578,3201,9944
6494,7887,3991,1770,5840,2817
8213,6636,1136,4169,4042,5754
7033,7292,2149,7145,9778,1228
6145,7862,1086,9983,2506,3573
239,4876,7640,7412,3885,6853
8674,2896,7361,471,7404,5165
1381,7915,4696,3221,6658,5521
4367,4940,4986,8302,3594,8274
5595,5573,3813,1517,3309,6081
8355,381,1099,9916,5288,1628
4056,8215,4329,1750,5263,5587
4990,681,3551,4922,7077,7541
2172,3868,7496,8382,4894,6458
2352,7301,6617,4663,8437,2835
4142,4490,4684,1654,9102,8685
6859,3562,4335,3692,7872,3206
2765,7663,2318,5833,2579,6661
8662,9287,4838,2358,736,4812
2461,2914,6967,5420,3008,5727
4369,7150,3866,3024,3098,3499
6055,1982,5963,2693,2387,5770
6849,7108,8761,2122,816,5617
4635,5414,3760,5219,8822,5479
1154,9953,1232,9452,4503,5243
4263,6807,4937,7022,2337,5164
7773,2269,5450,3722,7018,5624
4379,2688,7573,4626,5145,5771
8631,3677,6763,3888,9523,649
8992,8513,1037,8122,156,403
5757,4564,7638,7193,4161,933
2726,2960,3287,5555,4726,6722
8338,2262,7720,7892,2404,1860
6762,1668,3144,5848,7372,2535
4782,1770,4196,6639,2157,8913
35,7413,8831,4372,3041,8674
7218,1863,9965,2693,2197,7984
8062,9049,124,6288,9082,1044
8676,8726,6863,2048,2878,1278
4445,2580,8048,2925,8717,2798
4012,2403,7839,8265,3896,3129
7281,669,5139,5671,4292,6214
2119,4210,7673,2424,5416,3590
59,9674,3103,1950,8506,5336
8332,6759,3879,5327,5250,2289
7300,7119,7260,529,4175,5168
622,8409,5204,5451,3679,4162
4113,5347,3955,4911,1720,9217
1205,928,6089,8544,3920,4613
5078,7513,8801,576,3884,954
2439,7430,3962,3748,6433,8029
6643,8438,1412,8356,3824,2300
3286,1234,4340,4492,1614,8329
6206,4239,2007,6507,5581,5119
184,7100,7225,1035,5039,6410
2524,5682,8301,6297,1042,5800
5093,6158,768,6936,6824,5985
678,2887,5978,8187,6262,6899
544,1925,9409,4507,6607,9910
6746,1469,6323,6926,4928,7997
8052,3581,860,3447,5870,8201
6051,6956,5510,502,7706,5314
8228,1992,4012,8939,5400,368
2410,7744,1831,7869,4942,9864
3371,6176,5064,2391,8130,3731
7858,2211,3272,4942,4592,9613
9439,5166,5555,6950,1058,1415
6328,2132,4470,9567,5347,1818
8457,6663,2042,7126,2991,4751
6830,2687,6904,1766,159,9752
1477,9480,3344,9901,4485,3563
7334,4410,4911,2744,7903,3945
7298,4679,5513,8645,3192,1434
3591,8406,3035,8825,1661,6369
8333,8385,3187,6302,5623,3556
1699,4178,6742,5530,6166,5353
8403,4244,2807,9352,2624,4473
2975,6226,7945,2171,7198,6408
8320,3120,1811,5817,6129,2625
9434,2881,2186,7805,84,7765
2657,4630,1686,6474,4460,9611
6917,2931,6458,5373,6191,4127
7818,5258,5150,7119,2940,2282
9372,1466,8489,2721,5782,4692
7143,5245,5604,2428,8097,5231
4898,9360,4331,6358,5552,1557
7364,6528,4862,3207,7779,3033
7768,2453,5028,5359,2719,4322
1717,6924,1123,2459,8854,7640
2157,5299,7716,2153,9290,1453
3640,3434,8602,2843,5520,4640
4427,2732,9478,5449,2299,4422
6029,2986,6181,4433,9385,3108
3200,1400,7795,9218,6719,7540
495,4966,7221,1346,9282,3325
2746,156,2433,4791,8946,7171
3658,2404,8896,8767,18,8246
3755,2266,8674,2940,5039,7859
8851,2462,4022,8636,5033,268
9886,1137,9629,4241,3382,4561
319,5349,5926,2664,8822,5863
2945,7322,3083,6408,5904,889
5014,3880,2764,9180,4883,1602
7593,7821,4782,1417,5802,1168
5766,2800,7947,8035,3593,3906
7655,5276,5601,4489,1204,7358
7237,1470,2776,7146,4939,4539
3670,3186,2434,2686,7915,6138
8794,5729,5895,6988,4253,2178
2410,1715,8588,4598,7332,9089
3016,8424,1536,8908,2958,4455
1331,7642,5412,5495,7560,3635
2145,5397,7628,4707,9413,4598
8278,545,8035,879,4214,8454
2308,8379,4374,239,8634,8923
5480,6025,4368,6117,5156,2943
2156,7551,4548,4526,9771,5808
4624,2965,5459,3440,4807,8170
2308,6896,9469,6861,4781,2763
7681,8464,1362,4484,1220,7026
4246,6917,4545,2119,7216,4529
2503,8417,5546,429,2166,8531
7676,5607,1501,2582,6143,2156
5464,4900,530,6384,6376,4239
1546,6225,1875,8169,1302,5748
7279,3476,4960,7793,5871,5502
4873,6541,8933,4456,1878,6907
3538,299,3831,5260,5481,9425
8251,107,6823,1984,4415,6313
3290,5669,2181,3731,6787,8124
1714,8500,1150,6168,6243,7804
5880,1854,4892,4129,4108,6294
820,5748,9930,6370,766,8207
3853,293,6340,8197,2477,7889
9266,6248,891,1020,6941,3130
8016,1357,6911,3226,6680,2620
9818,7298,4856,4342,2614,3740
2193,7186,641,5674,5388,9438
5077,5593,7585,260,2472,8815
2662,4625,7030,5736,2041,3482
2367,3979,8386,480,4948,9167
274,4229,4645,9225,2774,9406
5459,3980,8975,1483,4441,4931
1475,5586,6416,1759,2841,5708
5661,158,8725,6984,4027,7067
3089,2040,6681,5033,9139,2172
1558,6616,7285,7359,3701,4198
8379,1895,4705,7502,4349,164
3342,7978,4582,1840,4845,9436
2882,3313,2450,7250,5790,5008
8450,4437,1870,8297,1660,6822
9503,3777,3561,9089,561,9577
5969,4081,6059,775,6730,9560
7207,8093,7832,4110,4067,1038
7592,2754,6700,8209,3134,5088
1121,2808,5093,5928,8385,9620
5367,6561,1740,5434,6368,5233
8150,8767,1101,5611,699,5149
4680,5759,6768,2307,4058,4250
7365,6991,2384,9635,2023,2864
2306,8132,7773,1114,5576,2984
8763,5135,2982,7165,4021,4605
5297,6899,5192,3028,5046,1587
3977,5827,6692,3744,2275,6011
5921,4499,7699,1648,6797,5262
5479,878,6247,5271,4671,9344
5984,2431,6897,7629,6596,5368
4599,1711,7107,2991,3828,9473
5375,4272,5455,7311,6400,1352
1364,8510,1019,5337,6525,7133
6661,2495,7041,4619,3659,6751
7303,9498,861,2855,3144,5073
1677,2177,3832,9209,4686,3328
9210,4590,3222,1936,1646,5185
3176,3397,3426,5960,5569,7936
2224,6028,1990,6090,9917,1753
3358,4833,7282,9099,6057,3768
5756,3492,4133,4401,9616,344
5357,9232,1024,7436,1225,9391
2256,9932,1429,6846,908,7148
9349,509,4729,8830,2487,6211
9823,4505,503,7932,8806,2146
3672,425,9744,5667,5956,8487
4120,9741,23,8881,6786,1336
5336,8211,1953,3183,9261,5005
3497,7405,1904,1377,7682,5560
1517,3551,5407,7821,466,8026
6278,6147,611,8231,4556,4449
459,8831,5525,5197,5988,5434
3842,2808,9304,5423,4527,7966
3989,6732,3431,2005,5910,2602
7203,1177,7826,3780,1715,6962
2452,6283,4840,5549,6767,3798
2431,937,9476,7756,3512,3088
6331,5058,9968,4308,1815,6887
8323,2968,6564,5698,3379,5527
789,7870,6445,6219,3058,3629
2614,4427,8052,5122,4665,4292
8470,4526,2092,1174,5838,8163
7122,5151,7410,6235,5230,4859
6674,8594,2888,2013,8753,3629
1071,2000,9014,3082,1675,9240
904,1903,3984,6635,3994,6634
4262,3720,6375,6033,6066,1876
9706,4494,3019,5071,5075,1326
6027,7724,5059,4495,9711,106
994,1651,8278,2683,8990,5524
2951,9989,5322,1581,5894,7883
5813,2314,8700,6429,4074,552
2398,2144,6161,2911,4644,9135
8544,4572,9089,2552,6631,655
9670,1215,9197,4450,8298,3503
3155,8114,6890,806,5350,6578
3711,2377,6211,2480,7957,2527
2107,6258,6261,9275,3357,8775
3191,3290,7447,5406,1558,9274
4284,4389,6374,6268,31,5862
7044,8306,3340,5900,2571,4124
4995,4613,4291,7917,5250,2474
5342,6656,3523,9497,2273,5542
6963,7083,3566,586,9935,330
7199,2134,5783,2042,8195,2852
571,9104,1292,1916,6151,6299
4879,506,2291,9151,3792,3246
1321,2721,6311,3345,6402,8028
6977,4088,3558,4486,6858,6257
6306,104,7918,1761,5289,4787
5895,4427,7638,7071,302,4943
7175,6838,1236,5731,2596,5670
5402,5516,2962,9322,2878,4229
6007,327,8043,5108,1392,6082
3107,5630,6354,7363,9103,2500
2580,3079,7294,940,5648,3369
8830,4344,7481,4491,4711,626
4377,5713,2393,8758,6976,4604
5584,3247,6341,1977,9210,4232
4867,4656,2920,9450,1105,7013
3802,5917,6874,5961,7492,3635
8169,4886,4837,4826,1936,8012
5600,8182,5028,6774,5709,3507
4888,6495,4326,3553,5916,3648
4743,4238,9638,5831,1653,5677
9940,2500,2122,4775,2073,4307
7508,3255,5692,7265,6824,2063
1207,9699,1938,8252,5671,6627
6124,6590,7194,4072,5505,2779
791,6205,8740,5634,7503,126
5514,2883,6547,8083,2598,1890
9530,6247,5151,7023,1648,5161
280,4689,3767,4629,4900,7964
9700,5758,7400,4875,3612,2252
4098,5204,5830,6715,6349,2556
6542,5089,8385,1778,3227,4713
9875,4804,5713,6135,1985,1533
7784,2411,1127,3273,6377,7710
2081,8078,6739,3638,2975,3866
8067,4487,1624,4144,3304,5452
6531,6987,172,5118,7158,4310
9862,5352,3215,9846,2066,4723
6307,4370,3992,985,8445,4084
3611,9484,365,2773,9189,5347
5060,9178,7637,6690,4357,1392
4053,5756,5070,8788,3887,2393
8147,1689,9331,2078,1566,1618
6233,2651,4604,7865,8728,1763
6817,2806,5786,8524,632,7785
1653,9459,2461,8281,4849,6381
2713,9648,3540,686,7502,6779
2000,2752,2553,6932,9368,4089
6114,9767,529,9422,2494,4001
5321,1153,6990,4462,9578,4207
4258,8537,5285,3883,6977,1845
7094,6797,4146,9796,3754,3343
8634,2742,5594,7610,1654,575
4633,7471,8672,3530,816,4706
7446,6786,1608,4617,9489,770
4643,1994,6607,9328,2847,7335
4579,4440,8082,9072,5554,1249
8059,799,7717,6523,803,7485
2288,7227,6812,430,9155,6069
5108,4016,7166,4942,2129,9717
1615,6566,7275,814,8850,3935
8261,5286,2109,6308,4228,5852
9783,5161,1077,5307,2904,2176
8597,3508,6716,3965,5451,2594
6831,1006,6425,4987,1899,5926
9863,9624,4763,3682,968,1055
4723,8198,7805,6159,1092,940
2760,2727,8795,9256,768,6927
198,6196,3118,4111,6870,5070
5442,7041,9979,1287,5010,5907
6371,1783,4358,6409,6474,6407
2998,5626,533,3989,6886,1499
8479,6130,2967,2789,7763,251
6186,3828,5873,2477,9278,2381
4200,6832,3622,3873,4114,9099
9450,232,5529,5777,4747,5478
647,6677,2572,7167,9199,1553
812,3807,3293,5666,8936,7052
6047,8132,3581,2459,4853,4569
8153,6983,1721,7880,3088,1576
2728,2977,9468,3346,3824,5738
1141,5131,3995,6089,6238,4074
3815,5580,6278,5764,3708,6383
7104,7034,5112,5744,5963,2732
6440,5059,5749,2676,3045,6163
443,7591,5021,1351,4169,9446
8938,3191,8601,4602,1570,4420
8672,4534,2280,9820,1022,4807
2148,2833,4837,5733,8872,3786
6863,6877,2919,1592,6188,7469
778,5863,9951,624,8936,7178
1670,9696,2586,4383,5177,9174
1688,5292,9598,4675,166,5916
9110,7078,2012,8658,200,4766
349,5839,7818,3903,4527,5366
6604,6439,6684,3424,1245,3724
3310,2520,8158,2628,7664,5847
9273,1415,8123,8451,1265,3588
2268,9932,4225,6056,4540,9809
9912,5899,6724,2136,3126,2722
429,8991,5874,4505,1933,9610
8418,4354,3442,3145,3417,3710
898,5233,7483,6823,6582,796
5868,6142,3549,3653,7638,4638
2753,4679,1844,6910,7793,5831
1558,6141,6055,6734,3452,4812
3859,9731,2148,4745,6894,3930
3622,7970,809,6047,4081,5555
8165,1819,6469,422,5797,7848
4081,6672,6885,428,8536,1264
9746,7443,4575,4484,5520,1676
2253,3368,5904,2114,4730,7987
8396,7863,3598,1382,9546,158
4593,9612,1339,1530,3922,6893
8553,2410,5774,4587,763,5338
8315,1265,8575,8192,2048,5110
2288,9515,692,7881,6821,4285
4503,5207,1159,9723,2289,6578
8441,4355,3012,7123,2025,8705
4566,3239,7590,3668,7236,4312
5099,7723,1673,5573,5121,5771
9427,1100,4902,6687,3663,3409
8989,5419,7806,5149,1603,579
8133,1519,5674,7599,2473,8730
1766,7850,5872,1857,5541,4080
7598,5383,2892,5207,5778,3005
8414,2233,5614,1400,8356,959
514,8943,2074,7650,2518,9997
2795,9960,3046,6216,2122,6244
2977,9234,3694,1772,6815,8889
4737,6385,7450,1143,4287,8633
8914,2643,8516,3647,2720,8628
8456,2127,4221,4815,5925,3207
8613,6397,3163,8604,2858,3545
2564,6857,3620,5740,9160,5311
4245,4375,2011,6002,3110,8488
995,9081,4524,5689,5213,2600
4222,5125,9886,1264,2054,5347
5383,3633,9944,6397,2212,5365
8585,5715,6058,5735,1663,2913
3346,9119,1615,6471,1337,8583
5434,8747,2265,798,3322,4226
4722,2403,7978,1054,8723,5737
8416,3316,699,7111,7079,1580
6671,2665,7964,9267,570,595
1746,623,9783,8509,4113,6356
1981,6965,5992,4897,1546,6299
6271,6846,5026,347,4053,4868
5068,2536,4466,3186,8976,6237
7987,6824,201,8456,2864,1652
1395,1974,9437,9154,2963,7417
8715,895,5849,6346,4427,3228
2511,1687,2632,9003,8855,2659
7598,6577,2492,9374,3588,4374
1651,5516,6221,5992,2468,6311
1503,6392,4455,7936,7054,5065
2878,8113,1815,4691,4883,6921
9466,3687,4485,2863,6885,3515
3986,3731,8807,5296,4880,7143
3114,2757,4692,7511,3543,7531
5694,2795,7649,4401,9442,2697
5950,5041,2335,7771,1449,4443
947,9602,6685,1687,1793,9703
8773,6084,5108,1657,7611,1926
6318,5526,1869,9792,4984,4311
2849,6247,8227,284,8289,5997
7075,807,5108,185,8912,6535
1226,6111,3340,3065,4313,7607
275,8420,6960,7695,1324,4130
6815,7904,1813,869,6355,6061
3361,8471,2848,6021,7274,6945
6795,9689,830,6495,4704,4136
5920,8385,4565,7379,1239,6920
5359,3616,5346,9929,1080,5786
4979,2884,5510,8636,6839,3756
4246,6674,8081,684,4486,3880
4807,4582,5867,7722,6364,4889
5571,5714,3769,7985,4789,846
8267,5657,4644,5376,7624,1309
9086,1374,3863,2407,5686,2424
3552,6002,7062,1854,7640,7931
6540,2147,6285,2427,7738,8307
5699,4442,3171,8161,4435,1406
5729,8334,4707,1027,1600,6500
7587,6860,3052,1911,2583,8691
1779,7614,3066,4629,6766,7983
8313,3387,3889,3065,3009,7692
7588,4594,1138,4436,3573,9391
8217,5091,2087,6120,7369,4112
694,4328,9642,6670,570,8337
3805,1819,8263,4807,8329,3547
1337,5265,1053,6192,4911,6632
3208,6516,1893,5093,4085,6839
6068,3888,2507,8587,6252,3232
9758,6650,904,7104,4491,3653
7784,4754,609,1711,4732,8066
1440,3856,5444,4205,9409,3879
4378,5501,8451,4506,3287,1865
2763,7037,6911,3923,766,9756
8159,7496,201,6253,1987,2392
8258,3411,5274,9657,4659,1849
4123,2948,6200,4183,8452,5814
9853,6382,916,3541,7949,4839
9780,2072,3282,9616,4503,2085
2979,5300,9324,2377,7724,3546
1715,1233,4479,8933,4739,8477
1788,5526,5720,4003,4224,4642
6944,6848,1968,6118,2829,7173
622,1581,9535,4399,5821,6059
2529,3462,4911,7919,550,8281
5431,8704,7491,181,3461,3019
9234,2864,6149,2800,1268,5601
6506,7780,2810,4809,2746,6441
4432,7443,811,2469,9146,2398
2419,8594,5217,3674,7843,3931
2242,6847,2547,4569,3720,8717
5553,6926,47,7404,2501,8301
7288,7792,2122,5962,1792,6313
3155,4911,8737,7482,213,2828
7380,3162,3352,8234,3812,371
6910,4673,3999,8095,746,4382
7481,3879,8036,1437,2600,1640
4441,3200,6138,9336,1514,5621
2809,9098,2965,4144,4014,9301
1502,9475,720,3268,7013,7088
4885,4647,1762,9439,5736,1821
7028,5667,5913,6992,5185,3442
2310,9700,1479,5245,6889,5897
4032,8733,4248,2925,9903,1833
6753,3273,5885,2862,8527,2034
1132,2010,9126,36,8170,4551
3910,5367,8936,2835,4763,1374
1663,9040,2552,4271,4680,9213
9793,5712,2358,5651,9859,826
5456,2859,5767,1904,9159,3321
3936,9571,2465,2512,2955,9509
9193,7319,4155,3823,4272,2188
2111,4193,7805,1415,9727,3442
2834,6172,825,9645,357,6332
3723,6820,8143,3159,5496,2375
1233,5741,1149,9355,4577,8448
3714,3990,5544,2870,6740,3475
3419,7443,870,1293,6908,9660
9056,4964,9152,5287,4201,564
6001,2372,4590,6196,9765,2330
3896,5990,3452,4952,7293,3001
3903,3104,4538,6957,1312,8529
6010,1737,6598,1796,3405,8559
4293,9304,3910,3575,4937,6525
2189,8763,6259,5526,814,8926
4692,2102,5102,4895,9636,4849
9048,8716,1975,1610,3929,5868
6242,4520,9343,8051,3064,1404
392,7273,6004,9717,1307,5911
6223,833,8317,2865,8983,4248
1627,6971,1365,1471,5322,7952
4563,4327,6557,6305,6974,2111
6422,3319,4578,5672,4879,1241
743,7550,1772,8365,3091,5573
2962,4634,7319,4440,2803,5418
6162,6776,9642,3037,3999,3569
5831,5368,6703,9851,2349,1301
5140,3951,5690,3600,2682,9246
8277,4134,7066,1687,436,8239
5034,1137,8786,2104,2129,8238
6322,2942,7050,5252,5370,1746
973,4039,6275,1301,9187,3412
9233,5140,607,6963,7392,313
228,8781,1656,4755,7625,5854
3321,3005,8210,4584,5045,5211
4620,5616,8442,3871,8701,619
3286,7698,3291,7985,7069,7293
4763,8251,1705,8723,6019,2620
7887,5785,7571,5835,3290,580
293,5427,7210,6571,2196,8764
8203,6666,5033,3348,7137,3120
6906,116,8147,9367,4710,1309
6860,1302,8399,2304,8941,1662
7156,1994,3094,4750,8256,5190
1776,8312,8041,7872,4773,2472
2870,5670,2531,9024,4297,4520
9171,7580,6731,3461,6797,3580
5160,6594,5159,9182,4050,2270
6449,1738,6927,3936,787,4149
5978,1474,6733,1012,7842,8211
1414,2547,7655,7790,738,9604
2834,9978,7161,76,3582,7161
6180,6708,507,8315,8363,2683
3653,4879,3457,7934,4085,8837
8008,395,8678,3023,1758,8862
4961,9531,2224,4159,9063,2363
310,3704,8034,4859,3316,9426
4841,1268,3121,6940,7488,5999
7080,1879,5011,5352,7872,3398
4396,5378,6054,3388,4375,7222
8042,2097,4042,6628,682,1652
6180,1285,3625,6440,5422,3521
4976,5599,4432,8283,7942,3378
8689,3918,7397,2323,5521,5583
2765,7355,1953,5979,5598,4454
5984,2710,2190,4305,9216,6389
1969,9176,3683,4275,4470,4071
3325,4555,7103,3041,2892,7565
7841,9236,1340,6943,5228,2681
6380,9971,480,4539,7309,1675
5055,4580,6892,3712,5531,7591
9850,6321,632,6039,7450,5065
5324,2285,7209,3078,2856,6852
3969,3054,4027,6045,7351,4161
121,8125,2458,6992,4283,8282
5404,4969,7854,5189,1330,6100
6975,3419,1770,7280,8672,4300
5950,3504,9503,5518,7783,1337
2132,2003,8432,490,5562,5695
1237,9573,3552,5844,2400,3649
1839,4926,9757,7320,2450,3514
1650,5792,3353,2269,1173,8219
2146,4634,6099,4297,9315,3613
6499,901,2627,9288,3570,8851
2548,982,9406,441,8878,9080
2515,8973,6435,1774,5526,6069
4387,2175,8756,2618,6642,5405
4083,4993,4046,8493,3471,9549
222,5571,5440,6112,7852,4449
7563,2061,1738,8705,6037,2592
6905,5497,8152,6824,279,2158
3658,7379,4699,8263,974,4108
7859,2184,8069,7748,5046,3946
3375,8001,877,6135,6036,3430
1792,9687,1037,8537,7526,1642
9899,3501,2401,5146,503,2145
2523,6234,7048,5666,4860,6626
4551,4372,1204,6172,2815,8747
6061,892,6338,8326,2395,5131
8408,6161,4951,4886,3484,5016
3374,2334,9937,7680,2753,7590
6408,6522,811,4367,7399,2
9664,1812,6526,3970,9212,3031
4648,2449,8544,860,9990,2512
2762,4943,4431,5293,9510,2198
4584,5820,864,3915,9532,3363
7380,4756,3472,2870,7425,8232
595,2338,4645,8853,4668,8186
2953,2184,6636,3022,4432,8592
7552,7699,4384,637,4371,5890
4767,7211,4932,6931,639,8183
6512,977,6699,1623,8103,5664
4993,6961,9804,2615,2803,923
4972,8682,1780,5627,938,9729
6293,6880,2312,2597,9664,5468
7078,245,8002,2271,5180,4934
4441,4544,574,8255,8343,4111
3756,9879,6742,6204,6445,286
97,5271,7556,9510,7648,3577
3780,8569,3926,6874,4518,3836
6569,9090,3541,224,7223,3865
3389,4228,6622,2760,7743,4289
7730,4552,1113,9033,2208,8651
7318,6081,7224,1570,5430,2193
9933,6036,5006,1367,8087,1880
6495,1877,3994,4849,8493,2713
3508,8276,6451,27,8906,2006
1028,4044,3388,8546,5798,7807
88,6770,3277,8267,3912,8843
334,7160,1237,7534,6998,2740
2108,5894,9926,4883,3554,9031
6353,9093,3630,4782,230,4548
8429,6522,1007,6570,2376,6015
6523,6610,4324,1653,3981,4959
6365,4101,7158,5355,3887,5400
1996,3753,3527,5580,5227,9110
5599,3874,8388,2416,7623,4534
2151,4743,5810,2683,8196,6904
4134,5666,9902,1461,4104,5056
4088,7695,7632,2466,1017,9758
5412,1922,6689,2715,6907,6197
6879,5383,7421,273,4269,7822
2442,4621,8477,4655,4583,3411
1386,4306,5391,5077,7181,6987
4734,7688,5923,186,5600,2507
6223,8158,467,9083,6588,376
9570,5271,5292,2038,1652,2771
4582,5557,7950,2301,7781,2823
5161,8054,908,5297,4091,4219
4916,5389,93,6127,1127,5770
3875,9575,4701,421,6292,9059
997,9643,5016,3433,6622,5066
4011,3755,8791,4889,7962,5621
985,8415,1534,7487,1456,8677
1544,2766,7529,5693,4019,8808
5607,7805,4680,8140,552,5385
1108,5320,8725,7236,3781,866
2027,8493,7986,7357,5477,1502
6002,2502,6392,2516,9838,2053
1900,7579,3935,7487,2385,6987
4834,4018,4722,7808,3851,1131
3445,9782,7061,5708,5318,2831
2612,4660,6265,4287,6507,7237
2891,4250,8908,3208,6348,9776
2619,2591,7659,2038,1371,8206
8826,3074,1688,3490,6380,3085
8827,1784,8813,4147,3346,5376
655,5307,7308,6616,3328,3703
7823,1867,4804,948,5890,7389
3663,273,9117,6816,5820,1551
6085,1022,7075,5783,3628,4597
7182,4527,4096,3301,59,6317
3406,5475,9541,2420,5567,1789
4287,6135,4794,6009,7719,1268
3442,2459,6982,621,6753,6440
8202,856,9048,4714,2951,3504
1484,4244,4665,2515,4927,6639
7149,3427,5031,9166,2042,5252
8474,3378,5374,6504,5964,3434
5685,5556,6282,9496,5733,275
5044,4477,5047,8991,6285,4051
6084,1037,1250,7156,6911,4672
6040,3605,1730,8935,1357,5022
3885,4164,7581,4750,5441,2080
2418,2218,7600,5355,6213,9093
1943,5736,4648,8665,6434,4106
6489,8973,435,9041,5637,1756
1759,6262,3800,4088,8707,6740
2789,9889,4656,3957,3764,4424
7321,765,7634,3122,6122,1666
901,6969,9125,4184,2551,6457
4442,3306,9114,3074,7861,3319
1015,8463,2845,3326,9461,4477
9083,3161,3768,3803,3898,6896
1087,8226,4517,5729,3297,9052
4740,3151,7358,3635,1569,7866
2943,6108,7499,2390,3886,4279
8003,2178,1796,7108,4253,8180
7543,2092,5263,3545,4676,7184
2697,2961,3895,2994,9276,7834
3809,6345,3043,6770,2345,4443
364,9278,3387,4657,6702,7827
7221,4986,7575,2475,6487,1943
7177,3549,714,9879,6152,748
3670,6864,8385,6909,3830,867
4007,7640,6983,2929,3776,3189
7405,6715,5251,4266,4633,1202
6233,2757,3369,6241,5340,5211
1121,7936,2184,7923,7053,6045
7276,5646,4231,2101,4682,7647
6209,5216,7076,4896,7257,1998
8207,4196,6364,4147,6209,3183
3120,3829,7698,8087,5397,2261
9477,7826,2984,8464,736,3506
7558,5413,1311,9153,6294,3938
9298,837,7766,3726,7435,4989
7888,3744,7710,1785,3869,1978
1,6398,5585,3516,5238,7629
2475,4416,1333,7629,9908,2577
3530,8279,1824,8004,3796,2513
7676,5694,2670,7789,1340,8296
6641,3596,7599,4054,4616,9559
4304,9508,3189,2964,4275,1812
5896,7316,2954,9553,4443,328
5473,9929,7128,181,3184,4074
1976,6978,3921,6311,5636,1417
9574,8500,5361,226,2908,6894
4028,6690,7319,6784,5479,578
1125,8300,8686,5774,2843,4875
2042,6170,8135,1865,7862,6612
6164,9623,3631,4394,2567,2019
9657,8199,4924,8010,3021,1363
9291,1855,4131,3212,6652,6446
8807,1278,5911,656,6610,6634
6745,3735,7004,4772,3411,3311
2754,2163,6478,6786,766,8488
4536,2095,8136,8144,3805,2987
8087,657,5768,4941,8698,3815
5764,2426,5513,3683,611,8300
5230,4357,5504,7700,2421,3183
5848,4444,2823,6731,6801,6135
5507,4169,5835,8261,2708,1686
1606,9518,428,4634,8673,6731
4981,8015,5495,5154,2937,7994
2768,6539,6956,5948,5278,3457
6589,4471,5146,9718,2935,6354
3204,9640,3760,4420,8965,889
892,4755,9514,4083,3293,5402
1860,6630,9789,3675,5880,6259
8432,5000,2288,1953,9511,1342
791,5177,1602,9808,9730,3524
1814,9106,7348,974,5077,6424
5687,4455,9609,3831,5535,4398
135,6241,9925,6696,3474,9579
4730,4184,776,5877,5646,9161
2395,7718,5368,2216,4833,4752
230,4614,4562,5590,8143,4939
1371,8436,4883,2846,7603,5150
7029,5366,1127,795,6538,5702
6025,1540,4985,9127,5489,8198
2109,5026,7065,6631,3271,6245
8596,3951,3161,5340,2429,5535
2417,728,8652,6846,4646,6135
2939,2647,6429,9366,5363,3524
5764,9899,3914,5035,7224,1128
6656,7101,1539,9876,6235,1429
3458,6131,7136,954,4895,6388
8975,2501,4353,6550,4345,3604
667,4196,9072,466,5687,8638
7468,2756,6154,2518,6186,3595
6177,9079,2307,7951,2580,1290
8937,5555,520,3437,8969,4620
5332,5667,3989,2923,5535,9460
6583,6182,4598,6119,7146,6105
4237,5636,6611,6801,4645,5703
1760,6621,3895,1402,6277,8189
2296,5685,562,4999,3584,8290
4574,2006,2872,7527,2911,8974
4458,3137,2928,5121,4273,5305
4889,3865,9762,1963,6005,2567
5433,5647,6132,9842,162,4979
5279,6123,3076,6344,2508,7910
4421,3319,3316,8379,6664,3770
6152,2133,4426,2656,6542,3620
7804,3753,2642,5899,1150,5090
7913,8373,1214,3189,5287,7921
4438,3175,9535,4316,5584,2819
6611,1397,9772,7960,2835,3376
3093,6656,8589,570,9341,3892
7403,799,2227,3146,7519,8248
6803,3173,2100,8559,7773,3645
4312,2798,5917,3731,3650,7558
9283,504,6907,1294,8696,5143
2992,2021,2338,5048,6962,6778
6410,6137,7489,1667,6727,1376
7214,1920,3782,4459,7653,5093
1575,750,7401,7093,4618,6545
3671,2156,8792,7684,3739,4489
3270,6678,6231,6339,6522,2362
5825,144,5214,5323,8057,3906
5943,8804,384,9466,4292,4527
4280,2617,6879,8406,4747,5392
5989,4700,9928,5982,566,5512
2077,8754,6703,4740,3470,1139
6106,5525,6446,9999,3552,3848
6069,8129,5431,2928,6782,4462
3898,4753,6753,3171,1330,7472
4667,905,9738,3900,4139,6427
1816,3234,9280,4233,1236,8159
4348,5658,1624,2405,8671,8272
179,6157,6284,2184,7107,6933
3984,1054,8900,4230,4389,4920
4098,7402,2546,9425,3818,4111
3580,8677,4912,3881,5084,3416
2815,6039,9449,770,423,8048
7587,4368,6332,8627,3596,3250
1441,2628,8418,910,2303,7637
1988,7259,2084,4782,6734,4300
9060,5976,930,3706,5201,6590
9157,7479,2776,7125,3830,135
4898,2729,4719,9450,72,9938
2257,4071,7324,3907,7233,9371
7198,1670,4540,8568,1099,3636
1732,6527,3787,7105,1353,9109
2410,4867,1372,8576,8583,3855
5067,9024,5510,6392,5690,5040
5892,5089,4652,6837,5091,6466
536,2620,7561,3605,5626,7250
3527,8927,2088,9494,641,8274
5195,751,970,4253,8038,3925
3248,9643,5002,6132,940,2244
2139,9065,7805,4309,4324,3111
3542,8351,4337,3842,2836,4666
3868,4521,4795,6429,6752,3970
2295,2844,4682,3382,7883,5364
303,1584,3806,8103,7632,5276
9114,4902,1232,4173,374,8948
1822,3949,8979,1056,5602,3874
5151,5799,2465,9622,2102,2529
2788,9,8365,6877,1201,7431
417,2379,6690,7375,2953,9684
4812,6441,8414,3444,1756,8948
6322,3253,8433,34,9266,4804
2544,3829,3720,3680,7006,7251
5479,6834,1727,8313,5361,4455
3511,6425,6840,3151,3618,6080
6977,4444,490,8415,4385,5929
1433,5524,8114,3610,1795,7685
2773,7276,4245,5719,4749,9186
5279,3895,5838,6730,4408,6970
4912,3130,3681,9210,6209,4441
6619,5365,7800,3661,5950,6597
2012,309,9268,3753,8467,6066
6065,8511,1743,6737,4308,2239
2159,3398,3245,6710,3862,5890
9135,2479,710,7908,7542,1929
8043,6021,3227,6695,92,3409
9146,789,3864,7706,8811,2897
1760,2913,7041,4675,4165,9543
1759,9403,4175,8890,3722,6419
4433,8748,2743,1083,6799,4159
5112,4055,5918,6007,5181,4790
6388,1929,5309,8220,7827,48
5388,8502,4001,6399,490,5925
2186,8020,4131,1364,5030,9812
5996,3529,7123,7614,4525,8425
1190,9054,1366,7726,1712,9112
3898,1170,9244,6164,3832,2124
7584,4155,5035,4107,7969,1687
6279,5116,2276,6824,5143,3842
2871,6884,3167,3844,4288,7087
1665,8168,7530,1371,5912,7421
4771,1384,6859,366,8782,5943
1235,7065,7403,2725,5280,3932
8854,2853,9428,7299,4821,642
1241,2382,6244,3168,3474,8592
7655,6653,7045,1068,5325,4663
8880,2836,5085,2006,6673,4323
8123,5705,7299,5627,1327,3081
964,8233,4144,7652,1797,3545
3062,5831,6477,6985,5138,2317
3591,6037,1364,6542,2369,5342
3497,1894,9189,8584,5430,5575
5429,2730,9056,4368,2341,3261
9280,4579,1281,6019,5477,207
6489,2194,4822,5636,7949,3874
5648,2118,7573,4268,3364,3388
4064,2776,5342,6063,8117,5789
4434,5514,8196,5562,2228,7628
3517,8701,2655,4497,9856,3192
2729,2957,4951,5790,5906,5811
5518,6353,103,2499,4794,7340
3830,1509,6323,7693,6714,4118
7235,5777,6107,5095,4192,1652
4938,3382,5811,1585,4740,7549
5422,4031,2927,6896,6463,403
372,9612,3326,2130,8678,8171
9818,1603,6911,4453,2933,4162
8525,1525,6660,8408,5645,1338
8330,6078,905,5530,2047,7675
4000,9115,6148,2454,403,4806
5868,5940,9103,2062,3825,4135
3993,2539,8221,7395,6263,4413
3936,7532,8956,9096,3457,3636
1958,8355,2176,4017,8437,7089
9158,2688,4934,5311,8592,2403
3364,5892,4546,6692,3080,9264
8346,5905,1803,5613,9049,1835
2083,2362,7318,7679,5657,9243
1554,4492,4756,8840,4590,7955
6094,588,8385,4531,6524,1793
1212,7337,7550,4222,7292,6774
3683,3468,6223,3973,6527,3803
2494,4655,5541,6379,6484,2774
6468,4762,3548,2370,7279,6628
5976,7334,1714,8653,2536,3082
4106,1584,2633,9714,5067,5335
7055,5315,7783,7679,1021,8768
8025,2526,7804,2064,6547,6101
5293,7125,1252,8590,6263,1776
7773,6753,5192,1611,4954,6001
4607,6246,3079,3800,8552,4462
4254,8602,705,4578,9561,5161
6020,2163,7351,2858,7771,2371
9002,7307,2133,518,6991,2299
3534,2843,7680,4265,7639,3323
7346,3825,1071,9787,2667,3460
3314,3347,2005,9779,7789,2098
4338,9296,4766,3468,8886,1198
5209,5201,4535,1176,4279,6235
7069,262,7825,2713,7355,7008
5117,176,6542,8373,8096,2745
9704,935,7828,8610,2666,2950
5683,6464,2965,4181,1562,8658
5512,1069,3154,3414,9621,3999
4386,8501,1265,5788,2625,3922
14,8022,2594,7243,4667,7810
2464,3715,164,5574,9654,5280
3230,663,4505,9054,3398,7512
821,8355,3775,5049,4022,3817
4515,5379,5731,2576,6826,5503
4232,159,7027,5534,5186,6310
765,8412,5193,8941,4912,4037
5800,3992,3416,7044,1885,5409
6021,8275,3488,9530,535,6363
3936,4826,1746,3681,6837,9325
6579,2142,3185,9223,7669,4284
2138,6253,1768,3596,9283,6352
2546,7440,2090,3633,9172,7578
4510,2702,3083,8001,5032,4759
1597,5138,7209,2987,8795,790
7069,1173,9368,4451,3159,3772
3683,7110,3328,5854,5740,6331
1501,5747,1944,5937,5194,4429
8739,3290,3896,5964,8963,3900
175,9681,561,7015,7977,688
8747,3608,147,9692,3521,7484
3496,8395,1115,7924,2363,6540
6519,8427,7002,4047,2336,5634
2951,8038,709,3723,2161,7306
8398,3350,5204,3425,6670,4879
6169,4853,3736,6153,4531,6912
1102,4241,6674,6120,9618,5822
6228,544,9006,4884,5412,4681
5381,9077,6638,778,6439,595
7741,7005,2127,1915,7997,4710
6655,5477,8310,2401,4029,3771
7315,380,5757,1447,6258,9731
2231,8476,1144,7022,4921,7341
5574,4802,6970,8350,4706,3359
3030,3109,9569,777,9926,2248
2317,6756,5098,7174,5960,5633
1651,1345,9469,2528,9054,7202
5724,4716,1790,2443,8644,8336
2450,1707,7485,3634,7104,9430
8214,5928,5429,3898,2415,2395
9699,4617,290,2822,6501,6336
2617,7078,4780,7017,4108,4708
4103,5409,4012,8448,8010,889
6638,4732,5828,5561,528,4695
7875,8874,2917,5546,2126,6662
5176,3525,2308,6875,2550,9526
9357,4719,4968,3829,7911,4587
1635,6260,1100,3723,6393,9002
3739,4999,6113,8908,9857,730
7744,161,9337,3323,8689,55
3330,3203,5070,8648,3731,3193
7985,7923,4985,4610,1639,919
4338,457,2044,9420,8392,4128
5796,4216,5319,1616,3498,8685
6529,3583,4127,9665,2667,775
5782,848,8596,2970,5189,8055
6091,6151,3022,5068,2881,8244
8873,7878,766,9863,347,731
4522,5304,6155,7371,2317,7061
6026,2001,7512,6664,4372,3513
4539,2585,3842,3980,5950,6625
6841,5290,804,6218,4258,5735
8130,3854,4213,8020,7877,329
1973,2900,3546,3458,9778,6601
9803,3684,3706,7305,5621,2919
954,3941,7955,2307,6176,6081
3575,3620,6548,6785,4182,3878
5678,9050,2328,3072,5213,458
1196,5479,6531,887,8571,5399
9330,3504,804,2627,6310,5434
9314,3968,3034,2884,5082,4079
6462,7499,5588,1763,5775,426
4421,9556,2126,6700,7769,4822
6643,4177,7718,4150,1630,7876
9898,3482,6442,5604,4514,2805
4448,5739,8962,7356,613,8746
4686,3189,4096,7395,2733,5813
8884,7708,3510,6030,1889,3879
3752,7980,6286,1555,9277,3909
3948,5840,6494,4549,8200,2694
9541,3667,2875,6323,63,3765
43,7460,1915,6697,4085,7653
9058,71,3176,4324,4476,5328
4796,3287,8885,6481,360,4995
7506,447,7056,6426,4526,6770
7056,2216,7972,778,7838,1667
6450,3078,3599,4247,8043,1330
2923,9311,6871,4236,1926,3951
5237,193,4263,7116,4813,8106
2267,9717,1844,3957,8962,2869
792,7135,6551,6558,3997,7248
2881,3988,8161,3182,3752,9299
9892,807,5091,550,6645,5203
7384,1645,5581,9355,2735,4168
5224,7560,5647,3761,1953,5956
675,8901,518,2881,4009,8750
3214,7281,9290,842,5198,8821
9241,4873,4212,6703,6214,5863
2676,6410,4553,6770,6192,1786
6110,3375,8944,3412,2085,2223
3401,6770,5685,7859,8082,552
2059,7153,2167,4446,6547,8638
8552,4107,2588,1150,4977,3484
7706,5219,2897,9557,921,3021
6931,3581,7922,420,7129,2816
8592,1972,2804,3066,3108,7835
2403,6487,2677,4544,7701,1238
1254,4940,7729,6038,1105,6351
3983,4999,3004,9005,2961,1910
4889,9236,1901,2517,3270,5483
1269,6628,2468,9023,3273,5673
5618,3573,7171,881,6967,4001
3400,9801,4852,8463,6770,717
9138,4444,6599,1510,3198,8196
6198,7475,6987,2418,5760,2453
8646,4292,4965,463,2964,6148
8165,3568,4317,7787,4821,1455
2660,3874,5770,9680,2357,8624
6832,8925,1627,2343,9621,211
1731,3288,7049,749,9490,7746
3565,5842,2718,9245,3227,8348
5420,3081,7246,1292,6078,5078
4391,4478,6716,6263,5459,7623
4846,3261,2212,9064,6788,4126
9249,4996,10,2750,4966,6047
7735,1449,5208,4371,4298,9544
1427,3662,8887,3266,5238,6038
5316,2196,9727,580,7680,3569
8058,4744,798,4923,4263,2298
5226,2833,3441,8021,6227,3446
5730,3346,9389,3908,1692,6066
7793,3194,4080,7140,3232,8177
9482,9456,4892,4904,3531,3200
6034,6967,2839,6054,8309,376
4412,7305,6919,5960,2237,3227
2795,5365,3080,6385,2171,7252
6774,8226,722,4575,9147,2736
7946,4835,7905,3486,3094,4017
211,7218,2934,1781,8116,6133
4250,6858,5569,206,5862,9736
8565,946,9554,213,6133,2631
4627,3214,9283,7832,789,5476
5842,933,3686,4509,5465,3233
9970,2392,2826,6695,6210,2768
2957,8033,3034,6492,1351,5274
5824,6007,3993,795,3139,7929
6865,4187,5714,726,7248,5811
3919,5782,90,8661,7364,1629
7984,1956,9850,2619,4099,6783
3208,4271,4809,3362,8988,3725
6925,1511,8066,167,2797,6613
72,9788,5190,2108,8221,5543
8519,6094,7132,3965,667,4118
7802,7302,2472,8889,1942,3255
9433,8865,944,6518,3254,7457
2451,6463,7500,4422,8442,2030
1145,7210,5572,6712,3945,6297
4188,9289,777,4607,5650,2334
2746,4528,7456,3874,5151,8009
3828,2936,1732,7260,3196,7090
7197,515,6651,4498,7460,4901
4248,4688,9887,4319,1332,5766
3864,5454,1900,6544,7561,7807
9295,7909,5150,6308,961,4703
5532,7512,4706,3804,5821,4816
120,7415,4490,5658,9374,5542
6995,4294,2111,9728,451,8088
9467,5727,2324,5376,5635,3357
8095,2491,8280,4505,6201,499
5528,5068,5053,4911,5767,6473
4329,7045,3819,4568,6069,3108
8011,2093,6181,2656,2378,9872
2309,2710,5407,1514,7318,7343
8454,4283,5431,1368,8866,695
3221,9243,1779,4671,4268,6866
6562,3801,7421,6059,3009,3446
3777,94,8649,8459,6854,5443
5885,2073,5583,6335,452,5226
2396,8105,4767,9342,6536,6141
171,4020,9039,1584,5046,9922
826,5570,2112,7068,9099,7454
2363,7413,4065,359,6610,6832
5152,7775,1788,6278,8114,1782
4612,5287,2394,6347,6693,221
8167,1439,4082,9317,2475,1012
8919,762,6120,5568,7370,4738
3575,7247,2984,4816,4675,9105
5339,4028,7207,9034,250,7434
6572,7808,2322,1936,5505,6102
5373,4525,446,5097,1802,8668
9895,2710,199,4116,8303,4273
7237,3980,3378,4175,6167,3722
5149,6790,6424,4662,7760,4862
2122,5402,6839,7416,3404,2978
2611,5192,7259,8559,4393,2548
5189,1661,7850,5552,4111,7580
9219,108,6340,5541,3875,6917
1638,6324,5317,8695,5308,340
5414,1013,4532,4610,7819,7084
3670,5179,7087,4368,4791,6177
7156,2265,3245,7300,6703,7398
3620,7137,4648,7459,93,5903
6975,6955,194,8038,4755,2504
2159,7711,1443,4928,8443,6387
8861,5525,476,5305,8242,1899
1638,8459,7172,6963,1934,6591
6270,7782,5134,2568,5681,4988
8706,1695,4102,4485,3321,5352
4922,38,9028,3781,4498,4053
4469,2177,6018,7313,6066,2793
4926,2115,4886,8409,4956,7080
6732,2817,4021,8656,5546,2259
3708,3666,6751,1144,8683,3855
2524,9994,398,2113,8541,5944
8712,8524,5289,1599,5305,5870
7313,6468,7355,3728,4659,5585
3781,8257,1866,9023,5561,5115
3020,7373,8819,4421,1611,5028
6713,4041,4341,5769,2617,9009
5028,5643,3836,7127,5848,6123
4411,7989,8967,4653,4395,874
392,6646,5159,4583,4375,6951
5522,6213,4448,8793,6970,2673
6049,7493,3385,1535,4599,6584
3103,5643,3774,4056,5800,3250
5976,779,9143,7171,2134,9344
9040,2968,5526,8294,1402,4858
5050,6368,2862,6976,8808,1038
361,5328,9244,6566,2293,5640
2592,6862,465,5044,5916,6700
6074,1703,3267,8452,7747,4522
2621,7873,7490,2100,5096,6264
3410,5343,4545,7431,3420,6640
6550,5772,4343,3216,5800,1875
3069,597,5005,9206,1130,7810
1085,4336,6000,3096,7240,7653
2598,2587,4704,6220,3319,8867
7078,775,5698,2890,5320,4339
3420,4102,7609,4734,6927,8035
9899,1445,4624,6553,1040,5240
3147,8160,4580,8522,1429,2918
6443,9259,3326,3129,603,3676
9271,4224,5258,9375,2990,232
8674,8992,4726,262,7294,4108
8643,7319,2342,814,2857,2675
6711,2046,9699,1866,1480,4338
9456,4948,1873,4726,15,7798
3205,7453,3541,4551,2788,6332
6964,8934,4321,97,1216,4446
7211,1932,9829,2899,5365,3978
3576,9342,4432,8363,4547,1997
8311,3715,5347,8356,4864,1424
444,6348,2616,4567,9092,5115
6068,960,8142,815,8137,4793
7685,3884,3117,7519,7497,3519
4853,8742,1971,6214,7634,2330
2905,3916,2546,9813,5842,6922
6461,9268,3138,2800,4612,4965
9164,1770,8305,8283,158,944
6371,2970,9250,3300,51,5764
3172,5967,4729,3484,4366,7390
2585,6084,3056,8258,534,7507
7484,6592,1756,5590,5865,1603
6354,2722,9642,433,7556,2256
5311,5272,2764,8507,4574,481
8052,9773,5935,3442,5137,2771
7673,7782,3394,6579,3497,2495
4256,5707,6332,1683,8188,2028
1182,8816,61,9109,4587,5082
8496,2177,5155,9301,3762,1878
1422,6062,3591,6050,3446,9630
276,4653,8476,2117,9375,3080
2104,4658,5881,6367,4559,7597
2381,6514,4610,8011,4203,3762
256,8889,4990,5119,9053,6018
3185,4532,1863,8628,5243,9124
5094,3055,8215,1590,6854,5292
5967,4776,2400,5092,7500,4985
6295,2882,275,7013,5494,8826
7301,6693,3681,3512,5180,4538
8269,108,8155,6077,3099,8203
4686,9006,4234,2294,4074,3281
3711,9688,1200,5742,4950,4294
8043,2229,3621,6485,3322,4420
2909,9915,4776,1137,1246,8260
4204,7202,3411,8115,2433,7113
3352,3610,590,7725,4612,9958
4508,3366,7701,1473,8147,6294
2958,3398,8332,5406,5300,4088
5630,5111,5330,5449,5588,3686
4465,3511,7473,6932,4105,5775
2012,4823,8971,4205,6083,6621
1145,9132,1961,6691,4992,3495
1452,7370,1731,9357,5504,4310
7136,4912,4583,1946,9086,7906
6059,5460,3245,6340,7212,4625
6105,3948,8661,328,7685,4970
753,6096,8946,1175,9910,6479
7548,7444,1521,3621,5370,6126
1518,6445,1664,6978,7492,8124
7741,1499,7122,9930,1367,2197
5347,2467,5445,8785,1934,1533
2448,1883,6295,9484,2829,7645
6108,3253,5139,4355,9052,3510
3290,7666,856,6218,7853,2573
5174,5194,4963,40,9210,8791
9931,784,226,7243,8675,2544
4001,7911,4656,1305,8573,3144
5967,6996,8489,4691,3422,353
1854,4654,7242,3193,6533,8703
5509,2413,8868,7120,2890,3866
2584,9892,2686,8067,7301,3012
6337,3523,3198,1533,7538,7405
5501,6596,6510,5762,2121,2438
5036,8106,3256,8715,3542,3193
3688,8107,8816,3617,2950,5720
1317,5332,4250,5311,8755,2824
2137,4760,5476,6682,984,7669
4338,5240,2409,9428,7472,3760
5494,8143,5364,528,5311,2859
4998,8154,8415,2256,2850,2288
5478,457,4209,2561,9490,4410
2664,8770,1025,5110,3321,8662
2035,5436,3412,3214,3786,9615
5073,8233,7005,3230,3313,2266
3362,7949,5991,4893,6350,1831
1645,4624,3210,9637,4467,3411
7202,2949,4861,291,6472,499
4832,5680,4980,327,9671,3572
4199,6742,6129,2066,6971,5880
3085,2406,2972,5811,9042,6836
3332,6124,4996,6287,16,7451
7599,866,3480,7434,6278,196
5864,8251,3062,609,6544,2300
7030,3677,4766,2117,9332,299
4852,6671,2243,7169,6461,2214
3299,8927,7610,2253,2768,4981
472,4782,9068,6609,7779,3127
4779,1952,5584,2270,8374,4010
605,8758,4785,3398,3043,7093
6363,7106,7476,250,7055,1619
7459,776,6414,6405,3473,4413
2732,7450,6944,6596,5062,1151
3471,3175,8324,8661,3181,3569
6724,5407,737,2987,9412,3815
6284,5043,5059,8549,3242,5264
7448,5763,6793,5132,1487,4147
5289,5761,1664,761,6325,8423
2943,7256,3280,3189,6932,6788
6068,82,9397,6987,7649,3126
2769,5385,4138,3526,4698,7827
4236,4926,6238,5038,2111,4564
1664,6448,3894,9743,6526,6705
7862,1930,9784,2351,6446,3374
9610,2577,5401,2957,1851,4766
7387,8158,2346,2309,1400,7554
8347,6174,5559,3699,6528,1084
2619,8056,6229,7360,2637,7537
4260,6604,4622,4153,7744,5925
6112,9306,2898,2744,8617,2880
2726,6072,6138,7007,9209,1451
5316,4071,3792,5914,752,6383
4041,5488,2406,6934,6647,5229
872,3827,6774,9290,807,6540
1189,7227,4720,6053,4481,8153
5623,1868,7689,3511,8177,1124
6186,12,3675,8072,6674,8123
3571,5186,4230,5472,1497,8554
3803,423,6472,5153,6017,8627
4118,5220,1308,3131,7446,4695
1137,6616,6777,8272,262,5863
9112,2901,6639,2069,3485,5129
6663,4025,8120,6027,4187,687
227,7966,2638,7264,4180,6391
1236,6583,8009,2991,7077,5679
9219,4915,4700,6857,9455,76
7196,8513,6531,3237,2062,509
4039,1755,5352,5955,3170,5255
4178,6822,6382,5699,5128,238
1794,8019,2226,5120,3246,9998
5939,5922,4074,9598,2798,516
2613,4209,9173,5083,1369,7944
9255,1024,5790,4987,1804,7651
6074,3368,6902,1623,2552,6928
122,6918,4547,7156,372,7000
3862,4830,4819,4863,6100,6586
3166,4414,7405,3879,7186,4259
766,5739,4587,7360,586,9543
5291,3069,9059,3232,7859,1692
2337,7065,2855,5103,8726,1944
970,9721,1415,2122,5358,7439
5846,1442,3462,5032,5278,4202
5060,3107,167,4470,6192,2599
9434,2585,8148,3658,4558,244
8893,962,3908,6870,8615,1347
1846,9472,5172,3808,7089,2330
4300,7031,4376,6547,1725,2451
5259,3414,8474,6468,3531,3321
7501,2674,363,5835,6279,4275
9992,277,8003,5419,4997,3931
6052,2503,8555,4808,2725,7482
3642,8497,1827,5931,6192,5722
2140,3569,8148,9357,75,7373
5038,763,9378,3460,5965,8258
3136,6213,9781,5502,2052,3656
8947,3228,5979,6337,2827,6440
4145,6329,3629,1402,8878,5736
2681,2745,3913,8161,5717,6416
2066,9049,1276,8920,1168,8949
6039,4377,6973,2152,5090,9145
1456,5115,6030,5020,1280,7617
3515,2390,7522,6379,3770,9769
263,5399,8845,7458,4510,3673
6333,6276,7085,740,6001,3621
6159,7591,2040,2102,5146,8275
7517,5931,708,4541,2621,4668
7210,7729,336,449,3817,4466
1405,3367,2330,7642,1485,7469
3950,1864,3510,6043,9820,2932
1826,867,6392,8878,353,9596
986,7049,9448,4709,812,6190
5089,3759,5384,4142,6941,5906
9648,7220,4284,5171,4291,4238
2131,1911,6411,3460,7645,8037
8845,3311,5314,5469,5468,4075
7893,7366,4363,6480,1533,2383
4624,8450,5735,5840,1840,3919
4011,8351,3940,4398,3647,5838
3558,5994,4202,6070,5904,5978
4752,4362,548,6038,2857,7876
3414,5425,8325,4572,9352,1922
7522,7699,482,7939,6313,328
3579,6870,5828,1560,6918,7435
1649,6599,5646,8580,4082,6427
4560,2600,4944,3641,5312,7534
9074,3161,3673,6360,6957,2188
6816,1640,4611,8413,4010,3595
3032,2912,8276,5664,1928,6761
2861,9392,590,7423,528,5709
220,7832,5160,2026,9353,5466
4960,8253,3029,3206,5501,4496
4119,56,6596,5481,3236,9056
593,9530,5974,1912,5613,9489
3675,4307,9698,6406,899,5431
9025,4739,5491,5258,3849,4734
3169,9171,3675,1109,6095,4332
2253,39,6022,4689,8682,4260
5452,7202,5868,8714,2251,3536
8335,4256,5873,5607,7050,2660
269,4321,4748,1670,4102,8467
4166,1124,6240,3765,2042,5697
1959,5166,533,3451,9077,6085
7295,4638,4413,5202,3938,7715
8100,5028,5487,5240,1727,1566
6820,4483,3632,979,4154,7985
9891,1406,9345,3546,1566,4019
4965,9531,564,6827,2062,2833
1163,6560,8059,4015,2776,9403
7324,5589,2126,8423,6659,110
4730,6464,1188,6086,9186,4238
1329,7165,8303,6416,7013,634
1407,5223,6762,3316,7194,3977
1515,1454,6504,5533,7517,6398
8230,1769,6835,3007,912,8079
5900,615,8533,2968,3747,6841
8094,5975,232,5976,7503,3728
3368,9233,5519,7998,753,3304
4303,9303,210,3579,1961,8231
7340,3520,6306,910,8491,4688
6161,6482,3855,2585,4863,4603
3030,620,9443,3736,3439,8986
6458,7053,8923,4055,5524,1239
3238,8967,4187,309,6098,7848
4181,8074,8937,1979,4932,852
4012,7214,1217,2953,4891,9256
2573,3344,8012,5408,210,7762
7873,9711,316,2919,3246,6751
3239,7216,9862,4745,3334,4004
3831,1248,4158,7349,5015,7337
3065,8965,4386,3928,6468,284
6468,3080,4428,9270,884,8016
1459,6153,3000,8532,2855,5880
6670,2252,8185,3273,4798,1818
8276,8028,1574,5918,615,3914
6819,2430,5531,4404,5089,6847
5777,7345,7439,5610,714,6438
6760,499,8393,6687,913,8795
8701,6455,1614,9476,2997,3521
3673,2137,6338,8383,794,9797
4377,5211,5163,6545,6197,3207
5733,3036,7125,7930,4642,6395
5731,6104,2256,6215,2971,1876
6223,2960,2317,2860,5124,7387
4181,5827,3594,7881,9014,1396
8404,8102,5529,1479,7969,2156
571,8840,8479,3387,2989,5319
1169,9852,150,9740,7498,750
8446,1831,4348,9721,2987,6642
6066,399,7719,9368,2213,2581
4056,5245,5548,4941,2807,7541
4765,5176,4565,1491,7272,5219
4205,3980,9927,1621,8228,5936
6124,7774,1716,2427,7512,7857
2061,2016,6406,6314,5988,4847
3041,4956,9193,1243,9304,2524
5091,7457,4697,1301,8066,608
7565,2968,4076,7044,4896,1361
1854,8976,1372,6532,4553,7546
6240,1537,6964,1723,4605,9023
5494,4059,3500,7307,2756,9523
5007,9871,28,6032,7160,6013
8106,3117,5415,7347,6941,3487
3846,3452,3937,4322,5395,5093
3225,7901,5036,5117,5282,2884
4495,7289,9982,2124,2289,6484
9840,874,7995,8231,305,1343
4090,3810,2903,7711,8841,2929
3456,3519,422,6171,2647,9876
3602,7796,186,7218,5851,5105
9130,1491,1048,8394,5143,1861
4185,6829,6087,3905,3910,6138
8157,5325,2659,4888,4327,9575
7792,1328,4684,6718,937,7097
5236,483,6807,1059,5958,5989
3535,2821,8182,16,6310,6122
9519,1044,9252,3243,4687,6015
5178,9128,4565,4275,1999,2826
9182,2174,2819,9339,5057,586
6308,6552,849,6282,8122,1957
3848,3865,1738,5681,4662,9649
3625,8606,7482,1951,8990,4632
568,2256,6507,8042,6370,8514
8194,8271,1853,3820,239,6558
6191,6023,3926,2950,8322,2451
6757,4537,8299,427,6134,2379
4806,4115,8316,5436,2810,9064
1404,8613,4400,5482,5518,6410
4525,9510,19,2887,6347,554
2046,3623,5736,4323,4621,5265
3509,3960,7535,5081,8373,4254
5807,9856,6644,3594,3171,1772
2581,2601,3392,9281,1149,5484
5978,4488,956,3151,4717,6604
8376,1284,5850,3061,9656,3857
3387,5501,7789,7441,291,6660
5323,5843,4169,6412,4361,5932
7234,4079,5374,1627,7876,6222
8050,4639,7512,2632,7353,2483
7240,2432,2456,5022,7031,7534
6398,4089,1576,1946,5633,9300
4543,8502,2663,7298,6955,4733
6612,2308,4707,7307,2879,6520
2952,5703,3804,7512,6471,2652
9314,2387,4425,6741,250,8275
808,4461,8865,7946,2520,7479
4667,9694,5160,4096,4191,2069
6690,51,8113,3777,4661,4031
2629,6057,8571,4619,6304,6227
5807,4638,7870,5578,3335,1928
2045,7834,6770,4411,7842,2767
4424,1096,5826,9376,4425,6298
6911,4112,7566,5142,882,5150
8690,3070,9697,6526,701,3523
7542,7828,4903,4439,4725,2303
5951,4535,3884,3207,3101,9556
4606,8125,2645,4438,3770,6554
8547,3048,3878,3890,9747,1241
8142,5384,3693,6675,7047,686
9291,1702,8569,713,2865,5262
4129,517,8173,7571,3097,6300
5156,8113,8204,5304,3054,672
5862,6745,3787,726,5122,9749
2834,2853,8014,6835,8275,684
4751,7365,4327,8119,2330,923
3082,6510,4702,7961,5548,4714
2065,2981,5315,8149,4803,5685
1948,1781,6582,794,9850,8166
2518,5840,4422,6960,6166,3736
3254,807,5755,5296,6022,5446
5620,566,8361,1627,6856,2257
5301,8119,6762,2805,7933,5053
5839,1427,8075,4322,3433,3064
5343,4985,633,8595,2523,6851
6375,3376,5571,8990,1031,9813
3403,6228,1503,6919,6244,1984
9998,4995,1053,7278,4668,5454
2545,4021,2328,9633,8819,3743
6606,1806,7971,2244,6922,3426
6578,1384,8388,4978,6063,2446
7056,4191,7784,5311,7244,5793
9075,3593,4094,8867,298,8113
7138,7764,4477,6976,4761,5175
8080,8550,751,7060,5836,3878
9907,6859,3887,4519,5005,1696
6000,5479,623,7905,4249,3361
8385,3791,9047,3649,2876,2716
6202,1571,9169,742,8037,1418
7644,578,5119,1129,8623,3913
888,5169,8128,2950,4290,9876
5929,2095,6832,6425,1747,4588
3786,2450,2681,8849,4703,4835
2537,5681,116,4791,9752,5014
146,8557,9991,4299,2312,7666
4490,5606,1961,2373,2925,6474
3904,7027,29,7492,8399,3609
6992,3511,1725,9263,4321,3849
5462,8653,2570,6177,4899,6321
7769,3129,4416,5384,8947,2714
7383,7663,119,6210,20,6309
9114,5344,2385,948,6858,1546
2062,4612,6044,4337,7607,2714
3095,9381,460,5353,6461,4419
3507,3844,7568,2528,5327,4959
7722,869,8273,8498,1087,998
7909,4538,1253,3975,8754,4214
3439,5503,4752,4468,3012,5706
5696,2193,4349,8522,3703,8511
7503,8124,7181,1839,5744,3528
3863,2622,1051,3547,4296,6979
4674,1250,8126,3119,6365,4861
9388,8460,4413,5406,6937,135
5309,7539,380,8435,1393,1157
3387,2583,9793,2658,8615,8080
7005,2854,9017,795,60,8576
818,8021,8802,2263,6608,3074
3289,6055,3194,8108,3029,5085
4894,1869,3808,9183,6474,4016
3412,4429,3974,3694,9340,6593
6100,5348,1667,4712,9994,6320
5406,4841,4740,7543,4983,968
3398,6144,4069,7527,3729,9505
8879,8429,4336,3245,762,6923
9136,5838,7626,1669,3271,3538
4948,1546,19,5495,8030,9813
7114,4415,7889,1991,7784,4559
3570,7220,5185,4342,7236,7
4601,6650,5205,7589,6404,1382
4740,8453,2574,5025,7152,1587
2168,2797,6855,9667,2963,1518
5084,5125,5181,9617,3401,3010
3402,6439,7708,872,2421,9504
9724,6509,2466,6981,8549,879
5496,5221,8843,3137,4165,4270
6419,3702,6165,3457,2936,6220
8345,5568,6514,5550,394,4783
5594,6895,5968,2664,3626,3658
6667,6026,6126,252,7015,7895
1312,9375,1898,8665,2494,9797
5844,2688,5234,8045,2639,4347
4284,7185,8770,512,6254,7957
2954,2851,3926,7860,4844,8373
5996,4485,2854,6550,3124,6263
6646,3158,4546,4859,2359,8177
6601,1323,4839,6913,2937,3821
7506,9253,2103,2699,7909,374
8932,1337,6340,6829,2116,7876
6164,5790,4321,5402,6614,2189
3283,5433,8356,9486,1110,8581
5495,4592,6687,4563,6743,4099
7718,2161,6354,9170,1409,4185
4466,5685,8294,939,2069,5718
1394,8818,465,8294,383,7627
1242,5940,2160,9093,5853,2629
9798,5478,2193,4341,1077,5255
6659,2927,7864,5159,9232,202
6561,5629,1761,8128,2439,160
2247,831,7287,7136,6853,9061
8154,573,2155,3520,8901,3415
6792,3445,3372,9432,1225,3456
9479,657,3920,8865,4665,488
1669,2077,9232,5763,3091,5246
6375,3807,2475,7679,1670,5559
7462,2281,2533,8471,4966,3719
6737,2008,3773,2780,6424,6493
3219,1503,5531,4603,6958,4518
3186,5837,4478,2555,9178,5372
2334,4666,6131,4156,8464,6822
7778,3149,6294,338,8873,365
235,5129,6793,8129,1695,9631
6084,7596,2915,4312,2362,8538
9872,2015,5542,689,8298,319
3975,6310,2152,6610,5960,5580
765,7835,7778,2944,8996,2928
1035,7466,7482,5765,5575,4756
7621,1530,250,6641,5988,5543
5305,2912,7164,4566,5221,7832
3291,7627,3193,8507,2718,6858
5199,3538,7163,5317,1022,8952
6224,2343,7018,3010,6359,2794
7845,1711,4173,4477,6606,3488
3738,5753,8354,3893,6795,809
5053,7226,602,4254,7944,8545
5733,6196,1227,4184,9096,6395
4331,8715,2611,7232,743,5950
9762,133,7617,5759,3546,1063
9282,4110,6483,6076,3364,4832
6576,3152,7488,3514,9868,319
1851,1989,6914,2922,7583,7619
4617,5115,2904,4203,2805,8459
4145,6613,4465,1620,9342,2190
2752,2907,7698,6676,3899,5045
4965,718,4292,5357,6562,6357
7230,4083,7338,6207,3080,3718
4669,3736,7602,6545,3380,1288
4367,3073,8671,2602,374,8201
6555,5510,4628,8383,156,3216
7222,5853,6223,2882,7882,2076
6107,3969,7151,2397,8527,2821
6462,993,5240,3558,7635,6919
5860,4203,3627,5388,1084,4574
7737,5862,7098,6560,1820,3956
2164,3626,4800,4319,5714,7900
2345,9791,6439,1194,6360,4123
745,3726,4608,5452,7747,8793
5624,1704,9974,2785,8998,2155
3600,2374,5252,9033,302,7055
5905,3910,3162,3505,1732,4577
664,6031,5071,9576,7848,3354
2554,1811,3266,6326,5947,8795
9164,4699,6781,3674,8438,801
5986,8153,5176,2301,7963,2531
2500,9381,7716,328,6064,5262
1327,4496,9864,5312,6452,2871
6382,5546,2115,2315,4282,5769
3827,4116,7847,3086,7964,6595
9848,2324,4584,6356,5079,6044
5295,1066,8133,6210,7017,3350
2872,8825,5331,9679,1401,1686
9878,3820,3635,7978,4865,2784
5598,925,4945,1725,4464,9923
2359,8206,1064,6268,2760,5932
9293,6630,4648,640,6858,665
7197,4212,6495,1481,6257,850
3811,4098,7658,4697,5296,3731
2838,6471,1675,5122,5268,7631
2691,1739,4161,9680,960,9047
54,8540,6240,3805,7085,8982
4160,8616,3114,3506,4290,7158
3535,6453,4466,895,8447,4285
1478,6371,2335,6597,7943,8163
6870,4015,1871,7499,1098,6829
9095,4453,5675,1183,2148,5145
2160,6197,7241,3477,3839,6146
6070,3653,592,1909,7244,8655
5862,1102,1428,4013,4361,9685
2873,5220,7368,6241,235,5211
7105,2790,6016,6964,6048,3586
6843,5388,1185,4616,6596,6244
5644,6153,6664,2593,8094,3746
9995,8460,509,6905,1815,5219
9593,1657,3310,5839,3274,1782
2201,3647,7904,4875,4561,938
4381,3872,4775,3303,8080,7026
6242,4072,596,5316,8108,4134
6105,1308,8692,5349,6768,3593
1779,7414,2190,4443,4447,4074
4392,2502,4051,8336,6928,6436
3986,7667,1923,5738,4155,5396
5652,4881,364,8821,6248,2783
8675,423,5189,4045,5064,8228
8236,6204,1787,5203,4021,4169
2216,8369,5432,6676,1995,7110
9128,3408,2095,5315,2290,7283
2605,5323,8726,2825,4177,6182
7304,7841,4222,1579,8166,4083
3371,2458,9734,2258,5358,7086
8166,5016,2176,5589,4759,1976
5084,1487,9389,3712,4386,9434
4189,6706,4176,3985,5212,443
7455,5235,1320,4031,227,9888
3736,2763,5955,5359,7042,2153
4546,8614,5314,4199,4499,4303
2689,4215,6887,4267,8956,5550
4345,3978,9057,8168,6025,4872
2894,6207,3592,4905,2740,9275
2891,3427,4641,1168,7949,4339
9699,3821,6441,3236,6691,3683
6159,3387,6982,3966,4520,7231
3055,5340,7881,9840,828,5105
8241,9530,981,4570,9245,352
9975,5558,1120,5984,6253,1486
2102,9991,1592,7075,6312,4605
9324,5189,3183,1392,6396,1360
2820,1585,8136,2510,5263,8478
3427,1739,5381,9379,3281,6552
1492,4083,6810,8004,2909,5717
996,9256,6976,3650,3892,4571
3916,4990,6899,9666,5705,291
6126,5960,5368,7548,4325,4265
1947,4732,6483,3008,8823,4050
7342,3273,5915,7671,2198,4522
6039,4337,5450,7875,286,6867
4185,6043,8353,5612,3816,4595
3775,7566,3744,3973,2224,9569
3426,6620,3652,1933,9045,6113
8417,8737,4107,2855,1842,6065
8325,7862,4368,646,8008,3575
5013,7406,1041,5247,6760,1964
5163,6129,6010,3235,5369,941
5534,191,8382,7256,1254,6898
5806,7651,3348,1603,5454,3133
5875,5674,1868,5544,7753,976
4310,1892,6002,7924,3105,4821
9992,4235,3673,688,6285,4463
2066,4224,6237,190,8927,4795
2785,5573,9454,3545,332,8806
8232,2070,813,9147,3140,4187
6584,1969,7813,4796,6209,2252
708,2032,7208,6842,5802,6849
5041,4882,3770,5969,4722,7359
8707,3163,1041,6991,6242,2389
5982,6830,2784,8691,5102,1817
4891,7513,6876,2801,239,6760
628,6228,8297,3288,5400,5794
6731,4313,8151,2825,2773,4440
3589,7483,9051,4044,6008,5080
4596,3575,2155,5171,7187,6597
4535,6494,6032,7318,3129,5037
6402,1324,9142,2938,568,7959
1494,6782,1445,1862,9619,8488
2813,5906,4343,3454,4664,6329
6519,7363,9227,2964,1328,1108
7530,2198,4340,9465,1011,6249
6723,2610,4615,7926,4734,4303
7835,5790,9625,8101,3425,3589
8507,1697,6501,7602,1412,7030
1529,6202,4183,1334,8017,4860
1311,8653,1621,9414,3942,9267
8738,3560,3471,7060,3260,2712
6793,5155,4853,5925,7097,2674
6272,2801,4311,8631,9637,2081
6771,3743,5193,1015,2729,7121
5385,9242,185,6625,2622,5603
6597,4642,2802,6766,2320,7491
9231,5620,2580,1814,1886,6948
9711,1536,9940,664,7283,1034
9988,7081,3297,6203,215,3091
4513,8373,901,3103,5460,7305
3610,7336,3455,6568,583,4266
2170,4173,1629,4029,4443,8956
8307,3982,3637,4457,3176,5973
6690,3925,6286,7218,3156,8184
5047,5658,5068,2082,5764,3415
6808,4748,7437,917,4119,1081
7320,5928,1044,3643,1178,8638
4658,7341,4394,5037,4319,317
8900,8115,7819,3126,6128,330
5451,7150,2411,961,5277,8579
4449,7597,4866,1465,9546,741
4946,7083,3566,4735,9210,3547
1141,6777,5434,8100,7631,2625
344,8086,2081,5679,6392,9485
1024,4950,7136,5729,7943,1471
9624,412,9240,3529,4553,3671
2656,6744,5673,4424,4684,9377
8277,3906,2099,2246,2182,9162
3330,9371,231,7489,3016,8053
5084,7207,375,7560,8688,2955
1772,8726,4447,8438,1634,7783
8731,5612,1456,8815,82,4010
3255,8802,6289,3624,7862,2420
6379,5535,664,4664,6467,9185
3895,5206,6168,5399,9846,3261
4489,9917,7343,1195,8337,3381
2913,4013,6903,3668,1919,6449
14,9429,2894,8916,6038,3711
3054,8832,3368,7473,6844,4150
1663,4934,9125,1200,7311,4495
6698,1835,7190,4155,2050,3417
7374,566,8888,5797,1794,7568
5766,9449,2022,5547,2096,3316
2633,9520,624,7947,7092,5910
5310,5426,5156,6574,546,5423
666,8918,6135,2852,5933,6562
5954,6980,5884,2162,8884,2088
3153,7794,2599,3928,6440,4893
8255,3866,5381,3566,4548,5228
7201,7690,5149,1456,3394,6542
3277,6270,3839,3358,8377,3469
9718,2283,4510,3020,2564,2776
5521,41,6141,7740,6776,3983
8555,4713,2747,3834,4947,7698
5597,5798,9268,5820,2496,5113
8101,9597,5451,1827,5644,2473
2479,3059,5225,3619,7244,9545
4432,689,5650,5432,2310,8744
8797,1718,8445,7479,3057,1451
5719,8174,1346,9890,3886,1363
2269,8873,5408,2542,5009,9190
1804,6718,2532,4757,5040,9226
72,8878,5893,2665,2512,7804
4429,1071,4630,6462,8251,7240
26,9518,8314,64,3495,7762
4751,6741,2764,5969,8863,5244
4271,9382,6401,4356,7111,498
7126,3124,9851,6557,2041,361
9926,1984,8147,5700,2156,4228
5409,690,4389,9557,6423,5072
7614,7279,2473,3816,8088,729
2103,7770,3358,1165,9029,3374
4485,4884,829,3269,8923,5705
855,4180,9734,8216,2617,6240
6770,2788,8028,1894,2934,9034
1308,9325,3385,2055,8859,8163
7870,1338,9942,2003,2018,5746
4221,735,6975,4884,2360,6156
9472,2469,3660,7274,5630,4071
370,8285,1520,1915,7153,7906
2865,4254,2898,3851,4073,7073
1457,6771,5728,5280,106,8707
2398,2726,9961,6010,2280,9338
5490,4484,1061,7082,5491,9687
8166,4044,3466,816,6758,3485
4730,6166,6731,5985,793,4014
5745,963,6812,4895,51,8585
2902,6960,3152,577,3098,9187
2224,2966,4446,3052,9020,5756
4415,2373,5989,9922,5003,406
4248,3620,5576,4983,3110,5229
2052,6538,9874,2575,3493,5809
1002,7862,8486,22,9972,6222
7044,6385,2954,5928,2893,3033
9917,2032,5055,766,8113,2196
4352,1636,5973,2877,1740,9925
2974,5230,4021,6821,7994,5242
6134,3548,4537,6423,5090,6670
4376,5762,2796,6593,3335,7924
939,5121,7704,7892,5339,1078
2304,2173,9131,5623,5831,5322
6353,5623,3466,4935,6369,3288
9771,6762,2097,7616,3003,3278
7120,4383,7603,6531,6603,5494
6351,1516,6871,6796,2894,262
2318,9902,2903,8619,565,7023
9830,8190,2322,2269,5759,3548
4019,5940,170,8157,2249,1970
9367,1760,3631,5206,4125,662
1957,5405,9630,1729,9553,6375
7083,5310,967,4932,2664,4983
9663,2093,4109,4930,914,1710
1794,6669,3032,2973,8709,5995
5462,2110,3179,6355,8440,5092
6497,4016,8567,2002,7767,5234
7921,1361,755,7726,5443,6452
4644,5238,6056,4513,4934,4782
7951,4928,4745,345,7266,1883
4333,9206,4683,3443,3000,2571
2913,8049,7475,7804,2470,5600
3609,4598,6118,1941,4209,8003
538,6229,7531,5626,316,8810
2201,7461,3869,355,6019,4524
3912,6422,3648,1383,9441,4387
9322,3702,6239,659,3815,6244
2789,5471,8031,2081,7130,3795
3975,6263,3784,7648,4447,4360
292,7495,3961,7845,2737,8560
7435,3624,3224,7933,1624,7118
9235,1162,4527,8811,7612,183
93,8568,220,8978,9087,1929
68,7254,6989,9831,3028,3975
4918,6341,2380,6534,3309,4898
586,8967,5792,5647,2934,4987
3557,9353,3618,4208,3652,8514
8897,649,5039,5377,3418,7132
6931,368,8005,6730,2806,7139
6689,26,7553,6330,7974,2003
6668,5605,1213,571,9674,5530
5114,4473,5804,462,3500,7508
971,5444,8535,9296,6088,2065
222,9008,1218,8748,5271,5117
8226,2036,1822,5818,5409,8430
8369,964,9925,1888,3808,8729
6427,6258,4693,4273,8811,80
4462,6460,8287,3075,6239,6980
8818,732,2768,8355,4846,470
6912,9937,1999,454,5712,2597
7406,3466,4303,8812,6838,696
4398,4887,6257,2865,8069,5527
9480,7307,1530,7217,2793,6601
3367,7444,6832,2901,4534,7925
3544,1781,2896,7181,5679,3465
5734,8117,2866,4227,1144,2417
3597,8326,3239,3410,4351,5458
7036,1919,5320,3116,9807,4198
766,9743,7725,2181,2686,4178
1229,7946,425,6303,8981,7855
2438,8436,4813,6612,7993,1594
1690,5554,6731,6425,8306,1674
6067,8767,3226,9725,4474,626
4358,5047,6756,7742,1789,7208
8550,7925,1957,3918,8399,411
9439,4282,4505,1430,7001,6497
6125,3817,2253,8185,7203,6819
4402,3395,7867,1916,9936,3997
5829,8071,2280,8375,3987,3563
2130,6851,5723,6641,1939,5821
7196,1699,5222,7629,7692,1090
2207,2322,9385,5746,5002,6326
424,7727,946,6486,9385,5643
2583,4720,3940,8173,6029,2619
2736,7166,8749,4866,3767,4626
3682,833,5042,3161,8463,6134
3397,5325,8451,6759,1815,8254
3692,4865,183,4623,5400,5111
7351,279,8534,3940,5157,6518
2324,2893,2929,6497,9019,7435
5620,5935,1234,3389,9480,3666
3469,9703,1242,7488,2977,5614
1818,6139,3653,8775,5539,8180
3947,5957,6895,4541,7720,2974
4546,361,1424,6825,8513,4828
7102,4631,6949,3800,489,5792
6892,6122,5263,1145,5048,7742
723,7623,4980,3349,3560,8297
4063,4148,1346,4153,9260,5685
8309,3247,4623,1842,3412,8119
6908,2495,4141,2170,8710,9053
3656,2955,5824,6640,6784,9656
9485,8109,419,4501,3201,3973
9889,42,8389,8677,3301,4697
5178,7516,3262,2530,9467,2024
2325,8913,4866,2729,7700,6647
3991,3307,1921,3876,9478,6326
193,6562,1250,6911,5561,6591
2969,843,8723,1504,9800,5554
4181,281,7271,6634,6620,4919
8149,506,3931,8515,6549,2087
1229,9635,5416,49,8925,4354
6496,3416,9582,964,3932,2908
4383,3256,9590,7847,2636,947
6061,4502,4697,5803,7278,1623
4668,6287,3253,8025,5627,5048
9026,6461,4597,4024,406,3358
816,3512,4103,5902,8891,9868
3653,3782,5085,2020,3598,9745
4405,840,5483,9523,4210,7460
316,8454,5315,5079,1621,4820
2401,691,8081,8561,2079,9585
731,8729,6443,7115,2135,9614
4523,7454,3481,7498,790,5153
4824,3085,7173,3538,3560,4289
8790,4775,1655,2261,6823,3386
3803,4608,6788,8325,6219,2555
498,6884,6610,4550,1518,8363
3551,7011,9103,2465,9156,1054
9801,3502,6144,169,7313,2848
416,9520,4148,7463,443,8297
8699,6104,6339,6732,342,6096
2051,3482,3725,6873,5448,4712
219,5115,3920,6160,7817,5911
3251,6531,1470,1118,8498,5878
6343,2461,3899,6829,6050,3967
7925,1681,5646,8166,5088,1730
2009,7330,7751,4188,6270,4188
6693,4203,7712,8645,3824,1227
2665,3391,9700,4569,5598,7326
5007,8446,1396,4507,6942,5153
819,8087,1503,4742,1041,9514
1151,5171,7071,1574,8061,4216
4660,5854,8991,4010,5183,5417
7599,7549,984,8952,3243,2555
4428,5200,3800,3258,6291,4823
5758,6807,826,2488,9745,501
9234,8736,94,6707,3775,4100
3009,9128,7883,1266,4102,2187
9421,8895,2638,4695,2718,310
5792,6468,143,7374,6020,1113
8752,3102,5414,5059,4170,1664
6440,3775,3249,1684,4946,6492
7447,5198,9487,1917,5480,2684
4804,5493,4549,7180,3285,5425
9437,4321,5550,7508,896,1199
7728,3293,7015,5626,3314,3255
6988,5819,3951,3876,6581,5668
7429,5750,2213,5434,6498,2236
6960,3012,5330,5978,3070,8028
3518,5241,4361,7606,7858,1029
3244,5987,4453,6667,579,6589
9926,6390,3985,1247,3273,6338
4016,2603,8070,2311,1813,6273
4245,1217,7688,8810,794,9792
5767,994,7939,3700,8107,8373
7092,9972,4,4349,3823,4072
2544,4989,9024,613,5234,2869
851,6766,5512,2909,8449,5281
