3000 2
5168,0
5539,0
3909,0
6696,6553
3347,0
6951,6227
2536,0
3186,0
4786,6401
3959,6861
5805,4898
0,4335
5675,0
2839,1455
4426,3924
6865,5539
0,7666
3543,0
4109,2121
7059,2726
6399,9149
2062,0
4259,3097
4861,3112
0,3031
8981,0
0,4839
1338,0
4854,0
0,3018
3821,3322
6157,4880
2749,6698
6603,4048
1507,0
3030,4569
8923,8847
0,1852
7642,6325
5450,8036
2065,0
4163,6173
3217,0
6670,6951
1911,1140
0,8386
3985,2732
0,6405
2200,3000
4916,6040
7962,5741
1878,3320
6441,5085
3068,0
3980,0
0,7325
2418,0
8991,0
9765,9646
0,5661
0,3979
9034,8929
0,2391
5487,6427
7152,2096
0,7495
3913,6269
6793,0
5860,6137
0,7191
3795,3981
9277,0
938,0
0,8758
4822,0
6931,0
2202,0
0,6803
7686,7127
5999,0
0,8569
6914,8512
5324,3759
0,3850
8274,0
6211,0
4863,0
0,4563
0,2833
4769,0
6780,6879
5011,5009
0,7833
5213,7000
4435,7627
0,1390
4993,3259
2130,0
4461,4696
4287,5318
0,4472
5225,4929
1516,0
0,1243
2484,2185
3817,0
0,8086
8329,7285
0,7522
3618,4274
7565,4829
0,6355
7096,6659
3672,7495
7589,6769
7948,7362
9178,9634
6407,0
7101,0
1842,0
3146,2917
6401,0
6857,0
759,1117
7921,0
7981,0
7379,6847
0,6660
3595,0
0,944
1465,0
0,5409
0,7364
4284,0
0,8760
1531,3027
5221,0
0,595
0,8032
6006,5928
0,6752
5910,0
6545,6232
5268,0
410,349
4851,0
0,6556
1536,3395
5154,0
3143,0
4915,6992
5061,0
7171,7556
0,3721
0,9898
1862,0
8453,9350
1034,1560
6680,0
0,6779
3910,0
6956,0
1483,0
8635,0
0,5237
0,4849
6591,6977
0,8417
3023,4349
0,1465
3780,0
6918,0
5560,0
0,4223
6738,0
1491,0
6803,5077
3035,0
0,4245
3194,0
0,1940
0,2511
3676,4372
8764,8923
5873,6649
0,3349
5817,5873
0,7085
0,7720
6472,0
0,5835
8011,0
0,5938
1178,0
2519,0
7066,0
2174,0
3948,0
4965,7122
2974,0
7523,8363
5416,0
0,2848
0,6599
5072,5609
2143,1378
750,3207
2319,2646
7311,0
1873,0
2726,2710
8230,0
2423,4599
0,6486
1268,0
7710,7734
0,5470
7627,0
9913,0
489,1201
7499,6619
8198,7578
8323,0
0,4970
6469,0
0,6886
8645,0
0,1708
0,4638
0,2253
6528,0
0,5640
5685,3889
0,6040
0,3702
3662,7909
3580,0
0,8432
6976,0
8031,0
4934,4687
3153,0
8451,8423
0,3292
4496,5147
0,716
2474,0
1029,0
4950,0
5049,8301
6194,0
0,3130
2158,5695
6341,0
7101,0
7155,7734
7342,6178
0,6816
2873,2716
7348,5746
0,808
791,0
0,3800
2683,4717
0,2735
8284,0
3883,5661
2054,910
1985,1536
0,8144
7519,2838
2950,0
6117,4563
2224,3977
3631,0
0,3570
6223,3483
4344,0
0,7058
6853,0
3104,3421
3957,5331
8803,8401
3934,0
4347,5496
8865,7039
6188,0
6849,0
0,7732
0,5977
5312,6551
0,845
7202,7153
0,6685
5270,0
2008,0
4177,0
5554,0
0,5311
4146,6679
4334,0
5490,7513
6842,4999
0,4944
0,1142
0,4175
3914,5534
0,4878
8996,7452
0,3446
5888,5897
0,6881
5525,5803
2587,0
2005,0
6254,0
3351,2561
1009,0
0,4172
6673,7100
6484,7397
1404,1930
7771,0
0,5774
1451,0
8121,0
4704,0
5540,3960
0,4115
0,5299
6261,4968
0,7881
7620,0
5251,4508
7225,4201
3025,0
4988,0
2295,5784
5390,4681
2567,0
8535,8559
3073,4343
0,3160
1531,2029
5688,5749
2060,2296
3009,0
2763,0
0,7710
1552,0
3743,0
5161,0
4939,0
0,8569
1168,0
0,7821
0,3870
0,4044
4895,5843
0,5983
0,6859
6036,0
0,8087
0,5902
0,4550
2747,2611
0,8814
0,3890
7585,7241
7981,0
5268,4167
6502,4377
0,5910
3884,0
0,5084
338,448
6763,7769
6197,5864
4577,4648
3641,4100
0,6402
0,5768
1553,2657
6744,6273
0,5796
5276,0
2070,3838
5519,5980
1176,0
3112,3832
7474,0
4718,0
6048,0
0,2992
5422,5569
3349,2987
0,2900
4748,4218
2822,0
6371,0
3222,6664
4230,8413
6760,0
3536,5807
7344,6365
4717,1804
0,4529
2676,2392
0,887
2450,2333
2495,2441
7155,6643
0,4353
3441,3208
5495,0
4386,3478
4671,5792
5560,0
6062,7527
3040,5080
1576,2265
8841,8048
6082,4400
2768,0
4519,5112
0,203
5103,5903
2575,2876
0,4930
5319,0
5643,0
4494,0
2576,0
6317,5723
3973,2335
0,7470
2831,0
2750,1212
0,7704
7357,2130
5326,3861
0,4580
7160,0
0,7597
480,0
4405,0
8508,8798
2629,4837
4752,0
0,5897
5026,0
8174,8950
4048,6290
5857,0
0,6945
0,1692
2062,2061
4614,1618
3572,0
8824,7687
0,5332
0,8308
3663,0
5007,0
6347,5131
0,5462
5859,0
0,2546
0,6269
3479,0
6452,7049
6297,6907
1688,2189
2339,1579
6298,0
0,6948
5127,0
5279,0
4957,5060
5346,4645
7318,5984
1426,0
5121,4821
3759,0
2607,0
0,4413
1090,0
0,8520
0,1636
8272,6281
1971,2780
2412,4871
0,4675
1608,0
0,7626
0,4864
3078,0
0,1562
1171,639
0,2126
6076,6610
5862,0
8310,7943
2530,0
839,1557
8951,7265
2902,5622
0,8780
0,3145
0,5831
6388,3080
0,1507
4553,3023
6490,3682
6582,0
0,6206
6985,0
7266,8048
6094,0
8268,0
2957,0
0,7389
9143,0
5787,0
8105,5894
0,3431
0,8491
2118,0
0,7720
5529,7414
5167,6354
2679,0
0,6258
5726,0
5910,0
5920,0
7422,6595
8128,6640
0,8321
6090,7563
2158,0
0,533
0,3581
5002,3816
5548,5666
0,2936
0,1667
2721,0
0,1124
0,1691
3175,2463
5228,0
6380,6380
2667,0
0,7963
8635,0
2254,2094
4736,5448
0,6552
6611,4201
0,5429
6581,3009
1291,0
6034,5436
6003,0
8972,9488
0,4921
3417,0
2770,0
7496,3165
0,2868
8703,0
3042,0
0,2808
8115,0
7150,4433
0,6059
5239,6189
2345,2151
5719,5383
0,6591
6245,7877
3711,0
2028,0
6776,5480
0,7145
0,1267
8372,0
0,1829
0,7328
5387,3975
7952,5818
1380,1689
2327,2065
0,8195
2887,2775
0,4210
4456,5076
4900,0
2058,2477
0,5388
2578,0
2396,4729
0,5468
5380,6683
0,4547
0,3576
0,8778
4482,3321
3866,3120
5476,3168
3774,5097
0,3754
3273,0
0,4357
3087,5931
6250,6415
8516,8653
4684,6855
4219,0
6001,3820
7983,0
0,2302
6981,0
2533,4255
0,8017
2313,7223
5364,0
4418,0
5262,0
2191,2855
0,5887
0,5648
6408,0
5042,8685
0,3878
7006,6675
3265,0
0,5097
0,8166
4800,2258
0,6060
5012,0
4178,6873
2139,0
7744,7080
2556,1857
4774,5605
3312,8028
4440,4881
5303,5113
4635,7645
7021,0
2901,0
0,6659
6778,5250
7163,0
3316,0
0,2197
4563,0
1538,2623
8434,5030
8511,8624
4635,6222
5182,5326
0,2618
0,675
4918,0
7065,0
0,5506
2042,4336
2982,2813
3575,5070
1549,0
0,5422
3808,6393
0,4088
2157,2827
9294,8991
4380,2390
5151,4587
5923,0
0,4272
9552,7906
9382,0
2608,4425
0,3947
7715,0
0,4880
4384,0
0,5258
7886,8684
0,6422
0,5991
8055,6618
0,4264
1226,1425
4849,0
2082,4759
5457,6912
0,5767
0,5614
0,7389
8408,8526
8860,8285
4710,4377
9445,9689
0,549
4582,5329
1993,0
4992,0
0,3926
2779,3098
6045,0
2080,4929
0,3020
5890,4347
4103,0
1704,1262
3434,0
2603,0
0,2341
7586,6573
2485,5029
0,3009
495,438
0,6189
5300,5878
6395,6248
2604,0
2128,2262
4818,5441
4314,0
1186,0
2880,0
2522,3641
6589,0
3907,0
4845,1940
0,6163
5038,6106
4863,0
3480,2813
8455,9100
0,5831
0,5348
0,8046
0,5973
0,9159
0,3052
0,3893
4491,3479
0,7157
8625,7233
7161,0
3371,5395
4395,6352
0,3144
0,687
4786,2466
6392,0
0,7192
4301,7498
9048,6503
3026,1723
4465,5243
0,1844
5968,4717
7385,7414
0,3869
1438,2970
8317,0
4067,4577
7264,0
9214,9374
2188,0
793,1541
1134,0
3515,0
8199,7074
5129,0
7089,0
8557,8381
0,8814
1418,2718
4739,5019
0,4648
6968,0
5160,0
8955,8557
6009,6824
0,1959
5758,2538
3918,0
0,3353
0,6144
0,2922
0,1125
3754,7590
4485,5987
8405,8341
6103,0
1674,1113
0,6717
0,2879
4437,6928
0,6061
5283,4107
3799,4521
0,3362
4017,4195
3901,5008
8710,0
0,6766
2936,2591
6194,0
2301,0
6394,0
2227,4540
0,3040
0,2972
4321,0
3236,2474
2504,0
6398,7294
6794,2327
7758,0
8406,5846
3812,6250
7033,3552
0,359
1516,2032
0,5808
3652,0
4138,4557
0,2650
7381,6531
8978,8922
5252,8127
9182,7454
0,4617
0,3384
5198,8730
6095,8157
4848,0
0,3822
7681,7830
4370,3313
3663,6046
0,5671
0,4762
1607,0
3247,2842
0,3984
5996,0
0,6417
1761,1291
4587,6312
0,6503
0,8191
0,2785
5073,7128
9140,0
0,7741
4502,2995
5864,5557
4971,7428
7374,8213
0,4472
0,8086
0,8732
4222,3634
6421,0
6758,0
2763,0
9099,9205
0,917
5816,6578
1723,0
7134,0
9000,0
2479,0
3787,0
9697,9747
2441,2994
0,4194
1121,0
5927,0
7231,5459
8805,0
5768,0
0,4238
5715,5843
7449,0
760,0
7245,0
0,3660
0,5355
3057,7162
0,7355
5481,0
4001,7939
4331,4649
6787,4177
0,4740
7068,0
7722,6068
7395,6736
0,6044
6461,8276
6948,5928
257,0
7661,9211
9097,0
4970,0
3736,0
6119,0
6551,4037
7508,5530
0,3372
2245,3151
1682,0
5987,0
0,2883
6681,0
0,4849
3417,0
0,6998
6175,6005
4415,5622
6613,5577
4340,4752
0,4573
4105,7399
5145,0
8606,9087
7091,0
4718,4800
5649,7486
0,4405
6050,6962
4991,5869
6508,7423
8791,0
2896,4464
2021,0
7047,0
0,2103
0,6183
4810,4325
4652,0
2995,0
5587,6214
1491,0
0,5542
6168,0
2802,2236
0,5670
4745,3558
2555,1183
0,6671
0,3673
6573,7321
4122,6545
0,8542
0,5953
6115,5901
8695,0
866,0
0,6586
0,3229
6046,0
0,4718
1025,815
633,1436
0,6088
5493,0
5825,6575
6576,0
5382,2450
0,5955
4801,5207
0,8387
2335,2644
6969,7117
3046,7047
5661,2603
2150,3962
5316,5006
3252,0
3082,4327
3659,4956
534,0
296,659
0,6931
5580,6621
5399,0
5188,0
6067,6541
0,6424
7276,6151
8309,0
2944,0
7940,7202
5262,0
2639,0
0,3704
0,4340
5254,6232
6194,0
0,4565
0,1830
1189,0
0,6454
971,0
0,2825
2346,0
1212,0
0,5181
620,781
0,7731
5711,0
8642,0
0,8137
9267,9159
0,3791
8032,6796
3736,0
8579,4974
1672,0
2436,6765
7561,7941
0,6530
0,6528
2968,4920
0,8491
0,4067
1958,0
2474,7518
5326,1871
3024,2764
0,1101
0,5026
0,3807
3111,7056
3731,0
7764,0
1940,2009
0,7679
2082,2792
0,2263
6691,7599
7987,8730
8372,8343
2480,2658
5386,0
0,1896
1979,0
745,0
7047,7513
0,5332
5988,3882
0,4504
6863,0
4630,0
4410,0
5980,5821
0,4149
7804,0
3189,0
7170,0
0,3521
7134,8659
1704,0
0,1952
0,7629
0,7278
0,6444
8548,8273
5368,0
6343,7627
8281,6419
5883,7767
0,6293
0,1274
7195,6909
2606,3984
8550,0
7551,0
6724,6294
4019,0
0,7519
6307,0
0,9788
4729,5873
4191,0
0,5840
8287,6552
7946,0
1312,1071
196,160
6514,7400
5774,0
0,3870
666,0
5777,0
6995,0
0,3867
0,2137
0,2212
0,7278
5553,0
3972,6329
6644,0
0,6526
8322,4548
1740,0
0,5269
8456,8216
0,901
3511,5389
0,6115
8612,0
4215,0
2956,4360
7333,0
4090,5947
0,6026
5905,0
0,6560
2403,2712
4252,7487
2845,4453
6755,6538
0,6619
0,3311
0,6511
5590,0
8959,0
1796,0
0,4017
6089,6869
0,7273
5954,0
0,6069
7683,8895
6259,0
4269,0
0,9317
0,6835
3165,6100
3518,6401
6825,6769
7928,5199
2611,3352
0,5711
4749,0
0,3202
0,688
0,3939
5369,0
2415,3351
6705,6747
3926,1956
0,3016
8411,7971
0,3731
0,7547
0,8879
3590,2873
3217,4247
4722,0
6520,0
5058,5556
0,3168
0,5390
4932,0
3120,4620
3548,2248
0,8751
2219,0
3774,0
0,3882
7431,0
5705,7874
6813,7969
0,5243
8300,8497
3221,0
7864,0
7147,6086
0,7163
7431,0
7489,0
2855,2083
9751,0
4345,6660
2570,1536
1091,0
0,4054
7825,6778
4881,4507
3032,3663
4968,3540
1436,1330
2016,3311
6768,3459
2433,2452
0,5666
2998,3429
4000,0
4181,0
0,6982
0,5345
8875,0
0,6261
0,3532
2981,0
5273,5387
6825,7313
0,7459
3556,8411
6068,8647
2307,0
0,1979
0,4995
3376,0
4027,7006
2677,2123
3888,1620
5381,0
808,4798
1143,0
0,2275
7286,0
0,3734
4964,0
7226,0
0,6181
0,7674
0,7622
4869,0
7594,0
7254,5508
8697,0
0,7600
4417,0
9640,0
6320,5592
0,5645
5647,5948
9721,0
0,9077
0,4729
0,4105
0,1173
0,8277
0,6331
0,4497
3149,0
213,910
1635,0
1643,5254
5780,4653
0,5677
0,7222
2883,0
1403,0
8971,0
3291,0
0,4768
4196,0
3609,5913
7030,0
4909,6968
3054,4438
0,815
5498,7370
2238,0
5986,3639
2666,3994
5692,0
1093,0
7824,0
0,5324
1922,0
1458,1392
3075,1733
3730,0
0,3509
5659,4648
2226,0
7985,0
2579,7012
5528,0
6327,8219
4814,2851
4256,5715
5836,5736
8727,7546
7811,8163
8816,8594
6783,7693
0,3202
2105,2645
4109,6914
0,6547
0,7651
5580,2667
0,5960
4479,0
7380,4239
6066,5213
7561,7057
0,5831
0,4857
7998,7912
3938,4176
4817,7859
7780,0
0,2062
4390,0
0,7770
4038,0
6886,4886
2303,1859
6436,0
5959,6606
3872,2533
4912,7568
0,4142
7045,0
4795,3262
0,6499
0,4095
7094,0
8085,8457
3311,2972
3823,0
3940,3118
8714,0
0,3940
0,6890
0,6900
6748,2026
5763,7117
2552,0
3643,0
1330,0
8065,5568
2977,5445
3203,4793
8872,8079
8965,0
0,7228
4573,0
5307,0
6475,7341
1961,0
4818,0
0,7791
0,5019
0,3561
4573,0
0,6312
5992,8136
0,4578
0,907
4604,5788
0,3672
7099,0
5540,4308
8783,7480
4678,4159
4161,3828
0,8324
4229,0
6639,0
8304,0
6583,0
5756,0
2776,1881
5187,0
4680,0
4241,5713
0,7744
2690,0
0,3360
4819,2817
4679,0
6757,0
0,4491
7233,5646
0,8620
5305,0
5358,7661
0,7226
0,6842
8133,6509
5453,7639
829,0
2530,0
1141,0
0,5927
0,3918
0,4835
0,5492
1557,0
5610,0
2417,0
0,8603
5883,5303
0,5839
3375,0
596,0
2789,2723
5467,0
7999,8078
1421,0
1327,938
7931,0
0,6693
7727,0
0,2792
3862,0
0,6567
3301,3774
4554,0
5574,0
2797,1901
6330,7485
3830,0
7886,0
0,7826
0,6913
7714,0
8245,0
2732,3911
0,9231
0,3476
0,6987
0,6133
0,7220
5003,3550
5504,5336
0,8819
2396,5514
0,3585
0,4711
5123,7094
3721,0
1919,0
2883,5678
5066,3978
0,5733
5294,0
4275,0
7620,6231
4604,0
1730,0
433,0
0,3509
0,4823
0,9732
4501,5923
5023,4321
3173,0
2799,3438
0,3293
0,3422
1841,4838
6081,6582
3692,4978
1784,0
3760,2802
2540,0
0,6624
4086,3259
5720,7529
3779,4036
4311,0
5538,5675
2801,907
2152,3802
7632,7020
6331,0
4878,3713
0,3066
7835,6974
0,6676
7566,0
8637,6178
6133,0
8657,0
2703,1952
2713,0
6363,4887
5550,0
8413,0
6324,6238
9550,8949
8129,0
5872,6651
4451,6238
6802,5781
0,5774
5105,4024
4533,4802
0,2709
4722,0
0,7438
7432,5696
8027,0
3666,6963
271,186
0,7405
0,846
0,4692
0,4169
5891,4112
2187,2196
1656,1323
6516,0
0,3853
0,6289
7655,6531
4808,0
8583,0
0,6549
0,5069
479,0
4990,0
0,7761
7615,7682
8873,0
7014,6637
0,3246
0,6197
0,6063
8502,7705
0,2916
7614,0
5819,4594
1449,1888
4443,4411
9547,0
915,0
8690,4224
6566,6789
6303,6875
0,3974
2409,0
3082,0
0,1115
1887,2935
0,3176
7069,5807
0,4849
0,7977
4708,3726
7625,0
6055,0
0,7114
1751,812
0,4118
4701,1943
0,3445
901,2413
1646,1215
5872,6082
4296,0
2872,2764
0,1635
3145,1923
8255,0
0,2888
0,6179
6305,0
2640,4235
7764,0
0,4112
0,1431
7848,2907
5984,6496
0,1101
0,5403
2026,5547
5536,3785
2800,0
0,6766
0,5190
0,4600
4254,0
5100,2656
4293,0
9413,0
5426,0
0,7402
8028,6787
7421,8219
4926,5292
0,1823
4174,0
0,5165
7080,3765
6601,0
1846,1280
3120,2833
5414,0
4040,2614
7429,2952
0,8555
8911,2621
7005,0
6114,5828
0,2592
8601,0
0,7692
4201,3300
5844,0
3820,4711
6541,7210
0,8473
3382,3772
0,703
5723,0
0,6536
2866,0
957,1104
0,5662
5011,5547
0,6389
0,6315
4125,0
0,3602
8227,7541
0,1709
7349,0
2259,1550
5038,6773
3967,5913
8147,0
7028,7434
0,6849
0,6361
2029,0
0,4989
6238,3579
2804,3245
2801,0
4210,3939
8415,5533
0,5660
3193,2189
4714,4485
7700,0
0,7817
0,5984
0,7833
3532,0
0,1642
4793,3823
9671,0
3121,3015
0,3868
0,7876
5125,0
7129,6180
1682,0
4046,0
7257,0
0,8438
7075,0
2283,3768
4361,0
0,5826
7561,0
5517,0
9697,9490
1332,0
8494,7675
4387,0
5130,0
2811,0
2971,5460
1116,596
5374,3462
736,0
3124,2147
4413,5056
0,924
0,4270
6066,0
7942,7049
0,6208
0,7482
0,5736
1422,1749
3792,0
4942,6352
7040,5260
1461,8464
0,1409
7672,5181
8791,0
5112,0
0,2527
7312,0
6232,0
4968,4566
3986,5586
4599,5994
8653,8517
1274,3593
7789,4826
0,2479
0,2472
3236,0
2304,0
9012,9331
0,492
8568,0
8405,8312
6112,0
0,2787
6803,0
6185,0
3434,0
7013,7126
0,5028
2836,0
0,9143
0,3864
6081,4913
0,954
4335,3488
3366,5635
6660,6823
1750,1450
0,2913
0,3590
5295,0
8930,9047
4270,0
6281,5906
2938,0
4505,0
9079,8846
0,2295
0,7191
0,6852
5190,5125
0,3364
0,7053
6476,8251
2149,0
0,2726
0,6967
3369,3217
7074,7308
6843,0
6527,8295
6219,0
0,4967
6415,0
2843,0
0,2914
215,0
0,9086
0,6133
7602,0
0,7381
4698,6390
4576,4197
4681,4226
3454,4185
0,5110
0,1652
0,5984
0,4863
0,684
5921,4572
7479,7766
7067,5738
0,3569
0,3353
5793,0
0,4936
6553,0
4855,2153
4359,0
0,3458
0,3098
2883,8285
6700,7498
5787,6480
7132,4287
6881,2006
8059,8735
4910,2796
2518,0
6675,0
4546,0
0,5112
0,1543
1917,1575
0,1996
8046,7054
7472,8492
0,6617
0,3461
5502,0
1281,2344
4882,0
5083,3465
0,3420
3986,0
9350,0
6883,0
2836,3254
0,3831
3513,5874
4309,0
0,2670
5799,0
0,2578
9355,0
1906,0
3888,5069
7882,5829
0,3298
0,2037
699,0
0,5144
0,5035
5349,0
7981,0
0,942
3858,4304
3968,0
2139,0
4781,5397
2884,1915
0,5113
8422,0
0,7350
6856,0
5274,6396
0,7524
3908,3880
0,8074
3981,5579
0,5886
0,7746
8652,0
1579,0
6488,0
9164,8362
0,2817
6937,5681
0,5618
1935,2917
4422,4117
5872,5339
4558,3740
7395,7705
6916,7673
5451,0
0,1369
0,3287
1006,0
6672,0
1580,0
3280,2191
0,1787
8992,0
3406,0
8311,7029
6159,0
7234,0
0,3472
0,3907
4707,0
3321,4841
2329,0
2546,0
7571,6904
0,5642
9485,9251
3888,6568
4824,4702
0,3835
2214,1754
2178,0
6941,8272
3780,0
3746,0
1536,0
0,4959
5100,0
2470,2594
3159,7155
3032,1696
1650,0
8294,9111
0,5847
6553,8561
0,1104
8234,0
6750,6027
0,5758
0,9508
1049,0
6934,0
0,3427
6934,8365
0,4271
4698,3826
0,6304
0,5022
1645,2342
7094,0
7940,0
7644,0
0,7580
0,1877
8410,0
0,6313
3369,3379
3987,4532
4619,0
5784,0
7470,8055
0,6839
4998,0
6757,0
1400,0
0,6509
715,0
0,9671
4904,0
5346,6994
5078,0
1115,672
6583,5368
5380,5860
0,5998
2107,4216
7725,0
4453,0
1697,4099
0,9096
1871,7500
8930,4486
4019,0
8964,8822
3003,0
2279,1734
2412,2032
5820,2482
6041,0
5787,0
0,6895
0,5118
3878,0
0,4623
8639,8750
7443,8984
8124,5173
0,3466
8052,0
4028,4478
8544,0
6603,3336
2138,2516
7030,5929
3551,3165
6512,3573
0,5975
0,5612
0,4138
2327,2953
3058,0
5944,0
3944,2726
0,8774
5679,0
0,4254
3369,5823
5605,0
5357,0
7419,0
3125,3250
4554,0
0,5642
0,3738
0,7096
3086,4860
0,7595
0,4661
6167,0
6052,0
0,2703
5000,0
0,7996
576,0
4454,4939
4459,3829
0,2235
0,3887
5390,0
5747,0
7357,0
1487,0
3043,5181
0,6140
0,6791
6511,0
0,7006
6771,6869
5895,6039
0,3999
6014,0
0,8639
8170,3133
4182,2944
4803,0
3908,0
0,1664
0,5526
0,6572
8646,8707
0,5266
5547,5887
8613,0
6003,0
1231,0
8235,8412
0,5186
3851,3143
4853,4773
7569,0
0,2213
7986,0
3902,5358
2133,1514
7537,0
0,6527
0,4603
5715,5684
2970,2312
7285,8444
5903,4831
2858,1981
0,5780
6655,0
4641,0
6322,6455
4297,4556
5825,0
4923,5173
2282,4991
4347,0
5397,0
0,4031
4244,6852
4237,0
7059,2913
0,5672
0,3868
0,2357
0,2881
8406,7965
4067,5900
7773,9112
9408,9457
6757,4170
3537,4801
0,3686
0,8309
3737,0
6335,5434
4575,0
4377,7203
0,2002
1661,3503
3269,3032
4393,4696
5292,6205
0,5219
5892,0
2463,0
9095,8988
4604,0
3387,2044
3596,6515
0,5008
464,0
2844,3209
0,3132
0,1155
1364,4833
0,2769
0,7115
7031,7721
0,4930
4345,7539
0,2481
4294,2412
7230,6105
4967,5671
3593,0
4044,4234
1840,5397
0,5753
0,6892
5870,0
5381,0
7288,0
0,5829
3512,2545
2684,0
6132,3287
0,5385
3512,0
0,3617
7711,7577
6786,0
0,6692
7225,0
0,6481
7169,3466
4313,4663
0,2337
8028,3172
4516,0
6782,0
6249,0
0,8885
6297,0
4591,0
4570,0
2763,0
6991,0
6859,7068
1309,1521
9767,0
6267,5115
5142,5089
2162,2136
5536,6062
2783,0
4452,4904
858,578
0,5470
0,5579
5153,2728
5098,0
0,6788
8044,3994
7153,5049
6953,0
5389,6219
8811,9314
4279,0
3474,2733
0,6704
0,9479
5318,0
4877,4040
3740,3491
0,8177
0,4874
5248,0
7054,6768
3504,0
0,6513
6432,0
5329,3805
0,6926
5794,0
4662,0
1363,1944
8898,0
2583,4482
0,6346
0,4747
3515,0
7066,7118
0,6805
4599,4113
0,5850
3484,3022
3808,6300
5195,3039
7187,4917
3022,8426
7975,0
0,7155
4798,0
0,1659
3009,0
4283,0
3891,0
7636,5122
4555,0
5236,7865
4773,0
7022,4633
0,1902
0,4144
4913,3060
0,8503
0,3598
8253,5251
0,3608
0,7384
5349,0
0,8023
0,5538
0,8201
6578,5890
3508,0
2074,0
0,3445
4776,5669
6824,7855
0,4587
0,3810
5322,0
5434,0
6306,6497
0,3240
3137,4941
4972,0
2902,3174
0,7541
2659,0
9105,7017
0,4044
5544,4416
5917,0
7485,0
2169,4880
0,7761
0,7786
2596,2901
3629,0
4217,0
812,0
2590,946
3971,0
5886,0
6942,3950
7645,0
468,756
0,5196
0,4661
4989,5273
0,6761
5475,0
4745,2681
9559,9290
5494,3030
2213,0
1815,0
0,4847
2646,5646
2302,0
0,1147
9546,9693
6587,7353
3890,0
3477,3155
3644,5705
0,4049
4037,2182
1532,0
7158,7387
3899,2320
5104,3910
5371,0
8283,6908
3427,4897
4034,3396
955,0
7027,604
0,2916
4883,6450
0,7756
3248,0
0,5956
5803,4873
0,2696
7693,7491
4661,2496
7093,0
4186,5686
2367,0
7634,0
1964,1491
0,4471
0,4396
3158,3846
5415,0
1971,7951
6979,0
2649,2988
4076,4565
0,3549
2732,0
0,5353
5715,5913
3966,0
6864,7264
0,6136
4810,0
6872,0
7686,7884
3223,7284
0,9458
3174,6740
0,8056
3166,0
7360,7437
2865,4905
7763,5293
0,5786
7935,2482
4358,5626
7146,6602
0,2492
0,1243
6919,0
0,8974
7694,0
0,5897
1012,957
0,7466
5294,5316
1680,4468
4221,0
0,7721
1283,0
5581,5263
4063,0
6861,3203
2888,0
3044,5342
8350,9005
2045,2552
5370,0
3850,1154
8180,9205
6364,0
3895,2050
1935,3167
0,2156
2319,0
6036,4389
4569,8203
0,7627
3584,0
0,1653
3765,3593
0,3770
4959,0
1518,1819
0,760
0,6895
5293,3167
6699,0
6689,0
4515,5960
2464,0
9165,9642
5685,2791
4004,4574
0,9398
7459,3634
5074,0
6887,0
0,3983
3862,2896
5600,3246
2666,0
5484,0
0,8354
0,4692
2786,2427
0,5035
6088,0
9470,0
6418,6313
4113,3128
0,7612
1826,2012
0,7894
0,5400
7558,0
6367,6510
3433,6545
4502,3046
0,1067
0,6678
6988,0
0,2752
0,2987
0,3796
0,8407
0,5685
7882,8045
6573,6975
396,475
1624,3848
5309,5764
0,8779
7884,5327
1901,1555
3470,6266
4326,3806
2930,2367
5497,0
0,6126
6183,0
4384,3273
4443,0
8427,8684
4896,7416
6113,0
1501,0
0,3594
0,2754
6810,4007
3820,0
4352,4153
3460,5242
5992,7071
2533,0
0,1826
3129,5301
2639,0
5319,0
0,7220
9516,9377
2927,4926
6923,0
2811,1608
0,9298
5541,5792
0,6056
7311,0
2194,0
0,1849
2561,0
2141,1536
3692,0
5074,7942
0,4217
7422,0
4127,0
0,3008
0,3459
7820,0
7098,6368
6252,4442
1989,0
7170,0
0,3369
5198,4327
5332,0
1064,1192
2884,6338
7784,8077
6252,0
2138,0
5263,3370
0,5473
6875,5381
6501,0
0,7234
6141,4114
4278,0
5069,0
0,8217
0,2929
4233,0
1614,0
3319,0
0,2461
3468,2806
5526,4736
8710,9251
5640,4022
2901,2855
7914,0
0,3364
4339,3625
6419,5342
0,7749
1197,0
7185,7576
0,2427
7798,0
0,4476
5371,6844
6127,5100
5557,4992
2433,0
4187,0
0,2530
4618,6076
0,8941
1565,5327
1269,886
0,8287
6448,4797
4994,0
5510,0
0,5473
5942,0
2669,0
4346,4546
5273,0
0,7864
5088,6297
2018,1726
0,1661
2808,0
0,3741
7167,6575
613,9567
0,4533
0,7736
6066,0
6297,4021
5642,5743
7838,3638
2364,1542
5971,5555
0,4998
7783,5922
1677,0
6243,3185
5651,5760
6835,6660
2145,0
8565,6110
3605,0
8599,8315
0,5335
6303,3183
6296,0
7873,0
5582,6670
0,6633
6768,0
4239,0
4397,7400
0,6962
0,6672
9701,9586
0,7895
2880,0
0,6004
3946,2687
3595,0
2351,5709
4167,4770
0,6939
0,7219
6985,0
3967,0
4527,3246
4249,0
8078,1835
0,5365
1608,0
6090,7757
6862,8362
6536,3784
0,4467
0,2904
7095,3651
0,1534
5830,3684
4271,0
4316,7408
2972,3724
0,2667
6121,0
1032,0
0,2770
0,5583
3072,1494
2392,2755
0,3916
1731,2516
5448,4369
8086,0
7111,0
4023,3600
5097,5797
2737,0
7361,0
3800,0
6710,0
0,5044
5658,0
0,8191
2101,0
8347,5892
3673,4960
0,2576
8994,5381
3972,7186
3824,0
9060,6487
0,4071
0,9403
1956,3213
0,7861
0,7869
6445,7127
2818,2201
5981,5538
4251,0
0,6708
0,7088
1624,0
2399,0
1937,1083
8393,7202
0,4978
0,6264
7819,7213
0,2747
8518,9138
1550,0
5473,0
5628,0
5747,6478
3944,5574
4661,0
4226,5940
6272,0
7121,3883
5761,0
5088,3136
7479,0
4061,5351
0,6270
0,6203
1851,1198
6463,4609
0,5390
5018,0
0,6570
5796,0
0,4923
4096,6293
6980,6340
8484,0
6922,0
1265,2132
0,3980
6349,0
9100,8108
4284,0
3519,0
3179,0
3522,5035
4651,5188
0,9105
2849,3455
1231,1333
0,8416
5403,3533
4154,4044
5081,4909
0,5414
1756,1250
2481,1749
0,3430
2433,3360
0,4935
5304,0
3205,1724
0,3853
9874,9900
0,7065
1676,0
4094,4122
0,6101
6274,7071
0,7420
3458,0
2573,3119
0,6114
3184,3391
3059,0
0,2881
0,5708
3538,4917
0,4833
2367,2870
0,4140
8406,0
0,5293
6300,7778
4885,5487
3905,2280
0,4667
7725,7929
7726,0
5332,4989
0,7818
3738,0
5074,4923
1361,3014
2262,3604
5514,3669
5008,2971
2246,0
0,7604
3247,4679
0,3442
0,2551
9126,9187
0,5383
799,876
6863,0
5231,0
5568,5162
0,7097
5034,0
2229,3649
0,1837
4916,0
7237,0
2703,0
3982,0
2864,3392
1559,4878
0,5998
3944,0
0,2588
1847,0
2227,0
0,5261
2531,0
4166,2707
4753,0
7065,0
7414,0
0,4657
0,8041
6322,5132
0,3710
4845,0
0,5754
2365,7979
8405,8209
7053,2895
0,3980
0,4867
4091,5952
0,2461
0,2568
3019,0
5447,3113
4543,5955
1999,2865
0,6940
4411,7459
4244,0
5606,1956
6948,0
6395,0
0,7889
3602,1640
8135,6955
0,4659
1334,2765
4836,0
0,5831
0,1576
0,3967
3076,5062
2265,0
7432,0
4412,0
4063,0
0,6781
0,5402
5789,4352
0,7712
0,3352
6098,0
0,1683
0,1800
6227,4750
4347,2395
4202,4641
4881,2741
0,5620
2621,0
2336,0
2475,0
4306,1720
0,6764
2547,0
3061,7269
0,5735
0,6326
3094,4446
3213,0
6402,0
5650,2664
7551,0
2990,0
3403,2104
0,3050
0,1128
4400,2822
2642,0
7350,6709
5295,7290
3799,3864
6186,6977
5181,0
0,176
6746,3141
5862,3061
2854,2270
2029,3361
7661,5825
6333,6671
3702,2805
2880,7238
0,4796
3749,2330
0,7141
6628,0
0,7277
0,8730
4511,0
5769,848
5599,3742
0,3837
3486,4520
6351,0
0,5353
3613,0
3975,4769
3854,0
3746,0
0,4497
6001,0
0,2284
0,7402
8085,0
8359,0
3062,0
9421,0
5602,0
6800,3757
0,5153
0,2105
3027,0
0,3980
2153,2110
0,3188
4865,4775
7267,9141
4487,0
0,4557
5277,0
7152,6748
3551,0
8913,0
2678,3309
0,6441
0,2185
0,5427
4876,2415
2256,3713
2932,2700
3039,2324
0,5246
0,2734
0,5528
7383,7797
1349,0
0,3680
1638,844
8009,4189
2802,0
5256,5454
6748,1991
4157,4155
4618,7888
5410,4009
0,3378
3783,3270
0,3228
4421,5022
0,6801
0,2077
4999,6036
1533,1126
1401,0
1136,0
1751,0
8819,8636
6340,0
0,4107
1282,573
5745,7594
0,7099
2095,5381
4684,6611
0,6278
4837,4040
3407,0
6303,0
2991,0
5835,0
6974,4564
1145,0
3872,0
2501,3667
0,5582
3839,0
4175,5782
8551,0
7881,7524
7765,0
4068,0
3936,5512
5008,5825
0,7967
4422,6994
5067,3782
8551,9167
539,0
4049,0
0,7064
5125,0
6054,6767
9129,9366
4218,0
0,6286
7773,0
0,6024
7385,0
7907,0
2745,1025
0,2930
0,9480
9511,0
4793,0
3543,0
5966,8319
5999,0
0,6792
0,1819
0,3058
0,2357
4709,0
1046,0
2645,0
6014,7510
8732,0
3745,0
1338,2143
6164,0
7593,0
5992,6448
2084,0
2412,3753
0,4043
0,5396
3550,0
8180,7445
3756,4169
0,6876
5639,0
0,1448
7526,0
3982,0
1621,1975
3767,0
0,809
0,5008
6292,0
7716,7859
5833,4601
1561,2261
1296,1298
