1000 6
2276,7767,1915,5871,5394,4538
2537,3262,4108,4879,2138,5400
7272,5718,5432,7292,5804,5411
2853,1529,2714,3215,3034,4479
2453,2743,2330,3969,2831,2894
4027,3527,3858,3538,4847,4102
5858,5881,7421,6441,5915,6193
3395,6300,2957,6885,3262,7406
4526,6144,3824,5761,3151,6161
2515,7305,3490,5121,3176,4928
1985,2437,2136,1466,2032,2106
2116,2477,2488,3166,1861,2364
2018,5510,3009,4831,4676,5090
3262,5431,3808,5800,4758,4854
4940,4218,4882,3665,4960,4223
3272,3076,2906,3733,3750,3869
2184,5895,3431,3207,4538,6220
5986,7402,4243,6749,7121,3933
8493,5318,7478,5941,6929,5622
4528,5503,4977,3511,4764,5637
6452,4463,3966,3281,6624,2953
5759,7076,5546,4151,6391,6430
3999,7397,6599,5331,4441,7976
5287,5493,7144,6207,5733,5534
6506,4926,5079,6779,3622,5235
6993,4511,7279,4025,5298,5473
4354,5101,5223,4805,4946,7421
6190,6176,5306,6061,6518,4785
2016,4063,3837,3333,4526,4555
7382,6281,7657,6629,6642,5991
8757,5721,7354,7920,6735,5782
5088,5746,5695,4541,5693,5628
5121,5869,6129,6250,5297,5345
4929,2860,5482,4024,2967,4983
5767,5832,7324,4789,6262,6320
2698,4840,4159,6319,3967,3956
5885,5072,8175,6223,5224,7339
6557,4082,5514,5856,4950,4231
1205,1403,1135,744,1859,1030
6251,4896,6212,4796,5299,4109
4186,3627,4333,3565,5250,3096
3146,5454,2877,5754,4296,4630
2933,3951,3574,4517,2774,4785
4735,6156,3110,3497,5949,4385
5784,4200,5882,5333,5093,5035
5000,6702,3877,7488,5219,6327
3411,2975,3233,2416,3740,2276
5527,6107,7462,5673,5946,5187
4827,5729,5930,5830,5183,4911
4856,1079,6077,2147,4082,3627
1724,3551,3054,2608,3488,3174
8239,3314,5389,5811,5254,5283
2893,4271,2493,4518,3467,5210
7049,5796,5315,6980,5859,7330
4500,4992,7323,4902,5388,6081
5776,6333,7494,5524,5548,7015
6464,4605,5397,4637,8357,3455
6216,4990,4260,4453,6112,2552
5534,4088,5707,3998,7455,3064
4152,5520,5150,5022,5245,5700
5855,6017,4859,5399,6066,6750
6616,5848,7787,5314,7740,5108
3601,3646,3237,2885,3230,2721
5224,4980,5291,4030,2883,2886
4602,5110,3626,4794,5585,3556
3213,2419,4037,2451,3192,4095
4209,4390,3337,3217,4134,4225
2505,3245,3576,3930,2448,3274
4781,7307,5359,6642,4123,8573
7477,1854,6947,6179,4989,5787
5072,3295,5573,5265,5221,2576
3224,3372,4335,3418,3794,2733
5919,3546,4781,6201,3761,3947
5515,3437,5781,3628,7300,2795
4232,3461,2783,4637,3759,4709
6522,7724,6762,6462,6968,7190
6845,4390,5883,6692,2764,7424
3903,1740,5513,2813,3147,4860
5707,6209,5384,6653,4855,6111
3587,3087,1509,3984,3483,3620
8033,8272,7603,7053,8334,7009
6876,4150,7306,4515,6839,5798
4471,5328,4304,6396,6310,3751
5418,6373,6373,6311,6429,5184
2851,4733,3776,6200,4800,4335
7105,7880,5087,7274,4630,5596
5441,5699,5442,6510,4782,5760
5221,2893,4483,5580,4990,4418
7935,6170,5445,6694,6740,4589
4927,4990,1858,6008,3598,3027
6449,6124,5560,6497,7327,5074
6652,5720,6951,7175,6833,7235
7125,5593,7223,6258,7182,6548
2824,4927,4721,2935,3874,4045
6996,7313,6928,7357,6478,7523
2848,4021,3936,4182,4726,5425
3126,6607,3877,3529,5295,6504
3403,2694,3722,2748,4170,3436
5808,4898,6012,5344,3460,5419
6075,7301,6214,7812,5654,6964
3084,6292,2752,3929,2803,2880
5462,4958,5072,8051,5508,6138
4856,4583,5723,4567,7347,3696
5711,4800,5817,6060,4052,6111
3644,4823,6403,4598,3751,5179
6117,6575,5717,5204,4631,5584
5822,6291,6167,5484,6827,5941
4283,4379,6558,5639,4849,6918
4359,2129,6801,2463,4883,4843
4343,2346,4647,2578,3582,3104
3187,5903,4708,6252,3640,5791
4347,4483,4208,4590,5900,3452
3279,4729,4659,3552,3906,4041
5533,6643,4696,5218,6647,3323
6779,4897,6976,4426,7201,5292
4614,5486,4863,8800,3313,5845
6636,7444,6540,6087,7089,5810
4327,6555,5115,7138,6278,5798
7219,3377,6824,4915,5589,5239
6909,5032,4154,5394,4164,5070
5601,4258,6021,2451,4401,4736
3906,2826,6808,4650,6736,5363
4202,2334,6459,4037,2972,5293
6784,7082,5948,7197,7349,6416
5923,4423,3506,6090,5555,6755
7977,5574,7652,5973,7198,6901
3207,4378,3679,6662,2481,5167
2963,2844,2562,3200,3082,4328
4368,4875,4774,4003,3597,4731
6496,5449,6350,6490,5402,7968
3938,2448,2589,1658,3704,3221
4582,4307,6376,3991,2927,5075
5511,5337,3402,5813,5500,6672
2642,4968,4036,2637,3821,4685
7092,4655,4864,6263,6801,4523
4519,5071,3291,3955,1959,4884
5174,5409,1151,5614,5216,5947
4614,3632,4488,3681,3803,2801
3738,5316,4704,4841,3096,6131
2538,5724,4935,4436,3245,6821
6333,6919,6499,7574,5388,8314
4263,5703,2781,4107,3408,5757
3287,6397,4508,2392,5981,4401
4471,2621,3308,3803,3276,4639
4822,3943,3931,3669,4160,4457
6780,6980,6115,6328,6239,4721
7588,3765,6888,6443,4959,2054
2394,5197,4054,3944,3998,5293
3894,3124,2928,3913,2774,3949
3882,2423,3594,2969,4400,3406
4451,5336,3133,5088,4685,2090
6626,5385,4346,6109,5098,6147
7148,5083,3927,7060,3125,5122
5241,7627,5093,6343,7457,5766
6789,5497,5908,6460,7651,4603
2619,2657,2031,2558,1921,2808
4203,2063,3578,2312,2332,3351
5371,7857,5970,7404,6473,6048
6170,2940,4993,3358,4495,3930
5820,4412,8789,5121,5411,5875
6622,5351,5741,3417,4846,4715
2711,3332,2850,2721,2506,4172
2271,3263,2633,1851,2263,3199
5027,2923,2331,4671,2719,1746
3614,4081,3700,3468,3742,3176
4260,6646,3803,4494,3843,4896
4514,6955,4840,5327,4658,6851
5151,4646,2495,4697,3694,3817
3670,3481,2797,4295,3089,4370
6018,7025,6857,6958,4969,7958
3601,3708,4496,5091,3606,3084
4223,5129,4910,6119,2499,7504
5570,4387,5378,7773,3333,3592
3736,6852,2968,5399,4816,4392
5094,2333,6067,3916,3146,4111
4430,4500,5008,4628,5718,4576
5878,5482,3945,3249,5600,4059
4004,5737,5499,6899,2820,6424
3921,6298,3804,5298,3635,4764
3212,4904,5477,5177,5002,6697
4999,3762,3939,5192,3956,4912
7308,5704,4622,6509,7125,3953
3650,3527,4557,2896,4777,4173
5309,5616,6925,4999,6392,5587
6384,5191,5045,5468,4209,4402
5563,3088,6445,3172,6279,4041
6677,6959,5987,6662,5873,8447
2344,7312,5345,5969,6306,6032
5212,3232,6390,3622,7023,3950
4050,4791,3510,2504,4872,2139
5487,5605,5304,6467,5757,6083
7660,5326,6110,6110,7480,4710
3929,2450,3109,4941,2410,3507
6814,3305,5469,7144,5951,2595
4356,3693,4601,3600,4391,5200
5469,4332,4027,4623,6246,4827
4582,6278,4062,6898,5195,5806
4204,6726,6994,5668,6411,6373
3746,5759,3285,6014,5922,5384
8053,8675,6820,7818,8342,7599
6206,7424,5848,7374,5843,6503
4807,4203,2770,5223,5557,3370
4175,4194,4831,5260,5094,4263
4599,3639,3585,7608,4450,3650
3702,4176,4626,4741,3264,4815
4636,5125,4696,3290,5046,4473
6351,5671,4810,8608,3045,7530
2997,4470,5104,3820,2526,6903
7832,7252,7353,7211,6509,8949
7298,5028,5892,6116,5555,3886
6450,5578,5699,5943,4506,5217
1849,3792,3883,2135,3530,2795
1845,3957,5016,1756,4553,4279
4740,3418,6020,4127,5084,5141
2588,3245,1838,2606,2540,1544
5143,3998,3761,4494,6502,5441
5116,2317,6460,3553,3854,4740
4081,4160,3868,3174,5283,3603
3406,2818,2784,4946,3022,3783
5514,4696,3272,5645,3840,3678
6674,4591,3699,6186,5710,3007
4056,7569,222,6860,3023,6019
3572,1757,2736,3717,3148,2832
4547,3264,3344,3224,4634,3714
4531,3906,4098,5142,2936,3911
1912,1766,1740,2083,2528,2975
4285,2988,5416,4301,4713,4718
5058,6135,5808,4828,5041,7194
5529,6151,4219,4781,6522,2614
2518,5955,2446,4520,3328,3363
4582,5711,1638,5330,4861,2811
3192,4389,4053,5338,4042,3437
5800,3853,4930,4941,6288,3861
4845,4148,7180,3244,5823,6634
7999,1895,7248,4994,4823,4301
2619,2518,2779,3143,3330,3542
6184,5546,6477,5664,6729,4208
3577,5866,4131,5278,4539,4331
4966,6090,2916,4185,5142,3316
6376,4284,8093,5329,6281,6853
7452,5959,5318,8314,4720,6585
4793,3318,5400,5987,4868,5275
6816,4622,4926,5772,5607,3155
3320,3953,3800,5559,6487,5401
6714,6735,6270,6599,6462,5333
4312,6419,5715,7358,3382,6953
3468,3201,2934,2192,2996,1750
3571,8287,2907,5900,4996,4690
3159,2526,2087,2534,1851,3277
4537,3250,4173,3039,3829,2589
4083,5006,5152,7862,5778,6918
2418,4362,2841,2434,3817,2608
5653,4553,3768,6697,6183,4906
6164,5476,8148,4555,7585,4863
5483,3254,5106,3602,5156,3085
5248,4727,6761,4262,7904,4541
3849,2805,3539,2911,3955,1679
2160,4464,2663,1514,4558,1950
4147,4343,1795,4762,3550,2744
6932,5660,5443,8724,4991,7181
6767,5001,7396,7280,5227,6302
7869,4479,6453,5154,6000,5814
5564,4418,5223,7617,3931,3968
4110,6479,2997,5868,5456,5304
4066,3096,3537,3429,5389,2519
3338,5924,5673,6037,4562,7043
5999,5387,6115,5835,5649,5888
4128,3416,2903,4744,3539,4522
5151,3310,5896,5004,4487,4854
5955,7314,6280,6245,6054,6804
5824,5046,6992,5652,5941,5515
5198,7056,5448,5758,7302,6241
5171,5358,7105,4889,6608,6695
4005,6618,4379,5875,4049,4763
5691,3200,3788,5681,3122,825
3773,3617,3789,4824,2966,4445
5779,6667,5496,6976,5997,8167
6472,7621,5565,6448,5032,5761
3973,3586,3221,2613,3582,2037
3244,3654,4587,2781,3941,3774
5610,4898,5384,5373,5429,3841
4945,3678,3460,5029,3665,3180
4352,3482,5042,3705,3006,6340
3637,3746,2267,3686,3137,3861
6063,5571,5874,5893,6596,5631
2375,3214,2548,2800,1692,2783
3302,5560,3898,4799,3768,4836
5115,6265,7469,3187,8313,5427
6002,5926,2937,4775,5743,4773
6232,4561,4147,6034,3177,5706
5289,2888,5254,5328,2834,4414
3741,5072,3286,6694,2294,3474
5865,2946,5311,7190,4448,6495
3241,2733,2907,4119,3126,3127
2682,4246,4787,5479,3726,6589
4527,7151,2063,4798,5101,4952
5925,4577,6433,3652,5841,5469
4871,5856,3903,5719,4395,3598
4672,4921,3472,4392,5534,3486
7741,5686,7916,7313,5868,6183
7160,5063,4412,8083,5784,5499
5283,7252,5906,6517,5067,5377
3995,5123,6560,7141,4112,8146
6797,6407,6126,6494,6438,7613
6688,7140,4234,6815,6523,4686
7504,7219,5920,7892,7123,5801
4037,4352,3687,5638,3354,4404
3919,5886,4705,5247,4846,6112
2677,6278,2918,5174,8165,5343
6468,5859,5202,3567,4673,4922
4341,4681,5082,3959,4873,6377
7349,5539,6028,7420,5274,6090
3769,5719,4520,4290,5643,5338
3956,4849,4119,5352,3292,5581
3573,2885,3168,3588,4463,2786
7868,6587,5479,7136,6624,4689
2932,3987,5129,2657,5078,2459
3890,3258,3187,3511,3394,4707
6214,6954,6618,5960,5881,6263
5660,6475,4018,6182,5835,3438
3467,4524,5102,4531,5153,3034
3523,4737,3532,4843,3536,4542
1827,5114,3026,2726,4479,5736
2816,2663,3303,2837,3462,3369
6660,4803,5285,3694,7002,4903
2571,4281,3712,6205,3606,4672
4100,4176,2582,2849,5317,2554
5760,5973,5844,4900,5994,6127
3675,2675,2837,4925,1845,4634
2296,4850,5945,3318,6712,4531
3017,3041,4842,2856,3360,5033
4260,3225,4582,2920,4062,3157
3612,3555,2430,3530,2806,2210
6139,6236,6326,3486,6660,5077
5513,4378,3966,5935,4040,4908
5915,7546,6963,6296,5091,5682
2874,5875,6113,3422,6760,5369
5341,3921,7101,4453,5587,6522
3622,4626,4979,5347,2907,6307
4805,5133,3481,3274,3537,3004
7504,5844,6693,5559,6902,5055
5919,3662,3620,5151,4386,5380
5033,5919,8262,4116,7712,6636
5326,4728,6981,4312,4733,6562
5078,3088,3297,4953,4459,5625
3871,1930,4066,2928,3220,2788
4826,5540,4427,5037,4625,4809
4599,3956,4722,5516,5490,2787
5143,8059,4890,7342,5169,7951
7549,5177,7127,5743,6406,7119
2312,6110,2669,3963,4483,4602
4326,1666,4166,3923,3478,3890
4230,3834,2113,2678,3915,3290
4567,5930,3155,7366,3912,7395
4999,7097,5412,6008,5959,6325
3836,2905,3531,3051,3922,2117
4672,3837,4994,3268,4255,3226
5858,6923,6528,5514,7521,6585
3815,4382,3572,6946,1778,5557
5394,6390,5081,6674,4961,4697
5017,4578,5498,5777,4649,4463
2221,2829,3821,2654,2576,5824
3342,4519,2256,4906,3556,3832
7245,5460,7637,6671,6719,6425
2877,4922,2525,4151,4043,3713
4341,6532,6168,3719,5649,7325
4944,3510,4643,3901,4261,4270
4735,6264,5211,6410,5564,6974
2776,3487,3198,2602,4326,2335
5231,7725,5447,4507,7014,6563
6040,5692,4751,5765,4191,5480
4639,3489,2565,2932,3756,2682
4328,4674,4919,2255,4473,4762
4146,3840,3538,2943,4536,2548
4904,5141,4966,5549,5787,5149
6696,4227,4464,5640,3819,4634
3918,5876,5271,5123,3392,7084
7465,6709,6789,7040,7216,7681
3761,4862,2528,4479,3971,3911
3340,4724,4477,3712,3330,4401
4951,5367,5138,5755,5245,6315
4692,4865,3052,4166,4644,3289
6568,6073,6263,6820,5472,6245
3523,2550,4258,3961,2979,3356
6777,6906,6826,6723,7352,7722
4471,6301,5830,6000,5992,4697
3097,5959,1909,5395,2811,4534
3682,4186,5036,4864,3202,4595
5025,6476,3999,6008,5870,4271
8288,6507,8168,7516,8344,8122
7909,2338,5951,3963,5084,2500
5757,6446,7821,5962,5340,6706
5838,5010,8030,5044,7488,4967
6918,7129,7132,7506,6769,6589
2000,6420,3120,3187,4388,3655
8235,3673,6545,5814,5479,2543
7669,5873,6343,7233,6428,6983
3462,4261,3000,3219,3739,5029
4542,5671,4929,2876,3926,3425
3780,5879,5156,5181,7355,4594
4527,4708,3938,4453,6002,4086
6521,6785,8326,5291,7083,6220
3637,6396,5096,6770,5045,6222
4714,4163,4677,4177,5123,3153
7063,7767,5703,8009,7729,6587
1826,2171,2010,3001,1548,2476
5445,6831,5816,7231,6894,6527
4627,6568,5817,6543,4474,7641
4861,4881,6513,5067,4683,5806
5761,5737,4796,4551,4728,5760
3987,2977,4092,5202,2607,6141
4024,5971,3618,4408,5199,3927
6738,5706,3759,5990,7315,4419
3387,4867,4948,4352,3163,6423
5712,7305,5546,5698,6224,6326
4687,5870,5161,3728,6924,4000
4729,4769,3078,5422,5071,4248
2607,3123,3272,2612,2074,4683
1825,6119,3893,6641,4311,4830
3315,3639,3977,2819,3627,3374
4721,4250,4226,4239,5409,4968
7460,7825,7521,8278,7923,7556
5143,6860,4655,4006,7220,4914
5185,4351,4257,5246,4741,7809
6051,5341,5425,6474,6604,4034
4562,3753,5391,4333,3777,3551
6153,6504,4280,4374,8311,2283
7529,6454,5008,7753,6067,7257
4433,3501,6406,4435,3745,6433
5458,5302,6337,5534,5297,5482
3875,6620,5131,4906,4419,5653
5379,4118,6171,2609,6283,1593
3673,5117,3184,6737,3095,5586
3284,6504,4228,4986,3862,4963
2691,4044,4902,1794,4210,4376
6007,8328,5384,7628,6544,7372
7553,5314,5670,7159,6546,6178
4099,5408,4969,2010,4678,5776
6685,3118,5254,7099,4097,3988
3766,1523,4436,3133,3831,3470
2754,4513,2596,7321,4091,7361
3772,4248,2189,4174,3472,3818
6746,3544,4640,6550,4180,3495
6603,7701,6086,6855,8347,7186
5636,6495,3182,7934,3477,5126
6868,5711,7173,6669,5892,4908
3123,5568,3367,3716,4204,4684
7791,4318,5950,6172,5084,5312
5872,7351,5648,7247,5603,7090
4352,3957,3657,3813,4329,4304
3354,4336,3178,4154,2854,3303
5969,6175,7011,6393,5414,6669
4236,4550,3506,4282,5269,3480
7118,5273,6891,5235,6224,3797
6653,6675,3137,5153,7074,2865
3667,5023,4099,3825,4256,5208
4753,4862,3309,4696,4260,1480
4358,4397,3456,4493,2226,4207
2440,5139,2343,4548,3014,5208
3672,4940,4334,5530,3403,5929
3628,5344,3504,4773,4945,4446
3335,3058,5146,5201,2504,5421
6809,8514,6169,8379,7248,6848
3215,4467,4181,3064,5494,5927
3353,4788,3769,6352,3958,2723
6730,6849,7379,6291,5739,5555
5703,3580,6772,5097,5555,3490
7130,6451,6821,6212,7281,4604
3651,3087,2696,3048,2394,2255
4179,2839,4703,4186,4328,2319
4656,6076,5037,4935,6349,5159
6424,2284,4173,2432,5767,3214
4882,6434,2599,5394,5233,2570
5569,5246,6062,4348,7166,5353
7151,6449,5114,6800,6340,4959
3319,7221,6512,4917,3538,6845
6315,5399,6602,6841,6077,6457
5660,6590,7552,5505,4236,6734
5478,6048,5333,7183,4132,5350
3693,4832,4417,2321,3714,3398
7747,6489,6291,6331,7153,2191
6430,6893,2172,5305,5660,2469
4659,5435,5008,4435,5190,4448
2991,4841,2833,3275,3645,4021
8175,7883,7786,7420,8068,6445
6409,6009,4593,6041,5488,6331
7629,6959,6976,6813,7046,6757
4009,3576,2738,4312,2524,4980
3243,4879,3889,5275,5543,5649
5697,6430,5276,6047,7230,4606
5092,6998,4583,5071,2927,4383
4529,4434,4098,4620,4287,3685
2831,2963,918,4552,2060,4238
7276,6522,5525,8401,5519,6337
4458,3159,4670,4164,3001,5752
5571,6546,2789,4433,6241,3640
4236,4892,2930,5906,1872,4611
7651,7109,7104,7451,8165,6704
3434,6876,3568,4102,4846,5434
4364,7347,3544,6443,4502,5806
6731,4606,5433,5032,5731,4350
4965,6255,3729,5381,4420,4856
3354,4766,5698,3013,4474,6747
5319,3587,5124,3552,5151,4865
8417,2626,5211,6534,4933,3812
5022,5077,3696,5816,3529,3357
5786,7340,6810,6903,8788,6516
5065,6092,5994,6756,7094,5159
2801,2924,2859,2803,4055,2197
6777,7822,6595,6495,7156,6945
6864,4386,6317,6080,5533,4858
5320,4284,5578,4313,3776,5719
3807,3483,3873,3497,3937,1902
4466,3473,5513,3583,3721,4328
6541,4459,3980,4896,6292,3463
7285,6101,6023,6756,5849,6113
4024,5807,5656,7228,3867,5555
5955,6750,5481,6746,7149,5604
4283,6026,2812,4238,5314,3161
6994,6802,6212,7125,7089,5520
1859,5728,3567,4323,6810,4206
4420,6697,5451,5643,4469,5267
3879,4811,3517,5396,4362,4649
2214,6228,5359,6005,6807,6085
2860,6591,3810,5843,2124,5414
3446,4355,5465,1684,4249,3623
4616,3402,4062,3473,4826,3076
6254,5842,7841,5864,6596,6156
4973,4458,5679,4661,2848,4059
7158,3530,7056,5255,4505,5785
3805,3039,4668,5543,2728,5459
5483,3842,4908,3463,4422,2966
6392,6944,7033,7815,5306,6600
6371,5662,6867,6713,6786,6299
1831,7827,2714,5103,4735,6862
5615,5382,3979,7025,5075,6098
4859,2246,4292,1629,3606,3662
6023,2625,4750,4738,3181,3792
4156,5833,3068,7275,4380,5745
7698,4625,5552,4242,5341,3551
5933,4332,6890,5312,4821,6283
4780,3298,7392,3424,3967,4449
7153,4118,5734,2983,6269,2430
7394,8117,6194,6879,6950,6866
6031,4252,4670,4031,5755,3317
5370,3199,6511,3625,5648,2900
3636,5602,6586,5623,4232,5234
6000,6064,6274,5168,8957,2247
4886,5153,3996,3569,7162,2294
4420,5541,5956,3190,6541,6459
2790,1864,3343,2384,2893,3468
3849,5312,4215,3575,5941,6733
4741,6425,6565,3531,6937,5453
2974,6499,2670,4848,3693,6057
4423,6714,4273,3229,5744,4209
5894,5977,5866,6736,6804,4663
5575,3576,8062,4732,5288,4370
5143,3715,6945,4131,4959,5602
7238,7209,6064,7302,7922,6175
3421,3430,3952,4129,1574,4463
4375,6313,6118,6284,7503,5522
3660,4085,3865,4853,3268,4398
6054,7577,6947,6210,7455,6562
5113,5416,3627,4940,5748,5683
4004,1364,3176,3340,2091,3750
2528,2510,2767,3028,2868,2811
7292,5950,4555,7006,6373,4092
3154,3205,3178,3250,3123,3100
4287,6063,6176,5393,6938,4383
3744,4351,3616,4163,3364,6217
5408,6539,4730,7831,5288,6260
5584,7603,4603,5081,5797,4983
6285,5660,7430,5170,6462,5822
7962,6680,6967,5728,7198,5390
3631,6757,2179,5849,6458,4472
8404,9314,8193,8718,8527,8806
4856,7006,5237,6699,6507,3783
4607,4518,5319,4545,5126,4878
4445,5202,6266,6681,2127,5614
4835,5891,5683,4652,5008,6558
3222,4129,4849,5266,2651,6473
4964,4326,2704,4619,5909,4190
4491,6853,6326,6918,4104,8216
6575,4947,6185,5920,5558,6300
8255,8372,8274,8402,7673,8545
4588,7019,3435,5959,4318,6335
4798,4982,5517,6675,4573,4853
6878,4905,6678,4974,5486,4835
3525,2379,3665,3406,3446,3431
6037,6491,6842,6658,6107,5633
4280,4314,3975,3538,3884,3660
6677,5948,5331,7276,5953,5324
3470,5668,3974,3118,4646,4556
5618,6440,5605,5294,5847,4686
3937,4259,4124,6622,5473,4758
5369,4101,4379,6893,5581,5266
6077,5230,6461,5382,5348,5568
4493,7391,3778,5294,6584,4083
5573,6031,5676,6423,4670,6773
5785,5929,3993,6308,5459,3924
5482,6117,5204,4244,8417,2711
4699,1667,9252,3588,2987,8265
7715,5045,4430,4885,5901,3157
3034,4404,3783,2811,3722,3424
5870,2449,7480,4086,7668,3177
2447,3136,5035,3590,2976,4650
3621,3621,2774,2534,3781,1757
4249,5430,2833,4452,5193,4065
5527,5248,6474,5074,3378,4030
5927,6451,6489,5649,8194,6316
4529,5264,2968,4251,5160,1961
6510,6196,5907,6317,7405,6298
3307,4590,3989,4742,4371,3965
5345,3722,4947,4275,5827,5030
4173,4408,4017,5044,3522,4430
6621,3554,6132,7451,2414,4736
6796,875,7776,4163,5582,5078
3465,4850,3644,4599,4002,5263
3996,2889,3881,4563,2771,3495
5377,6724,5363,5607,5593,7445
4760,6129,3174,6259,4872,5225
5150,4914,4870,3347,4910,6535
5066,6757,6559,7098,5199,7678
6291,6310,8203,6315,7443,6194
4911,4100,3873,4682,4144,4774
5664,5520,6682,8343,4470,6959
5613,5518,5126,4945,5545,3744
2984,2941,3319,2187,3668,2391
7207,4836,4987,5628,5099,6078
2632,6291,5148,2875,4142,5668
4201,4619,5405,5203,4231,5597
3642,3037,3810,3052,4019,4089
8115,3495,4051,6518,6741,817
3618,6318,5169,5668,3825,7443
6018,4036,6093,3103,4709,3796
5129,8037,7504,7146,7251,7643
5751,4120,3837,3966,4180,3099
4498,7215,6160,5611,6092,6491
6007,7047,4603,5522,6647,5462
7594,3873,5204,3982,6361,3487
6580,6177,6837,6167,6673,6647
4535,6005,6784,5412,5018,5520
2362,5365,4244,2964,5467,4350
8390,8540,7911,7446,8401,7276
6371,4984,4881,6446,6857,3539
4702,3116,3351,5233,3376,5464
6129,6491,7449,6805,5976,5563
4675,5684,5545,5879,4686,5345
3637,3330,3710,3779,4973,4640
6131,8031,5438,7289,6753,5164
4811,3474,4848,4393,3205,4490
4057,2424,3537,4555,2343,4020
4675,5197,4257,6634,3906,7006
3972,3726,3887,2634,4152,3722
4898,4663,5485,5586,4950,7237
6921,3388,6901,5309,2516,3532
5104,4221,5283,2568,4678,3389
7905,5502,7350,6234,6907,5811
7298,7993,5788,8575,6072,7634
1257,5445,3899,3425,3256,4651
4082,4872,4533,4603,3778,5778
2337,3832,3598,2888,4141,3529
3372,3724,2839,3368,4073,3210
3486,4225,6380,4385,4272,4624
3826,4900,4650,4123,4050,5661
6431,5951,7201,7386,5031,8158
7639,6205,7209,6615,6503,5755
3870,3360,4020,5418,3847,5492
6324,8198,5353,6759,7136,5917
8241,5459,7013,6297,6844,5155
3430,6527,4443,6868,3989,5054
6773,8035,6914,6540,7840,7108
3410,3398,4869,1686,4989,2857
4541,3873,6170,5683,5283,6820
6850,7483,5804,7912,6116,6845
5513,4669,4588,7262,3658,5680
4854,1944,4446,4893,2109,5591
6638,4087,4450,5985,5447,4978
6922,7737,6583,7386,7907,7555
3314,3678,4916,5357,2258,6387
6826,4701,7038,4644,7942,4613
4515,6575,5319,4415,6090,6911
6872,4995,5033,5846,5674,6010
5612,4361,4826,6387,5345,4300
5833,3334,7128,5328,2797,5697
3700,5789,6709,5128,3447,7534
5516,2401,4582,5282,4615,3925
3966,3647,3621,4213,3880,2440
3424,4317,3508,4270,2491,5966
4339,6547,6908,4805,5696,6154
7502,6842,6920,8225,7687,6775
5690,5015,4558,5920,3661,5613
2182,2698,3372,3321,1982,2760
7441,5100,4277,5542,5061,5209
6800,5849,4352,6551,6345,5096
4513,4769,4550,4614,5200,4374
7350,6519,7416,8110,6293,7745
6400,7892,4302,6784,6718,5411
5991,3461,5473,4849,6227,4094
5395,5367,4302,2432,2581,3598
4066,4006,3667,4462,5257,4316
4150,5317,5359,5811,4130,5786
5089,3677,4056,3970,3745,5598
4425,4374,4377,3787,4819,4936
5436,5552,4919,6036,5368,6474
1449,3570,4295,4024,4427,5454
3777,4906,3918,4871,5939,5890
6270,4589,4110,6173,5528,5500
6492,5687,4477,5932,6106,5721
5881,6058,6597,6799,6925,7638
4338,6659,5974,7378,5017,6792
5132,7607,7582,5836,6744,7785
4255,5004,6031,5358,3673,4706
5140,4384,3742,5203,5335,4655
3887,6015,5197,5235,5627,7100
4500,5830,5445,5542,6236,6901
6712,3260,2814,6232,2351,4528
5944,4559,4711,4564,5834,4456
6196,5840,7678,4538,7211,6513
3197,2098,2528,3233,1419,2491
4338,3716,7227,2236,6285,5617
4561,4281,4104,5372,2756,5582
3157,2121,4337,3663,2979,5087
4052,3943,4651,5006,1945,4136
3323,6870,6437,5448,5824,6036
6375,7052,8634,7023,6767,7825
8585,6841,7569,7498,6523,6836
6228,5785,6229,6278,6876,5779
6320,7045,5863,7151,5872,7859
5529,5274,3355,7233,2960,6405
6256,6465,6082,7291,6719,6072
5737,5144,4400,3613,5436,3632
4958,3880,4165,3001,4953,3634
4497,4110,4931,3569,5840,2308
4263,4192,3876,5404,3550,4626
6054,4600,3365,5279,3940,4746
4170,5169,3493,5169,4077,3117
5252,6804,5496,5101,6950,4639
3860,3721,2888,5151,2470,3082
5383,5674,4507,5171,4466,4837
6520,4985,4921,4723,5887,6080
5899,4993,5613,4214,5226,5667
5065,5730,6003,4722,6503,6517
6151,6046,6412,6648,6495,6677
3005,1742,5609,3089,3915,3704
7357,6612,6650,6079,6794,5820
5568,6699,4858,6925,2569,7407
7260,6874,8282,6874,6700,7323
5218,5112,5313,3105,4018,4686
1543,2549,2209,1853,2036,1840
3348,7295,4734,4454,5724,5737
7228,7807,7445,7071,7586,7427
6776,5066,6186,5440,5738,5123
7738,6068,5602,6687,6732,4866
4708,3585,6683,4426,3918,4507
3811,4347,3550,3837,4492,3459
5968,2926,4306,3963,5103,2996
8437,6980,8386,6912,8075,6925
5590,7095,4559,6222,6799,4915
3852,2986,2619,4525,3537,4131
6090,5151,3050,7291,3110,3508
4770,6310,5335,2430,7260,3946
5894,1872,5527,4813,2430,4761
4182,5653,5572,4757,6378,6816
4017,3583,3789,3804,4322,2443
2967,3862,4581,5202,4561,3809
2962,6284,3445,4569,7084,3510
3306,3947,2262,2117,3984,2464
4659,4270,5131,2969,6617,1958
7196,5721,6416,3863,3494,5614
7134,7727,6269,6158,7246,5916
3286,2594,3490,4102,4096,3544
3254,5077,5403,4964,3419,4205
4756,3898,4213,4425,5567,3661
7644,4643,8360,6111,6216,7749
6808,6387,7145,7317,6060,8012
6935,747,6461,3407,4160,5047
3371,5318,6192,4126,4239,5240
4721,2884,6370,6804,4050,4536
5269,4252,4564,2864,6782,2516
2242,2677,2994,2841,2408,2380
3777,4844,6692,4335,4952,6069
3730,4942,6342,6069,5153,6549
5109,3815,3300,4939,5743,3675
3735,3530,5518,4386,3562,4503
2782,2425,1685,2615,1977,2711
3485,4280,4379,4761,3920,6236
4680,2461,3394,4060,4287,3647
4912,7228,6633,7750,5145,6495
3673,2627,3064,3654,3398,1780
4299,7067,4920,5023,6082,6230
6894,7199,7068,5514,7401,7151
3372,3699,3642,3653,4339,2230
7471,6117,7100,6490,6124,7983
8510,7929,7098,8015,7909,6230
7084,7099,4406,7171,7778,4634
5864,6829,6505,5177,5165,6746
3248,3227,3022,3564,2731,3014
5911,6192,2878,6807,5197,4940
2893,4378,2419,2861,4848,2083
7323,4907,6775,5616,6863,4914
2364,3997,3339,3440,3283,4412
4279,4889,5029,5300,4590,4241
5348,7172,6059,6051,5938,7342
6779,6648,6284,6732,6708,6495
4105,2955,3440,4450,3229,3125
4287,2737,2756,4182,4888,3526
5592,4635,6759,4684,6803,3759
5235,4040,4893,4683,4629,5014
4128,1675,3640,3257,3653,2170
2360,6514,4128,2477,4165,5426
2769,5499,2893,6124,6452,4694
3680,4379,4577,3284,4700,2508
5452,3865,7122,4709,4586,6393
6908,3187,6857,4334,6944,6101
5374,5428,5894,5473,4576,6576
5577,5218,6674,5227,6546,6680
6020,5888,4250,4333,6736,3300
6271,4814,5851,7039,5419,5630
3760,1642,3802,4829,2643,5968
3201,4426,3622,3217,4242,4857
2882,3660,2659,3986,1958,3911
6273,8514,6822,5709,6383,8214
3522,3084,3043,5545,4509,5659
2809,4669,2871,3838,3259,4811
5382,3551,7673,5459,5187,3858
4118,3805,3627,3005,2254,4401
5697,2163,6250,6799,4169,6132
7387,7314,6998,6962,6867,7118
2975,5193,4804,6755,5451,5335
7294,5572,6054,5870,6013,4735
3749,5346,5723,5289,3883,5411
5457,5380,4266,6044,2817,5380
7099,7169,4150,4954,5866,5513
3102,2433,4669,3079,3846,3526
5788,5578,4928,4823,5652,4711
4273,4780,5730,3991,5401,4463
4044,5026,5062,5965,4347,4954
3499,7435,5825,5247,5245,5868
6070,7243,3851,7055,4580,4279
5366,6855,6939,6266,5500,6882
7586,7464,6973,7193,6210,6871
4866,2395,5909,4465,3323,3914
4557,1861,3782,3231,2962,3854
4737,6889,6266,5924,4860,6660
5621,5784,5734,6396,6120,6148
4812,4466,4651,4454,3878,3754
3927,4414,6957,1640,6296,3122
4177,5507,3540,7388,6084,6236
3827,4278,5907,4995,4043,5691
3672,2624,3985,3357,3433,4635
6449,6084,5075,6077,5514,3525
1537,2755,3988,1806,3604,3332
2538,7071,6056,6327,4044,6207
3201,4563,2194,3373,3866,3424
6200,4409,7123,5047,6009,7068
1681,6753,2694,4990,5367,4761
5484,4854,4521,5321,4722,5011
3634,2106,2260,3000,2004,4064
6501,7439,5957,8308,5569,7944
5922,4962,5529,6715,5139,4878
5763,5685,6606,5191,6215,8805
5845,5787,7702,5332,6393,5544
7037,6024,6660,7324,6732,5890
2071,6282,4707,4558,4812,4061
5752,3102,4096,4712,3483,3630
2620,5519,3779,4242,3595,5126
2946,3732,5572,3344,4233,3525
6466,5503,2929,6964,2677,6698
5507,3025,6826,3308,7409,3784
5462,5259,4426,5175,5574,6298
3389,7117,5124,5895,5019,6668
5799,3914,4498,5263,3865,3036
2760,2433,5201,2994,4455,3956
4585,4230,4349,2908,6454,4125
1766,3888,3238,3794,2993,4897
2769,3567,3115,1331,3118,2164
5795,4892,5277,6470,3942,6238
2275,2303,1451,2525,2478,1926
5927,4966,4850,3965,5520,4895
5763,6609,6087,7545,5787,6148
4255,4729,3172,5575,4069,5097
2223,5229,2335,5194,3400,4103
5440,5993,3166,3678,7894,3707
6941,5958,7954,7836,6121,8835
2608,4804,3343,4901,1718,6583
3677,3033,4744,4818,3257,4334
6255,1982,5747,3172,5692,2351
3282,5656,5634,3961,3105,4133
6577,6675,6242,8064,5733,6575
3925,6148,3208,3465,4517,4925
4722,3650,6271,5287,4624,5185
4739,4182,5028,3536,4328,3930
2047,3206,4149,3881,2951,4606
4920,5212,7197,7482,4738,5575
6263,3156,5065,5670,1633,4129
6264,4032,4657,3840,6433,3766
2730,3581,6264,2325,3597,3534
6754,5271,5362,6286,4381,5152
5256,3431,4097,5279,5116,4610
2003,4909,3219,3582,4904,2999
6534,3287,4773,5781,3677,4137
4671,5398,4341,6248,5617,6363
6420,5851,4629,6672,4594,4470
4578,5261,6248,5426,6034,5469
2618,3204,1905,3409,2686,1680
1371,3327,2967,3034,3143,4493
3530,4708,2901,2282,4525,3150
5540,2153,4666,4396,4795,2997
3764,4674,3373,3467,4094,5139
4437,5575,5365,4642,3878,5080
5908,2437,2866,4231,5175,2570
8411,7818,7262,9151,6748,8513
2880,2087,2702,2567,1660,3229
7712,8509,8142,8179,8501,9252
4424,6807,4726,5071,6276,4331
6093,6658,5855,6120,8325,5531
3744,4953,4003,4154,1949,5616
2796,5946,2609,3286,4775,3210
4296,2218,2715,2317,4174,2227
6781,7819,7571,7435,6197,8127
7700,5978,6572,5324,6893,5896
2739,2039,2203,2306,3165,1987
5021,4938,6799,4915,6828,5294
5220,4493,6164,4656,3890,8589
7746,2902,5606,5024,5032,4670
6469,2900,4969,5669,5922,4457
4576,5362,5154,4214,3376,5907
6091,4460,5475,5145,4918,6293
2778,3020,4000,5302,3975,5930
7291,3586,6310,5991,5465,5563
2815,2545,3509,2805,2075,3333
1998,1299,1914,1670,1413,1321
6521,4082,5320,4725,5821,6227
6636,4756,4758,4701,5571,5108
4666,6228,2822,6042,6003,4140
4096,4152,2302,3618,3438,2671
5732,5686,5252,3328,7231,6121
3283,5226,4113,2921,6623,6592
6022,6194,8735,5933,8103,6578
5831,2714,4875,3327,3991,4785
1990,2847,3129,2848,1279,3441
3037,4246,4132,2577,4511,5549
4541,6343,3163,4562,4742,4073
4085,2431,5407,2781,4680,4026
3939,4462,4834,4995,4105,4870
4700,7356,3341,4804,6563,3766
5332,6690,6084,6739,5568,5603
6449,4524,5193,6818,5341,5898
2376,4753,5219,3567,3973,3877
6112,5832,7341,4441,7528,6558
2855,4974,3025,5712,4668,4482
1759,2398,1443,2130,2744,1301
2903,4370,5535,2570,4761,4057
7414,3799,6274,6663,4493,6930
3932,3247,1211,4168,2504,2397
3789,4247,3344,3499,3044,4508
6467,7087,6716,5985,8196,6679
4360,8039,3849,6833,5274,5752
6043,6131,5223,5606,5139,5830
4291,4366,3676,3705,4622,4102
6377,4758,6483,5426,6642,3801
2747,2247,3270,3783,1453,3195
2894,4887,4706,2975,3904,5739
4356,5927,4316,6238,5841,5053
2882,2988,2534,3676,3430,2639
5413,3845,4220,3631,4057,2871
7633,8152,8225,7262,7064,7426
6134,3950,4313,5148,5098,3416
3702,4950,4675,3599,3726,3808
4057,3866,3534,3506,3702,4366
3942,4956,3286,5291,4980,4835
4666,6489,4124,5478,4785,6355
6467,6166,4540,7503,5328,5820
5664,6687,4988,5309,7233,4721
5156,6604,5735,5317,6908,7263
4896,6058,5627,2655,6327,5770
6401,4994,4852,6918,5434,5677
4341,7046,4197,2857,6636,5617
4225,2166,3622,4139,2169,3333
6402,6934,4016,6190,4448,4763
2940,7190,5695,3482,5640,3761
2461,3800,2236,3614,3000,3955
6242,3573,5400,5969,5110,5227
5159,2450,7511,2523,5293,3333
1917,2210,2223,1506,2309,1844
6374,6692,7291,5626,6659,6337
5695,6020,7063,4429,5247,7750
4461,5044,7736,5340,6127,6500
7508,3985,5223,5039,5766,3175
6030,2557,6460,4352,5913,3569
8198,7798,7371,7656,6953,6229
4228,3164,4811,3671,3851,2986
4203,3828,2893,4112,4653,3500
5860,5753,5206,4825,6480,4476
4839,3108,5083,3485,3956,3504
6280,6312,5776,6520,6145,6830
3147,5866,4102,3722,2785,5185
4211,4802,5494,3731,4485,4687
5381,7400,4648,3974,6097,5397
