11000 2
3548,2191
2298,759
1272,617
756,0
0,769
1689,0
0,2009
2059,876
986,493
3124,1520
1777,714
1818,0
1463,551
2813,0
0,500
1812,548
717,438
0,1351
1715,717
2207,634
3100,1775
2258,845
693,229
2942,1668
1786,733
1642,0
913,0
0,303
436,199
499,146
0,1518
989,247
2521,1341
2477,0
167,78
0,1282
930,281
697,206
2831,0
2059,585
649,0
0,1643
265,106
1674,559
326,101
373,157
1423,0
1103,296
315,0
1007,207
549,0
163,110
1822,899
3091,1716
2761,999
223,90
229,106
3602,0
571,186
2889,0
0,1651
0,347
933,287
398,0
2050,913
1051,426
2287,1130
0,495
1448,592
1876,723
0,449
0,559
573,0
0,400
701,231
340,109
361,0
3107,1119
3047,1822
980,0
845,216
3292,1785
112,48
2903,2107
1782,863
174,17
0,393
1910,730
2056,511
516,311
1754,750
0,496
1555,680
2498,1250
0,1652
281,106
1748,0
556,239
1178,589
1910,593
1229,684
2339,0
1773,611
2632,747
500,210
1361,0
170,62
421,124
48,9
2477,888
540,186
547,164
0,1322
2599,944
0,1018
2612,1211
878,246
2745,0
2670,0
1019,0
2463,807
3227,1961
1489,765
0,128
1727,0
2832,1389
2863,1142
2549,1381
2661,1583
0,1437
1405,433
0,425
0,299
0,728
400,172
0,668
0,629
1165,588
2853,0
2483,1213
617,173
2513,1269
0,444
536,0
0,256
0,162
449,155
1450,629
0,1949
1376,299
121,30
0,167
2011,1093
3244,2170
719,0
2837,810
446,0
0,1021
1776,769
0,2450
2521,0
2205,865
465,156
252,85
1400,677
876,0
0,27
1175,0
340,133
2787,1048
1991,685
0,87
307,56
0,162
0,1700
1986,815
0,826
1378,322
1270,0
3046,0
528,98
1690,0
0,1681
2427,1044
0,882
157,69
2632,1329
2859,1563
0,1593
401,170
1964,766
0,321
1077,0
1859,614
2289,1442
756,274
445,165
175,0
270,0
277,79
0,646
1469,604
0,475
1136,503
1766,676
0,1675
1183,533
0,722
2668,1630
0,860
2089,588
2283,759
0,283
0,1573
0,325
0,297
3465,1887
2529,1525
0,742
2131,0
0,242
568,0
802,182
2285,0
939,243
1731,0
2171,863
0,364
291,0
1667,501
1159,0
508,0
0,778
797,285
121,0
232,112
754,151
1801,808
3378,928
2987,1823
1783,648
0,125
1430,523
2456,0
177,56
2401,1342
0,217
792,0
2853,1700
2147,0
1372,571
0,64
0,168
0,709
101,0
753,380
2177,0
0,883
0,319
2814,0
1066,282
0,539
2513,0
2278,1007
1898,0
72,0
0,124
1269,370
0,1058
1163,468
1030,435
0,943
1870,0
2563,0
2519,769
1755,411
483,152
1016,0
2191,1138
339,119
0,1015
103,45
754,424
1055,0
1059,418
2592,1680
0,347
2577,0
2636,1302
538,0
519,174
2129,851
0,173
1668,0
2389,652
2756,632
1472,675
0,672
2419,1124
2843,1508
0,1382
0,1050
1125,482
851,366
274,0
1070,302
0,1353
1153,448
2519,602
1579,444
905,269
674,0
949,246
1347,615
1338,258
214,0
0,100
3220,1502
3162,1778
1161,420
0,1164
1040,371
1945,1129
0,627
526,148
425,276
1259,377
1686,607
0,794
271,85
0,86
3379,2275
2656,1519
704,174
2388,1119
0,227
126,61
3184,1935
853,285
0,359
262,70
0,21
1503,0
0,1701
1704,0
0,760
76,19
0,543
163,56
0,648
617,0
0,172
2709,914
2913,940
1646,700
1468,633
2516,1757
1758,0
454,72
0,558
0,1283
1816,409
1282,658
2992,0
1731,0
0,1590
0,1298
0,600
2835,1000
1850,491
2995,1600
0,1479
640,274
2735,1571
866,300
0,174
0,160
1207,502
0,450
2351,0
1456,0
130,36
2066,757
489,139
0,744
268,92
259,92
2198,685
1838,0
918,272
1480,0
540,0
0,152
0,117
2332,764
866,335
1644,688
0,1459
2139,914
793,164
651,273
1145,0
737,350
0,1289
0,485
0,475
153,126
2975,1585
2892,1549
2747,0
0,192
1891,0
2558,1375
364,81
1461,0
1346,0
1549,744
1697,0
1485,647
0,1239
1762,665
93,20
0,115
967,0
882,0
2335,1032
3083,1035
0,123
2363,1366
853,250
0,309
0,1448
0,1604
1909,847
3328,2427
1019,422
2946,0
2610,1172
0,137
174,73
139,64
1418,410
1105,0
1589,531
3039,1129
2267,1043
2889,0
2407,0
311,139
2995,1722
2030,823
650,0
918,202
136,38
782,164
2353,0
2557,0
1482,669
687,240
2525,937
0,796
0,564
790,0
0,653
0,188
0,919
1327,0
0,1232
2913,1443
2435,0
0,71
930,487
0,866
1224,313
2338,1101
2809,0
2793,1641
0,1787
2274,1037
1898,0
0,408
1051,507
2382,0
136,77
0,346
0,48
2912,1465
1091,619
1870,0
2026,818
1340,603
1280,370
2512,0
2776,0
1083,0
2968,0
995,213
2960,1679
3257,1552
3044,1505
2716,1461
1728,903
1935,0
870,0
0,437
0,73
0,184
2795,1416
99,0
700,0
3016,0
1378,439
0,1296
1710,0
0,1139
164,66
1277,0
969,241
0,589
0,411
795,332
1114,614
1354,476
989,510
1224,285
2904,1723
2442,0
480,250
911,314
2639,825
162,85
1516,678
0,302
0,1818
0,446
1027,288
2410,1179
2017,936
1487,647
891,0
596,282
2098,0
1405,0
0,267
0,681
608,347
1803,796
743,236
1438,0
207,0
606,309
0,1091
1112,486
0,96
875,0
49,0
0,157
2408,0
2487,913
2842,0
0,1055
2045,0
2369,662
2037,1062
0,63
0,818
1634,530
2501,1453
0,39
2816,1564
552,159
0,634
1094,0
342,104
165,81
0,310
700,239
0,361
1772,0
2267,868
1626,617
2688,0
359,154
1219,0
648,0
949,0
61,0
0,1005
1782,597
1165,463
2687,1323
2253,1268
174,84
2598,0
215,98
383,0
456,240
1913,0
630,207
1283,0
1665,744
0,1527
1639,0
643,0
996,347
1928,0
918,0
1645,0
2232,0
0,157
0,1395
1481,1006
1021,513
1363,446
0,518
1825,489
2302,879
2453,1176
2224,1119
345,152
0,21
1745,0
2507,1765
1033,0
0,565
1667,749
1652,0
597,171
2847,1400
1386,0
2419,1238
1239,435
877,0
2709,1042
1505,524
277,0
2936,1705
3117,0
480,174
860,325
0,852
908,384
0,869
1165,502
0,1616
562,0
765,326
1849,836
0,224
496,0
228,0
450,131
2531,911
2500,1083
3041,2273
869,0
2369,1050
2798,1861
0,1387
2002,589
2029,771
2769,1690
1492,644
0,116
1222,528
2158,663
230,146
93,60
137,86
254,43
1178,0
2068,820
1262,0
1958,791
1586,748
2656,1533
2084,0
2764,1464
955,0
937,381
49,35
1647,583
1949,0
516,201
119,64
0,697
2694,0
1391,0
0,717
111,49
0,105
0,166
0,631
289,79
2777,1462
1328,0
1449,0
1594,0
176,0
1645,848
0,800
2109,1158
1051,403
0,781
1977,894
2104,955
2601,1116
356,0
1959,582
0,995
789,287
675,312
3094,1698
1685,759
2005,1071
551,231
1051,404
526,0
1680,835
0,301
1751,665
545,0
241,112
0,2125
997,0
0,359
2860,640
1535,599
1425,444
2398,0
438,180
678,229
171,83
0,54
1342,514
2627,1028
152,0
1505,652
1276,539
2743,0
768,153
2600,0
368,109
0,1238
1552,526
2579,1343
0,224
556,124
1930,762
2481,1495
0,193
0,1509
0,616
986,293
1421,0
158,63
24,8
1317,493
1914,1082
2147,920
0,496
0,174
1623,0
449,0
936,372
2775,0
1646,0
269,120
0,566
3024,1898
1979,745
1735,871
571,285
285,74
2518,743
2256,0
1878,1156
227,0
1149,463
363,102
798,303
1798,396
1876,1118
1481,0
0,54
1236,491
2072,759
1525,653
1370,416
988,0
2186,1011
0,980
1653,0
1032,386
621,250
937,509
2906,1230
2770,1553
3215,0
453,196
154,84
0,748
0,1697
0,609
1985,1088
334,0
2188,874
493,204
220,68
1876,589
606,204
274,106
88,34
1993,863
2203,0
119,53
0,45
576,183
2405,1262
0,370
0,338
1327,372
1552,790
2429,1528
0,295
2582,861
0,612
887,271
827,0
2091,637
0,415
85,43
805,0
2857,2232
2327,693
947,441
1017,345
2553,0
1382,583
2121,0
1853,432
2163,914
2797,1322
2325,0
343,163
3246,0
1765,920
2099,620
2530,797
1966,847
1220,590
2884,0
2741,1285
2283,0
854,123
0,1746
654,153
0,973
0,523
1875,828
2411,703
2765,1557
0,1484
0,695
2440,1088
1636,0
0,873
66,0
1213,561
171,50
2119,833
2869,1672
0,507
1759,1066
626,0
868,306
0,345
2311,0
57,24
498,182
0,30
566,179
2933,1017
2119,1113
851,269
1802,735
3182,2097
0,303
293,91
694,236
1683,676
0,469
873,442
1277,475
2416,1178
1819,757
110,16
0,1414
2369,1354
2900,1949
800,364
2778,1210
1174,0
0,227
53,15
0,212
0,83
611,198
260,88
1773,646
0,832
438,191
1969,1025
2479,1266
818,0
534,88
0,232
107,36
0,1234
2686,1197
1929,723
839,0
1163,299
2268,692
547,153
463,127
1598,775
0,1862
1748,816
1277,454
0,196
679,258
2423,1060
911,312
2520,1398
643,224
243,74
0,150
109,0
1538,492
2473,0
1080,504
1393,560
0,571
2319,0
698,275
0,1182
590,224
0,958
0,876
1323,517
739,340
0,177
1551,0
277,121
1274,0
1581,846
0,1009
0,1612
3314,0
378,121
660,280
0,1436
2522,0
0,351
0,822
0,452
3025,2172
0,495
0,667
0,607
1419,301
2496,733
1003,440
1929,1097
1264,362
1617,664
751,288
866,376
561,0
0,19
0,210
1584,0
809,250
611,0
2910,1144
2961,0
2481,2014
1641,0
2780,921
0,530
0,1431
1249,725
434,211
815,0
1550,0
1282,973
1079,0
86,30
2751,1594
1466,642
3157,0
0,422
2364,1369
224,63
1662,760
247,50
499,79
0,639
2528,1191
476,0
131,53
329,102
796,309
2566,1082
0,321
126,54
2132,1006
2538,1002
413,85
2839,1778
1583,608
2201,840
245,0
1297,0
0,308
310,0
0,1075
1265,388
1064,533
1757,581
0,28
927,435
2544,640
1264,480
734,0
530,189
0,1394
1149,0
3207,1497
332,144
948,264
659,195
2409,685
2850,0
2390,752
1595,917
0,297
532,175
2517,1127
760,0
1775,1040
0,78
233,0
2971,1444
0,1868
1487,497
108,56
2215,892
0,118
1486,589
1828,614
2546,1366
282,0
269,113
1264,334
0,1299
0,1248
2629,0
1540,528
2954,0
1110,653
576,0
2121,659
0,218
2888,2365
2057,584
1347,0
1171,583
1602,377
1641,571
431,0
265,104
809,0
1856,0
1778,843
205,76
0,852
2361,0
1338,816
1213,0
2081,754
81,40
113,59
91,49
1686,768
0,214
2742,1380
1070,374
1417,727
794,0
2717,1270
2058,517
1157,414
2386,902
0,1972
1734,650
0,965
2171,0
2260,1015
1521,709
2705,1253
2095,1131
1119,0
976,575
212,45
1604,0
0,867
575,253
1030,331
1835,1253
1779,755
1346,534
398,114
496,111
465,111
2498,1319
3095,1324
2462,1406
0,2031
403,148
1594,1076
637,411
0,609
1392,570
1693,610
640,219
1053,391
0,691
1979,1058
1434,786
545,272
1393,0
2941,1660
1307,523
1828,778
3145,1404
0,161
0,1304
153,80
1337,507
649,202
0,568
759,357
736,0
2259,0
1763,0
849,370
914,448
105,46
2537,1456
0,1039
0,417
1219,386
1900,683
479,264
0,132
0,132
1737,544
2617,947
0,1023
279,92
1703,795
0,1266
1957,0
979,0
452,202
0,281
334,0
309,99
332,156
0,1172
1479,527
0,56
0,58
831,300
571,183
1233,612
0,221
572,153
0,1338
2144,0
2641,1408
2560,0
2406,843
1998,538
586,172
578,172
0,553
1381,375
0,927
161,0
1139,502
0,678
2498,0
2641,1941
2338,947
1455,589
883,358
2022,771
2425,911
273,122
1195,0
0,670
2451,1643
2575,1561
1658,677
3143,2034
1222,362
0,1131
560,86
180,38
2438,1277
287,64
1816,866
0,180
1891,0
0,492
502,206
0,244
0,739
2955,0
2392,1004
125,0
0,903
522,0
1555,700
0,688
1589,700
0,194
2815,1286
361,108
2328,0
0,95
2499,0
194,0
0,909
1838,929
0,16
0,913
1994,914
134,0
117,32
1366,233
0,326
470,202
380,0
2394,869
254,0
1535,444
1142,0
160,68
900,468
1457,783
268,83
225,0
2912,1300
776,0
1830,545
1782,567
2306,0
0,624
0,410
1841,564
2314,1287
722,307
0,162
915,259
1526,806
875,512
381,0
1246,486
0,175
2115,816
580,155
2122,0
404,177
0,878
1474,441
869,385
2934,2585
0,55
1568,855
1254,470
800,441
459,162
1812,0
1581,0
1397,0
1600,420
1135,523
1853,761
0,736
1403,406
1061,473
2092,479
708,198
1209,528
413,0
0,329
1189,585
923,219
2938,1951
194,65
2622,1465
1938,768
2533,915
2795,1387
0,1671
1535,0
2125,1053
2771,0
1448,660
278,0
1170,533
2657,0
1839,0
0,569
1233,0
0,1565
212,82
0,176
2052,0
1910,986
2945,1549
711,0
100,29
2412,0
1164,382
1510,614
1136,453
0,161
0,1210
1392,802
0,408
1167,292
803,225
2763,0
1884,923
1176,588
708,335
681,0
526,0
277,53
964,589
0,299
2744,1350
0,672
2097,1222
1528,593
1012,422
0,1072
784,369
1071,463
1565,582
2204,955
1543,937
1557,654
1549,629
1467,599
633,378
2676,1520
2857,0
2046,1042
2510,0
3226,0
0,40
2111,792
2337,0
2849,1203
2193,763
0,319
628,0
0,109
1512,881
971,554
541,327
2349,731
1494,512
0,490
298,0
2304,991
1966,874
0,347
0,1254
486,0
0,942
2670,0
2286,932
2123,731
1331,747
1303,350
2243,1035
1636,0
228,87
332,0
777,0
2793,0
0,1365
0,315
2123,893
135,74
1988,819
1552,792
496,259
1051,299
2673,1161
0,198
446,0
225,85
2754,1056
3029,0
124,55
2670,1005
2973,794
2422,712
844,326
337,194
1243,270
1092,0
0,391
2665,0
2052,770
0,126
328,67
0,503
2381,1033
3111,1644
2969,1816
2582,1714
556,266
1374,845
59,8
2623,1292
1286,558
59,14
0,2095
2054,0
2820,1106
607,102
2539,1145
2375,0
0,1062
313,105
1956,924
3239,0
2593,1747
1146,406
1867,0
0,802
1107,0
0,642
548,217
0,425
2215,1290
2001,713
2479,0
1986,1206
580,182
2384,1092
363,102
1095,297
580,192
2615,1230
2919,1547
672,301
2925,1646
1635,327
0,882
0,94
1845,0
661,0
329,148
0,904
2192,672
2625,763
1420,489
1960,857
1708,626
1084,0
545,230
0,2452
2536,1094
817,374
2182,1402
2088,1065
964,314
980,359
253,0
1356,472
1581,0
67,15
451,247
1609,0
458,71
0,1266
1320,550
0,206
3093,1929
279,96
2723,728
996,222
2287,0
0,1565
248,0
0,192
476,0
1638,427
252,109
123,57
129,52
2765,2221
2832,1469
0,672
0,737
0,422
2710,1179
0,1289
0,502
2867,1671
1934,0
1584,0
1259,396
111,51
461,0
714,356
0,218
0,1439
1631,0
0,352
1689,562
1738,375
0,120
1114,255
2154,781
1599,0
0,1161
490,55
159,23
0,32
2434,1073
0,899
0,174
2641,1749
1108,553
2615,0
930,457
0,919
1371,0
2118,0
372,202
2311,1053
2046,1096
2639,584
1574,0
950,524
239,87
207,68
0,238
0,117
1686,0
654,308
0,1088
0,118
2914,1771
2743,1208
2385,1436
1065,335
100,30
1934,1024
2228,567
0,1122
2460,791
475,148
1086,0
1753,961
1686,642
1829,341
1750,1044
1919,555
2162,999
1682,0
1666,635
0,249
3245,2222
2266,977
2730,1234
0,443
321,165
168,72
680,205
1845,903
1645,818
1032,293
1514,560
0,2012
1327,776
1815,0
2417,1122
1578,604
0,497
2014,1266
2809,1278
149,59
2911,0
0,415
0,165
2962,1350
2473,0
2408,0
1843,0
2298,1552
2701,0
0,453
431,140
2808,777
2577,1086
153,0
2431,1217
148,37
0,190
3175,1293
1569,740
0,1229
0,1543
0,643
0,1003
0,970
2116,860
0,278
0,219
2128,0
2865,1292
186,88
484,215
1423,0
586,235
527,167
519,0
450,93
0,1530
2055,1326
2578,785
2378,1279
2199,1194
0,958
2317,0
2312,810
504,188
2820,0
2620,1967
0,1345
1768,968
0,1100
0,507
0,84
1426,0
1376,588
93,34
1172,234
821,0
2120,831
0,800
307,0
0,681
1708,423
0,1535
208,61
165,39
688,194
782,0
1083,326
271,188
2238,798
0,1827
540,199
1058,261
0,1585
2742,1560
1976,885
112,42
1145,349
1771,799
949,380
945,0
0,1818
0,955
564,219
2167,858
1468,659
180,66
0,593
1700,767
0,458
979,0
1229,832
0,940
1025,524
0,1091
546,226
937,0
176,53
1616,625
966,170
2319,1357
1724,913
924,511
2035,573
2750,0
1785,922
1260,470
30,5
2529,797
0,895
1482,688
444,0
1296,455
2627,1289
1035,442
923,302
2060,1037
0,881
1609,790
2090,0
1298,391
0,907
1818,0
118,0
0,595
0,235
840,360
203,0
1132,0
174,52
0,2457
0,993
0,206
2664,0
1182,794
607,150
221,73
1093,0
2040,1298
146,72
1315,520
1056,272
291,150
0,735
3015,2082
2789,0
202,57
1591,435
0,713
0,1789
0,421
858,230
2796,1517
833,376
740,0
0,1202
2914,1200
2597,0
1892,1030
845,219
0,472
310,0
1433,0
0,390
1317,456
0,1318
2086,0
1721,471
269,0
1696,569
0,145
243,55
0,90
0,57
2257,0
1372,0
1839,843
0,806
2472,1852
478,196
412,170
65,0
1979,0
2937,1561
2314,1211
1578,225
720,300
0,990
0,223
104,27
1191,517
0,1095
0,641
2040,779
802,375
746,268
251,0
248,0
1892,639
183,0
0,434
0,918
2861,1833
2609,967
0,998
550,0
0,143
237,49
821,0
0,6
1829,718
0,334
935,384
493,142
617,250
1134,321
1986,996
2150,864
2252,870
95,57
1047,287
1139,0
2211,1514
0,666
2671,1263
150,0
0,554
2845,0
2664,976
0,2520
2590,1151
0,95
349,134
352,191
0,1117
0,67
1963,0
1792,723
3063,1726
973,530
2090,1196
1235,541
0,216
523,0
0,1581
2294,0
70,45
1204,655
1186,529
575,262
0,589
1085,337
3024,1440
0,909
0,918
2534,0
899,280
2756,1552
0,289
0,556
1698,540
369,145
1131,0
0,74
145,21
0,53
1186,0
0,1258
1229,0
2745,1414
651,323
257,144
501,0
1259,488
2217,1134
2214,1183
1740,486
2667,1204
3049,1611
2213,0
1446,0
596,214
2033,821
316,116
0,1508
2433,0
3129,1642
115,44
492,175
1909,0
3077,1772
1996,661
452,144
0,349
2626,0
1075,0
0,456
1965,694
0,100
1883,506
1638,0
0,210
2214,996
0,54
1013,504
1805,0
862,314
2274,0
0,1875
2732,1674
1073,357
1521,831
493,132
930,454
238,92
692,362
2331,1304
145,83
2186,1221
1188,548
70,0
2447,1135
0,791
0,480
1274,403
1811,695
1765,996
50,20
1715,976
2840,1401
304,123
277,118
558,178
2982,0
2349,0
532,184
0,338
563,240
1401,0
466,0
1048,399
305,123
2055,0
643,194
1436,391
2331,981
0,333
2988,1907
1716,849
0,1391
2465,990
1575,765
0,369
2625,1080
1333,375
0,163
782,212
0,90
2148,639
2099,775
2496,1146
0,324
148,31
2531,1660
987,249
0,1151
1161,560
0,685
2491,0
224,28
1789,0
1206,932
2690,1510
0,18
1619,0
1588,761
1266,542
667,0
975,0
369,81
2988,2326
2421,1542
695,263
699,261
1610,524
1447,477
2638,0
700,434
1938,1309
2830,2043
2797,1479
1124,534
2783,1115
2355,789
0,297
956,173
2787,1709
0,83
1422,415
140,37
1416,400
0,230
556,170
1058,237
775,313
0,671
789,259
0,848
1155,264
2022,750
1844,758
1953,780
0,974
2431,1726
0,492
1914,0
0,493
2551,1093
1813,978
2933,1621
2324,0
0,951
2907,1326
2853,1714
0,1097
153,67
1001,564
899,466
1541,0
992,430
0,160
1544,0
191,0
137,0
1749,665
1164,375
673,219
491,156
1658,0
1036,409
0,268
878,340
1345,402
0,173
780,229
1507,667
770,280
624,0
2447,1346
2207,1486
2262,1370
458,102
690,257
978,0
2020,633
0,346
53,0
1885,674
1350,687
206,0
0,334
1485,0
0,145
1171,441
1836,808
3023,898
2922,1908
2252,942
155,59
0,703
505,0
130,40
375,123
381,156
1559,668
1706,618
0,350
589,162
2552,941
642,210
1423,816
2914,1370
2879,1630
1643,0
311,0
803,308
171,74
1666,688
0,207
2459,1509
820,229
695,204
599,286
416,0
170,63
0,532
292,95
0,840
433,173
1074,0
1002,395
855,0
2601,1387
0,101
2426,770
2472,620
2811,1464
757,183
393,183
0,619
646,293
1222,476
520,243
2572,1016
0,395
0,1437
0,1368
515,225
1433,0
2428,936
1548,615
880,321
39,0
321,0
0,88
2856,1953
520,122
0,1190
0,1259
526,168
482,152
1107,0
0,224
395,142
2474,0
2252,1536
1830,655
0,587
63,15
2726,1513
1388,346
2251,0
1099,465
727,172
0,442
1978,798
0,324
905,400
1702,519
2961,1396
210,92
2170,1109
0,147
1443,515
1533,627
1146,343
84,24
1822,825
0,939
1970,1033
30,2
2622,1717
1452,670
2900,0
1154,0
28,12
1712,673
0,646
0,692
2701,1188
0,579
2168,1365
3025,1815
1428,561
472,168
992,0
2431,1220
1129,602
785,236
317,118
1249,324
1327,381
2455,0
0,977
688,0
2487,1310
1156,144
127,0
957,0
1870,714
2387,0
2674,1004
23,5
2492,1045
2907,0
2449,1491
2665,896
0,231
0,925
2546,1557
2417,1357
1174,455
413,90
2525,969
1797,1430
2363,1194
2705,454
1034,356
622,410
521,0
0,64
0,1059
1059,549
832,155
2870,2167
2683,1727
1687,629
0,83
2555,0
2020,572
1424,664
2375,1669
1529,411
2584,0
1503,681
1655,621
2768,1072
0,255
923,446
1119,398
419,148
1469,434
1712,0
1153,290
994,402
512,46
1858,437
1571,592
1799,863
2041,808
1532,395
2076,0
0,55
0,455
2567,0
0,346
1487,769
0,479
594,290
1761,619
2506,0
1770,0
0,388
0,1506
2103,0
2667,0
2086,0
197,0
678,220
0,3
324,0
0,318
0,53
2010,0
1746,583
1955,626
2578,1458
137,48
133,0
1238,0
1807,689
2309,1195
2701,739
1976,982
469,121
388,0
0,50
2502,0
1456,0
2081,853
0,129
2577,1511
923,387
1501,480
1650,595
2899,0
829,311
2638,1277
960,174
2284,646
3053,1391
1157,352
1191,430
870,259
2686,0
458,0
1280,685
78,30
989,0
858,185
1730,674
196,48
0,576
1938,757
1531,573
856,342
2402,1301
2351,666
0,1380
3082,1665
0,223
1420,581
1637,788
2101,850
2945,1803
0,917
2993,1563
1297,600
2091,582
2436,818
0,430
2426,970
616,0
1498,0
601,271
897,474
291,77
0,1748
0,455
0,240
2648,0
1731,742
464,148
730,257
2556,1588
17,6
2734,2295
0,672
2174,669
1324,644
378,90
0,244
254,63
1290,290
916,327
202,0
0,412
372,186
308,162
45,16
921,0
2123,0
2507,1294
2961,1750
2818,1497
2279,1029
200,75
1924,0
59,28
1375,472
258,0
936,303
2236,1160
1838,0
2544,1444
2415,1185
2630,0
2136,1202
2564,971
0,377
457,0
520,210
2401,804
1297,385
0,778
1404,509
2347,1148
0,478
551,202
2216,0
0,358
0,287
1083,413
326,147
81,33
245,114
0,195
0,544
860,164
418,197
939,218
1610,533
625,0
1195,499
1120,498
1279,548
1049,203
653,78
2616,1025
0,32
1462,556
2258,640
1063,473
0,323
440,0
45,0
2031,0
2062,701
2069,997
2101,0
1971,0
2539,825
774,0
746,351
1920,941
1573,695
0,929
463,308
2373,1075
0,169
756,300
2813,794
143,0
1787,1044
189,87
1314,667
2924,2262
0,1561
1437,816
535,195
0,1126
0,1598
2091,1524
2756,0
2418,1036
682,259
391,102
2431,1000
740,295
1523,0
1182,476
0,1764
1673,0
2218,0
0,241
0,308
1950,609
1761,624
2249,1201
2062,703
875,270
0,1254
2367,0
3029,1876
0,107
756,264
2781,0
2448,0
1565,875
885,142
1565,654
0,174
322,129
418,129
888,0
0,2313
1276,290
2449,0
958,473
860,537
2063,1809
860,167
424,0
0,387
0,76
611,311
308,145
716,0
0,89
2559,1051
2017,727
2091,798
2128,1077
1820,973
1670,842
2018,714
0,1436
2957,0
190,70
1254,690
1584,726
3001,1183
93,15
132,47
1170,774
2653,1565
535,165
273,0
210,79
565,211
171,46
0,165
2853,1824
1586,491
2734,1585
149,28
2657,1817
0,62
2010,500
2894,1395
0,401
1119,438
2277,823
0,212
2452,0
0,82
2253,1218
1259,486
2317,903
0,433
702,250
0,532
2876,1284
1617,430
1689,724
1763,713
2126,974
1178,567
305,117
873,0
1685,726
1870,1003
35,4
1492,611
1436,0
377,0
3086,0
418,215
298,0
542,199
268,52
1238,276
0,20
3081,2186
1808,771
0,1259
0,91
2497,887
1490,700
2292,0
486,253
1490,458
344,0
183,51
115,29
0,15
3089,0
2059,885
0,197
2616,1451
942,453
715,0
0,1052
1304,0
2237,1245
1675,0
1819,0
0,835
0,950
0,872
2502,1616
366,123
2543,0
0,440
703,199
2489,1103
1127,499
882,253
1385,349
1575,738
761,0
3023,2217
1505,631
3182,0
0,1578
2557,1375
413,163
459,0
488,144
867,417
1785,765
267,99
175,77
0,22
1260,325
0,406
1998,1329
2816,1767
2696,1410
2629,1846
2005,0
1676,707
1469,621
0,911
0,1196
1792,0
0,601
0,1603
2088,878
1344,0
3113,2115
2395,0
2787,1762
1132,448
570,211
0,78
219,54
0,41
0,28
64,13
1566,521
760,199
258,116
1557,613
36,0
1092,494
2019,1223
273,122
3270,1266
413,144
1965,629
0,89
356,82
2112,0
174,0
1709,640
128,26
0,487
2669,1627
2017,687
0,569
2744,2267
1971,764
873,0
612,273
0,1523
1207,0
2682,716
441,143
0,573
1971,890
2576,0
1491,657
2474,1340
1389,773
0,998
2870,1136
704,202
1197,340
2065,1325
161,48
573,235
772,239
2525,0
704,312
0,155
1542,521
232,92
2012,932
2307,1076
0,963
0,257
650,193
397,89
0,1071
94,22
128,47
0,716
640,262
0,356
2733,905
1208,0
669,0
0,105
1069,0
862,394
615,315
402,176
264,35
815,263
2578,1354
2605,1525
1574,616
1828,983
1978,1097
1519,492
1609,312
742,0
0,408
568,335
1217,672
1998,1047
464,83
1180,0
1695,0
783,332
2891,1360
1190,0
1197,0
2616,1080
1945,0
1812,796
0,1386
1176,620
2120,1006
0,785
2475,1203
691,332
609,294
0,847
2706,1404
266,61
1213,587
2397,1448
430,174
863,326
1131,0
521,143
2567,0
856,0
1012,0
160,0
852,0
0,768
100,41
2484,1474
2007,0
126,0
101,39
2226,896
2138,979
1772,740
2467,1597
1276,387
2567,1305
1931,981
1570,395
1664,505
880,279
0,1127
0,681
74,0
1496,406
1214,562
0,408
1504,586
330,153
2157,986
0,203
2224,794
1604,737
1571,612
469,216
2878,1392
2563,0
0,415
0,569
1644,905
1654,658
1168,363
0,198
2427,0
2790,1371
2441,740
2344,796
1331,498
1935,630
350,126
2919,1503
531,231
0,1609
69,0
1281,517
0,1024
0,1204
432,179
1675,742
2277,1192
2626,1622
1788,818
1324,0
0,226
2292,1097
1651,674
1217,456
0,256
483,200
749,206
1569,0
156,0
2023,838
1546,606
685,227
0,217
1402,634
562,189
0,35
0,875
1079,0
1198,531
195,75
2025,1013
1126,352
604,222
0,130
110,69
2770,0
397,164
2300,0
0,902
2417,1264
0,1448
1901,568
2441,0
1690,756
1303,453
711,359
2663,2056
1110,0
721,363
542,0
2155,1116
0,579
1822,610
804,381
979,334
895,0
0,1001
1567,988
0,14
160,53
2758,1676
1552,251
163,80
219,138
1467,600
487,176
0,146
83,30
418,0
818,258
2339,873
0,138
2724,1720
1989,1016
2149,1025
3018,1909
2624,0
1029,452
57,25
0,424
1420,614
2253,859
1561,549
1170,404
0,275
438,129
2287,683
2770,1707
1973,568
868,0
2695,0
1582,577
2646,1867
106,57
3028,0
128,42
1566,741
875,352
0,45
753,0
2439,931
1932,272
2505,608
890,273
3073,2041
195,0
17,11
48,7
2206,0
498,229
861,381
2549,980
3064,1541
285,116
2405,0
2272,0
836,349
1130,526
166,0
456,0
0,852
172,64
2090,781
1843,1142
2556,1230
0,613
256,71
2045,805
323,122
231,98
1497,631
1561,424
2083,804
0,923
845,0
520,228
0,246
0,1062
0,1516
0,1909
0,166
2345,1330
2166,0
114,37
0,319
3281,3041
936,0
1291,582
0,9
1658,0
1684,463
2854,0
1175,412
870,0
3054,1552
2288,871
688,396
0,1218
1120,500
1250,376
0,1758
0,1779
2488,1760
284,83
146,22
286,147
532,208
1968,809
1132,0
836,332
279,80
3031,1890
1420,0
0,2008
942,401
1972,0
972,0
1600,509
122,27
1478,0
626,150
992,460
1234,0
2377,1242
141,71
0,66
2569,1552
980,223
267,76
630,293
1088,391
277,96
0,1755
1002,254
1440,0
2995,0
0,874
2956,1541
2250,837
437,0
2714,1045
913,0
1421,705
2594,0
963,404
2590,0
1079,402
1586,815
468,189
1764,405
669,0
1463,431
0,672
0,859
579,0
1711,756
2729,1397
753,344
0,680
950,621
1566,448
2536,1045
205,49
341,127
461,138
2374,707
168,78
233,76
1951,0
665,266
0,648
1405,561
44,0
2872,0
3013,0
331,111
1890,938
1210,605
680,333
282,71
2956,1547
668,265
1058,549
1691,795
936,248
1003,0
801,393
1930,0
0,726
640,168
44,0
1386,678
374,171
2020,988
1719,0
112,28
0,132
532,223
102,27
78,20
560,0
1333,507
1816,618
1545,0
937,373
788,355
2969,2294
454,139
2758,1527
481,138
0,1101
0,1168
703,0
800,0
0,680
2049,900
657,358
1733,0
2126,1262
2638,1551
2819,1594
0,52
1482,352
72,13
0,8
0,1165
1151,0
1646,0
2610,1932
3018,1270
197,0
1350,448
0,542
234,52
2774,981
869,288
2804,1604
3170,2264
1227,0
298,101
2171,0
1922,1272
2965,0
658,0
1628,393
1136,176
1437,423
2258,968
2227,1119
0,43
312,171
0,1046
0,143
204,74
0,705
2004,976
0,217
0,914
1610,0
0,1674
1498,593
841,296
431,153
1361,447
1122,418
399,0
359,51
0,532
865,286
1739,625
1148,0
258,87
2629,1621
1499,787
0,901
2957,1480
226,104
39,12
0,1217
0,1027
2523,0
364,105
0,2185
2223,0
513,170
2732,1161
1534,0
2731,571
414,132
1377,0
0,141
1709,0
399,103
2818,2000
656,0
157,61
1128,458
0,52
2733,0
2514,0
0,381
1834,774
1597,634
682,374
1807,0
372,0
0,164
2961,1365
1194,573
807,224
2636,0
2049,642
1236,385
1052,589
1334,350
3032,1393
1830,879
1084,535
403,110
351,126
1436,0
433,0
81,34
0,1054
2592,1178
845,0
1747,843
1445,629
462,232
1279,436
607,211
0,656
1809,0
1557,634
252,49
1238,364
0,1114
879,378
723,120
0,971
2177,1294
1258,554
1917,732
874,352
1050,662
1935,1002
1778,334
186,51
3311,2868
0,1516
1063,224
86,19
977,205
1999,801
0,46
1073,0
2897,1110
2150,819
0,1546
2135,819
310,83
405,220
1812,461
718,0
2022,1034
1766,0
1191,445
1963,717
3198,2268
2692,1607
477,123
136,57
706,289
2114,841
601,0
1513,662
2689,1006
2703,1669
2039,612
0,524
2390,1446
393,126
2453,624
581,0
265,67
0,822
0,261
868,0
848,0
1428,603
50,0
2033,1213
328,0
0,1280
1477,843
906,437
533,258
837,142
336,48
295,43
1589,773
919,0
1435,569
0,1805
946,297
263,0
538,0
1888,640
2499,1066
0,613
965,606
1177,491
1080,337
0,1222
2484,983
0,775
0,1279
0,1002
980,393
1161,498
2502,1134
1032,450
2147,0
0,62
1765,0
2003,0
1663,749
705,303
883,365
466,203
2166,1129
973,484
0,1754
8,2
1949,0
0,1352
899,0
2170,841
499,127
1549,841
1044,260
992,250
0,1204
0,421
2307,0
2927,1577
566,191
0,550
2007,0
593,164
508,147
0,1704
0,194
2378,0
0,89
177,47
82,42
976,368
99,35
0,470
1185,0
1636,562
1038,747
1755,1124
548,195
123,8
2139,826
174,57
0,633
1347,490
132,48
125,0
2098,802
0,459
915,343
513,149
581,261
1221,407
0,1412
0,1279
0,748
2106,843
0,1047
1084,502
857,365
2091,871
373,0
2412,0
1137,320
830,0
2534,1438
0,1478
949,0
58,30
1695,748
632,137
2787,1424
2597,0
0,953
2377,0
0,714
1028,567
1141,0
868,0
2401,0
1082,371
2618,1330
0,1508
0,500
0,1595
130,74
0,2037
1672,0
2585,1299
1406,706
0,609
556,259
799,350
189,116
108,37
208,68
2946,1534
1755,423
412,0
513,200
1822,875
1051,300
274,92
803,0
2536,825
787,0
1488,0
2333,966
0,822
3002,2085
2219,1267
2298,824
1539,0
703,0
0,534
2532,843
1143,507
757,346
386,161
0,587
1864,520
1655,631
1483,479
0,466
2824,1829
2047,0
2422,1400
0,772
2821,1475
1395,497
0,127
251,0
1746,0
396,129
3064,0
2662,1432
0,185
2408,1186
1459,917
2914,508
1254,555
2349,1094
1867,608
3190,2253
0,1815
828,286
231,0
245,107
313,152
0,187
2661,1145
2120,1176
528,0
1924,846
2809,950
783,188
1220,440
200,81
2510,1088
0,163
1277,517
1403,466
912,294
491,172
2382,1135
701,201
0,1404
2851,1526
1206,386
2577,0
986,425
1887,856
0,490
0,553
1419,500
1551,788
112,42
2487,1054
224,70
0,180
291,68
2309,0
0,1504
3179,1650
0,1730
0,1130
65,0
131,64
307,129
1279,202
516,110
682,0
92,26
0,212
3255,2633
0,484
2716,1330
2559,1674
942,150
213,0
1411,484
913,313
498,171
176,60
550,261
526,159
0,179
0,271
781,138
2745,0
2184,734
0,136
2657,0
1806,0
110,30
1214,502
0,269
476,0
0,976
0,323
842,310
0,522
1354,0
3126,2326
2878,1637
0,434
1257,425
2435,0
2027,1038
2804,0
2341,0
0,113
2536,0
353,123
690,165
1594,752
2096,1074
3093,2176
270,0
230,0
0,1259
0,66
0,85
341,89
258,0
94,11
2336,1293
3020,1450
2604,1061
0,2034
327,141
2840,0
1138,0
1738,567
190,66
0,1171
614,257
3012,0
1633,671
2012,918
1334,625
0,293
835,0
68,23
2152,0
737,0
0,1741
0,40
440,134
0,1032
1251,417
2287,1122
2208,735
536,181
72,0
0,158
517,0
1458,0
845,0
1005,0
2605,1448
1732,551
944,357
2301,0
1157,482
2587,1068
1571,546
0,1155
1295,568
0,279
3145,0
1897,456
1597,803
2041,956
623,193
2613,1000
316,0
209,65
244,103
1358,0
1569,1002
2517,0
2924,1458
222,0
2273,854
1276,646
0,413
0,127
3135,1370
1326,768
1108,613
2302,0
1824,687
1746,0
0,219
473,0
502,0
95,0
1703,656
2565,714
1163,419
1219,0
843,246
1074,0
2019,594
90,34
436,158
0,158
622,175
408,111
584,0
0,1161
2446,959
0,777
0,578
903,0
0,948
0,209
114,34
0,127
1303,642
704,173
1450,386
2259,1046
952,297
1691,362
2690,1221
0,1342
302,168
746,235
0,529
1785,931
604,231
2089,0
2788,0
0,626
1095,230
2583,1162
3085,1989
1630,0
1477,654
729,242
2313,0
531,98
481,0
2934,1552
1267,505
2743,763
1310,146
918,284
2207,998
1879,722
0,518
1438,517
0,545
1397,0
128,0
75,0
3164,0
1727,949
1721,761
0,403
0,358
0,811
2462,1435
3046,0
0,945
2519,789
1766,545
753,244
0,49
305,126
977,361
2355,0
1851,0
1176,301
3011,1203
0,175
2821,0
1860,1070
1300,0
1438,690
0,1207
0,1162
362,115
0,701
2265,665
2470,1155
92,0
307,65
0,418
2683,1703
2462,1327
684,184
0,1335
657,114
2281,395
1889,727
2211,938
2894,0
0,810
2033,1293
0,1433
0,2347
0,1176
2630,0
1762,735
990,362
0,270
871,304
1721,508
941,372
339,251
2426,1271
267,0
0,1112
1529,575
678,208
560,116
466,101
0,15
0,548
2709,1061
927,244
1860,761
205,60
0,733
0,361
1026,336
805,321
2174,0
2663,1162
1367,0
262,154
0,31
166,42
335,0
50,14
1993,0
793,0
0,407
135,0
236,51
374,202
2818,1237
488,258
2428,809
575,140
2782,1665
2937,1765
0,117
242,0
1972,0
87,46
74,35
650,195
1120,525
1061,383
1664,520
2843,1310
1615,0
892,365
723,0
2687,1837
0,435
381,112
2675,0
0,334
764,0
127,0
2832,1443
1706,0
2522,0
1326,0
0,732
590,210
1353,522
1856,686
0,404
2244,809
2567,1820
3122,2540
2735,1528
2269,0
162,51
1695,905
1351,433
108,37
1987,0
1118,340
62,26
65,22
413,118
116,30
3238,1358
0,1471
280,0
2722,1712
2748,1254
104,18
190,102
148,55
0,151
516,0
2449,1187
402,146
2830,1956
2493,0
751,244
208,46
543,198
2065,1011
503,104
314,90
109,39
2334,1128
2196,889
45,9
64,42
2396,1243
181,0
0,819
884,294
612,254
2714,1515
592,172
0,583
1082,362
1603,636
0,1430
193,40
448,0
1456,316
2757,908
85,31
1117,383
1817,858
2311,1048
2581,0
2799,1720
0,598
2235,857
2599,0
0,1993
0,719
674,125
412,81
0,486
112,0
746,387
0,273
1914,593
1531,510
1194,551
2573,1267
2593,1197
2409,1228
700,264
587,0
0,47
0,10
469,0
1460,0
519,171
2732,1645
1405,668
2421,0
1747,688
674,255
0,222
620,327
0,875
0,1271
1756,487
2140,868
1121,439
1648,758
114,51
2376,1323
2126,554
592,123
2947,1401
1481,744
1347,0
2404,1232
1725,667
0,156
1105,308
818,0
131,0
563,258
459,214
1657,705
937,357
2883,772
2184,751
198,65
814,270
2399,861
1852,0
638,229
2888,2138
0,371
2801,1114
0,700
2776,1381
632,327
0,15
743,320
133,60
68,42
2273,1006
1856,527
544,130
1325,370
1505,942
1313,285
2346,1752
2006,1104
1710,890
587,0
236,151
924,292
247,70
1971,990
2340,0
0,1083
877,379
266,86
2486,1017
339,111
0,1849
750,418
1863,0
682,243
562,272
2236,982
1337,581
899,401
334,115
2277,1164
214,0
2585,1017
0,568
0,155
0,801
1505,0
1912,0
1945,712
1391,0
781,272
859,232
1928,915
0,522
343,77
678,205
380,144
2893,1678
0,37
1719,525
730,519
2100,1102
2147,592
110,43
2602,0
489,145
519,115
1121,307
746,147
3196,1472
147,47
2195,1177
1515,802
299,184
0,1645
996,0
1483,924
1044,728
0,819
2562,1352
1031,259
496,139
0,1767
1560,0
3046,1629
217,52
2580,409
1611,0
2000,955
0,237
0,231
1424,857
624,406
1942,0
1748,0
456,0
443,249
372,137
1165,475
0,697
0,877
0,1005
606,236
475,177
226,83
1702,564
1552,650
594,192
743,425
1944,906
2644,1242
949,494
606,352
2196,844
791,272
1405,572
168,79
2105,590
2641,1000
2164,750
1099,443
0,239
1005,430
1178,434
1023,367
0,229
3215,1881
1383,763
3110,1767
392,123
2024,0
464,0
1192,0
843,362
155,64
112,0
728,264
2733,1350
0,171
1595,630
202,0
0,79
312,203
2772,1710
2933,1531
228,0
2390,0
1499,163
3034,2580
2442,1214
2359,1084
1259,486
0,140
1004,0
2401,1817
0,419
2225,0
850,0
1931,313
157,58
2668,904
1383,463
0,311
0,324
378,94
744,230
0,66
1399,395
99,34
86,29
1013,0
2878,1478
1171,507
860,405
1219,0
2514,734
256,96
2439,0
0,1282
0,545
1334,0
161,82
2870,1397
2145,915
1070,343
0,844
0,1373
529,327
2105,1046
2067,1251
1434,0
53,17
2972,0
279,128
540,0
0,1197
1096,337
1207,357
3315,2107
0,251
825,268
103,29
2927,0
0,1371
2309,1219
0,21
261,0
800,279
85,40
2441,1207
444,166
972,0
2504,0
587,0
2566,1474
1015,623
2167,1598
0,561
2092,778
0,397
1132,381
64,35
1683,0
0,319
900,226
2325,875
2467,902
37,4
2646,0
3154,1401
0,957
3095,2101
0,265
874,324
348,74
43,0
1357,463
2228,870
227,59
398,158
2632,1320
2630,1191
2336,0
2171,0
0,802
2714,1357
2699,1380
1923,0
1885,0
695,234
1690,828
70,0
2099,572
1173,466
3103,0
0,815
0,46
1657,776
1481,499
1946,625
1077,288
0,1435
2066,1013
1289,541
514,270
0,609
2420,1226
975,406
116,63
0,230
2197,1003
824,294
3078,2101
668,0
2164,938
941,0
527,220
354,0
0,820
337,127
162,55
563,136
1593,539
1421,0
171,64
0,53
1823,0
3008,1670
164,54
136,0
897,283
934,0
1538,837
926,208
0,851
1595,784
0,589
2793,945
2203,1196
0,1123
1889,744
1510,447
1875,0
1496,498
0,219
2505,1094
2104,951
327,122
1777,829
2881,0
1331,619
46,18
833,195
831,193
0,434
1662,908
2527,1374
189,0
2790,730
1267,110
2287,740
2179,1062
0,740
270,105
1082,417
0,150
0,632
0,271
0,103
401,168
800,0
290,0
121,29
0,762
356,187
0,720
1876,578
0,1307
0,881
1471,512
2430,0
0,636
725,462
545,260
817,251
0,1289
1976,0
0,120
1420,287
344,77
132,48
2207,780
344,158
1863,622
0,255
0,114
2020,1209
98,31
2643,1566
429,92
1301,0
2149,693
2815,0
905,437
1075,0
994,0
752,0
654,0
509,117
2222,880
1902,460
0,1635
2023,266
2283,1018
1437,698
1840,819
3120,1338
2191,1272
2511,1322
1665,0
3150,1970
175,82
1598,839
937,346
1737,726
0,744
548,0
1535,644
0,46
852,0
0,1108
2209,846
549,137
112,0
0,1042
1037,418
2906,1622
2771,1367
499,0
1718,791
25,0
0,609
891,225
0,1155
0,1149
1659,739
2902,1116
367,106
0,141
0,76
984,440
809,0
0,165
3332,1893
0,1495
0,58
386,0
0,276
555,238
1314,743
1304,741
3078,1632
318,131
1280,486
2461,0
866,418
1235,386
463,135
0,251
2366,0
0,1536
1350,0
1365,0
1808,0
847,319
2553,0
277,112
213,88
0,326
0,243
239,66
1848,0
0,783
0,622
716,196
307,120
712,231
884,0
3070,1703
0,446
293,102
1081,0
991,281
819,0
2304,805
2853,1418
2922,0
3054,2272
2511,1279
2904,1579
0,1361
2198,573
2700,1372
255,0
215,90
40,9
129,0
892,0
1652,435
0,1695
2151,825
313,131
782,355
2394,0
270,106
216,92
3346,2074
478,0
429,98
545,233
2716,1177
2880,1375
505,160
1651,0
2009,929
2309,506
2636,1510
279,0
252,0
80,26
894,332
2285,0
1946,555
353,144
2549,764
0,350
2332,0
66,13
371,113
2483,982
2923,1497
3027,1691
65,31
0,1690
1917,613
3164,0
0,613
26,0
0,1485
0,151
326,115
136,0
381,90
374,0
1968,729
1257,0
1159,555
3095,1803
1746,769
1118,573
2463,0
2564,1578
3301,0
0,118
0,252
209,0
1774,684
633,221
0,194
0,240
400,0
2679,1218
608,359
2800,0
1423,495
0,320
2377,0
1310,714
2735,1137
800,104
877,310
1806,729
820,0
1772,1024
1481,0
2229,794
0,787
1602,880
76,29
3056,1420
2521,1195
871,284
345,117
0,467
1687,601
885,411
1541,0
2724,1231
0,1116
1436,501
1021,418
569,211
870,204
2040,859
2432,0
646,0
0,252
2623,0
690,214
81,35
64,33
2127,638
2108,0
1023,280
889,235
1311,578
159,64
1152,514
269,64
246,58
2499,1035
1164,428
1056,503
2163,947
1753,0
44,0
0,927
0,1574
1263,561
0,183
1699,459
2492,1009
0,411
935,227
2285,806
1276,525
175,51
2859,1944
552,206
497,223
754,335
306,126
1712,664
1434,0
0,34
0,161
2820,0
855,0
1764,601
1761,0
0,725
107,32
0,1115
1516,519
1551,0
1726,567
1396,476
1356,575
451,0
2156,0
0,370
1551,606
1211,0
0,949
1300,0
510,0
834,362
332,142
2759,1572
467,219
422,74
645,156
2555,950
104,0
34,11
70,22
76,0
166,58
2462,955
1598,655
1931,0
1526,543
94,21
1932,618
239,0
1671,976
1762,729
0,245
0,757
78,21
1104,177
2729,0
617,0
1134,556
2559,949
0,1366
1701,852
0,1959
0,573
0,710
867,345
298,0
0,101
1082,0
1004,391
1248,648
0,508
0,1167
1742,992
848,316
777,0
1508,0
0,486
0,194
2745,0
1025,423
2819,0
626,235
0,62
202,53
127,40
2795,1187
215,51
0,248
571,205
2609,0
2108,0
2970,1443
670,0
2977,0
719,0
1800,605
1425,571
2070,640
0,393
2330,801
0,439
0,690
0,610
350,131
938,457
2030,656
356,157
1869,1177
0,332
1643,791
0,1810
1206,88
3067,0
106,44
0,542
2582,1388
167,0
481,134
440,122
0,686
430,223
1059,408
640,89
0,257
1975,275
1362,513
2823,1472
1933,687
149,59
1861,386
635,0
630,287
881,328
3144,0
0,628
752,331
0,724
2728,1061
1045,319
324,0
267,0
674,407
1141,358
1077,291
3199,1388
2558,1429
3099,0
0,231
2251,982
1503,0
787,0
1536,495
0,565
1019,222
2439,1034
1977,546
1069,313
0,1199
510,0
0,1086
0,55
2437,0
495,0
336,147
2753,1268
308,69
229,0
79,0
311,119
1471,764
2477,0
3071,0
29,0
26,0
1579,810
124,60
2146,0
154,84
2548,0
0,1036
1589,0
0,363
139,93
151,0
737,281
2883,1476
268,79
2380,1365
822,177
781,168
248,97
283,71
0,780
295,0
1592,653
0,769
1728,987
1886,0
1488,599
1816,870
2006,618
0,279
2575,1570
3211,1916
33,15
1585,672
2410,468
247,31
2087,970
0,706
1422,0
120,24
0,454
1124,322
166,66
0,792
1759,858
672,330
533,135
568,191
1603,498
2502,1235
0,1003
1266,347
1524,634
2422,0
68,23
752,0
2072,1155
422,187
280,104
1296,293
0,1397
1823,796
865,0
76,0
35,22
2863,1239
2474,1069
2922,1391
730,237
0,1235
1838,0
909,356
1479,528
1653,743
511,80
367,72
2654,1280
2335,1000
149,53
3104,1543
1558,436
1433,618
995,263
0,72
0,2121
192,0
0,678
242,0
0,492
179,36
151,0
2661,1151
2722,1341
0,1001
2878,1435
340,143
0,53
0,155
1555,698
78,43
0,1221
0,188
159,64
2617,1437
2337,849
859,413
1555,0
0,602
3135,0
356,96
2488,955
0,628
1690,727
319,0
2605,0
201,72
1371,0
0,245
2298,1402
814,0
1817,0
983,248
1070,358
969,400
2746,835
559,176
1402,374
556,223
1385,0
1548,606
0,653
653,282
1225,381
1921,299
1950,450
1041,0
1441,0
218,106
143,56
767,244
697,371
1321,518
2253,934
0,157
835,398
465,198
780,235
0,440
0,182
1602,1010
2025,1094
1365,0
974,335
391,0
1515,0
0,1559
1726,588
201,70
201,62
2149,659
168,103
313,132
1133,429
0,1335
980,370
1838,0
2292,771
0,614
0,56
1343,475
2127,0
0,342
0,773
2685,1123
2789,1040
685,0
2334,1303
1485,456
86,0
2591,1410
1149,410
44,6
2322,953
0,43
0,210
2727,0
2147,821
1606,626
2409,885
2590,1170
923,424
680,0
0,130
2972,1939
1155,513
1053,358
737,200
0,887
959,188
1880,864
1644,592
70,0
1199,521
2435,1111
1969,970
0,86
889,338
1533,588
2112,798
2570,0
382,157
1096,455
2825,1204
126,0
334,149
332,149
2795,1333
877,0
2204,791
0,325
1311,466
2856,0
1165,418
186,55
0,1180
1292,0
1447,603
428,0
1994,880
826,0
2370,803
866,0
53,31
1619,561
2172,843
187,80
0,1576
2711,865
2332,0
1460,0
0,324
2449,1340
0,834
877,91
1773,0
259,125
0,1431
0,39
103,0
2036,709
1276,508
66,33
884,247
78,41
1053,0
0,172
516,213
309,34
848,285
1438,595
1823,342
682,0
1808,0
2428,1173
0,108
1608,504
0,656
169,0
285,109
274,100
126,58
48,19
0,270
0,788
989,0
513,0
1762,681
2487,0
126,36
226,59
3207,0
2560,0
1657,808
0,294
2520,1403
1595,994
925,409
2896,1513
0,528
2571,1023
1472,433
1971,928
2613,911
285,73
1786,636
2638,1574
0,743
1358,661
1084,362
367,96
363,0
1349,0
2533,0
0,434
196,73
2853,986
2030,650
1697,832
429,234
1268,598
2539,0
0,2377
2932,0
3277,2184
540,216
1382,0
1987,0
0,70
0,176
432,105
2336,0
2029,0
92,0
1022,739
1524,394
2402,0
1350,486
1052,0
2074,1010
2386,1316
2303,1208
635,164
0,58
1344,627
2999,1708
0,370
2415,1313
219,88
0,143
350,0
2853,1647
3241,2383
673,276
396,131
301,0
1406,640
384,76
0,334
363,85
230,49
133,36
319,68
0,1046
623,285
2410,1088
0,693
2702,0
2303,0
1105,0
1617,473
1684,698
0,906
877,0
48,31
829,301
316,76
2776,1346
2113,1224
349,0
63,21
286,0
2210,0
0,1720
2057,1120
35,13
0,1236
2889,1411
282,70
2278,0
2557,1319
640,187
0,451
2118,0
386,162
3147,1506
2438,0
542,183
0,382
1004,292
2768,1170
2636,0
0,1040
877,322
725,191
0,427
716,110
2206,0
2654,1065
0,289
1356,638
0,1531
0,466
126,51
0,415
1005,310
352,145
1955,937
1714,501
0,812
506,256
476,254
2082,1165
443,188
1776,0
1374,571
1237,0
1032,299
622,148
2689,0
2588,0
556,185
943,372
854,0
0,1053
1066,258
3361,1451
2382,1561
3318,1686
602,191
280,116
0,30
1598,675
1841,0
889,238
0,221
0,427
1225,306
2365,0
1961,889
340,128
808,0
186,96
622,0
0,1236
2466,651
0,317
605,0
2014,750
0,597
2076,913
1677,0
430,69
1882,783
0,209
1468,0
2651,0
1347,358
0,308
0,15
2103,1146
752,196
1389,502
1019,0
0,520
595,143
0,935
0,335
0,786
580,0
1170,0
1774,835
1261,498
2807,1277
2048,954
0,110
1428,904
1300,749
818,283
0,1214
167,82
613,264
898,395
208,66
1112,0
507,0
605,239
0,67
466,196
1166,477
0,120
0,113
0,710
656,252
58,0
127,43
0,1886
607,0
0,614
0,123
1144,0
280,55
1223,566
1931,448
0,796
409,0
2125,1002
2472,1212
775,251
2289,1058
470,205
151,31
1771,683
2693,0
2687,916
2568,976
167,45
117,73
424,153
2716,919
572,0
0,415
735,0
2678,1394
2397,0
633,0
2074,652
1996,1101
2348,1104
0,70
0,1309
2402,624
3011,0
907,199
1352,730
3234,1525
1981,897
2385,825
668,457
1143,508
0,20
0,922
792,266
0,280
0,199
665,181
0,179
287,83
2584,1271
2770,0
2340,794
623,0
75,43
371,0
469,0
776,167
730,267
2641,939
2579,0
1001,358
672,272
953,341
1052,430
630,198
3091,0
3126,2187
149,49
1510,822
2086,0
1036,0
1050,0
2980,0
0,765
2127,741
2038,854
1744,474
802,402
1430,587
534,96
0,1075
2070,419
0,189
1558,545
2665,0
2814,986
2514,0
945,377
1377,529
587,0
2315,781
395,167
2941,1643
2158,977
2556,1142
203,88
331,0
1896,634
0,938
2923,0
1567,0
2853,2005
1704,576
0,389
3015,1689
1559,756
1592,0
2356,1043
1977,0
2033,872
2500,878
1208,566
673,338
835,140
0,1692
2534,0
770,312
1375,757
194,0
2147,1133
0,44
0,619
1566,0
3014,1831
2864,874
3172,1867
2645,1532
223,80
2725,1601
0,2238
2958,0
1539,651
1568,349
2142,979
0,61
2405,0
1841,635
0,448
319,233
860,0
1955,547
102,39
0,88
2886,1572
1528,0
1604,778
1836,0
1064,327
0,805
0,120
2150,966
1073,320
826,320
319,153
1736,0
2665,0
0,1264
1024,0
368,132
0,317
0,1223
346,0
2329,911
2267,0
0,441
690,0
1354,691
0,116
2096,0
1188,479
908,458
0,558
1276,650
576,199
0,1348
2966,0
1435,523
673,195
2991,0
2458,878
0,1085
956,363
0,919
1543,500
424,137
0,130
17,0
2422,757
2641,0
982,363
402,100
2383,328
503,137
2198,993
1781,491
0,1259
0,1154
81,0
0,90
1336,428
1028,292
2029,1095
329,114
516,171
560,168
362,108
1614,452
357,0
1104,0
344,54
2344,1050
1042,0
1302,577
2717,1134
2060,742
0,136
1725,582
2294,976
1586,0
3319,1729
0,1649
0,1038
1898,800
712,257
404,0
1492,547
66,11
230,85
1961,661
0,221
715,0
2329,944
1995,0
0,131
0,1449
570,0
716,352
0,705
1591,695
162,26
671,185
1587,611
460,0
858,0
545,182
2699,1143
1532,580
590,240
2628,0
651,200
250,85
2408,1002
0,415
0,93
818,322
294,123
1882,664
958,395
1284,413
930,312
200,38
617,172
1777,645
0,1192
783,211
2092,0
0,789
501,137
171,73
203,59
2018,1016
0,1191
2157,1029
87,53
2335,0
2101,792
1997,1005
1924,404
0,241
1284,776
1238,474
655,316
2773,1043
519,0
274,98
1758,669
961,0
1385,0
2901,1537
2626,1204
74,13
0,365
2783,1711
3212,0
134,0
1747,590
0,90
803,0
2588,1137
1325,386
1033,305
292,0
0,791
565,0
2349,866
1683,656
0,464
418,0
0,1429
71,26
56,21
235,0
0,18
2398,1120
527,83
2394,0
2286,847
2113,612
2835,1261
1045,342
838,272
0,1780
1487,735
0,482
1886,594
821,0
411,106
2823,1281
1416,503
393,85
916,351
0,1618
929,341
85,32
2588,1247
3072,1617
276,86
3294,0
0,679
1059,220
2820,1604
2643,806
3084,1071
1002,0
1519,0
0,1047
3274,1660
958,468
0,16
3090,2491
247,94
0,1550
1919,688
1620,510
868,0
156,0
1288,203
0,1065
0,792
977,425
1815,657
550,175
367,116
0,726
0,176
189,75
735,0
0,107
325,0
1641,564
1012,291
868,335
1107,625
2367,0
816,441
311,107
0,571
0,77
934,342
402,0
669,422
3457,1196
1463,539
804,0
2467,0
1705,422
0,188
2846,1497
2280,1020
1195,182
2259,864
1261,275
1266,0
123,0
2621,0
3060,1205
0,769
611,182
0,691
573,0
0,1623
0,647
1480,585
2242,1104
0,650
2458,1325
2713,814
1092,276
639,184
453,0
2690,889
1253,0
1946,1434
139,33
0,182
594,218
1084,560
0,290
869,250
0,1563
1608,710
12,7
87,19
167,52
2131,873
2609,1045
1404,0
1710,478
1031,328
2825,1496
2441,985
2042,810
1305,341
833,0
418,162
415,117
997,263
1313,0
643,208
670,219
397,103
0,303
3142,1710
0,734
2946,1872
310,92
1235,311
0,356
2478,718
2980,1644
3019,0
0,1660
2088,351
0,90
1043,0
1950,0
1117,424
215,93
0,803
0,337
723,184
1551,778
577,174
482,0
191,36
399,101
181,58
297,0
2200,1080
1894,819
3041,1431
1601,712
0,776
0,496
810,246
0,216
72,0
0,14
1716,0
890,303
826,0
1617,0
1384,357
2856,1446
938,298
528,189
410,109
1901,1164
0,396
0,1473
2701,1384
0,1119
2915,1209
2865,1331
0,1256
746,214
655,252
465,190
1332,514
0,666
773,85
0,1161
1687,596
1152,672
0,82
192,0
2513,1099
266,64
0,1298
0,655
610,186
0,153
0,244
217,48
0,1300
1462,544
817,300
0,356
1065,0
93,39
0,1009
0,465
682,0
335,150
738,188
1672,511
571,138
1652,455
1858,0
1806,198
189,55
184,0
193,40
609,297
2135,794
1357,479
695,0
0,291
642,0
72,0
1164,279
1434,664
2131,1031
2802,1494
355,128
1454,577
251,64
0,1102
0,322
0,1436
0,757
1066,386
303,83
1863,616
1020,0
0,411
838,239
0,233
1773,384
942,279
292,90
650,189
3159,1637
965,285
0,754
3056,0
1880,522
430,0
409,0
154,55
1228,0
1060,482
0,59
2868,1519
255,81
0,204
674,0
522,160
0,82
83,16
2592,0
1057,341
1103,539
1018,380
1025,320
482,151
380,148
465,0
1405,0
569,101
204,29
365,72
1897,935
1460,603
830,0
0,967
539,0
777,0
581,118
0,729
1147,643
0,837
662,182
2076,605
2102,1032
1183,0
0,574
828,370
2078,1008
1052,370
310,98
1789,0
1351,486
2335,0
2589,832
230,65
0,181
1705,0
0,1178
0,375
138,63
867,332
2840,1024
2316,764
0,36
384,104
0,1158
278,0
227,72
500,188
457,162
43,26
1376,485
0,478
477,190
1083,368
1393,582
2002,1203
59,20
2887,1751
624,151
614,146
1115,394
2633,870
2790,1249
796,0
1994,897
0,309
920,278
949,0
0,307
2995,1309
1665,542
0,891
1191,840
0,57
3199,1789
0,691
1188,387
576,0
197,93
607,252
0,316
2496,0
0,597
548,153
1944,444
311,90
3131,1672
74,40
313,80
268,76
133,0
86,34
0,1210
0,1644
0,753
1740,480
860,273
813,293
2755,1139
326,80
236,75
501,199
0,85
572,224
2592,1191
719,220
676,203
0,1197
3324,1570
418,176
69,0
0,150
632,143
3045,1787
1676,0
1155,0
3054,0
945,356
2472,800
913,0
306,147
607,277
2599,582
2658,0
2613,976
93,4
3106,2431
99,20
915,235
2750,1516
59,0
1766,476
1964,599
791,217
1173,382
103,24
3012,1347
848,168
365,78
1610,754
0,1486
1194,274
843,171
126,0
115,34
182,44
2111,0
50,14
516,0
101,34
1166,326
370,129
0,537
1059,342
904,0
733,402
218,56
1264,0
2386,767
2134,1040
0,75
0,31
2324,0
255,116
548,175
1820,893
1954,568
2068,929
1952,0
192,0
109,28
1493,658
1207,0
1170,0
2565,0
1477,0
0,400
1625,0
775,170
798,0
0,266
259,78
0,294
836,180
316,114
2966,1751
3167,1072
547,0
2044,0
1828,339
0,182
844,157
0,314
1214,447
2320,1310
2733,1143
1849,777
0,549
1814,817
2973,1066
348,0
850,0
2060,715
220,64
0,235
634,189
1941,1336
2873,864
2852,1810
1818,559
0,625
1995,724
0,177
1782,771
1185,542
597,229
406,161
961,0
2291,1041
1918,0
1976,889
1595,562
2375,866
747,388
0,659
600,335
0,66
3095,1656
1568,568
1238,465
0,793
874,349
0,405
0,1213
384,102
495,172
412,152
3362,2115
3125,2095
2563,1223
681,188
0,1224
3114,1689
1309,572
508,0
126,45
1947,311
107,0
1397,0
2480,1072
1848,543
1188,482
0,218
320,70
2525,873
1762,928
154,0
540,133
116,34
2192,1022
2166,823
2615,1277
1867,0
521,139
0,88
3086,0
2526,0
2818,1445
0,346
1518,0
1558,0
0,368
3353,0
3166,1679
2042,0
0,3
982,300
1788,774
2896,0
3311,0
759,297
153,0
2004,699
0,755
218,84
1055,445
140,0
2661,0
778,0
72,7
298,0
2838,1220
0,1435
602,214
197,0
0,325
1892,938
1041,402
0,409
2949,0
2806,1445
783,280
2991,1240
1920,531
959,227
1117,0
1945,1145
2202,0
553,197
0,39
1432,550
0,49
1345,588
200,76
167,0
0,362
2647,1199
1992,0
1964,842
0,236
569,211
525,95
240,57
1936,561
1009,390
0,143
530,227
2950,0
0,488
501,165
797,0
0,1602
1839,0
1472,0
1701,0
1602,681
1021,419
1236,442
443,66
681,111
1371,659
895,396
2944,1574
2243,1036
0,784
1341,561
259,70
0,56
0,121
1506,544
738,191
197,0
1123,0
799,0
1547,0
2216,893
920,328
2700,921
1029,253
1570,347
1305,340
224,0
1822,0
1784,841
1202,387
0,658
811,280
908,378
0,707
0,288
1110,0
608,0
1190,466
1096,416
710,268
713,315
1201,0
2002,0
1784,816
1086,378
1165,504
0,1471
363,89
990,536
0,333
364,203
2263,1082
0,405
1599,429
2939,1287
740,232
0,1040
1471,423
103,59
2699,806
0,150
243,76
0,467
656,233
0,34
971,0
1978,543
2656,971
0,579
0,34
2191,785
2174,626
599,184
906,282
1705,0
1523,439
0,489
1721,513
2619,1261
1647,773
1805,667
858,157
2326,943
1968,872
0,59
1988,0
1012,334
0,934
344,164
2575,1083
447,100
893,321
0,115
848,540
169,67
0,102
0,94
0,291
3394,1763
1760,474
1811,816
2709,0
1094,493
293,53
0,1518
2632,598
225,0
685,152
0,885
2733,1087
2114,921
2212,0
1921,737
359,105
895,0
2803,0
472,227
2649,600
1582,823
635,0
1140,346
625,311
3031,1528
1761,566
2284,764
0,350
671,191
2597,862
2000,986
0,163
516,170
3294,1712
0,571
874,261
530,245
2460,1139
2192,536
0,1184
53,0
2379,0
3150,1758
2042,790
3046,0
1788,657
1258,585
2413,678
166,0
1490,633
2261,649
1290,476
2412,1087
0,44
2910,1349
0,2357
0,149
0,620
2769,1442
47,4
32,4
1119,0
717,0
3118,954
397,93
0,723
1503,482
2235,984
692,152
0,49
80,26
2621,1020
44,6
0,19
1703,663
0,616
0,37
0,141
0,519
3030,0
2217,0
0,723
0,1039
894,0
169,81
0,210
1835,0
2340,788
0,456
2441,1225
1179,451
0,247
1813,332
0,223
279,62
228,0
1628,401
2183,776
782,212
1126,0
691,138
0,71
538,233
2177,0
2227,1238
2917,0
0,233
0,58
2176,1089
2175,1699
0,772
1288,0
2953,0
277,0
2348,0
0,72
0,469
991,0
1491,394
0,580
1752,0
0,760
1652,841
317,89
1786,777
1412,570
1332,0
1430,597
586,157
0,548
2527,1207
1950,717
0,238
1109,384
696,257
1070,337
3295,0
1252,289
0,1623
2786,0
1328,457
414,0
271,108
2359,1133
0,1574
0,1308
1231,541
351,108
2499,1149
106,20
69,0
0,139
1706,0
429,158
323,79
0,74
2219,738
0,406
2742,1232
2290,888
493,181
0,44
1641,591
1636,746
0,704
146,61
0,372
1028,251
0,121
433,132
196,54
0,78
1662,625
292,119
32,10
0,109
2344,1155
1645,846
699,309
1053,251
347,0
706,182
2857,1464
80,19
2085,1216
918,209
0,184
547,299
2545,1249
1797,0
110,40
1761,375
718,235
1858,770
17,0
0,952
806,0
1505,511
0,349
3020,1349
1638,736
752,248
232,59
108,38
1513,815
426,148
139,0
0,77
535,151
167,43
1779,845
167,59
121,0
2197,752
1574,528
1360,0
1005,471
0,159
2325,1219
489,162
0,114
1124,0
2361,1147
2896,1124
235,0
2317,642
2325,736
1035,331
2809,1555
2845,1054
688,157
105,23
0,57
1252,0
757,0
864,283
207,41
140,37
738,202
1333,255
0,837
0,410
111,26
161,64
1314,0
801,237
365,136
1470,0
876,348
594,260
2528,1305
546,150
621,87
2067,623
0,454
2021,1152
778,261
1719,856
0,412
1581,701
1072,427
806,319
1502,690
0,208
0,477
249,78
1162,468
1526,676
1156,464
1181,412
0,37
1121,335
180,45
150,35
1043,346
1488,0
530,100
714,183
432,0
494,70
0,420
1217,501
0,203
712,298
0,407
1377,549
0,571
1896,0
1204,407
1056,274
413,0
706,212
418,168
876,308
0,329
1459,0
1134,490
0,47
445,207
81,0
364,184
624,171
1760,913
0,151
1183,459
1266,385
697,166
0,328
0,760
409,93
0,486
1066,352
784,288
249,92
1011,0
162,0
161,6
0,78
864,423
1146,244
1414,0
614,0
902,308
1271,463
1378,0
0,209
578,126
0,75
844,0
291,83
1177,513
1558,547
1761,714
780,304
842,247
0,118
685,0
0,428
1963,1084
1509,561
1232,495
145,34
121,30
0,177
849,177
0,349
2051,0
1131,296
0,550
0,118
0,129
462,142
936,0
1780,977
0,217
281,0
494,188
1540,674
668,281
798,146
1660,0
337,146
924,246
1563,729
716,212
0,835
0,309
0,392
1114,0
160,0
903,400
602,0
1644,0
203,0
1142,474
1517,454
331,97
265,59
1852,1053
587,179
90,0
1815,813
0,682
1755,0
0,76
1990,1284
941,353
861,301
1175,414
271,114
0,24
1058,449
0,244
1672,487
1027,256
1639,587
476,0
1881,0
724,271
0,509
0,51
699,145
2060,846
42,4
63,23
0,68
0,156
337,121
0,166
65,13
0,203
377,119
190,0
145,47
933,0
577,242
69,9
1832,1164
1184,0
1895,1044
0,319
1234,725
0,530
855,356
1143,481
1007,492
1245,428
0,133
1937,0
1106,458
427,0
959,240
348,162
1551,698
0,70
0,920
0,483
0,214
121,42
0,95
1753,0
1179,507
401,119
1317,612
0,233
1829,541
1269,0
1288,503
949,303
958,0
0,56
1705,0
1633,348
0,945
0,13
0,12
1279,401
1340,273
851,203
244,0
451,0
468,222
1118,266
284,0
2008,1084
0,90
789,238
990,303
1342,503
1574,613
1242,513
1632,791
2011,726
259,82
1481,368
1365,525
1394,499
467,143
927,356
0,560
702,271
935,0
0,369
556,243
156,43
1912,0
1740,819
1554,775
0,865
280,106
0,77
657,49
0,98
1238,542
1770,622
1349,606
1765,752
532,0
731,0
367,107
1448,456
258,86
263,115
317,84
1418,588
1098,230
1314,672
1271,728
1716,413
0,606
0,47
1188,607
1686,0
0,127
1194,0
1025,402
1673,631
357,119
0,690
695,223
724,0
593,169
624,280
1539,554
1802,0
0,34
481,0
0,229
812,411
1414,628
506,0
1556,0
761,205
0,397
1719,0
35,31
451,143
1848,706
0,81
441,0
0,158
780,0
403,29
0,641
1154,355
1216,504
815,200
1135,319
1578,697
1205,563
373,134
329,0
2201,0
0,1149
2094,781
2700,1009
1007,439
1548,0
583,201
2590,1330
692,203
484,154
620,289
1139,517
2726,945
0,495
1505,0
130,0
0,733
305,112
446,107
1731,410
118,29
0,26
143,42
311,59
567,137
0,138
253,132
2587,1212
1096,0
602,190
673,264
2302,764
0,379
289,71
1712,424
386,147
1024,382
1336,451
242,0
1548,601
2538,0
221,0
1166,531
3126,0
2899,1506
1581,0
0,66
2064,1147
957,0
0,120
224,47
347,73
1675,376
0,903
1850,694
941,219
1885,835
0,325
0,184
1793,706
309,76
259,64
0,506
495,167
1195,420
474,179
443,168
31,11
1523,0
22,4
464,143
570,0
0,396
0,1496
2374,1005
1293,0
459,55
0,1716
2096,708
351,0
0,590
391,114
1309,487
269,53
2035,0
1199,0
2241,459
1326,463
3464,0
1803,491
856,419
718,203
86,43
0,534
0,420
399,134
1026,0
3243,0
1479,675
1811,1014
1041,0
1406,629
2355,993
782,0
2688,612
124,49
0,413
0,738
792,0
1373,639
273,82
372,117
2253,1015
1672,0
63,16
854,328
2677,1076
1510,513
137,41
0,328
71,13
47,12
0,141
2155,815
845,279
2133,953
1685,436
3169,1614
0,1226
1018,0
0,1043
1034,369
1691,513
2767,0
2190,660
0,255
663,0
1556,0
74,0
637,154
0,92
0,62
0,919
2129,0
662,188
612,233
416,165
2807,1446
330,104
243,41
1310,321
132,34
41,10
2616,0
1060,327
1896,807
0,602
410,109
1784,830
0,432
916,398
244,59
38,0
32,3
284,77
0,283
0,674
1417,0
781,0
2416,722
528,206
333,114
143,0
1370,0
2308,506
0,2095
1175,327
0,333
2881,1640
1260,520
2071,0
2828,1328
0,948
0,513
879,229
2118,787
746,249
2462,1213
0,157
634,0
1952,653
860,318
0,1148
1408,678
969,470
2093,914
0,423
649,0
1842,548
1227,427
2496,0
190,54
2748,1718
693,0
2365,1175
2984,0
1532,481
2317,973
0,471
1763,0
502,207
0,1435
859,273
3163,2344
2431,548
2767,1259
1049,455
2493,783
0,367
0,374
919,271
386,103
0,120
808,0
2097,942
0,1982
2073,0
1012,168
1620,0
0,317
340,0
2583,1427
2749,1022
1336,412
1819,435
1613,0
2052,662
0,723
424,141
225,49
24,7
1795,676
1773,611
0,144
602,150
2397,0
2084,1158
51,10
0,1478
2557,1427
0,1693
0,34
1101,0
2286,0
355,89
1001,309
2978,1457
1341,0
0,159
2900,1159
0,71
1263,369
2392,929
1249,305
775,0
0,774
1145,289
2689,1225
149,50
1190,0
1108,0
202,0
0,41
0,58
691,0
2432,990
1749,0
2025,867
2188,869
61,26
2216,1009
2171,845
114,37
29,0
477,114
1797,594
0,945
777,279
301,151
90,0
65,29
2950,1275
0,1535
292,75
3003,0
0,390
798,392
0,1325
0,528
1615,565
2880,1834
0,14
2760,0
581,152
127,15
1537,569
1627,642
779,292
0,489
2760,0
0,689
76,14
1501,0
1488,520
1859,827
1707,785
1679,604
0,190
137,54
486,266
420,0
1382,618
3129,1806
0,650
2859,1269
169,38
856,282
2767,1189
2363,0
1182,0
463,154
259,47
2129,927
1010,0
574,193
857,307
3190,1301
1790,0
2352,760
0,259
1098,248
933,293
640,0
293,112
0,623
696,191
2906,0
2821,0
74,24
265,0
0,676
208,46
0,1938
737,0
1000,354
1460,500
0,759
2337,1022
126,0
309,0
1630,0
2709,1381
384,0
0,261
393,186
153,21
1309,0
550,117
2939,996
1720,640
752,227
968,413
1268,422
0,277
222,71
1050,0
1874,822
1495,0
192,63
0,429
1485,0
1038,319
209,0
140,42
0,20
2729,1069
0,580
1290,361
0,524
1261,371
70,32
922,254
0,177
2288,1005
207,86
1398,490
613,0
3174,1820
634,160
2426,0
281,101
273,101
0,409
1331,251
2107,0
0,1765
0,229
1580,683
451,0
0,249
0,342
3194,1591
0,28
62,16
149,19
831,177
1579,628
1670,842
542,0
593,182
152,39
892,283
929,338
133,0
0,1250
0,657
0,367
1159,362
0,198
540,109
2519,1411
0,39
2613,1150
1615,623
1892,586
1815,0
0,480
0,185
2071,683
65,22
1810,769
133,55
2363,728
0,673
1587,407
2858,1459
2974,1462
1981,981
1846,0
616,281
0,566
1690,643
0,243
1410,0
2588,631
3394,2044
511,130
0,64
232,66
1290,310
1981,266
1415,0
1083,0
0,181
3065,1299
0,216
0,333
93,9
1597,721
979,0
618,335
1663,0
930,398
733,330
2457,1008
241,90
0,124
0,1151
1507,396
301,49
1565,550
1108,380
0,170
0,686
597,260
76,0
641,0
1359,690
1095,339
1306,267
2895,1878
2557,1598
2857,0
2989,0
3254,1290
1522,463
0,201
0,81
478,0
1143,317
2555,1458
3087,2065
193,28
2831,1046
0,145
2394,878
0,337
0,335
595,262
308,112
287,150
39,0
2535,1202
0,505
0,975
3181,0
493,180
113,25
983,285
0,441
196,96
0,35
0,107
0,13
0,359
306,177
374,115
2225,998
1716,445
875,304
469,164
431,131
2387,1092
0,512
333,0
1233,328
184,54
0,1784
2924,0
2767,748
2836,1304
1545,689
925,216
764,194
2127,701
1491,363
2534,582
0,198
221,0
1260,0
127,56
178,48
876,251
2059,988
0,1823
851,267
58,0
999,242
0,747
3120,2071
2133,721
1658,498
1619,429
942,151
1678,573
1901,611
0,152
0,27
1800,0
0,103
1832,622
764,210
2212,0
1358,613
0,1345
1201,0
0,199
544,179
2943,1478
1219,437
2473,933
1299,0
226,46
150,20
116,0
397,0
144,43
686,254
1941,0
180,0
2542,0
113,0
3017,0
3215,2380
293,0
123,33
2397,944
2905,1529
2655,1066
830,0
421,120
409,140
0,252
0,51
1371,0
491,118
120,0
1684,586
0,1145
777,216
598,103
1972,0
3089,1619
1820,528
647,0
2688,1259
1733,831
411,122
1620,498
392,114
157,54
143,30
3396,1892
0,237
2940,1477
1492,433
0,1898
0,1414
171,28
1609,0
1532,558
2336,838
0,802
1745,0
2290,720
1182,0
0,241
378,131
0,410
1272,403
0,467
1583,599
0,390
0,309
1059,413
0,75
2363,907
1988,881
441,135
417,135
2980,1636
1325,0
161,52
2525,1503
600,177
262,72
1860,757
2430,731
219,0
1596,0
553,172
1155,511
2730,1015
0,81
2285,957
1319,357
307,76
638,185
0,774
228,58
3040,1164
1985,739
408,139
1819,510
1647,581
1747,0
0,302
2355,1027
0,119
279,93
245,39
585,162
1699,0
1686,0
761,0
757,215
3020,1453
962,0
92,21
67,0
65,0
817,258
403,123
520,125
0,2019
0,56
885,253
684,0
0,105
1769,0
350,105
283,99
0,322
2156,1074
1050,198
2385,1484
2605,0
1389,436
2798,972
2185,915
1528,480
2080,875
693,149
365,106
0,450
0,350
481,214
1286,516
802,284
501,192
886,360
0,483
0,329
0,554
0,753
2978,1113
0,1484
774,185
1231,365
1954,959
633,162
1447,597
570,162
249,73
109,25
2420,888
0,58
0,210
1174,437
327,48
3329,0
609,171
152,0
901,390
799,0
2754,1424
1974,786
1963,938
452,0
1786,467
343,74
1485,379
2343,1234
722,0
3175,0
183,36
0,28
2406,884
3007,1441
384,116
0,372
50,5
2256,673
2210,608
1383,0
0,285
607,0
848,0
1601,0
325,134
0,958
1313,0
1553,675
92,26
47,0
841,270
0,38
679,232
0,681
1266,315
0,143
70,36
512,235
810,0
1408,345
1230,0
2914,1567
2635,1185
1659,0
976,501
0,950
2049,895
1616,473
516,189
2622,1883
1750,896
280,57
1825,589
495,186
169,84
326,0
0,686
949,298
119,42
176,54
1917,742
366,94
1352,0
1200,481
152,54
1660,208
1916,581
1003,304
0,277
126,26
1083,0
0,1375
775,0
0,880
2601,1102
429,98
1441,0
0,107
542,193
1665,0
490,144
0,41
0,285
1868,417
581,169
893,172
1502,604
159,0
650,0
0,717
1549,699
1180,0
3040,1788
3187,1674
3109,0
319,96
0,859
0,1086
1601,858
3143,0
0,403
0,212
153,52
0,113
2912,1948
0,1184
0,587
729,331
1716,735
2227,779
3023,0
2263,1032
872,424
0,1304
3116,1606
2168,795
76,0
0,116
0,79
1110,255
1371,0
2455,1178
1448,480
2312,0
473,227
2907,0
1912,0
1498,443
2218,0
1273,338
724,0
2249,665
2707,0
0,1822
1383,216
0,379
1378,435
1146,0
577,158
2568,0
0,376
0,34
221,55
1295,0
790,231
0,79
234,0
0,839
0,1815
0,1176
1718,626
0,2144
1881,509
426,87
1294,0
2238,782
1343,363
1128,0
1230,407
82,26
1179,513
1417,767
714,224
0,172
2629,1151
2152,1076
173,93
2855,1166
653,262
2346,1366
0,59
1880,917
1254,0
626,0
0,183
1937,0
1216,714
169,16
1998,0
560,189
0,60
0,82
142,0
631,0
343,0
1107,224
47,0
37,16
0,441
110,55
2211,895
0,738
248,29
3326,1575
2685,1629
1134,325
93,22
0,1102
2796,1016
1643,0
0,208
2294,794
88,32
1780,0
1805,803
3117,0
2967,1504
0,203
0,1015
2771,1143
1987,869
2442,751
1075,389
77,18
1582,491
1970,810
2496,1322
757,357
2465,1199
900,296
3406,1794
1655,460
2921,609
0,231
0,1521
964,231
1728,0
2071,1322
1346,383
129,56
2171,833
1546,592
2927,971
1747,472
2236,0
1641,518
0,484
0,221
1117,0
865,315
0,727
823,421
819,306
3087,1608
0,523
0,767
2880,1713
1197,0
0,99
907,305
2556,0
1135,0
0,233
446,139
1731,0
2866,1497
69,24
2350,769
287,121
862,212
0,19
2480,774
0,555
1248,481
1683,487
0,262
1173,230
819,303
0,603
2327,0
836,0
0,401
885,281
518,0
575,0
2049,810
1321,600
0,338
1731,543
2454,0
1503,0
80,22
111,42
93,30
71,0
666,145
1773,0
262,41
196,60
3401,2461
100,13
77,12
1514,450
0,267
2858,1201
894,295
869,343
0,295
184,48
1471,0
2700,1536
1247,332
1827,691
2351,0
2710,748
471,173
1742,602
516,102
104,36
421,120
38,24
0,858
633,252
1571,0
0,236
872,251
1894,0
2282,579
0,88
3131,1626
1327,0
0,654
87,29
0,795
1041,328
0,771
0,1884
1305,0
2243,744
784,277
135,17
1365,0
601,0
2829,0
539,121
0,162
573,164
2181,681
1787,440
0,169
2584,0
2948,1555
1613,492
2068,714
1431,0
0,935
0,548
0,737
1873,875
2641,846
1373,0
447,129
2640,0
0,1370
0,30
0,11
2003,418
1850,573
1973,795
0,134
1930,501
1494,394
2258,839
1351,312
855,0
496,109
784,144
0,522
0,411
2600,0
0,23
2137,857
444,93
322,64
122,0
673,0
447,130
3485,2262
1676,895
286,66
0,55
1309,487
1467,0
1147,368
766,276
1722,607
0,490
2879,1242
842,270
430,0
1170,152
2255,803
709,224
1789,0
222,53
3031,1640
1633,0
952,0
2989,1495
2213,963
1951,0
0,216
0,60
1704,730
2215,632
1611,639
541,183
3044,1396
211,60
0,40
488,0
1986,647
1497,363
812,299
2006,1073
0,841
2936,1667
89,34
3240,1806
3373,0
2628,1283
3321,1772
0,466
2763,1147
952,415
1949,498
0,11
1367,457
2954,2407
1311,0
2374,721
620,255
1671,556
2008,618
2913,1088
2270,955
0,806
360,205
0,882
0,101
2382,0
3044,1280
644,0
2510,0
193,61
0,138
364,120
77,0
1103,320
1931,564
0,357
3117,2011
2864,0
2535,1841
514,0
1679,714
1366,494
1897,534
1127,303
770,0
1369,441
1926,438
0,378
145,0
0,466
1103,408
2774,1269
648,0
1655,0
2123,1084
1085,0
1941,727
2949,1153
0,601
0,2048
0,893
0,352
1646,0
403,0
435,137
1910,724
1301,650
2518,706
488,198
2316,0
144,0
1532,556
1368,0
2825,0
0,546
1355,364
0,1436
1344,297
3351,0
0,227
1209,476
0,132
0,194
502,132
448,94
0,250
1381,0
141,81
274,92
1117,0
1032,360
0,1215
2747,1508
760,279
0,884
1275,0
0,320
138,32
0,401
1836,913
1377,0
586,197
1392,0
2358,1066
2237,0
851,268
1222,476
543,161
1320,315
0,447
2026,912
2337,0
1686,473
0,296
0,506
2684,0
1465,472
1366,433
2024,521
0,1542
234,61
1563,650
290,78
479,0
688,147
324,62
1597,500
2350,746
167,28
1961,0
276,0
1881,627
712,255
2061,987
0,297
353,0
0,797
1381,406
2684,0
0,1065
1810,694
905,262
256,0
2066,1078
2008,897
793,0
0,397
1313,531
0,113
1500,0
0,171
1101,351
1947,669
766,251
147,60
132,41
2980,1506
2758,1318
294,38
0,498
1206,345
0,1162
2624,565
0,219
443,118
403,110
0,234
408,0
412,118
703,164
141,0
2030,0
0,304
570,203
2785,1645
0,418
782,213
2780,831
545,226
0,462
1207,569
1051,387
0,477
538,129
0,336
1678,804
1211,0
730,126
2317,800
0,94
1457,0
730,220
875,218
1769,580
1472,391
261,0
572,137
469,183
0,69
0,1987
2458,0
0,604
0,50
1411,0
2260,987
1643,620
1465,556
178,64
2303,0
1106,223
767,364
304,68
515,93
263,0
484,96
2772,0
473,169
172,68
0,699
1134,502
872,258
438,141
1795,550
0,24
2504,908
2706,915
1804,530
1799,924
2877,1376
661,0
789,187
1185,689
3119,1033
598,206
2940,1450
3122,0
0,165
1760,0
195,84
1913,464
1598,450
637,0
287,0
0,1367
734,173
373,93
1843,499
427,0
2895,1284
2842,1072
0,261
224,96
2931,0
1617,572
2332,799
1701,375
1246,259
2628,1508
2777,0
0,554
3254,0
1415,708
2988,1205
0,139
730,396
328,0
0,93
789,251
636,113
927,0
506,138
2365,828
0,465
1096,363
2112,689
391,0
0,330
1191,531
2838,0
506,121
2254,0
1611,592
938,345
673,247
417,102
395,0
0,96
610,0
0,197
1494,363
780,0
401,80
2915,1680
2788,1566
3003,1371
0,379
220,49
0,200
1211,0
0,18
345,175
1144,382
2825,0
1037,0
621,215
132,40
2148,0
3099,1836
748,279
412,136
678,0
1419,0
2664,0
0,438
1016,0
273,0
0,1776
1114,382
595,141
270,61
1968,0
733,92
1244,459
708,217
583,0
0,589
168,0
929,358
0,108
0,909
1511,618
3264,1964
3118,1099
2025,1133
0,311
282,71
707,199
494,180
3018,0
2699,0
0,970
0,362
307,106
1271,270
0,1151
418,105
3050,773
0,158
0,1088
1675,766
730,174
1252,424
425,119
0,261
0,158
2179,746
930,273
0,261
985,541
1373,469
714,219
1637,0
1230,345
0,255
0,752
0,1333
0,610
1867,909
0,194
0,111
3064,1867
1262,492
1239,0
0,255
1151,255
736,196
1382,0
412,142
576,122
706,0
2903,1115
204,35
1145,372
483,118
169,62
275,0
2516,792
1790,772
0,36
1461,514
2866,1316
451,124
0,82
189,42
1772,909
0,1361
2627,675
119,33
0,6
2276,0
152,54
1238,494
55,12
2817,0
1066,0
2689,1819
464,0
430,224
2220,1569
0,799
1525,0
2189,640
996,226
1866,712
1501,604
365,0
0,213
0,511
0,463
1087,458
1827,647
0,1012
1785,589
2026,843
1843,0
730,172
328,117
459,0
0,667
1201,314
0,882
1175,321
1435,0
2203,1342
0,152
0,29
0,416
2222,877
903,336
1047,463
1700,352
3121,1817
0,324
0,110
0,85
2193,0
1660,0
0,25
1066,437
0,151
218,26
0,32
0,46
0,51
2584,0
1271,561
2675,870
1317,528
1272,437
1396,0
891,0
300,144
532,237
2670,981
0,102
0,285
2615,0
3174,2302
809,220
230,42
1987,672
0,547
0,212
1330,395
104,42
2839,1018
2268,813
0,577
1632,572
523,135
0,640
243,69
2667,942
380,115
119,44
261,71
227,64
0,222
1645,747
2893,1377
699,196
553,0
1797,740
3182,0
1382,0
423,165
0,137
1870,735
254,67
2852,1113
2089,876
2278,1022
2388,1134
1519,589
0,142
27,6
0,396
702,282
0,371
1137,445
2017,963
0,1165
1785,410
1832,0
2492,0
0,975
0,368
0,87
214,29
1533,467
1957,809
529,153
667,264
461,202
2510,0
2960,1769
1340,0
865,191
1382,405
0,117
428,0
1856,741
928,0
121,0
0,21
0,1176
0,824
328,93
1689,533
1090,359
157,90
485,169
862,0
128,0
2799,1229
941,233
0,184
433,127
1859,782
648,0
906,338
1668,608
255,62
1617,833
1089,0
2534,1329
1014,0
1279,604
2558,0
2401,0
976,0
112,24
521,111
0,378
0,916
278,78
158,34
0,937
0,342
684,0
863,0
360,80
2974,1854
2955,0
134,24
768,0
0,123
702,328
1125,415
0,293
146,57
315,73
165,36
0,265
583,159
0,33
1527,741
1056,0
978,369
564,207
1047,349
709,0
1713,0
1161,491
1497,578
1592,744
631,175
0,431
141,39
268,68
2215,649
2959,1162
3167,1728
1000,0
2925,0
2240,914
1157,0
1912,0
2348,768
250,46
2751,0
0,1953
1978,0
215,0
346,141
340,70
2708,1318
740,292
0,685
338,74
589,150
2653,1345
185,0
2019,0
230,73
1895,255
2555,0
0,408
0,485
2283,0
191,35
3207,1516
1460,689
0,247
2874,1080
1031,486
1137,470
0,647
394,101
886,334
0,403
1393,377
2038,780
0,87
1824,345
225,66
1734,747
0,258
0,377
2957,1656
3135,1628
0,393
175,0
1235,0
1245,237
1359,320
0,1609
1944,885
2782,0
824,347
0,218
2491,0
2310,707
531,127
613,318
1421,796
0,1292
800,342
619,188
0,421
3086,1007
3103,0
0,260
594,245
2925,1604
3288,0
3059,1521
3340,1653
0,153
967,281
87,14
2560,0
665,207
1492,403
2351,0
1129,345
0,191
238,0
220,92
0,1568
676,74
3263,1769
181,0
241,71
159,0
398,0
0,1147
0,16
767,266
0,37
627,229
0,1126
2923,1182
2979,1170
583,154
192,35
1302,509
576,196
152,50
502,157
2796,1489
1784,0
424,125
241,65
3089,0
1802,1024
0,1181
0,1186
1069,192
919,0
0,146
1153,400
0,211
0,441
2715,1510
1792,0
1056,514
736,0
1332,354
3140,0
228,59
3084,0
596,191
321,0
279,104
0,435
487,131
412,135
1442,451
181,51
0,422
0,318
1515,317
2059,619
938,205
414,146
0,1002
944,191
0,103
210,0
989,423
887,379
590,147
1525,715
2648,900
2601,1290
116,43
0,317
1236,589
50,0
1222,533
2729,0
1174,0
144,47
465,140
1210,422
0,1371
131,38
0,337
2293,748
1411,455
634,287
99,36
986,0
0,219
406,73
2890,0
2780,1209
1578,623
975,347
603,0
2893,0
2418,0
212,49
1529,626
0,218
1525,536
243,0
99,0
692,197
1874,728
1531,703
1013,0
603,310
370,0
1689,454
0,793
495,174
214,69
1392,565
638,242
2219,1454
0,1088
87,16
1190,399
2942,2105
634,0
1064,334
0,221
203,0
1631,635
1575,404
2917,1143
2784,1403
2225,0
583,120
682,206
0,809
3077,1642
0,260
271,93
1662,670
202,73
0,1203
1614,668
2369,785
1878,869
3126,0
913,0
1844,169
727,227
2849,1576
1761,571
800,320
180,51
3021,1374
1177,284
222,0
0,243
0,490
698,0
0,119
2726,1599
2580,1049
2638,0
309,0
244,0
1127,325
0,179
1090,320
0,1093
1823,0
2287,826
2243,1047
475,107
840,0
0,567
1410,474
0,321
0,475
2275,881
1319,0
0,839
2763,1485
1965,894
190,71
1714,439
1626,0
2211,872
418,119
0,783
0,1327
0,468
1605,450
3062,1386
0,1241
1330,592
138,48
2479,1161
1293,640
273,76
3190,2132
1555,371
0,386
309,0
0,1107
0,897
720,0
0,110
1594,493
1033,332
0,412
666,0
2933,1041
0,369
2049,0
1273,0
2288,1067
848,426
352,100
1731,621
2348,1342
0,1210
3010,1403
0,1618
492,165
0,664
2539,1747
718,0
379,138
339,93
373,101
822,0
1624,1202
0,4
667,231
0,465
1289,230
1532,696
2682,1412
2331,1000
1676,494
792,184
119,31
1135,690
2202,890
2329,963
0,199
460,0
0,44
2457,907
2353,1104
1740,0
1919,550
720,264
353,116
289,0
701,84
2425,1608
710,290
244,0
1675,814
1621,0
969,283
241,0
955,203
0,108
810,192
271,0
2135,671
868,0
1523,0
0,819
2647,1178
0,192
272,85
0,804
2419,920
425,0
2689,1671
1029,419
0,479
966,374
258,54
132,30
2268,970
1932,547
984,0
2697,0
2640,1304
1982,684
544,198
1759,574
590,217
1900,949
2219,845
2586,1106
534,0
2950,0
333,131
0,839
1514,0
1337,620
2641,1316
1292,393
1035,173
970,276
1096,338
0,494
396,141
2806,1978
425,252
0,192
149,40
952,224
0,125
259,114
0,792
1414,0
1557,654
103,41
2907,744
2646,889
1573,667
2198,0
0,1119
0,575
274,141
2088,914
98,0
713,0
204,52
209,39
240,114
0,1180
875,252
2484,922
2758,721
1039,0
2016,0
0,545
0,486
299,0
0,898
684,0
488,80
0,238
559,0
0,206
2724,0
322,120
0,313
194,0
2128,0
0,68
0,263
424,153
257,57
876,354
2651,0
2768,1624
3071,1636
279,66
1720,664
0,31
1879,425
2972,1140
2249,956
0,496
1342,530
0,1337
2351,1246
3000,0
821,194
0,605
149,38
2299,1442
2122,826
41,18
0,87
0,147
61,6
307,65
166,0
2022,946
838,386
702,229
1805,589
0,123
463,76
931,334
1287,552
373,153
0,85
266,85
2222,919
532,147
0,1513
2020,827
1210,491
810,0
925,397
215,0
2222,1029
326,83
3424,2164
1437,418
1389,553
0,325
498,0
2855,1466
3027,0
537,215
2189,621
0,1726
764,221
1531,387
0,1779
222,84
1276,463
1530,0
71,30
2906,864
1895,577
657,249
711,342
303,0
2356,876
2089,0
2502,1547
286,56
2315,972
1713,743
0,229
130,59
0,574
1708,724
2020,1114
1410,242
3016,0
1702,0
1650,639
2385,698
181,56
2106,0
0,254
1664,464
1961,755
264,135
0,1817
1206,571
945,470
803,362
1644,397
0,1094
392,123
0,644
0,43
409,122
2312,1295
320,125
1316,472
588,0
1819,0
0,98
0,1788
1841,0
1223,393
1883,0
0,814
1505,311
632,91
2517,1015
512,88
2024,0
305,22
1554,0
2564,917
1081,0
844,343
295,105
1180,656
281,32
1584,443
1940,780
1330,502
0,464
3026,1602
1316,423
2080,834
1139,306
0,98
0,632
0,27
2205,0
126,35
438,193
1533,0
727,239
1886,588
0,1137
776,255
362,146
0,1168
0,350
376,151
1554,610
1234,363
97,34
0,70
716,278
887,359
856,0
1312,0
1464,422
412,98
115,27
1908,850
2375,1063
780,264
206,0
166,42
1705,0
2453,1202
1574,686
0,67
0,228
0,212
2740,1176
70,0
0,1375
1272,0
1124,422
1928,667
0,258
1506,214
920,399
2605,0
931,361
0,245
869,328
477,202
341,144
2585,0
2333,873
475,0
0,412
2626,818
201,40
0,251
1831,584
2479,1280
0,1064
0,317
1700,0
111,42
0,530
785,232
2754,1072
538,0
2216,889
0,92
0,56
584,114
816,261
0,115
227,84
2906,880
2885,1871
892,0
1993,815
0,49
2336,784
2441,814
1828,452
2494,1139
0,263
941,0
412,0
98,0
2999,1528
708,147
1795,0
1181,683
320,187
2677,1252
376,199
0,685
0,1225
693,277
2380,1407
2494,0
348,78
0,91
0,644
0,58
176,43
184,64
0,79
2821,1624
1663,936
472,173
0,2
0,361
92,22
1765,0
0,61
123,56
861,211
2716,1074
0,1223
1649,531
1575,511
1836,0
2939,1607
1310,0
0,525
1481,421
1426,429
0,228
0,373
938,180
565,224
1141,445
442,157
560,162
2859,0
231,71
190,62
2501,1068
0,899
608,214
116,0
709,159
954,386
1947,1254
1064,294
301,93
0,308
465,246
1866,0
0,545
279,80
105,0
0,657
2100,831
1354,513
2589,1514
0,151
746,160
456,116
89,18
0,199
1515,676
1278,0
0,316
1161,492
0,40
147,61
677,0
2316,885
2691,0
2409,0
2246,0
0,481
2456,0
3002,1781
277,116
515,191
559,162
217,60
674,267
1129,499
0,815
0,89
1111,0
491,262
1919,950
1164,265
2903,1765
0,610
979,476
504,136
2488,1044
735,0
718,195
2173,977
0,374
0,1073
712,0
1521,566
1263,608
886,211
0,1134
306,80
1247,545
2175,857
282,0
0,1294
1035,0
2306,0
3048,0
1225,610
216,88
0,165
2669,1182
2029,951
0,448
2668,1256
330,135
1919,0
54,0
2093,845
366,80
170,0
207,0
2452,1181
772,237
0,1145
889,330
655,165
891,367
1169,722
2629,0
0,71
56,10
1585,439
1472,508
405,104
91,14
2168,534
0,375
1304,630
2328,1156
180,0
157,60
0,118
2195,730
763,166
2256,0
0,253
0,440
2297,996
328,145
967,379
93,20
0,1970
1488,657
2783,1206
2702,979
1817,699
267,48
857,319
2310,0
1807,521
0,333
383,0
261,34
470,111
0,959
0,223
707,243
2896,0
1280,328
2523,1145
933,0
499,158
915,349
2279,825
2906,925
54,11
0,481
1730,0
1991,674
2438,0
3239,2472
1317,453
2643,0
709,202
2227,615
0,1094
0,1221
575,0
2060,0
2469,1008
2403,1190
182,0
2204,0
0,24
0,1237
725,355
1088,0
311,104
261,86
115,40
1630,0
0,99
0,2
1904,723
1773,358
1033,350
1614,0
355,113
2035,946
0,1135
2276,964
624,244
0,447
918,446
827,388
91,0
0,58
0,297
315,131
326,93
236,0
74,20
114,21
3129,1667
300,149
811,395
412,124
2520,0
0,372
406,130
1892,776
1137,336
0,28
1681,688
2469,1343
1054,504
234,0
33,16
130,10
0,240
3027,1542
359,77
390,141
1986,667
0,513
1269,382
363,134
906,248
3113,1432
0,386
0,30
486,0
107,0
1497,622
71,16
2500,1146
1950,719
680,0
0,157
413,0
1925,0
3039,2027
1991,950
1240,636
2370,0
2149,988
231,109
0,200
1712,841
0,197
973,327
2411,1296
1687,651
0,399
0,169
865,0
891,256
133,39
758,217
749,384
53,14
0,178
183,34
0,678
0,1110
261,38
2824,1245
472,0
2671,1329
2348,489
211,59
766,0
1232,585
2871,1269
1016,532
855,358
883,136
267,49
0,1896
719,0
0,169
334,136
118,45
321,75
2079,804
1405,548
0,256
589,133
872,207
2272,835
2166,651
0,185
1975,381
144,36
2005,768
1368,518
0,528
1703,0
1912,898
2359,1092
227,0
2605,845
1392,0
340,0
265,114
59,6
3211,1769
2890,0
1452,457
373,134
0,78
286,0
2751,1970
0,1259
1796,755
726,363
2600,826
0,274
1609,729
989,229
44,13
2353,0
1020,356
183,36
2375,624
2522,990
1496,651
149,50
2097,0
1646,840
2172,0
0,543
1432,481
1063,346
677,136
0,712
1738,765
0,436
770,222
0,482
215,81
336,127
0,235
0,110
153,26
2051,1022
1702,610
1579,447
2059,0
2401,1100
464,0
392,134
593,0
2360,0
598,0
2309,1143
1637,482
1108,284
938,271
1269,552
0,208
2851,0
2778,924
0,207
884,323
292,0
0,170
2156,1022
0,682
595,0
64,13
463,178
0,461
0,132
947,0
2074,923
456,0
0,797
0,558
2541,976
463,118
0,79
2104,0
1671,0
2220,0
2152,0
2426,1393
0,547
0,817
0,129
92,41
2427,998
1815,744
0,672
3112,0
1498,0
1535,767
0,193
399,130
1665,0
2254,1079
933,321
0,582
0,388
419,0
1661,653
527,165
2244,1025
2148,0
2409,1056
1125,0
1182,373
2704,1178
2935,1784
592,139
0,808
1145,0
330,59
1722,735
1375,595
0,187
2940,0
601,74
463,47
1853,688
106,27
2069,0
2047,0
112,0
1032,436
1649,681
336,106
2889,1673
0,1011
208,0
1233,414
1200,0
1387,390
2193,0
1686,574
760,0
0,1029
1280,535
851,370
0,165
1042,255
1856,0
0,163
466,0
2497,1106
1685,0
0,997
215,104
0,1681
2639,0
168,64
2358,0
112,0
2528,0
868,328
2880,1268
0,76
163,41
313,87
0,87
893,273
1107,0
653,224
717,197
0,1098
519,64
445,0
292,81
1169,374
0,44
2715,1249
1919,0
2159,840
1754,607
2554,1024
872,260
159,51
101,45
586,258
734,344
738,278
1158,383
2870,1971
0,1082
199,74
483,0
77,0
21,2
0,38
369,53
1178,211
0,419
1748,663
314,131
1775,0
1030,574
0,434
630,237
1797,565
2734,1086
994,0
0,840
0,1941
2606,1131
1238,154
0,1113
1567,0
1413,545
453,135
0,65
0,1309
2009,1129
456,180
295,0
0,104
1865,676
0,477
713,198
2410,697
379,141
195,83
184,58
3147,0
766,0
1577,572
2135,1045
173,57
603,190
1964,980
0,1245
1350,0
1408,532
106,34
537,0
1382,708
946,512
1032,603
0,541
1151,472
1966,780
796,0
557,103
607,0
1455,327
0,221
0,659
239,37
1443,524
1871,753
359,109
0,1123
1799,555
348,0
0,95
1542,0
1341,0
2061,699
215,75
559,0
155,50
1613,837
1753,0
1446,490
0,2
1427,566
1537,0
2129,828
2206,1054
406,0
325,31
0,823
0,677
2546,1850
45,13
0,104
102,17
0,9
416,0
0,51
1682,712
1135,0
1669,674
793,291
0,947
2370,0
916,0
252,56
28,2
224,54
310,185
0,1159
813,191
0,603
2392,1368
206,0
697,326
231,60
84,20
540,162
1761,910
920,0
0,782
1831,830
600,0
1110,535
826,376
284,0
1378,0
1237,316
522,131
362,89
88,20
348,136
2070,1113
2162,855
0,603
1530,0
501,140
1212,0
712,274
2326,0
0,578
729,170
2331,0
175,55
93,32
934,356
298,0
1561,0
2127,1129
1469,393
666,0
292,0
196,61
108,0
266,58
1372,616
874,304
0,299
2124,999
1757,660
243,0
555,218
0,512
726,369
779,0
0,41
1139,354
0,670
391,158
1264,682
697,286
2228,0
1535,691
1124,486
837,273
1127,227
1644,556
1145,508
0,134
1809,639
0,1061
692,171
2082,1015
126,0
687,239
0,606
270,58
56,17
1020,477
781,0
454,130
1640,455
671,282
0,367
1483,490
527,120
921,0
568,172
517,0
449,0
517,252
1750,0
1192,570
1375,852
1404,436
0,634
357,84
1250,344
2067,0
914,203
0,563
1431,0
262,98
464,156
234,72
947,396
541,167
960,148
0,36
0,831
803,0
0,166
119,57
1657,583
1608,826
95,18
0,494
507,0
882,208
58,6
1653,576
568,205
1290,340
463,130
1706,589
469,194
1792,799
980,0
1503,557
573,0
503,225
1159,474
0,149
0,842
0,421
0,152
0,193
1682,956
0,685
747,274
65,29
0,11
1276,268
0,54
791,0
1650,629
1729,0
0,665
342,116
713,209
2307,1057
0,50
2109,705
161,32
1495,0
307,115
2482,1920
566,87
734,204
571,153
513,215
0,443
2058,822
2239,0
2807,0
141,43
713,0
0,184
2186,386
1175,327
1553,0
0,288
2546,1281
2454,0
711,0
997,376
959,366
0,394
269,41
2160,826
0,326
250,42
1111,393
2093,1088
0,173
2164,689
100,14
0,37
165,55
276,82
0,1280
2230,1255
1353,392
0,1786
0,324
920,0
1689,708
1289,534
913,399
2581,1134
0,133
2078,0
1943,0
3119,2280
676,218
985,0
2016,0
0,191
2248,923
1037,0
428,202
2309,0
1029,321
710,206
319,115
2796,1127
2972,1377
919,250
0,517
1876,0
1080,421
1188,450
322,0
1088,490
200,0
119,51
0,577
108,5
325,136
1414,290
2233,905
0,198
2269,937
437,93
458,0
2926,1383
663,0
2486,0
2779,1038
1075,341
457,0
1636,712
2578,1391
350,44
892,377
284,0
0,262
635,174
276,104
2010,724
388,126
1363,693
2025,704
2365,0
2259,810
224,77
0,1216
1455,0
1135,0
618,0
0,791
827,333
0,95
0,402
2010,0
0,143
2136,1077
1219,369
963,291
1326,387
1433,717
230,32
145,19
1487,401
802,242
1663,618
475,165
1364,729
0,1298
542,174
366,108
1428,564
1627,636
0,645
1977,822
2426,784
1641,535
1029,454
2052,765
104,33
444,0
1134,0
507,207
655,265
447,196
2174,0
0,1177
1219,0
2335,0
1954,330
352,0
198,67
0,1169
0,1100
936,347
1418,377
0,522
0,467
2278,672
0,183
2229,0
1652,876
138,38
2678,1446
721,396
1997,838
544,182
1209,307
2171,876
0,270
1507,472
499,188
0,331
795,275
0,262
2122,0
57,0
36,12
2285,0
2936,1359
1221,229
701,121
189,0
0,1094
68,22
63,22
1312,0
1457,538
719,263
58,0
1092,467
2391,0
2859,0
489,194
829,96
2435,1250
86,29
435,125
830,259
1916,0
318,0
1411,628
693,0
2033,610
847,0
61,19
786,152
951,0
0,303
112,40
0,525
925,352
97,25
0,401
1857,909
952,240
473,170
0,558
0,738
1735,625
650,250
911,403
643,0
0,1249
831,436
1751,0
690,0
2141,1042
1855,0
160,7
1557,645
716,299
0,159
228,115
224,0
751,274
395,115
598,213
0,485
2468,925
1583,470
252,0
2341,0
2178,0
768,257
184,47
1353,338
100,33
2094,1282
0,536
1635,510
2846,0
1614,529
238,83
2358,0
494,177
0,112
390,97
234,59
2213,0
3017,0
0,286
675,202
265,88
1016,339
1729,511
3023,1560
1209,0
899,214
399,81
500,133
2028,0
912,416
2201,970
0,425
1503,0
727,174
2312,910
1083,315
1970,0
0,1457
639,350
2898,0
434,104
533,194
194,96
335,60
1797,511
2805,1382
869,273
349,138
1950,592
1850,893
653,173
1666,688
754,132
575,99
2461,1081
908,432
0,779
1560,0
2434,781
0,487
958,538
0,181
1376,579
2040,588
0,618
146,28
248,84
2553,1594
158,40
2240,715
236,97
2078,921
2138,987
1312,472
2400,1291
0,191
0,665
1469,540
642,302
1974,0
2603,908
2862,1417
1248,272
0,791
0,329
0,1298
0,74
0,1343
488,109
1346,608
196,40
0,184
476,201
79,35
2556,1209
292,73
0,503
982,283
0,107
789,0
1527,0
2482,1328
0,22
0,341
1770,770
167,67
373,140
2179,820
1174,435
2820,0
165,44
54,18
883,349
0,429
0,607
1325,408
2783,1226
1533,555
415,0
1207,211
1964,646
270,0
1132,213
1283,252
465,181
527,206
95,20
0,1372
987,532
2159,879
2638,781
418,79
1089,350
1726,0
0,298
1399,0
1482,767
0,250
707,306
2337,784
250,75
224,0
392,0
1006,0
830,301
0,1264
2041,982
2497,1465
2868,1488
1741,0
0,320
2490,0
392,115
2457,1131
398,146
804,144
55,27
337,0
0,582
776,197
470,104
0,92
0,1028
2980,1583
2157,759
2472,1118
1820,624
1658,570
1157,404
0,603
751,202
0,417
2718,1417
1049,0
2502,0
1750,771
540,0
2512,0
0,315
1648,539
1744,545
358,74
1675,833
406,0
1037,0
988,382
830,0
64,10
982,467
2318,0
143,32
983,397
683,307
1324,390
2107,962
1196,0
803,274
180,56
1529,350
2800,1377
1583,422
935,264
1564,0
2428,1071
0,917
680,0
1407,666
549,122
1207,782
0,1301
67,22
2587,1043
2189,883
1391,613
0,15
0,27
192,57
0,24
1565,725
1101,273
2225,1107
87,0
1956,943
0,168
1703,1010
265,89
0,539
1652,340
192,94
2455,0
344,0
0,103
845,216
1380,319
2421,1007
1984,708
0,710
913,686
2699,1513
0,549
1457,533
0,1413
2681,1446
91,0
864,277
0,231
790,349
2312,946
2490,921
164,62
2454,0
0,580
1361,588
687,254
712,219
1681,804
0,2217
674,158
0,665
719,188
493,136
1274,425
0,1463
1228,0
1926,802
0,552
1610,377
441,0
0,433
1223,646
1673,0
0,1628
2241,0
2268,0
1173,632
703,0
527,207
187,54
1370,554
0,74
603,0
631,184
2135,1163
809,0
1587,598
0,1070
0,147
2418,0
633,295
1192,0
1865,470
1902,778
244,90
0,777
1518,432
824,0
2925,0
1907,832
1468,0
2100,1236
1638,566
0,1228
2414,1244
1146,265
208,37
0,276
198,0
104,0
2024,956
878,203
137,0
973,424
1352,487
485,201
0,106
195,0
0,663
2378,1055
701,109
61,17
58,0
801,351
924,0
504,149
2037,855
0,785
0,486
866,0
1012,261
1193,0
2049,485
368,100
824,294
2573,1292
0,656
1730,606
738,308
2186,1037
2156,0
2857,1564
1148,246
167,44
0,717
1005,233
1253,404
1432,0
0,274
1397,434
198,76
0,1277
416,172
683,188
1563,530
1330,480
407,193
1319,426
0,30
586,0
1123,529
767,0
1743,480
1287,385
832,338
2080,847
1461,586
896,367
1404,660
1030,0
1127,319
0,57
865,432
0,248
1566,0
2228,0
892,0
1641,541
1490,443
1040,330
0,45
1991,491
0,693
640,348
1432,0
0,80
1160,402
0,713
128,29
2096,963
0,775
678,403
2208,940
0,175
2837,0
0,769
1142,564
101,0
2114,884
2016,0
1087,341
0,280
332,0
2434,1071
1605,685
0,472
0,909
861,0
0,535
0,65
721,179
0,1350
0,18
659,325
845,327
0,34
0,433
634,304
1342,473
1505,541
2041,0
1075,308
0,133
986,254
1059,0
0,887
1451,375
2108,1048
1632,463
225,70
1108,491
0,115
61,20
982,0
200,55
429,0
797,0
176,63
2474,0
0,124
1966,0
1005,0
1649,623
1373,628
1253,595
1198,477
699,123
1761,857
410,120
692,299
2700,2375
1867,569
2394,911
1386,485
2220,827
0,1314
703,222
0,2029
2734,1121
0,159
0,71
770,0
0,1016
321,105
2566,1213
0,210
1200,425
1839,0
556,122
2379,1204
0,1874
1134,555
1265,426
1313,410
0,124
0,125
864,0
260,59
1094,525
866,246
0,152
702,287
2631,1249
869,237
835,343
1881,767
1434,0
156,0
1027,411
0,1920
1096,0
0,178
287,109
416,157
0,577
857,205
926,0
1934,671
101,26
0,593
42,0
2598,980
2046,677
112,0
95,0
2401,739
0,566
1041,465
0,64
2334,761
1489,511
903,0
433,0
2380,0
1255,567
0,488
2457,1501
2219,842
249,0
0,297
0,153
1095,514
1274,231
256,0
219,69
362,112
235,0
1861,764
72,26
195,99
595,0
0,125
1464,753
2647,1385
1263,443
0,765
917,430
0,475
244,80
565,195
0,124
225,0
547,263
857,0
2004,650
0,1070
698,283
542,91
2084,749
0,871
725,273
170,55
2016,1040
1107,341
470,205
508,0
311,72
2323,766
2259,1054
691,0
469,134
1636,664
526,0
1667,0
977,231
1318,424
1667,0
192,43
2239,972
617,239
1622,733
880,332
459,0
0,204
73,22
61,20
762,300
1915,834
0,582
2644,1823
0,484
0,87
885,472
2627,0
0,652
2271,0
120,47
1557,768
0,138
186,58
0,217
665,0
908,296
656,142
169,31
0,29
421,90
0,1878
68,29
2106,918
1435,746
748,0
658,0
0,61
590,176
212,0
199,29
1774,638
1055,406
510,209
0,207
1773,532
0,28
1228,532
518,203
1020,246
0,25
2773,0
639,262
405,106
1777,0
1367,413
1705,820
577,0
2617,0
2684,1779
1778,780
0,146
808,0
2083,1113
0,783
601,330
583,79
0,894
1281,371
894,322
521,150
467,141
0,285
2809,1816
2529,0
0,818
1882,638
1799,586
397,129
1743,753
0,900
2292,1415
316,0
574,414
2119,864
2335,999
2029,898
2708,0
238,0
1486,425
1283,338
0,1483
841,275
0,106
1500,0
392,170
788,411
1228,412
0,462
1046,408
1642,350
1284,357
1013,562
1291,517
2744,0
0,95
2298,0
2323,0
2556,883
1531,437
0,421
538,262
2101,689
1177,442
0,48
1087,437
1782,851
1123,392
1324,587
0,317
671,217
381,127
2190,1029
1193,559
1593,748
0,952
237,63
2422,1173
1998,574
1447,786
1972,581
2279,740
1424,752
2794,1954
931,0
0,496
1608,0
1843,715
0,339
545,168
1533,0
2349,743
1754,919
0,595
0,678
1016,425
739,286
2459,835
1560,0
2474,1888
1237,468
777,0
2694,0
0,523
1345,0
234,0
2244,1344
1190,445
1205,430
1787,484
2133,556
80,0
72,0
505,206
0,80
293,126
1508,592
1078,0
0,472
738,327
1776,815
0,759
2343,1246
1820,700
627,0
1104,401
0,687
0,100
0,70
0,232
0,445
1088,0
1229,496
1538,678
1728,1025
0,638
675,210
0,1104
277,0
170,40
0,597
310,82
0,31
626,165
2605,1075
0,437
2164,1196
1333,516
1368,0
157,64
0,14
74,42
0,975
2198,0
1031,374
198,79
0,889
2082,1154
1207,0
748,299
1030,0
1632,479
2129,0
461,184
195,45
1187,351
1286,711
76,39
361,122
0,58
118,37
0,1254
0,506
1365,307
561,0
2336,630
575,219
1477,461
0,2061
2236,0
1627,401
0,139
0,1173
0,444
2066,959
976,291
458,142
1265,327
0,1096
408,124
2739,0
981,335
205,0
471,98
2513,1309
108,21
708,346
1657,701
0,522
486,179
0,148
2295,849
0,58
0,196
160,57
1556,791
0,814
1725,639
108,0
