9000 2
0,6264
7214,0
0,3852
9872,0
4103,6434
2013,0
4756,884
0,4145
228,267
0,5940
2528,0
8963,0
2453,0
8245,8379
2978,0
4973,0
7812,0
6468,0
6040,0
0,144
2775,0
0,7531
2039,0
0,2268
7821,0
0,350
0,7171
0,3283
0,9389
0,3747
0,6636
1343,0
0,7812
7137,0
0,6279
5010,0
7434,0
4459,9474
2511,6136
1742,0
5927,9950
0,6757
0,1828
0,7891
1217,0
0,2155
8341,0
906,0
795,8044
2032,0
4323,0
1876,0
0,6335
1232,4510
2471,2974
4844,0
0,5527
0,46
7355,0
7938,0
0,9577
729,0
0,1635
0,3355
0,4443
0,4003
0,179
0,3485
0,6993
7996,8986
9967,0
7386,0
0,2543
0,5723
7741,0
0,4644
0,5026
0,3016
6662,0
6371,6342
6742,4674
0,8227
0,6107
0,1369
3100,9709
0,3068
0,7742
5961,917
285,0
0,8027
9779,0
2671,0
5964,0
0,2626
0,9622
8968,0
4297,9314
9829,0
5421,0
521,8522
0,877
1591,0
8620,0
0,8906
0,1358
6933,0
0,9605
6468,0
0,9719
887,7024
9342,0
0,3639
9170,0
0,4592
0,3313
0,1248
0,4706
5049,0
2259,0
0,8714
0,8652
4948,3423
8257,0
1683,423
1137,2571
0,479
0,6073
4119,0
4528,0
0,4526
0,9304
5775,0
4011,0
0,6271
592,0
4986,0
7597,0
5141,0
1351,0
6278,0
9396,0
0,1823
9800,0
0,4329
3999,0
8855,0
8915,0
0,2927
5455,0
9199,0
4812,4185
0,2410
0,2907
8265,0
9733,0
0,9130
8271,928
0,8071
8016,4374
2400,2015
0,1256
6238,0
0,4878
5828,0
745,0
7390,0
9212,0
0,3332
8063,6233
0,7797
778,6763
6927,9049
7692,0
7120,0
0,9521
0,6240
0,3962
9141,0
0,4970
8008,9585
9997,0
0,9210
0,3111
2543,0
9345,0
6415,0
0,3343
9173,5803
0,6294
0,3479
0,9234
0,6594
3196,0
3260,0
3832,1268
1622,3830
0,6765
0,7221
9877,0
5840,0
6931,0
9347,0
0,8520
845,0
4814,2356
303,630
1591,0
7225,0
8886,0
6824,0
1754,0
6550,0
5213,0
0,5090
0,1484
4313,2107
3740,0
0,9339
2181,7996
0,6995
352,6467
0,1944
6492,0
6732,0
0,3556
8098,0
0,4648
5514,0
4239,0
0,9415
2642,0
1523,0
283,0
5723,0
6669,1887
9460,7022
8354,7087
0,4846
0,5699
225,0
9256,8324
4371,0
2972,9886
0,7212
0,786
0,3687
0,8151
71,7692
0,5794
0,3495
7681,0
518,6036
0,9485
883,8645
5184,0
5923,0
0,294
5701,2405
180,0
9618,0
4966,0
0,2375
4398,0
68,0
0,225
4720,0
0,5238
0,6549
4723,0
0,9908
6488,0
0,5921
1412,0
0,1593
4229,7945
0,9195
0,7733
0,8591
2717,0
0,3496
0,4535
1957,0
0,6453
8256,0
1833,3451
4406,0
0,8754
0,5981
8804,2570
0,3033
516,395
0,4709
0,3799
3300,0
5438,0
0,7302
0,6300
9010,7426
0,7267
0,4587
0,6330
0,5288
5085,7153
0,3890
9724,0
6923,0
9241,9152
0,7369
2952,0
8215,8390
1367,0
0,9019
8858,0
6445,0
1972,0
0,2691
4701,0
7979,0
6264,0
0,5988
0,600
6229,0
9753,0
0,2706
9430,0
1096,0
5480,6790
0,4339
1494,0
0,3466
4632,0
6158,9333
1264,0
0,7528
0,2797
0,1483
3398,9747
0,3151
926,3526
0,357
6448,0
1154,0
0,970
6267,5240
0,2219
0,1866
0,4865
0,5637
0,320
3166,0
0,6683
0,6516
0,2693
9667,0
6219,0
7715,2667
0,8869
0,6226
0,863
1466,0
3082,0
8939,0
5039,139
3093,0
460,6259
6432,3578
0,305
0,9374
0,9762
0,9218
0,4447
1886,0
3317,0
0,3157
7345,0
231,0
0,9171
0,675
9311,978
4717,0
7237,1149
0,181
0,3444
9556,4454
0,6289
3673,0
0,5559
0,4054
0,260
7212,0
5722,7444
0,1359
6615,0
0,5927
8678,0
5699,0
7902,9049
0,9357
2494,0
0,5701
0,7485
4197,0
3045,462
6734,0
0,3947
4474,0
1391,0
0,8007
1991,0
0,670
6591,0
6586,4493
8684,2684
3851,0
0,7663
0,282
0,1078
0,8194
0,9697
3281,0
3644,0
8709,0
2047,0
3043,0
6352,0
4709,0
0,1295
7438,5296
0,1289
0,2319
0,3356
2601,0
4434,0
2298,0
5261,0
0,8906
0,6947
3942,5383
3461,6986
9422,0
3964,0
0,577
0,196
5874,0
1485,0
1727,439
0,4328
4542,0
9893,0
0,5154
2420,4353
4061,0
1300,8004
1140,4761
4990,563
4575,8955
4694,7333
9533,0
7529,5407
0,9015
0,1257
0,3463
5585,0
0,5479
839,9718
633,3259
4071,0
9017,0
0,158
134,0
721,0
0,5416
0,6178
5538,0
0,5068
8589,0
0,8044
2806,0
2042,6409
7391,2881
6127,0
6141,199
0,5158
5571,5419
5316,0
3109,0
0,9754
1455,0
0,6993
2032,0
2062,0
6862,0
0,9668
300,0
0,7691
3590,0
0,9732
0,8436
4891,0
3855,208
3682,6965
6247,4098
6719,7702
6557,0
4695,8590
172,0
0,7034
0,7878
0,5448
0,2781
0,2178
0,8856
1911,7392
0,6803
5369,0
7011,0
8114,0
3151,0
0,9709
0,5656
8299,0
2415,0
4694,7562
0,1397
3010,3978
4179,0
6157,9167
0,8069
6560,0
4872,1929
3449,1883
0,1563
5142,0
0,6102
0,3884
0,2143
1544,0
9655,6238
1737,5046
7636,4748
9025,1815
0,5183
982,5906
3252,0
8206,0
9472,1656
8,0
3219,0
4589,9617
0,8432
0,3012
0,5046
7187,232
1284,0
5278,8920
3673,0
735,0
9487,0
478,0
9261,0
864,0
340,0
0,3560
0,3779
3178,0
2212,0
0,2788
0,7477
3020,0
0,8299
1930,75
2603,2666
0,2091
0,5125
4830,0
3810,5695
0,4150
6568,0
0,2591
5350,0
0,7563
0,157
351,0
7634,0
0,4036
1671,4237
0,4275
0,8758
6366,0
3883,1196
4937,0
6892,0
1844,0
8890,0
6051,4241
445,0
0,8015
0,2156
7311,0
0,9618
0,7199
3856,0
0,760
619,7841
2051,0
9038,0
2197,5930
4307,0
0,3198
3598,0
7440,4044
0,9244
0,7440
1400,0
1152,0
0,8901
0,2846
762,0
3607,0
3444,0
0,2483
0,8082
0,6955
2124,7804
0,5723
3246,0
0,4609
6838,0
2049,8239
0,3202
5168,0
0,9297
3037,2866
4900,0
4247,8345
2304,0
0,4951
8215,9242
1907,0
0,2061
6063,0
0,5830
0,6494
7658,0
4733,0
153,9901
9048,0
0,2086
5123,0
8731,0
2445,0
9504,0
5988,0
2516,0
8060,9563
0,4124
9856,0
0,4758
0,7613
0,841
6471,0
743,0
4122,0
7607,0
4041,6339
0,6486
0,8122
0,3363
0,2277
0,3903
0,1216
8027,0
829,0
0,6936
0,8166
0,2068
31,0
0,4153
8462,5196
0,2504
1535,2016
8991,0
0,8752
0,5981
1030,0
9884,0
4749,7912
4568,0
5894,1023
2515,0
9190,0
3558,0
0,1147
3374,7277
0,6773
0,7879
0,8773
6790,0
7525,0
4910,8556
2597,0
0,7346
2707,0
2925,0
7019,0
92,6209
0,3651
5430,4548
4799,8804
1826,0
5578,0
0,4369
381,0
0,7907
0,8209
6463,0
0,7890
4821,5712
3886,0
4314,905
3187,0
7114,0
8058,2545
3469,0
1350,5296
0,6928
0,3023
0,7286
8836,4596
5193,0
2805,0
1188,0
9548,6009
0,3434
3756,0
0,6943
243,1455
5864,0
4000,0
0,5350
0,5160
2278,0
8184,3576
0,7021
0,4015
735,978
5673,1923
0,5222
0,8309
0,1689
4145,2997
8633,4388
0,4497
0,8452
3832,0
3802,8462
9010,0
9998,0
9658,0
0,7831
2835,0
8809,0
6874,5597
3730,0
3907,2387
6498,0
0,5131
0,9837
9628,5131
8289,3460
8981,2092
0,7992
0,1921
5187,7832
0,9403
5664,0
0,4473
2086,0
71,0
0,3978
8205,0
0,3590
7667,0
0,7296
9605,0
0,8587
0,2681
6579,0
4603,1767
9816,5344
0,5480
0,5526
9954,0
0,26
6825,2794
4005,5030
0,6036
8620,0
0,2048
296,0
3766,1054
8702,0
3735,0
9560,8338
7049,0
3683,0
4857,0
0,4812
3614,0
4838,0
3298,0
0,8630
4880,4091
1629,0
0,1925
0,9906
2979,0
7482,0
0,7042
0,6538
6419,8738
4759,0
1344,0
6090,0
0,928
0,2308
9772,0
938,0
0,2568
42,0
0,5548
1006,0
0,8488
0,9245
5531,9243
5784,1951
7981,0
3229,0
0,9319
4284,8060
0,9682
0,20
550,1307
0,5511
3875,4715
0,8369
0,7617
0,20
6106,0
0,1637
0,5050
3589,7257
0,6818
0,4643
0,866
0,6385
549,3072
0,1100
4380,0
0,8255
5794,0
6625,0
840,0
0,6946
0,5345
8584,0
395,0
0,5988
8992,0
632,0
6483,0
0,7032
0,7922
8132,0
0,4743
0,4796
7966,0
855,0
0,6935
5752,640
0,4337
2416,2675
0,1449
0,5503
7066,0
633,0
0,2149
581,0
72,8714
9832,9073
3457,0
3870,0
0,4726
0,2688
1661,0
3329,3941
320,0
0,6831
7195,0
0,4261
4577,2968
7811,7211
0,8392
0,5190
7106,0
0,564
0,8134
0,9513
0,2218
2202,4522
0,5531
8463,0
0,5080
5352,0
0,7687
0,4938
655,0
2149,5773
0,8403
964,0
4489,5228
6609,0
0,8598
8967,0
817,0
0,9018
6701,9210
7540,0
4290,0
0,4651
0,9185
9590,1236
9730,0
7010,8668
143,7974
4713,0
0,1323
4088,0
0,3056
0,738
0,3538
9757,0
2748,7298
8906,0
191,5358
1690,0
0,1280
0,4273
0,9019
0,3164
6994,0
7798,0
0,1886
6765,8899
4943,9557
9638,0
3095,0
97,0
6694,9004
2883,6886
0,4573
0,8905
5854,0
3179,0
0,6121
0,5682
0,9838
5881,0
0,2646
0,6668
2204,0
5838,0
0,5935
1144,7384
0,4027
0,9303
8600,0
0,4454
1597,0
3329,0
0,5369
0,1287
5208,0
0,6933
4496,0
0,6700
0,9440
0,7682
5376,3144
5067,0
0,9337
9619,5772
1267,0
0,2864
9217,0
0,6727
0,9119
0,4135
0,2057
1069,5465
0,4671
2166,4748
4111,0
0,9487
7312,0
9804,0
6836,9423
257,0
7252,0
967,0
0,4118
3196,0
3237,1210
7106,4206
0,8175
9672,0
2846,0
5771,0
0,8202
0,3319
0,6251
7804,0
0,8061
0,2927
8546,0
9396,2590
0,2593
5560,0
0,2666
0,7072
0,2843
8095,0
0,3867
647,0
2069,0
0,7770
0,1814
306,0
9875,0
0,8422
0,1344
1012,0
0,6573
7244,7741
9239,0
0,81
3258,0
3770,7941
6777,0
0,8846
0,2642
6616,0
4456,0
0,4332
7870,0
0,425
7168,3767
8705,0
0,5949
8847,9580
6364,3661
0,9623
6571,0
0,3348
7849,6197
2195,0
8839,0
4217,0
0,8093
0,3606
0,382
0,1085
0,2737
2191,4490
0,1039
4071,0
4700,0
0,1272
7164,2240
4621,5013
8438,0
4374,7277
0,8591
573,1365
6685,8201
4971,0
0,9003
0,2734
1740,0
0,428
4919,0
5480,0
0,155
892,0
0,5514
7206,0
2331,1580
8112,7960
0,8686
0,6857
6887,0
7460,0
0,9148
0,5042
0,5432
0,7947
0,950
0,1757
0,8460
3950,0
0,1157
4337,0
0,2450
0,2910
0,3593
9767,0
7891,7227
3496,1192
6376,0
6234,9405
7135,0
7353,3864
0,4921
5621,0
3382,0
0,7357
0,1602
3663,0
4052,0
0,5189
1524,6145
3214,9415
3373,6711
0,9749
8414,0
0,5550
8547,6508
0,1203
1429,0
0,4811
0,2229
2168,0
0,5832
8805,0
3763,5183
3074,0
1328,6288
4704,4702
2999,0
4451,0
2155,3606
0,703
115,6379
1906,0
1415,6871
6356,0
0,8524
1362,2932
0,167
817,8121
5350,0
3410,0
0,8114
1381,0
3427,0
4595,0
0,1560
0,9556
0,8193
0,9355
0,7456
0,4165
0,6742
7098,0
6909,0
0,2260
1808,0
8940,1989
0,322
0,3412
6156,0
8994,5597
0,5281
0,9265
3474,0
0,8539
3710,0
2704,0
0,9803
0,7653
0,8492
0,9527
0,8854
0,347
9176,0
3760,0
6452,0
930,7778
8036,0
7044,0
0,5666
0,6047
0,2754
5740,411
0,5771
8065,0
0,7979
9805,0
6833,0
4974,6010
0,8734
1343,4463
0,2273
2241,0
8356,0
0,693
4952,0
6741,0
3842,2481
0,6400
0,3097
0,2516
0,6483
7143,0
7806,0
3920,5816
853,0
0,2343
7536,0
1870,5892
1807,0
0,6759
3995,0
0,7837
5808,0
4237,0
9509,915
6578,0
0,3722
8495,0
5841,0
0,6694
7678,0
9038,0
3823,0
1108,5630
0,7694
0,7811
1021,3770
5649,6830
183,0
891,9692
802,7470
278,8201
0,8773
3407,0
0,4429
3728,0
5731,2767
4083,0
3675,5191
0,7492
0,7576
5304,0
1347,0
0,1530
841,0
0,1643
9099,1501
0,292
275,0
7325,0
7682,0
332,3414
0,4415
2969,0
9607,8155
0,2493
0,294
6401,0
0,7139
8609,0
0,9832
3733,0
0,3578
8161,1609
6832,5486
0,4515
0,3406
7929,0
0,899
0,7429
0,2849
9923,0
3144,0
0,4392
3463,0
6482,0
309,0
101,0
3794,8262
0,626
0,6327
5141,0
0,3071
653,7555
3971,0
4985,0
1362,4908
7814,0
0,9681
0,4696
0,5382
0,468
5598,0
2112,0
5292,0
19,9042
1693,0
9332,0
8233,0
8982,0
0,3967
0,9861
8876,3046
4368,0
2728,0
4805,0
8650,1734
3355,4248
8764,5467
0,4057
833,3661
3100,2526
0,2432
3953,0
2418,0
9262,0
6904,0
0,5780
0,5147
0,269
8415,0
0,7066
2429,0
0,1194
0,4956
5252,0
8618,0
5339,0
0,9292
4499,0
2228,3761
4122,0
8256,0
0,5797
48,802
6066,0
1498,0
0,3928
5734,0
0,7713
1801,0
525,420
8728,0
7862,0
5157,0
2718,0
0,6840
0,4380
1742,0
0,1790
2235,6244
0,3734
0,5785
7662,0
2630,0
8915,0
3161,0
0,1890
5306,0
0,463
0,4123
0,1200
0,4369
0,2706
5802,0
4497,0
0,4752
0,7470
538,0
8672,0
0,7588
7600,5381
0,2452
7271,0
5167,0
0,244
0,649
1444,3764
5019,0
6471,0
0,968
8859,0
0,631
2257,0
0,929
0,2286
0,7028
0,5547
9481,4940
0,4648
0,681
4893,0
1330,0
0,6349
3362,6652
7170,0
0,6030
932,0
0,3189
0,6729
4119,9031
0,2637
6059,0
8184,0
0,6066
0,5241
6747,5083
0,8077
0,1839
4427,4783
8492,0
929,6114
7629,1862
9458,0
5051,0
0,9171
8092,36
0,4152
6720,9993
0,8345
0,9883
3586,0
4966,0
885,6387
7084,5312
0,5577
6911,0
1691,4540
3963,1150
0,9015
211,0
0,8304
9889,9996
2456,6610
0,2150
4955,0
0,8541
8857,0
0,9742
0,870
5055,0
6448,0
0,8140
6507,0
9290,5339
9640,0
5192,0
7806,0
7823,0
1692,0
0,6647
0,4447
0,2720
1448,8975
2463,0
9846,0
0,6294
0,6058
4434,0
6684,0
1332,6324
0,6524
4152,1033
1606,1976
1296,3298
9789,0
0,3652
8156,0
0,9604
4111,0
0,3958
0,3838
0,5841
0,4687
0,6582
8412,0
0,1640
0,7059
2673,1299
0,3969
0,8825
7678,0
2478,0
9680,8851
0,3791
7687,9881
7749,4042
0,8002
9883,0
2690,0
200,0
0,3107
2743,0
166,0
0,9202
0,474
8028,7065
5019,0
2900,0
9358,0
8490,0
8222,0
1088,0
4243,0
5561,6933
2689,5761
8036,0
8868,779
2153,0
6196,8030
0,5582
0,6267
0,3524
0,5548
0,6133
3889,6714
0,2111
2955,0
0,7198
5239,0
4132,0
5377,2168
5504,4246
2948,0
0,9145
5687,1521
0,4193
7788,0
0,4563
2925,0
0,6814
2655,3876
8926,0
8144,0
0,3384
2596,0
0,7974
0,6817
2220,2060
0,5502
1205,163
7023,5933
0,4812
3310,2073
0,6235
8015,73
0,671
3950,0
0,2094
4957,0
5478,0
0,6792
5528,0
3610,7749
7206,0
3252,8411
8249,276
4345,0
5088,0
0,4464
0,2695
4538,0
3366,0
8917,9649
582,0
8741,6061
0,4776
0,6957
9922,6464
0,7128
4550,0
5540,2800
8235,9885
0,3323
0,86
0,1432
0,2326
0,6147
814,7290
5796,0
0,4538
0,2593
0,313
9551,0
0,4257
0,1329
0,1905
0,452
1791,0
3775,9332
9621,0
0,2402
3890,0
8550,4705
6428,4347
0,7593
0,3562
186,0
3876,0
7437,0
0,3803
0,6212
5708,6113
6664,0
0,440
6833,0
0,7598
7672,5896
6736,0
602,3164
0,6705
757,0
268,0
0,4144
682,5092
4799,0
0,6783
0,4604
0,7555
0,8544
7996,8938
3814,0
0,1486
0,3272
7708,0
6437,0
0,7194
0,3473
0,5388
7618,8821
481,2417
3499,9376
9200,0
3981,2097
1945,0
0,9942
5025,0
9944,1561
5941,0
4834,0
0,1271
1928,0
8465,0
0,6604
0,6641
0,5531
9058,8925
4908,8259
0,8889
356,0
0,998
5203,1
5453,5147
1563,0
990,0
0,3333
0,6975
0,6134
0,7904
0,1687
4545,8164
7218,0
7090,2127
1863,0
1017,0
0,5993
0,869
5995,8672
6016,7558
68,7006
0,5114
339,1624
2089,0
0,8726
7126,0
0,1672
0,7633
5277,5752
9760,0
6157,777
9361,0
0,2580
2692,2766
0,8709
0,1321
0,4281
0,6056
0,8526
0,3663
7253,2404
0,7668
0,2822
5301,0
8574,0
0,4732
0,5857
0,2610
8437,0
5377,0
7958,0
0,3674
9984,0
0,5889
0,5008
9552,3230
7413,3713
898,0
0,6199
0,5111
0,7341
9843,0
0,6399
9711,1636
5648,5089
1328,3606
791,0
7281,775
9791,0
6665,0
2021,0
8998,0
0,9897
926,0
6097,0
1579,0
9114,0
0,2313
0,4171
3950,3470
9260,5278
0,52
7619,0
0,7411
1371,7493
0,3392
3712,0
0,3643
2075,0
0,8173
5527,0
5532,0
0,9992
6955,936
4163,0
4406,3424
6184,1484
0,3803
5843,0
0,7214
0,4394
607,0
6573,0
9155,0
0,9267
6822,2717
958,0
0,4072
0,4315
0,6510
0,9415
9934,0
900,0
5209,0
7717,6424
3958,0
818,4565
5027,0
8001,0
6040,0
0,2862
0,4407
5217,5269
0,7563
9585,3489
4074,4806
0,4009
6211,0
7420,0
0,5137
0,4507
4653,0
9073,0
0,7074
3863,2095
0,7312
4958,0
1720,0
5445,201
7739,0
0,1813
0,6596
0,6048
402,0
0,952
0,5313
5460,3035
3976,0
2716,0
0,6579
2127,0
3892,0
4051,0
7260,0
0,5000
0,9505
6813,0
0,2636
0,6505
0,7881
7458,0
0,2918
7296,0
0,13
7204,9061
6592,9331
0,485
6416,0
6098,0
0,1912
8677,1012
1418,5491
5376,0
8128,0
4026,4008
3670,0
8269,0
0,5566
0,1855
5579,0
917,2172
573,3854
2657,6990
842,8755
667,0
668,9345
8339,0
4836,0
0,2964
9505,0
6973,3176
5119,0
42,9522
0,4081
1378,6389
5323,0
0,5897
0,1219
2887,0
9974,0
4319,643
0,2658
2729,7737
0,2337
0,5879
5972,7674
0,1091
2917,0
614,0
3178,1993
0,8502
4289,0
4400,0
0,7288
7430,0
843,1749
515,0
4408,0
1481,0
5583,0
6661,0
0,5717
0,2776
0,3262
0,7994
0,6620
0,9545
5299,0
0,5197
8185,0
5070,0
9164,5586
0,3572
8832,0
0,4416
0,1017
0,6295
6734,0
0,1550
0,5575
9544,0
2196,0
0,7496
0,6668
2694,0
4082,0
4152,0
3351,0
6819,2184
0,1174
0,7617
2191,0
0,8926
1192,0
0,3075
8560,0
214,0
0,6899
8254,0
0,948
0,7649
8714,0
897,2065
0,7716
4250,0
8891,0
0,1083
3423,1911
10,0
0,486
7691,0
507,7906
4215,0
4805,0
0,8372
0,7695
0,2132
0,6919
4198,0
0,8449
9556,0
0,7554
4611,2722
9466,0
0,4363
5108,5030
7820,0
2936,0
0,7741
0,1757
6114,0
9452,0
0,9425
9056,0
0,3693
0,8156
0,2005
0,1832
4727,0
0,2066
0,1562
7096,7361
7179,32
0,9365
0,3903
1122,0
1827,0
6026,0
1,0
0,8601
8776,0
6757,0
0,2468
0,5579
7645,0
0,7186
5846,0
4547,0
0,3944
0,2550
7848,0
0,9675
4090,0
1561,0
7549,7702
2692,6326
6549,0
2323,0
0,153
2981,9563
4437,0
0,284
5370,0
3310,145
5241,0
0,3089
9216,9136
0,3306
1602,4326
7397,9152
2029,0
0,8578
0,7802
5980,0
7955,0
1021,0
0,7770
0,4959
9067,5986
0,4309
1688,0
7399,904
6938,0
4210,8541
0,1608
7693,0
1698,0
5099,1238
974,1079
2696,8929
0,3717
1322,0
1488,0
4589,556
9985,0
0,1674
0,2264
2578,4435
2429,0
2976,0
8398,0
3441,0
3842,0
1335,0
9620,4032
0,9661
0,5069
0,9238
9068,0
0,9053
3577,0
0,1074
0,3306
5510,0
96,0
6275,0
0,9716
8591,0
0,9927
0,7877
3960,0
0,1710
6633,0
949,5701
712,0
4755,0
0,5483
5364,2330
8790,875
1684,0
0,7960
7381,8519
7676,0
1519,0
0,9336
3811,0
0,1350
0,7534
0,2522
3236,8894
0,7992
0,8673
3475,0
0,2266
0,2688
1153,8787
0,8535
0,8325
0,8826
4258,0
8162,0
0,9064
9420,0
6599,0
0,9835
6496,7636
7828,9681
6309,0
8230,0
3570,0
0,4724
0,650
3260,0
0,7770
0,3234
0,738
1304,0
9802,0
300,6401
8326,0
0,4823
0,4065
4504,0
5370,0
5928,8940
0,5929
0,6833
6580,0
582,0
4696,0
0,2877
3895,0
0,3698
0,1631
100,0
6300,6337
3969,0
0,8474
0,5773
1209,3148
4714,1599
0,8380
0,5658
0,9015
1215,2
2173,0
0,6069
101,4210
0,921
5842,9867
68,0
6205,4038
747,6609
2512,7967
2382,0
1115,0
5321,0
0,3754
0,783
2770,0
0,4943
7073,0
0,7174
7875,0
8095,0
648,8164
0,6854
2202,0
0,4714
0,5846
8435,5691
0,3757
5885,8421
0,1738
0,282
0,9990
0,5879
3655,0
0,1531
0,1150
0,7668
0,1110
4523,0
0,7986
0,2293
0,4666
7985,0
8423,0
5197,0
5609,0
6217,4415
4393,1443
295,0
0,3349
0,4702
0,4830
2371,0
5941,6894
5330,0
0,1561
5952,0
0,3937
5490,0
7808,0
587,0
5090,6805
7833,9484
8248,8128
0,5930
1477,7114
0,5977
1945,0
9791,0
9899,5122
1545,4780
0,7498
0,2912
1436,0
7564,0
9672,0
0,4763
4957,0
0,3205
8624,0
9136,0
0,9769
6079,0
2774,0
8728,0
993,274
0,7677
0,947
0,9209
0,8155
8454,0
6307,1117
4367,0
0,8615
4470,0
0,3606
339,0
0,6418
0,6151
0,8862
8824,3283
0,6278
0,6909
0,1552
0,7157
0,4572
0,6014
0,1129
0,7303
0,1749
7541,0
5356,0
9433,0
4299,9567
0,6589
0,3709
9872,0
9987,834
4476,7213
0,594
0,2093
5167,0
8108,0
2262,0
8160,2007
7138,0
0,2495
0,1582
0,7881
1150,0
4470,9580
0,4343
0,9809
5178,0
0,7565
2218,1394
9659,0
0,7767
0,4790
0,6403
6797,294
0,8946
0,5687
529,4017
3569,0
0,8040
1261,0
2384,8408
0,7562
32,0
5127,2250
0,4786
0,707
0,7879
0,5710
4283,0
0,6388
0,8794
0,1772
2812,5645
0,2943
3686,0
2896,0
0,2659
0,3155
0,8760
0,7626
3547,0
0,6101
2922,3832
0,7206
6127,7817
3595,0
6611,0
9142,9423
1317,0
0,5003
0,5263
1073,0
7922,4706
3588,0
0,8994
0,7013
0,3329
0,6960
0,4927
4167,0
0,7762
659,0
0,9801
8780,0
0,1147
9754,9706
6410,828
0,4333
5535,0
0,9002
2722,6697
6015,0
26,9131
3721,0
4059,7888
0,6804
5650,0
6161,0
0,4941
3835,0
0,3590
3042,0
0,3181
6833,0
6908,0
0,9631
5232,0
0,5259
0,113
2447,8163
8002,0
0,3652
4060,1129
2737,0
0,6572
8334,0
0,1376
0,4582
0,1493
4537,0
0,3494
0,5261
8466,0
0,2571
7603,2967
0,5605
5892,0
0,9952
6832,0
0,2903
8568,3286
5064,0
0,9724
3315,9221
1218,0
688,0
1346,1787
0,9813
9277,0
2385,6880
0,3119
2486,0
0,1745
0,5655
3740,0
0,2309
4081,0
1041,0
3347,0
0,4565
0,8654
0,3555
0,2322
3369,9718
0,5754
6599,0
8874,9086
5239,0
0,1082
0,4572
0,1911
6881,0
5534,0
4702,0
2279,0
3447,4488
0,9261
8043,0
1583,0
1484,0
7168,0
285,0
7170,0
3740,0
6608,7092
2574,0
9003,0
0,4537
7378,0
0,9657
0,6867
4145,3139
0,2189
4904,7712
3603,0
8648,771
4472,0
6814,1643
4459,0
9645,0
7646,0
9553,0
1675,3997
1188,0
0,4607
8711,0
0,2857
8098,7603
5046,0
5316,0
0,3964
0,3863
2897,6235
5507,7357
0,5152
8425,0
7372,7978
0,9047
0,2274
8101,0
0,6813
0,8358
0,8177
5962,0
0,1278
0,571
0,2787
0,8140
9023,0
5497,0
5095,3923
248,0
1902,0
1514,0
0,9616
8997,0
6429,9077
0,6100
7254,0
817,8435
0,4184
9007,0
0,3442
9473,0
0,4971
0,8481
0,2056
948,0
3391,0
4674,0
2079,0
7494,8509
0,6345
4609,0
1158,5427
0,7249
9611,0
0,6583
0,8055
2578,0
3026,0
2755,1921
6442,0
2717,0
6167,0
6835,0
0,4330
6756,3813
675,1366
3817,0
6794,0
0,6405
0,7664
2989,0
5720,0
4865,8747
9954,0
668,0
1325,0
0,7492
0,3067
5740,0
7397,0
5654,0
0,9471
0,657
1728,0
7063,0
0,52
2021,2373
5620,6887
1120,0
0,1788
1972,0
5173,0
0,5951
1271,0
0,8669
1563,0
6741,0
2919,0
6085,0
5635,0
0,2288
3201,8099
4661,0
0,5782
0,9495
0,6370
5329,0
4574,8656
8695,0
7723,6488
4515,9287
0,1256
0,2855
7904,0
7502,3540
0,3580
5828,7151
0,490
5974,6666
0,371
6162,0
6742,0
6587,1316
0,5283
7162,0
1772,1678
7158,0
2935,0
4563,0
0,2065
4379,0
5646,0
0,7326
0,9749
3993,0
0,155
815,6863
0,7403
8179,1795
0,5342
9667,0
7020,0
0,9956
0,729
0,1372
2795,5175
7996,0
5384,1772
5767,0
1521,0
0,1643
9916,0
8506,0
0,6686
3359,0
0,3026
0,9050
0,4587
9006,0
5316,0
0,8112
0,7921
0,361
0,2322
0,1215
0,9500
0,2000
3371,0
0,4646
0,6924
8607,81
9951,0
0,9803
0,8138
0,6931
0,8279
5043,2917
0,1597
0,5893
0,9725
7109,6003
0,9968
0,2597
1333,0
0,9385
8492,5850
9467,8443
0,8598
8247,0
6737,0
1423,4677
4881,6467
7595,1082
8065,0
6976,0
599,4085
7988,0
4054,5992
2423,0
7560,0
4773,0
5517,0
0,8395
2840,0
0,9577
0,4311
4254,0
778,0
0,8843
0,2286
829,0
0,8817
3149,0
0,5572
0,2370
5239,0
8422,757
0,2918
9153,0
5662,0
7246,0
6352,1500
9236,0
3350,0
0,6074
6832,0
9398,3205
5621,0
0,431
0,9445
2802,3359
33,0
4116,4863
4143,0
2532,0
5310,0
4814,0
1280,4050
8794,0
0,4769
704,0
1573,102
8635,7195
2650,0
7627,770
1712,0
4129,0
1654,0
6609,0
1516,0
5604,6827
0,419
0,200
0,7285
4831,3067
0,5535
8497,0
0,7132
824,0
9398,0
9059,0
0,3189
2857,536
0,9466
0,2952
8608,0
0,7528
2359,8269
7729,6830
5555,0
0,7609
8096,0
1238,0
0,2063
2024,4926
515,1084
0,9397
4273,0
0,5709
8361,6269
8661,6969
8210,0
4498,0
0,2228
7400,0
4789,0
9875,0
5693,1114
0,1221
3177,0
6148,0
9730,2186
0,4004
0,3023
9713,0
9293,8374
6412,0
6815,0
8073,3526
3139,5473
0,7928
0,5667
0,8465
0,7436
9687,9958
0,5835
0,5813
8022,0
0,9103
9764,0
0,9057
0,4958
0,4722
0,4634
0,9009
108,0
0,2881
0,7752
0,6489
0,1034
0,1272
6870,99
7086,4892
0,6904
0,6605
6436,2542
5663,4342
0,2224
9064,0
6859,7312
2380,0
1353,9318
9849,0
0,1196
0,2261
0,3999
3533,9100
4098,620
3993,939
7524,0
7544,3961
531,0
8303,0
5431,0
1404,0
4680,0
9259,0
0,9109
0,175
305,4646
2436,2536
8645,0
1637,0
0,5630
0,4115
3619,0
8076,0
4435,0
2184,9867
0,3589
0,8429
7374,1418
4463,478
0,1559
0,833
6205,3090
0,4850
0,5007
7595,5652
638,0
0,4258
0,7844
8409,0
0,594
6809,7973
0,8967
6402,0
0,866
2036,0
2425,2690
1747,0
5780,0
0,4842
125,0
0,763
2356,262
0,4862
8106,3431
0,2332
0,8613
305,0
7581,0
0,7968
7574,1802
0,1
4492,630
8631,0
5748,2113
0,5874
3191,5609
6638,5547
5871,1660
409,3978
5091,0
6310,0
828,0
0,8410
3324,0
6378,899
0,5261
0,3388
0,9531
0,1641
1645,0
7515,0
0,4153
383,0
0,793
0,905
3007,0
0,3836
7165,7348
2246,0
4441,0
0,3336
3887,0
6725,9779
0,386
0,3465
0,8936
8301,3551
0,8684
3810,8904
9477,8048
0,2485
8597,0
6321,0
7180,0
6251,0
7193,7640
4959,1080
9929,0
860,1750
2071,0
5215,1235
1217,3516
4786,4308
0,8597
3212,0
0,3022
4163,0
0,485
0,35
9052,7256
0,6246
4897,0
7326,0
0,8186
6577,0
0,1793
0,1685
5309,6395
0,7511
4992,0
9190,0
0,3354
6881,0
0,7885
5118,0
5142,6775
9137,0
3392,0
0,1694
0,1444
2066,0
0,3675
0,8548
0,2798
6059,5063
0,5249
0,4233
8603,0
9317,0
1468,0
5334,0
1211,4472
6650,4604
936,0
0,5587
2962,8365
706,0
0,7510
4748,0
0,808
0,2313
0,3876
6547,4660
0,5864
7103,0
0,2437
5538,0
0,2188
0,7846
3706,0
3434,0
0,4140
0,2819
0,7619
4930,1960
0,2105
4274,4485
5981,822
9146,3440
0,6249
2367,6987
8687,0
0,5597
94,0
3444,0
7028,0
471,0
1019,0
627,0
961,0
4631,0
7663,8905
0,3645
9727,0
0,6414
0,9453
0,7958
0,1901
3555,7453
6516,7000
1255,0
3878,0
0,4898
0,1981
7569,6031
0,2200
0,5203
1106,0
8848,0
0,5933
7248,0
0,651
9545,0
2552,3101
0,9068
101,0
2613,0
3182,3967
8879,0
0,6448
4282,0
8649,0
0,9755
0,7539
589,0
3473,7838
2903,0
0,2449
1605,1042
0,1805
111,5653
3261,2725
9634,0
0,8513
0,2640
0,8978
0,3611
8682,0
3366,7681
2359,3956
0,5832
1794,1900
0,284
4349,6298
1326,0
8104,0
0,1365
0,5188
7809,854
0,2505
3495,0
1483,9623
0,165
4443,0
7847,6802
9598,6844
2635,1393
8744,7328
1677,0
3627,0
2995,0
0,8549
3097,0
0,907
0,7440
3412,0
6104,0
0,8379
0,7021
4022,0
0,3620
9752,0
5014,0
3788,0
1591,0
9695,0
0,4137
3136,0
2741,6874
0,2199
4314,6564
0,419
1460,0
0,6522
4752,0
0,8576
6442,9183
0,1456
7681,0
8148,9272
6239,0
3859,5387
0,6996
0,4722
0,784
0,8186
0,2076
0,8809
0,7404
0,4560
225,0
3137,0
3945,0
8124,0
6998,6272
899,3238
0,4759
8625,0
0,6258
0,5626
0,7743
0,4391
9820,0
3200,0
9822,0
4189,48
3294,7327
6716,0
5501,0
8867,0
0,9766
5737,5230
0,4363
0,6281
621,0
0,7664
9893,5721
0,9714
0,5256
0,7962
3788,0
8010,0
859,0
4323,0
9566,3190
0,680
2957,0
5910,7484
0,7239
3765,0
9389,0
7247,9282
0,9303
0,9535
0,8339
0,8349
0,5508
5432,0
0,9756
9093,9801
2947,7953
0,5905
2552,0
0,1514
3631,0
1097,0
0,8345
0,4225
7649,1300
0,2209
9640,1259
0,1512
0,5991
0,7002
0,3337
0,8695
0,7285
4601,3843
3678,0
5357,0
5145,0
0,7975
0,2634
2201,0
0,5963
4659,0
7222,5219
5087,0
1211,0
993,6959
2670,7797
5655,3961
0,256
0,8761
0,3162
6070,0
0,6401
0,4418
9035,3570
0,2970
0,1528
0,6756
6748,1633
0,7959
965,1740
4918,0
9537,0
0,4620
830,0
0,9077
8563,0
2469,0
5853,0
2600,0
7408,0
7859,0
998,0
0,7746
6037,0
5705,0
6186,0
638,5723
1197,0
344,0
3636,0
1105,2200
0,3574
382,9032
0,2982
0,4822
2451,0
1764,0
6186,0
1196,2223
0,6901
0,6094
0,9866
1818,0
0,2162
0,1738
0,1856
3939,0
5431,0
0,2845
7304,2020
7667,9756
3801,0
3206,0
0,4403
2211,0
1304,0
0,8830
1304,0
7554,0
0,8305
0,767
162,0
9834,0
0,7933
8439,0
0,6106
0,3755
5537,9673
0,431
4076,0
5234,5381
7394,6132
0,8699
8849,0
0,3728
72,0
4495,235
4334,0
0,3740
0,4268
451,2217
374,0
5973,0
6591,9716
0,667
5671,1578
0,3065
0,261
0,6560
2028,0
288,2100
9121,0
2335,0
9114,8164
0,1377
0,7647
3594,0
4565,0
8719,1156
0,5063
0,4956
0,7873
0,4353
0,9786
914,0
9657,1202
2263,8778
5986,0
2234,0
2764,0
0,5197
0,73
0,1643
0,6725
0,8925
1788,0
3881,8431
2497,0
0,632
1690,0
795,0
0,3059
126,0
0,2361
5989,0
1791,0
0,8870
2541,0
0,2183
351,3313
1109,0
7937,0
570,0
6894,0
1067,0
7054,1863
9934,0
0,61
0,2580
0,8834
0,4214
1302,8624
3084,0
2249,0
6027,0
0,7136
0,4849
2127,0
5284,0
8666,0
7608,0
8215,0
0,3137
0,521
0,25
9355,8721
4239,658
7345,0
0,9595
0,529
2196,0
0,6936
2682,0
2248,0
8815,0
4319,6423
6636,0
0,4313
5671,1569
0,1389
0,4191
0,5834
4849,7456
0,9351
7051,0
0,9247
1913,0
6184,0
7340,0
2563,0
0,6882
0,5984
0,6545
0,5088
0,5133
6477,0
9324,0
5543,0
4045,8702
3525,0
2782,0
0,4696
953,0
0,8293
4962,1855
0,4310
0,7029
295,0
0,594
3243,1688
0,9720
1397,0
0,6941
0,354
5643,0
0,8426
0,1795
3122,0
8325,0
5405,0
4271,0
0,3009
6883,0
0,458
8488,4407
2146,0
4128,3544
9268,0
485,0
0,6129
1245,2244
4555,0
0,7677
4514,0
0,9919
5653,4364
9774,3252
7374,6658
0,8538
7116,9635
2946,0
0,7074
0,3119
0,3293
1613,0
0,2859
550,0
262,0
0,4776
0,1748
4696,0
0,4470
0,3487
1129,0
2026,0
0,4972
0,496
2047,0
0,9560
3610,0
7866,0
8089,0
0,8351
3007,0
3127,9964
0,7824
2575,0
2295,8438
0,3424
5448,0
1670,0
7014,0
0,9062
9497,0
8622,3107
1436,6488
6141,0
0,3152
7877,0
0,1005
7878,0
0,453
0,1124
0,8780
0,4340
0,6219
6433,0
5399,0
0,4896
5230,0
8004,0
2010,4145
0,6916
0,4070
0,9116
5076,2708
0,3905
3161,0
5030,2053
8895,0
6393,0
0,2827
0,1198
1851,4455
6094,7081
9977,0
0,1988
8244,9942
0,5542
4013,0
4659,0
6442,0
2995,9604
6125,0
1658,0
7605,0
0,3404
879,0
4602,2731
6749,0
0,6727
4796,0
0,3040
3504,0
8582,0
1354,0
0,7796
9252,0
7401,0
7630,9059
0,5235
0,5137
8640,7992
7431,0
0,4181
0,536
909,0
0,9624
1777,0
7244,0
0,8598
0,1730
0,2854
1334,3796
0,8964
2856,0
4200,9968
3769,0
7961,0
0,8684
0,24
0,6291
8761,0
5916,538
0,3160
898,6044
1759,0
0,8154
0,9109
0,5587
0,4807
0,2273
4776,7988
5114,2737
0,1198
1421,0
1222,642
864,9983
3961,6781
0,4884
9941,0
0,1700
5921,0
9854,0
7813,0
0,5886
0,3083
0,1388
1072,0
0,261
0,5547
0,5696
6189,0
5679,0
2480,0
5036,0
7622,0
4122,0
0,3977
6819,0
5782,0
8371,0
8767,0
0,9839
9806,0
0,4280
3457,4936
0,9647
0,5656
9799,0
1858,4836
5537,0
0,9659
3024,0
0,9844
0,9419
5528,0
1814,0
2860,5599
0,2667
3509,0
6947,0
9174,0
6614,0
0,6413
2925,0
1249,0
0,2051
0,6943
7525,0
6787,0
1178,0
1811,2993
6612,0
8592,748
7340,0
0,4288
0,4160
1212,0
3970,0
0,6896
8230,0
5358,2149
0,3481
9092,2922
5240,0
8405,0
0,216
9411,4808
0,8003
5557,0
0,543
0,9173
0,7729
0,8675
0,6951
0,9752
297,0
1902,0
0,995
8617,0
6875,0
6070,5072
7239,5481
9881,0
0,5438
0,3591
0,876
2764,687
8606,7620
0,128
4572,0
0,4869
5865,0
564,0
0,9181
9928,9655
6203,5998
4727,0
1480,4608
5571,0
0,9930
8557,6029
806,0
0,9413
0,6079
9541,0
0,9423
0,6879
1207,0
0,3986
8130,0
3641,0
0,8368
7777,4564
2977,3348
9531,0
0,8089
0,4085
9411,0
3499,8354
1850,3041
1870,2863
2464,0
0,3671
0,6898
0,7335
3983,1299
1670,0
0,9447
0,2646
2796,1163
5671,0
9252,0
0,8664
496,3660
7019,2346
6701,8889
0,9166
0,4953
2838,0
1852,0
5686,5835
1796,0
2903,0
0,4535
4112,0
0,9783
5675,0
4508,5837
0,5005
0,635
0,6199
9525,0
5366,0
0,8204
0,9366
0,2707
0,497
64,0
1963,6867
2642,6075
6468,0
5858,0
3293,0
0,6909
5372,0
7545,0
3678,0
5285,0
0,2800
7249,0
2167,5950
5471,0
0,5535
5476,8411
0,8119
4486,0
0,345
1015,0
0,8995
0,6085
6474,0
8809,153
1280,0
0,7022
0,6446
9785,0
2397,0
6433,0
792,1910
0,3195
29,0
0,6490
2089,3082
6244,2802
2078,2908
8887,0
7117,0
0,8398
0,7903
5420,8687
4350,5206
7751,0
0,4184
0,1256
6095,0
4452,0
0,6519
2614,0
0,8858
9484,0
1767,0
232,0
6069,0
7283,0
6842,0
6550,0
7911,4301
7941,0
0,3534
9631,4581
6384,0
0,977
603,0
0,205
2178,7144
1885,3946
5517,0
2831,0
0,114
0,7900
0,5999
9093,0
301,0
9106,0
0,8738
3368,6953
2822,0
7931,0
7393,5591
3631,0
2736,5517
0,8253
7636,0
9841,8693
0,9290
6594,0
5290,0
15,0
0,9121
4379,3293
0,7747
247,682
1821,0
0,9214
0,7740
0,6505
3257,0
0,893
0,4600
0,5121
3891,0
4405,9182
1870,0
0,4594
3542,0
7887,0
6901,0
0,8722
6312,0
0,82
0,6725
6588,7190
0,1347
8084,0
0,7672
2809,9840
3854,0
9023,0
1635,0
319,0
0,8207
6579,0
0,8663
0,2654
4855,0
2736,8788
3240,9325
5978,2272
673,0
9960,0
1734,0
6462,5589
0,5486
1314,1620
9285,0
6798,2237
9840,3377
2091,0
2041,0
0,6896
0,1574
0,424
0,1663
2696,0
5726,0
0,7461
5426,4657
0,5411
144,0
0,9429
5999,0
1666,0
0,3758
2022,0
4427,0
6146,1611
0,1831
2036,0
3494,0
4905,0
7389,0
6682,0
0,9733
8227,7901
4098,0
0,97
0,8997
0,6298
2756,7960
5547,0
0,1693
0,1253
0,832
4586,0
5564,0
6240,2954
2592,0
0,350
2656,0
0,6755
0,5583
0,8348
0,2790
4646,7337
750,0
4521,0
0,3317
824,0
4149,0
0,9714
4903,0
2668,0
0,8439
7846,0
0,6098
1007,0
0,7860
44,0
651,0
3599,0
4884,8120
973,0
0,1797
2183,5587
7208,0
0,2111
3284,0
0,4879
0,7453
0,8847
3551,0
543,5232
7999,588
1495,0
5279,0
53,164
3215,0
6936,4653
0,9119
241,0
3733,0
0,7018
3513,0
0,9923
0,1029
0,2753
1168,0
0,9167
9903,0
7818,0
0,7871
5348,7791
0,2285
0,1720
1405,0
0,5139
8230,0
0,1743
5644,0
1667,0
5085,438
0,6253
0,5586
5421,0
5068,3239
4840,9644
1110,0
0,8
2474,9882
1729,0
0,3481
0,799
0,1176
0,3019
5232,0
0,317
4648,5466
0,4402
1053,1992
0,6122
0,8899
5767,0
0,3203
6351,0
0,8080
5444,5655
1561,4463
6454,8937
5640,0
1957,0
3207,0
1191,7856
0,7762
0,6343
0,6317
0,4987
5217,0
1330,4306
0,7681
0,4522
5762,1315
0,7323
0,6632
6261,0
5629,0
2294,8837
0,3485
6694,0
1248,0
0,1003
5270,2141
0,487
374,0
4794,1810
5003,665
0,765
1981,0
0,7761
3143,4350
9182,0
2569,1476
0,611
4961,0
3943,6210
3257,0
7213,8527
0,3204
9015,6135
0,3809
0,5529
4475,0
0,6457
790,4384
0,3933
0,3401
2707,1304
0,318
1916,0
4623,5859
6049,0
9478,0
6408,0
0,5423
1374,0
9233,0
2523,3709
3600,8819
166,0
3204,0
8324,0
7786,0
3244,0
1350,0
2503,0
1020,8552
3854,0
1815,0
5738,0
5687,0
0,4920
6434,0
8630,0
6621,8796
0,9825
0,2749
1764,0
3781,5009
0,5131
169,6136
1105,0
4689,0
1688,0
5222,7427
0,910
4541,67
5830,0
7869,0
1010,0
3258,0
4315,0
0,6080
0,1966
0,1042
7097,1259
7179,0
2448,0
0,4137
8374,0
0,3163
9295,6105
0,5126
7081,0
9587,8092
5589,2845
0,9905
9285,0
5985,0
3678,7075
0,776
8334,0
8979,0
0,2141
0,5161
527,0
8324,0
2591,1555
4948,0
0,4536
0,8245
0,1292
8150,0
3004,0
3363,0
0,1101
7459,0
6019,6438
329,2806
0,5250
7968,0
1736,6292
0,4327
7848,3879
0,503
0,1765
0,5797
0,6899
2465,6063
0,5828
2746,0
6930,206
0,2950
0,2123
5756,0
0,3724
0,9109
0,3264
0,7866
7143,7437
8369,5559
0,7118
1356,0
0,3821
0,5053
9650,0
7300,0
1278,9094
0,7923
0,5287
0,8591
0,7483
7701,0
0,1138
6895,0
0,5265
0,7779
2383,4807
41,6401
8629,0
1454,0
0,8755
4860,716
0,4391
0,9066
0,1790
0,8691
0,5359
7721,0
6497,0
7913,5073
9882,1364
0,2266
6171,0
0,4800
1261,122
0,699
0,7940
0,6727
0,55
5794,0
1845,0
0,1119
8811,0
1141,0
3040,0
383,0
0,3236
0,6590
0,3857
0,7392
3980,0
0,2858
0,9507
9585,0
0,5379
0,1408
0,7457
0,7643
0,3669
0,8921
0,3335
1845,0
6572,0
9735,2703
0,1126
96,4872
5597,0
0,8008
7695,0
2752,0
0,9506
8666,0
6964,0
0,2845
4863,2124
1767,0
0,3612
0,2033
647,0
4737,0
1595,0
6413,0
3022,0
0,717
0,7954
0,4156
7460,0
5685,4425
0,4856
7270,0
6981,9037
287,0
0,1021
0,3297
1490,0
0,3086
0,1250
0,7068
5394,0
7786,6855
0,5761
1012,0
2403,0
5321,0
0,2591
2937,0
1629,3225
978,4278
4247,5454
7576,0
0,2413
8823,0
3663,9102
0,9058
4584,0
5913,0
9329,0
0,1732
0,4237
1971,0
0,4909
3713,0
0,4692
2736,0
0,312
0,4813
0,6943
3526,6390
6046,9309
5448,0
2877,1362
8649,0
0,7565
3940,1912
1802,0
7090,0
0,803
7088,0
0,9825
1337,5642
0,9456
455,2863
0,3982
9254,2445
3292,4702
0,6169
6065,0
8377,0
9290,0
6266,0
8229,0
0,9050
4160,0
8006,0
0,9344
5298,0
8800,5754
0,5200
9737,0
7646,3029
3596,722
0,9662
0,7576
4015,0
9894,0
0,8124
3638,0
7175,0
0,5181
0,6008
4525,2753
0,3326
0,2423
8527,8246
1318,6174
1276,0
6897,0
4576,9345
0,8592
1084,0
0,3917
0,2512
0,3245
311,5843
0,7765
1852,0
519,0
0,9027
0,4807
0,8378
982,0
0,7879
9025,0
0,7077
0,8309
0,5337
2226,0
7850,8700
0,8161
4544,0
5927,0
5721,0
1032,2001
5473,0
0,2747
0,7791
0,9763
0,322
7633,0
7400,0
0,2424
9433,0
0,7283
0,7859
5444,0
0,1371
3074,0
7817,0
0,3291
0,5159
6039,0
2950,0
0,8621
7659,0
1517,0
164,0
7483,0
6155,0
6880,8288
0,2325
4966,9488
3696,8040
5836,0
2148,4186
4806,4349
9345,0
0,2296
8182,1455
918,5842
7524,0
902,7688
5158,8385
7286,1314
9388,0
9602,8250
0,4568
0,188
2609,3576
1703,4757
7762,0
0,7108
0,2127
9404,0
0,323
1380,0
0,2282
8797,0
668,6083
9232,0
249,0
0,6741
3402,0
0,6011
0,8633
0,7386
0,9876
0,2499
2004,0
0,5588
0,9418
6696,6982
0,5493
4900,2369
1577,4132
0,1826
2966,0
0,6369
6782,0
0,6405
4132,0
0,9275
0,8287
0,5032
0,9812
0,6410
0,7317
0,932
0,8293
3301,0
0,5728
0,5393
6463,0
1762,3245
282,0
0,4415
0,3443
3691,0
1730,0
5355,0
0,5976
329,0
3294,0
5442,6105
2016,8744
494,0
4473,0
0,936
1494,0
4181,1777
5741,0
0,3036
0,9884
0,9006
5350,8715
2925,0
4691,3254
5140,0
6976,0
4091,8992
9328,0
0,3801
0,3270
4738,0
0,8919
4569,0
2752,0
0,29
646,7005
0,5996
0,1961
6626,0
5215,0
8398,0
2351,2490
1184,0
0,4619
0,8374
0,218
1166,2757
0,5735
3367,0
6497,0
1920,7143
4019,0
3140,0
0,9767
153,8133
1535,0
325,3886
1043,0
5565,0
6129,0
6495,0
1265,0
6777,0
0,144
2295,0
0,4215
0,1177
5172,0
918,0
9946,1071
0,1481
9624,0
5368,667
8058,933
8788,0
0,5283
8208,3245
2945,0
3649,0
5129,0
6236,2287
0,3274
0,5332
0,4383
3422,0
5454,0
0,5078
6195,0
0,4254
0,4534
8442,3164
9818,0
0,2763
1636,0
0,6766
0,5341
9054,6163
8616,2519
1495,0
6902,0
5470,2356
4565,352
7435,760
0,3181
5014,0
7716,0
4951,0
108,0
0,1745
1420,0
8511,0
0,7565
0,3362
0,5082
0,6986
1,0
9343,0
0,6778
5326,0
0,341
3645,0
3799,8597
5212,0
9958,5511
5653,1379
0,4164
0,9663
1730,0
3025,0
0,8458
8801,0
9361,0
0,616
4924,7368
2474,0
0,6120
0,1508
4717,0
0,4676
3287,0
6055,8203
5234,0
0,6964
7248,0
8780,4721
0,7581
0,8712
5727,0
9329,651
1604,0
5536,0
7924,0
0,2641
5874,0
7317,9161
7309,3372
7365,0
8231,0
0,5479
6124,0
201,5475
0,2397
4188,1597
6633,0
2249,8238
5322,0
0,3246
5884,0
5888,1758
4616,3205
919,1925
0,8284
4468,0
0,3977
0,9641
0,491
5117,8137
2888,0
0,9522
2824,1984
7760,0
0,5314
0,5654
3690,0
7413,8306
487,8333
0,7065
0,4700
1875,0
8678,2165
9775,0
0,4893
9081,0
4199,0
5066,7023
801,0
5170,0
8142,6564
0,1832
3845,0
139,0
1973,370
1399,8591
5071,3275
8726,0
5440,8502
0,8097
3395,3777
3642,7594
2594,8709
4618,0
1537,0
0,9679
6352,0
1511,0
3834,0
4531,5808
2022,5931
0,7093
9206,3125
844,0
1627,0
0,5022
0,6387
2617,1910
5096,7235
5306,6634
7024,0
6313,3377
9468,0
3576,0
9476,0
0,1498
4039,3511
8592,0
0,9436
7892,8264
0,636
0,4292
0,5905
6202,0
3140,0
8754,0
0,5068
3543,0
2894,7119
3555,2370
0,2667
3869,0
6178,0
2512,0
1898,0
1079,0
0,4367
1166,0
272,7369
186,0
0,8941
3579,9661
4010,7122
0,6904
0,3469
9275,9470
6136,0
8737,0
5606,1250
5130,7505
0,6210
4380,0
0,5547
763,850
2917,0
0,1795
9892,0
1457,3903
0,1370
0,9208
4839,83
0,976
3228,0
0,8835
0,8422
6341,0
4633,0
3020,0
6269,0
0,9186
0,326
982,4628
0,2439
0,3134
3810,0
0,8649
9422,0
9626,0
8437,0
0,7104
1340,0
0,5973
8548,0
1185,0
4232,0
4005,0
0,4987
3595,5742
7426,0
0,1236
1466,0
9886,889
2241,0
3540,679
0,5026
7784,0
2854,5212
0,1403
5659,929
0,9892
8176,226
8859,5749
5214,0
1492,0
0,369
3877,0
1590,3764
0,3831
3277,0
0,5707
0,2296
9478,8361
0,9223
9764,3168
0,5986
3060,0
6212,1920
0,1426
0,5572
0,8958
5942,0
5008,0
0,1948
1364,4986
0,5875
694,0
0,173
0,5680
0,6062
0,9550
2049,0
0,8262
3829,0
0,8205
7532,0
7164,3474
0,2172
0,3411
4121,2370
0,6550
8246,0
0,6418
9266,0
0,8663
6848,947
8213,8897
2856,0
0,6685
8053,0
0,5586
604,0
9060,0
4227,66
0,8349
2437,0
4899,684
3211,0
7102,0
172,0
1142,7020
148,0
5917,0
5449,0
0,3503
9924,0
0,529
0,8150
0,863
8217,8555
0,654
0,4112
0,5885
0,8441
0,3671
0,9505
691,7792
8861,0
797,0
9685,488
7815,0
5069,0
140,0
0,2977
0,3272
1533,0
0,4207
0,5266
0,9394
3707,0
3065,0
7961,0
0,6823
366,0
0,52
0,8950
0,5497
5855,9803
7203,910
2781,0
4182,0
0,8110
0,7449
3376,0
6844,0
7069,9910
8434,0
3667,0
1855,0
0,2990
4087,7945
0,3751
3443,0
3554,0
8706,6335
419,0
650,1974
999,0
9424,4375
0,6268
0,4855
6178,9893
0,9846
7470,0
3881,0
0,7968
0,6672
0,6377
0,5274
0,3174
0,7443
0,2260
0,7063
0,8842
1438,0
5111,0
4073,0
2790,3960
1136,0
0,5017
5249,435
0,8182
7108,4705
4559,0
0,1583
0,1590
9027,0
3851,0
0,5283
0,9316
0,2400
0,8575
3690,0
2536,0
0,8239
0,515
8675,0
0,5783
0,3258
7360,0
0,2111
9106,0
0,2957
0,804
8241,0
121,2743
2004,2335
0,5694
0,3856
520,2606
2095,0
3122,0
3194,1820
6555,730
0,3915
0,9921
6027,0
0,8953
310,0
9758,8551
0,9879
0,7715
0,2615
0,9555
6471,0
0,8567
0,5284
9338,7490
7105,5893
8220,2184
0,6466
0,5836
3818,0
0,4128
2005,0
2680,0
4428,0
5432,0
6591,8842
6198,0
2773,0
1629,0
3644,0
4560,0
6861,0
0,6671
0,5040
2508,0
0,7298
0,2943
1847,0
660,0
0,6092
2920,0
0,9119
3505,0
7480,5135
4778,1125
6103,9339
1874,2965
0,4809
9636,1366
9849,0
0,788
9443,0
0,1291
1503,4392
7567,0
485,0
5798,5420
9607,9303
3129,7088
4438,0
0,541
0,88
3506,0
4897,3143
734,0
0,5167
0,4731
6795,9268
0,8298
3660,0
3653,0
4078,0
0,3686
8755,0
0,3193
0,8988
0,7852
9076,7242
7220,0
0,7954
0,5673
0,4256
404,9917
3524,6427
8215,0
0,1869
0,4096
1320,0
7783,0
3594,8558
3269,4199
0,7005
2052,6622
4247,0
0,4633
0,9317
306,0
3574,0
0,7098
0,8483
4284,0
352,5616
0,1673
6514,9036
0,108
7594,0
4308,5140
2023,0
0,6271
0,2359
0,2861
1676,1211
3212,0
1922,0
2349,0
0,6634
0,2315
0,7470
0,8765
0,5737
0,4101
0,3182
0,2780
0,1005
9051,5177
3365,9955
8039,0
0,1251
293,0
4730,2643
0,6694
9277,8369
9010,1528
5840,0
293,0
8737,0
6448,0
2350,0
2273,1893
6695,0
7071,0
0,5110
5102,0
6361,0
5536,0
0,7687
7786,7316
6057,0
8844,1897
0,9138
4244,8533
8306,0
8026,0
0,300
0,3077
1625,0
3138,2905
4732,8241
0,1093
3637,0
2186,1676
8576,9973
8992,0
0,7837
0,6566
0,774
5100,0
0,3126
5938,7849
0,8488
927,5052
8109,0
7957,0
0,3309
0,5944
0,6122
7620,0
0,6613
0,2866
4450,0
9433,1426
4714,4533
0,6181
0,2645
4030,1087
1134,4958
6139,0
9024,4097
2086,0
0,6022
0,1605
0,4897
0,8240
1510,0
0,5961
5728,0
0,442
0,4094
6624,2734
6740,654
3822,7875
5613,0
0,4637
4059,0
5969,0
5228,3245
0,7373
0,7453
0,9653
9243,0
0,4971
0,3002
5414,0
0,2038
5071,0
2693,8894
1713,8306
8856,8832
2944,2916
8038,0
4384,3266
2159,0
639,302
4910,6253
9956,0
2975,5571
9125,237
8573,0
0,5670
0,7646
9508,9272
6540,0
7579,0
54,523
8314,8092
9436,0
0,1596
0,1999
1899,0
8253,1855
0,1229
7427,0
1466,6001
2884,0
1672,9462
1687,0
0,8227
0,6314
3624,0
6837,0
550,0
4637,0
0,4791
0,9769
9857,0
1625,9076
3392,0
7420,0
5055,0
0,6727
9766,0
0,8502
8815,0
4816,0
0,1654
0,3319
7928,0
5229,5799
3807,0
5569,0
0,7195
2741,0
6248,0
0,1303
465,0
0,232
0,5940
0,7858
0,3551
298,9021
5205,4677
2340,0
3693,0
8934,7501
6710,4503
1166,0
1698,0
0,7947
0,2265
0,4534
721,0
4767,0
3222,0
0,9475
0,7922
0,2259
2599,0
5394,0
8408,0
0,5118
8831,0
0,529
0,5841
8477,0
8107,0
0,8828
5010,2239
8593,0
0,6216
0,2795
0,6204
5055,0
0,449
0,5450
4777,0
568,3608
0,3700
4138,653
0,2615
3591,0
0,1063
0,5354
3303,5071
3587,0
1287,0
1840,0
0,6896
2164,0
7345,5195
9993,0
2021,562
5732,3806
4262,0
4460,3805
2486,0
0,2830
9114,0
0,2417
3003,0
1462,0
3066,0
0,567
200,0
5109,0
0,5103
9669,9100
5665,5401
2906,0
0,7367
0,7758
0,5188
588,4533
3121,0
6951,0
0,8414
0,3611
0,135
4178,0
2018,0
9464,0
4391,0
8197,56
4534,0
9984,0
0,3718
0,3889
0,8153
0,2028
0,5374
8153,0
3788,8570
0,5506
8706,0
7424,0
4548,0
9821,0
0,8019
8997,556
9123,0
0,7594
2700,7927
1484,1607
6080,9907
3635,3006
0,1789
477,0
0,1559
4577,9065
0,2002
9790,0
8891,9612
0,4913
0,9306
0,6754
8288,5832
4349,0
0,5834
0,9839
5742,6231
2846,0
0,3324
95,0
0,4673
7446,0
6675,7236
3072,5566
0,3381
480,0
0,5949
0,976
1781,0
1965,5541
1419,0
5381,0
793,0
0,8813
0,8282
0,6435
2955,4640
8139,0
1877,1211
5198,8726
4593,0
3206,0
0,4441
0,3410
27,222
8951,1446
4784,0
8608,0
2561,6794
0,4113
5076,1585
0,8032
6225,0
7664,0
0,2862
6829,0
8541,35
1774,0
4477,32
3580,4504
255,2531
5951,0
6864,4559
0,9426
0,5008
0,6430
6593,0
4463,2819
0,2127
0,2677
4989,7751
0,3531
7787,0
3700,0
8976,0
0,9231
9813,2720
0,6677
7280,4888
6103,0
9896,0
0,6490
0,9528
9309,0
1655,232
0,6645
7984,6355
0,5771
5300,3877
8036,0
1158,4806
3509,971
0,7781
0,4807
2669,0
0,2566
3396,8506
0,7128
0,8366
3636,0
8598,0
6335,6582
9178,0
2353,0
390,390
8756,0
5197,2266
2521,0
47,170
0,2717
0,973
5283,7321
9479,4339
4450,0
0,8087
0,1303
0,3540
7886,0
53,240
4567,0
0,3323
1993,0
5590,4514
8552,0
0,6084
8355,0
7057,0
5931,0
0,381
0,683
8469,1257
1987,0
0,9873
9466,0
113,0
0,744
0,7288
6572,2948
1803,5125
8586,0
0,6941
0,8267
0,1030
4804,0
1412,0
9240,0
114,0
9260,0
1101,0
9763,0
0,5058
1959,0
2347,0
3067,0
3657,0
638,0
8595,5737
0,9175
0,7939
7733,0
6796,0
8061,0
0,7321
1822,0
6048,0
0,8809
6644,2478
8928,0
1010,1996
0,4668
3650,0
9535,0
0,2670
1422,6286
609,0
4465,0
6130,0
4316,0
9848,6138
3635,0
7724,0
4706,0
6632,3635
3361,0
5631,0
0,9282
0,1847
1529,0
4517,0
6090,0
0,556
0,8238
3083,0
2571,2931
2988,0
8828,0
0,3534
5082,0
7169,0
4637,0
4948,0
0,5234
8796,3613
0,3314
6566,0
8441,0
1684,0
0,4767
0,9485
0,812
5692,0
0,6054
0,6608
0,7232
5052,0
33,0
4634,0
0,3431
0,273
6745,2298
1401,0
973,0
0,7887
0,3985
7372,5553
4797,0
2080,6322
9119,0
2930,2167
0,7983
9852,0
0,4487
1526,0
0,7259
3493,0
9557,0
0,531
0,6012
8418,0
0,5791
1388,0
8856,0
1118,0
5611,0
143,0
0,9996
4395,0
4483,5922
0,2402
3181,6730
0,2739
0,6917
3270,0
2929,1688
5442,2927
7480,0
7723,6336
300,0
4312,5912
0,4456
898,0
4452,0
0,8936
1216,0
1338,0
4908,0
0,6533
0,407
0,8251
2096,0
1179,0
0,8903
5912,0
7745,0
0,636
0,5527
5559,0
0,500
8070,2037
8678,0
0,3586
0,3572
0,3134
3979,0
1386,0
7845,0
5651,6260
1468,1564
4976,0
1789,9604
9849,0
5131,0
5604,0
5910,3674
7990,0
3083,4425
8174,0
7997,0
4031,0
0,5417
8052,0
0,3703
0,9451
5268,0
0,7057
0,8514
3528,0
0,9132
4327,0
2807,0
0,5890
0,2597
6786,0
891,0
0,5447
0,4771
7849,0
8475,0
0,3743
0,2333
0,3392
848,0
0,4773
3461,6095
0,6268
8413,0
2158,0
0,8944
0,2519
0,6618
7967,0
0,5816
214,0
2327,3883
3607,0
0,4408
5869,7066
0,7636
0,2198
3731,0
0,2145
0,625
7303,7105
0,7202
0,9332
3821,0
5329,5211
3408,0
5076,0
9427,0
0,5645
3092,0
2711,0
1719,4550
4028,5451
997,0
7596,0
3121,0
3579,2691
2103,0
0,5924
796,0
0,4205
0,6212
9942,0
0,8155
7972,7989
0,683
9819,0
5234,3848
9409,0
6344,0
2706,9465
0,6286
0,4009
0,4181
0,287
1536,0
4493,0
0,4435
0,2179
0,4735
169,0
5419,0
8788,0
0,8198
6885,0
0,9591
0,7111
0,1803
0,5369
5985,0
0,7521
0,149
1957,0
0,8720
0,7177
3455,1758
2007,8874
1747,796
9527,0
8994,0
0,4199
6005,0
0,1883
7215,0
7252,0
3489,0
722,0
0,2680
0,7644
0,6616
4821,0
8374,0
0,122
0,3258
5706,0
9672,0
0,5677
6884,0
7560,0
0,4812
7301,0
7721,8024
0,780
704,0
8425,0
5313,0
6961,0
0,692
0,7701
0,9517
0,3623
990,0
9300,0
7273,0
1975,0
1674,9276
9893,0
7301,0
0,8006
2262,8601
111,7575
1848,0
1264,1924
7766,5074
9625,1718
0,3947
5341,0
0,4642
3457,6362
1503,0
8201,0
0,8094
2573,2011
1659,0
17,0
0,129
1496,0
7203,2761
5123,0
7836,0
0,2428
8695,0
8011,0
0,1469
4147,0
0,2348
1352,0
443,3925
3623,2102
6674,0
0,8025
0,7520
0,974
281,0
5943,0
0,2631
545,9792
0,8557
0,1332
26,0
9506,0
4073,859
8541,4516
4784,0
6618,0
5806,0
0,9577
161,709
0,442
7057,0
8560,0
0,9106
0,3787
7663,5522
0,7689
0,4626
0,1320
5486,3160
0,270
0,2454
0,1132
5095,0
0,5257
0,1262
0,8980
0,4260
7134,0
0,5080
0,1029
0,5792
8719,0
0,3338
0,5905
6499,5007
6176,0
7461,0
2958,2557
9119,0
0,1043
4931,3515
23,0
7775,7158
9574,0
2238,247
0,2841
0,891
0,6459
4230,0
0,729
4869,0
2554,0
6446,5512
4889,0
9181,0
0,4113
6219,6633
6802,3995
0,6376
5137,6029
0,7308
8870,0
0,9562
9122,2430
0,1488
3159,0
29,0
6626,0
1227,1515
0,408
0,8652
0,439
0,1324
0,9077
7700,0
5107,0
6880,3978
0,5080
0,6110
7510,0
7598,669
0,7627
6383,3886
4104,0
0,6147
8019,9621
4799,0
0,86
3865,0
0,1565
0,4271
5889,946
0,2876
6026,0
8986,3536
4756,6585
4205,0
4212,0
0,8316
8199,0
0,6219
925,9263
0,985
0,2625
5480,0
0,9547
2785,0
0,1035
2957,0
0,1944
0,7581
8529,0
0,2741
0,5500
1058,0
6804,5522
9271,0
0,8031
0,4135
657,0
2649,4847
3743,0
0,4236
0,7885
0,9295
9829,0
6876,8359
5077,0
0,9930
0,2159
2982,0
7681,2253
0,2467
285,5223
6603,0
9418,0
0,3161
4687,718
7398,0
8604,0
452,8434
8970,7329
0,4048
3804,7894
0,5779
54,0
0,7736
9214,0
204,9499
0,6808
442,0
6061,0
8870,0
0,6268
0,5556
4424,0
0,3395
0,785
0,3493
8680,0
0,8734
0,3831
6471,7596
4897,0
0,1187
0,7538
0,9545
3771,0
0,723
2034,2200
0,6459
4560,271
9854,4249
1056,7298
7742,9737
0,7015
8471,7101
846,4943
4698,0
1618,0
6932,0
0,3827
4647,0
0,4942
0,1628
7143,107
0,1703
379,0
5952,0
5240,0
0,3959
710,0
0,1557
0,5759
7302,0
7554,0
0,6887
8062,0
9991,0
899,0
9283,0
3926,0
9745,4305
5313,0
5741,0
9393,0
4513,0
6559,0
1661,1147
1334,0
7354,0
3197,0
0,1260
0,5767
8915,0
0,8199
3562,3513
5570,0
0,884
0,3560
0,8399
475,0
0,7034
1526,165
8181,0
0,5536
1749,0
0,7524
3587,0
3291,0
4340,2878
702,0
6391,0
0,4210
7157,0
7770,0
8617,8246
0,7121
5280,0
7287,3462
8933,6416
8998,0
8743,3198
8207,0
0,1499
4832,0
4377,0
4262,768
0,5474
4979,8966
0,2750
0,4310
0,2109
1432,6276
8181,8719
0,7115
5135,8738
0,3878
0,6005
0,3955
7504,0
314,0
0,4577
2651,0
52,7630
7352,0
380,0
0,1376
7024,0
0,5206
207,0
0,5343
6131,119
9222,8067
6124,0
2023,0
0,2338
5512,0
6915,0
1436,6967
5794,8789
2712,0
3704,2768
0,728
0,5205
5935,0
2598,8256
9808,0
0,9030
6798,0
0,8821
8130,0
1159,0
0,8075
0,5421
5042,0
4211,7755
3775,0
0,1327
8644,4781
0,4579
9245,9131
2836,0
7862,0
8085,0
0,2547
0,3843
3482,0
0,7467
0,9291
2889,0
0,7100
0,667
0,6039
1994,3660
820,8527
0,66
7659,1076
0,5521
0,7206
181,8001
9753,3663
1845,0
8305,0
703,0
8622,0
0,5514
0,4296
6181,0
0,8176
9370,1156
6703,0
1222,4363
0,343
9884,0
0,66
8979,0
0,824
539,2035
154,1243
0,8776
4836,0
0,5529
6133,0
1239,0
0,610
7625,5351
8222,8848
0,6910
9191,9599
0,6741
0,6867
0,3395
7691,0
5430,0
5828,0
6622,664
0,913
6193,0
1385,0
2927,0
8044,0
0,6266
0,5101
0,8592
4700,0
5334,0
7932,0
0,5624
0,3193
3470,0
0,93
457,2005
0,6651
0,2393
4085,1391
0,2130
1944,7813
0,1345
0,1574
9938,0
0,5273
1981,0
4653,0
6197,8619
2937,0
0,4618
9760,0
6624,0
0,5088
0,9606
0,5587
1736,0
3401,133
9771,6315
0,9709
3931,0
4983,0
4921,0
5657,1118
0,8595
0,6668
0,546
0,9838
1313,1059
0,4474
0,1407
0,2403
0,3463
0,9604
9778,0
9313,0
0,4296
0,3514
3933,0
0,2189
3875,0
0,7089
5964,4395
6927,0
0,1854
1752,0
0,1814
0,3095
5277,0
0,5055
0,2013
0,3899
6310,0
0,244
3669,2047
2433,0
7465,0
4633,0
0,1561
0,1142
3416,2460
7264,0
4274,0
0,9551
6850,0
4607,0
4488,0
0,798
1762,3471
0,5431
5518,0
0,2984
4768,0
6415,0
0,7123
1598,0
9584,0
9267,3859
4651,9041
3410,0
1516,8018
3659,0
1392,0
6803,0
3187,0
0,8706
0,1562
0,6092
0,8106
0,8343
0,8146
931,4814
7008,0
0,1660
0,2084
3162,0
103,0
6762,0
0,3566
0,9725
1413,3236
0,2737
4798,0
0,3971
0,5377
2315,3458
0,3247
8272,532
3446,6946
2193,0
9030,0
3444,9134
2177,207
629,8715
3774,5279
0,5187
0,6871
0,3314
6993,0
7286,0
2132,0
0,5656
2848,0
6188,0
0,8382
8981,0
0,2426
2064,0
0,2694
0,6407
7973,0
1595,0
9944,0
9804,6938
6275,7091
2160,0
0,840
0,9540
7794,0
5835,0
8635,4817
4624,0
7243,6689
0,9877
0,2922
0,7357
5994,0
3847,0
7400,0
2877,3676
744,0
2085,0
0,6149
6977,3672
6403,2813
5366,5039
7630,9991
0,4873
6681,0
4750,0
0,1035
0,4620
0,7271
559,6316
924,3437
0,1668
0,2078
0,4353
0,6082
0,4631
8895,0
9670,0
0,7084
1399,0
2788,6149
0,1414
7184,0
6035,6100
6827,6595
0,7751
0,2409
0,8507
4488,0
2860,0
0,887
7347,0
4280,7018
28,0
0,1427
0,6891
7577,0
8305,0
3419,4340
0,246
935,0
7998,0
5689,7418
9475,0
0,2336
0,551
0,241
0,7504
0,4083
0,1362
0,2901
0,3088
6766,6559
7850,185
0,8713
432,1835
0,8431
2803,7681
0,2279
0,1793
4615,0
0,7839
0,6398
0,8253
481,0
0,5993
0,7870
9081,181
0,6932
367,0
0,800
7164,0
0,9968
0,5081
2248,0
6874,6863
3932,0
0,4926
0,47
3180,0
561,0
2092,0
666,0
4158,5096
0,4525
0,3752
5325,7590
1391,0
7559,6711
9638,0
9891,6513
6671,0
5732,1374
0,1350
1422,0
0,1983
0,9542
5959,0
0,117
490,8823
4643,916
2576,0
8507,0
4527,0
679,0
5874,570
0,2545
0,6411
3920,0
0,5342
5074,0
7325,0
4753,0
0,5470
0,5686
4293,0
0,6869
8016,0
0,2543
0,1516
0,7050
0,7389
0,6481
3801,0
0,1562
8859,0
6774,0
0,1528
0,9699
6998,0
5385,1291
920,0
8161,0
7098,0
0,8275
515,0
5325,0
5579,0
9085,0
8438,0
943,0
3413,7718
0,7916
9246,0
0,6244
0,3001
7535,0
0,5697
5684,0
0,7164
0,5212
0,5688
0,934
611,0
315,0
0,1258
0,9025
0,9831
0,8222
0,4557
0,8611
0,2003
0,2548
0,1042
0,2396
8207,0
7608,3562
689,0
4497,0
2325,4813
350,7937
0,6698
6963,0
6530,0
3271,9314
8463,0
7926,0
9742,0
8571,0
4328,0
9839,2535
8209,0
0,8898
0,596
198,0
0,549
0,1481
7247,0
6530,0
0,9802
3092,0
7541,1019
0,7283
0,7063
0,8632
272,0
1168,8481
2012,7267
7380,0
7864,0
81,0
0,3216
0,5376
0,1285
9154,0
0,2247
9788,0
3266,0
5912,7571
0,638
6204,0
5203,0
4097,0
0,1478
0,2504
0,2182
5778,0
5399,0
2562,0
1819,0
6034,2907
3964,0
0,7231
4102,7448
4802,9445
8087,0
0,3290
0,9159
506,0
637,2607
5524,0
0,1302
0,190
0,9443
0,3655
1160,0
6563,0
0,8099
2355,4865
5548,7158
4311,0
8164,0
0,6544
8532,7433
0,9169
0,5088
8864,4831
6391,0
5021,0
5188,0
1884,6348
0,8447
0,9629
6547,0
4494,2095
986,0
5731,0
0,2658
5696,0
91,0
0,131
349,0
4963,6741
492,0
0,5681
0,6853
2029,0
5301,3503
2406,0
7331,6901
3944,0
0,9675
7470,0
0,3166
598,0
0,6479
2556,0
1226,7519
0,1718
0,486
7399,0
7340,0
4192,0
0,6599
4490,264
0,8434
8582,9208
0,6053
0,444
9219,3693
0,7646
0,5425
6422,0
2945,0
3118,0
0,517
0,9767
0,6057
2409,0
0,6899
0,6158
0,1727
5367,3444
7780,0
3888,0
0,6757
4645,2329
2182,1068
3729,5128
3007,6847
0,5434
7365,0
5201,7312
3500,0
192,0
0,3336
0,9844
5063,0
3289,0
6145,0
0,8301
0,4489
0,6118
5557,0
1246,0
0,6824
0,8574
0,9201
0,7767
0,6080
3924,0
9417,0
1167,4481
0,4457
7325,0
1635,0
8371,5570
0,9003
1688,0
0,2934
5782,0
9758,0
0,4025
8984,0
1792,5796
0,5717
7119,0
1957,0
9014,5881
2745,0
5951,4380
3508,0
0,5166
0,1638
0,6690
4573,8165
0,4331
0,4411
0,6931
0,149
0,8562
5866,0
0,7824
0,2109
3706,0
8449,9657
5261,1957
0,5211
7124,7306
0,9508
0,1423
7673,0
0,5621
0,4112
2553,3118
4261,0
0,128
5130,0
0,3266
6886,0
4147,0
1317,9408
0,5298
4620,0
2605,0
3925,6602
2893,0
1862,0
7221,1534
0,9774
0,7021
5056,0
0,186
1109,0
3452,0
6762,0
3331,8080
7008,624
0,1628
5042,0
3098,0
0,5991
568,0
4639,0
0,7399
0,634
4421,0
6967,0
2807,0
0,6259
6073,3436
3860,9405
0,869
0,4895
2498,0
0,5597
4041,0
0,4610
0,6228
2399,0
3628,0
4528,0
0,1496
9620,0
9573,0
0,5647
9731,0
0,1248
6380,0
0,8878
0,7023
4476,0
0,6065
8807,0
2293,0
0,5922
0,6823
0,3755
0,3591
9147,0
0,798
0,9617
6310,0
866,0
3676,7010
1570,0
4034,0
8029,0
2111,6836
2921,4404
0,5216
326,0
0,4298
0,359
7890,0
8253,0
2917,1793
0,9227
387,0
1918,0
0,3488
0,9305
9534,5924
3827,0
2761,0
6050,0
0,6377
21,4005
0,2993
0,8565
5111,2618
0,8029
0,3736
7256,0
1997,0
8862,0
0,6758
0,2197
2682,0
3843,0
0,9893
0,9118
6270,6271
3124,0
9265,0
0,4377
0,1854
2406,0
5591,9662
9318,0
0,8181
4858,0
4939,0
3698,0
1837,0
0,8989
7435,0
8108,0
5588,0
653,0
8721,0
0,8828
0,1636
3347,0
0,2666
0,136
847,0
1637,0
0,5336
3408,9330
2878,0
8320,0
0,6428
0,1379
0,4674
0,6381
0,5463
5210,8859
0,8558
2470,0
1224,0
8536,2072
9730,0
0,7224
5510,0
6554,8389
0,4875
8703,0
1303,0
0,8963
7398,0
0,8237
0,556
0,3709
9114,0
2108,0
3239,644
0,2970
0,270
0,6328
1537,6749
0,9280
0,3420
2814,0
6145,7728
1891,0
8874,0
0,5483
7793,8879
9192,6908
8447,1301
7247,0
1945,0
4657,0
0,4852
9092,1466
1602,0
747,0
0,3562
0,3376
1290,0
0,164
5284,0
5648,0
7580,4841
0,6028
0,7233
0,8088
0,2373
0,6820
0,9943
0,8829
0,9034
2055,0
0,8210
4360,3887
0,1280
4051,1541
0,9700
0,7563
4541,0
3591,0
1839,0
8772,0
0,9624
5552,908
0,3839
9737,3321
2873,1793
0,5470
0,8666
9357,0
0,3409
7802,9929
3109,0
7492,7651
7027,0
8336,8867
2391,0
7598,6073
0,3150
0,6300
0,6719
0,9863
8512,0
0,8516
0,4691
0,2542
8101,0
0,1210
5003,0
8862,0
0,7198
0,3440
4307,0
9513,0
1647,0
7340,0
0,6963
0,1727
0,3835
0,3488
8526,0
0,6628
0,8503
0,2606
8468,0
4637,0
0,5535
2957,0
4032,2471
9247,0
0,6588
4316,0
0,2817
0,4444
6652,0
7932,0
9175,3963
0,6779
0,9646
0,935
6348,0
0,248
9559,0
0,3592
0,7703
9271,4848
0,3588
7030,7843
6406,0
0,3059
5093,0
8239,0
4183,0
1048,6650
9694,434
0,6042
0,8037
6290,0
1447,0
7610,0
2450,0
0,6741
0,9208
4585,0
0,6872
9936,0
7092,0
9511,0
8222,0
0,7916
993,0
3959,0
0,250
0,4997
4997,0
0,7447
0,4504
0,4432
0,8774
0,3862
5647,0
0,2740
0,8615
4016,7644
9174,0
5561,167
7455,0
0,1005
0,5088
6002,0
0,8329
2215,6130
2834,6403
562,0
5178,0
409,825
0,9514
3565,0
8129,0
0,7304
0,5747
0,6980
5267,0
7985,0
0,3988
9806,348
2318,2021
6478,0
8425,7041
1700,0
8914,0
4429,0
1624,0
0,9754
5576,0
7058,5101
0,4530
2081,0
0,67
814,5801
4056,0
6149,6375
0,2627
1528,1068
0,3228
4672,0
0,9101
616,6964
7095,0
0,2671
0,3776
7772,0
0,9854
6235,0
9922,0
0,3978
0,7878
354,0
506,0
1382,175
5110,0
0,450
0,9376
7414,0
4567,0
0,4520
0,2696
4980,6216
0,1215
0,2473
8265,0
0,5937
0,6806
6251,0
0,7634
2435,0
0,1195
4249,0
0,1664
0,5139
5797,0
9659,0
8715,0
9923,1266
5855,2068
3739,0
0,191
58,0
0,6310
9955,5686
0,2391
0,7633
3586,3735
6478,0
5399,0
0,1196
3595,8957
0,2311
3597,0
0,9452
6895,7317
0,2838
0,3632
534,0
0,489
193,0
0,9679
1521,6468
3414,8000
0,8814
5575,9924
11,0
8881,4915
1482,0
0,5060
1931,6638
0,5504
9476,0
9137,0
0,9080
0,4589
0,3382
0,4489
0,7683
2489,477
6498,0
401,0
7236,0
1425,8718
1761,1168
3779,0
0,6158
0,7283
6046,0
7294,0
7415,0
5031,0
0,9300
4872,0
0,7361
1505,0
5426,0
9993,0
1190,0
1381,2951
0,5160
6644,0
1318,0
7677,7365
0,4971
0,1591
2767,0
1974,0
2139,0
0,9124
4208,0
2607,0
8386,0
2297,9576
4019,0
0,6606
8839,0
7000,158
5014,0
7523,9191
0,5331
783,2417
0,2758
0,309
9605,1335
9434,0
0,2041
0,6200
0,5746
5776,0
0,8305
0,8263
7478,0
8421,0
0,5945
0,6597
1276,2468
0,9446
0,5376
9756,0
0,9191
8646,0
1232,2095
726,0
7841,0
0,7266
4808,9805
5530,0
0,3952
0,9023
0,6464
0,1174
0,4636
0,4159
0,378
8992,0
0,7639
0,801
9734,1976
6676,7576
0,1213
4843,3287
1019,0
5573,3094
4325,0
2117,4223
6817,0
0,5749
2374,0
9909,0
0,8901
0,5966
6541,0
6768,0
2339,0
0,818
4658,0
0,5677
9069,0
0,3395
0,889
7619,0
8628,3017
0,1003
9036,0
0,5434
0,2503
1400,0
2865,0
4227,0
1613,0
0,6271
6776,129
1949,5846
0,721
0,9842
1610,6861
6691,0
9878,0
0,8915
1800,0
4349,3211
7137,5749
0,3
3918,0
0,5532
0,1231
0,248
1361,3753
6094,0
4474,0
1012,0
2197,7704
6324,2076
0,7567
0,8796
2201,5340
0,9338
0,3171
9341,5009
0,4549
0,2034
5781,0
2283,0
0,8378
8313,0
0,9326
6657,0
7030,0
7989,4026
0,8981
2823,0
4321,0
0,5412
8003,1429
421,0
0,962
8601,1761
3307,0
8904,0
0,7218
9977,0
6544,6634
8891,0
9615,6881
0,164
5862,425
2914,184
0,5002
5597,3260
0,6018
9826,0
0,8428
0,288
0,3077
9694,0
295,9671
1554,6839
6306,446
0,5922
7328,8016
6086,0
0,9000
3375,3698
4002,0
6958,0
4991,0
0,1972
0,7018
2261,0
0,1955
0,391
1627,0
0,7933
0,7645
3855,0
0,9942
5623,0
0,8999
0,2945
7972,0
3380,0
0,6226
4936,0
0,7198
0,3341
0,4386
3733,0
0,964
8714,0
0,2570
6580,4272
2512,0
0,1455
1203,6176
4401,0
936,7782
2140,0
4008,0
9239,0
4274,523
596,3428
4910,0
4209,3954
5293,0
8102,0
5494,0
0,8007
0,6551
9462,0
0,3864
0,3664
1646,9407
6146,0
6484,0
2909,0
0,3505
4187,0
7834,8397
4774,3128
1321,0
0,6815
0,5208
4823,0
1759,4285
2538,0
0,9806
8152,0
0,4298
5451,5698
9684,0
6457,5594
0,645
6414,9701
9042,0
2830,0
0,9862
0,1624
0,2003
6071,0
0,8609
0,4439
0,9469
4235,0
3768,0
0,3452
8048,0
9046,9914
431,5460
9616,0
6648,2446
9838,0
0,7018
2337,0
9021,0
4209,0
7018,5526
9750,0
0,3985
0,8764
0,6393
0,1720
6179,0
0,6611
6725,0
6085,0
0,5924
0,6007
0,6425
3386,0
0,7596
7275,1852
3123,7025
7288,0
0,353
0,4683
6747,9101
6404,0
366,0
9538,0
9292,5624
465,0
0,4553
8998,4490
978,0
6455,0
0,3731
7665,0
0,4953
0,1768
0,8108
6452,2053
0,2857
0,7577
897,0
0,190
0,5133
3182,0
9686,0
6181,0
4566,0
6477,4548
6369,0
7653,0
9095,0
0,4402
0,5347
0,4197
8204,1436
1774,9102
5954,0
0,6097
1576,0
0,1263
4655,0
1928,0
6608,8405
3770,0
0,1424
103,0
301,0
0,7288
4346,0
1485,0
0,3259
0,9893
9702,945
5991,0
3420,3780
0,8076
7750,0
7299,0
2876,1070
0,5425
2494,0
7069,2796
0,3115
84,0
0,1569
0,9556
4829,4989
9450,0
5934,0
0,9355
9221,8352
7432,6972
0,4732
1332,0
0,8669
0,8296
0,8194
1092,2549
1309,0
0,6928
2746,0
6484,0
1661,5935
2107,7596
0,7917
6951,0
0,4384
7571,0
0,8903
4792,0
7572,0
3215,0
4111,0
0,5421
5485,0
2349,0
0,8834
5807,0
4769,0
0,6146
5832,0
6744,0
0,4315
1195,5949
3219,0
868,791
1905,0
0,6017
8392,0
0,3877
0,3789
0,6515
2623,0
4417,0
5831,9914
3540,1663
2364,0
0,9197
0,4961
0,7820
0,6016
8611,2855
100,3086
8873,8492
3792,0
2369,0
4102,4478
583,0
0,5001
4119,0
0,7660
9890,0
7945,0
0,2546
0,1625
366,0
0,8978
2423,0
2064,0
6234,0
1610,0
9925,5712
0,509
2438,5478
5510,0
0,426
0,3595
0,2163
7252,0
4710,5870
0,5076
5439,0
0,7862
0,6118
0,7426
0,770
6030,0
6483,0
2409,8921
0,7920
0,8297
8346,0
1893,0
1862,0
235,6572
5016,6044
1649,455
0,5703
8318,0
0,7479
8114,0
8249,4145
0,4732
0,8108
3654,0
0,9135
0,4374
8833,8042
426,0
7187,0
7269,0
0,8918
2660,0
4622,979
6891,0
8458,0
242,0
0,5940
1440,0
0,5095
0,77
0,6411
4452,3064
4453,4879
0,1641
0,1030
0,2249
9949,0
0,4572
0,5344
1016,0
0,1258
2651,0
7199,0
1912,0
0,2175
1326,0
0,5778
6483,0
657,244
0,6199
0,8528
8449,0
5035,0
0,2520
0,6813
8464,0
0,1115
2098,0
0,4011
6521,0
0,7847
7814,4774
3626,4297
7814,0
0,2497
483,0
1026,8933
7043,6061
0,2840
8582,8083
9654,7046
680,0
8162,0
0,3370
6790,9520
0,2978
7368,0
7752,0
0,5567
0,4421
0,5762
0,9090
4695,0
0,532
0,3734
0,9776
781,0
0,8943
2075,0
0,8866
23,81
1844,0
5663,0
8385,0
5163,3663
0,3228
9426,0
2319,0
7486,0
4654,7609
0,3269
7386,1987
0,4890
930,0
5393,0
3508,0
3326,5352
0,8990
4949,0
4532,113
4857,0
0,4283
4701,5661
8405,2188
3132,3059
9798,0
6329,7185
0,8895
2075,0
3536,0
0,7044
2885,0
2397,5693
2818,0
0,7351
0,1744
0,802
6028,6550
6463,0
8738,9596
0,8536
3934,0
5721,260
0,7797
0,6253
0,8019
0,8152
0,5695
0,4666
3042,0
2018,0
2478,0
1304,0
416,0
0,9155
0,432
0,1298
4254,3413
1559,6971
0,9076
3224,0
0,6522
4628,8944
2217,8474
0,5260
0,5629
5762,0
9496,0
192,0
0,3132
0,2198
3564,0
3496,0
173,0
4790,0
4133,0
0,1229
4537,0
0,6755
963,3784
2015,0
9414,0
1857,0
4844,0
8823,9678
5182,0
1876,0
4652,5373
6565,4825
430,1356
6209,4563
9371,0
5793,3908
6558,0
0,7521
9752,0
0,9166
457,9550
8076,0
1600,0
0,6782
4792,6856
0,9444
2230,0
4269,2660
0,478
7224,0
4547,0
6731,0
0,7395
8627,0
74,0
7903,0
5870,0
5833,7470
0,813
4253,0
0,9782
7117,0
1878,0
2560,5329
0,9785
8152,0
2802,0
0,1788
2278,6146
0,2353
0,8429
0,8336
4410,0
5807,7291
9532,0
0,7202
9843,0
0,1721
3467,9663
7051,5332
9449,0
1745,0
87,0
4040,0
5410,0
4719,0
0,7604
0,7405
6323,0
4697,0
0,9661
3058,0
0,162
3647,0
9825,0
543,0
5902,0
1526,0
1553,0
0,6964
0,3074
4841,0
679,0
0,7003
3075,0
2859,0
0,5918
7082,0
6080,0
0,5906
0,2388
0,7331
0,6708
3320,0
0,1676
0,2408
4751,8037
0,5430
9091,0
2434,0
1302,0
0,6195
1212,0
2830,0
5137,4676
3200,0
0,8381
0,1743
5090,7217
0,7366
0,1170
0,3645
9208,5311
9076,0
1382,0
466,0
0,7791
8880,0
2198,0
0,7335
0,8511
3900,0
6893,0
5194,0
0,3169
0,3910
0,9124
0,3548
0,6632
1848,0
8142,0
8503,0
105,0
2964,0
0,8275
9639,0
6786,0
8932,3680
0,4127
5663,6353
7297,0
0,1637
0,7819
5186,8574
4451,0
4392,2594
9349,2895
7541,0
0,506
1759,9373
8781,0
4854,0
4938,0
0,6275
7914,0
2629,0
9926,0
6849,0
713,0
2639,0
0,7031
7760,0
9927,0
0,206
0,9633
9580,0
1031,0
0,5969
8221,0
2245,0
0,4875
1347,0
7768,8196
8312,0
0,951
3647,0
0,1408
7721,0
6709,0
8116,2518
0,7697
7108,0
0,7267
2229,353
0,4475
6489,995
9350,7837
0,7119
6034,3555
5601,0
0,9249
0,2489
657,3289
399,7367
8885,0
9885,0
0,6994
0,8345
0,2604
8699,0
7079,0
0,6429
0,7175
0,9060
0,9150
5326,5237
8400,0
7727,0
0,8127
6425,3070
0,6311
7184,0
3305,0
0,7566
163,9903
0,7242
0,435
0,8118
7611,0
7178,0
0,2504
3580,0
3400,1307
0,7585
9435,0
0,6079
0,7841
0,9872
0,141
7439,0
45,0
0,5137
6377,6479
3255,0
0,433
2331,0
0,5911
4843,0
7219,0
0,6654
8929,0
0,5496
2423,1671
5369,7824
1813,0
0,1858
0,6195
0,5129
2674,0
9118,0
685,0
6446,3623
0,1290
0,4580
9964,0
1235,0
8469,0
4390,893
5641,0
0,7454
2569,0
9313,1320
0,6309
0,976
6561,0
7351,0
7016,0
869,0
5089,832
0,5053
0,193
3947,0
0,8338
0,9804
8098,0
7259,0
4906,6573
1988,3209
0,8437
0,9444
4005,0
6690,1022
5336,7560
0,425
0,4358
5478,0
4552,0
0,8715
7764,385
8519,5863
0,5778
6531,8093
0,8520
1302,0
0,5488
4679,0
7026,1369
1985,0
8930,7385
0,7324
0,8267
0,6296
7694,0
0,5458
7126,3531
0,312
9310,7854
8405,0
0,9708
0,3332
5197,1576
4295,0
0,6280
4587,0
0,7375
9200,5411
5643,0
1707,3337
0,6719
0,3505
0,118
3818,9561
7973,0
1224,4347
0,8121
7679,0
9697,0
9353,0
8255,3940
4520,0
1316,0
0,6959
0,9040
297,9738
5760,9093
0,6012
9212,7061
5574,7185
0,6798
1533,0
4919,0
0,4616
1187,0
7259,0
0,1779
1364,0
5500,0
9918,0
7738,0
8597,0
9309,0
9511,0
8902,5085
0,8188
1883,0
0,6802
0,7754
1419,0
5456,0
0,7098
0,8446
56,0
0,9974
4818,0
0,3416
0,9499
5257,7893
8020,0
2979,0
0,4862
0,1755
1665,7421
0,3084
5061,0
0,2143
2065,0
590,2121
8180,0
2096,2998
2617,2286
6414,999
0,1672
0,9806
5832,0
3534,8181
0,4503
0,8400
0,9448
0,6985
4415,3248
9129,0
0,9719
8602,0
0,698
0,72
0,3063
1071,0
4736,9964
4578,0
0,8113
8750,0
0,8688
6973,4541
0,8458
1526,2551
1707,0
9032,7177
376,0
0,7831
8333,7477
0,1318
540,0
0,5277
0,668
5845,0
0,4596
0,1398
0,6322
0,1421
0,7466
0,6488
8122,0
0,8499
639,0
6330,8972
1971,4233
291,2512
3208,6381
7789,0
7050,0
2924,0
8231,2273
7230,1516
8596,3169
0,3377
0,6911
0,8757
0,3531
7257,0
0,3587
0,9997
7820,0
2509,1028
0,298
3176,0
0,6101
0,2166
0,6315
0,6971
9484,0
348,0
3532,214
0,3449
0,6135
0,1772
0,3534
1770,7542
0,4280
0,9557
4578,0
0,8513
0,1896
0,6225
8211,4361
3196,7696
982,0
7816,0
3760,6694
0,7507
0,1969
0,2552
0,1050
95,8859
0,8666
0,9909
0,1227
8422,8265
0,9101
0,1335
3463,0
0,4446
0,6848
8961,0
3543,6925
2501,6373
8895,0
0,4399
2831,0
0,8161
7687,1675
8071,8102
2903,0
6367,0
0,857
7362,9059
8545,0
0,9778
3243,0
0,6786
9393,7273
3159,0
0,2084
2688,0
0,5947
0,8792
0,8119
6894,0
0,3262
0,208
4120,0
9267,2665
311,2773
2443,0
0,7216
340,0
4489,3499
2922,0
5584,5610
5430,0
1557,5478
5482,0
0,2377
0,8211
5639,0
8419,0
0,7687
0,488
460,4868
4042,0
2085,4383
0,6574
0,3256
118,0
0,5548
0,425
1027,0
0,4625
0,9313
2836,0
5575,0
0,5752
0,5840
6241,0
0,284
5106,0
4667,5440
9369,0
0,9487
0,7565
5036,6175
7990,6064
0,7597
0,9831
0,3525
3487,2486
4781,0
0,3725
0,4480
3130,3452
0,8236
0,9433
0,5616
0,2375
5104,0
9940,141
0,7931
0,5993
5528,6895
5825,0
421,0
4926,0
0,3165
0,8958
7646,2059
2411,2411
296,8659
1845,0
4276,0
6348,0
1832,6289
9522,0
4220,5728
2005,0
0,7830
2189,0
7143,0
8248,0
281,0
2317,0
9236,4728
0,9533
3387,2184
0,7663
6014,9855
0,7847
6145,0
3859,0
0,5864
0,4919
3695,0
7965,0
9421,6213
4197,9702
0,6514
0,2627
1243,0
0,4631
0,5667
2295,6169
5523,0
4017,1669
5907,0
2035,0
3741,0
0,7437
4457,0
8276,0
7301,0
0,692
8988,1211
3320,0
0,5480
0,9335
1148,0
5504,0
0,9521
8341,2404
7398,377
607,0
0,3730
8577,0
4818,0
864,2120
9327,0
2813,0
0,6133
0,4837
0,3409
4172,2762
0,9677
0,7064
0,7776
9469,0
0,76
7737,0
0,6315
7668,0
0,8533
0,2497
0,3560
0,8636
0,9360
3474,1307
0,7647
4069,0
7324,3504
0,6523
1281,0
3121,9435
9948,0
0,3755
7174,0
2382,0
6320,0
2841,9300
6689,0
0,6382
0,1411
0,5786
9058,0
9123,6383
5263,0
0,6545
9397,6027
5980,9346
6886,0
0,4061
3884,0
0,205
8613,0
0,5302
0,7442
0,3917
0,9374
9703,7912
0,8827
4295,0
8353,7201
2943,0
0,8923
0,116
5021,0
4177,0
5684,0
9111,0
0,8616
9601,0
0,1286
650,0
0,354
0,1794
0,7119
0,7535
0,1135
5287,7551
58,0
0,5080
2585,0
3986,0
429,0
2568,0
0,2169
2992,0
0,3643
2687,0
3997,5511
5912,3179
0,4104
714,0
5240,0
0,5298
0,2172
0,973
4018,0
0,4448
0,1812
708,0
0,3700
0,7438
7343,0
1556,0
0,7468
0,7785
0,5235
4738,0
0,9243
2111,9625
1416,2491
0,5435
0,9843
9883,0
1656,0
3503,5638
4291,458
3077,1635
0,4634
0,5254
0,7497
3039,3674
2732,0
487,3970
7021,2599
3596,0
0,4195
0,1948
0,3756
0,5695
4347,0
1334,0
0,4412
275,0
0,3251
5587,1148
0,8626
0,3481
0,5310
7452,0
7909,0
1864,0
0,5737
0,9283
0,1218
4978,0
992,6312
2480,0
0,2755
1558,0
6007,0
918,6756
0,5741
238,2177
1052,7690
0,8961
0,7468
1961,0
3205,0
3266,0
8129,0
6540,0
4557,9021
347,0
1776,0
5052,0
9050,0
0,4822
1712,0
7000,0
2470,0
1726,0
0,3688
5193,0
598,0
0,8727
0,2518
7849,1261
1539,8196
6543,3316
102,1595
1101,0
0,5642
0,9278
0,975
2043,0
3579,0
4103,0
7458,9297
0,8057
7756,0
6785,4461
5427,0
5722,0
0,2265
284,2934
0,1385
0,1426
0,6062
705,0
7038,0
0,617
0,4447
4270,3978
0,1201
2035,0
4110,0
0,9537
0,1685
0,6289
0,6789
0,7812
0,1311
0,5203
7373,9944
0,4411
0,2997
5029,0
7445,0
3190,0
501,0
2691,0
4048,8654
4148,7505
0,654
0,4290
7443,0
2103,0
4329,1342
0,1703
0,3475
0,3980
6473,0
3192,3918
0,6383
0,945
0,7799
5556,5658
0,9705
0,6793
360,6958
1084,0
0,3187
3422,4307
0,4244
0,5816
0,2126
0,4193
3271,2989
8112,0
9373,0
0,983
1020,218
0,7474
9924,0
4268,285
0,5353
0,6742
8540,0
1049,3070
0,7060
8887,3476
9186,0
0,2457
1674,0
0,1047
0,835
2031,0
0,8673
7500,0
8479,0
1264,0
0,9353
0,5662
0,3035
8733,0
96,7621
0,9282
0,7769
1740,0
3552,7914
0,2556
8750,1057
2581,9805
9730,0
0,8210
1850,2049
3454,0
0,5440
4634,0
0,3368
8889,8572
989,0
0,7294
6757,0
5274,0
7510,4300
0,6261
0,5447
6066,0
5529,0
0,7379
0,6754
6351,0
0,986
2571,0
0,1461
9243,0
0,7098
2639,0
0,7913
7516,0
2213,0
0,7572
5830,6533
0,1359
0,5962
8738,0
0,5089
0,4910
6076,0
0,430
6623,4825
5775,0
0,8414
0,8618
0,1797
2824,0
0,3291
0,8010
9825,0
9369,3210
4737,0
5496,7454
3197,0
2364,9273
0,7946
0,9871
2771,5479
0,4695
3893,0
0,220
3022,6139
0,5202
0,4875
3212,0
3651,2581
2466,8389
0,7963
5843,0
0,8208
3159,0
6155,2864
9168,0
0,6113
3623,2236
0,6937
2457,0
3077,0
5563,0
6095,8776
1764,9746
1357,0
8136,2046
0,3979
5933,0
2187,9093
7541,0
1957,6709
0,300
2823,0
2537,0
7830,0
523,0
6214,6087
3416,2309
4863,0
2056,6221
0,192
8268,1606
4171,4201
0,6359
3294,0
0,5251
4101,0
0,6924
0,8089
0,695
3084,0
1604,0
0,5020
1607,0
0,3664
0,9613
3856,0
0,8027
7252,0
0,546
0,9089
5798,2562
1061,0
9487,0
9439,6574
4622,0
4184,0
0,7882
1247,0
6443,0
0,1226
0,950
4277,0
8978,1529
0,3365
2076,0
0,7874
4376,0
9225,3864
7444,0
438,2066
0,4622
8293,3010
0,9541
0,8948
990,0
175,2053
4485,0
0,3463
5982,0
0,8058
0,9284
5933,3880
2801,0
7744,245
3823,8182
0,5012
2805,0
8023,5310
148,0
0,1138
0,4434
3191,2485
8887,7527
5949,4869
0,2778
0,4719
2063,0
8599,4865
0,6343
0,7843
4525,0
0,7331
8029,0
0,8178
5343,0
9316,0
1335,2508
5827,222
0,1776
5092,0
4555,0
0,6618
6882,8570
0,902
0,6594
8746,0
0,1602
0,2047
2482,0
225,0
6313,0
0,7648
2050,6995
0,2086
0,2964
0,3328
0,7310
0,7867
5881,0
0,796
8026,0
236,2044
9119,0
0,1601
6420,4317
9426,0
3860,0
382,0
0,8254
7998,0
0,5337
0,2203
0,9639
0,8529
1070,0
0,9096
6356,0
1140,0
0,5232
7077,0
0,6504
0,3411
0,6107
0,4689
4362,0
1053,0
0,744
0,5307
0,7854
0,1454
6694,3163
0,3051
0,1691
8527,9296
6924,5605
2287,0
2109,8012
9886,0
0,9209
0,8482
0,4951
4063,0
5695,0
0,6079
9701,0
0,6396
0,8085
9448,4224
0,7975
0,6702
0,5808
3177,5690
3820,0
4898,7941
2273,0
6423,8804
0,486
7994,0
2334,0
0,2036
0,3058
0,2325
0,7880
6549,0
5856,0
0,9437
5878,0
0,9699
3865,0
7640,6139
8822,4064
4944,0
4551,0
0,6885
5431,0
0,6258
596,7355
8584,0
0,5133
0,1092
5203,0
529,1082
1087,5657
0,4953
0,8423
1092,0
2487,0
0,7038
8976,9090
0,4408
6628,2846
667,0
201,0
8964,5437
4385,0
0,9588
1911,0
671,2998
0,1454
0,8399
0,9044
0,2364
5082,9981
9403,4059
0,3328
0,5700
6174,0
2924,6376
0,1889
0,2771
0,8344
0,5427
0,3032
8426,0
4486,6378
6520,0
0,9426
6728,0
0,6132
0,8480
9460,0
4180,0
2167,0
2011,0
8995,3826
0,2510
2170,5687
0,7574
8719,0
0,3206
2743,0
7570,0
1643,0
8672,0
430,0
9531,0
6268,3712
0,8436
0,7538
0,9812
1364,2316
2323,0
8003,0
1109,0
0,6805
9930,0
9022,0
0,665
1799,6209
1716,0
9446,1248
2121,5715
0,7647
4151,0
5186,0
5590,0
5458,7914
85,3462
0,1194
185,0
7999,0
4174,7021
7616,1712
7687,0
0,9404
1645,0
652,3767
3083,0
1414,0
1390,0
376,0
3151,0
0,3236
0,3073
4430,9482
7877,0
9598,0
9452,7215
3764,7140
0,1687
0,8276
0,7196
2043,0
2809,3458
9373,0
0,9749
1182,0
0,6078
6447,0
9152,0
4363,7029
0,3962
0,2761
1177,0
9902,7808
4534,6446
