1000 2
0,7370
0,4301
7919,0
0,3125
9425,0
0,1830
1818,0
0,4709
1297,0
0,6208
8262,0
0,9435
0,8713
0,4313
4825,0
4357,0
1308,0
0,9227
0,5591
2353,0
0,6033
0,268
4396,0
4978,0
8581,0
0,6843
0,2820
0,2456
1533,0
6770,0
5907,0
7996,0
0,3936
6444,0
0,8797
0,7978
4831,0
0,9228
0,3224
4922,0
0,6825
0,863
0,47
3320,0
2017,0
7538,0
1219,0
0,8818
0,1585
7649,0
383,0
6977,0
0,5224
0,7464
0,9365
0,9807
6190,0
0,5836
8204,0
0,222
4083,0
8147,0
90,0
0,9562
4874,0
0,5258
8912,0
0,8033
763,0
5498,0
0,9887
9019,0
0,9690
0,6249
3682,0
0,7766
7878,0
3069,0
0,7191
0,2782
0,6092
8040,0
1631,0
5908,0
0,1406
1606,0
1293,0
8181,0
316,0
5587,0
7812,0
0,5690
0,4834
3658,0
2026,0
0,988
7281,0
0,8913
0,4770
0,7352
0,2914
5063,0
0,3244
0,3857
7732,0
0,5545
4457,0
1235,0
0,4894
0,6483
0,3090
7471,0
0,6334
0,2424
0,3586
0,7282
0,4840
0,42
8084,0
3900,0
0,1757
0,8418
1380,0
0,5838
0,5275
2321,0
0,9793
6942,0
0,9221
0,7233
2808,0
0,9310
3909,0
0,1994
0,3253
0,4796
0,9174
0,6391
0,2768
0,9265
8043,0
2842,0
4345,0
0,473
9006,0
7707,0
0,2224
0,5546
0,477
0,2330
3731,0
7126,0
4527,0
0,6300
0,7364
0,1152
1915,0
7562,0
0,839
6734,0
3407,0
9015,0
0,140
592,0
0,8132
0,4350
3485,0
3092,0
7958,0
4312,0
0,9878
0,7506
8287,0
3767,0
620,0
3681,0
0,2696
9073,0
2837,0
0,3456
0,263
0,1283
0,898
0,5839
0,3608
6906,0
0,9124
2222,0
0,5989
8255,0
6491,0
3553,0
4633,0
0,7470
0,2817
926,0
3081,0
1373,0
0,669
0,8758
0,3708
0,7765
0,5696
0,1739
1686,0
1265,0
9732,0
0,4365
0,2658
1835,0
5476,0
0,8557
1496,0
9520,0
1869,0
9886,0
0,3360
0,2865
9057,0
4605,0
1248,0
8922,0
689,0
0,8135
0,7182
0,6670
0,7699
5228,0
0,4748
0,769
0,2456
6916,0
5817,0
3969,0
4282,0
5618,0
0,4540
0,5134
3076,0
3270,0
9041,0
940,0
8842,0
427,0
917,0
8512,0
5453,0
0,1270
0,7063
0,541
5638,0
0,83
0,2586
5218,0
4445,0
0,3487
9631,0
0,8474
761,0
6217,0
0,4730
3669,0
159,0
2622,0
3826,0
6959,0
532,0
9548,0
5619,0
0,65
3256,0
3552,0
0,6025
0,5224
0,7581
0,4824
2311,0
6176,0
0,8798
8888,0
0,5848
0,8099
8881,0
4936,0
0,1156
4566,0
0,8118
0,5490
0,2452
0,3070
34,0
7895,0
0,4071
0,5527
0,3704
0,437
9553,0
8536,0
7494,0
2935,0
4629,0
0,5656
0,1729
1146,0
0,1861
0,4215
0,729
6561,0
4801,0
0,7671
0,9890
0,4635
0,6645
0,4704
0,6006
7143,0
3508,0
0,9128
0,1550
8893,0
3412,0
0,2892
2457,0
565,0
0,3765
0,931
3656,0
0,865
9683,0
0,9801
4644,0
0,8153
495,0
0,7
6503,0
0,9916
7902,0
2808,0
6082,0
7618,0
0,2548
2862,0
5586,0
1660,0
7067,0
0,1712
9942,0
0,437
4574,0
444,0
0,4145
994,0
0,3803
1586,0
7177,0
0,4316
0,6632
0,7339
5062,0
2609,0
0,7681
0,3945
0,3708
4382,0
856,0
2954,0
8973,0
0,4729
0,6993
0,4929
6197,0
0,7950
6972,0
0,2035
0,7899
4165,0
5580,0
9078,0
1717,0
4758,0
8287,0
0,7261
0,2161
1990,0
0,8559
4344,0
0,3590
0,5871
0,8592
7906,0
0,2072
0,2071
80,0
4953,0
6750,0
4372,0
0,1126
2299,0
3288,0
0,2442
0,2847
7794,0
6438,0
7622,0
9689,0
0,6180
7601,0
8252,0
0,3205
0,7719
2918,0
0,343
4979,0
9432,0
0,7935
709,0
0,8503
3950,0
9600,0
1609,0
0,5075
0,4702
2754,0
0,3722
6928,0
1442,0
5716,0
0,695
0,9623
8962,0
0,9672
0,8341
0,4759
5563,0
0,7172
0,3433
2248,0
0,5002
6261,0
0,3190
2384,0
0,8101
0,3228
0,3627
0,7760
2236,0
7432,0
8752,0
7804,0
0,4136
1488,0
7569,0
2991,0
8739,0
6225,0
0,8609
0,5480
0,1999
8708,0
0,1560
0,7864
0,701
909,0
0,8714
5039,0
0,6528
0,421
265,0
6126,0
0,2351
6468,0
0,4099
0,7673
6099,0
3181,0
0,6449
0,2558
0,501
0,3460
0,8321
3157,0
4849,0
0,5114
6448,0
0,8843
0,586
0,1930
4686,0
9603,0
0,2784
2514,0
0,2106
6172,0
0,9454
0,1825
0,3003
0,2624
0,6383
0,2758
0,1857
1601,0
0,5282
0,7131
0,7500
0,2307
285,0
5920,0
2539,0
0,5148
1546,0
6973,0
0,866
0,5064
0,9685
0,2249
0,9424
8217,0
0,6114
0,3988
3615,0
0,3900
9471,0
0,2011
4309,0
0,5855
5075,0
0,3829
4999,0
0,2249
0,6717
0,8354
0,2715
0,849
8830,0
4837,0
2500,0
0,1972
3349,0
3983,0
0,1142
0,4166
0,8692
0,274
0,6889
2523,0
0,7022
982,0
0,3324
0,8568
6786,0
1014,0
6569,0
0,9919
7127,0
7578,0
6386,0
384,0
9785,0
0,5602
0,4460
0,8877
1482,0
0,1220
0,9224
0,9324
4660,0
0,1229
8165,0
0,5292
5116,0
1511,0
9819,0
0,9604
276,0
5207,0
0,3438
0,1043
2651,0
0,5188
2276,0
4512,0
2857,0
8166,0
0,9314
0,8113
8041,0
0,7860
9722,0
0,9999
7882,0
5546,0
0,9972
0,8762
3023,0
0,5300
0,8463
0,5663
0,403
0,4584
9718,0
2698,0
827,0
0,550
0,3086
0,2979
0,6096
423,0
6068,0
633,0
9663,0
4392,0
3048,0
8132,0
0,4819
9221,0
7820,0
0,8648
4234,0
0,9330
0,9747
0,8978
0,2733
849,0
1644,0
0,1308
0,5396
3777,0
2027,0
3752,0
6729,0
5813,0
0,325
0,9127
0,2396
0,3677
2144,0
0,7988
3500,0
9900,0
4990,0
6453,0
6301,0
175,0
2141,0
7389,0
6902,0
0,1795
3528,0
922,0
0,9380
0,1160
0,321
9149,0
0,9049
0,8818
0,5248
0,6256
5479,0
0,7621
0,1974
6492,0
0,9914
2678,0
0,3600
0,5549
2981,0
0,3129
0,5859
6778,0
0,5573
3327,0
0,3204
1119,0
0,5704
0,7237
0,415
8120,0
329,0
0,6862
4399,0
0,7380
4615,0
509,0
4983,0
9804,0
0,3131
4756,0
0,5876
9984,0
1580,0
6830,0
4321,0
2116,0
0,3679
0,149
0,3926
0,2550
0,8039
0,8033
0,7650
7926,0
782,0
1872,0
8558,0
0,139
5763,0
0,84
8493,0
0,4243
5194,0
0,3129
176,0
5680,0
0,3526
0,5289
0,9186
0,1960
1868,0
0,427
7208,0
0,2972
9332,0
0,7825
0,7792
2068,0
4042,0
0,4218
0,5485
0,8344
0,8704
0,190
0,7113
2150,0
2465,0
0,9674
7019,0
2647,0
720,0
4177,0
0,6246
0,7539
2707,0
0,1090
0,9202
9435,0
0,3069
3370,0
183,0
5559,0
0,5746
0,3768
6501,0
120,0
0,4297
9423,0
0,8300
1712,0
0,3470
0,1150
0,3777
0,581
0,7701
0,7030
0,1939
9680,0
0,2004
0,4187
6976,0
0,7652
0,832
0,8701
0,3537
0,6115
7008,0
7265,0
0,1596
0,6920
0,6642
3951,0
0,3631
0,6267
0,6229
0,2612
0,1863
0,8247
0,2090
6948,0
0,8902
0,2636
5197,0
2318,0
0,2580
2190,0
9223,0
8622,0
9772,0
4071,0
7341,0
0,7431
6390,0
5679,0
0,2628
0,6005
0,8859
0,6727
0,960
0,874
0,4187
0,2764
0,5599
568,0
0,4640
5510,0
9167,0
0,5557
1819,0
4644,0
0,5559
8203,0
0,6846
8050,0
7806,0
9363,0
4236,0
4112,0
0,4680
0,8652
9321,0
2706,0
3709,0
4046,0
0,8690
0,1149
0,5930
2472,0
0,523
7157,0
0,6520
1931,0
0,6043
0,4802
0,4039
3454,0
0,6161
0,7926
353,0
3456,0
1271,0
2859,0
0,5331
4191,0
0,1349
475,0
0,2406
0,731
0,606
5534,0
4645,0
0,8862
0,7753
0,5503
0,244
7213,0
0,72
7127,0
5404,0
0,1259
2667,0
0,537
0,8920
1269,0
9527,0
0,4173
0,8158
3035,0
0,9823
6446,0
67,0
7852,0
3732,0
0,9136
0,8472
0,8966
0,8082
9504,0
7003,0
8461,0
0,7400
704,0
0,3739
4313,0
3563,0
7717,0
4419,0
5127,0
0,5165
0,6849
0,7684
5816,0
5767,0
0,2771
0,8176
0,3673
0,6
7043,0
0,1357
2605,0
0,323
940,0
0,6067
4688,0
0,1977
3294,0
9662,0
5888,0
0,5603
0,527
3779,0
0,9356
0,1245
0,1254
2602,0
0,4720
0,9504
0,9313
0,5946
0,6804
0,9051
0,7585
0,7563
0,2594
3167,0
3122,0
0,7323
6303,0
8569,0
0,1171
0,6046
0,3310
5551,0
0,1123
0,8381
7927,0
7433,0
0,5595
0,1619
8190,0
0,1313
0,1553
0,3584
0,7206
379,0
8377,0
0,4269
0,6861
1418,0
0,4514
4587,0
5533,0
5515,0
0,2682
5757,0
3016,0
7120,0
0,5757
0,7928
0,4262
0,1341
0,4502
0,8114
1363,0
0,9347
1544,0
0,7077
0,775
0,8545
0,6972
0,6473
0,1473
6771,0
7230,0
0,194
4916,0
0,9449
0,7147
7564,0
0,1884
0,5721
792,0
2799,0
0,4014
0,1539
987,0
0,6552
0,4784
0,3324
0,5905
3518,0
2738,0
9804,0
