nohup: ignoring input
connected
connected
connected
connected
connected
connected
connected
connected
connected
connected
connected
connected
connected
connected
connected
connected
connected
connected
connected
connected
connected
connected
connected
connected
connected
connected
connected
connected
connected
connected
connected
connected
Party: CS_1
./data/data3/size=1000/rate=20/small_correlate.txt
connected
connected
connected
connected
connected
connected
connected
connected
connected
connected
connected
connected
connected
connected
connected
connected
connected
connected
connected
connected
connected
connected
connected
connected
connected
connected
connected
connected
connected
connected
connected
connected
Party: CS_2
./data/data3/size=1000/rate=20/small_correlate.txt
8
0-itr:	
q: 0	0	0	
CS_1 Dim
8
0-itr:	
q: 0	0	0	
CS_2 Dim
Query Time	[31m0.367921 s[0m
len:1, num:999000
[0,0,547];
+++
Query Time	[31m0.361484 s[0m
len:1, num:999000
[0,0,547];
+++
process Time	[31m0.29359 s[0m
process Time	[31m0.331889 s[0m
500th:130.626 s
500th:130.594 s
100th:719.939 s
100th:719.94 s
600th:17.2389 s
600th:17.2388 s
700th:54.7467 s
700th:54.7467 s
300th:547.801 s
300th:547.803 s
200th:85.8681 s
200th:85.8682 s
800th:746.498 s
800th:746.495 s
400th:531.478 s
400th:531.479 s
900th:10.6935 s
900th:10.6953 s
Query Time	[31m3207.35 s[0m
Query Time	[31m3207.38 s[0m
len:114, num:998983
len:114, num:998984
[0,0,1784];[0,3569,0];[0,7901,0];[0,2786,0];[3828,0,0];[6125,0,0];[0,0,5389];[0,2388,0];[0,4939,0];[0,0,2703];[4820,0,0];[0,3349,0];[5170,0,0];[7015,0,0];[0,0,8099];[0,0,3275];[0,3051,0];[0,0,3821];[0,3680,0];[0,0,4589];[7553,0,0];[0,0,6398];[0,6081,0];[4787,0,0];[0,0,3298];[6855,0,0];[6570,0,0];[0,7107,0];[0,0,2643];[0,6933,0];[0,0,3757];[4372,0,0];[4471,0,0];[0,1476,0];[0,0,3623];[0,3578,0];[4514,0,0];[0,8591,0];[0,0,3305];[0,0,7132];[0,0,5827];[0,7175,0];[0,6492,0];[0,7911,0];[0,0,547];[0,2336,0];[0,0,6645];[6458,0,0];[0,0,5891];[5680,0,0];[0,4085,0];[2127,0,0];[5881,0,0];[0,5689,0];[3991,0,0];[834,476,637];[0,0,7570];[4359,0,0];[0,8950,0];[4864,0,0];[0,4108,0];[0,0,7459];[0,3396,0];[7568,0,0];[0,1534,0];[0,4993,0];[0,0,4862];[0,5327,0];[0,0,3996];[4410,0,0];[0,0,2322];[0,4809,0];[0,7115,0];[0,0,3414];[0,0,1647];[0,4940,0];[0,0,4044];[5344,0,0];[0,5160,0];[5951,0,0];[0,3624,0];[0,0,6191];[0,0,5003];[0,7185,0];[0,4963,0];[825,0,0];[0,8787,0];[0,7036,0];[0,5320,0];[0,0,6384];[4605,0,0];[391,0,1003];[0,0,2356];[0,0,4361];[8871,0,0];[0,3198,0];[0,0,7624];[0,0,4600];[0,0,3282];[0,2795,0];[4224,0,0];[0,0,3546];[0,0,904];[0,3891,0];[6265,0,0];[0,2846,0];[1984,0,0];[0,0,4301];[0,5104,0];[0,0,4015];[0,5727,0];[0,0,5592];[0,0,3977];[0,0,5021];
CS_2 Communication	[34m136771 MB[0m
[0,0,1784];[0,3569,0];[0,7901,0];[0,2786,0];[3828,0,0];[6125,0,0];[0,0,5389];[0,2388,0];[0,4939,0];[0,0,2703];[4820,0,0];[0,3349,0];[5170,0,0];[7015,0,0];[0,0,8099];[0,0,3275];[0,3051,0];[0,0,3821];[0,3680,0];[0,0,4589];[7553,0,0];[0,0,6398];[0,6081,0];[4787,0,0];[0,0,3298];[6855,0,0];[6570,0,0];[0,7107,0];[0,0,2643];[0,6933,0];[0,0,3757];[4372,0,0];[4471,0,0];[0,1476,0];[0,0,3623];[0,3578,0];[4514,0,0];[0,8591,0];[0,0,3305];[0,0,7132];[0,0,5827];[0,7175,0];[0,6492,0];[0,7911,0];[0,0,547];[0,2336,0];[0,0,6645];[6458,0,0];[0,0,5891];[5680,0,0];[0,4085,0];[2127,0,0];[5881,0,0];[0,5689,0];[3991,0,0];[834,476,637];[0,0,7570];[4359,0,0];[0,8950,0];[4864,0,0];[0,4108,0];[0,0,7459];[0,3396,0];[7568,0,0];[0,1534,0];[0,4993,0];[0,0,4862];[0,5327,0];[0,0,3996];[4410,0,0];[0,0,2322];[0,4809,0];[0,7115,0];[0,0,3414];[0,0,1647];[0,4940,0];[0,0,4044];[5344,0,0];[0,5160,0];[5951,0,0];[0,3624,0];[0,0,6191];[0,0,5003];[0,7185,0];[0,4963,0];[825,0,0];[0,8787,0];[0,7036,0];[0,5320,0];[0,0,6384];[4605,0,0];[391,0,1003];[0,0,2356];[0,0,4361];[8871,0,0];[0,3198,0];[0,0,7624];[0,0,4600];[0,0,3282];[0,2795,0];[4224,0,0];[0,0,3546];[0,0,904];[0,3891,0];[6265,0,0];[0,2846,0];[1984,0,0];[0,0,4301];[0,5104,0];[0,0,4015];[0,5727,0];[0,0,5592];[0,0,3977];[0,0,5021];
CS_1 Communication	[34m35012 MB[0m
1-itr:	
q: 1	0	0	
CS_1 Dim
1-itr:	
q: 1	0	0	
CS_2 Dim
Query Time	[31m0.186692 s[0m
len:1, num:999000
[0,0,547];
+++
Query Time	[31m0.189626 s[0m
len:1, num:999000
[0,0,547];
+++
process Time	[31m0.379147 s[0m
process Time	[31m0.404866 s[0m
500th:115.193 s
500th:115.169 s
100th:649.139 s
100th:649.138 s
600th:8.99832 s
600th:8.99838 s
200th:687.512 s
200th:687.518 s
700th:115.859 s
700th:115.855 s
800th:625.814 s
800th:625.811 s
300th:6.67935 s
300th:6.68033 s
900th:467.444 s
900th:467.443 s
400th:54.2669 s
400th:54.2681 s
Query Time	[31m3351.06 s[0m
Query Time	[31m3351.03 s[0m
len:120, num:998987
len:120, num:998986
[0,0,1784];[0,3569,0];[0,7901,0];[0,2786,0];[3828,0,0];[6125,0,0];[0,0,5389];[0,2388,0];[0,4939,0];[0,0,2703];[5759,0,1986];[4820,0,0];[0,3349,0];[5170,0,0];[7015,0,0];[0,0,8099];[0,0,3275];[0,3051,0];[0,0,3821];[0,3680,0];[0,0,4589];[7553,0,0];[0,0,6398];[3861,0,1048];[0,6081,0];[4787,0,0];[0,0,3298];[6855,0,0];[6570,0,0];[0,7107,0];[0,0,2643];[0,6933,0];[0,0,3757];[4372,0,0];[4471,0,0];[0,1476,0];[0,0,3623];[0,3578,0];[4514,0,0];[4861,2193,0];[0,8591,0];[0,0,3305];[9308,9322,0];[0,0,7132];[0,0,5827];[0,7175,0];[1062,0,643];[0,6492,0];[0,7911,0];[0,0,547];[0,2336,0];[0,0,6645];[6458,0,0];[0,0,5891];[5680,0,0];[0,4085,0];[2127,0,0];[5881,0,0];[0,5689,0];[3991,0,0];[834,476,637];[0,0,7570];[4359,0,0];[0,8950,0];[4864,0,0];[0,4108,0];[0,0,7459];[0,3396,0];[7568,0,0];[0,1534,0];[0,4993,0];[0,0,4862];[0,5327,0];[0,0,3996];[4410,0,0];[0,0,2322];[0,4809,0];[0,7115,0];[4772,2099,0];[0,0,3414];[0,0,1647];[0,4940,0];[0,0,4044];[5344,0,0];[0,5160,0];[5951,0,0];[0,3624,0];[0,0,6191];[0,0,5003];[0,7185,0];[0,4963,0];[825,0,0];[0,8787,0];[0,7036,0];[0,5320,0];[0,0,6384];[4605,0,0];[0,0,2356];[0,0,4361];[8871,0,0];[0,3198,0];[4318,1386,0];[0,0,7624];[0,0,4600];[0,0,3282];[0,2795,0];[4224,0,0];[0,0,3546];[0,0,904];[0,3891,0];[6265,0,0];[0,2846,0];[1984,0,0];[0,0,4301];[0,5104,0];[0,0,4015];[0,5727,0];[0,0,5592];[0,0,3977];[0,0,5021];
CS_1 Communication	[34m35012 MB[0m
2-itr:	
q: 0	1	0	
CS_1 Dim
[0,0,1784];[0,3569,0];[0,7901,0];[0,2786,0];[3828,0,0];[6125,0,0];[0,0,5389];[0,2388,0];[0,4939,0];[0,0,2703];[5759,0,1986];[4820,0,0];[0,3349,0];[5170,0,0];[7015,0,0];[0,0,8099];[0,0,3275];[0,3051,0];[0,0,3821];[0,3680,0];[0,0,4589];[7553,0,0];[0,0,6398];[3861,0,1048];[0,6081,0];[4787,0,0];[0,0,3298];[6855,0,0];[6570,0,0];[0,7107,0];[0,0,2643];[0,6933,0];[0,0,3757];[4372,0,0];[4471,0,0];[0,1476,0];[0,0,3623];[0,3578,0];[4514,0,0];[4861,2193,0];[0,8591,0];[0,0,3305];[9308,9322,0];[0,0,7132];[0,0,5827];[0,7175,0];[1062,0,643];[0,6492,0];[0,7911,0];[0,0,547];[0,2336,0];[0,0,6645];[6458,0,0];[0,0,5891];[5680,0,0];[0,4085,0];[2127,0,0];[5881,0,0];[0,5689,0];[3991,0,0];[834,476,637];[0,0,7570];[4359,0,0];[0,8950,0];[4864,0,0];[0,4108,0];[0,0,7459];[0,3396,0];[7568,0,0];[0,1534,0];[0,4993,0];[0,0,4862];[0,5327,0];[0,0,3996];[4410,0,0];[0,0,2322];[0,4809,0];[0,7115,0];[4772,2099,0];[0,0,3414];[0,0,1647];[0,4940,0];[0,0,4044];[5344,0,0];[0,5160,0];[5951,0,0];[0,3624,0];[0,0,6191];[0,0,5003];[0,7185,0];[0,4963,0];[825,0,0];[0,8787,0];[0,7036,0];[0,5320,0];[0,0,6384];[4605,0,0];[0,0,2356];[0,0,4361];[8871,0,0];[0,3198,0];[4318,1386,0];[0,0,7624];[0,0,4600];[0,0,3282];[0,2795,0];[4224,0,0];[0,0,3546];[0,0,904];[0,3891,0];[6265,0,0];[0,2846,0];[1984,0,0];[0,0,4301];[0,5104,0];[0,0,4015];[0,5727,0];[0,0,5592];[0,0,3977];[0,0,5021];
CS_2 Communication	[34m136771 MB[0m
2-itr:	
q: 0	1	0	
CS_2 Dim
Query Time	[31m0.244294 s[0m
len:1, num:999000
[0,0,547];
+++
Query Time	[31m0.242775 s[0m
len:1, num:999000
[0,0,547];
+++
process Time	[31m0.447609 s[0m
process Time	[31m0.493941 s[0m
500th:111.148 s
500th:111.11 s
100th:662.465 s
100th:662.467 s
600th:25.1667 s
600th:25.1648 s
200th:623.843 s
200th:623.839 s
700th:96.5297 s
700th:96.5302 s
300th:548.263 s
300th:548.262 s
800th:61.0395 s
800th:61.0395 s
900th:566.753 s
900th:566.754 s
400th:61.0807 s
400th:61.0792 s
Query Time	[31m3379.25 s[0m
Query Time	[31m3379.21 s[0m
len:116, num:998986
len:116, num:998989
[0,0,1784];[0,3569,0];[0,7901,0];[0,2786,0];[3828,0,0];[6125,0,0];[0,0,5389];[989,852,797];[0,2388,0];[0,4939,0];[0,0,2703];[4820,0,0];[0,3349,0];[5170,0,0];[7015,0,0];[0,0,8099];[0,0,3275];[0,3051,0];[0,0,3821];[0,3680,0];[0,0,4589];[7553,0,0];[0,0,6398];[0,6081,0];[4787,0,0];[0,0,3298];[6855,0,0];[6570,0,0];[0,7107,0];[0,0,2643];[0,6933,0];[0,0,3757];[4372,0,0];[4471,0,0];[0,1476,0];[0,0,3623];[0,3578,0];[4514,0,0];[0,8591,0];[0,0,3305];[0,0,7132];[0,0,5827];[0,7175,0];[0,6492,0];[0,7911,0];[0,0,547];[0,2336,0];[0,0,6645];[6458,0,0];[0,0,5891];[5680,0,0];[0,4085,0];[2127,0,0];[5881,0,0];[0,5689,0];[3991,0,0];[834,476,637];[0,0,7570];[4359,0,0];[0,8950,0];[4864,0,0];[0,4108,0];[0,0,7459];[0,3396,0];[7568,0,0];[0,1534,0];[0,4523,1136];[0,4993,0];[0,0,4862];[0,5327,0];[0,0,3996];[4410,0,0];[0,0,2322];[0,4809,0];[0,7115,0];[0,0,3414];[0,0,1647];[0,4940,0];[0,0,4044];[5344,0,0];[0,5160,0];[5951,0,0];[0,3624,0];[0,0,6191];[0,0,5003];[0,7185,0];[0,4963,0];[825,0,0];[0,8787,0];[0,7036,0];[0,5320,0];[0,0,6384];[4605,0,0];[391,0,1003];[0,0,2356];[0,0,4361];[8871,0,0];[0,3198,0];[0,0,7624];[0,0,4600];[0,0,3282];[0,2795,0];[4224,0,0];[0,0,3546];[0,0,904];[0,3891,0];[6265,0,0];[0,2846,0];[1984,0,0];[0,0,4301];[0,5104,0];[0,0,4015];[0,5727,0];[0,0,5592];[0,0,3977];[0,0,5021];
CS_1 Communication	[34m35012 MB[0m
3-itr:	
q: 1	1	0	
CS_1 Dim
[0,0,1784];[0,3569,0];[0,7901,0];[0,2786,0];[3828,0,0];[6125,0,0];[0,0,5389];[989,852,797];[0,2388,0];[0,4939,0];[0,0,2703];[4820,0,0];[0,3349,0];[5170,0,0];[7015,0,0];[0,0,8099];[0,0,3275];[0,3051,0];[0,0,3821];[0,3680,0];[0,0,4589];[7553,0,0];[0,0,6398];[0,6081,0];[4787,0,0];[0,0,3298];[6855,0,0];[6570,0,0];[0,7107,0];[0,0,2643];[0,6933,0];[0,0,3757];[4372,0,0];[4471,0,0];[0,1476,0];[0,0,3623];[0,3578,0];[4514,0,0];[0,8591,0];[0,0,3305];[0,0,7132];[0,0,5827];[0,7175,0];[0,6492,0];[0,7911,0];[0,0,547];[0,2336,0];[0,0,6645];[6458,0,0];[0,0,5891];[5680,0,0];[0,4085,0];[2127,0,0];[5881,0,0];[0,5689,0];[3991,0,0];[834,476,637];[0,0,7570];[4359,0,0];[0,8950,0];[4864,0,0];[0,4108,0];[0,0,7459];[0,3396,0];[7568,0,0];[0,1534,0];[0,4523,1136];[0,4993,0];[0,0,4862];[0,5327,0];[0,0,3996];[4410,0,0];[0,0,2322];[0,4809,0];[0,7115,0];[0,0,3414];[0,0,1647];[0,4940,0];[0,0,4044];[5344,0,0];[0,5160,0];[5951,0,0];[0,3624,0];[0,0,6191];[0,0,5003];[0,7185,0];[0,4963,0];[825,0,0];[0,8787,0];[0,7036,0];[0,5320,0];[0,0,6384];[4605,0,0];[391,0,1003];[0,0,2356];[0,0,4361];[8871,0,0];[0,3198,0];[0,0,7624];[0,0,4600];[0,0,3282];[0,2795,0];[4224,0,0];[0,0,3546];[0,0,904];[0,3891,0];[6265,0,0];[0,2846,0];[1984,0,0];[0,0,4301];[0,5104,0];[0,0,4015];[0,5727,0];[0,0,5592];[0,0,3977];[0,0,5021];
CS_2 Communication	[34m136771 MB[0m
3-itr:	
q: 1	1	0	
CS_2 Dim
Query Time	[31m0.192942 s[0m
len:2, num:999000
[9308,9322,0];[0,0,547];
+++
Query Time	[31m0.320239 s[0m
len:2, num:999000
[9308,9322,0];[0,0,547];
+++
process Time	[31m0.288082 s[0m
process Time	[31m0.316051 s[0m
500th:110.189 s
500th:110.178 s
100th:665.596 s
100th:665.596 s
600th:6.68707 s
600th:6.68706 s
200th:493.382 s
200th:493.381 s
700th:165.134 s
700th:165.134 s
300th:578.47 s
300th:578.47 s
800th:44.2873 s
800th:44.2873 s
400th:686.219 s
400th:686.219 s
900th:11.4084 s
900th:11.4098 s
Query Time	[31m3398.52 s[0m
Query Time	[31m3398.51 s[0m
len:118, num:998983
len:118, num:998990
[0,0,1784];[0,3569,0];[0,7901,0];[0,2786,0];[3828,0,0];[6125,0,0];[0,0,5389];[0,2388,0];[0,4939,0];[0,0,2703];[5759,0,1986];[4820,0,0];[0,3349,0];[5170,0,0];[7015,0,0];[0,0,8099];[0,0,3275];[0,3051,0];[0,0,3821];[0,3680,0];[0,0,4589];[7553,0,0];[0,0,6398];[3861,0,1048];[0,6081,0];[4787,0,0];[0,0,3298];[6855,0,0];[6570,0,0];[0,7107,0];[0,0,2643];[0,6933,0];[0,0,3757];[4372,0,0];[4471,0,0];[0,1476,0];[0,0,3623];[0,3578,0];[4514,0,0];[0,8591,0];[0,0,3305];[9308,9322,0];[0,0,7132];[0,0,5827];[0,7175,0];[1062,0,643];[0,6492,0];[0,7911,0];[0,0,547];[0,2336,0];[0,0,6645];[6458,0,0];[0,0,5891];[5680,0,0];[0,4085,0];[2127,0,0];[5881,0,0];[0,5689,0];[3991,0,0];[0,0,7570];[4359,0,0];[0,8950,0];[8922,9431,9439];[4864,0,0];[0,4108,0];[0,0,7459];[0,3396,0];[7568,0,0];[0,1534,0];[0,4523,1136];[0,4993,0];[0,0,4862];[0,5327,0];[0,0,3996];[4410,0,0];[0,0,2322];[0,4809,0];[0,7115,0];[0,0,3414];[0,0,1647];[0,4940,0];[0,0,4044];[5344,0,0];[0,5160,0];[5951,0,0];[0,3624,0];[0,0,6191];[0,0,5003];[0,7185,0];[0,4963,0];[825,0,0];[0,8787,0];[0,7036,0];[0,5320,0];[0,0,6384];[4605,0,0];[0,0,2356];[0,0,4361];[8871,0,0];[0,3198,0];[0,0,7624];[0,0,4600];[0,0,3282];[0,2795,0];[4224,0,0];[0,0,3546];[0,0,904];[0,3891,0];[6265,0,0];[0,2846,0];[1984,0,0];[0,0,4301];[0,5104,0];[0,0,4015];[0,5727,0];[0,0,5592];[0,0,3977];[0,0,5021];
CS_1 Communication	[34m35012 MB[0m
4-itr:	
q: 0	0	1	
CS_1 Dim
[0,0,1784];[0,3569,0];[0,7901,0];[0,2786,0];[3828,0,0];[6125,0,0];[0,0,5389];[0,2388,0];[0,4939,0];[0,0,2703];[5759,0,1986];[4820,0,0];[0,3349,0];[5170,0,0];[7015,0,0];[0,0,8099];[0,0,3275];[0,3051,0];[0,0,3821];[0,3680,0];[0,0,4589];[7553,0,0];[0,0,6398];[3861,0,1048];[0,6081,0];[4787,0,0];[0,0,3298];[6855,0,0];[6570,0,0];[0,7107,0];[0,0,2643];[0,6933,0];[0,0,3757];[4372,0,0];[4471,0,0];[0,1476,0];[0,0,3623];[0,3578,0];[4514,0,0];[0,8591,0];[0,0,3305];[9308,9322,0];[0,0,7132];[0,0,5827];[0,7175,0];[1062,0,643];[0,6492,0];[0,7911,0];[0,0,547];[0,2336,0];[0,0,6645];[6458,0,0];[0,0,5891];[5680,0,0];[0,4085,0];[2127,0,0];[5881,0,0];[0,5689,0];[3991,0,0];[0,0,7570];[4359,0,0];[0,8950,0];[8922,9431,9439];[4864,0,0];[0,4108,0];[0,0,7459];[0,3396,0];[7568,0,0];[0,1534,0];[0,4523,1136];[0,4993,0];[0,0,4862];[0,5327,0];[0,0,3996];[4410,0,0];[0,0,2322];[0,4809,0];[0,7115,0];[0,0,3414];[0,0,1647];[0,4940,0];[0,0,4044];[5344,0,0];[0,5160,0];[5951,0,0];[0,3624,0];[0,0,6191];[0,0,5003];[0,7185,0];[0,4963,0];[825,0,0];[0,8787,0];[0,7036,0];[0,5320,0];[0,0,6384];[4605,0,0];[0,0,2356];[0,0,4361];[8871,0,0];[0,3198,0];[0,0,7624];[0,0,4600];[0,0,3282];[0,2795,0];[4224,0,0];[0,0,3546];[0,0,904];[0,3891,0];[6265,0,0];[0,2846,0];[1984,0,0];[0,0,4301];[0,5104,0];[0,0,4015];[0,5727,0];[0,0,5592];[0,0,3977];[0,0,5021];
CS_2 Communication	[34m136771 MB[0m
4-itr:	
q: 0	0	1	
CS_2 Dim
Query Time	[31m0.242422 s[0m
len:0, num:999000

+++
Query Time	[31m0.240708 s[0m
len:0, num:999000

+++
process Time	[31m0.301865 s[0m
process Time	[31m0.331331 s[0m
500th:113.577 s
500th:113.556 s
600th:475.264 s
600th:475.264 s
100th:23.8107 s
100th:23.8107 s
200th:568.773 s
200th:568.769 s
700th:137.108 s
700th:137.108 s
800th:672.716 s
800th:672.718 s
300th:0.278322 s
300th:0.275899 s
900th:634.965 s
900th:634.965 s
400th:31.9218 s
400th:31.9219 s
Query Time	[31m3264.06 s[0m
Query Time	[31m3264.04 s[0m
len:118, num:998986
len:118, num:998982
[0,0,1784];[0,3569,0];[0,7901,0];[0,2786,0];[3828,0,0];[6125,0,0];[0,0,5389];[0,2388,0];[0,4939,0];[0,0,2703];[4820,0,0];[0,3349,0];[5170,0,0];[7015,0,0];[0,1820,4678];[0,0,8099];[0,0,3275];[0,3051,0];[0,0,3821];[0,3680,0];[0,0,4589];[7553,0,0];[0,0,6398];[0,6081,0];[4787,0,0];[0,966,1952];[0,0,3298];[6855,0,0];[6570,0,0];[0,7107,0];[0,0,2643];[0,6933,0];[0,0,3757];[4372,0,0];[4471,0,0];[0,1476,0];[0,0,3623];[0,3578,0];[4514,0,0];[0,8591,0];[0,0,3305];[0,0,7132];[0,0,5827];[0,7175,0];[0,6492,0];[0,7911,0];[0,0,547];[0,2336,0];[0,0,6645];[6458,0,0];[0,0,5891];[5680,0,0];[0,4085,0];[2127,0,0];[5881,0,0];[0,5689,0];[3991,0,0];[0,0,7570];[4359,0,0];[0,8950,0];[4864,0,0];[0,4108,0];[0,0,7459];[0,3396,0];[7568,0,0];[0,5278,8608];[0,1534,0];[0,4993,0];[0,0,4862];[0,5327,0];[0,0,3996];[4410,0,0];[0,0,2322];[0,4809,0];[0,7115,0];[0,0,3414];[0,0,1647];[0,4940,0];[0,0,4044];[5344,0,0];[0,5160,0];[5951,0,0];[0,3624,0];[0,0,6191];[0,0,5003];[0,7185,0];[0,4963,0];[825,0,0];[0,8787,0];[0,7036,0];[0,5320,0];[0,0,6384];[4605,0,0];[391,0,1003];[0,0,2356];[0,0,4361];[8871,0,0];[0,3198,0];[0,0,7624];[0,0,4600];[0,0,3282];[0,2795,0];[4224,0,0];[0,0,3546];[0,0,904];[0,3891,0];[6265,0,0];[0,2846,0];[1984,0,0];[0,0,4301];[0,5104,0];[0,0,4015];[0,5727,0];[2606,0,6498];[3812,0,9456];[0,0,5592];[0,0,3977];[0,0,5021];
[0,0,1784];[0,3569,0];[0,7901,0];[0,2786,0];[3828,0,0];[6125,0,0];[0,0,5389];[0,2388,0];[0,4939,0];[0,0,2703];[4820,0,0];[0,3349,0];[5170,0,0];[7015,0,0];[0,1820,4678];[0,0,8099];[0,0,3275];[0,3051,0];[0,0,3821];[0,3680,0];[0,0,4589];[7553,0,0];[0,0,6398];[0,6081,0];[4787,0,0];[0,966,1952];[0,0,3298];[6855,0,0];[6570,0,0];[0,7107,0];[0,0,2643];[0,6933,0];[0,0,3757];[4372,0,0];[4471,0,0];[0,1476,0];[0,0,3623];[0,3578,0];[4514,0,0];[0,8591,0];[0,0,3305];[0,0,7132];[0,0,5827];[0,7175,0];[0,6492,0];[0,7911,0];[0,0,547];[0,2336,0];[0,0,6645];[6458,0,0];[0,0,5891];[5680,0,0];[0,4085,0];[2127,0,0];[5881,0,0];[0,5689,0];[3991,0,0];[0,0,7570];[4359,0,0];[0,8950,0];[4864,0,0];[0,4108,0];[0,0,7459];[0,3396,0];[7568,0,0];[0,5278,8608];[0,1534,0];[0,4993,0];[0,0,4862];[0,5327,0];[0,0,3996];[4410,0,0];[0,0,2322];[0,4809,0];[0,7115,0];[0,0,3414];[0,0,1647];[0,4940,0];[0,0,4044];[5344,0,0];[0,5160,0];[5951,0,0];[0,3624,0];[0,0,6191];[0,0,5003];[0,7185,0];[0,4963,0];[825,0,0];[0,8787,0];[0,7036,0];[0,5320,0];[0,0,6384];[4605,0,0];[391,0,1003];[0,0,2356];[0,0,4361];[8871,0,0];[0,3198,0];[0,0,7624];[0,0,4600];[0,0,3282];[0,2795,0];[4224,0,0];[0,0,3546];[0,0,904];[0,3891,0];[6265,0,0];[0,2846,0];[1984,0,0];[0,0,4301];[0,5104,0];[0,0,4015];[0,5727,0];[2606,0,6498];[3812,0,9456];[0,0,5592];[0,0,3977];[0,0,5021];
CS_1 Communication	[34m35012 MB[0m
5-itr:	
q: 1	0	1	
CS_1 Dim
CS_2 Communication	[34m136771 MB[0m
5-itr:	
q: 1	0	1	
CS_2 Dim
Query Time	[31m0.177204 s[0m
len:0, num:999000

+++
Query Time	[31m0.188676 s[0m
len:0, num:999000

+++
process Time	[31m0.139116 s[0m
process Time	[31m0.144185 s[0m
500th:48.291 s
500th:48.2975 s
100th:566.788 s
100th:566.788 s
600th:4.01484 s
600th:4.01658 s
200th:591.239 s
200th:591.238 s
700th:209.345 s
700th:209.345 s
300th:631.845 s
300th:631.845 s
800th:8.91488 s
800th:8.9148 s
400th:572.567 s
400th:572.567 s
900th:46.3974 s
900th:46.3974 s
Query Time	[31m3247.63 s[0m
Query Time	[31m3247.64 s[0m
len:122, num:998989
len:122, num:998985
[0,0,1784];[0,3569,0];[0,7901,0];[0,2786,0];[3828,0,0];[6125,0,0];[0,0,5389];[0,2388,0];[0,4939,0];[0,0,2703];[4820,0,0];[0,3349,0];[5170,0,0];[7015,0,0];[0,1820,4678];[0,0,8099];[0,0,3275];[0,3051,0];[0,0,3821];[0,3680,0];[0,0,4589];[7553,0,0];[0,0,6398];[0,6081,0];[4787,0,0];[0,966,1952];[0,0,3298];[6855,0,0];[6570,0,0];[0,7107,0];[0,0,2643];[0,6933,0];[0,0,3757];[4372,0,0];[4471,0,0];[0,1476,0];[0,0,3623];[0,3578,0];[4514,0,0];[4861,2193,0];[0,8591,0];[0,0,3305];[9308,9322,0];[0,0,7132];[0,0,5827];[0,7175,0];[0,6492,0];[0,7911,0];[0,0,547];[0,2336,0];[0,0,6645];[6458,0,0];[0,0,5891];[5680,0,0];[0,4085,0];[2127,0,0];[5881,0,0];[0,5689,0];[3991,0,0];[0,0,7570];[4359,0,0];[0,8950,0];[4864,0,0];[0,4108,0];[0,0,7459];[0,3396,0];[7568,0,0];[0,5278,8608];[0,1534,0];[0,4993,0];[0,0,4862];[0,5327,0];[0,0,3996];[4410,0,0];[0,0,2322];[0,4809,0];[0,7115,0];[4772,2099,0];[0,0,3414];[0,0,1647];[9080,8537,9243];[0,4940,0];[0,0,4044];[5344,0,0];[0,5160,0];[5951,0,0];[0,3624,0];[0,0,6191];[0,0,5003];[0,7185,0];[0,4963,0];[825,0,0];[0,8787,0];[0,7036,0];[0,5320,0];[0,0,6384];[4605,0,0];[0,0,2356];[0,0,4361];[8871,0,0];[0,3198,0];[4318,1386,0];[0,0,7624];[0,0,4600];[0,0,3282];[0,2795,0];[4224,0,0];[0,0,3546];[0,0,904];[0,3891,0];[6265,0,0];[0,2846,0];[1984,0,0];[0,0,4301];[0,5104,0];[9201,8922,9078];[0,0,4015];[0,5727,0];[3812,0,9456];[0,0,5592];[0,0,3977];[0,0,5021];
CS_1 Communication	[34m35012 MB[0m
6-itr:	
q: 0	1	1	
CS_1 Dim
[0,0,1784];[0,3569,0];[0,7901,0];[0,2786,0];[3828,0,0];[6125,0,0];[0,0,5389];[0,2388,0];[0,4939,0];[0,0,2703];[4820,0,0];[0,3349,0];[5170,0,0];[7015,0,0];[0,1820,4678];[0,0,8099];[0,0,3275];[0,3051,0];[0,0,3821];[0,3680,0];[0,0,4589];[7553,0,0];[0,0,6398];[0,6081,0];[4787,0,0];[0,966,1952];[0,0,3298];[6855,0,0];[6570,0,0];[0,7107,0];[0,0,2643];[0,6933,0];[0,0,3757];[4372,0,0];[4471,0,0];[0,1476,0];[0,0,3623];[0,3578,0];[4514,0,0];[4861,2193,0];[0,8591,0];[0,0,3305];[9308,9322,0];[0,0,7132];[0,0,5827];[0,7175,0];[0,6492,0];[0,7911,0];[0,0,547];[0,2336,0];[0,0,6645];[6458,0,0];[0,0,5891];[5680,0,0];[0,4085,0];[2127,0,0];[5881,0,0];[0,5689,0];[3991,0,0];[0,0,7570];[4359,0,0];[0,8950,0];[4864,0,0];[0,4108,0];[0,0,7459];[0,3396,0];[7568,0,0];[0,5278,8608];[0,1534,0];[0,4993,0];[0,0,4862];[0,5327,0];[0,0,3996];[4410,0,0];[0,0,2322];[0,4809,0];[0,7115,0];[4772,2099,0];[0,0,3414];[0,0,1647];[9080,8537,9243];[0,4940,0];[0,0,4044];[5344,0,0];[0,5160,0];[5951,0,0];[0,3624,0];[0,0,6191];[0,0,5003];[0,7185,0];[0,4963,0];[825,0,0];[0,8787,0];[0,7036,0];[0,5320,0];[0,0,6384];[4605,0,0];[0,0,2356];[0,0,4361];[8871,0,0];[0,3198,0];[4318,1386,0];[0,0,7624];[0,0,4600];[0,0,3282];[0,2795,0];[4224,0,0];[0,0,3546];[0,0,904];[0,3891,0];[6265,0,0];[0,2846,0];[1984,0,0];[0,0,4301];[0,5104,0];[9201,8922,9078];[0,0,4015];[0,5727,0];[3812,0,9456];[0,0,5592];[0,0,3977];[0,0,5021];
CS_2 Communication	[34m136771 MB[0m
6-itr:	
q: 0	1	1	
CS_2 Dim
Query Time	[31m0.398705 s[0m
len:0, num:999000

+++
Query Time	[31m0.410253 s[0m
len:0, num:999000

+++
process Time	[31m0.373458 s[0m
process Time	[31m0.384467 s[0m
500th:109.827 s
500th:109.846 s
100th:671.016 s
100th:671.016 s
600th:48.8347 s
600th:48.8371 s
200th:621.938 s
200th:621.935 s
700th:32.3575 s
700th:32.3574 s
800th:665.511 s
800th:665.519 s
300th:1.80738 s
300th:1.81531 s
900th:299.497 s
900th:299.498 s
400th:4.4541 s
400th:4.45401 s
Query Time	[31m2815.27 s[0m
Query Time	[31m2815.29 s[0m
len:115, num:998984
len:115, num:998976
[0,0,1784];[0,3569,0];[0,7901,0];[0,2786,0];[3828,0,0];[6125,0,0];[0,0,5389];[0,2388,0];[0,4939,0];[0,0,2703];[4820,0,0];[0,3349,0];[5170,0,0];[7015,0,0];[0,0,8099];[0,0,3275];[0,3051,0];[0,0,3821];[0,3680,0];[0,0,4589];[7553,0,0];[0,0,6398];[0,6081,0];[4787,0,0];[0,0,3298];[6855,0,0];[6570,0,0];[0,7107,0];[0,0,2643];[0,6933,0];[0,0,3757];[4372,0,0];[4471,0,0];[0,1476,0];[0,0,3623];[0,3578,0];[4514,0,0];[0,8591,0];[0,0,3305];[0,0,7132];[0,0,5827];[0,7175,0];[0,6492,0];[0,7911,0];[0,0,547];[0,2336,0];[0,0,6645];[6458,0,0];[0,0,5891];[5680,0,0];[0,4085,0];[2127,0,0];[5881,0,0];[0,5689,0];[3991,0,0];[0,0,7570];[4359,0,0];[0,8950,0];[4864,0,0];[0,4108,0];[0,0,7459];[0,3396,0];[7568,0,0];[0,1534,0];[0,4993,0];[0,0,4862];[0,5327,0];[0,0,3996];[4410,0,0];[0,0,2322];[0,4809,0];[0,7115,0];[0,0,3414];[0,0,1647];[0,4940,0];[0,0,4044];[5344,0,0];[0,5160,0];[5951,0,0];[0,3624,0];[0,0,6191];[0,0,5003];[0,7185,0];[0,4963,0];[825,0,0];[0,8787,0];[0,7036,0];[0,5320,0];[0,0,6384];[4605,0,0];[391,0,1003];[0,0,2356];[0,0,4361];[8871,0,0];[0,3198,0];[0,0,7624];[0,0,4600];[0,0,3282];[0,2795,0];[4224,0,0];[0,0,3546];[0,0,904];[0,3891,0];[6265,0,0];[0,2846,0];[1984,0,0];[0,0,4301];[0,5104,0];[0,0,4015];[0,5727,0];[2606,0,6498];[3812,0,9456];[0,0,5592];[0,0,3977];[0,0,5021];
[0,0,1784];[0,3569,0];[0,7901,0];[0,2786,0];[3828,0,0];[6125,0,0];[0,0,5389];[0,2388,0];[0,4939,0];[0,0,2703];[4820,0,0];[0,3349,0];[5170,0,0];[7015,0,0];[0,0,8099];[0,0,3275];[0,3051,0];[0,0,3821];[0,3680,0];[0,0,4589];[7553,0,0];[0,0,6398];[0,6081,0];[4787,0,0];[0,0,3298];[6855,0,0];[6570,0,0];[0,7107,0];[0,0,2643];[0,6933,0];[0,0,3757];[4372,0,0];[4471,0,0];[0,1476,0];[0,0,3623];[0,3578,0];[4514,0,0];[0,8591,0];[0,0,3305];[0,0,7132];[0,0,5827];[0,7175,0];[0,6492,0];[0,7911,0];[0,0,547];[0,2336,0];[0,0,6645];[6458,0,0];[0,0,5891];[5680,0,0];[0,4085,0];[2127,0,0];[5881,0,0];[0,5689,0];[3991,0,0];[0,0,7570];[4359,0,0];[0,8950,0];[4864,0,0];[0,4108,0];[0,0,7459];[0,3396,0];[7568,0,0];[0,1534,0];[0,4993,0];[0,0,4862];[0,5327,0];[0,0,3996];[4410,0,0];[0,0,2322];[0,4809,0];[0,7115,0];[0,0,3414];[0,0,1647];[0,4940,0];[0,0,4044];[5344,0,0];[0,5160,0];[5951,0,0];[0,3624,0];[0,0,6191];[0,0,5003];[0,7185,0];[0,4963,0];[825,0,0];[0,8787,0];[0,7036,0];[0,5320,0];[0,0,6384];[4605,0,0];[391,0,1003];[0,0,2356];[0,0,4361];[8871,0,0];[0,3198,0];[0,0,7624];[0,0,4600];[0,0,3282];[0,2795,0];[4224,0,0];[0,0,3546];[0,0,904];[0,3891,0];[6265,0,0];[0,2846,0];[1984,0,0];[0,0,4301];[0,5104,0];[0,0,4015];[0,5727,0];[2606,0,6498];[3812,0,9456];[0,0,5592];[0,0,3977];[0,0,5021];
CS_2 Communication	[34m136771 MB[0m
CS_1 Communication	[34m35012 MB[0m
7-itr:	
7-itr:	
q: 1	1	1	
q: 1	1	1	
CS_1 Dim
CS_2 Dim
Query Time	[31m0.150327 s[0m
len:2, num:999000
[9308,9322,0];[8922,9431,9439];
+++
Query Time	[31m0.212055 s[0m
len:2, num:999000
[9308,9322,0];[8922,9431,9439];
+++
process Time	[31m0.138784 s[0m
process Time	[31m0.14528 s[0m
500th:50.402 s
500th:50.3961 s
600th:287.677 s
600th:287.678 s
100th:9.55744 s
100th:9.55778 s
200th:308.806 s
200th:308.805 s
700th:54.0136 s
700th:54.0137 s
800th:280.574 s
800th:280.574 s
300th:62.6595 s
300th:62.6598 s
400th:252.663 s
400th:252.663 s
900th:51.5559 s
900th:51.5573 s
Query Time	[31m1708.98 s[0m
Query Time	[31m1708.97 s[0m
len:115, num:998964
len:115, num:998981
[0,0,1784];[0,3569,0];[0,7901,0];[0,2786,0];[3828,0,0];[6125,0,0];[0,0,5389];[0,2388,0];[0,4939,0];[0,0,2703];[4820,0,0];[0,3349,0];[5170,0,0];[7015,0,0];[0,0,8099];[0,0,3275];[0,3051,0];[0,0,3821];[0,3680,0];[0,0,4589];[7553,0,0];[0,0,6398];[0,6081,0];[4787,0,0];[0,0,3298];[6855,0,0];[6570,0,0];[0,7107,0];[0,0,2643];[0,6933,0];[0,0,3757];[4372,0,0];[4471,0,0];[0,1476,0];[0,0,3623];[0,3578,0];[4514,0,0];[0,8591,0];[0,0,3305];[9308,9322,0];[0,0,7132];[0,0,5827];[0,7175,0];[0,6492,0];[0,7911,0];[0,0,547];[0,2336,0];[0,0,6645];[6458,0,0];[0,0,5891];[5680,0,0];[0,4085,0];[2127,0,0];[5881,0,0];[0,5689,0];[3991,0,0];[0,0,7570];[4359,0,0];[0,8950,0];[8922,9431,9439];[4864,0,0];[0,4108,0];[0,0,7459];[0,3396,0];[7568,0,0];[0,1534,0];[0,4993,0];[0,0,4862];[0,5327,0];[0,0,3996];[4410,0,0];[0,0,2322];[0,4809,0];[0,7115,0];[0,0,3414];[0,0,1647];[0,4940,0];[0,0,4044];[5344,0,0];[0,5160,0];[5951,0,0];[0,3624,0];[0,0,6191];[0,0,5003];[0,7185,0];[0,4963,0];[825,0,0];[0,8787,0];[0,7036,0];[0,5320,0];[0,0,6384];[4605,0,0];[0,0,2356];[0,0,4361];[8871,0,0];[0,3198,0];[0,0,7624];[0,0,4600];[0,0,3282];[0,2795,0];[4224,0,0];[0,0,3546];[0,0,904];[0,3891,0];[6265,0,0];[0,2846,0];[1984,0,0];[0,0,4301];[0,5104,0];[0,0,4015];[0,5727,0];[3812,0,9456];[0,0,5592];[0,0,3977];[0,0,5021];
[0,0,1784];[0,3569,0];[0,7901,0];[0,2786,0];[3828,0,0];[6125,0,0];[0,0,5389];[0,2388,0];[0,4939,0];[0,0,2703];[4820,0,0];[0,3349,0];[5170,0,0];[7015,0,0];[0,0,8099];[0,0,3275];[0,3051,0];[0,0,3821];[0,3680,0];[0,0,4589];[7553,0,0];[0,0,6398];[0,6081,0];[4787,0,0];[0,0,3298];[6855,0,0];[6570,0,0];[0,7107,0];[0,0,2643];[0,6933,0];[0,0,3757];[4372,0,0];[4471,0,0];[0,1476,0];[0,0,3623];[0,3578,0];[4514,0,0];[0,8591,0];[0,0,3305];[9308,9322,0];[0,0,7132];[0,0,5827];[0,7175,0];[0,6492,0];[0,7911,0];[0,0,547];[0,2336,0];[0,0,6645];[6458,0,0];[0,0,5891];[5680,0,0];[0,4085,0];[2127,0,0];[5881,0,0];[0,5689,0];[3991,0,0];[0,0,7570];[4359,0,0];[0,8950,0];[8922,9431,9439];[4864,0,0];[0,4108,0];[0,0,7459];[0,3396,0];[7568,0,0];[0,1534,0];[0,4993,0];[0,0,4862];[0,5327,0];[0,0,3996];[4410,0,0];[0,0,2322];[0,4809,0];[0,7115,0];[0,0,3414];[0,0,1647];[0,4940,0];[0,0,4044];[5344,0,0];[0,5160,0];[5951,0,0];[0,3624,0];[0,0,6191];[0,0,5003];[0,7185,0];[0,4963,0];[825,0,0];[0,8787,0];[0,7036,0];[0,5320,0];[0,0,6384];[4605,0,0];[0,0,2356];[0,0,4361];[8871,0,0];[0,3198,0];[0,0,7624];[0,0,4600];[0,0,3282];[0,2795,0];[4224,0,0];[0,0,3546];[0,0,904];[0,3891,0];[6265,0,0];[0,2846,0];[1984,0,0];[0,0,4301];[0,5104,0];[0,0,4015];[0,5727,0];[3812,0,9456];[0,0,5592];[0,0,3977];[0,0,5021];
CS_1 Communication	[34m35012 MB[0m
n = 1000, m = 3, rate = 20
Dim:
CS_1 Origin Skyline Number	[31m7[0m
CS_1 Origin Dom Number	[31m7992000[0m
CS_1 Skyline Number	[31m117.25[0m
CS_1 Dom Number	[31m998985[0m
CS_1 Total Time	[31m3047.62 s[0m
CS_1 process Time	[31m0.316991 s[0m
CS_1 sort Time	[31m0 s[0m
CS_2 Communication	[34m136771 MB[0m
CS_1 Query Time	[31m3046.5 s[0m
CS_1 Communication	[34m35012.5 MB[0m
n = 1000, m = 3, rate = 20
Dim:
CS_2 Origin Skyline Number	[31m7[0m
CS_2 Origin Dom Number	[31m7992000[0m
CS_2 Skyline Number	[31m117.25[0m
CS_2 Dom Number	[31m998982[0m
CS_2 Total Time	[31m3047.64 s[0m
CS_2 process Time	[31m0.297216 s[0m
CS_2 sort Time	[31m0 s[0m
CS_2 Query Time	[31m3046.52 s[0m
CS_2 Communication	[34m136771 MB[0m
