3000 6
0,0,2804,7256,4578,0
3703,3571,3478,3061,0,2078
3267,3535,2355,3069,2489,0
5445,5670,5415,0,5081,6868
4559,6037,0,3397,0,0
0,3901,5899,6106,3418,7152
2393,2748,6431,1292,4027,3744
0,7308,4019,0,0,3699
4460,3151,0,3229,0,2794
0,3194,4147,0,3672,2667
4119,2644,0,3550,4076,3682
5063,6497,6818,2789,0,4048
6612,7683,6831,0,7580,8021
4417,0,0,0,5049,0
5983,7620,6316,6032,6701,6236
0,5039,2269,4168,4951,3776
0,5511,6412,0,6852,0
0,2624,4564,3236,3668,4136
3422,0,0,0,0,0
2685,1559,2585,2528,0,0
0,5984,7016,0,6817,6443
7023,4881,7907,6613,5928,7366
4536,7426,5306,8373,3863,4401
2500,0,2771,3976,1227,0
5072,0,7659,0,6987,6668
0,4732,6787,4932,0,5659
4665,0,5255,3169,4889,3439
4257,4656,4593,4027,4254,0
6242,5627,5146,5569,5018,0
4917,4710,0,5117,4959,4735
3694,0,4675,4011,0,0
7336,0,0,6093,0,0
7715,5593,9153,0,0,4755
4361,6897,0,0,5126,5073
6209,6362,4260,4325,7411,6033
6998,8431,6731,7585,7833,6396
3510,0,5266,0,3900,5015
0,0,4643,0,4940,0
7015,0,0,6291,6446,8166
0,4113,2926,0,5389,3933
0,7014,0,5932,0,5918
5489,4474,5469,3440,4831,5718
0,3022,4539,0,0,5200
0,4466,2950,3489,3505,0
0,7318,5990,0,7853,6987
0,3793,0,0,4217,0
3658,3632,0,0,0,3783
5567,3784,6404,0,7008,5914
4789,4593,5574,7205,4771,3799
0,4450,5990,0,0,5650
0,0,4972,0,4049,0
1487,2780,2214,1723,1550,3169
0,0,4990,6366,0,4800
6970,6848,0,0,0,5921
3120,3231,0,0,5908,0
6155,6193,7533,6607,0,6527
4632,2380,4795,3925,4310,0
6923,0,6927,6994,7139,6754
5123,1959,3012,4513,4462,2811
0,7531,0,5785,7111,3061
0,5626,0,6501,3754,5712
8198,6898,7324,7477,6451,6419
0,5062,0,0,0,4773
5299,6638,7400,0,0,7333
0,4967,5320,0,5104,0
0,0,3762,4678,5770,4222
5362,0,5517,5494,5033,5577
4599,0,7092,2683,6166,3682
7894,6905,0,7059,6192,6853
4867,7456,4483,3883,5473,4235
5805,6813,5526,5537,6206,0
6024,5937,0,0,0,5329
0,2372,3284,4651,3496,0
5383,0,2592,7834,3550,0
0,0,7183,0,0,0
0,5428,5074,3639,6021,0
6925,0,6075,4659,6983,5805
5897,0,6491,0,6180,5352
6075,6071,0,5539,5644,0
0,8078,0,0,7115,7658
5439,0,0,0,0,0
0,3709,0,0,8151,0
5004,0,4410,2954,2960,4815
6279,5748,3878,0,0,6857
0,5905,5002,2203,6082,3932
4964,3294,4902,4728,5816,3400
5399,0,1678,3970,5328,0
0,6027,2530,4107,3759,4428
2973,0,3068,3236,3201,3593
5115,6520,0,4986,4585,4983
5026,3833,3087,3906,4431,3154
4625,4085,6383,4255,0,0
5205,5950,0,6919,5009,7376
7742,3772,7295,0,5856,0
0,0,0,0,6244,0
4997,4873,2555,4284,3649,2462
0,5837,2775,0,3081,6782
5524,2953,5769,3672,4081,4495
0,0,6107,0,8187,7006
7106,0,0,0,7725,7297
0,6385,0,6241,4667,5576
4155,0,0,5096,0,7018
3692,6403,6104,6192,6115,6789
0,3395,0,3472,4035,2518
0,0,6315,0,5853,0
0,3807,743,0,3498,3384
2878,2974,4137,3830,4032,3274
4676,3275,6960,5340,5193,4807
0,3916,3385,5824,4128,4125
0,0,0,4295,0,5381
0,6023,3697,3971,5081,3478
7471,0,4685,2710,5841,4289
4351,5323,4205,4950,0,5748
4597,2751,3722,4710,0,0
3987,0,6127,5299,0,8047
0,5910,0,0,3570,0
7202,6659,5159,7190,5533,3742
4185,0,4935,0,4337,4342
0,0,0,4699,4168,0
7682,4031,0,6166,0,3174
7042,6819,6721,6324,6431,6940
6165,3509,0,0,4341,6106
5129,5103,4144,6607,5736,4938
3324,5662,4951,0,0,0
2762,2294,0,0,3086,0
6118,6927,5176,7418,6412,0
5021,0,5674,4059,4055,0
0,0,2762,5824,3010,4551
3567,7331,4050,0,4422,3318
0,8116,2977,4951,0,0
4782,6161,4130,4251,6722,6221
5884,0,0,8037,5480,6962
6665,0,7434,6796,0,0
4286,3439,4685,0,3951,6135
5300,0,3513,0,3768,4625
0,0,0,0,5205,7524
0,3518,0,3044,7423,3444
7303,6451,0,6088,6038,0
1467,0,2338,2540,0,2963
5153,0,3488,4025,4319,2806
6212,992,5991,4201,0,3861
5165,0,4584,4361,5539,4769
0,0,2403,2036,0,1383
6340,4740,3416,0,5558,0
5602,4079,0,4393,0,2741
7824,7983,0,0,7229,7281
0,5659,6615,5467,6318,5095
5646,0,0,0,0,2854
4277,4848,5423,0,0,7669
0,5808,0,5611,0,0
0,0,4351,5537,4615,2867
2797,2695,3132,3012,3200,0
6751,0,6138,5775,4765,6169
3323,5662,0,5539,5779,6075
0,4357,0,0,3969,4108
5141,4237,6823,5024,4740,5273
3680,4426,0,0,4487,0
0,0,0,3855,7052,5472
5244,3350,0,4230,5891,0
0,6555,5037,0,5024,0
5689,5866,5575,5263,0,5965
0,3870,4475,4544,0,4704
3914,4582,3426,0,1600,3618
0,6519,6011,6843,4409,7157
0,3068,2870,0,0,0
5695,0,5604,6527,0,5200
0,0,7041,0,0,7195
6621,6735,7784,6043,6251,0
3590,3706,4273,0,0,0
4202,6005,0,5280,0,0
0,5939,4561,3698,5823,3263
0,3309,2581,0,2247,0
6735,3650,0,0,0,5883
4811,4155,6014,5985,3886,6507
0,5947,3504,4013,3549,5686
0,6798,4460,0,4704,0
0,4124,4231,3443,4012,5859
5875,0,3843,4216,7152,0
3126,5199,0,3489,0,4517
0,2065,0,4274,2077,2763
4053,0,5200,3544,5060,2412
0,6645,3675,5071,4345,0
4959,0,0,0,4906,0
1918,2591,1116,1728,0,1483
0,6104,0,4906,8104,5967
4823,7713,0,7447,6439,6103
5510,5163,6670,4217,0,0
6892,3612,0,5174,4839,2783
7428,6180,7180,6414,6676,5847
7045,0,7797,5640,7238,6600
0,2236,0,0,0,3558
4656,4198,3229,4947,3137,2912
3656,0,5272,0,4707,0
5456,0,3735,0,4915,0
0,0,4864,4053,5080,3262
4435,0,0,6685,3847,0
0,5582,0,4107,5126,0
2161,2027,2065,1429,2177,1976
3863,5131,0,5600,5024,0
0,5218,0,6028,0,4584
3416,3789,2966,4134,0,0
0,4463,4317,4816,4034,4319
0,6476,0,0,6284,6638
3381,0,0,2029,3948,0
0,0,3994,5624,0,4137
0,5307,4395,5136,0,0
1965,5026,1298,0,0,0
6248,6986,6057,0,6970,5099
0,0,5117,0,7024,2434
4558,3278,3825,0,4471,5194
6322,3681,0,0,5184,4336
3269,0,3487,0,3951,4190
4364,5251,5008,0,0,4038
5667,6674,5983,4412,0,7059
3450,0,7506,3483,0,5946
0,6782,5740,7126,0,7038
0,6964,6848,5789,0,7616
0,4381,3413,0,3042,5016
0,0,0,3809,3597,1911
6482,5319,5263,8512,5968,6998
4611,7785,0,4863,6438,5781
1620,3390,0,2155,0,0
7125,2363,0,5957,3288,3836
0,0,4730,4933,4916,3610
6402,0,7221,0,6968,0
2337,2724,0,2427,2292,3442
0,6294,0,6492,0,0
3481,0,4167,0,3230,3258
4426,4139,2800,0,0,4097
6081,0,6867,0,6167,7327
6822,0,7114,5994,4973,0
6186,4425,0,6499,0,8120
0,5240,0,4342,0,3648
0,5608,4885,5064,4547,3637
6868,4764,6283,0,4048,6091
5735,0,0,6304,4221,0
4793,0,5379,5037,0,4987
4169,5681,3082,5252,4505,5278
0,4389,5539,0,4572,6435
0,3376,0,5387,4131,0
5388,6047,5138,0,0,7431
3810,3961,0,2725,5039,0
5657,0,0,3736,0,5136
2057,3730,4516,4259,2692,0
0,3850,6103,6054,0,6360
6554,5366,5159,3251,6127,4402
2801,3066,3471,1934,3578,0
7390,6722,5267,0,7112,4150
3598,3188,0,4307,0,5180
6076,6942,7324,4545,0,4907
0,0,0,6320,6315,4262
0,4145,4091,3702,3227,5054
0,4186,3350,3085,0,2045
3475,5323,0,0,3629,0
0,4483,0,0,5930,2429
6323,0,0,4943,4304,0
4655,0,0,0,0,0
4297,3687,6815,6690,0,6731
0,0,6026,0,5860,0
3667,0,0,2848,3686,2430
5446,7594,7076,0,0,0
0,6715,6889,4240,6123,5571
5135,4222,6220,6577,0,7839
0,5308,2393,4774,0,5209
0,0,5626,7562,2491,0
0,4488,4904,5340,5036,4156
4927,3759,0,3469,3438,5370
0,0,0,6003,0,0
3534,1608,0,4873,1671,0
4319,3346,0,4708,0,4277
0,5080,4429,0,0,0
0,5201,0,2879,4285,6983
0,0,6949,6005,6543,0
6047,3865,5122,0,4114,3904
3794,0,3646,4157,5413,4589
5794,3142,0,5898,2812,0
7085,7081,7366,7088,0,6920
0,5826,5807,6588,4924,0
0,3547,0,2750,5592,2626
3254,1615,0,1368,3765,431
5044,3787,5091,4046,6071,4988
5473,4677,6352,3802,4470,0
5012,5469,0,6926,5600,0
5186,1746,4962,2067,0,0
0,0,0,0,8115,5746
6605,5332,5339,7072,5034,4731
5042,5103,0,5879,4163,7770
6703,5806,0,0,0,0
4423,0,4271,4380,4203,0
5883,6500,7842,5651,6485,7535
0,0,3620,5601,0,4701
4275,0,0,0,5605,5418
5185,0,0,0,6472,0
2304,2389,4832,0,3307,5012
3244,3550,4624,2505,3103,4451
4092,6633,3364,4175,4260,0
0,5036,2798,0,3306,0
3756,2723,1923,2893,4997,0
0,5580,5078,3790,0,4147
0,0,3726,2408,3130,3918
5473,0,0,6203,5227,0
4774,5593,0,5306,0,0
5825,3697,5384,3879,5001,6412
5219,4889,3600,0,5105,2508
3144,1895,0,2316,3553,0
0,3326,2909,0,3584,4148
5764,5315,0,6488,4626,0
5502,6079,0,0,0,3581
4950,3866,4977,0,4110,7109
3398,5222,3853,0,3457,6315
7343,0,0,8204,0,0
4539,5844,3573,5181,4042,5148
3404,6246,5683,6106,0,6837
0,4745,0,0,5393,4340
5767,0,4155,0,0,3546
7336,5116,3584,0,0,3903
4732,3796,0,4380,0,0
5767,6882,0,4657,0,0
0,2053,4496,3256,0,4471
4434,5967,0,2893,3209,7147
0,2649,3074,0,0,2667
5202,3956,6918,6173,4240,0
0,4108,2170,4699,2186,0
5275,0,0,4589,3677,0
2620,3688,2887,0,0,2876
5223,5535,5475,4898,5078,0
3850,4134,3018,3329,2955,3199
8015,0,7858,0,6672,6844
5127,7543,4723,6068,7349,6758
4310,3761,3273,0,2890,4935
0,6531,5796,6582,6488,5503
3442,4887,3611,4136,0,5776
5288,3561,0,5688,4739,0
3074,4316,4012,3272,2831,4526
0,3948,5289,4001,5598,4061
0,0,4176,4208,0,0
3229,2982,0,0,0,3024
0,7100,5695,7261,6162,0
7688,0,6701,6758,8252,5753
5066,5094,0,4284,5769,4059
6798,0,7087,4891,7444,5371
5819,0,5368,0,0,7413
5822,6592,0,6475,0,7748
0,6281,0,6460,6584,0
0,0,0,5326,5091,3787
6203,6179,6906,0,6690,6648
8022,4543,3893,6189,0,0
4336,1831,5436,3127,3220,0
0,0,4837,0,4036,4247
5557,5211,5394,6623,5296,7032
4340,3789,3888,0,2872,4519
2260,3215,3789,1977,0,0
5381,0,0,6492,3006,7382
6155,4169,0,6705,4494,5216
6309,6396,0,6521,0,7359
6494,0,0,0,5753,0
3491,6578,0,3905,6976,6108
0,3328,0,3769,0,2749
7407,0,0,6190,0,5176
7292,5954,0,6786,5749,0
0,4530,4398,0,0,0
3023,4315,4005,3333,2664,4622
0,0,3317,2664,5905,4482
3416,2962,0,0,3355,2895
6536,3262,3927,5024,0,0
3455,0,5422,0,5397,6746
2934,0,0,3073,3079,2788
5131,5082,0,0,2792,6732
0,3833,0,0,3247,2741
3031,4705,2190,3880,3740,2919
4871,5380,4612,0,5199,6775
6833,0,6387,6020,6297,0
0,3405,3813,2948,2497,5082
5307,6579,5561,5518,0,0
0,0,0,7931,5691,0
0,0,4032,6440,3424,2645
3314,0,4781,0,0,5136
4668,4290,5095,3713,4808,4554
4823,3173,4788,0,3959,4025
0,0,5714,5098,5516,4860
0,0,0,4577,5606,0
7797,6846,5005,7051,0,5152
4224,2893,3482,0,0,3350
3694,5074,0,6495,5768,0
6288,0,6412,0,5610,4266
2863,0,4362,0,5183,0
0,5419,5156,5248,0,3685
5460,1822,5757,3719,3900,4188
0,0,5813,6315,0,6271
6823,5877,4571,0,0,5487
0,0,5794,5336,0,0
2038,3737,0,3586,0,3713
3469,0,0,0,0,0
3333,0,0,0,4691,4093
5288,3250,3905,4831,3755,0
5392,3160,0,5645,4097,0
2039,0,2979,0,2346,3907
0,7113,0,4120,4376,0
2426,3317,0,0,4109,0
5067,6425,6102,0,0,4692
5042,0,0,5376,0,2260
4099,4816,0,0,0,5001
0,5632,4606,5282,2922,4451
0,6543,5235,0,3687,5610
7908,8785,0,0,8874,0
6792,0,0,0,0,0
6401,3446,6315,3892,5176,0
0,7125,0,6045,0,9137
3727,4979,4402,3800,0,3935
5949,0,0,7230,6419,0
8110,0,0,0,8406,5966
0,0,5133,6660,0,0
6028,3274,3758,3592,2892,3931
7220,0,0,7226,6936,7578
1910,1049,1649,1043,0,0
0,0,7565,6413,7225,6709
5277,4896,0,4667,4617,4022
6843,6005,5310,7256,0,0
0,4635,3108,0,5507,3269
6665,0,7219,7915,7062,6607
5738,0,0,7352,2693,0
6835,0,6775,6856,6843,7030
8177,5828,6682,0,6094,6776
3842,0,0,4575,3583,0
0,3294,0,5386,1824,3410
0,0,6266,0,6238,5936
8620,5892,8105,5848,7563,6442
6463,5192,7205,5443,5423,6651
5743,0,0,0,0,5167
0,0,5802,6195,0,4462
4066,2036,4984,2684,2716,3995
3632,3976,4053,3564,0,3553
4571,5333,4471,6472,5234,0
4074,3876,7920,0,5217,0
1808,3090,2900,3364,0,2875
4064,0,4483,0,0,5042
8753,3327,5741,4944,0,4249
5992,0,7255,5027,6298,5975
4226,5646,3749,6106,5301,0
6494,0,0,6624,0,0
5107,0,4330,7810,0,0
0,4192,6114,6378,4761,0
4859,4386,0,0,0,7699
0,4690,6814,0,5759,2492
4109,3766,4255,3027,4034,2152
7031,6049,6270,4743,6766,0
5511,5102,5884,7526,5655,5603
5042,0,4716,2621,0,3206
1521,3106,3559,2793,2074,2806
5990,0,0,6963,7318,6806
5821,2283,0,4756,0,3765
6827,7268,7376,7324,0,0
7152,0,6532,5490,0,4018
0,6142,0,6779,5896,0
0,6929,6672,0,0,6720
4374,5373,0,2902,4522,5109
0,0,0,6941,3099,0
5419,5248,2840,0,0,3913
0,4771,0,4344,0,4818
0,0,7972,0,7926,0
5460,7631,4505,0,5543,5500
5430,5016,5019,5926,0,3306
4449,0,0,0,5667,4573
0,0,5914,0,4768,0
0,4129,0,6359,0,5463
6937,3661,0,0,4605,4696
4422,0,4247,0,5555,0
2404,3773,3950,5047,0,0
3215,0,1931,0,4448,3727
0,0,0,0,6905,0
0,5271,0,3360,4507,4363
4714,5189,4779,3867,6462,5863
3359,0,0,3555,3968,0
6012,5513,4909,7308,4198,0
0,4337,4992,0,3358,3510
0,7510,0,6671,0,6662
0,2273,0,1968,2960,0
7393,6926,7244,7080,0,0
7224,6236,6204,0,6383,7033
4670,2904,4542,0,0,4366
5144,6868,4564,0,4577,6095
4994,0,5405,3085,0,3994
0,4869,5270,5283,7743,0
7361,0,6178,0,5084,0
2907,0,5256,0,7921,0
3871,0,5183,0,6936,4031
4506,3472,5141,3059,0,5262
6680,7135,6861,0,7603,0
6658,0,5426,0,3670,0
3921,3672,3825,3054,3915,2875
6469,0,7154,6249,5760,5283
6008,7634,4794,6697,6409,6170
7284,3638,0,5798,0,4442
5555,5469,0,6610,2654,4911
6938,6931,6443,0,6065,0
5699,0,6601,5120,7087,5013
6986,7540,7880,5943,6926,7071
5244,5244,4902,5729,6282,4254
4609,4895,0,4588,2716,7345
6110,4645,3608,0,0,5610
5510,3853,4907,6222,2338,6029
6348,6521,4969,5556,4765,0
7971,0,9135,0,7780,0
5556,0,0,6289,4568,0
7338,0,5821,7396,0,5011
5354,0,0,4281,4799,4147
0,3836,0,0,0,3978
0,0,4500,0,0,3282
0,5842,4005,3775,0,0
4508,0,2728,0,2624,5749
0,0,3900,4767,4634,5030
0,5316,0,4646,4337,4320
4353,3708,4002,0,0,5214
0,5605,4944,3811,0,2324
6226,5737,5254,6413,5286,6201
5645,4389,6972,5923,0,6590
0,6703,6908,6273,6846,0
6174,7990,5430,0,5589,7268
1871,4876,4571,3858,0,5799
3439,5104,5803,5035,7022,4775
0,3299,0,3544,0,2854
0,0,0,0,3455,5126
5919,0,6802,4295,3913,5460
5902,6812,7046,6415,6569,7390
0,2985,2532,2314,0,1422
4091,4115,3469,3910,0,3317
3094,4900,2889,3480,0,3729
7920,0,6261,4645,0,1741
5608,6165,6472,5887,5817,0
4763,0,3936,7108,3371,5184
0,5409,3757,4636,4585,5506
5664,4085,6192,6427,3031,5675
4630,8818,3206,5803,5946,5692
2938,4873,5533,4713,0,0
2482,4882,0,0,0,3300
0,5351,0,4809,3498,0
4033,0,3224,5738,3928,4093
0,0,0,2926,3322,4185
0,0,0,3259,4451,7531
6341,4932,0,3483,6332,5052
5009,0,5265,5426,6948,0
5445,5918,7341,6882,5603,6452
4218,2885,0,4048,0,3968
2174,0,2334,3491,3926,3923
3610,0,4523,3345,3224,3302
6468,0,5509,6658,5319,6800
7621,7351,0,0,8262,7076
6076,0,7546,0,5046,5619
7061,0,5495,6162,5559,4905
3294,3048,4403,0,5014,2535
5415,7194,4776,0,6287,7139
4316,0,0,7035,6921,6746
1900,5349,3365,0,3428,4248
1554,2502,2222,2648,2135,2210
4984,5931,6464,6194,4581,6718
2422,0,2027,5205,0,0
4561,4203,0,0,4310,0
6416,5749,6477,6909,6020,8144
0,3645,2938,3254,0,1908
4696,0,3771,4977,0,3941
3863,2755,3709,2450,0,3417
0,4206,5955,3057,0,3368
4232,3919,0,4836,3579,0
5129,1532,5447,3319,4798,4570
7623,6802,5699,6772,5443,0
0,6131,2161,0,4868,4131
6646,0,6080,4538,0,0
7814,6148,8348,6301,0,7110
6823,5756,7074,4770,8598,6502
8318,4098,7499,6852,5239,0
5087,5815,0,4807,0,5242
0,4145,3690,3938,7708,0
1855,0,0,2755,2273,0
5263,0,4869,5855,5509,6264
0,3524,7394,4971,5608,6517
6295,5127,4518,5035,4104,6323
5788,7522,0,6081,7886,7480
0,5513,6191,5673,6054,3810
2911,0,3441,0,4388,2944
2483,0,2954,3434,0,4762
4061,3799,5736,4310,3284,4133
3783,0,2809,5946,4945,4439
4687,7008,3417,5570,0,5063
0,3884,7596,6766,0,0
0,5355,5756,7182,4657,0
2941,7702,1569,0,3760,0
0,0,5967,6753,5388,7266
0,7017,0,0,6110,6538
8224,7130,7211,6660,7491,6097
2832,5653,3995,4086,5134,6066
6191,6967,0,6631,7109,8661
2839,0,0,2127,0,2314
4121,5144,5180,5315,4605,0
6515,3335,4311,0,0,2877
8382,7714,8028,9081,8255,7860
3257,2615,1331,3596,2735,0
5254,0,5163,4385,0,0
1139,3395,2772,2738,1765,3598
4340,0,4127,0,6283,0
3575,5412,0,0,3536,3548
0,0,5645,6463,0,6640
4080,0,0,0,3965,2716
0,3307,0,0,2965,0
0,7486,3787,4325,4067,0
0,5561,5402,0,0,6092
0,3265,4867,6571,3611,5243
4283,1833,0,0,0,2675
4703,3994,2808,2647,4496,2956
5480,0,0,2806,5596,0
4382,5474,0,0,0,5898
0,6043,6334,0,6750,6173
0,6088,0,2033,0,0
7345,0,0,6039,0,4371
0,5308,5585,4713,4629,4614
7319,8095,8022,7079,7324,8405
5123,2751,2342,3367,3383,0
0,7752,7401,7858,6877,8455
3942,0,0,0,5357,6901
0,3359,0,5705,3376,8842
2971,3587,3940,0,0,4229
0,4684,0,5940,2497,0
0,6976,0,5906,0,3391
4288,5424,2511,5052,5818,0
3257,3328,2384,0,0,3185
5352,0,2740,6150,1857,0
0,8103,7074,0,7199,0
5299,5206,6313,6496,5052,6610
0,7862,0,6978,7048,7611
3914,0,5748,4491,4336,5155
0,5982,3807,6225,3294,0
0,0,0,0,5070,2964
2250,0,4675,5131,6479,0
4722,5021,6380,0,0,0
5026,5425,3575,4704,2565,4037
0,5550,3462,0,2169,5651
0,6484,5849,8234,0,6603
5645,4083,3966,6867,5055,0
0,0,1631,3759,2985,1172
5856,0,5661,6468,6250,6737
4569,4433,3240,2814,0,2949
8346,5584,5180,0,0,5326
5713,6350,7005,6111,5842,7880
0,3414,3085,2754,2796,0
5167,2460,7084,0,6553,5849
0,5304,5539,8605,0,0
4089,3531,1322,4237,0,0
3832,5254,5224,3568,0,5168
3484,7173,0,6278,3042,6232
5067,3529,6843,4494,5323,4963
4171,3653,4817,5537,3741,0
3523,3426,4329,3495,3276,4157
5134,0,3376,6134,3201,5786
4282,3823,5512,4245,5153,5900
8633,6031,5152,0,0,6538
8342,4634,0,4244,0,3724
4724,0,4712,0,0,4352
0,4828,6128,3747,0,0
6097,4942,3343,5214,5332,0
6132,5789,6267,4522,5540,7061
5272,0,5559,0,5691,8677
0,0,0,3550,5704,3732
0,3996,0,0,4487,0
6235,7296,6160,0,7000,0
3958,0,0,2011,4437,3206
0,5257,5769,6079,4392,4969
2466,0,0,0,3152,3207
0,0,0,0,0,3241
0,3660,2625,0,2691,2969
4578,0,4822,0,0,3721
3634,3351,2943,4776,3203,0
4460,4775,4664,4655,5100,5602
0,0,6215,0,5644,8768
5508,5712,4930,5357,6725,4395
7322,5178,7491,6496,6255,0
3949,5351,3090,4160,0,2384
0,5190,0,0,3950,4953
6362,5546,5909,5021,0,0
6255,0,4144,5156,5709,4571
0,6747,7342,7531,7299,0
0,5625,0,4184,5645,5827
6102,3341,0,0,2864,0
0,8231,5942,5557,6513,0
4069,4810,4169,0,4246,0
4274,4531,0,4624,6686,5069
0,2485,5757,0,5801,4019
0,3835,5558,4161,0,3783
2844,4543,1512,3244,2407,0
0,4625,5732,5897,2797,6440
1970,0,3127,6556,3007,6558
7627,0,4486,0,4784,5173
4451,3540,4382,4138,3507,2836
5229,0,5425,5258,4455,7134
6105,0,0,0,0,0
3496,3936,2673,4357,3983,0
7025,5227,6251,6087,6516,6756
6965,7179,3416,7826,6497,5228
5299,2917,2773,3941,3632,0
6160,0,5337,5165,5508,6175
4769,5210,4641,0,0,5394
0,0,0,3443,5833,4821
0,3280,3375,5917,3063,3892
5242,4643,5129,4212,4157,0
6054,3958,3841,0,2608,0
5782,3743,4152,5729,3973,3512
6792,5809,0,6396,7179,5240
6765,0,5395,6645,5985,0
4972,0,5365,5641,0,5468
4436,4556,4913,2795,5222,5829
0,3853,0,0,4623,0
0,0,0,3261,5779,0
4190,2371,3194,0,0,4959
6393,6373,6612,6358,8374,0
0,8800,0,6705,6602,0
5618,6832,4809,0,6139,4090
4384,4396,4677,0,0,0
7497,6477,6379,0,6989,6451
0,0,6291,0,5922,0
7928,0,7206,0,5832,5711
8091,7248,0,8377,0,0
6247,0,7324,6135,6820,5432
6114,6827,7450,0,5090,0
3597,3113,0,3589,2820,0
5548,0,0,0,3127,4601
0,4997,5081,5277,5434,5697
4459,5697,0,4148,5228,5541
5133,3554,5604,5476,6468,5555
6226,0,4752,5102,4217,6177
4070,2960,0,3638,0,0
3550,4579,4639,4520,4601,5903
5354,4571,3556,4870,5934,0
3625,0,5996,5342,2435,4873
5580,5010,4931,6523,4190,4030
3912,5608,0,3431,0,3766
0,0,0,2123,4686,3845
7881,0,0,6532,8455,0
0,3222,3208,0,4248,3299
4365,4497,6963,3830,5360,6151
6270,5460,4370,4468,4579,2150
6623,7112,7033,6349,0,7431
4129,0,3379,5861,5369,0
0,2731,0,0,5383,0
5249,4523,6757,3920,3450,6439
7245,4425,5708,7340,5286,3373
4285,0,4127,7391,4826,4093
5640,6244,0,6000,5724,5469
0,3417,2101,0,2351,0
3957,8053,3717,0,5310,6907
7297,0,6430,6392,5923,6083
0,7811,6544,6539,0,6649
5979,3258,5981,0,3513,0
2985,4302,4715,3229,0,5040
4278,0,5297,2460,5573,6578
3207,3621,3530,4266,3144,5733
0,0,3854,5268,0,2693
3237,3174,0,0,4036,3379
3719,6846,4371,5139,6784,7301
4267,2746,0,0,2196,0
0,4643,3190,0,0,4116
0,1713,1824,3115,1885,0
2770,0,3812,5561,3577,6311
0,5409,0,7688,7044,0
0,7848,5396,6856,5595,6050
4389,7525,4186,7370,5028,0
6284,0,4447,7245,6203,4595
6315,6096,0,4290,5896,6590
2440,5430,3163,0,3628,6031
0,0,0,0,6430,7245
2181,0,4083,4228,3730,5667
6578,2899,5185,5679,3674,0
2527,2687,2454,4325,3432,3049
4598,5871,0,3770,6655,0
8115,0,7478,8599,0,6916
5976,6106,4052,5591,4452,6132
3965,2517,4180,2933,3838,1492
5360,2603,4183,0,3151,0
4735,4497,3165,5847,0,7288
8219,0,0,7564,0,0
5854,6734,5292,6240,0,5777
6207,6944,6451,0,0,3355
0,6712,0,7104,7081,5811
4417,3848,6032,4078,5274,4439
7391,0,4557,0,2831,0
0,4343,2660,5433,3409,0
0,0,0,2162,2595,2358
6591,5187,5952,6713,0,6950
4336,4546,4858,0,5170,6688
2088,3042,0,3630,0,0
0,0,0,4859,0,2686
0,5721,0,0,6113,2994
5606,5053,6038,6384,0,0
2681,0,3305,3017,3035,0
4471,2946,5087,2738,4177,0
4434,3228,5008,4446,5059,0
4968,0,4427,3793,3153,3429
4839,6515,5807,5603,6299,0
6161,0,5442,3694,4682,4376
0,0,0,5758,4434,6900
7340,6762,5540,0,6715,0
4890,0,3624,4434,4199,1759
7374,0,7714,6574,6588,8015
3502,0,1285,4775,0,2642
4510,5253,0,4679,6871,0
7777,4328,5989,0,6134,3813
0,0,0,7601,7400,7187
1207,0,2880,3934,2643,2809
0,0,5040,0,5963,6238
4544,6828,0,0,5149,4336
5524,5315,6543,4613,0,4720
6622,0,0,0,0,6543
5394,3473,7521,4221,7440,6149
0,0,6519,5976,6045,5170
0,6218,5166,6732,2808,5424
0,0,7689,2938,6354,5006
0,6146,0,3704,0,0
4159,3143,0,3376,0,6743
2276,2103,3232,0,1566,0
5677,4127,5055,0,0,3433
7301,3616,7570,0,0,4204
0,7479,3217,2291,6603,5931
2444,5306,3588,3870,4850,0
4785,3827,1834,0,0,0
6144,6458,4375,6604,0,0
6493,0,0,5896,5959,3362
5024,6812,4592,0,5602,7455
5130,6633,4591,0,6457,0
6172,0,0,7597,5059,6249
3826,1446,3708,2402,0,0
0,6513,6422,0,5972,0
2790,3971,4731,3762,3264,0
3930,4087,5865,2999,4371,3689
7130,6998,6540,0,6458,0
5166,5620,0,5788,4594,6295
3239,4216,3122,0,2480,0
0,4923,4568,6898,7488,0
0,3140,0,3875,2431,4160
0,7539,0,0,8123,8733
0,6245,5554,6923,3484,0
0,3410,6163,0,0,6171
0,2420,4389,3926,0,3691
5015,5396,4520,5252,5423,4468
5588,0,3481,6525,5859,0
0,0,0,5508,6684,6185
0,4892,3880,7100,0,6321
6239,5613,5981,0,0,0
0,0,5915,0,6192,5076
7116,7097,4295,6403,5861,5638
0,1008,1652,0,0,1173
5768,0,0,6535,5676,4778
4986,0,0,4479,3963,2606
0,6134,0,0,5059,3932
8744,7047,0,6584,6398,6164
4184,3613,3553,4353,0,4947
8070,7852,8084,8360,7907,8027
0,3260,5016,6902,2387,6139
0,4862,6829,0,6546,4550
3165,1416,3602,0,0,0
0,1431,0,0,5346,5079
2394,0,3347,2525,3031,3472
0,5882,0,0,6318,5765
4256,1814,4919,0,0,0
2294,2493,0,4907,3201,0
5246,6134,0,3592,7746,0
4875,5179,0,0,5094,0
4845,5381,2908,3399,0,0
3890,0,1841,0,0,5425
5776,6685,0,4999,6974,0
0,3084,4784,2510,3834,3300
5239,5687,4465,6578,0,4869
0,0,6137,6530,7267,6284
3467,0,2937,0,0,2888
0,5496,6208,6696,6476,6159
3794,4749,0,4281,6064,0
3650,2816,4288,2640,3324,0
6235,0,0,5885,5842,0
4723,7407,6499,5586,5465,6613
2803,4896,3149,7014,4274,4659
0,0,0,6212,6660,5846
4728,5737,3368,4681,4862,0
3506,5095,0,4643,0,0
6224,4027,0,5340,5424,0
5821,5552,4281,5569,0,0
0,0,3724,6234,3592,5907
2589,0,2016,3155,0,862
0,4294,0,0,5150,7132
4792,4869,6132,5882,4699,5333
4454,3828,3974,3861,5868,4350
2377,4116,3769,0,3228,0
6846,5945,0,6424,5799,5392
4358,5444,0,0,3977,0
5730,6425,7488,0,5465,6875
0,3124,3446,4647,3306,2250
5108,6897,6331,0,6478,0
5642,4133,5822,4918,6697,0
2291,5598,5125,0,4548,5194
4481,0,0,3246,4019,0
6887,5529,6078,6530,6455,6361
0,7100,4698,4689,6476,6886
5280,5100,2632,6026,0,2672
5456,0,0,5582,4473,0
0,0,5870,7173,4866,5473
3173,0,4318,0,0,0
4336,2995,4602,4453,4516,4200
4381,7186,5812,2906,7286,4066
5020,2728,0,3775,0,4823
7759,0,5200,0,0,5627
7003,5875,0,6722,0,7822
6282,0,6069,2528,6197,3759
6271,7859,0,7651,0,0
3625,0,0,5402,3705,6154
0,5743,6942,0,4258,7008
0,5604,5431,3916,5061,0
4571,7421,5798,0,0,8050
5511,4036,7253,3559,0,4944
6898,0,6858,6253,6291,0
0,2781,6847,6041,2993,4941
0,0,5873,7608,5839,6646
4875,2490,0,3052,4500,0
4896,5075,0,5081,4114,4842
4694,0,3912,5188,4556,3981
7020,4832,5644,5846,4827,3655
0,4162,3843,3347,3949,4259
6173,0,0,0,6624,4483
4283,4510,4608,0,0,4115
2373,4447,3179,3275,2500,0
4635,4983,0,4553,0,4104
4159,5139,6816,5463,5169,5925
0,1764,6038,0,4566,3690
0,0,5424,0,6980,6709
2364,1377,1911,2124,1966,1509
7262,8472,7454,8298,7797,8240
0,7288,0,7087,0,6386
4884,3949,8623,0,5858,6700
0,5466,0,0,5176,5414
5866,5891,5762,2433,6364,3353
3629,2109,0,1719,4190,0
6974,7380,7685,5353,0,5137
4908,3925,4116,0,0,3773
4788,4139,3658,2526,3881,2992
6866,4994,0,3356,5963,2982
6347,5874,5875,0,0,4671
0,8102,6711,0,6679,0
7675,6256,6635,6437,0,5285
5160,5941,4939,0,5401,0
0,4279,0,3587,4584,0
2898,5789,5434,0,0,0
5419,7629,0,4973,5267,4851
4505,2690,0,5095,0,3677
5551,7038,0,0,6828,0
0,0,2567,5033,2125,0
0,2018,4816,2950,3943,0
5654,5794,6139,5294,5442,5912
4746,2683,2894,0,4096,4158
5443,4720,3446,0,0,0
6231,7857,0,5389,6126,6238
3775,7714,7190,0,0,9188
2990,0,2061,4020,0,2589
5061,0,4778,3502,6073,0
4602,4386,6755,6407,4006,0
0,4062,4361,3454,3645,4425
6177,4170,6735,5281,5381,0
6734,1933,0,5196,4825,4697
7178,6808,6917,6191,6695,5906
5847,3625,0,3876,7229,0
7348,7557,7428,7353,7743,6716
2381,5065,5119,3598,0,4753
4355,0,6558,0,3983,4617
0,0,6828,0,0,0
4753,0,2435,0,0,0
0,3099,0,3244,2870,3321
5546,3841,0,0,5980,3434
0,0,0,0,4818,0
0,2909,3812,0,0,0
5389,3142,0,4173,0,3269
3114,2234,3631,0,0,2706
4566,6888,4447,6638,3157,5413
7428,0,0,0,6672,0
4172,5196,4880,3247,0,5961
2643,3769,3733,2348,0,3887
0,4725,0,3695,4834,4660
3025,3453,3520,3988,2812,5954
4058,0,0,0,0,5833
7253,6348,6552,6547,7450,0
4548,0,3504,6527,0,0
2372,5118,4113,0,4416,4393
3603,2814,5365,3319,4128,5704
4622,0,4985,0,5579,5237
0,5968,5789,0,5778,0
2459,0,3878,2378,0,3290
3022,5853,4197,4285,4698,2190
5822,5316,0,0,5227,4621
4268,4267,3465,5937,0,0
4023,6338,0,5393,4876,4580
6712,5494,0,5436,3694,3787
3853,6210,3963,0,0,6989
6364,0,0,7205,7557,0
0,6373,5692,0,3222,6692
6815,5228,5082,0,7127,4519
5520,5799,0,6723,0,6125
3749,6152,5105,0,0,6197
5752,3496,6182,4225,0,0
5774,5026,0,4558,4418,4471
3474,5725,0,5144,4100,4807
5381,5276,5830,5267,0,4328
3939,6418,4770,5691,2538,0
3926,4086,0,4905,4779,0
3703,3876,3205,0,2730,0
5912,6787,5793,6250,0,5203
4645,0,6105,5771,5708,6753
7766,0,5207,0,0,2914
7218,5688,8308,7160,6751,6934
3693,0,0,1826,0,3509
3531,5823,0,4035,0,2705
0,0,5106,0,4666,0
0,0,3446,4135,0,0
6023,0,5860,6022,3552,5013
5147,3963,0,0,2995,0
3360,0,5668,3267,0,4072
4740,6445,2419,5730,0,0
0,0,3363,4359,2992,6328
6376,7336,6414,7153,6106,6661
4918,0,4210,4442,6059,4469
5757,4629,0,4794,0,3414
0,6970,4240,5456,6805,4296
4453,5798,4334,3723,4791,0
4061,6067,4739,4822,5242,4092
1673,0,5483,3631,0,5335
0,5728,6589,6381,7810,0
1486,0,0,0,3451,4177
5574,0,7841,0,5863,0
4687,4917,3922,6805,0,0
0,5990,4948,5557,4289,6386
4567,3783,4371,3919,0,1335
4098,5339,0,5579,3572,4596
4142,0,0,2756,2293,3582
7275,0,8017,5192,0,7189
0,3499,3090,2183,0,0
0,0,6708,0,6876,0
4236,3509,0,0,0,3096
4044,0,4823,6871,0,0
4926,0,0,0,2789,3487
0,6800,0,7470,0,7126
3883,0,2875,5158,0,4865
0,5410,6963,5523,5976,0
5130,0,0,3785,0,3223
3023,3772,0,2643,3709,4754
0,0,0,6024,4722,0
5026,0,3948,4161,0,0
0,7298,8500,0,0,0
0,0,4704,3960,3002,3711
5034,4652,0,3426,0,0
6506,0,6462,5150,6840,0
5587,6442,0,6771,0,7298
2753,2082,1747,3178,2706,2035
4699,3946,6182,0,7006,0
6392,6593,0,7287,5294,6817
0,3914,0,0,5487,4332
3205,1096,0,2000,2021,2255
2872,0,0,0,1286,2869
6647,7217,7494,0,0,7882
3877,2639,6329,0,0,3357
3472,3999,4040,3526,0,3895
0,6642,5315,0,4886,7228
0,0,0,0,6462,4295
3306,6058,6457,6369,4833,7746
2778,3950,0,3247,2056,2644
1933,0,4101,4261,5353,5085
6225,5456,4282,3555,6293,4616
3919,3588,0,2431,0,3539
0,0,8144,0,0,6518
6142,0,6498,0,6162,7698
2730,0,4537,2981,3927,4035
3242,3789,0,0,0,4428
0,5665,0,6933,0,7790
6358,3413,6052,4752,0,0
4119,4265,5468,7105,5117,7386
3855,4898,5629,0,0,5543
8048,6996,8258,7812,7556,0
3183,7813,3907,0,0,3512
6672,7042,0,0,0,7488
5024,5112,0,6455,3831,5143
0,0,4449,5279,4424,4980
6410,0,5606,3963,6427,5156
5801,5242,3893,6510,4736,6699
4345,4963,0,5964,4894,6576
5678,4071,4209,3835,2385,3503
5438,0,3717,5057,6734,0
4170,5427,4922,4866,2232,7582
0,1702,0,0,0,2987
6681,2357,4106,0,5103,2384
0,6393,5517,6287,6701,5409
4536,0,4761,3761,5696,3551
0,0,4520,3320,3894,3594
5369,5462,0,0,4921,3836
3028,4439,6071,4072,4932,4851
0,4846,5395,7744,4048,0
0,5266,0,6009,5658,5023
5804,5903,3749,7793,3640,6448
4140,6571,5018,5457,4072,7458
4180,6457,2111,0,5519,4841
0,5409,3753,2686,5264,0
0,7671,6587,0,6934,7575
4832,0,0,0,2444,4761
6373,6963,6904,0,7105,6924
0,7017,5128,4355,4392,6653
3198,4935,5459,4772,3886,5089
5081,0,6197,3789,0,5204
0,0,5194,1862,4903,5502
7160,2120,4609,4986,5108,5113
5362,4619,6446,0,5703,3242
6268,5285,0,7713,5854,6065
0,2140,3085,0,1679,0
5701,4492,5009,0,4760,4149
8387,7175,7442,7653,7558,7784
0,0,3893,0,2973,0
3309,4321,3793,4156,4040,0
4176,4061,3860,3486,3458,0
8694,0,0,8100,0,7509
5101,0,6102,5088,4859,6755
0,5333,5017,0,0,2862
0,4370,6258,4059,6322,6062
5942,5861,6344,6233,5469,5303
0,6995,2578,0,5673,0
0,6796,5209,6373,3530,6630
7997,6344,7674,6594,7109,7431
6060,0,0,0,3488,4708
4737,3433,0,4077,4800,0
0,0,3242,6726,0,5130
6384,0,0,5759,3586,4501
0,0,0,2328,4517,0
4406,2716,5030,3845,3054,3199
6111,5021,5127,6710,0,0
0,6420,5852,6345,6618,4914
4573,4721,4648,0,6028,3114
0,0,5987,6461,4684,0
0,0,7877,0,7438,0
1917,0,0,0,3248,0
0,5602,0,4750,5836,5061
4516,4184,0,2736,0,0
0,0,6935,6375,7169,0
0,5127,0,0,4334,3726
3048,5563,3760,0,5009,4005
4325,5230,5973,5517,0,0
2329,0,3752,5474,2856,5001
0,6089,8355,0,7367,6035
4707,0,5505,6373,0,0
2569,4916,0,3525,5085,3237
3314,4854,5752,3301,5262,3606
3067,0,4130,0,4192,0
3264,3258,0,3555,2994,2236
2622,0,3558,3721,4876,0
4280,2808,0,0,4192,3828
5057,0,5388,5034,4764,6008
7811,0,6569,7516,0,5710
0,8099,4542,7291,4083,5293
4437,4235,4615,0,0,5387
0,7214,5996,4787,5381,0
2560,4892,3287,3545,0,4077
4588,3336,3422,5992,3691,4354
6270,0,4048,2217,5520,0
4424,6018,5134,6371,5855,0
4217,0,0,6189,3206,5524
3856,3865,5909,4309,5641,4639
4651,0,4633,0,3566,5248
6516,8965,8104,7192,8506,8966
5954,4313,5080,2773,7072,5111
0,5449,4503,6868,5842,5479
6748,0,6479,4919,7052,1030
0,0,3168,0,4869,0
2876,0,3115,4223,6802,0
6382,7495,0,7635,5659,6481
5042,5011,6173,0,5027,0
7165,6742,0,6287,8422,6069
3867,0,0,3833,0,4477
4439,5503,6975,5098,7046,0
7188,0,4495,6102,0,0
7195,3651,4824,6157,0,5208
4347,6216,6264,4076,6757,6519
0,2228,7015,5792,3302,5603
3767,3022,0,0,6155,6793
0,3872,3637,3423,5711,3315
7063,4737,6070,4604,5801,0
0,6258,0,0,3651,7257
5456,0,3592,4536,4052,0
1941,0,2053,0,1876,2211
5033,7166,7104,3902,0,5601
7351,6953,5174,6076,7469,4159
6148,5728,7046,6078,6523,6959
5284,4180,0,5090,2787,3414
6441,2634,0,2620,4711,3223
4642,4514,3224,4952,0,3737
6318,5526,0,5632,0,5219
3251,5526,1983,8289,0,0
0,3320,5878,4916,4035,4808
4892,5505,5263,4928,0,3750
5162,6251,0,4527,6522,4460
4188,5670,6668,4421,0,6023
0,0,0,2187,0,3341
4950,4354,5705,0,4609,6960
4367,0,7024,0,2817,7134
5881,3139,6505,5178,2791,5725
3528,2778,3444,3499,3982,0
4775,0,0,0,0,0
7034,7335,0,6242,7474,5566
4378,2920,3021,3404,4600,3513
0,5507,6723,0,4584,0
0,0,0,0,6546,8275
5951,3721,6111,0,5432,5734
3783,0,0,4324,5080,1655
0,5996,4614,5911,7594,5888
5692,0,7037,4753,5829,5356
0,4455,4862,4019,0,0
4104,4965,6297,3907,5552,4298
0,0,5450,0,0,2402
0,0,5532,3119,6726,1982
3181,2665,0,0,2848,0
5545,0,3772,4396,0,0
0,5619,3657,5112,4911,0
0,6077,0,5932,0,3939
0,0,5956,6654,0,6710
4943,2765,5498,0,3467,4371
0,7124,7283,6693,8003,5788
0,5935,6051,0,5773,3935
2715,0,4358,4462,0,5727
4258,5355,0,5388,3535,4477
7194,7582,0,6630,6332,4090
3591,4544,3419,4629,3948,5338
0,6286,6181,4502,5356,0
0,0,4415,4944,3873,0
0,5910,0,7305,0,4829
0,5266,2390,5107,0,0
8558,6885,0,7548,0,8149
3119,0,2890,0,4296,0
6474,5543,4595,0,0,5971
0,2758,0,3349,4908,0
2788,0,3499,2418,4224,3507
5805,6183,6328,5248,0,4583
0,1843,2428,2814,0,2850
2104,2132,0,2861,2602,0
3787,4565,4247,5371,0,0
7049,7055,4733,7576,4999,4071
6840,5931,6838,0,6176,0
6687,0,0,4070,6116,2941
5215,4437,5548,3279,7176,0
5986,6083,5552,5895,5780,6728
2600,2542,0,1916,2821,1301
2048,0,1627,0,2565,2120
3382,5359,0,3190,4768,3771
6891,0,4226,6258,4816,5142
5314,0,0,8819,0,6563
2162,1980,2784,1939,2478,3002
3507,3943,4734,7575,2958,5469
4057,3430,0,6341,3699,0
2142,4440,0,3799,3058,6792
5487,6162,2818,7246,3508,5710
0,5187,0,3528,0,5062
3037,5838,5086,5476,0,5444
6985,6565,0,0,7420,0
5326,6509,0,6006,4940,0
0,5467,5495,4066,0,0
7470,0,7157,0,6659,0
1752,2873,1941,2547,0,0
4630,3653,5306,3518,3037,0
4117,6947,0,5007,5840,7133
4185,2065,0,3778,1484,2970
2808,2792,3027,4058,0,0
4259,5061,0,4201,3236,2997
3530,0,0,5692,0,0
1369,3512,2086,3099,1187,2612
4845,0,5763,3292,0,3036
5631,0,7003,0,5990,7844
3200,3295,6570,0,0,5940
7522,5639,7455,6644,0,5814
2789,0,3082,0,0,2762
0,5307,3919,5386,0,5837
4740,4358,2718,5318,0,4516
4101,0,0,4159,3932,4854
0,0,5363,7259,6797,6076
5226,5335,0,0,3393,5415
6959,5654,5614,5896,5425,0
3255,0,4370,4475,0,7952
3543,4597,0,2142,5560,4636
5687,0,6282,5343,5495,5038
2847,5964,0,0,0,6616
6266,2875,3666,4532,3035,5021
3909,3847,0,2928,2907,4299
0,3401,4885,4261,6579,3335
0,5129,0,5499,8334,0
6759,6575,5444,0,5907,5759
3655,4503,3232,4043,4579,4569
4558,4240,4808,0,0,2000
5406,2953,0,3520,4290,0
5977,6244,5474,6414,6895,3577
0,0,6554,6766,5296,0
6780,0,8320,7578,0,0
3835,0,4590,0,1731,7823
0,0,8320,8180,7442,9024
3338,0,5343,0,3697,5426
5531,5986,0,7131,6911,4331
6141,0,0,4727,6488,3678
4331,4895,0,3366,6421,0
3231,4343,0,2039,3340,2942
0,3987,5035,7282,0,6543
3669,0,0,3056,2549,0
6482,5591,7153,5354,0,6596
0,5582,0,6680,4908,5240
0,6982,5729,0,7046,6437
7088,0,0,0,0,0
5149,3971,0,0,0,0
3777,0,3187,0,0,0
0,3611,4707,0,3918,5360
6000,5500,0,4590,0,6808
2457,3379,0,3644,3194,0
6981,0,0,0,0,0
3587,0,4944,0,4323,4957
6932,0,7681,5928,6707,6583
5751,4867,4123,5184,2552,6514
0,2974,3652,3092,3693,0
4835,4490,5375,3990,3580,4549
0,0,6074,5023,5861,0
3201,4269,3592,0,3176,4199
5505,0,5589,4253,5520,0
6772,5666,6359,4596,6572,4236
6249,0,0,6939,6120,0
2993,7629,0,0,4226,7240
3457,3924,0,3807,0,5125
7172,6073,0,0,6287,5346
4130,6436,3708,6218,3773,5196
0,4447,6075,0,0,5700
0,8344,0,0,6045,6108
2385,1242,0,2627,1257,2483
4620,6282,0,5354,5383,0
4649,4655,4804,0,5854,3873
5325,4739,0,0,6172,3711
4434,4861,4944,0,5066,0
5501,6762,7937,5453,0,6940
0,6080,2332,3971,0,3626
5852,0,7634,5827,0,8006
6403,0,0,7310,6262,0
7215,4647,5979,5779,5208,4506
4734,4515,2253,7801,3514,5819
4650,3458,4422,0,0,0
5361,4321,0,6751,0,3873
4108,0,5149,6774,4047,7694
4672,4529,3909,5307,5188,3743
3216,0,0,2720,4272,0
4953,6576,5172,2800,0,4503
3660,4822,4002,4658,4736,4303
6709,4233,6893,3261,0,0
0,0,0,4313,4213,0
0,7648,4445,0,6007,0
6090,4875,0,3354,5560,0
5755,3947,5003,5279,4581,4483
2445,3544,2809,2178,4271,3200
0,0,5244,2496,0,0
1894,5714,2728,3918,2727,0
4415,0,0,0,3972,5059
0,5219,0,0,5151,5924
2622,0,2203,2692,2912,1937
5298,5785,4949,0,5545,0
3185,4582,0,5230,0,0
0,0,0,2741,7032,5092
6305,5550,4358,6443,0,4958
3608,0,3008,5634,3086,5477
0,4585,5274,0,0,5382
0,0,0,0,0,6304
5156,4476,4781,2779,7354,3425
4981,4834,0,4864,3847,3306
7829,5104,6444,0,8152,0
4294,4239,0,3537,6510,3595
7704,0,7219,5865,7909,5216
4791,0,4842,5846,6614,0
0,0,3983,5457,6801,0
6112,5487,0,4030,0,3596
5713,6973,3748,0,3767,0
7270,7220,7540,4632,8257,0
6062,0,7066,7146,0,6229
4883,0,5108,3490,0,5756
4171,4765,0,3485,5669,0
4907,4600,0,3692,5555,2904
3136,0,4536,3518,4321,3311
4536,0,5487,2772,4637,4011
0,0,0,4195,2183,0
3426,0,2314,3218,3599,0
5909,0,5639,5461,7997,5880
0,0,0,0,4701,5202
6814,0,7510,7221,6569,7105
4598,6494,4705,4780,4761,5911
5615,3931,6163,5342,5507,4871
2977,0,3318,3505,4014,2096
0,0,5188,0,7299,5590
5103,0,3732,4035,3931,3268
4569,5266,3280,4592,5211,3673
5947,5717,0,6461,4404,5901
7349,9228,7999,8761,0,0
5723,5409,6156,3714,6634,6810
0,1370,3939,2363,1446,0
3519,0,2835,4588,0,4920
4730,0,5147,4304,4555,0
7085,4076,0,0,3252,3631
3200,0,3276,2816,3176,3075
0,5162,5542,4612,6316,4844
3239,0,0,2399,3056,4509
5504,3678,0,0,6499,4509
6842,3985,0,6433,5076,0
6654,0,0,6849,0,6900
5901,6409,7082,5054,0,6962
0,0,5591,7579,0,6479
0,6848,6439,7935,7102,0
0,3140,2530,2921,3043,1750
0,0,3838,3409,0,4197
2907,3044,0,3012,2355,0
0,0,6544,6671,0,6886
0,4504,0,5622,4261,4515
6420,4993,4150,0,5562,0
6785,5767,5682,7386,6012,7059
0,5955,5103,0,5879,5256
5206,0,0,0,6189,3380
6520,0,4914,0,0,5823
0,5685,5481,0,7504,5963
6836,5695,0,0,0,5105
5729,5302,7015,6948,5602,3874
0,5766,6449,0,6170,3697
2641,3453,4350,0,4796,0
5398,4797,5220,5481,0,7754
0,6571,7206,5488,0,8271
5640,5195,3536,4695,5948,3884
0,2242,6138,5647,0,2675
5468,0,4345,4847,5071,3200
3214,0,0,5105,0,6774
0,8472,7811,6523,8000,6272
4550,4416,5327,2517,5884,5101
3610,5380,3523,4467,5125,4663
2748,1794,2628,0,0,0
5281,4985,2696,4766,4792,3910
5416,4390,3377,0,0,0
3410,5489,4700,4859,4513,0
0,5791,0,0,7537,0
5288,6180,5738,5306,0,4840
3953,0,4389,4031,3448,8018
6288,5453,5310,6422,0,5436
4432,0,0,5613,3913,0
6705,0,8092,6167,5604,7972
4665,3202,3892,0,4828,4650
6218,6875,6339,6587,6869,0
6414,3897,0,4075,5530,4593
2287,0,0,0,0,2562
0,3058,0,0,4218,3516
5555,0,0,6925,0,4840
0,4004,0,5435,4597,0
5546,7770,6174,0,6926,6448
7172,8006,8253,0,0,0
2144,3362,3238,0,3247,2913
6066,5344,3838,5749,4510,0
0,5332,5844,5619,0,5480
4411,5731,0,3014,4499,5191
1969,7532,0,0,5058,5710
3823,3683,0,2499,5042,0
0,5907,0,4764,0,0
0,5451,0,5413,5357,0
6732,0,6175,0,6707,0
0,7241,6051,6832,6826,0
0,3383,4980,2598,0,0
4192,2773,0,0,0,4477
5999,3994,0,6212,6568,4112
6714,5848,4945,0,0,4862
0,8058,0,4527,0,3646
0,4744,3620,4340,0,0
5478,0,0,4084,0,2058
7277,6167,4739,0,0,7443
5800,2755,0,4730,0,0
2705,3907,0,2777,5578,0
6111,5745,4907,0,5426,0
0,5211,0,4431,4371,3236
4865,3772,0,0,0,4307
3897,3086,7517,4754,0,0
0,6018,5777,4032,0,0
3122,4397,0,3817,3132,0
5399,0,3621,0,0,5755
3411,4012,0,3520,0,0
5063,3258,4338,4735,0,2744
3907,0,2661,4306,3229,0
0,0,0,3407,5216,0
5406,0,2976,3285,5996,465
4847,0,4583,4654,3238,0
3480,7313,5623,5954,5130,7353
0,0,7608,0,6382,6105
3695,0,4543,4978,0,4821
0,3949,3971,5149,0,4282
0,1012,5624,4439,0,5301
0,0,0,3638,0,0
5727,6259,0,6318,6331,7290
3752,0,0,2429,0,3586
3180,6008,0,4970,6623,0
6605,0,0,7074,5854,6765
4304,1999,3168,3070,0,3586
0,4863,5019,3861,5645,3801
0,4746,3051,5543,3388,3025
7160,0,0,7571,7066,7325
6557,7747,8150,0,7337,7051
3053,3598,5160,3964,6260,0
2210,912,0,0,2215,1847
0,0,0,5821,6023,6689
6314,7701,5553,6128,6103,0
4103,3743,0,5308,4710,3274
5673,0,5232,3273,5206,4660
3280,0,3116,5272,4045,4511
0,6015,6102,5957,6541,5663
3313,0,0,0,4624,5965
0,3396,4126,4398,4965,4277
0,0,0,7763,7195,0
4183,5446,4706,4890,0,5967
4017,0,0,3564,6331,3223
4008,0,0,4268,4243,5659
4686,0,6400,6211,3170,7915
4775,4217,6499,5884,4267,0
0,6773,0,0,5924,0
7051,6841,7814,7603,7073,7880
4934,5467,3882,4676,4811,4981
0,0,0,2632,3684,4688
2387,2245,2944,1969,2679,3052
4624,5824,4607,6448,6048,7003
0,4994,4553,5614,5074,5284
0,4059,3860,0,3674,5183
0,4549,6723,5417,5058,0
7515,0,6774,6786,0,0
0,6299,7341,6170,0,0
2762,0,2672,0,1958,2402
7022,7157,4762,0,6760,4836
5151,3853,3907,3966,3879,0
4346,5687,6779,4073,5654,4252
2155,0,0,2523,0,3100
3065,3706,4123,3745,0,3780
6006,5792,5156,0,7145,5165
0,5080,2980,4173,4456,0
3963,3558,4234,6236,1299,0
4687,5939,4625,0,7276,3354
0,0,3561,0,3490,5132
6631,0,0,4694,6084,6518
4580,4862,0,0,5343,4764
5383,6439,5247,7086,5091,5949
6491,0,7821,6537,5933,7142
7338,7390,5776,6575,7199,5751
5914,0,5705,0,0,5893
0,6687,7602,7551,6505,7548
3803,4873,2430,0,0,3855
6478,6318,5972,5954,6919,6753
4478,6761,5501,6467,0,7035
5977,0,2364,5686,0,2587
7214,0,6187,6935,6836,0
4937,5086,0,4846,5205,2893
4524,0,3012,2962,4564,0
0,5755,4246,5682,6170,5243
7205,6685,0,0,8437,7152
7216,5498,3813,7022,5485,0
3337,0,3418,0,0,5328
5637,5073,4922,5164,0,3974
0,4505,0,5424,4534,5876
4702,6562,0,0,6762,6484
2656,0,4697,0,0,6507
2843,7467,6672,4904,6442,0
4909,7026,4401,5145,8215,0
0,6420,7067,6858,6873,6648
6784,6541,0,6155,0,0
0,0,2854,5581,3155,0
5259,5701,6334,5862,0,5386
0,4900,5258,8434,5282,0
5160,6378,0,5658,7692,7390
0,4647,5537,3976,6268,4150
5611,6407,3764,4739,4325,0
5952,4855,8076,5010,0,6183
4897,3088,0,3920,6172,0
5570,5994,6142,5513,7424,6116
0,0,0,4624,3485,6247
0,6571,0,0,7048,5849
0,0,0,3481,5961,6311
0,0,5604,0,0,0
7510,7197,0,8049,7743,8084
0,0,0,2589,2744,2124
2053,0,0,0,2551,4216
2870,0,5322,3834,0,4862
0,4500,5436,5977,7530,6194
3369,0,0,4289,5304,4116
0,2270,4682,3563,3089,3379
0,2717,0,4978,3911,0
0,3678,0,0,0,4900
0,5217,4693,0,5081,2952
6679,3126,0,0,5683,0
0,0,6005,0,0,0
0,4824,0,6741,5844,0
0,0,6491,4223,0,8363
0,7371,8262,0,0,7557
0,5942,0,3812,2620,3170
0,0,4401,6246,4967,4036
0,6608,0,0,0,5587
3325,6224,0,3861,0,4251
6119,0,4742,6577,6709,0
6368,7054,0,0,5842,0
6146,3215,0,3593,0,2064
2919,4341,0,0,4129,4118
5254,5117,6920,0,7111,0
0,2610,2723,2335,3767,3076
3289,3871,0,4497,2882,4205
6284,5496,0,7057,4985,0
5147,4941,5420,5838,3522,0
0,3878,0,0,4723,0
3775,6166,5424,7307,3733,4983
0,4662,0,0,3427,4940
0,0,0,5295,4723,3233
4328,2657,6168,3604,5773,4961
5517,3815,4811,0,4208,6957
4546,3776,3876,0,0,3577
4663,3757,3223,4283,2395,4590
5238,5277,1678,0,3836,3459
0,3608,4539,0,6088,0
0,2742,3120,0,1948,2118
7687,7217,6742,6587,6671,6748
5009,4463,3580,0,3743,5444
0,5557,4213,5359,4771,4706
5386,6961,6017,5554,0,0
3309,3791,0,0,0,4247
0,3590,0,2800,4517,2673
4841,6229,5806,6844,6637,5353
3647,0,4044,3335,0,0
4731,3802,3487,5111,4216,2962
3393,4422,4195,0,0,3205
7480,6033,7377,0,5810,7446
4948,0,0,4140,3159,0
5987,6528,5919,7217,5300,7154
7061,0,6807,7056,6738,5890
6938,5730,0,0,6422,2698
4759,4671,0,4174,3128,3297
3933,0,3262,6388,6460,0
5454,4113,0,4872,4089,4144
4175,4126,5097,4300,4201,3808
6047,5608,0,0,6481,5224
6508,0,7056,5777,6878,6512
4741,0,5273,6332,5013,6514
0,3825,2941,0,3454,3736
2251,0,1925,1685,1914,0
6730,0,0,4540,0,0
3760,4802,3148,3375,4058,1917
6196,4439,0,6571,0,0
0,4323,0,3772,0,0
3790,5472,4938,0,2620,6604
3445,0,3762,0,4150,3682
1481,4896,3412,0,3531,0
0,3810,0,0,2115,6298
4477,5180,5583,3072,4842,3812
5655,0,4905,0,0,2790
6853,7189,6832,7261,6830,6861
0,3053,3635,3599,0,3752
4951,5189,0,5514,5899,3587
4772,0,5086,0,4844,0
5499,4520,5579,3541,0,4215
0,0,4313,3344,0,4107
5906,4356,0,6589,0,0
1563,6400,2229,3547,2251,5013
0,5221,6278,0,3544,0
4557,3155,4327,3850,0,3406
8659,7645,8612,9252,0,8428
0,4675,5082,4024,5252,4144
5543,0,4154,5388,5362,5761
3467,6637,0,0,3142,7070
0,5937,5320,5759,0,4175
4791,0,4109,4680,0,4568
4618,6263,4021,6032,5409,5039
3495,5105,3320,6334,4869,5074
4069,3735,0,4959,2024,0
0,7770,0,8075,7147,6174
3200,0,3342,2229,3471,3001
0,4544,5762,4941,0,6103
7714,7430,0,6706,0,6595
0,6306,2398,5879,5156,0
6062,7583,3451,5246,6395,4523
0,0,5705,7931,5800,5604
6224,0,6674,6876,6578,7424
3897,2567,4371,0,4178,2629
0,6215,4497,7042,4259,5864
0,5135,4557,4408,6015,0
6148,6175,5616,6551,6715,5451
5197,3349,2911,4178,3857,0
7011,6933,0,6415,7030,4817
0,4456,2656,4463,0,4447
4652,5490,4481,5996,5927,7078
7086,3711,3838,0,4452,2756
0,3791,0,5537,0,0
0,5011,0,0,0,0
0,0,0,4185,2772,4258
3169,0,3156,5087,0,0
0,0,0,5234,4765,3783
4849,3952,5800,0,3394,4142
5237,6477,7333,0,0,4673
4753,3321,5327,3603,0,3897
5313,6546,0,0,0,7112
0,3857,6827,2785,5325,4784
5047,5796,6349,3939,6999,0
0,4271,0,5059,4704,7286
4819,4147,4999,0,4866,3407
2993,3909,0,2062,2647,0
0,0,0,6563,0,0
3752,5529,4582,4682,5094,3963
4902,0,7238,0,7199,6386
1733,3778,3232,3762,2788,0
6089,5610,0,6032,0,0
0,0,0,4635,0,4030
4784,5059,6167,6277,4386,5376
3030,4007,2608,4899,0,5123
0,2295,3082,2107,2882,3082
0,6115,0,0,3917,7731
7104,0,6087,0,5498,0
5328,4448,5751,5751,5870,5341
4773,4217,4589,4897,6623,1871
6584,0,7993,0,6265,0
0,4252,4126,5182,0,0
4858,3665,5931,5749,5509,0
6494,3622,0,5328,5096,3474
4838,2879,5323,7794,0,6197
5399,4613,5036,6575,6484,6352
0,0,6995,6230,4547,6016
4632,3869,4371,3566,3681,3871
2652,1897,0,3848,1364,0
5736,0,0,0,5682,7184
6338,2625,3553,5979,2403,3538
5248,0,6662,0,7101,3869
6470,3598,5050,3415,5870,0
4246,0,5967,3431,6270,3467
3416,5257,0,5417,6001,0
4909,5832,6327,5698,0,5836
5256,4920,6822,0,5390,5083
4161,0,7241,0,6154,7021
5551,4060,5075,5107,0,3834
5671,4858,3868,0,4224,6148
8116,7010,6469,8675,6981,6460
5593,7011,7192,5071,6723,5204
2879,0,0,4690,3742,0
4779,3444,4683,1711,4800,0
5166,6276,6310,5150,7020,5300
0,0,3410,8536,3638,5669
4101,4656,4811,4956,4347,0
6209,0,3441,0,0,0
0,4775,0,3505,5848,0
5315,8313,5950,4355,7146,5224
2586,3034,0,3488,2582,2775
7218,0,0,7937,6354,0
4198,0,5032,3936,5764,4752
5753,7378,6629,0,0,0
1757,1825,1414,1396,0,1091
5815,5215,4826,5099,0,0
0,3375,3419,3523,2848,3488
0,4842,5989,4341,5249,5865
0,4796,6340,5288,0,0
3414,3928,0,0,3069,3921
4165,5523,3631,5835,4792,3483
4304,0,3745,5090,2612,6696
7176,5787,7355,5919,6060,6692
0,6733,6415,4422,7123,4363
0,2484,3493,3934,2738,0
0,3818,0,3164,3959,2961
0,6293,6058,0,5866,5650
0,7397,0,0,5247,0
3332,0,7052,4480,0,6926
6419,3074,0,0,0,5348
3891,4704,0,7108,3449,0
0,5062,3942,4687,3418,4533
5361,5514,0,3610,6842,0
4262,4667,4001,2849,3632,0
5372,4291,5070,4844,6369,4866
3446,0,0,2506,0,5126
7721,6895,6601,8236,6252,6928
4371,4717,0,2859,3949,0
2717,1993,2528,0,2426,2621
0,4433,4154,0,0,7655
0,6264,6518,6417,6545,0
4121,6164,0,4696,0,6037
0,5900,6300,3461,6349,3995
0,4041,6278,2685,7938,5286
0,2321,3174,2741,2398,3662
4637,7621,0,3724,5802,4439
0,4271,5265,6252,7004,4809
5446,8719,4323,0,8065,5053
0,5298,7113,5429,6554,6011
6110,7856,0,0,0,5758
0,7017,0,6616,4794,0
6343,5233,0,6316,0,0
3715,7552,5603,5986,1293,0
5628,0,4712,5095,7406,5136
7080,6386,6950,7406,0,4853
4600,6050,3253,0,0,5086
0,4564,4254,5067,0,0
0,0,0,7266,6183,0
4095,4201,5328,4830,4959,3941
6178,0,0,0,3665,0
5771,0,5883,0,0,0
0,3259,4048,3615,0,3900
4614,3109,4794,3959,3895,0
6794,2583,4360,0,3563,4707
0,0,5752,7469,0,0
8341,7266,8055,0,0,7734
0,5282,2178,4471,3531,0
0,3046,3294,2993,0,3747
0,4729,0,6045,0,0
4908,5217,3552,0,5591,5300
0,3708,7629,0,6136,6224
3454,4187,3106,0,3622,2960
7205,0,0,6787,6933,0
6686,7068,5438,7924,4942,0
6051,0,5896,5402,5537,7103
0,2342,5179,5054,0,2765
7261,6947,6498,6374,5709,4761
6401,7096,7306,7052,0,0
0,0,0,0,5473,3249
0,6627,6061,0,8303,5536
3736,0,2423,0,3267,3741
0,4685,4238,0,4409,3013
4239,0,5752,4332,0,6983
5582,6473,5227,0,0,6011
6928,0,7110,6431,0,6402
0,0,0,0,0,6088
6678,0,7564,6003,7177,6784
5536,5149,2625,0,0,4272
0,4924,2467,3230,4348,0
0,5393,0,5335,2487,3448
2949,4470,6155,3385,4154,0
0,0,0,4871,5601,2719
2988,3997,4596,6167,0,3693
5300,0,0,2920,0,4528
3149,0,2629,0,3796,0
0,0,0,3938,7308,0
0,0,4763,4316,0,0
4302,4634,4223,3467,2805,4531
0,7007,4580,0,0,5768
6532,5575,5309,0,5104,4199
0,2181,5390,3384,3826,0
5744,6597,6808,4755,6956,0
0,1419,1185,0,1236,1661
3973,3340,0,2206,4493,4985
0,0,6306,0,5799,6287
0,5178,0,0,0,0
0,5908,0,6633,6027,7033
7701,6346,4363,0,4892,0
0,6222,5553,4478,0,3536
5512,6044,0,5941,6336,4793
5711,5521,0,7114,0,6629
0,5518,6631,5540,0,0
4285,6333,0,0,7141,3216
3729,0,4725,2462,0,3956
0,4181,4738,6533,0,5758
0,5967,6822,6952,0,6784
3126,6774,5125,4519,5685,6187
4044,5432,3892,0,0,4966
3452,0,0,2722,4090,3778
0,4486,0,5525,5605,4774
7755,0,0,5519,0,4997
0,6224,6598,5431,7319,0
3264,0,0,4603,0,6082
2265,2631,3597,3740,2431,0
4298,0,4096,4090,3123,3662
6887,6756,7398,6039,0,6259
3397,0,3878,5373,0,4315
6262,0,6800,7566,4462,0
0,0,2891,3231,0,0
6566,6223,7484,4034,7042,6198
0,7796,5778,4211,0,4213
4935,5792,0,5657,6015,6021
2991,0,2946,2539,3804,1731
5794,2221,0,2894,4494,3105
3738,5406,4872,0,4595,5849
5652,5331,3450,0,0,3366
2871,7496,3306,4417,5128,6511
6013,0,5722,4637,5990,6585
6130,6763,4432,5940,0,5834
0,6785,5603,0,3554,6591
0,0,0,4744,0,5810
6606,7512,0,0,6853,0
2538,3077,1943,0,2183,4239
0,0,4658,3809,0,5364
2985,4225,4022,0,4275,6744
4020,0,0,5013,3738,3907
7828,0,6961,7185,7529,0
4252,5523,0,5982,3429,4477
0,4003,6129,4271,0,7076
5291,3474,5520,4916,3116,4622
0,5856,5458,0,5553,5526
0,3184,4669,0,5234,2826
0,0,4843,0,5009,0
5368,0,5056,0,0,3339
4078,0,5189,0,4258,0
0,5926,4095,6738,0,6838
0,4202,0,0,5404,0
5447,5360,6307,6061,5715,0
0,4283,0,0,5824,3896
6230,0,5857,5570,6647,6597
5359,0,5407,0,4842,0
7017,0,6833,0,8270,7217
5892,3797,0,4919,0,5042
2760,2886,0,1468,2925,0
4626,5592,0,0,0,0
5521,0,7085,5395,0,0
1902,2756,2371,2740,1781,0
2325,5139,0,0,3862,3493
5811,5552,0,0,5306,6580
2151,4908,2161,0,2138,0
6188,3410,6891,0,6903,2889
0,5585,3163,0,0,0
0,5837,0,3989,0,5408
2430,4487,3573,0,6790,7070
3447,3340,3071,0,3502,2260
5085,3989,5641,3743,5765,4366
0,2564,4306,4349,5882,4053
8691,8504,8409,0,8456,7919
5572,0,3499,3755,6994,0
5226,0,6776,0,2139,6134
5327,0,7447,3147,0,3770
6892,5269,6364,5509,5514,5147
4529,0,6415,2363,6713,4090
0,4933,3948,4040,6521,4926
7825,8110,8193,0,7052,8311
3029,5153,3866,0,0,3137
5143,3393,0,0,3603,0
4499,7353,0,0,6411,0
0,6041,5948,3993,4852,0
5717,4238,5189,0,0,4548
0,4793,6076,0,0,7042
7277,3895,6630,5427,0,5360
3763,0,5136,4115,3900,5744
5168,4005,5061,2287,0,4357
7642,6967,6564,5085,6952,6601
4009,3932,0,3128,0,0
0,0,3106,0,4440,0
6210,4571,0,0,4882,0
5802,0,6805,0,6173,7460
6623,0,4866,3682,0,4927
6877,6108,6895,6029,6592,0
0,5712,0,2739,3328,0
6091,4946,0,4976,5252,3708
6720,0,0,6832,7199,6887
3308,4184,0,0,2239,5381
6054,5148,4766,0,5417,5723
6996,6216,0,7100,5808,6469
0,6982,0,6986,5737,7086
5685,6045,5809,6598,3843,6204
6216,5966,6410,6867,0,0
4280,3192,4961,5647,3645,4061
0,4985,0,7052,4267,0
0,5531,2900,5680,0,0
5666,3959,0,0,4102,3602
6516,5207,5974,5881,7655,5380
1633,0,0,0,1461,2376
2743,0,7224,4826,5099,6414
0,5848,4725,5301,4467,6223
0,5144,4670,3315,3692,0
0,5554,0,4660,7372,0
3503,6709,1421,0,5319,2883
4175,0,2471,4820,0,4838
6798,0,5388,4717,6946,4882
0,6921,4618,3881,5069,4413
0,7441,7655,7884,8687,7222
3387,5062,4771,4997,4774,0
0,2500,4621,5187,2769,5928
4144,4672,0,3221,2964,4936
4045,0,0,0,2287,5961
0,0,3697,5297,6186,0
0,2128,0,2854,4820,2362
0,0,5678,5251,4276,2956
3786,0,0,0,4286,3188
8118,7859,0,0,0,0
0,6681,3697,0,4610,5087
6606,0,0,7399,6899,6766
3410,0,0,2676,3694,2272
4561,4447,4139,0,0,3953
7064,7191,5112,6127,5727,6879
6065,6577,6183,6056,6478,6234
2407,5944,6509,3458,4447,6718
4736,6746,4313,6594,0,0
6897,8735,6701,6828,8614,6973
0,6834,0,0,4828,0
0,0,5332,3554,5547,4309
6371,0,5287,7066,3659,0
5897,5129,0,5804,0,6115
5028,7180,3562,7660,2600,5793
0,0,4138,5939,0,4351
0,6122,0,6993,4971,5633
6860,0,6302,0,4575,5684
3022,3750,5980,0,4884,6363
5952,3989,5430,0,0,3774
0,7274,7691,0,6925,7664
5089,6982,5509,7679,3467,0
6580,0,6370,0,6832,7574
4642,3314,3814,4596,3301,4243
7151,0,5734,5683,0,5086
5816,2799,4274,3626,6018,3016
0,4346,0,6910,3788,5530
5663,0,3226,5555,0,1894
4629,5689,0,3324,5488,4356
3050,0,4277,0,2900,2382
4598,4020,5390,6452,2838,5147
4396,0,0,0,0,0
2542,0,0,4616,5325,6195
3405,6226,0,4086,3785,4283
6550,5905,0,4734,0,0
7098,0,5438,7503,6676,5028
0,6046,0,4469,7224,0
3671,0,0,6706,4026,6250
7200,5201,7464,0,6533,0
5330,5667,4520,0,3300,0
0,4624,5303,3827,2701,5088
0,5353,0,5702,4526,5138
4111,3131,3679,2895,4581,0
5963,5108,4277,6735,5827,3116
3992,3163,0,5269,3118,3821
6273,6734,0,4065,6445,5358
4394,0,4115,5669,0,0
4077,0,0,0,0,2100
3707,6302,4017,0,5241,5020
0,0,4676,4303,6870,0
3565,4444,5003,3236,0,3463
3715,3038,2190,0,0,5335
0,7613,7297,7341,7456,7264
0,5059,6818,6405,6788,5879
0,0,5618,6363,5649,0
5878,5317,6709,6087,0,6273
0,4498,4225,4231,4216,0
0,0,0,0,4948,4203
7750,0,5891,0,6358,6188
5511,0,7442,6245,5814,0
5760,3090,5577,3487,4460,3754
4980,4583,4024,8028,5483,0
3131,0,6757,3794,6066,6896
5677,3853,4896,4813,2865,0
0,3397,1758,5660,2990,2714
0,7353,0,4260,4853,6086
0,5758,4207,6681,4364,3705
0,0,0,3842,4469,7470
4233,2778,2938,0,0,0
5804,0,5413,3013,6366,2215
5210,0,6283,0,0,5158
2636,4047,2765,3730,3361,2420
4073,6629,4565,5322,0,6788
3358,3594,0,4589,2071,5140
3875,0,3896,2468,4349,3693
3548,5314,5544,0,0,6123
0,4476,0,4857,2449,0
0,3175,0,4249,0,4853
3099,1501,2356,2697,0,2237
3090,3426,5580,0,3388,4894
4786,0,0,4581,5091,2794
4162,0,4885,4360,0,6964
1995,0,3372,0,2908,3251
716,1439,0,501,1619,717
0,5251,3224,6372,4692,4181
5910,7636,6209,0,6463,6899
6951,6498,4069,0,6676,0
6116,5098,5333,4687,0,4737
3222,4131,0,4833,2573,0
4017,5711,3974,3112,4752,4633
0,0,0,0,4397,5763
6696,0,7068,0,6961,5810
4536,3737,0,3261,3142,6043
0,4502,4741,0,3593,4675
4391,0,0,4704,3611,5832
5976,4866,0,7160,6640,0
2396,1073,0,1991,1984,1679
6469,3954,6016,0,0,4362
0,5260,4807,8289,4671,6314
4013,6782,4217,6955,3616,5872
5859,8019,7123,6807,7435,6922
0,3546,3694,4911,4024,0
6395,0,0,5116,6414,4346
5835,4101,0,6153,4401,7767
3070,3299,0,5959,2686,0
5499,7094,8020,7303,6732,0
5046,7119,6416,3344,6441,0
1780,0,3890,2952,4909,2928
4303,0,4064,4290,3695,3604
5159,0,0,7351,3526,7782
5656,4695,0,4856,4160,5528
6754,0,7755,0,0,0
0,0,0,0,3929,0
6558,6579,8657,0,7972,6244
5867,0,4797,4670,5405,3401
6552,0,0,7301,5781,4032
5811,4671,0,0,0,5656
0,7724,6327,0,5018,6641
5050,5341,4739,5268,3040,0
7333,6490,5704,8390,5643,0
6369,6944,7253,0,0,8646
6287,0,4543,0,0,3348
3477,0,0,2834,3116,2050
6301,7742,6693,6537,7465,6830
2956,1919,0,2780,2837,0
0,3710,5169,0,3142,0
3236,5393,0,1631,4902,0
5880,0,6979,6235,7194,0
4922,6598,3783,6006,5502,4377
0,0,0,4616,0,0
0,3635,3499,4959,0,0
0,6107,0,0,0,5886
7282,5150,0,6939,0,4635
0,4007,0,4055,0,0
2764,0,4021,2512,2938,0
5398,0,7679,3655,4940,4748
0,6235,8075,5721,0,5656
7021,5489,4340,0,6051,3529
4849,5721,5459,6006,6420,0
0,4986,6306,4544,0,6732
0,2654,5704,0,5283,0
0,4639,7800,4498,5832,5894
0,5475,6323,0,0,0
4328,5566,4610,3418,0,0
6833,0,0,7258,7044,6432
5915,7346,3816,5408,0,3342
0,0,0,4792,0,0
2921,0,0,4032,0,0
4665,5405,4682,6761,4446,7259
6287,7428,7690,6851,0,7683
4133,2797,0,0,2742,0
4515,1644,4195,2973,0,0
0,5097,0,3550,0,0
6435,0,4008,3540,7359,0
7400,6265,7275,6551,0,6837
6444,7770,5477,7632,5129,5496
4231,4536,4134,0,4478,5983
0,0,0,6172,0,0
6244,4742,0,6055,0,4606
5551,7241,7729,5836,5704,7122
5004,3657,3656,5223,3760,5157
0,5902,7726,5521,6665,5624
6856,7617,8065,8278,6748,8317
3143,0,0,3488,0,5293
0,0,5390,4421,0,2744
0,6573,5624,6140,0,3375
0,3157,0,0,4780,0
5822,0,4801,5877,0,3852
0,0,4793,5524,1883,0
0,6906,6037,6327,0,5181
5155,4514,0,5113,4965,0
4760,0,5673,3591,0,0
7258,6584,0,8235,5669,7352
4467,4643,0,6122,6068,3551
0,6240,7141,7380,0,6265
0,0,0,5240,6769,4585
4920,6846,5164,6080,6915,0
4114,5526,1531,4414,3476,3193
2391,5192,4281,0,3498,4260
0,5409,5628,0,5805,0
7248,0,6964,4932,0,5659
5396,4732,0,0,3865,0
3462,4698,3199,3321,3463,3933
4896,4073,4216,5483,0,3047
0,5116,0,3440,4121,0
6774,6753,7268,0,0,7076
0,6884,0,7570,3599,0
2872,3829,2259,0,0,2957
369,2119,1869,2716,1428,2704
6231,8101,0,6506,8108,7040
4557,4127,0,4515,0,3475
0,4518,0,5948,5020,4029
0,0,0,0,6204,4098
6980,7451,0,6501,6450,7202
3210,0,1714,0,4226,5373
0,1397,0,2015,4550,5133
3748,0,2534,2072,2446,3816
4544,0,3809,1900,5335,0
3304,0,2555,0,0,0
0,6710,0,6461,0,0
4487,1861,4452,5278,3421,2959
3376,0,0,3815,4631,4768
0,5644,6548,5659,6120,5979
0,7394,7272,0,7973,6168
0,0,5243,7819,5652,5580
0,0,7966,6896,0,6851
0,7061,6104,0,4676,6162
3362,2553,2098,2483,2291,1923
0,4386,4603,4477,5453,2476
5889,6694,5655,5256,6858,0
0,0,5579,3486,3513,3139
5003,3803,0,3281,0,1777
0,0,4053,0,6093,4274
4879,5128,6608,6214,6235,6449
7458,0,5929,7355,0,5914
0,6971,7657,6643,8814,0
5752,0,4815,4690,0,2752
0,6585,3931,0,4545,0
6133,6079,0,0,4771,0
3509,0,3568,6096,4022,4930
5881,4712,4776,3302,0,2744
4741,6157,0,0,5305,0
5957,6153,7812,4859,4401,7348
7907,0,0,0,5846,0
3238,4871,4217,0,3402,5389
4811,0,0,0,3332,4998
0,3508,4139,4324,1522,4299
0,3290,0,0,6932,0
0,0,0,4523,0,2879
0,3335,0,0,4485,4570
5050,0,3432,0,3937,4409
1755,0,0,2349,1820,0
6155,0,4224,6927,0,5536
7887,0,6906,0,0,5247
6643,0,5852,6897,6130,7231
4621,3550,0,0,2994,3020
4352,3984,6207,0,4422,5642
0,4350,0,5461,4182,5646
0,3963,3416,0,2259,4632
0,4282,5780,5681,0,3969
7657,0,6389,6149,5739,5510
6963,6100,4290,5986,0,0
5214,5097,7598,6936,0,6394
5690,0,3641,4595,7323,3380
6555,0,5165,5669,6107,6695
4797,7525,0,7599,0,6439
7096,0,4936,8229,0,5638
5403,3646,4758,4504,2400,0
4376,0,0,5140,3064,3412
7775,6715,0,7812,7221,7509
4178,0,0,0,6730,6109
0,0,4251,0,5526,3704
6979,6914,7496,6944,8631,0
2248,0,5073,3981,4983,4647
6170,4105,8464,5723,4493,5488
5193,3368,5876,3509,0,2962
4571,1649,4700,0,0,5451
0,6912,5003,3979,5180,0
2487,0,1407,5457,4801,3494
4636,0,3868,0,3573,5200
5758,3723,0,0,0,0
0,0,6279,3537,0,0
2303,5219,3060,5647,2054,5112
0,3632,7737,3986,6544,3913
8257,0,0,7466,5984,5751
3814,3343,4746,4902,2998,5272
0,5970,4212,6607,0,0
6556,4414,4407,5475,4821,4228
8833,7312,8133,7860,7668,7003
3782,5747,0,4210,0,5118
0,3564,5233,4525,3427,5250
0,0,3071,4947,0,5302
0,0,2653,0,0,0
3105,2604,5263,0,4290,4630
0,7379,6175,7201,5841,0
6449,0,6103,5920,4662,5806
5027,4841,0,2384,0,0
4167,0,0,0,4556,7412
0,0,0,6020,6993,0
0,0,4163,0,5617,3615
7245,6443,7873,6555,6978,0
3583,2900,4182,3136,0,3356
0,7565,5578,6520,0,0
5599,6470,6203,6654,2771,0
2617,0,3138,0,4355,6348
4673,0,5482,0,0,4704
5261,3517,5395,4413,2992,0
3449,3655,2778,3703,3266,3401
2915,3629,0,3447,3907,3831
0,3738,0,4725,2738,4859
0,0,4237,3335,5281,3522
4524,5767,0,6390,6161,0
4315,3315,5806,0,0,1813
6295,3301,0,4563,5236,2197
2725,0,2564,2828,2917,0
0,5559,5716,6659,4642,5780
0,3295,4406,3307,0,3422
6242,6430,6195,0,0,6325
4461,5768,4016,0,3476,4778
7535,6545,5609,6907,0,0
5244,2885,5107,5270,4426,3831
4823,0,4802,4412,0,4964
3896,0,5654,0,3133,6514
5153,6496,8070,6039,6108,6503
0,3016,0,4560,0,3940
5283,2986,3823,3913,2912,0
2142,2320,1674,1651,2244,1821
6321,4581,0,0,5154,7360
0,4066,4838,2776,4404,4628
5303,6986,4613,5523,6421,5295
6393,0,5123,5634,0,6431
6599,5556,5683,8082,3934,0
3990,3211,0,4327,0,0
3866,3479,2744,0,0,3403
4847,5094,2403,0,3549,4333
7271,0,6660,7114,6971,6354
2975,0,4707,0,0,6988
0,0,4874,5296,7919,2557
3931,6811,0,0,5657,0
5805,0,0,0,8114,5418
2504,0,4359,0,4231,4381
0,0,2169,2898,0,3987
5152,1460,6099,4309,0,4432
0,5693,0,0,0,4290
7560,6964,7235,8629,0,6964
5258,4902,3063,0,6156,0
4365,4940,3463,3616,0,0
0,5596,0,6776,5358,5081
3627,3446,2704,4639,0,3440
0,5313,6283,0,4975,5384
3988,5925,4747,0,5838,4115
0,3637,0,4143,6845,3897
3596,0,3744,3010,2380,2794
3139,3378,0,0,0,3357
2961,7582,6926,0,5370,7570
7859,5604,7607,6488,0,6409
0,4407,5870,3492,1441,0
0,0,6234,7016,7475,0
3553,7217,0,4653,0,5768
7350,5598,5907,0,5543,6846
3638,3643,2893,0,4472,4841
0,6002,0,3321,0,0
4110,2707,0,2463,4754,3758
5636,0,4516,5530,4210,5712
5399,3802,0,0,4145,5024
2241,4538,0,0,5665,4398
0,6015,3632,5013,4992,4653
5097,0,4437,4637,3771,4178
3697,0,3156,0,4802,0
0,2605,0,3966,2226,3069
0,4946,0,3239,0,4216
5814,3860,6874,5629,3657,0
0,7493,0,0,0,6891
5269,5491,0,2890,7218,5775
7873,7827,7719,0,0,0
6038,0,5391,0,0,5550
4704,6815,4296,0,4291,7283
4431,7724,5149,7362,5055,5954
0,2017,4867,0,4105,4096
4780,4421,6597,0,0,5096
5485,3127,5823,0,0,3461
7255,7791,5831,7553,7584,0
0,6232,4906,3113,0,3857
0,3758,4844,2439,3364,2618
5564,5764,0,5948,3335,0
5071,5604,3557,4000,5593,3298
0,4498,5737,0,6759,5270
4563,0,4811,5873,5796,0
0,0,0,4563,5380,0
2294,0,0,1651,0,1824
0,0,0,5557,4251,3822
6000,0,0,6241,0,4725
0,3975,6757,0,0,6139
7816,0,7118,8093,0,0
3522,7247,5509,0,4292,6468
4335,0,3651,0,6570,1720
4637,3732,5304,4398,4017,5133
0,7149,4653,0,5641,0
6779,6495,0,4717,6408,5136
4087,4028,6249,3461,0,4797
0,0,5198,4723,6554,5401
4417,4532,0,4626,0,2726
0,3689,5211,4127,0,0
5180,0,3930,4797,5186,0
7593,8294,6977,8301,7134,0
0,0,7502,6951,0,0
2952,4924,0,0,4848,0
0,7335,3675,0,5726,4697
0,0,6641,6367,7454,0
4224,4132,3845,6228,2919,7061
3567,4973,0,3831,0,0
2894,3802,0,1568,3501,0
0,0,0,4782,5808,6699
3665,6545,0,0,0,6976
6845,0,0,6433,7163,0
4507,4460,4191,6503,5170,5114
6836,6390,4079,6232,5834,4603
0,3658,0,0,4042,4340
5165,4579,4719,6845,4781,6215
0,2485,0,4672,0,0
2970,5245,4428,0,0,0
0,6697,4916,2659,8201,4069
6807,7277,8018,7031,8291,0
8105,4794,0,0,0,2241
4869,4110,0,4863,6569,4422
6864,5883,7398,7113,5155,6899
0,2809,5503,0,5223,4148
0,5428,5445,0,0,5557
5205,3894,7008,3289,0,4823
4608,4959,5259,4519,3830,4356
3767,6754,0,6199,0,6606
3637,5901,3389,5668,2965,6269
5272,5415,6067,0,5901,4828
5572,0,5641,6709,4620,0
3659,2679,3338,3000,4274,1871
0,0,0,6025,4210,0
5291,4941,5080,7306,4845,0
4741,3533,3070,4090,3887,0
2843,0,4528,5014,0,0
0,4895,0,3823,0,3217
3474,0,0,2866,0,0
5720,8245,4946,6556,0,5929
4270,0,0,4043,6535,1890
2863,4894,0,3907,0,0
3278,4787,3216,3863,3688,3218
0,0,4804,0,5375,0
3926,5109,6064,5932,3749,0
4664,0,0,5219,0,5792
0,0,2633,2414,2195,0
2264,3460,2936,3398,3036,0
0,3929,0,5742,5578,0
6172,0,0,0,5647,3923
0,4632,4897,7487,0,0
0,3277,0,4666,0,0
4475,4775,6905,5246,0,5173
6460,5506,5000,7372,0,0
0,4973,7087,4027,5953,5249
6886,2977,5669,0,4403,0
4180,5865,3369,4426,6323,0
7587,0,6024,0,0,0
5455,0,4321,0,5783,0
0,0,0,2376,3362,0
4684,0,5013,2930,5707,0
0,0,4141,0,3538,3766
4222,3752,3172,3459,4219,3851
2515,0,5056,4596,3996,5934
0,5487,0,3773,4159,3376
2609,3115,2813,2685,2180,0
0,5865,0,2839,4340,5480
0,7005,5499,6223,7364,0
0,4605,0,6216,5014,0
0,4338,3532,3654,6472,0
5777,0,6152,4872,4109,3630
5964,6681,3621,5896,5563,0
0,0,3814,0,5370,5311
2925,0,4468,4840,0,6972
0,6075,7150,4683,0,0
0,6117,2312,0,6485,5263
6988,4470,6845,4920,4097,0
0,0,6342,0,0,0
6427,4546,6059,4261,0,4943
1790,1914,2057,1121,0,1942
6309,4397,6164,0,4781,5877
5157,4947,0,5115,6733,5522
5828,0,6306,6973,0,0
5472,6856,6897,6036,5914,5482
0,6677,7820,0,0,0
0,4759,6434,0,6563,5302
5657,5853,5874,6856,5029,7354
7019,0,0,0,8159,0
3933,3356,5019,3220,3078,4151
4156,5180,4737,3260,4571,0
0,0,7001,7165,0,0
3983,3820,0,0,0,2809
0,7628,5535,6536,4907,6818
5508,3802,6054,0,0,4843
5385,5092,0,0,0,3563
0,4000,3618,3912,0,4280
3589,4595,4089,3319,6132,4702
0,0,0,4742,0,0
1242,2901,2552,2080,0,1897
6787,5173,6826,0,0,0
5095,4247,0,0,4978,4271
2603,2852,3130,2755,3821,2333
5745,2608,6889,4169,5380,3964
6422,0,5447,4360,6065,3085
6645,6893,0,0,0,0
6342,4713,3110,7579,0,0
0,4799,0,3057,0,4280
0,3179,0,0,4742,4553
7490,5203,0,6046,6555,0
0,4523,5131,4796,4673,3266
3467,3464,3714,2571,4019,0
2322,3823,3187,4543,3227,3443
5114,0,4896,0,4097,6325
5095,0,3638,6827,5660,0
3802,3296,2724,3736,0,4024
0,0,4495,3612,5784,0
3497,0,0,5751,3219,6564
4543,0,4213,4758,4847,0
5751,4934,0,0,0,6101
5447,6318,4164,5785,5609,0
0,8038,4615,5905,0,6091
0,5597,5989,5596,3935,0
5854,4618,5563,0,6000,0
6463,6077,6860,6795,0,6425
1976,0,2310,2600,2317,2494
0,0,5614,6759,5684,7264
1997,4146,3865,7524,785,5529
5452,0,7230,0,4580,6455
2756,0,2112,0,2196,1511
0,7602,5237,0,5320,6053
4171,3144,3290,0,4745,2227
6364,5641,6937,5689,6884,0
0,0,7308,0,6478,5711
0,0,5184,0,5595,0
4476,5093,4318,4596,0,5462
6118,2553,5563,4017,7103,0
4643,0,6319,5570,5797,0
5120,0,5349,7113,6403,6851
4807,3660,5231,2946,4914,0
6324,4860,5485,6854,4965,5730
0,2962,0,0,3805,3182
0,5806,0,4741,4551,0
7309,6489,6657,5753,0,5819
4537,4625,0,4817,5491,4700
5501,4389,3484,5253,4091,3198
4885,0,0,5816,0,3061
0,5235,4152,4091,4237,0
4482,0,0,6198,6249,2612
6361,5854,0,5013,7074,6294
5923,0,0,5281,4201,0
5707,4382,3554,6303,5031,4616
3837,5492,0,4331,4633,5004
0,3655,3666,2917,4115,0
7137,3812,7066,0,3513,4987
3973,4697,0,0,1784,0
2782,2966,2628,0,0,3003
6139,4251,3590,6092,5259,4498
7112,4783,4952,0,5007,3123
0,6807,0,2079,0,4683
6687,4738,0,4889,7109,3749
5502,0,0,4769,6994,6951
3488,0,3156,4401,4254,3916
3285,4984,0,0,0,2861
4026,5331,4660,6119,1283,6025
0,3750,0,3935,5498,6845
2526,3180,4012,2519,0,0
0,0,6400,0,0,7186
6764,3734,4627,6692,0,4472
5524,0,4401,5653,2264,5587
0,4676,0,4626,0,3776
4771,5200,6106,4104,4997,3545
0,5602,0,5279,5875,7934
7745,7434,5292,6968,7533,5699
0,2560,3707,2925,4586,2337
0,5929,0,5696,0,5586
4400,4884,3647,0,5052,0
6353,7267,0,0,6501,0
5958,7740,0,5802,6300,6939
0,4165,3920,0,0,0
4500,3379,3710,3972,0,1547
6626,6059,3698,4442,6194,3646
2624,0,3364,2477,0,2256
6597,7653,5013,8370,6812,6425
0,4610,2481,4565,0,4330
0,0,6664,5920,8583,6711
3566,6544,6759,5529,0,5836
0,0,5863,2176,0,0
7546,6694,0,7056,7010,7471
0,5119,5444,4060,5844,4107
0,0,7356,0,6953,0
7152,4751,6422,4572,5698,0
6404,6687,6626,5936,0,7217
0,6151,0,4804,8339,5886
7018,6522,7565,0,7395,7205
6458,3319,6766,4847,1046,5954
7340,5848,6467,6293,0,6404
7012,4932,7538,5439,0,0
3196,3277,0,3702,2459,4287
4012,2978,3559,5440,3272,0
3827,7240,3899,4811,6071,6713
5262,3887,4829,0,6329,3347
0,5602,6905,7061,0,0
4588,4701,4063,0,0,4677
4697,4170,0,4211,0,0
6955,6692,8468,0,0,6158
4324,6544,4662,5779,6213,6246
0,0,3975,4846,5652,0
7208,3255,0,5513,0,4550
7713,5972,0,6767,0,5887
0,0,5535,4512,0,6957
4368,0,4751,2979,3244,4750
3741,0,5506,4479,0,6511
2917,4069,3334,0,0,3139
2562,3717,4500,0,4791,5825
4777,0,0,5944,6145,7597
7299,0,0,5946,0,5792
0,4624,0,4899,0,0
0,5547,3875,5709,6533,0
4392,4448,3929,0,3906,0
5530,4005,0,0,4921,5287
6226,6385,7227,6514,5907,0
5644,3467,6314,5146,4912,4983
8335,7679,0,7336,8129,0
5156,3183,4031,5206,4255,3933
0,4462,5730,6663,5346,4865
2595,1988,2563,2017,2142,0
4004,0,4314,2885,6291,3285
4604,0,4010,4178,4276,2831
5574,0,0,0,0,4903
2779,5225,2350,2857,3654,3209
5635,5906,5685,0,6047,6179
0,3744,6369,0,0,0
5356,3974,5197,4357,0,4283
6984,4683,7479,5488,8575,5379
3589,0,1587,3617,4078,1382
4041,6735,0,5748,6565,4548
7749,5346,0,6654,0,0
0,4031,4047,4844,4521,3753
4413,3501,3958,2408,5120,4584
4928,4305,6411,3768,0,4407
2869,1929,3975,0,4007,2771
5367,5383,0,6450,6264,2993
2738,2759,3407,3058,0,0
4091,4758,6521,4390,0,6116
7398,3969,5767,6509,0,6698
6683,0,0,0,0,5295
0,5722,3436,7383,5212,5060
5516,0,4778,3630,3792,3573
6673,0,6230,0,6433,4497
0,0,0,0,0,5374
7143,6018,0,6152,7230,3713
4598,1081,0,2521,0,4603
0,5166,0,0,6242,0
5177,2922,3763,5562,4085,3752
5486,4253,4889,0,7405,0
6397,0,3753,7762,0,5760
3228,0,3566,3408,2113,3744
5411,4389,0,0,3985,2378
6442,0,6235,6590,6127,0
4007,6497,2630,6099,4785,6939
6426,6051,0,0,0,0
4873,4922,5446,4211,4649,5636
0,0,5703,3577,3156,4680
5674,4206,0,0,3362,0
6699,4377,6801,0,0,0
3990,4699,4107,3170,3244,4015
0,3623,4416,0,5396,6044
3419,0,2243,0,4732,4305
7600,4832,6195,5940,3599,4802
6581,6178,7312,6173,5305,5976
3041,0,4198,3601,2323,5115
7124,0,6291,0,5760,0
3850,0,0,0,2991,3614
4501,2713,0,4530,0,4059
0,2546,0,2830,0,3093
0,4804,4553,5453,4568,5185
4682,4668,3118,4810,2234,0
2059,6184,4480,0,5406,0
4772,0,0,0,4743,2724
0,2497,3187,3337,2872,3868
5290,4499,5284,5010,0,5254
6286,3102,6754,0,3066,7029
0,3625,0,3855,0,5114
4003,4513,5660,3200,4829,0
0,4959,5447,0,3904,6006
6743,0,5587,6758,5357,7627
5012,0,6264,2744,0,6328
4142,7502,3455,0,6715,3878
6668,5079,5595,5293,2783,4928
0,5059,4384,4696,4606,0
7224,7863,6844,0,7103,7886
0,3219,3085,2986,0,2951
6858,7357,6589,6491,7126,8446
4361,2485,4510,0,5553,3886
0,0,6968,6956,4453,6538
5727,1729,7503,5554,3676,0
4511,5150,5644,4441,5796,3238
5958,0,5072,0,5380,5279
7402,0,7683,5905,7051,6775
0,0,6118,0,0,5194
5586,0,7150,2833,4348,4748
5233,3671,4962,6761,2066,7284
0,4336,4966,4276,0,0
0,5855,7360,0,6027,0
2823,0,3410,4319,4351,7463
6095,5047,5201,4409,5764,0
0,2582,3176,3597,4606,2008
3118,6320,4536,0,5293,4827
2557,0,3197,3450,0,3441
0,6148,7686,0,7244,6410
3312,4100,6436,0,3994,3461
0,0,6902,7472,6985,7246
5192,5381,4182,6319,5419,5440
3877,5678,3179,0,3947,0
0,0,6029,0,6791,5917
3737,3995,3571,3364,0,2890
5284,6855,1389,8472,2124,6169
7751,0,0,0,5931,7421
0,4603,4513,3327,6478,3140
5306,6494,0,7268,5924,0
5435,7047,6631,0,0,6483
4039,5344,6532,3427,3782,5441
0,0,6439,6275,0,0
5033,0,0,3749,4878,0
4955,4904,0,3685,0,6832
5602,0,3901,3713,4622,4772
7128,7119,7947,6692,0,6830
3332,5417,0,5397,4861,0
0,6492,6641,0,0,0
4316,0,2243,4307,3182,2785
4666,5938,4589,0,0,0
0,0,0,7524,0,7088
7048,2544,0,0,5303,0
4525,7397,6802,5765,5260,0
0,0,6714,0,0,0
0,4909,7443,0,7537,6313
4951,0,6074,7315,0,6546
0,8120,8185,5367,7387,7005
5081,0,0,3537,4359,5039
6252,5869,5893,4457,5568,0
5163,6172,3731,0,3182,4208
4868,5790,5472,7079,4890,6985
6133,7444,0,6968,8274,6339
6040,7184,6307,0,0,5908
5617,0,5582,0,4191,6845
3246,0,0,2403,3439,3368
5605,5617,0,3810,0,0
2742,5018,4098,5238,5322,0
4188,0,4485,3676,3788,3929
4696,6353,6879,3960,6125,6101
0,0,6004,6619,6074,0
0,3736,5466,0,5253,4882
0,3658,7442,0,0,3459
3107,6704,3597,0,4171,5293
5046,8044,3260,6209,5643,6792
2912,1712,0,2405,0,3060
0,4804,5180,5829,5945,0
3163,3106,3344,0,5001,3298
3963,4499,4179,4095,4347,4048
3440,0,4492,1149,3440,0
6495,5024,5801,6003,5702,0
2275,3431,0,2591,4224,0
5487,5466,0,7310,5205,0
6666,4598,3950,7019,1404,6338
5372,0,5512,5334,0,0
6001,6203,5805,6043,4068,0
0,5729,7175,6537,0,6635
6436,0,5895,5547,7389,0
2668,3925,0,0,5648,5924
7657,3697,5436,6202,3558,3917
5090,6719,5138,5981,0,5224
3853,5106,0,3006,4468,2802
4369,1901,5989,5944,3077,0
2669,5888,2660,6595,0,5542
6347,6789,0,6402,0,7282
6182,0,6898,5302,6132,5219
5064,0,6403,4839,6442,4153
0,2854,3345,2933,2859,3297
0,5900,5767,6592,4416,6064
2918,3423,4292,3315,0,0
0,0,3333,0,4366,0
7153,6520,4794,0,6066,4986
0,7083,6525,7673,0,7277
0,0,0,0,5993,2796
6373,7386,0,7842,6792,7017
0,0,5133,6105,5234,0
5969,7487,6918,0,5985,0
0,0,3186,6028,0,0
4859,3828,4298,0,0,2898
4023,2559,4260,4253,2623,3918
4931,4069,0,0,0,0
6083,6409,6048,6504,5449,0
2054,0,2422,2750,2660,2836
5562,3081,0,2454,5267,0
0,6166,4665,2956,4799,0
0,2112,1655,2517,1545,2768
5638,4631,0,0,6600,4446
0,3518,2951,0,3056,3161
5610,0,5988,7380,6354,4825
3346,0,0,5201,3814,4548
0,6552,6222,6504,0,6370
7402,7171,6590,5850,7486,5797
0,0,4364,0,0,5778
5716,4070,6811,3842,5126,2969
4900,3470,0,5952,3189,6437
3985,2799,3226,0,3708,4127
0,4755,4600,0,5523,4546
4762,5940,0,4353,5109,0
8526,8670,8309,8508,8671,8558
0,4476,2399,0,2899,4539
7133,4160,5462,2714,4517,5090
0,0,5980,6472,4836,6873
2565,0,5722,2335,4378,5282
4525,0,5437,0,3154,4933
5519,6102,0,6098,0,4757
5200,0,0,7455,6298,0
0,0,0,7596,6373,6149
3997,5856,5409,0,5053,0
7797,0,6275,6198,6092,0
2175,2738,3280,2696,0,0
7362,4796,7140,4049,6897,0
0,3626,3077,2545,2841,0
4252,5809,5479,4669,5784,0
0,5261,3096,5205,5657,6074
5028,5041,0,0,0,0
5084,0,5358,5541,5515,4861
0,5186,0,4718,6048,4418
6196,0,5454,0,0,6181
0,5423,7923,6965,6264,6485
3368,0,6118,1180,5323,0
0,0,7795,6781,6683,6976
0,0,3736,0,5325,5787
2638,4680,5888,5080,0,6010
4094,4563,5143,6069,2840,6817
0,5607,3292,4033,5249,0
4709,0,6114,3658,3141,4054
0,2704,3221,2000,2504,3390
0,5803,4506,4365,0,6365
5136,0,6826,5112,0,0
0,0,4654,0,0,4352
5364,7886,7378,0,0,8230
0,5536,5229,7061,5803,7413
7469,0,0,5648,7044,0
0,0,6738,5729,6533,0
5668,4064,5458,4704,4452,4000
5919,0,5687,5020,0,4385
7503,0,6933,8808,0,0
5013,0,3602,0,4023,0
4718,5792,5759,6857,4072,7173
0,6767,3931,5927,3574,0
4519,0,4036,0,1899,5046
5629,8995,0,0,7385,6443
5215,4308,4378,4183,5454,4900
2958,0,0,4639,0,4108
0,0,3566,0,1819,0
4629,2599,4508,0,3968,3236
4140,5554,0,0,6588,4048
8334,0,7429,7144,8199,7005
0,0,0,5754,4248,6553
3561,0,3501,1818,0,0
7371,6319,7675,0,0,0
6708,6393,5615,0,0,3436
0,6470,7944,0,8734,4615
6270,6246,0,0,0,7294
0,3467,4005,4073,2523,0
5317,2311,6338,2759,4730,0
3893,4168,4168,0,0,3335
6583,7515,5037,6724,5473,0
6148,0,5282,0,6367,5242
3653,2229,4405,2777,0,0
4632,4620,4998,3347,5150,0
6164,5044,0,5485,5094,6130
0,6196,4734,5278,6123,6002
6766,6505,6261,0,0,4699
7510,5417,4262,0,7254,0
2991,5039,4599,3625,0,0
6711,4931,4338,0,0,0
5688,4391,5723,0,0,6170
0,0,4401,4603,4962,2402
4343,0,5482,3705,5040,0
4695,3428,3497,0,0,0
7095,4229,0,5026,6683,3806
4631,5861,0,5251,0,5393
4831,0,4272,5636,4935,6373
4598,3800,2686,4650,5830,0
8017,8078,0,7669,0,0
0,5518,0,6921,6675,6815
0,5632,4834,3408,0,5146
6617,4467,0,4730,5653,0
6200,0,6384,7382,0,7742
0,0,0,5786,5395,5107
0,3544,1150,0,2926,2372
0,2731,4863,0,0,0
7024,0,0,7519,6620,6966
6128,5189,6549,0,5782,5155
0,0,4158,3491,4840,4094
6291,5578,6361,6750,0,0
0,6052,7441,0,7592,7415
0,7860,8041,8816,7514,7978
0,0,5836,4610,0,5173
5091,5050,4477,3268,5940,0
2669,4512,4787,4598,3667,4812
5592,5170,0,0,0,6750
5321,4265,0,5713,4296,4875
0,3026,0,2216,0,3873
4769,4186,3558,0,4286,0
3741,4217,5009,4982,0,6947
0,7529,7670,0,7930,0
7259,4502,0,0,5398,4112
1940,4165,0,5323,2553,4017
2055,3481,4219,3627,3250,5136
4265,0,5401,4434,2671,4353
5976,7695,0,6277,6085,5494
5577,5476,0,4242,5978,6255
6082,6312,6141,6885,7287,7577
0,4243,2063,0,3720,1748
3310,0,5675,3067,5237,7045
4126,0,5874,0,4371,0
3727,7078,2879,5990,0,6287
4005,1577,3402,2263,3019,2080
0,0,0,0,4158,7330
3067,4891,6124,3314,0,6414
2779,5027,0,0,0,2562
5559,0,5219,0,7036,6738
4242,3558,1557,0,0,0
0,6279,2490,0,4319,5736
3854,3706,3696,0,1944,0
7280,7401,6948,0,0,7881
4728,3189,3959,2982,3161,3099
0,3972,5932,0,4673,5055
0,3796,2964,2509,3287,3193
0,3921,0,0,6368,6630
5824,5097,5455,5186,0,5185
5153,5889,0,0,0,6090
0,5013,8026,6995,5817,6883
3075,3687,5677,0,4318,4562
0,8450,6876,0,7503,7465
0,4179,0,5359,2969,3508
3403,3976,4440,4656,4423,3253
2761,0,3785,2940,4020,2159
8539,5830,7121,7123,6390,5530
7079,7614,0,0,8204,7876
6626,5101,7113,0,4480,7551
6535,5543,0,6938,4753,7214
0,3266,5151,0,0,0
4518,0,4821,5484,0,0
5758,0,0,5348,0,0
5758,4519,0,4954,5886,0
4763,5431,4447,0,0,5180
7171,0,0,0,4766,5508
4315,0,4704,3824,6455,3571
4864,6910,0,0,4419,0
3701,4230,0,4060,0,4340
0,0,3797,0,6122,3986
0,0,0,2157,2896,2231
3304,3416,2495,3016,0,0
0,4277,6835,5647,5315,3641
0,5217,3319,3204,0,4231
5097,5568,4806,6852,0,0
0,4267,4513,5937,0,6812
5785,5282,0,5681,0,5557
0,0,6778,0,5432,6739
8063,0,0,7843,0,4682
0,6176,7767,6493,5205,6697
0,5738,6811,0,5941,6876
3987,0,0,0,0,2244
5017,0,0,0,4087,0
0,2711,0,4957,3371,5474
4894,4653,0,0,0,3415
4279,5773,6042,0,0,0
0,7137,5657,7028,5945,5177
3615,5189,0,3121,3711,3883
3867,4304,2667,5034,0,3688
4234,0,0,6906,4842,3572
0,0,3500,4885,3534,0
4936,5536,0,6029,6252,7433
5325,4192,4051,0,4230,3084
7855,8420,7203,8127,8278,8206
0,0,6320,7618,5919,5527
0,3697,5656,3164,6184,4226
3638,0,0,4478,0,5915
4123,5671,5490,0,0,0
6598,5273,4632,0,0,5491
5047,5864,3829,5399,4298,3339
4473,3658,0,4654,2440,0
0,7395,8453,0,7230,7328
4389,4878,4658,0,0,5599
2865,0,0,0,0,0
4309,0,0,1519,6219,6489
3819,0,3489,0,3027,0
0,4596,0,3899,4668,3555
0,5974,0,0,0,0
4864,0,4046,0,5071,4117
7502,7133,6343,6819,7838,0
5414,5859,0,0,5175,0
7471,6828,6001,6351,5439,6275
2338,4506,0,4457,3502,4384
5486,6563,0,0,5547,5991
0,0,4319,4010,6124,4401
0,4714,0,5157,3299,4105
5607,0,5610,6384,5529,0
3258,5975,5350,6078,3323,4648
2249,3069,0,4907,2762,3957
5768,3646,7233,4752,7243,5061
5673,0,0,5322,4331,4481
0,3548,2800,2236,3979,2552
3325,5729,3720,0,2554,4480
0,6606,6009,5397,0,4861
5239,6767,5469,6782,6179,6510
3597,5346,3733,5439,5175,5507
4473,4353,4962,4687,5229,3425
7559,7252,7932,6576,0,7244
3533,4618,3935,4637,4147,3696
6466,5944,6138,5375,4860,0
3459,6253,3088,5001,0,2961
3283,3120,2040,3637,2798,4227
4117,2150,3536,3642,2636,3771
0,4490,0,4088,2854,4588
3664,5903,4103,0,2673,7162
5844,5567,5802,0,4761,0
0,4717,8125,5642,0,0
4125,0,5084,4794,6153,0
5874,4918,0,5176,4468,7663
0,5267,3506,0,0,0
6289,3528,4676,4646,5212,1993
2355,0,3495,4329,3067,4277
0,3786,4533,0,3663,0
5236,3442,0,1643,0,1589
0,5882,4749,0,0,5307
5201,0,3616,5306,4797,0
2762,5563,0,0,0,0
5931,3086,4446,4065,4922,0
7128,0,8131,7271,7389,0
6267,0,0,0,5094,0
0,0,0,0,4888,3271
6051,5807,0,5203,6034,4940
3226,2375,0,3846,1735,4974
6941,8024,6464,6827,7545,7458
0,5467,0,6620,5158,6643
3115,0,3604,3337,3131,3275
0,5732,3486,4558,5827,5783
7758,0,8332,0,8046,5328
5841,3406,4681,0,0,3630
4299,5268,6295,4103,4454,6570
6622,4972,4438,6489,5335,5122
5637,0,6445,0,0,5579
2919,3596,4102,0,4729,0
5006,4159,7588,0,4695,3837
4234,5654,0,0,5330,0
5231,0,5592,3724,6921,4681
5216,4900,5254,0,6111,0
4566,0,3766,0,4962,0
0,6379,7425,7985,4919,0
