3000 6
0,2921,0,7948,0,4455
4932,0,3229,8041,1867,5182
4814,2965,0,5125,0,0
0,0,0,6577,0,2235
6384,0,7047,324,3942,3109
0,2094,0,4717,3112,6626
9186,8133,2001,0,0,2466
5951,0,659,0,2810,7170
0,7128,2254,4481,7753,0
6672,0,7536,295,9432,5235
1739,0,8445,3644,6310,4683
2371,8597,1746,3334,0,4313
5892,3520,5472,5939,1751,6712
0,6744,0,6751,7535,0
1759,0,0,0,9416,4977
3497,0,4594,7790,5353,0
5648,9223,6770,0,4576,734
0,9639,0,2037,7346,0
0,0,5849,7059,4051,8054
4115,0,0,5524,1309,7431
0,361,0,989,4383,0
5284,5377,3183,8628,1177,0
2533,5604,9749,4844,0,2684
0,2100,0,3259,0,0
9992,3837,3223,3358,0,4524
0,3457,5940,7034,261,8733
9437,7448,4292,2889,2613,1953
7354,0,0,4794,5923,3914
4603,3920,2645,5933,0,8966
9192,0,6196,9627,6588,1158
2815,8324,7058,0,0,0
0,6171,0,6469,8136,2787
0,8368,1525,2425,6124,0
5782,4229,7602,2552,0,1939
7463,0,3295,4478,7487,0
4219,0,9392,5093,0,7506
0,2249,842,0,9161,0
3172,4617,3876,2065,5765,2634
3605,2694,0,9218,2011,8414
1998,0,5376,7402,4527,0
6717,0,2688,9243,0,2926
0,5239,0,0,3815,9137
0,0,0,0,7699,3227
7100,1823,2341,9509,8009,0
4099,0,8604,0,0,1818
6729,0,0,0,3365,2512
9846,6476,0,5557,2138,1577
2298,7812,3957,0,0,7015
3104,9197,2876,679,7128,8408
3772,9176,0,3755,4405,0
0,7788,4531,7975,0,3941
4207,5018,7709,2622,6790,9339
0,0,5277,8899,2447,4594
6832,0,4697,7403,5027,1349
5778,5443,4149,7277,0,739
5826,7057,0,4120,0,48
0,6482,0,9782,7068,0
1844,1995,7028,5986,7003,0
0,4822,9091,0,3250,0
5748,668,4839,5496,3875,8047
0,2778,940,7075,8704,3786
2603,9994,2803,0,0,0
5184,3530,1467,9006,5428,0
0,3185,7870,558,8793,0
9262,4010,0,0,5487,5163
8559,2681,3886,5661,2930,2760
9562,6637,115,8541,2182,2764
8339,3906,205,8951,3774,9396
0,4005,2218,5147,7064,1942
738,6787,6371,6447,5669,3876
8428,0,6433,5848,0,5281
2370,0,1972,1950,6824,0
9814,2332,3986,5411,0,4607
9605,0,6148,1141,9555,3877
0,3505,9818,1893,2998,7620
0,2912,7514,2229,9449,0
0,0,0,0,5847,0
895,6267,0,7798,0,0
4789,7020,8,7754,3459,5469
5514,0,7301,4289,7542,7356
0,0,4016,1203,7600,4778
8077,5620,3104,0,7788,6756
7391,1242,0,0,1730,8289
0,3169,6947,5705,0,3601
0,0,6897,3090,4533,2632
4474,0,0,0,2684,334
8257,5701,4694,8676,3103,0
8472,6065,660,8580,27,0
3479,0,6744,0,0,5462
9007,4269,8351,4273,1642,2583
0,3878,4020,0,0,1960
0,6405,0,0,8334,4722
6571,0,7922,0,2989,0
8479,0,8886,2588,834,0
3524,0,2542,8523,5101,0
7623,5476,0,0,5416,3742
4886,3039,5083,0,2922,0
0,8427,8049,860,6121,0
7055,905,8394,3363,0,1629
1056,9271,0,5216,5833,2283
4001,0,2308,5171,0,6219
6467,6884,7923,0,0,622
2208,6769,0,4019,0,0
0,335,0,5460,4321,4897
0,955,6760,0,0,4979
0,1241,3137,6407,1909,0
4193,0,7236,0,3573,0
5097,0,3033,8291,0,0
3238,7599,0,8066,1019,7647
1020,0,3753,0,0,8357
0,940,0,7288,3455,0
4019,0,3768,0,443,9232
1802,7838,2142,0,0,8133
0,6765,4533,6065,0,5363
7147,0,630,2631,7458,6383
0,3387,5785,4913,4603,9854
0,0,9785,5481,3399,5848
8476,0,1995,609,3877,3636
4011,7353,2100,8053,0,0
1747,8334,3063,3142,8983,0
7748,18,0,187,2931,0
0,0,7392,3241,3011,5242
5860,9135,1590,6762,5407,5289
0,4333,0,2427,0,0
0,647,4711,3380,0,2356
4999,7395,0,6877,0,2093
0,0,914,3585,9017,0
5505,3963,0,6603,5197,2178
6451,1240,0,5999,2439,5962
4800,6983,0,4664,0,3242
0,8630,0,0,0,583
0,2368,2562,3110,7227,6311
3987,5559,4926,4675,4528,5385
0,6634,0,7887,0,5955
0,0,9273,871,0,2769
1331,0,7090,0,3276,6732
0,7711,6038,0,1869,0
5150,0,3614,0,7000,1038
2622,8722,6205,1860,7417,0
7129,2687,0,6202,2816,0
2512,1467,0,4253,0,6298
5579,1487,4742,5144,0,0
5525,5959,2503,6090,0,0
0,0,4045,0,9109,2523
0,7838,1965,0,6468,0
9051,0,7481,4917,7942,0
1255,0,2242,2817,8271,0
950,7082,2962,8828,4579,2005
9994,6928,848,4566,9671,902
7234,4958,0,3913,7652,0
810,7916,8608,3231,5998,1904
0,7545,6683,6764,0,194
2402,3193,6467,4380,0,4547
1772,0,6829,0,0,0
9496,3171,4384,1280,9545,0
4415,0,5094,4356,7267,7307
8340,33,4231,0,6946,647
0,0,8695,0,762,4902
4832,4297,8094,2263,0,0
8410,0,2922,9890,1577,5172
0,0,8352,7349,4547,1790
6742,867,6795,0,0,0
2093,7713,6152,0,1980,5638
5550,5255,0,5263,8292,6310
7043,1123,4060,0,5197,7113
2911,2955,8676,8059,0,5374
0,4735,3064,9250,589,0
0,6785,5495,3945,4602,0
2419,4573,8179,7135,1180,6302
0,5056,2658,5642,7618,5610
7164,3196,531,6276,0,9401
9378,0,0,6889,6141,0
5151,50,3886,3165,4225,8721
2790,0,3786,3823,3314,3667
8109,1750,609,9190,2508,4909
4067,4821,6631,0,3809,7536
5362,0,0,2752,5095,7785
389,2183,7729,20,8994,0
8832,2366,9876,4653,0,2739
427,0,0,2103,0,3821
0,3423,0,0,0,6814
0,5291,2991,6860,1528,3653
715,0,0,6695,334,9887
4120,6473,2528,0,3997,2884
0,9509,1046,4363,1181,7823
3416,0,6079,0,6564,0
9357,0,0,0,1196,1575
251,8590,3570,6279,0,0
0,230,7803,5358,0,0
8355,0,0,4156,2298,0
5541,1815,9585,0,0,893
5823,3358,4667,6343,0,0
0,0,7414,0,0,0
6827,3016,5694,4345,3785,0
0,2469,4987,4691,1810,6269
487,6745,2877,4610,0,3987
4332,0,9401,3575,0,0
0,0,0,6746,8799,1787
0,0,0,0,0,9436
0,2769,4227,3619,0,7191
9749,5717,6231,587,0,0
0,0,1928,6436,6474,3902
0,1909,0,8879,8258,0
0,2578,9000,8069,0,2972
6986,7809,8430,1281,0,690
1428,7629,7630,2313,3388,0
5823,0,0,7855,778,0
2730,3376,3235,3963,4958,5016
3008,4770,0,2445,0,0
5997,3633,7310,4428,4990,4330
0,7211,0,3048,0,5954
5593,6425,0,9427,0,6851
5647,9674,6746,0,1588,4713
0,1441,6828,0,3939,0
0,0,2711,4966,1615,6378
9091,2168,5166,6521,6380,3762
0,0,4207,8763,1203,7566
0,7264,412,0,8140,0
0,8552,6543,2784,1586,0
3792,5156,0,5500,7199,706
0,6132,1970,7178,1914,0
4241,0,0,1586,8109,4139
0,6364,0,0,2407,0
3903,3689,0,4711,0,5100
8561,6398,0,0,3965,895
0,8175,3447,8477,0,5823
2826,2786,0,6276,5247,5592
1997,999,0,8462,3280,3338
6638,2689,5508,5625,0,4381
0,4717,5698,0,7539,4456
3415,6488,8616,4214,3305,0
0,0,6308,5903,186,0
6242,4775,2100,3556,2992,9289
0,1548,0,0,6106,0
0,3923,4754,8129,0,4767
5841,2329,4095,0,1072,9487
0,0,3622,3480,5930,0
0,7975,8693,1214,0,3309
0,3740,2721,0,5939,3565
3758,0,0,6576,2380,3899
3875,5909,0,0,2517,0
0,0,2883,0,6584,4235
0,7030,0,5195,0,5321
1880,8965,3861,5641,4790,6494
0,3146,4877,6258,2189,4049
7276,1973,3790,6502,6402,7359
0,5409,4452,6216,1782,0
7870,0,790,0,0,0
5597,6598,5411,3685,5446,4458
6965,7044,1064,7769,0,643
2873,0,0,0,5606,0
5739,1455,3833,6326,2893,8509
9798,1730,2543,8838,3610,0
115,7896,2934,5264,0,6742
0,554,0,6239,0,1332
0,7662,4745,2103,0,8495
0,0,7395,7727,85,0
1854,4901,4073,4389,2289,0
0,7939,0,8324,2527,6318
3634,5195,3943,0,3635,0
4418,8161,5214,8387,251,3648
7722,4160,5623,7319,561,0
3487,0,8243,7314,1434,7678
3217,586,4695,9192,9355,5124
0,0,4794,3250,4127,0
3409,3460,0,4849,9687,1666
6370,2778,9344,0,7821,0
5467,1333,3422,5540,2938,6700
0,325,7156,1376,6499,5952
1370,7197,0,3119,2332,8480
7575,4361,7450,0,8290,151
0,0,1860,0,5574,0
0,6687,1415,7993,950,0
8707,0,6899,0,4785,0
914,5677,8731,4997,0,0
4461,2426,8951,7945,8189,2003
424,0,6375,0,4060,9195
2525,0,0,0,0,5799
7128,0,0,8790,0,3115
0,4186,7456,0,6243,0
0,3709,0,8683,0,4834
0,7417,0,5257,1743,5779
0,0,0,2706,5933,2743
1862,3632,0,3197,2231,8513
8337,0,0,8547,2988,3738
6971,2313,9558,1514,9395,4412
8970,0,3198,3277,3217,0
4111,5092,4396,5655,5018,9163
0,6245,8431,4058,1641,0
6055,1471,7462,4360,0,8093
3210,3055,0,2816,4112,9215
7003,8891,0,9682,4981,0
6581,167,9710,2230,9084,148
2820,5538,4172,0,3809,6299
861,7009,2524,7683,0,8259
0,0,0,5568,4883,3257
2872,1495,5288,0,6710,6109
0,0,0,0,0,3050
0,0,5399,7242,923,9425
4312,2717,912,8659,3010,5283
3839,0,0,2911,8870,0
0,0,3296,7356,7036,467
731,7782,0,0,0,5342
0,7144,9541,0,4745,3950
9813,4202,1640,9750,2867,3227
4490,3716,0,0,3590,9194
2452,6029,5811,1983,6872,0
2306,8336,7387,0,1687,0
4287,0,7311,1493,0,4601
4938,7278,0,816,0,3587
1628,0,3696,1868,0,0
7614,0,0,0,589,0
5666,2392,1135,2375,0,6323
0,7011,5323,2104,6210,0
3304,5599,6647,6648,5949,2505
2104,1970,6420,0,5637,1038
8341,3659,0,9528,4041,869
0,4916,5297,761,0,6678
2072,5455,3651,5988,5704,9885
0,1536,6338,5831,1485,0
0,0,3624,2135,5963,854
5375,2624,6801,3877,6037,7615
5772,750,0,8720,0,9926
9139,0,962,4248,0,0
3740,5328,8028,9264,1359,0
819,4981,6980,0,9490,6179
0,6394,6869,0,4054,1229
422,3892,0,8153,7625,5463
0,0,3796,0,0,6220
0,6856,2425,4507,3592,6980
0,8512,0,9227,1017,0
0,0,9674,1232,7999,42
5539,140,8618,0,0,6216
0,0,9397,0,5473,7164
3026,0,8708,4187,0,6908
0,8050,224,6292,0,0
1689,3541,0,4423,0,0
0,6411,4952,7060,0,5604
3228,6683,6693,0,0,0
0,0,442,7990,2287,7307
4151,7475,5392,1524,6935,3962
1455,0,4734,5512,5271,6045
8044,7450,532,5961,2589,8200
0,3477,3997,2374,5220,4900
1766,0,3878,4839,0,292
0,0,0,6246,0,7493
0,7165,3506,1689,9251,0
1390,6524,6236,0,6248,0
3291,1234,0,9043,9761,3300
0,5376,2090,9856,0,1674
3684,6000,1909,8231,0,4604
9705,1347,0,334,7637,1779
0,2107,858,4610,6510,3814
0,323,5307,3761,9993,0
8254,8542,1220,7262,6166,46
1847,0,2547,0,5141,7596
0,2613,8322,0,3893,0
2736,5437,1232,2885,7940,7739
3917,0,8643,0,0,4634
3635,6844,0,0,0,0
0,1243,9062,0,4404,0
0,0,0,7579,4166,3595
0,4547,9254,6860,1988,0
3600,9357,0,5244,0,5958
0,7424,3770,7158,3198,0
0,5786,6900,99,0,9069
3433,0,5208,4658,7726,5075
0,9489,4468,0,0,5735
3448,3023,8118,6277,6996,5273
1736,3941,0,5437,7838,8495
7881,3354,5277,1233,7834,3172
6386,0,8405,5661,6749,0
7060,3978,2884,5677,0,0
6532,7341,9875,4372,7908,0
5771,6327,169,7799,3237,0
7150,4755,3163,0,9236,0
0,8329,0,253,9233,4004
1799,6706,6099,4980,2562,7640
1611,0,0,5195,0,3883
8581,5564,7731,5248,460,7355
7482,791,7751,7706,8961,2184
7349,5126,921,5180,7910,1751
3590,5071,0,5027,0,0
4909,3967,7402,3139,0,2736
0,2149,0,0,8317,0
957,9407,7425,213,4743,8341
5302,5533,0,4015,6250,8257
7409,0,8069,0,0,6734
5621,5875,0,6557,5055,0
1505,2313,4572,0,3506,5430
0,2011,4603,3413,0,0
5753,0,75,8636,3256,0
5823,8583,0,2500,0,5838
7085,900,8866,3278,6973,7561
0,0,5178,7827,4391,3423
1742,9162,8901,1872,0,4427
0,8337,3057,859,8099,6127
5414,0,0,0,4658,1556
5246,1012,3876,6065,5773,8119
5442,7063,0,0,0,0
8259,0,5626,0,112,0
6684,0,8186,3825,0,6277
3783,972,0,9032,0,5241
0,3120,2449,5032,0,8042
1069,0,3165,0,0,7946
2410,0,5356,7032,8483,1951
9008,1456,0,1020,4231,3201
0,8901,4872,0,2070,0
3041,5290,2229,0,0,8258
6607,4285,0,5201,6783,3945
42,0,6198,4146,4510,9827
7310,0,5122,2137,3680,6046
0,0,8903,1990,0,5778
4326,9505,0,1244,0,2392
4753,3304,9398,245,0,0
4204,0,5498,5774,7980,0
8513,6994,0,6680,5746,0
0,6940,5588,6400,0,3299
1726,0,1609,0,8002,163
4626,0,6012,9339,2900,0
7743,0,8304,0,8597,0
0,0,2251,9616,2200,4642
154,0,2050,2840,0,5250
4359,0,2537,7266,2457,1492
1393,4481,9623,1613,4333,8244
0,4981,0,0,0,7048
9800,404,8370,0,0,6686
2756,5106,0,1675,5835,9770
3752,0,0,0,8205,7576
0,0,5633,0,4916,0
6835,3092,6377,3394,5845,0
5164,7489,1832,0,0,8241
0,5039,0,6808,0,3313
0,5613,4943,5254,0,5197
0,5357,0,0,3957,8587
839,0,3841,4583,9958,2482
4329,9934,0,7995,2496,9096
7056,0,0,6516,5095,0
0,0,1667,7848,2600,7542
2971,6058,764,3276,5862,0
2573,0,9036,0,0,0
2133,1159,0,7714,6213,4949
0,3589,0,403,3566,0
2597,0,1127,3102,4921,7464
3630,4599,0,0,0,5708
9171,1888,1551,5900,3840,4914
5201,3747,4783,0,0,9487
9573,0,4850,4276,4778,1228
9836,0,3426,4605,8169,983
0,1642,0,0,0,7932
0,5492,5581,0,4799,2152
8755,4955,6371,771,1891,0
6910,0,3001,7463,3553,0
7851,6262,3350,6601,6159,0
4305,0,0,6198,0,0
1612,0,6269,5605,1915,0
0,0,4636,7573,0,5943
0,0,0,0,4446,8237
0,8102,4360,3654,0,805
0,0,347,0,0,6909
3854,0,0,1202,0,9245
6509,3200,7132,6499,4530,3435
0,0,2920,1223,5071,6315
9528,0,9566,0,1570,7937
3888,0,0,4008,8136,0
6965,7305,2181,8430,1786,2765
814,8017,45,7446,7586,9051
5865,0,4305,0,6422,7042
6731,5268,1094,6333,7238,6366
7323,0,4879,2245,9442,565
0,0,6710,4628,6853,2301
5922,360,4023,7466,0,3995
0,1971,6317,2796,0,0
0,8793,0,449,0,242
8012,9668,0,6096,0,1581
8040,3590,5919,6970,0,0
8263,0,1241,4229,5031,7756
3548,0,9780,0,6756,0
1673,3205,5046,4983,7022,5109
8956,0,8543,8026,1455,4425
0,8750,2043,3736,4328,9932
2680,1784,0,6704,3255,7954
4571,4270,1127,0,2284,1805
1309,0,6589,3859,0,0
1644,9705,4652,0,8353,0
9115,3434,0,2887,0,6483
301,0,7387,0,5373,2628
5253,1622,0,2801,2115,0
6630,0,0,4293,8349,3575
0,1845,7140,0,9442,5653
203,9320,4081,6666,0,5233
363,5353,6777,7618,1671,0
7816,0,0,4121,0,910
0,6942,2345,3216,6027,6182
5213,4294,7475,454,8404,4936
0,350,5475,0,0,1449
0,729,7396,3680,6459,0
0,9412,4938,2079,0,0
5449,0,5124,5446,5400,0
5410,6414,1530,0,0,6058
1088,7781,6922,0,0,0
0,4188,7104,2069,5172,5479
5557,8975,5366,7111,493,9961
5476,27,9048,4036,3161,8990
0,0,4214,5566,6495,0
3649,3613,0,9671,5854,2969
1788,1762,5210,0,5807,8280
786,0,0,5064,9059,1997
0,2329,0,38,2098,6636
0,7004,2959,905,9001,0
2632,1101,7358,1818,8986,3380
6480,3285,0,0,4144,3179
3125,7377,1545,0,5486,6091
1516,5995,0,0,2128,5146
6033,7616,7498,7053,12,0
5211,1138,7876,7956,1728,8819
9383,3535,9718,0,52,0
0,6032,8602,3287,2703,7396
99,0,0,6147,4217,0
5194,5576,466,9467,5309,5258
0,0,3798,0,2073,8879
0,7368,1373,2668,8156,629
1852,0,8465,0,5973,0
1180,7505,5998,0,0,9776
9718,1129,9647,0,701,5168
2113,0,5449,6532,264,9667
9577,0,1557,3291,4441,0
1643,7356,679,2157,0,5809
5941,0,3646,1983,4990,8512
9869,4968,5423,1308,4642,7399
5611,0,0,0,5551,5278
7813,954,0,3171,6855,4311
6061,4889,8328,3190,6602,0
7267,9147,7166,0,5852,0
0,0,7057,2171,0,1220
0,9141,0,106,9803,4261
8805,4118,8254,4670,4727,484
6282,0,0,6828,5479,0
5849,8846,3570,537,3578,6049
0,8512,7872,4870,5023,1086
5709,1092,5556,8895,6666,0
9386,4426,4229,7504,0,0
170,4092,6967,0,8374,5219
0,3740,0,704,0,2181
5338,0,8533,1912,6232,0
5665,5322,9844,7868,0,2594
0,9545,4477,4995,265,5751
5148,2047,7071,316,3864,9723
0,0,0,1629,9080,0
4833,2255,6643,3778,2847,9916
0,474,0,0,0,8827
0,5087,653,6766,9884,2046
2388,1712,0,2449,3201,9518
6810,0,0,5944,1685,7101
0,4399,4945,6043,5995,5868
4368,3340,7067,6663,3507,3741
0,0,8459,5309,0,5768
9143,0,7251,9959,2843,1170
0,0,0,5807,0,9864
5034,4786,9237,1138,5793,3125
3090,9403,3673,0,4710,2413
3023,1127,5648,7371,1325,4637
0,0,0,5766,0,2999
6575,6080,0,8484,442,0
8318,0,3962,3615,5852,0
770,4826,9029,7977,0,7508
4989,0,8814,0,3791,2184
1308,6480,6801,8351,2069,0
0,9321,0,520,5663,6113
5412,5699,0,1894,0,2743
0,8170,2241,1113,9085,0
1872,0,6727,2117,333,7376
3944,2372,6348,7207,3696,4465
6343,2807,0,8738,0,0
0,508,2455,5739,3767,0
0,0,8355,3438,7406,0
8056,6037,3797,7357,1750,6335
4212,8824,5890,3496,4364,1816
8832,4780,6114,4429,0,0
750,0,1115,9613,2722,6665
0,5351,0,4261,0,0
3293,8671,8821,1145,0,0
0,0,6205,0,6804,3281
5645,2560,7788,6366,1577,0
0,5258,6850,768,9600,0
6797,3663,8144,5776,4531,5854
0,0,4858,3881,0,2078
235,0,763,9733,3386,6738
5137,0,855,8475,0,7315
3847,5555,0,0,4095,6249
2986,0,2073,7839,0,3017
8454,4711,4930,2830,7987,3048
3877,8264,3553,2574,3179,0
0,6419,0,8940,1472,3730
3312,0,0,0,0,3103
9065,4404,33,8911,4601,1850
0,3163,8930,715,0,2678
0,4920,6038,5076,0,3593
0,7942,4371,5772,3831,0
8956,0,0,9150,3285,1927
3870,7752,6641,9334,5668,568
7700,1715,6878,8929,0,3693
2991,0,0,8268,6006,6940
0,884,7053,5914,9389,0
9472,2284,0,1978,4813,0
0,2939,0,9219,0,2827
1494,0,6023,0,1332,9400
0,0,1635,4597,4756,4988
0,4585,0,0,0,7548
0,8159,0,0,1833,3900
0,7440,0,8586,1300,2968
5250,7565,2483,0,6274,1646
0,0,7399,7591,4797,2674
6307,0,4186,8873,3486,4734
0,6081,4059,0,7873,0
0,0,0,6824,5893,410
3826,9290,695,7032,7013,6326
0,8826,526,0,3726,6450
9787,0,0,0,4421,1033
5666,3353,789,8606,0,0
0,5036,5786,0,8897,5378
4602,6081,2497,0,0,6029
0,0,6467,3741,0,0
5520,3219,9847,0,6293,0
4022,0,4854,0,457,0
5507,5664,0,5476,0,4691
2748,7066,2402,7248,4421,6669
0,3398,0,1420,8704,5582
2597,2357,9486,0,8874,1361
8076,2500,0,0,2399,0
5290,7210,2589,5313,780,0
0,0,0,4893,5946,3912
0,7064,7603,4482,6026,2358
7387,7264,5422,4465,5708,4189
0,7993,623,22,5323,0
6203,3170,5714,7476,6558,0
4065,9632,0,6229,0,6782
8806,0,1146,7138,4600,644
6511,2471,6035,7727,4576,3116
7984,1981,8267,6934,1203,3279
2497,1376,6351,6557,1345,0
7353,1586,4674,4557,1083,0
2880,8949,9113,0,0,0
4391,721,6630,8954,7034,3683
0,0,0,2675,8199,2495
0,0,2885,4575,6101,9070
868,5389,0,6116,0,0
6636,8159,2701,0,6597,0
5751,0,888,4079,9396,3602
2556,7836,0,7700,468,9887
0,0,2762,0,4158,6369
9370,3636,0,9788,538,6386
8330,1759,0,0,6810,5825
3610,5068,0,5760,9884,5222
4454,2034,0,0,4661,0
7970,0,8995,7499,2087,1738
8144,6759,3927,3473,817,7713
0,0,0,6386,0,0
0,6518,6840,2248,0,0
0,3134,7912,6057,0,5453
4982,9261,3038,8207,1786,929
3276,3944,8308,7093,0,0
0,9823,5043,3085,0,3671
4100,3434,4875,273,0,9484
1899,7991,6270,0,0,9129
8363,0,2679,0,3139,5330
7832,5941,2365,621,9883,0
5868,4064,5081,0,0,3355
9336,2544,8369,2921,3026,2122
5946,0,3860,7207,8368,5341
0,7321,4187,1153,0,0
0,9675,1806,0,7004,4945
785,7973,4678,0,4398,9368
1012,7265,0,0,1371,0
8563,1911,0,0,0,4141
0,0,3443,0,0,1014
0,0,184,8894,3787,1361
0,9490,0,4221,904,3908
8467,0,2956,1756,4061,8853
8083,2335,5712,5243,0,6661
2851,5367,7046,1570,4152,0
0,7668,0,3822,4435,6639
1506,9503,7891,6617,0,5648
0,6240,7786,0,0,3474
8330,0,3592,1630,0,6722
3106,6359,0,1841,4253,6771
5556,0,8267,7377,7273,0
7120,1713,2383,4608,3032,0
5890,7841,0,3593,8217,0
7782,8361,7542,1283,3998,6407
8739,6149,865,0,505,3339
3964,6365,3031,0,0,8555
6375,160,0,6484,6875,0
9123,3552,4267,542,6123,6196
0,633,8849,5045,6183,6631
6036,4759,0,6178,0,0
0,0,5867,2378,4786,4735
1123,7414,9947,3284,0,1682
0,5950,0,2378,837,0
0,5780,4649,3557,1291,7234
8543,3868,2850,6557,0,2247
6537,1727,9278,7881,3173,4829
3907,6640,6578,4145,764,0
4989,0,0,2199,6600,4343
6569,5572,0,8015,5672,3888
0,0,0,9654,3994,0
4742,4845,4543,5254,8851,1697
7816,1803,1844,9389,6901,6980
2710,6601,5160,0,3973,0
9790,4216,6025,4907,0,2530
6599,7049,7925,249,2314,6149
0,0,648,8882,0,1079
7681,492,5220,0,0,0
2835,0,0,8677,4675,4504
8591,873,7358,1965,0,5411
3486,9935,6418,3497,4681,5283
1731,0,4039,5298,2330,6839
6964,0,4866,0,0,5260
0,0,0,826,7209,0
0,4229,6243,0,6636,4456
2543,0,0,3035,9506,0
0,2325,0,6678,591,1562
0,7838,0,8743,0,0
1635,9701,5831,1879,2483,6371
1487,6423,4902,8939,0,0
4394,306,2858,4856,8032,0
0,0,0,0,8122,5170
4496,1640,9093,0,5382,5863
8704,0,0,0,5383,3293
89,0,0,1843,5145,6633
6104,0,674,0,2735,7838
577,7658,497,7515,9215,5572
1947,0,8856,7475,3628,5107
0,8317,0,4701,4772,5002
8768,4466,4371,1588,0,0
7858,1549,0,0,0,4412
2914,6424,4519,327,8582,2532
42,0,2440,7854,3176,0
5127,0,0,4175,5996,0
972,0,9940,5645,5182,0
2681,0,0,5781,0,4210
0,0,252,7137,0,5593
0,0,1310,5682,1507,0
4560,3122,4175,0,3989,5562
0,8127,0,3203,8208,1490
1392,6289,728,4317,7512,6522
0,3292,4930,7783,0,0
4817,8481,6860,1136,5339,7115
5589,6847,1346,0,1178,5798
8133,6935,6988,0,0,0
0,1138,0,0,3998,8546
8335,5027,7479,2159,0,0
6557,0,8120,3703,2878,5718
3893,4660,0,9671,5475,945
3546,0,0,0,0,0
5939,5474,893,0,8151,0
8033,7811,1216,0,803,3657
0,0,0,7539,4246,5750
3378,0,4984,5883,4676,4781
4844,0,1512,0,7468,0
7491,0,3564,4426,0,5954
5545,2129,0,293,9106,0
0,5499,51,8551,0,7576
0,117,6662,2313,0,4806
0,0,0,0,0,3952
5639,0,0,5030,0,0
0,5538,4214,0,0,1876
0,0,2122,8615,7739,0
0,9299,0,200,4000,2481
7605,6231,0,7292,4363,0
0,0,0,5277,0,0
0,0,6617,2742,3824,7656
0,3775,0,8878,6735,0
3564,5150,911,9213,777,8638
7296,0,9261,2470,9841,4405
0,0,4170,7702,5873,6456
7931,331,0,955,0,8011
2721,890,0,3940,0,8721
0,4758,0,1353,7462,2341
5681,0,0,0,6114,4202
8184,3063,0,5381,6630,2358
6601,0,5549,0,6030,1666
1612,8420,1862,5670,2396,9513
2210,7167,9268,2821,3439,9125
7284,9383,3039,320,6539,0
5650,567,8931,2309,9355,0
5332,0,5624,396,1778,9454
0,1319,2384,9484,0,3097
5898,2626,8317,0,0,3232
508,0,2636,8460,4168,3011
3273,5023,9631,4278,2032,6884
4192,1210,5830,6137,0,5761
0,4082,1353,6706,2491,4417
5313,0,3451,2258,9178,5305
9881,4188,0,2789,7980,344
0,1502,0,0,0,0
3195,1920,6411,4254,7759,6253
8308,0,0,0,4364,4308
4274,4182,0,1175,798,0
3716,5510,963,8189,6673,3399
3133,6963,4409,3953,506,6782
4799,0,8181,0,0,5714
0,0,498,0,0,4007
4724,8644,797,7155,4683,4750
2923,4131,2585,7972,0,2605
4599,0,3683,7166,6274,1672
7305,4068,445,8375,6666,0
4391,6433,5442,5902,5975,170
0,2727,1863,0,0,4778
0,0,7031,0,964,8092
3449,2326,0,6957,9801,4346
0,8609,4262,7515,4691,552
6141,2964,0,0,0,5419
5076,0,0,7420,0,183
4192,4843,5054,2870,4876,0
6100,4663,8789,2758,0,3212
7147,5502,6455,1024,0,5077
0,9863,6686,0,0,1954
6281,7313,0,7315,1462,6727
8589,0,6846,1584,7238,0
9104,7174,0,6378,493,0
1401,0,5368,5344,8824,0
0,0,7979,0,2273,5323
8981,1685,0,9204,0,3060
0,5075,4720,477,4579,0
0,4400,5019,3373,6596,5828
3383,3258,779,0,4743,6730
3787,8197,0,6613,501,4773
4656,8825,0,0,5973,0
4641,4799,6452,4572,3497,0
4473,4692,0,6210,1639,8868
2084,7263,596,9670,2201,0
4957,7522,0,1637,0,6440
7029,3217,0,3120,9867,1573
3216,5901,9019,3871,0,153
9297,3444,0,9441,0,3160
8831,0,6385,4187,0,1283
9269,4242,0,1755,2188,7801
0,9168,0,7816,1673,1119
5571,0,0,8533,5876,3274
9462,4431,0,636,9591,0
5976,7749,9005,988,2728,2728
1984,6816,3523,0,4349,6063
0,8554,0,0,4418,4525
7997,348,5593,0,7704,2822
0,8870,3130,6363,7203,0
6456,0,8434,1930,4630,6820
5458,3171,2239,3100,6458,9849
0,0,0,4600,0,4258
7792,5097,0,373,9655,333
5685,4103,4682,8485,3184,4420
3929,0,7669,357,6761,8349
0,7310,0,7054,1022,3698
8047,59,1723,0,0,2340
5009,0,0,7900,759,0
4891,8930,2828,6453,0,0
2469,449,3215,9569,0,5492
3654,0,9004,7752,3167,7534
6481,3006,6843,6645,0,1019
0,0,0,0,5481,0
8164,1556,0,8806,4258,0
0,0,7564,6852,3009,8995
0,0,6946,7217,0,9890
8948,2452,0,7523,3510,4157
5847,5281,943,4585,0,0
7804,4245,0,6432,3449,0
0,8549,331,0,0,9636
0,2576,3334,0,0,8640
3146,4943,6720,4232,3911,8304
2926,6481,0,3620,6404,8557
7024,0,0,0,4924,3472
8429,345,6346,6241,0,0
0,9640,6275,2473,0,1729
0,5860,0,1047,0,6627
0,0,4239,8874,9531,0
9605,2890,8009,2148,0,0
5838,3515,9031,0,0,4042
0,3871,3442,8352,0,0
7142,0,9210,5267,1368,7553
3283,3573,0,1206,6373,6948
694,3649,0,6757,0,7291
0,4391,7586,0,4405,3761
6755,3464,4789,7483,1588,6615
2569,7959,6555,0,0,8470
0,3124,7092,1179,0,9376
0,1183,2158,0,0,5194
5123,3593,0,5674,0,6301
5151,0,4752,7391,1762,0
2336,7177,0,4673,1707,0
1162,0,8008,5516,7333,7962
252,4205,2279,5803,5283,0
0,6163,0,4202,8411,3612
4380,5543,833,0,0,3033
0,1434,0,8351,1140,6799
1215,0,7123,0,854,5854
9648,3201,7044,6752,0,1538
1721,0,267,2605,0,6377
7174,1365,2566,0,7868,4871
0,4402,3984,0,5184,0
1324,6978,7547,7400,493,6785
9797,5880,2212,7010,2405,528
0,3003,0,1302,1723,6642
5248,4903,0,0,1226,0
8775,311,7646,0,6162,2438
0,1775,0,9171,0,3865
0,0,0,5111,8770,0
2278,8086,6016,0,805,0
5270,9376,6404,0,0,2288
2593,3675,5874,3297,6826,7109
0,4622,0,1217,8481,1508
0,0,5127,0,4218,0
4614,8662,2727,7112,5986,0
0,0,0,0,3364,0
8106,0,6284,3070,7698,0
1084,0,9131,0,0,547
6616,5092,4335,3698,3740,6400
0,0,4285,0,4725,3370
7232,5260,5743,0,6196,0
5298,2008,1593,6439,0,7085
7636,3476,0,355,0,936
4371,5791,9747,5036,3153,3299
0,0,0,7439,4175,6651
7822,2191,4718,0,6814,2340
1967,7135,1622,8910,1283,9459
6101,3344,0,3706,7632,3619
7117,1597,3254,2065,7190,9836
6628,4130,3442,0,5766,0
2114,5497,0,8998,0,9106
0,0,9033,0,4656,3753
7470,0,4171,0,5356,5516
0,4738,2829,8406,3844,6014
9411,4241,4235,0,5465,366
0,7478,0,0,4158,0
2433,9578,3182,0,6628,7448
7621,2299,5164,5151,2188,0
7565,7384,330,5540,0,2110
68,516,9888,3346,4362,0
7696,5159,280,4431,6227,0
9890,0,6071,1511,6510,4111
340,8182,0,0,6691,5234
0,7258,0,4783,2838,0
6828,3241,4167,5327,4031,4488
73,0,5492,0,5953,8673
8692,8316,6631,3231,0,3090
4778,6490,3165,4740,6405,2145
0,5814,9277,1403,4525,6138
3416,0,8428,1392,5979,0
0,0,0,0,4434,6351
6989,0,0,7378,3517,6368
8193,0,6555,2461,0,3648
2746,0,4908,0,6846,0
0,2469,6039,0,4743,5193
8610,0,4739,5572,1852,1570
2529,932,0,0,9774,4782
4477,8974,5551,8325,0,1240
5791,546,0,8599,7846,5493
3235,3404,8571,7648,0,2339
6210,0,0,7974,0,7315
9787,0,1753,21,9188,2687
5228,7613,52,931,9095,2763
7075,6167,2515,5867,5223,7035
9434,2015,3499,4199,0,8623
0,1981,4807,6112,6828,485
2307,4503,6085,6969,5357,511
0,5238,3531,7154,2399,7435
7532,1596,9773,3079,6259,3623
0,0,5806,3152,2351,0
5737,0,5114,0,0,1772
0,8500,4199,0,0,0
7745,0,7445,2021,9541,2664
9768,6793,2512,0,149,0
5921,0,0,904,0,8001
1573,4371,8818,3703,1361,7913
0,5578,7510,3111,0,4621
0,0,0,0,0,7883
7494,4459,3539,4766,6327,6606
0,0,7811,7811,0,2336
5768,0,1862,8229,226,1481
4677,2810,7073,8576,0,4639
5619,0,0,0,2525,0
0,6071,3899,0,4768,0
1667,0,3207,0,4944,6839
0,1930,8015,0,0,2371
0,0,3164,5905,6202,0
0,5250,3120,7009,0,3071
0,0,6711,0,9389,3788
6874,6236,6252,5321,3448,2689
6021,6028,4251,0,1321,8530
4220,0,6305,1391,0,5971
5290,6097,6564,2196,7268,2554
6110,0,8589,5853,0,1827
0,9969,2919,5950,9138,5611
2270,0,9999,1110,6676,6597
1463,1095,5033,0,2280,0
0,0,4966,3465,8116,5468
6353,3264,0,3810,1831,7151
3110,0,0,3102,0,7328
4194,8867,457,0,0,0
135,8546,1582,9183,5783,1746
7558,0,1,6048,6214,4256
6622,7816,1955,6249,5410,3962
0,0,0,3857,6845,5685
6083,0,0,3303,7172,6767
0,0,548,9478,4146,3900
4692,8631,5364,0,0,3670
1873,2896,9292,8557,2085,0
0,0,9704,6075,0,0
8449,1740,8685,2462,6000,0
2549,0,8930,0,8395,5842
5320,5741,8156,1092,6340,3801
1627,1069,8243,7743,3095,0
0,3628,0,3356,0,0
530,4426,4422,3656,9529,0
0,2032,4534,7954,2492,3000
0,3853,3349,7503,0,0
0,0,3789,4462,4500,0
7150,3951,790,7716,6455,0
2997,0,8373,0,9984,4694
0,7908,741,9970,0,6010
0,7411,3213,3765,5208,0
3335,2310,3475,9842,0,2969
0,0,0,5207,1849,2340
0,6638,0,1456,3913,0
3642,0,3271,3578,3201,0
6494,7887,3991,1770,5840,2817
8213,0,0,4169,0,5754
0,7292,2149,7145,9778,1228
6145,7862,1086,9983,2506,0
239,4876,7640,7412,3885,6853
8674,0,0,0,7404,0
1381,7915,4696,3221,0,0
0,0,0,0,3594,0
5595,5573,0,0,3309,0
0,0,1099,9916,5288,1628
4056,8215,4329,1750,5263,5587
4990,0,3551,4922,7077,7541
2172,3868,7496,0,4894,0
0,0,6617,4663,8437,2835
0,4490,4684,0,9102,8685
6859,3562,4335,3692,7872,0
2765,7663,2318,5833,0,6661
8662,9287,4838,2358,736,0
0,2914,6967,5420,0,5727
4369,7150,0,3024,3098,3499
0,1982,0,2693,0,5770
0,7108,0,2122,816,5617
4635,0,0,5219,8822,0
1154,0,1232,9452,4503,5243
0,6807,0,7022,2337,5164
0,2269,0,3722,0,5624
4379,2688,0,0,5145,5771
8631,3677,6763,3888,9523,649
0,8513,0,8122,156,403
5757,0,0,7193,4161,933
2726,2960,0,5555,0,6722
0,2262,7720,7892,0,1860
0,0,3144,0,0,0
0,1770,4196,0,2157,8913
35,0,8831,4372,3041,8674
7218,1863,9965,0,2197,7984
0,9049,0,6288,0,1044
8676,0,6863,0,2878,0
4445,2580,8048,2925,8717,2798
4012,0,7839,8265,3896,0
7281,669,5139,5671,0,0
0,4210,0,2424,5416,0
59,0,3103,1950,8506,5336
8332,0,3879,5327,0,0
7300,7119,7260,529,0,5168
622,8409,5204,0,3679,4162
4113,5347,3955,4911,1720,9217
0,928,6089,8544,0,0
5078,7513,8801,576,3884,0
2439,7430,3962,3748,0,0
6643,8438,1412,8356,0,0
3286,0,4340,4492,1614,0
6206,4239,2007,6507,5581,5119
184,7100,7225,1035,0,6410
0,0,0,6297,1042,5800
0,6158,0,6936,6824,5985
678,2887,5978,8187,6262,0
544,1925,9409,4507,6607,0
6746,0,6323,0,4928,0
0,0,860,3447,0,0
6051,0,5510,502,7706,5314
8228,1992,4012,0,5400,368
2410,7744,1831,7869,4942,9864
3371,0,5064,2391,8130,3731
7858,2211,3272,4942,0,9613
9439,5166,5555,0,1058,1415
6328,2132,4470,9567,5347,1818
0,6663,0,7126,2991,4751
0,2687,6904,0,0,0
1477,0,3344,9901,4485,3563
7334,4410,0,0,7903,0
7298,4679,5513,8645,3192,1434
3591,8406,0,8825,1661,6369
8333,8385,3187,6302,5623,0
1699,4178,0,0,6166,5353
8403,4244,0,9352,2624,4473
2975,6226,0,2171,7198,6408
8320,0,1811,5817,6129,2625
9434,2881,0,7805,0,7765
2657,4630,1686,0,4460,9611
6917,0,6458,5373,0,0
0,5258,5150,0,2940,2282
9372,1466,8489,2721,0,4692
7143,5245,5604,2428,8097,0
4898,0,0,6358,0,1557
0,0,0,3207,0,3033
7768,2453,5028,0,0,4322
1717,6924,1123,0,8854,0
2157,5299,7716,0,0,0
0,0,8602,0,5520,4640
4427,2732,9478,0,0,4422
6029,2986,6181,0,9385,3108
0,1400,7795,0,6719,0
495,0,7221,1346,9282,3325
2746,156,2433,0,8946,7171
0,2404,8896,8767,18,0
3755,2266,8674,2940,5039,7859
8851,2462,4022,0,0,0
9886,0,9629,0,3382,0
319,5349,5926,0,0,5863
2945,7322,3083,6408,5904,889
0,3880,2764,9180,4883,1602
7593,0,4782,1417,5802,1168
5766,0,7947,0,3593,3906
0,0,5601,4489,1204,0
7237,1470,2776,7146,4939,0
3670,3186,2434,2686,7915,0
8794,5729,0,6988,4253,2178
2410,0,8588,4598,7332,0
3016,8424,1536,8908,2958,4455
1331,7642,5412,5495,7560,3635
2145,5397,7628,4707,0,4598
8278,545,0,0,4214,8454
2308,8379,4374,239,0,0
5480,0,4368,6117,5156,0
2156,0,4548,4526,0,5808
4624,2965,5459,3440,0,8170
2308,6896,0,0,4781,2763
0,8464,1362,4484,0,0
4246,6917,4545,2119,7216,4529
2503,8417,0,429,0,8531
7676,5607,0,2582,6143,2156
5464,4900,0,0,6376,4239
1546,6225,1875,8169,1302,5748
0,3476,4960,7793,5871,5502
0,6541,8933,4456,0,0
3538,299,3831,5260,5481,9425
8251,107,6823,1984,0,6313
3290,0,2181,0,0,8124
1714,8500,1150,6168,6243,7804
5880,1854,0,4129,4108,0
0,0,9930,0,766,8207
0,293,6340,8197,2477,7889
9266,6248,891,0,6941,3130
8016,0,6911,3226,6680,2620
9818,7298,4856,4342,0,3740
2193,7186,0,0,5388,9438
0,5593,0,260,0,8815
2662,0,7030,5736,2041,0
2367,0,0,480,4948,9167
0,4229,0,9225,2774,0
5459,0,8975,0,0,4931
1475,5586,0,1759,0,5708
0,158,0,6984,4027,0
0,2040,0,5033,9139,0
1558,6616,7285,7359,3701,4198
0,0,4705,7502,4349,0
3342,7978,0,0,4845,9436
0,0,2450,0,5790,5008
8450,4437,1870,8297,1660,6822
9503,3777,3561,0,561,9577
5969,0,6059,775,6730,9560
7207,0,7832,0,0,0
7592,2754,6700,8209,3134,5088
1121,2808,0,5928,8385,9620
0,0,1740,0,0,5233
0,0,1101,5611,0,5149
0,5759,0,0,4058,4250
0,6991,2384,0,2023,0
2306,8132,7773,0,5576,0
8763,0,2982,7165,0,4605
5297,0,5192,3028,0,0
0,0,6692,0,2275,6011
5921,4499,7699,1648,0,5262
5479,0,6247,5271,4671,0
5984,2431,6897,7629,6596,5368
0,1711,7107,0,0,9473
5375,4272,5455,7311,6400,1352
1364,8510,1019,5337,6525,7133
6661,0,7041,4619,0,6751
7303,9498,861,0,0,5073
1677,2177,3832,9209,4686,3328
0,4590,3222,1936,1646,5185
3176,3397,3426,0,0,7936
2224,6028,1990,6090,9917,1753
3358,4833,7282,0,6057,3768
5756,3492,4133,4401,0,0
5357,9232,0,0,1225,9391
2256,0,0,0,0,7148
9349,509,4729,0,2487,6211
0,4505,503,7932,0,2146
3672,0,9744,0,5956,0
0,0,23,8881,0,1336
5336,8211,1953,3183,0,5005
3497,7405,1904,1377,7682,5560
1517,3551,5407,0,466,0
6278,6147,611,8231,0,0
459,0,5525,0,5988,5434
3842,2808,9304,5423,0,7966
0,6732,3431,2005,5910,0
7203,1177,0,3780,0,0
2452,6283,4840,5549,6767,3798
0,937,9476,0,3512,3088
6331,0,9968,4308,1815,6887
0,0,6564,5698,0,5527
789,7870,0,6219,3058,3629
2614,0,8052,5122,4665,0
8470,4526,2092,0,5838,8163
7122,5151,0,6235,0,4859
0,8594,2888,0,8753,3629
1071,2000,9014,0,1675,0
0,1903,3984,6635,3994,6634
4262,3720,0,6033,6066,1876
0,0,3019,5071,5075,1326
6027,7724,5059,4495,9711,106
0,0,0,2683,8990,5524
2951,0,5322,0,0,7883
5813,0,8700,0,0,552
0,0,0,2911,0,9135
0,4572,9089,2552,6631,655
9670,1215,9197,4450,0,3503
0,8114,6890,806,0,6578
3711,2377,6211,2480,7957,0
2107,6258,6261,9275,0,0
0,0,7447,5406,1558,9274
4284,4389,0,0,31,5862
7044,8306,0,5900,2571,0
0,4613,4291,0,5250,0
5342,6656,3523,0,0,5542
6963,7083,0,586,0,330
7199,2134,5783,0,8195,0
571,9104,1292,0,6151,6299
4879,506,2291,9151,3792,0
1321,0,0,3345,6402,0
0,4088,3558,0,0,6257
6306,104,0,1761,5289,4787
5895,4427,0,7071,0,4943
7175,0,0,5731,0,5670
5402,5516,2962,9322,2878,0
6007,327,8043,0,1392,6082
3107,5630,6354,7363,0,2500
2580,3079,0,0,0,3369
8830,4344,7481,4491,4711,0
4377,5713,0,8758,0,4604
0,3247,6341,1977,9210,4232
0,4656,2920,9450,1105,0
3802,5917,6874,5961,7492,0
0,4886,4837,0,0,8012
5600,8182,0,6774,0,3507
4888,0,0,0,0,3648
4743,4238,9638,5831,1653,0
9940,2500,2122,4775,2073,4307
7508,3255,5692,7265,6824,0
1207,9699,1938,8252,0,0
0,6590,0,0,5505,2779
791,6205,8740,5634,7503,0
0,2883,6547,8083,0,0
0,6247,0,7023,0,5161
0,4689,3767,0,4900,0
0,5758,0,4875,3612,0
0,0,5830,6715,6349,0
6542,0,8385,1778,3227,4713
0,0,5713,6135,1985,1533
7784,2411,0,0,0,7710
2081,8078,6739,0,2975,3866
8067,4487,0,4144,3304,5452
6531,6987,0,5118,7158,0
9862,5352,3215,0,0,4723
6307,4370,0,985,0,4084
3611,0,365,2773,9189,5347
0,9178,0,6690,4357,1392
4053,0,5070,0,0,2393
8147,1689,9331,2078,1566,0
6233,2651,0,0,8728,1763
6817,0,5786,8524,0,7785
0,9459,2461,8281,4849,6381
0,0,0,686,0,6779
2000,2752,2553,6932,9368,0
6114,0,529,9422,2494,4001
5321,1153,6990,4462,9578,4207
0,8537,0,3883,6977,1845
7094,0,4146,0,0,0
8634,2742,0,7610,0,0
0,0,8672,3530,816,0
0,6786,0,0,0,0
0,0,0,9328,2847,0
4579,4440,8082,9072,5554,1249
8059,799,0,6523,0,7485
0,7227,6812,0,9155,6069
5108,4016,0,4942,0,9717
1615,6566,7275,814,0,3935
8261,5286,2109,6308,0,5852
9783,5161,1077,0,0,0
0,3508,6716,3965,5451,0
0,1006,6425,4987,1899,0
9863,0,4763,3682,968,1055
4723,8198,0,0,1092,940
2760,2727,8795,0,0,6927
198,0,0,0,6870,5070
0,7041,0,1287,5010,5907
6371,1783,0,6409,6474,6407
2998,0,533,0,6886,1499
8479,0,2967,2789,7763,251
6186,0,0,0,0,2381
4200,6832,0,0,4114,9099
0,0,0,5777,4747,0
647,6677,0,7167,9199,1553
812,0,3293,0,8936,0
0,0,3581,2459,4853,4569
0,0,1721,7880,3088,0
0,2977,9468,3346,3824,5738
0,0,0,6089,0,4074
3815,5580,6278,5764,3708,0
7104,0,5112,0,5963,0
6440,5059,5749,2676,0,6163
443,7591,0,1351,4169,9446
0,0,8601,0,1570,4420
8672,0,2280,9820,0,4807
0,0,4837,5733,8872,0
0,6877,0,1592,6188,0
778,5863,9951,0,8936,7178
1670,9696,2586,4383,5177,9174
1688,5292,9598,4675,0,0
9110,7078,0,0,0,4766
0,5839,7818,3903,0,5366
6604,0,6684,3424,0,0
3310,2520,8158,0,7664,5847
9273,1415,8123,8451,1265,3588
2268,9932,4225,0,4540,0
9912,0,6724,2136,0,0
429,8991,5874,4505,0,9610
0,0,3442,3145,0,3710
898,5233,7483,6823,6582,0
5868,0,3549,3653,7638,4638
2753,0,1844,6910,7793,5831
1558,0,6055,0,3452,0
3859,9731,2148,4745,0,3930
3622,7970,0,6047,4081,5555
8165,0,6469,422,5797,7848
0,6672,6885,0,0,1264
0,7443,4575,4484,0,1676
2253,0,0,2114,4730,7987
8396,7863,3598,1382,9546,158
0,9612,1339,1530,3922,6893
8553,0,5774,0,763,5338
8315,1265,8575,8192,0,5110
2288,9515,0,0,6821,0
4503,5207,0,9723,2289,6578
0,4355,3012,7123,2025,8705
4566,3239,7590,0,7236,4312
5099,7723,1673,5573,5121,5771
0,1100,4902,6687,3663,3409
8989,0,7806,5149,1603,579
0,1519,5674,7599,0,8730
1766,7850,0,1857,5541,4080
7598,5383,2892,5207,5778,3005
0,2233,5614,1400,8356,959
0,8943,2074,7650,2518,9997
0,9960,0,6216,2122,6244
2977,0,3694,1772,6815,8889
4737,6385,7450,1143,4287,0
8914,0,8516,3647,2720,8628
8456,0,4221,4815,5925,3207
8613,0,0,8604,0,3545
0,0,3620,5740,9160,5311
4245,4375,2011,6002,3110,8488
995,9081,4524,0,5213,2600
0,0,9886,1264,2054,5347
5383,3633,9944,6397,2212,0
8585,0,6058,5735,1663,2913
3346,9119,1615,6471,0,0
0,0,0,798,3322,0
0,0,7978,1054,8723,5737
0,0,699,0,7079,1580
6671,2665,7964,9267,0,595
0,623,9783,0,4113,0
1981,6965,5992,0,1546,6299
6271,6846,0,347,4053,4868
0,2536,0,3186,8976,6237
7987,0,201,8456,2864,0
1395,1974,0,9154,0,7417
8715,895,0,6346,4427,3228
2511,1687,2632,0,0,2659
7598,6577,0,9374,0,4374
0,5516,0,0,2468,0
1503,0,4455,7936,7054,0
0,8113,1815,4691,0,6921
0,0,4485,2863,6885,3515
0,3731,0,5296,4880,7143
3114,0,4692,7511,3543,7531
5694,2795,0,0,0,0
5950,5041,2335,7771,1449,4443
947,0,6685,0,0,9703
8773,6084,0,0,7611,1926
0,5526,0,9792,4984,0
2849,0,8227,284,8289,0
7075,807,0,185,0,0
0,6111,3340,0,4313,7607
275,0,6960,7695,0,0
6815,7904,0,0,6355,6061
3361,8471,2848,6021,0,6945
6795,9689,830,0,0,0
5920,8385,4565,7379,1239,6920
0,0,5346,0,0,0
4979,0,5510,0,6839,0
0,6674,0,684,0,0
0,4582,5867,7722,6364,4889
5571,5714,3769,0,4789,846
8267,0,4644,5376,0,1309
9086,0,3863,0,5686,2424
3552,6002,7062,1854,7640,7931
6540,2147,6285,2427,7738,8307
0,4442,3171,8161,4435,1406
0,8334,4707,1027,0,6500
7587,0,3052,0,0,8691
1779,7614,3066,4629,0,0
0,0,3889,0,3009,0
0,4594,1138,4436,3573,9391
8217,5091,2087,6120,7369,0
694,0,0,6670,0,8337
3805,0,0,4807,8329,3547
0,5265,1053,6192,4911,0
3208,0,1893,5093,0,0
6068,0,2507,8587,6252,3232
0,6650,0,0,4491,3653
0,4754,0,0,4732,8066
1440,3856,5444,4205,0,0
4378,0,8451,4506,0,1865
2763,7037,6911,3923,766,9756
8159,7496,201,6253,1987,2392
8258,3411,5274,9657,0,1849
4123,2948,6200,4183,0,5814
0,6382,916,0,7949,4839
0,0,3282,0,0,2085
0,0,9324,2377,0,0
1715,1233,4479,8933,0,0
1788,0,5720,4003,4224,4642
6944,6848,0,6118,0,0
622,1581,9535,4399,0,6059
2529,0,0,7919,0,8281
5431,8704,7491,0,0,3019
0,0,0,2800,0,5601
0,7780,2810,4809,2746,6441
4432,0,811,2469,9146,0
2419,8594,0,3674,7843,0
0,6847,2547,4569,3720,0
5553,6926,47,0,2501,8301
7288,7792,2122,5962,0,0
3155,4911,8737,0,213,2828
0,3162,3352,8234,3812,371
6910,4673,0,8095,746,4382
7481,3879,0,1437,0,0
4441,3200,6138,0,0,5621
2809,9098,2965,0,0,9301
1502,0,720,3268,7013,7088
4885,4647,1762,9439,5736,0
7028,5667,0,0,5185,3442
2310,9700,1479,5245,6889,5897
0,8733,0,2925,0,1833
0,0,5885,2862,0,2034
1132,2010,9126,36,0,0
3910,0,8936,2835,4763,1374
0,0,2552,0,0,9213
9793,5712,2358,5651,9859,0
5456,2859,0,1904,9159,3321
3936,0,0,2512,2955,0
9193,7319,0,3823,0,0
2111,4193,7805,0,0,3442
2834,6172,825,0,0,6332
3723,6820,0,3159,5496,2375
1233,5741,1149,9355,4577,8448
3714,3990,0,2870,6740,3475
0,7443,870,0,6908,9660
9056,4964,0,5287,4201,564
6001,2372,4590,0,9765,0
3896,0,0,4952,0,3001
0,3104,4538,6957,1312,0
6010,0,6598,0,0,8559
4293,9304,3910,3575,4937,6525
0,8763,6259,5526,814,0
0,0,5102,4895,9636,4849
9048,8716,0,0,3929,5868
6242,4520,9343,0,3064,1404
0,0,6004,9717,1307,5911
6223,833,8317,0,0,4248
0,6971,0,1471,5322,7952
0,4327,6557,6305,6974,2111
6422,3319,0,0,4879,0
743,7550,1772,8365,0,5573
2962,4634,7319,4440,0,5418
0,0,9642,3037,0,0
5831,5368,6703,9851,0,1301
5140,0,5690,3600,2682,9246
0,0,0,1687,436,8239
5034,0,8786,2104,0,8238
0,2942,0,0,5370,0
973,4039,0,1301,9187,3412
0,5140,607,6963,7392,313
228,8781,1656,4755,7625,5854
0,0,8210,4584,5045,5211
0,5616,8442,3871,8701,619
3286,7698,0,0,7069,7293
4763,8251,0,8723,0,2620
7887,5785,7571,5835,3290,580
293,0,7210,0,2196,8764
8203,6666,5033,0,7137,3120
6906,116,8147,0,4710,1309
0,0,8399,2304,8941,1662
7156,1994,3094,4750,8256,5190
0,8312,8041,7872,4773,2472
2870,5670,2531,0,0,0
0,7580,6731,3461,0,3580
5160,6594,5159,9182,0,2270
6449,0,6927,0,787,0
0,1474,0,1012,0,8211
1414,0,0,7790,738,9604
2834,9978,7161,76,0,7161
0,6708,507,8315,8363,2683
3653,4879,3457,7934,4085,8837
8008,0,8678,0,0,8862
0,9531,2224,4159,9063,0
0,3704,8034,4859,3316,9426
4841,1268,0,6940,0,5999
7080,0,5011,0,7872,3398
0,5378,0,0,0,0
8042,2097,4042,6628,0,1652
6180,1285,0,6440,0,3521
4976,5599,4432,8283,0,3378
0,3918,7397,0,0,5583
0,7355,1953,0,0,4454
5984,2710,2190,0,0,6389
1969,9176,3683,4275,0,0
3325,0,7103,3041,2892,7565
7841,9236,1340,6943,5228,2681
0,9971,0,4539,7309,0
5055,4580,6892,3712,5531,0
9850,6321,632,6039,7450,0
5324,0,0,3078,2856,0
0,3054,4027,6045,7351,4161
121,8125,2458,6992,4283,8282
5404,0,0,5189,1330,0
6975,3419,1770,0,8672,4300
0,0,9503,5518,0,1337
2132,2003,8432,490,0,5695
1237,9573,3552,5844,2400,3649
1839,0,9757,7320,2450,0
1650,0,3353,0,0,0
2146,0,6099,4297,9315,3613
0,901,2627,9288,3570,0
2548,982,0,441,8878,9080
2515,0,6435,1774,0,0
0,0,8756,2618,0,0
4083,0,4046,8493,0,9549
222,5571,0,0,7852,4449
0,2061,1738,8705,6037,0
0,5497,0,6824,279,0
0,7379,4699,8263,974,0
7859,2184,8069,7748,0,3946
3375,8001,877,6135,0,0
1792,9687,1037,8537,0,1642
9899,3501,2401,5146,503,2145
2523,0,7048,5666,4860,6626
4551,0,1204,0,2815,8747
0,892,0,0,0,5131
8408,6161,4951,4886,3484,5016
3374,2334,9937,0,2753,0
6408,6522,811,4367,7399,0
0,0,0,3970,0,0
4648,2449,0,860,0,2512
0,4943,4431,5293,0,2198
0,5820,864,3915,0,0
7380,4756,0,2870,7425,8232
595,2338,4645,8853,0,8186
2953,2184,0,3022,0,0
7552,0,4384,637,4371,5890
0,7211,4932,0,639,8183
6512,977,0,1623,0,0
4993,6961,9804,0,2803,923
4972,0,1780,5627,938,9729
0,6880,0,2597,0,0
7078,245,0,2271,5180,4934
4441,4544,574,8255,8343,4111
3756,9879,0,6204,6445,286
97,5271,7556,9510,7648,3577
3780,0,3926,6874,4518,0
6569,9090,0,224,7223,3865
3389,4228,6622,2760,0,0
0,4552,1113,9033,2208,8651
7318,6081,0,0,0,2193
9933,0,5006,1367,0,1880
6495,1877,3994,4849,0,2713
0,0,0,27,0,0
1028,4044,3388,8546,5798,7807
88,6770,0,8267,0,0
334,7160,1237,7534,6998,0
2108,0,9926,4883,3554,0
6353,9093,3630,4782,0,4548
0,6522,1007,6570,0,6015
0,6610,0,0,3981,4959
6365,4101,7158,5355,3887,0
0,3753,3527,5580,5227,0
5599,3874,8388,2416,7623,4534
2151,4743,5810,0,0,6904
0,5666,0,1461,4104,5056
4088,7695,7632,2466,1017,0
5412,0,6689,2715,6907,0
0,5383,7421,273,4269,7822
2442,4621,8477,4655,4583,3411
1386,4306,5391,0,7181,6987
0,7688,5923,0,0,2507
0,8158,467,9083,0,376
0,5271,5292,2038,1652,0
4582,5557,7950,0,0,2823
0,8054,908,5297,4091,0
4916,5389,0,6127,1127,5770
0,0,4701,421,6292,9059
997,0,5016,3433,6622,5066
4011,3755,8791,4889,0,5621
985,0,0,0,1456,8677
1544,2766,7529,5693,4019,8808
5607,7805,4680,0,0,5385
1108,5320,8725,7236,0,866
0,8493,7986,0,5477,1502
6002,2502,6392,2516,9838,0
1900,0,3935,0,2385,0
4834,4018,4722,0,3851,0
0,9782,7061,0,0,2831
2612,4660,6265,4287,6507,7237
2891,0,0,3208,6348,9776
2619,2591,7659,2038,1371,0
8826,3074,1688,0,6380,3085
0,1784,8813,0,3346,0
655,5307,0,0,3328,0
7823,1867,0,948,0,7389
3663,273,9117,0,5820,1551
6085,1022,0,0,3628,4597
0,4527,4096,3301,0,6317
0,0,9541,0,5567,0
0,6135,4794,6009,0,1268
3442,0,0,621,6753,6440
8202,856,0,4714,2951,3504
1484,4244,4665,0,0,6639
7149,3427,0,0,0,5252
8474,0,0,0,5964,3434
5685,0,0,9496,5733,275
5044,4477,0,8991,6285,4051
6084,1037,1250,7156,6911,4672
0,3605,1730,8935,0,0
3885,4164,7581,0,0,2080
2418,2218,0,5355,6213,0
0,5736,4648,8665,6434,0
6489,0,435,9041,5637,0
1759,0,3800,4088,0,6740
2789,9889,0,3957,3764,4424
7321,765,0,3122,6122,1666
901,0,9125,4184,2551,6457
4442,0,0,0,7861,3319
1015,8463,2845,3326,9461,4477
9083,0,3768,0,3898,6896
1087,8226,0,5729,3297,9052
4740,3151,7358,3635,1569,7866
0,6108,7499,0,0,4279
8003,0,1796,7108,4253,8180
7543,2092,5263,0,0,7184
2697,0,3895,2994,9276,7834
3809,0,3043,6770,2345,4443
364,9278,0,4657,6702,7827
7221,0,0,2475,0,1943
7177,3549,714,9879,6152,748
3670,6864,0,6909,3830,867
0,7640,6983,2929,0,0
7405,0,5251,4266,0,1202
6233,2757,3369,6241,5340,5211
0,7936,2184,7923,7053,6045
0,5646,4231,2101,4682,7647
0,5216,0,4896,7257,1998
8207,4196,0,4147,6209,3183
0,3829,7698,8087,0,2261
0,0,2984,8464,736,3506
7558,5413,1311,9153,6294,3938
9298,0,7766,0,7435,4989
7888,3744,7710,1785,0,1978
1,6398,0,3516,5238,7629
2475,4416,0,7629,9908,2577
3530,0,1824,0,0,2513
7676,0,2670,7789,0,8296
0,3596,7599,4054,4616,9559
4304,9508,3189,2964,0,1812
5896,0,2954,9553,4443,0
0,9929,7128,181,0,4074
1976,6978,0,6311,0,1417
9574,0,5361,0,0,0
4028,6690,7319,6784,5479,578
1125,8300,8686,0,0,4875
2042,6170,8135,0,0,6612
6164,9623,3631,0,2567,2019
9657,8199,4924,8010,3021,1363
9291,1855,0,3212,0,6446
0,1278,5911,656,6610,0
0,3735,7004,4772,3411,3311
0,2163,6478,6786,766,8488
4536,0,8136,8144,3805,0
8087,657,5768,0,0,3815
0,2426,5513,3683,0,8300
5230,4357,0,0,2421,3183
5848,4444,2823,6731,6801,6135
5507,4169,0,0,2708,1686
0,9518,428,4634,8673,6731
4981,8015,5495,5154,2937,7994
0,6539,0,0,5278,3457
0,0,5146,9718,2935,0
0,9640,3760,4420,8965,0
892,0,9514,4083,3293,5402
1860,6630,9789,3675,5880,6259
0,5000,2288,0,9511,1342
791,0,0,9808,9730,3524
1814,9106,7348,974,5077,6424
5687,4455,0,3831,0,4398
135,6241,9925,0,3474,9579
4730,4184,776,5877,0,0
2395,0,5368,0,4833,4752
0,4614,4562,5590,8143,4939
1371,0,4883,2846,7603,5150
0,5366,1127,795,6538,0
6025,1540,0,9127,5489,8198
0,5026,7065,6631,3271,0
8596,0,3161,5340,2429,5535
2417,0,0,0,4646,6135
2939,2647,6429,9366,5363,3524
5764,9899,3914,0,7224,1128
6656,7101,1539,0,6235,0
3458,0,7136,0,4895,6388
8975,0,0,6550,0,3604
667,4196,0,466,5687,8638
0,0,6154,0,0,3595
6177,0,2307,0,0,1290
8937,0,520,3437,8969,0
5332,0,0,2923,5535,9460
6583,6182,4598,6119,7146,6105
4237,5636,0,6801,4645,5703
1760,6621,0,1402,6277,8189
2296,0,562,4999,0,8290
4574,2006,0,0,2911,0
4458,3137,0,0,4273,5305
4889,3865,0,1963,0,2567
5433,5647,6132,0,162,4979
5279,6123,3076,6344,0,7910
4421,0,0,8379,6664,3770
6152,2133,0,0,0,0
0,0,2642,5899,1150,0
7913,0,1214,3189,0,7921
4438,3175,9535,0,5584,2819
0,1397,0,7960,2835,0
0,0,8589,570,9341,3892
7403,0,0,3146,0,8248
0,3173,0,8559,7773,0
0,2798,5917,0,0,7558
0,504,0,0,8696,0
0,0,2338,0,6962,6778
6410,0,7489,1667,6727,1376
0,1920,3782,4459,0,5093
1575,0,7401,7093,0,0
0,2156,0,7684,3739,0
3270,6678,6231,0,6522,0
0,144,0,5323,8057,3906
5943,8804,384,9466,4292,4527
4280,2617,6879,8406,4747,5392
5989,4700,9928,0,566,5512
2077,0,6703,4740,3470,0
6106,5525,6446,0,3552,0
6069,8129,0,0,0,4462
3898,4753,0,0,1330,0
0,905,9738,3900,4139,0
1816,3234,9280,0,1236,8159
4348,5658,1624,2405,8671,8272
179,6157,6284,0,7107,0
3984,1054,8900,4230,4389,0
4098,7402,2546,9425,0,4111
3580,8677,4912,3881,5084,0
0,6039,0,770,423,0
7587,4368,6332,0,3596,0
1441,2628,8418,910,0,7637
1988,7259,0,0,0,4300
9060,0,930,3706,5201,6590
9157,7479,2776,0,3830,0
4898,2729,4719,9450,72,9938
0,0,7324,3907,7233,0
7198,1670,0,0,1099,3636
1732,6527,0,7105,1353,0
2410,4867,0,8576,8583,3855
5067,9024,5510,6392,0,5040
5892,5089,4652,6837,5091,6466
0,0,7561,3605,5626,7250
3527,8927,0,0,0,8274
5195,751,970,4253,0,3925
3248,0,0,0,940,2244
0,9065,7805,4309,4324,3111
3542,0,4337,0,2836,4666
0,4521,0,0,6752,0
2295,2844,4682,0,7883,5364
0,1584,0,8103,7632,5276
0,4902,1232,4173,0,8948
1822,3949,8979,1056,5602,0
0,0,0,9622,2102,2529
0,0,8365,0,1201,0
417,2379,6690,7375,2953,9684
4812,6441,0,0,1756,8948
0,3253,8433,0,9266,4804
0,0,3720,0,7006,7251
5479,6834,1727,0,0,0
3511,6425,6840,0,3618,6080
6977,0,490,8415,4385,5929
0,5524,8114,3610,1795,7685
2773,7276,0,5719,0,9186
5279,3895,0,6730,4408,0
4912,3130,3681,0,6209,0
6619,0,0,3661,5950,0
2012,0,9268,3753,8467,6066
0,8511,1743,6737,0,2239
2159,0,0,6710,0,5890
9135,2479,710,7908,0,1929
8043,6021,3227,6695,92,3409
9146,789,0,7706,0,0
1760,0,0,4675,0,9543
1759,9403,0,8890,0,0
4433,0,0,1083,6799,0
5112,4055,0,6007,5181,0
6388,0,5309,0,0,48
5388,8502,4001,0,490,5925
2186,0,0,1364,5030,9812
5996,0,7123,7614,0,8425
0,0,1366,7726,1712,9112
0,1170,0,6164,0,2124
7584,0,5035,0,0,1687
6279,5116,2276,6824,0,0
0,0,3167,3844,4288,7087
1665,8168,7530,0,0,7421
0,1384,6859,366,0,0
1235,0,0,0,0,3932
8854,2853,9428,7299,0,642
1241,2382,6244,0,3474,8592
7655,6653,7045,1068,5325,4663
8880,0,0,2006,6673,4323
8123,5705,0,0,1327,0
964,0,4144,0,1797,3545
3062,5831,6477,6985,0,2317
0,6037,1364,6542,2369,0
3497,0,9189,8584,5430,0
5429,2730,9056,0,2341,3261
9280,4579,1281,6019,0,207
6489,0,4822,0,0,3874
0,2118,7573,0,3364,3388
4064,2776,5342,0,8117,5789
4434,5514,0,5562,2228,7628
3517,8701,0,0,9856,3192
0,0,4951,5790,0,0
0,6353,0,0,4794,7340
3830,0,6323,0,6714,0
7235,5777,6107,5095,4192,1652
0,3382,5811,1585,0,7549
5422,4031,0,6896,0,403
0,0,3326,2130,8678,8171
9818,0,0,4453,2933,0
8525,0,6660,0,0,0
8330,6078,0,5530,0,0
0,0,6148,0,0,4806
5868,0,9103,2062,3825,4135
3993,0,8221,0,0,4413
3936,0,0,0,3457,3636
1958,8355,2176,0,0,0
0,0,4934,0,0,2403
0,5892,4546,6692,0,9264
0,5905,1803,0,9049,1835
0,2362,7318,7679,5657,9243
1554,0,0,8840,0,7955
6094,588,8385,4531,6524,1793
0,0,7550,0,7292,6774
3683,0,0,0,6527,3803
0,0,0,6379,0,0
6468,4762,3548,0,0,6628
5976,7334,0,8653,0,3082
4106,1584,0,9714,5067,0
7055,5315,7783,0,1021,8768
8025,0,0,2064,6547,6101
5293,7125,1252,8590,6263,1776
0,6753,5192,1611,4954,0
0,6246,3079,0,8552,0
4254,8602,705,0,0,5161
6020,2163,7351,0,7771,2371
9002,0,2133,0,6991,2299
3534,0,0,4265,0,0
0,3825,0,0,2667,0
3314,0,2005,9779,7789,2098
4338,9296,4766,0,8886,1198
5209,0,0,1176,0,0
0,262,0,2713,0,0
0,176,0,0,8096,2745
9704,935,7828,8610,0,2950
0,0,2965,0,0,8658
5512,0,3154,3414,0,0
4386,8501,1265,5788,2625,3922
14,8022,2594,7243,4667,7810
2464,0,164,5574,0,0
3230,663,0,9054,3398,7512
821,8355,3775,5049,4022,0
4515,0,0,2576,6826,5503
0,159,7027,5534,5186,0
0,0,0,8941,0,0
5800,3992,3416,0,1885,0
6021,8275,3488,9530,535,6363
3936,0,1746,0,0,9325
6579,2142,3185,9223,7669,4284
2138,6253,0,3596,9283,0
0,7440,0,3633,9172,7578
4510,2702,3083,8001,0,0
1597,5138,7209,2987,0,790
7069,1173,0,0,3159,0
0,7110,3328,0,5740,6331
1501,5747,1944,5937,5194,4429
0,3290,3896,5964,8963,3900
175,0,561,7015,7977,688
0,3608,0,9692,3521,7484
3496,8395,1115,7924,2363,6540
0,8427,7002,0,0,0
2951,8038,709,3723,2161,7306
0,3350,5204,3425,6670,4879
6169,4853,3736,6153,4531,6912
0,4241,6674,6120,9618,5822
6228,544,9006,4884,0,0
5381,0,0,778,6439,0
7741,0,2127,1915,7997,4710
0,5477,8310,2401,0,3771
7315,380,5757,1447,6258,9731
2231,8476,1144,0,4921,7341
5574,4802,6970,8350,4706,3359
3030,3109,9569,0,0,2248
0,6756,5098,7174,5960,0
1651,1345,9469,2528,9054,7202
5724,0,0,0,0,8336
2450,1707,7485,0,7104,9430
8214,5928,5429,3898,0,2395
9699,4617,290,2822,6501,6336
2617,0,0,0,4108,4708
4103,5409,0,8448,0,0
6638,0,0,5561,528,0
0,0,2917,5546,2126,6662
0,0,0,0,2550,0
0,4719,4968,3829,0,0
0,6260,1100,3723,6393,9002
0,4999,6113,8908,9857,730
0,161,0,3323,8689,55
3330,3203,5070,8648,0,0
7985,7923,0,4610,1639,919
4338,457,2044,0,0,0
5796,4216,5319,0,3498,8685
6529,3583,4127,0,2667,775
0,848,0,2970,0,8055
0,6151,3022,5068,2881,8244
8873,7878,766,0,347,731
0,0,6155,0,0,0
0,2001,0,6664,4372,3513
4539,0,3842,3980,5950,6625
6841,5290,804,6218,0,0
8130,3854,0,0,7877,329
1973,2900,3546,0,9778,6601
9803,3684,3706,7305,0,2919
954,3941,7955,2307,6176,0
3575,3620,0,6785,4182,3878
5678,9050,0,0,5213,458
1196,5479,0,887,8571,5399
9330,0,804,2627,6310,5434
9314,3968,3034,2884,5082,4079
6462,0,5588,0,5775,426
4421,0,2126,6700,7769,4822
6643,4177,7718,0,0,7876
0,3482,6442,5604,4514,0
4448,5739,8962,7356,613,0
4686,0,0,7395,0,5813
8884,7708,0,6030,0,3879
3752,7980,6286,1555,9277,3909
3948,0,6494,4549,8200,0
9541,0,2875,6323,0,3765
0,7460,1915,0,4085,7653
9058,0,3176,4324,0,5328
4796,3287,8885,6481,0,4995
7506,447,7056,6426,0,6770
7056,0,7972,778,0,1667
6450,3078,0,0,8043,1330
0,9311,6871,0,1926,3951
0,193,4263,0,0,0
2267,9717,1844,3957,8962,2869
792,7135,6551,6558,3997,7248
2881,3988,8161,3182,0,0
9892,807,5091,0,6645,0
7384,1645,5581,9355,2735,4168
5224,7560,5647,3761,1953,5956
675,0,518,2881,0,8750
3214,0,9290,842,0,8821
9241,4873,4212,6703,6214,0
2676,6410,4553,6770,6192,0
6110,0,0,3412,0,2223
3401,6770,5685,0,8082,552
0,7153,0,4446,6547,8638
8552,0,2588,1150,0,3484
0,5219,0,0,921,3021
6931,3581,7922,420,7129,2816
0,0,2804,3066,3108,0
2403,6487,0,4544,7701,1238
1254,0,7729,0,1105,6351
0,0,3004,0,2961,1910
0,9236,1901,2517,0,5483
1269,0,2468,0,3273,5673
0,0,7171,881,0,0
3400,0,4852,8463,0,0
9138,4444,6599,1510,3198,8196
6198,7475,6987,0,5760,0
8646,4292,4965,463,2964,6148
8165,3568,4317,7787,4821,0
2660,3874,5770,0,2357,0
0,8925,1627,2343,9621,0
1731,3288,7049,749,0,7746
3565,5842,2718,0,3227,8348
0,3081,7246,1292,6078,0
0,4478,6716,6263,0,7623
0,3261,2212,9064,0,4126
0,4996,10,0,0,6047
7735,0,5208,4371,0,0
0,3662,8887,0,5238,6038
5316,2196,9727,0,7680,0
0,4744,798,0,0,0
0,0,3441,0,0,3446
5730,3346,9389,3908,1692,6066
7793,3194,0,7140,0,8177
0,9456,0,4904,3531,3200
6034,6967,2839,0,8309,376
0,7305,6919,5960,2237,0
2795,0,3080,6385,2171,7252
6774,8226,0,0,9147,0
7946,4835,7905,3486,3094,0
0,7218,0,1781,8116,6133
0,0,5569,206,5862,9736
8565,946,9554,213,0,2631
4627,3214,9283,0,0,0
5842,933,3686,4509,0,0
9970,0,2826,6695,0,0
2957,8033,3034,6492,1351,5274
5824,0,0,0,3139,0
6865,4187,5714,0,7248,5811
0,5782,0,8661,0,1629
7984,0,0,2619,4099,6783
0,4271,0,3362,8988,3725
6925,1511,8066,167,2797,6613
0,9788,5190,0,8221,5543
8519,0,7132,3965,0,0
7802,7302,2472,8889,1942,3255
9433,8865,944,0,3254,7457
2451,6463,0,4422,8442,0
1145,7210,5572,6712,3945,6297
4188,0,777,4607,5650,2334
0,4528,7456,3874,5151,0
3828,2936,1732,7260,3196,7090
7197,515,0,4498,7460,4901
4248,4688,9887,0,1332,5766
3864,5454,1900,0,0,7807
9295,7909,5150,6308,961,0
5532,0,0,3804,0,4816
0,0,0,0,0,5542
6995,4294,2111,9728,451,8088
9467,5727,0,0,0,3357
8095,2491,0,4505,6201,499
5528,5068,5053,4911,5767,0
4329,0,0,4568,0,3108
8011,2093,6181,2656,0,0
0,0,0,1514,0,7343
0,0,5431,0,0,695
3221,9243,1779,0,4268,6866
6562,3801,7421,6059,0,3446
3777,94,8649,0,6854,0
5885,0,0,0,0,0
2396,8105,4767,9342,0,6141
171,0,9039,1584,0,0
826,5570,2112,7068,9099,7454
0,0,4065,359,6610,6832
5152,0,1788,6278,0,1782
0,5287,2394,6347,6693,0
0,1439,0,9317,0,0
0,0,0,0,7370,0
3575,7247,0,4816,4675,9105
5339,4028,0,0,0,7434
0,0,2322,1936,0,6102
5373,4525,446,0,1802,0
9895,2710,0,4116,8303,0
0,3980,3378,4175,6167,3722
0,6790,6424,4662,7760,0
2122,5402,0,7416,3404,0
2611,5192,7259,8559,0,2548
5189,0,7850,0,4111,7580
0,108,6340,5541,0,0
1638,0,0,8695,5308,0
0,0,4532,4610,0,7084
0,0,7087,4368,4791,6177
7156,0,3245,7300,0,7398
0,7137,4648,0,93,0
6975,6955,194,0,4755,0
2159,7711,1443,0,0,6387
8861,5525,0,5305,8242,1899
1638,8459,0,0,0,6591
0,0,5134,2568,5681,4988
8706,1695,4102,4485,0,0
4922,38,0,3781,0,4053
4469,0,6018,7313,0,2793
4926,0,4886,0,4956,7080
6732,2817,4021,8656,5546,0
3708,0,0,0,8683,3855
2524,0,398,0,8541,5944
8712,8524,5289,1599,0,5870
7313,6468,7355,3728,0,5585
3781,8257,1866,0,5561,0
3020,0,8819,0,1611,0
6713,4041,4341,0,0,9009
0,5643,0,7127,5848,6123
4411,7989,8967,4653,0,0
0,6646,5159,4583,4375,6951
5522,6213,4448,0,6970,2673
6049,7493,0,1535,0,0
0,5643,3774,4056,5800,3250
5976,779,0,7171,2134,9344
9040,2968,5526,0,1402,4858
0,6368,0,6976,8808,0
361,0,9244,6566,0,5640
2592,0,465,5044,5916,6700
6074,1703,0,0,0,0
2621,7873,0,2100,5096,6264
0,0,4545,7431,3420,6640
0,5772,4343,3216,0,1875
3069,597,0,9206,1130,7810
1085,0,6000,3096,7240,0
2598,2587,4704,0,0,8867
7078,0,0,2890,5320,4339
3420,4102,7609,0,6927,8035
9899,1445,0,6553,0,5240
0,0,4580,8522,1429,2918
0,9259,3326,3129,603,3676
9271,0,5258,9375,2990,232
8674,0,4726,0,7294,4108
8643,0,2342,814,2857,2675
6711,2046,0,1866,1480,0
9456,4948,0,4726,15,7798
3205,0,3541,4551,2788,6332
6964,0,4321,97,0,4446
0,1932,9829,0,5365,3978
3576,9342,4432,8363,4547,1997
8311,3715,0,8356,4864,0
0,6348,0,0,0,5115
6068,0,8142,815,8137,4793
7685,0,3117,7519,7497,0
4853,8742,1971,6214,0,0
2905,3916,0,9813,0,6922
0,9268,3138,2800,4612,4965
9164,1770,8305,8283,158,944
6371,2970,9250,3300,0,0
3172,5967,4729,3484,4366,0
2585,0,3056,8258,0,7507
0,6592,0,0,5865,1603
0,0,9642,433,7556,2256
5311,5272,2764,8507,4574,481
8052,9773,5935,3442,5137,0
7673,0,3394,6579,3497,0
4256,0,6332,1683,0,2028
0,8816,0,9109,4587,0
8496,0,5155,9301,0,1878
1422,6062,3591,6050,3446,9630
0,4653,8476,2117,9375,3080
2104,4658,0,6367,4559,0
2381,6514,4610,0,4203,3762
0,8889,4990,5119,9053,0
3185,4532,1863,0,0,9124
0,3055,8215,1590,0,5292
0,4776,0,5092,7500,0
6295,2882,0,7013,5494,8826
7301,6693,0,0,5180,4538
8269,108,8155,6077,3099,8203
4686,9006,0,0,0,3281
0,9688,0,5742,0,0
8043,0,0,6485,3322,4420
0,9915,4776,1137,1246,8260
4204,7202,3411,0,2433,0
3352,0,590,0,4612,9958
4508,0,7701,0,0,6294
0,3398,8332,5406,5300,0
5630,0,5330,5449,5588,3686
0,3511,7473,6932,4105,5775
2012,0,0,0,0,0
0,9132,1961,0,4992,3495
1452,7370,1731,9357,0,4310
7136,0,4583,1946,9086,7906
0,5460,3245,6340,7212,4625
6105,3948,8661,328,7685,4970
753,6096,8946,0,0,6479
0,7444,1521,3621,0,6126
1518,6445,0,0,7492,8124
7741,1499,0,9930,0,2197
5347,2467,5445,0,1934,1533
2448,1883,6295,9484,0,7645
6108,0,5139,4355,0,3510
0,7666,856,6218,7853,2573
0,0,4963,40,9210,8791
9931,784,226,7243,8675,0
4001,0,4656,0,8573,0
5967,6996,0,0,3422,0
1854,4654,7242,3193,0,0
5509,2413,8868,0,2890,3866
2584,0,2686,0,7301,3012
0,0,0,1533,0,7405
0,6596,6510,0,2121,2438
5036,8106,0,8715,3542,3193
3688,0,8816,0,0,0
1317,0,4250,0,8755,2824
2137,4760,5476,6682,984,7669
4338,0,2409,0,7472,3760
5494,8143,5364,528,5311,0
4998,8154,8415,0,2850,2288
5478,457,0,0,0,0
2664,8770,1025,5110,3321,0
0,5436,3412,0,0,9615
5073,8233,7005,0,3313,0
3362,0,5991,4893,6350,0
1645,4624,3210,9637,4467,0
7202,0,0,291,6472,499
0,5680,0,0,0,3572
4199,6742,0,2066,6971,5880
3085,0,2972,5811,9042,0
3332,6124,4996,6287,16,0
0,866,0,7434,0,196
5864,0,3062,609,6544,0
7030,3677,4766,2117,9332,299
0,6671,0,0,6461,2214
3299,8927,7610,2253,2768,4981
472,4782,9068,6609,7779,0
4779,1952,5584,2270,8374,4010
605,8758,0,0,3043,7093
6363,7106,7476,250,7055,0
7459,776,0,6405,0,4413
0,7450,6944,6596,5062,0
3471,0,8324,8661,3181,3569
6724,5407,737,2987,0,3815
6284,5043,5059,8549,3242,5264
7448,5763,6793,5132,1487,4147
5289,5761,1664,761,6325,0
2943,7256,0,3189,6932,6788
6068,0,9397,0,7649,3126
2769,0,4138,3526,0,7827
4236,0,0,5038,2111,0
1664,6448,0,9743,6526,6705
7862,1930,9784,2351,6446,3374
0,2577,5401,2957,1851,4766
7387,0,2346,2309,1400,7554
0,0,0,3699,0,1084
2619,8056,6229,7360,0,7537
4260,0,0,4153,7744,0
0,0,2898,2744,8617,0
2726,6072,6138,7007,9209,1451
5316,4071,3792,5914,752,0
4041,5488,0,0,6647,0
872,3827,6774,9290,807,6540
1189,0,0,6053,4481,0
0,1868,7689,3511,8177,0
6186,12,3675,8072,6674,0
3571,5186,4230,5472,1497,8554
3803,0,6472,0,6017,8627
4118,0,1308,3131,0,0
0,6616,6777,0,0,0
9112,0,0,0,3485,5129
6663,4025,8120,0,4187,687
227,7966,2638,7264,4180,6391
1236,0,8009,2991,0,0
9219,0,4700,0,0,0
7196,0,6531,0,0,509
4039,0,0,5955,3170,0
4178,6822,0,5699,5128,238
0,8019,2226,5120,0,9998
5939,5922,4074,9598,2798,516
2613,4209,0,5083,0,7944
0,0,5790,0,0,7651
0,0,0,0,2552,6928
122,6918,0,7156,0,7000
3862,4830,4819,4863,6100,6586
3166,0,7405,3879,7186,4259
0,0,4587,7360,0,9543
5291,3069,9059,3232,7859,1692
2337,7065,0,0,0,1944
970,0,1415,2122,0,7439
5846,1442,3462,0,5278,4202
5060,3107,167,0,0,0
9434,2585,8148,3658,4558,244
0,962,3908,6870,0,0
1846,0,0,3808,7089,2330
4300,7031,0,0,1725,0
0,0,8474,6468,3531,3321
7501,2674,0,5835,6279,0
9992,277,8003,5419,4997,3931
6052,2503,8555,4808,0,7482
0,8497,1827,0,0,5722
2140,3569,0,9357,75,7373
0,0,0,0,5965,8258
3136,6213,0,5502,0,3656
8947,3228,5979,6337,2827,6440
4145,0,3629,1402,8878,0
2681,2745,0,8161,5717,6416
0,9049,0,8920,1168,8949
6039,4377,6973,0,5090,9145
0,5115,0,5020,1280,7617
3515,2390,7522,6379,0,9769
263,5399,0,0,4510,3673
6333,6276,0,740,6001,3621
0,7591,2040,0,0,8275
7517,5931,708,0,2621,0
7210,7729,0,449,0,0
0,3367,0,7642,0,7469
0,0,3510,6043,9820,2932
1826,867,0,0,0,9596
986,7049,9448,4709,812,6190
5089,0,5384,4142,6941,5906
9648,7220,4284,5171,4291,4238
2131,1911,0,0,7645,8037
0,0,5314,5469,0,4075
7893,0,4363,0,1533,2383
0,0,5735,5840,1840,0
4011,8351,3940,4398,3647,5838
3558,5994,4202,6070,5904,5978
0,0,548,0,0,7876
3414,0,8325,0,9352,1922
7522,7699,482,7939,6313,328
3579,6870,5828,1560,6918,0
1649,6599,5646,8580,0,0
0,2600,4944,3641,5312,7534
0,0,3673,6360,0,0
6816,0,4611,8413,0,3595
3032,2912,0,0,1928,6761
2861,0,590,0,528,0
220,7832,5160,0,9353,5466
4960,8253,3029,3206,5501,4496
4119,56,6596,0,3236,0
0,9530,0,1912,5613,9489
3675,0,9698,0,0,5431
0,4739,0,0,0,4734
0,9171,3675,0,6095,4332
2253,0,6022,0,8682,4260
0,7202,5868,8714,2251,0
8335,0,5873,5607,7050,2660
0,4321,4748,0,0,8467
4166,0,0,3765,2042,0
1959,5166,0,3451,0,0
0,4638,4413,5202,0,0
8100,5028,5487,0,1727,1566
6820,4483,3632,979,4154,0
9891,0,9345,3546,1566,4019
4965,9531,564,6827,2062,2833
1163,6560,8059,4015,2776,9403
7324,5589,0,0,6659,0
4730,6464,1188,6086,9186,4238
0,7165,8303,0,7013,634
1407,5223,0,0,7194,3977
1515,1454,6504,5533,7517,6398
0,1769,0,3007,912,0
0,615,0,2968,3747,6841
8094,5975,232,5976,7503,3728
3368,9233,5519,0,0,3304
0,0,210,3579,0,8231
7340,3520,6306,0,8491,4688
6161,6482,0,2585,4863,0
3030,0,9443,3736,3439,0
6458,7053,8923,4055,5524,1239
3238,8967,4187,0,0,7848
4181,8074,8937,0,4932,852
0,7214,1217,0,4891,9256
2573,0,0,0,210,7762
7873,0,316,2919,0,0
3239,7216,9862,4745,3334,0
3831,1248,4158,7349,5015,7337
0,8965,0,3928,0,0
6468,3080,4428,9270,884,0
0,6153,3000,0,2855,5880
6670,2252,0,3273,0,0
0,8028,1574,5918,615,3914
6819,0,5531,4404,5089,6847
5777,0,7439,5610,0,6438
6760,499,8393,6687,0,0
8701,6455,1614,9476,0,3521
3673,2137,0,0,0,0
4377,5211,5163,6545,0,3207
5733,3036,7125,0,0,6395
0,0,0,6215,2971,1876
6223,2960,2317,2860,5124,7387
4181,5827,3594,7881,0,0
8404,8102,5529,1479,7969,0
571,0,8479,3387,2989,5319
1169,9852,150,9740,7498,750
8446,1831,4348,0,2987,6642
6066,0,0,9368,2213,2581
0,5245,5548,4941,2807,7541
4765,0,4565,1491,0,5219
0,3980,9927,0,8228,5936
6124,7774,1716,2427,7512,7857
0,2016,6406,6314,5988,4847
3041,4956,9193,0,9304,2524
5091,0,0,1301,8066,608
7565,2968,0,7044,4896,1361
1854,0,0,6532,0,0
6240,1537,0,1723,4605,9023
5494,0,3500,0,2756,0
5007,9871,28,6032,7160,0
0,3117,5415,7347,0,0
3846,0,0,4322,0,5093
3225,7901,0,5117,0,2884
0,7289,9982,0,2289,0
9840,874,7995,8231,305,1343
4090,3810,2903,7711,8841,2929
3456,3519,422,6171,2647,9876
3602,7796,186,7218,0,0
9130,0,1048,8394,0,1861
4185,6829,6087,3905,3910,6138
0,0,2659,4888,0,9575
7792,0,4684,6718,0,0
5236,483,0,1059,0,5989
3535,2821,8182,16,0,0
9519,1044,9252,0,4687,0
5178,9128,4565,0,1999,2826
9182,2174,0,9339,0,0
6308,0,849,0,8122,1957
3848,3865,1738,0,4662,0
0,0,7482,1951,0,4632
568,2256,0,8042,6370,8514
8194,8271,1853,3820,0,0
6191,6023,3926,2950,0,2451
0,0,8299,427,6134,2379
4806,4115,8316,5436,2810,0
1404,0,4400,0,5518,0
4525,0,19,2887,0,0
0,3623,5736,0,4621,0
0,0,0,5081,8373,0
5807,0,6644,0,3171,0
2581,2601,3392,9281,1149,5484
5978,0,956,3151,0,6604
8376,1284,5850,3061,0,0
0,0,7789,7441,291,0
0,5843,4169,6412,0,0
7234,4079,5374,1627,0,0
8050,4639,0,2632,7353,0
7240,2432,0,0,0,0
6398,0,1576,1946,0,0
4543,8502,2663,7298,0,4733
6612,2308,4707,7307,2879,6520
0,0,3804,0,6471,0
9314,0,4425,6741,250,8275
808,4461,8865,7946,0,7479
4667,9694,0,0,4191,0
0,51,8113,3777,0,4031
0,6057,0,4619,6304,6227
0,0,7870,5578,3335,1928
2045,0,6770,4411,7842,0
4424,1096,5826,9376,4425,6298
6911,4112,7566,5142,882,5150
8690,3070,9697,6526,0,0
7542,7828,0,4439,4725,2303
5951,4535,0,3207,3101,0
4606,8125,2645,4438,0,6554
8547,3048,0,3890,9747,1241
8142,5384,0,0,7047,686
9291,0,8569,0,0,5262
4129,517,8173,0,3097,6300
5156,8113,0,5304,3054,672
5862,6745,3787,726,5122,9749
2834,0,8014,6835,0,684
0,0,4327,8119,2330,0
3082,6510,4702,0,0,4714
2065,2981,0,8149,4803,0
1948,1781,6582,0,9850,0
2518,5840,4422,6960,6166,3736
3254,807,5755,5296,0,0
0,566,8361,1627,0,2257
0,8119,6762,2805,7933,5053
5839,1427,8075,4322,3433,0
5343,4985,633,8595,0,6851
6375,0,5571,8990,0,9813
0,6228,1503,6919,6244,1984
9998,4995,1053,7278,0,5454
2545,0,0,9633,8819,3743
6606,1806,7971,2244,6922,0
0,0,0,0,6063,2446
0,4191,7784,0,7244,5793
0,0,4094,8867,298,8113
7138,7764,4477,6976,0,0
8080,8550,751,7060,5836,0
9907,6859,3887,4519,5005,1696
6000,5479,0,7905,0,0
8385,3791,0,3649,0,0
0,1571,9169,0,0,1418
7644,0,5119,0,8623,3913
888,0,0,2950,0,9876
5929,2095,6832,0,1747,4588
3786,0,2681,8849,4703,4835
0,5681,0,0,9752,5014
146,8557,9991,4299,0,7666
0,5606,1961,2373,2925,0
0,7027,0,7492,8399,3609
6992,0,0,9263,0,0
5462,0,0,6177,4899,6321
7769,3129,4416,5384,8947,2714
7383,7663,119,6210,0,0
9114,0,0,0,6858,0
2062,0,6044,4337,7607,0
0,0,460,0,6461,4419
3507,0,0,2528,0,4959
0,0,8273,8498,0,0
7909,4538,1253,3975,0,4214
3439,5503,0,4468,0,5706
5696,2193,4349,0,3703,0
0,0,0,1839,0,0
3863,2622,1051,3547,4296,0
4674,0,8126,3119,6365,4861
0,8460,0,5406,0,135
5309,7539,380,8435,1393,0
3387,0,0,0,0,8080
0,0,9017,0,60,8576
0,8021,8802,0,6608,0
0,0,3194,8108,0,0
4894,1869,3808,9183,6474,4016
3412,0,3974,3694,9340,0
6100,5348,1667,4712,0,0
5406,0,4740,7543,0,968
3398,0,4069,0,3729,0
8879,8429,0,0,762,6923
9136,0,7626,0,3271,0
4948,0,19,0,8030,9813
7114,0,7889,0,7784,4559
3570,7220,5185,0,7236,0
0,6650,5205,7589,6404,1382
4740,0,2574,5025,0,1587
2168,2797,6855,0,2963,1518
5084,5125,5181,0,0,3010
3402,6439,7708,0,2421,9504
9724,6509,2466,6981,8549,879
5496,5221,8843,0,4165,4270
6419,0,6165,3457,2936,6220
8345,5568,6514,5550,394,0
0,0,5968,0,3626,3658
6667,6026,6126,0,7015,7895
1312,9375,1898,0,2494,0
5844,2688,5234,8045,2639,0
4284,7185,8770,0,6254,7957
2954,0,3926,7860,4844,8373
5996,4485,0,6550,3124,6263
6646,3158,4546,0,2359,8177
6601,1323,4839,6913,2937,3821
7506,0,2103,2699,7909,374
8932,1337,6340,6829,2116,0
6164,5790,0,5402,6614,2189
0,5433,8356,9486,1110,0
5495,4592,0,4563,0,4099
0,2161,6354,9170,0,4185
0,0,8294,939,2069,5718
1394,8818,465,8294,383,7627
0,5940,2160,9093,5853,0
0,0,0,0,1077,0
6659,0,7864,0,9232,0
0,5629,1761,8128,2439,160
2247,831,0,7136,0,0
8154,573,2155,3520,8901,3415
0,3445,3372,9432,0,3456
9479,657,3920,8865,4665,488
1669,2077,9232,5763,3091,0
6375,3807,2475,7679,0,0
7462,2281,2533,0,4966,3719
6737,2008,3773,0,0,6493
3219,1503,5531,4603,0,4518
3186,5837,0,2555,9178,5372
2334,4666,6131,4156,8464,6822
0,0,0,0,8873,365
235,5129,6793,0,1695,9631
6084,7596,0,4312,2362,8538
9872,0,0,689,0,0
3975,0,2152,6610,5960,5580
765,0,0,2944,0,2928
0,7466,7482,5765,5575,4756
7621,1530,250,0,5988,5543
0,2912,7164,4566,5221,7832
3291,7627,3193,8507,0,0
5199,3538,7163,5317,1022,0
6224,2343,0,3010,6359,2794
7845,1711,4173,4477,6606,0
3738,0,8354,3893,0,809
5053,0,602,4254,7944,8545
5733,0,1227,0,0,0
4331,8715,2611,0,743,0
0,0,7617,0,3546,1063
0,4110,6483,0,3364,0
6576,0,0,0,0,319
1851,1989,0,2922,7583,7619
4617,5115,0,4203,0,8459
4145,6613,4465,1620,9342,2190
2752,0,7698,6676,0,0
0,0,0,5357,6562,6357
0,4083,0,0,3080,3718
4669,3736,7602,6545,0,1288
4367,3073,8671,2602,374,8201
6555,5510,4628,8383,0,3216
0,5853,6223,2882,7882,2076
0,0,7151,0,0,2821
6462,0,0,3558,7635,6919
0,4203,3627,5388,1084,4574
0,5862,7098,0,1820,0
2164,3626,0,0,5714,7900
2345,9791,6439,1194,0,4123
745,3726,4608,5452,7747,8793
0,1704,9974,2785,0,0
3600,2374,0,9033,302,0
5905,3910,3162,3505,0,4577
0,6031,5071,9576,7848,3354
0,0,3266,6326,5947,8795
9164,4699,6781,3674,8438,801
5986,8153,0,2301,7963,2531
2500,9381,0,0,6064,0
0,4496,9864,5312,6452,2871
6382,5546,2115,2315,4282,0
3827,0,7847,3086,0,6595
0,2324,4584,6356,5079,0
5295,1066,0,6210,7017,3350
2872,8825,5331,0,1401,1686
9878,0,3635,7978,0,2784
5598,0,4945,1725,0,9923
0,8206,1064,6268,2760,0
0,6630,0,0,0,0
7197,4212,0,0,0,850
0,4098,7658,4697,0,3731
0,0,1675,0,5268,0
2691,1739,0,9680,960,0
54,0,6240,3805,7085,8982
4160,8616,3114,3506,0,7158
3535,6453,4466,0,8447,0
0,6371,0,0,7943,0
0,4015,1871,0,1098,6829
9095,4453,5675,1183,2148,5145
0,6197,7241,0,3839,6146
6070,3653,592,1909,0,8655
5862,1102,1428,4013,4361,9685
0,0,7368,6241,0,0
7105,2790,6016,0,6048,3586
0,5388,1185,4616,0,0
0,6153,6664,2593,8094,3746
9995,8460,509,6905,1815,0
9593,1657,3310,0,3274,1782
2201,3647,7904,4875,4561,938
4381,3872,4775,3303,8080,0
0,0,596,0,8108,0
6105,1308,8692,5349,6768,3593
1779,7414,2190,4443,4447,0
4392,2502,0,0,6928,6436
3986,7667,1923,0,4155,0
5652,4881,364,8821,6248,0
8675,423,5189,0,5064,8228
0,6204,1787,5203,4021,0
2216,8369,5432,6676,1995,7110
9128,3408,2095,0,2290,7283
2605,0,8726,0,4177,6182
7304,0,4222,0,0,4083
0,0,9734,0,0,7086
8166,5016,2176,0,0,0
5084,1487,0,0,4386,9434
4189,6706,4176,3985,5212,0
7455,5235,0,0,0,0
3736,0,5955,5359,7042,0
0,8614,5314,4199,4499,4303
2689,4215,6887,4267,0,5550
0,3978,9057,8168,6025,4872
2894,6207,3592,4905,2740,0
0,3427,4641,0,0,4339
9699,3821,0,0,6691,3683
6159,3387,6982,3966,4520,7231
3055,5340,7881,9840,828,5105
8241,0,981,4570,9245,352
9975,5558,1120,5984,0,0
2102,0,0,7075,6312,0
9324,5189,3183,0,0,1360
2820,0,0,2510,5263,8478
0,0,5381,9379,3281,0
1492,4083,6810,8004,2909,5717
0,0,6976,3650,3892,4571
3916,0,0,9666,5705,291
6126,5960,5368,7548,0,4265
1947,0,0,3008,8823,0
7342,0,0,0,2198,0
0,4337,0,0,0,0
4185,6043,8353,5612,3816,4595
3775,0,0,3973,0,0
3426,0,0,1933,0,6113
0,8737,4107,2855,1842,0
0,0,4368,646,0,3575
5013,0,0,5247,0,1964
5163,6129,6010,3235,0,0
5534,0,8382,7256,0,0
5806,7651,3348,1603,5454,0
5875,5674,0,0,7753,976
0,1892,0,7924,3105,4821
9992,0,3673,0,0,4463
2066,0,0,190,8927,0
0,5573,9454,3545,0,0
8232,0,813,9147,3140,4187
6584,0,0,0,6209,0
708,2032,7208,6842,0,0
0,4882,3770,5969,4722,7359
0,3163,1041,0,0,0
5982,6830,0,8691,5102,1817
0,7513,6876,2801,0,0
628,6228,0,3288,0,5794
6731,4313,8151,2825,2773,4440
0,7483,9051,0,6008,5080
0,0,2155,5171,7187,6597
4535,6494,6032,7318,3129,5037
6402,1324,9142,2938,568,7959
0,6782,0,1862,9619,0
2813,5906,0,3454,0,6329
6519,0,0,2964,1328,1108
7530,0,0,0,1011,6249
0,0,4615,0,4734,4303
7835,5790,9625,8101,3425,3589
8507,1697,6501,7602,0,7030
1529,6202,4183,0,8017,0
1311,8653,1621,9414,3942,9267
0,3560,3471,0,0,2712
6793,5155,4853,5925,7097,2674
6272,2801,4311,8631,9637,2081
6771,3743,0,1015,0,0
0,9242,0,0,2622,5603
0,4642,0,6766,2320,7491
9231,5620,2580,1814,1886,6948
0,1536,9940,664,0,1034
9988,7081,3297,0,0,0
4513,0,0,3103,0,0
3610,0,0,6568,583,4266
2170,4173,0,0,4443,8956
8307,3982,3637,4457,3176,0
0,0,6286,7218,3156,0
5047,5658,5068,2082,0,3415
6808,4748,7437,0,4119,1081
7320,0,1044,3643,0,8638
4658,7341,0,0,0,317
0,8115,7819,3126,0,330
5451,7150,2411,0,5277,0
0,7597,0,1465,9546,0
0,0,3566,4735,9210,3547
0,6777,5434,0,0,2625
344,8086,0,0,0,0
1024,4950,0,5729,0,1471
9624,412,0,3529,4553,0
2656,6744,0,0,4684,9377
8277,3906,2099,2246,2182,9162
3330,0,0,7489,3016,0
5084,7207,0,7560,0,2955
0,8726,4447,8438,1634,0
8731,5612,0,0,82,4010
3255,8802,6289,3624,7862,2420
6379,5535,0,0,6467,9185
3895,5206,6168,5399,9846,3261
4489,0,7343,1195,0,3381
0,0,6903,0,1919,6449
14,9429,0,8916,6038,3711
3054,0,3368,7473,6844,4150
1663,4934,0,1200,0,4495
6698,1835,7190,4155,0,3417
7374,0,0,0,0,0
5766,0,2022,0,0,3316
2633,9520,0,7947,7092,0
0,0,0,6574,546,5423
666,8918,6135,2852,5933,0
0,6980,5884,2162,8884,0
3153,7794,2599,0,6440,4893
0,3866,5381,3566,4548,0
7201,7690,5149,1456,3394,6542
3277,6270,0,3358,8377,0
0,0,4510,3020,2564,2776
5521,41,0,7740,6776,3983
8555,4713,2747,3834,4947,0
5597,5798,9268,5820,2496,5113
0,9597,5451,1827,5644,2473
2479,3059,5225,3619,0,9545
0,689,0,5432,2310,8744
8797,1718,8445,7479,3057,0
0,8174,0,9890,0,1363
2269,8873,5408,2542,0,9190
1804,6718,2532,4757,5040,0
72,8878,5893,2665,2512,7804
4429,1071,4630,6462,8251,7240
26,9518,8314,64,0,7762
0,0,0,5969,0,5244
4271,9382,6401,4356,7111,0
7126,3124,9851,0,2041,0
9926,1984,8147,5700,2156,0
5409,690,4389,0,6423,5072
0,7279,0,0,0,729
2103,7770,3358,0,9029,0
4485,4884,829,3269,8923,5705
855,0,9734,8216,0,6240
6770,2788,8028,1894,2934,0
1308,9325,3385,2055,8859,8163
0,1338,9942,2003,0,5746
0,735,6975,4884,2360,0
9472,0,0,7274,0,0
370,8285,1520,1915,7153,0
2865,4254,2898,0,4073,7073
0,6771,5728,0,106,0
0,2726,0,6010,2280,9338
5490,4484,0,7082,5491,9687
8166,4044,3466,816,6758,0
0,0,6731,5985,793,4014
0,963,0,4895,51,8585
0,6960,0,577,3098,9187
0,2966,4446,3052,9020,0
4415,2373,5989,9922,5003,0
0,3620,5576,4983,3110,5229
2052,6538,9874,0,0,5809
1002,7862,8486,0,9972,6222
7044,6385,0,0,2893,3033
9917,0,5055,766,0,2196
4352,0,5973,2877,1740,9925
2974,5230,4021,6821,7994,0
6134,0,0,6423,5090,0
4376,5762,2796,6593,3335,7924
0,5121,7704,7892,5339,1078
2304,0,9131,0,0,0
6353,5623,3466,4935,0,0
9771,6762,2097,7616,0,0
7120,4383,0,6531,0,5494
6351,1516,6871,6796,2894,262
2318,9902,2903,0,565,0
9830,8190,2322,2269,5759,3548
0,0,170,8157,0,0
9367,1760,0,0,4125,662
1957,0,9630,1729,9553,6375
0,5310,967,4932,2664,4983
0,2093,0,4930,914,1710
1794,0,0,0,8709,0
5462,2110,3179,0,0,5092
0,0,8567,0,0,0
0,1361,755,7726,5443,6452
0,5238,6056,4513,4934,0
7951,4928,4745,0,7266,0
4333,9206,4683,3443,3000,2571
2913,8049,0,7804,2470,5600
3609,0,6118,0,4209,8003
538,6229,0,5626,316,8810
2201,7461,3869,0,6019,0
3912,6422,0,1383,9441,0
9322,0,6239,0,3815,0
2789,5471,8031,2081,7130,3795
3975,6263,3784,7648,4447,0
292,0,3961,7845,2737,0
7435,3624,3224,0,0,0
9235,0,4527,0,7612,183
93,8568,0,8978,9087,1929
68,7254,6989,9831,0,3975
4918,0,2380,6534,0,4898
0,0,0,0,2934,4987
3557,9353,3618,4208,3652,8514
0,649,5039,0,3418,7132
6931,368,8005,6730,0,7139
0,26,7553,6330,7974,0
6668,5605,1213,0,9674,5530
5114,0,0,0,0,7508
971,5444,0,9296,6088,0
0,0,1218,8748,5271,5117
8226,2036,1822,0,5409,8430
0,0,0,1888,3808,0
6427,0,4693,0,0,80
4462,0,8287,3075,6239,0
0,732,2768,8355,4846,470
6912,9937,1999,454,5712,0
7406,0,4303,8812,0,0
0,4887,6257,2865,0,5527
9480,7307,1530,0,2793,6601
3367,0,6832,2901,4534,0
3544,0,2896,7181,5679,0
0,8117,2866,4227,1144,2417
3597,0,3239,3410,0,5458
7036,0,5320,0,0,4198
766,9743,0,0,2686,0
1229,0,0,6303,8981,7855
2438,8436,4813,6612,0,1594
1690,5554,0,6425,8306,1674
6067,8767,0,9725,4474,0
4358,5047,6756,0,1789,7208
8550,7925,0,3918,8399,0
9439,0,4505,0,7001,6497
0,3817,0,8185,7203,0
0,3395,7867,0,9936,3997
0,8071,2280,8375,3987,3563
2130,6851,5723,0,0,5821
7196,1699,5222,7629,7692,1090
0,2322,0,5746,5002,0
424,7727,946,6486,9385,0
0,0,3940,8173,6029,2619
2736,7166,8749,4866,3767,0
3682,833,5042,3161,8463,0
3397,0,8451,0,1815,8254
3692,4865,183,0,5400,5111
0,279,0,3940,5157,6518
0,0,2929,6497,9019,7435
5620,5935,1234,3389,9480,3666
3469,9703,1242,7488,2977,5614
1818,6139,3653,8775,0,8180
3947,5957,6895,0,7720,2974
0,361,1424,6825,8513,4828
7102,4631,6949,0,0,5792
0,0,5263,1145,5048,7742
723,7623,4980,3349,0,8297
4063,0,1346,4153,0,5685
8309,3247,4623,1842,3412,8119
0,2495,0,2170,8710,0
3656,2955,5824,6640,6784,9656
9485,8109,419,4501,3201,3973
0,42,0,8677,3301,4697
5178,0,3262,2530,0,2024
0,8913,4866,2729,0,6647
3991,3307,0,3876,0,0
0,6562,0,6911,5561,0
2969,843,8723,0,9800,5554
4181,281,0,6634,0,4919
8149,506,0,8515,0,0
0,0,5416,49,8925,4354
6496,3416,0,964,3932,0
4383,3256,9590,7847,2636,947
0,4502,0,0,7278,0
4668,0,0,8025,5627,5048
0,0,4597,4024,0,0
816,3512,0,5902,0,9868
3653,3782,0,0,3598,9745
4405,840,0,0,4210,0
316,0,0,5079,1621,0
2401,691,8081,8561,2079,9585
731,0,0,7115,2135,0
4523,7454,0,7498,790,5153
0,0,7173,3538,3560,4289
8790,4775,0,2261,6823,0
3803,4608,6788,0,6219,2555
498,0,6610,4550,0,0
0,7011,0,0,0,1054
0,0,6144,169,7313,2848
0,9520,4148,7463,443,0
0,0,6339,6732,342,6096
2051,0,3725,0,5448,4712
0,0,0,0,0,5911
3251,0,1470,0,8498,5878
6343,0,3899,6829,6050,3967
7925,0,5646,8166,5088,1730
0,7330,7751,4188,0,4188
6693,4203,7712,8645,3824,1227
2665,3391,9700,4569,0,7326
5007,0,1396,0,6942,5153
819,0,1503,4742,0,0
1151,5171,7071,1574,0,0
4660,5854,8991,4010,0,5417
7599,0,984,0,3243,2555
4428,0,3800,0,6291,0
0,6807,826,2488,9745,501
9234,8736,0,0,3775,4100
3009,9128,7883,0,4102,0
0,8895,2638,0,2718,310
0,0,0,7374,0,1113
8752,3102,5414,5059,0,1664
6440,3775,3249,0,4946,6492
7447,5198,9487,0,5480,0
4804,0,4549,0,3285,5425
0,4321,5550,0,896,1199
7728,3293,7015,5626,3314,3255
0,5819,0,3876,0,5668
7429,5750,2213,0,0,2236
6960,3012,5330,5978,0,8028
0,5241,0,7606,7858,1029
3244,5987,4453,6667,579,6589
0,6390,3985,1247,0,6338
0,2603,8070,2311,1813,6273
0,1217,7688,8810,794,9792
5767,994,7939,3700,0,8373
7092,0,4,4349,0,0
0,4989,9024,613,5234,2869
0,6766,0,2909,8449,5281
