7000 2
6896,4012
2298,8024
6764,2673
0,1015
4174,8114
8614,1103
9440,637
0,1825
3534,7257
6309,2233
0,2982
6347,0
0,5094
7828,841
9774,2286
5689,0
3299,6808
5495,4164
7307,1948
462,8565
2588,6511
6125,3267
5640,4916
2254,6751
0,6800
8188,2385
7069,3661
6125,3136
6179,0
8266,2772
0,5149
0,4225
3159,7207
165,8976
3196,4994
5303,3774
5328,5188
5887,0
6392,4162
4157,4219
8731,1471
3958,6425
0,9074
1417,7708
1970,6438
0,5497
6408,0
4274,0
7390,0
8609,2125
0,8811
5979,3069
9856,845
6099,4193
1044,9332
0,5340
9880,0
850,0
8678,1709
0,9450
7424,0
3783,0
0,9332
0,618
9504,66
2469,6623
1146,0
3245,8266
753,8613
3580,4206
8665,998
7149,2295
4793,0
7105,3835
3255,5982
4406,3823
7614,0
4114,0
0,8410
8976,1773
4911,0
348,9000
2977,9078
3956,7400
3492,8769
4547,4729
4783,5713
1256,8951
0,2775
7027,4226
5626,0
2544,7956
0,2068
1763,0
7847,1333
6769,0
0,6799
3156,7937
0,2398
7472,3874
0,1076
1719,0
0,7597
0,987
0,8985
1268,8795
4699,3811
5370,5829
7404,2892
6258,5206
8475,2484
0,4663
6992,0
5470,0
1971,7525
0,7813
0,4852
8183,2704
5130,5130
4567,5643
4534,5037
3902,4830
0,7192
6507,0
8149,0
0,2888
0,8574
3957,6137
5539,4170
3227,7659
7114,2896
4070,0
4483,5298
1153,9290
1398,7810
0,9781
6169,4718
5827,3429
0,1493
4521,6393
7414,4197
3739,6142
9051,1470
4773,4638
3524,6706
0,8612
8946,709
1633,9175
0,2392
3187,6498
8200,1260
8552,2487
9755,0
7536,0
5673,0
0,7156
6739,3458
4283,4846
7441,1628
7240,2938
7071,4057
5482,3388
6809,4318
5010,0
4619,0
3993,6412
5448,4399
6776,0
4318,5115
0,6354
0,7735
2742,6682
5925,4485
5115,5394
207,0
9340,0
5313,4945
6998,3536
6167,4015
0,8046
0,4273
0,7377
0,4045
4187,6085
2200,7655
1710,8553
8933,0
4419,5043
6066,3572
8091,0
0,5693
5603,0
4602,0
1179,7333
5535,4644
6428,3690
7990,2997
540,9989
1868,8252
3438,7827
0,5386
8377,890
3554,0
8424,2256
6617,0
4712,3433
9854,71
9412,1529
1838,7209
3863,5577
3653,6707
7342,0
0,2332
6079,4426
4810,6742
5894,4753
5733,0
4486,0
2101,7458
0,7153
7757,1926
1965,0
0,4804
9080,1471
3435,6646
0,7363
3197,7195
0,7127
7315,0
5496,5206
4965,6136
9287,1138
0,1989
1182,8150
9341,1389
7561,2732
0,2409
5723,4120
9143,0
3962,5509
3536,7342
6376,5056
3860,5294
3968,5938
5254,5002
2569,7042
0,5126
1963,8673
1822,6872
0,2973
6352,4500
4282,6233
1940,0
5375,4854
206,0
3472,6322
6199,3667
8590,0
7055,3638
1227,0
6541,2803
1277,9686
0,1653
8404,200
6514,3849
0,2602
3603,5723
4497,6567
710,9440
8852,451
4168,6171
3026,6987
2887,9264
1317,7330
8947,1179
1765,7484
0,4777
6669,0
6882,1900
0,8733
7870,3827
8010,1915
5936,0
7055,4436
6846,895
1804,8024
6351,4555
7421,1496
2609,7945
0,5614
5097,0
1360,9270
2370,9136
6711,3938
3822,0
5487,6620
4738,5031
6048,3210
7719,3509
2123,6917
5033,0
2379,0
1906,0
2351,0
8238,2551
5615,3403
4663,5789
5449,4501
2487,0
4531,0
0,5191
2878,0
0,3552
0,2376
9315,0
6070,5718
3073,0
8679,1250
2130,7019
5696,0
2104,7492
0,7853
0,2672
589,9432
7167,0
6443,0
9282,376
597,9821
7628,3123
8490,0
9370,134
2683,6758
8325,2651
2045,0
5168,2642
5299,0
5674,4280
8604,611
784,0
3292,6854
1924,6861
5119,0
4509,4481
7039,2377
3070,7635
0,5710
7353,2583
5965,4288
3687,5608
7452,1526
9683,0
0,8678
8128,2580
5142,5012
698,9009
7889,1399
3854,0
0,6802
0,1489
2037,0
5847,3459
7113,0
8630,1736
0,5211
4266,6249
2839,0
3930,0
1454,7722
0,7127
0,1557
4547,5043
1896,0
3039,6546
0,6718
0,8382
1685,0
3148,0
3202,6473
5377,5372
4603,5273
2104,7996
3850,8402
857,9348
5720,5467
5193,5278
1909,8647
0,5265
3662,0
0,4433
0,4388
1448,8292
3975,6058
599,9949
1046,9823
1320,0
0,7250
6158,4266
2494,7900
3030,6561
5567,4740
5884,3226
0,6569
1937,9120
3307,4190
4759,4510
0,7442
0,873
7675,0
4478,0
5259,0
5793,4701
4520,7064
0,4721
9798,1533
8069,3906
0,2190
3902,0
1650,8360
7922,0
4587,0
3754,7596
4979,6135
7055,1406
4726,3950
2152,8645
6013,5116
3184,6182
0,5350
0,1922
0,4907
6656,2730
0,4750
2575,0
6593,4122
3184,0
0,5254
5908,3389
7530,1315
6719,2001
0,4917
8362,0
1320,0
9620,1308
2522,8277
3826,6259
0,7198
7863,0
0,3867
2903,6135
6314,3662
0,2436
2303,0
4813,4699
2351,8313
3399,7671
3819,4698
0,8159
4556,0
1914,7510
1949,8628
0,3567
4978,0
4865,5217
3863,6938
0,4939
0,6653
5673,0
827,8546
3514,6300
7957,3619
4111,7595
0,3390
1480,7482
7527,2030
8457,0
3647,5001
1956,7011
3845,6597
8254,0
5875,0
7619,1612
6256,3132
0,6833
0,3734
0,9263
3727,0
861,8831
0,9704
0,6214
5534,4562
7088,4030
4157,5429
8563,0
2369,7857
0,2603
89,9734
7959,1843
4333,0
7187,4100
4810,5446
4355,5017
0,6892
0,6460
9002,0
1841,7314
5323,3961
5020,0
6835,2097
5842,4168
9666,1319
5,0
5484,3374
7032,0
5321,0
4221,0
2462,7658
5764,4518
0,5468
4270,4709
3117,5405
5804,3812
6104,2628
0,7330
4128,4669
4606,5040
0,5070
2100,7850
4644,5731
0,4974
2144,0
1900,0
8263,0
494,9390
5540,3289
3683,0
6449,0
6507,0
2556,0
2655,5467
3131,6918
0,4668
4331,5947
5804,3500
7669,3792
0,6041
1323,9641
1523,6924
7739,0
2338,6362
0,3763
4763,4302
6996,4500
5831,4511
2513,0
0,1163
0,1808
5343,4548
3500,5912
6397,0
6870,0
1220,8780
0,9568
5898,4903
5346,0
1497,8826
6401,4026
3149,6802
0,6813
907,8591
0,8672
0,1522
0,4242
2495,0
3763,5575
5972,2908
3623,5558
2350,9095
3679,4222
4118,6478
5650,0
5184,3914
0,2678
0,3014
5501,5171
8414,1118
9718,0
9376,276
4193,5341
6558,3485
0,6472
9021,1187
1241,8878
1116,9592
1744,0
0,6255
5201,0
0,5805
0,4188
3220,5588
7566,743
0,5441
3901,5622
4263,0
601,0
6794,0
8420,1370
0,6958
7099,0
0,4555
8588,1958
4829,4508
3458,6292
6143,4590
9531,0
0,720
5028,5896
7828,2236
8641,0
6699,1513
9184,0
9231,1266
7535,0
6574,4022
9586,0
9534,1441
0,2334
4327,5766
5452,0
8327,1852
0,5692
923,9447
2502,9323
1564,8090
6647,3484
4265,0
5054,3860
7827,3248
6058,3127
5010,5171
880,0
0,5501
4559,5942
4046,6620
2809,6227
3218,5601
0,4611
9185,1774
1554,8818
4365,7446
0,6938
4376,6112
0,1434
0,877
0,4275
0,6720
5294,5019
5066,5751
8206,2019
3517,5463
954,0
0,9722
3773,5958
6234,4950
4119,0
2764,6743
4884,5357
3938,0
0,7070
0,528
1168,9588
0,1490
5273,0
7715,3080
5064,4069
5653,6146
3364,0
5187,0
1417,7688
2391,8098
9252,746
2756,6621
8097,1457
590,8394
5053,0
353,9597
682,0
6008,0
6248,0
5832,0
4827,6549
6503,4255
6306,2938
6407,3990
7632,3241
0,5705
6779,0
9455,1558
7693,1534
7006,4059
4745,6245
4854,5892
9098,2578
9205,167
6669,2965
4847,0
8455,2073
1425,8684
7020,0
7777,2178
1394,7481
2176,8575
6915,3556
3584,8050
0,3934
4235,5326
0,3032
4309,3626
2733,0
1190,9720
1219,9210
4939,4912
9050,1759
723,9572
7148,0
6252,4000
6802,0
9599,700
4934,5237
0,4413
7533,0
3918,6026
3412,5218
1854,6657
1646,9231
4735,5537
5449,5392
576,9313
6992,3291
0,1334
2070,8792
2538,7304
1594,8566
3408,6365
4203,7273
2758,7142
8118,1382
3526,6594
9786,0
0,6157
1139,9193
1527,8171
9075,1475
5153,3926
4374,4811
5061,0
4716,0
0,5634
1225,9363
6418,2749
5451,5543
7449,2036
7945,0
275,8929
3472,7210
1046,7992
540,8904
2782,6309
8007,2712
5694,0
1707,8692
3704,6000
3435,6722
0,3390
3140,7659
5300,0
0,5310
2556,6721
8758,0
6257,3983
3672,4871
3536,0
8019,1948
0,7575
4026,4984
0,4067
2190,7595
0,7396
773,9193
3030,7418
8984,0
4520,5983
0,9574
8382,0
3705,5716
3861,6296
9475,0
8843,0
5804,4174
5426,5311
0,5353
610,9980
4719,4780
0,2000
8056,1101
1850,7330
1981,0
3243,0
8988,1572
0,6586
3507,5711
0,7246
8471,177
4683,5216
1341,8047
8503,2353
5539,3926
7508,2507
1458,6171
6603,2197
6285,3103
6196,3137
5250,5079
1781,7992
4529,4667
7957,3117
7913,1114
3065,7287
1499,8374
9597,0
9201,1820
5200,5056
836,8443
2487,7058
0,9021
6472,0
482,8655
7387,2499
0,5689
2840,7929
4783,4106
9315,0
3425,4900
2586,7629
0,421
0,4132
4401,5656
5747,0
0,7216
2122,0
3280,0
2389,7928
0,788
4997,5045
3838,4781
8043,1859
5633,5292
5264,4140
8075,2660
8663,1487
6433,2927
0,6527
2777,0
2558,0
8895,639
0,3571
3949,0
0,3460
3087,0
332,0
5574,3707
5613,0
7231,0
7489,2505
3823,0
6536,0
9038,1426
5627,5234
1677,8461
1476,9527
4042,4692
3317,7276
4143,6258
2145,7213
1920,7853
3760,4970
0,6477
0,9089
0,8244
1960,7886
6109,0
5969,4865
1104,8999
0,5492
6284,4451
7393,0
9758,1088
2903,0
8355,2611
384,8161
2166,7038
603,8774
8396,2205
0,3489
4716,5123
8111,2142
5783,4289
0,2822
5581,5832
1662,7436
1393,0
6529,3994
4233,4996
5779,0
0,5842
0,1200
2719,6345
8221,0
6188,3050
0,3698
4784,5018
3514,0
0,9296
4185,0
5039,5480
6517,3574
0,2173
0,9980
0,7657
4280,6407
6667,2836
0,5256
3177,7911
1717,7696
0,8538
8326,2327
0,6590
5828,0
1902,9130
0,8869
2722,5983
6417,3128
3581,7370
2426,7284
3844,6688
0,1949
4627,7067
8875,976
3139,7971
7074,3138
3346,6963
4764,6141
5547,0
5515,0
7276,0
0,6735
3266,6891
8144,1080
1634,8718
7961,1012
0,7741
4544,0
0,4550
0,2966
4931,4928
3187,5795
5690,4233
1022,9823
7193,3381
0,7665
8677,993
3172,0
2418,7690
6088,3694
3925,0
0,3212
2646,8379
2479,6797
5145,4678
7512,2620
1383,9680
0,6873
0,6969
1828,6190
5283,0
1997,7687
3004,5991
0,8400
7967,992
0,1983
2023,0
0,5228
8604,2843
0,6430
0,4284
3581,6234
0,5018
9348,472
4644,5233
2152,7946
2383,0
3101,7272
0,7455
0,1798
7725,2122
8092,0
6251,2601
9732,1247
1868,0
320,0
0,2599
6568,3551
8628,2075
9270,795
92,9919
6464,3262
3718,8514
5124,0
0,1350
9509,0
0,7050
1613,8415
2336,8261
0,6067
1960,0
7002,0
6175,3973
4275,6741
4053,0
0,1672
3426,5489
8704,1406
0,4106
0,8043
2184,8402
4479,5799
7809,0
3327,5963
5159,4646
4305,0
1929,0
0,3446
6467,0
0,8254
9686,1323
0,5309
5615,3296
1398,9267
5520,5667
3604,7133
3089,7211
8103,2785
4714,4824
2409,6223
5863,3588
6927,0
3505,0
0,8996
9457,1401
7447,3229
7993,2088
453,8408
0,1196
3894,5656
4560,2494
3248,7172
4087,5899
1969,8572
9401,289
1149,9546
3821,5786
8715,1164
0,4990
9053,0
0,1042
1614,6798
5543,4529
0,2315
9858,415
0,1868
7215,1890
5559,0
0,4300
0,2763
0,4386
0,5231
627,8642
5100,0
0,3361
0,6532
1480,7968
1117,9493
8410,2440
9348,641
3808,5223
0,2478
7024,0
3613,6600
4667,5529
5443,0
8428,1467
1701,0
0,580
5567,5197
2685,8356
7339,2707
5107,4503
4956,4583
3322,0
9268,0
4628,5013
7116,2841
8059,4326
4166,5373
0,4229
0,9528
3030,7332
0,2806
6624,4010
6674,4491
4592,4445
2186,0
7081,3545
7068,2112
4409,6928
0,1790
4375,4219
3235,8207
9455,943
1851,9380
2220,7835
2434,8155
1676,7659
5763,3602
7320,0
9949,90
9019,2378
7145,2052
5898,3992
5656,0
7853,3048
8516,579
9648,223
7927,1341
3324,0
6650,0
0,8414
6301,0
0,1314
0,8008
0,7975
8743,541
6991,2706
8310,1976
6285,4225
8446,972
5375,5077
9521,0
5012,0
6099,3337
6657,3852
5637,0
0,9586
1266,8358
0,8245
5769,3944
3435,6766
7662,1951
8957,1745
4958,0
2867,6160
0,4115
4256,6520
2396,0
5618,4004
267,0
0,8144
5550,3186
6074,3973
0,1051
9412,0
5015,3500
1360,7844
3468,6573
7264,1992
0,3537
0,9837
0,5979
6266,3218
0,2648
3196,7702
7479,3958
0,4394
0,6079
7418,3592
7955,2285
2926,6980
5920,5051
4701,0
1157,8433
0,4147
6443,5589
8097,0
8977,583
1785,7657
9139,3
3521,6670
2309,6357
0,5676
3889,4922
6284,3816
0,7412
3967,3089
4259,0
6741,2859
2125,7985
3778,0
6514,2978
7641,0
8830,594
4181,4647
0,9913
0,2717
0,7567
6958,4441
7217,1729
2942,0
6964,4443
0,3640
8037,1967
6888,2722
7389,3540
6748,4584
0,4889
9362,0
2044,8947
0,2440
6668,3352
5696,3020
3849,6130
782,0
0,5698
8386,3047
8264,1635
2230,6879
5960,0
0,3166
0,5925
0,1736
2547,8850
6755,2513
5360,3380
2121,8506
1775,7528
0,7925
7132,2259
0,7046
0,921
3957,0
5646,4498
0,7607
1156,0
9949,461
7141,0
7480,3686
0,2778
3434,6551
4820,5072
0,6017
0,7916
2398,6317
4562,0
4190,0
6888,0
2244,8364
9818,1521
5587,4608
4983,4898
6483,4806
2106,0
1959,7696
6420,2904
5393,3953
9942,0
4316,5232
0,622
5595,4188
5175,4673
7507,3087
0,6344
1804,8079
2817,6682
0,8334
2556,8723
3861,3939
6318,3762
2626,7420
3994,6444
0,5634
0,6717
6306,3459
7146,2913
5768,2731
2602,0
7072,3166
0,1942
4796,0
3182,5937
0,9783
6075,3644
5145,0
7546,2476
0,3316
2117,8980
0,2554
1183,9797
7797,0
6551,4284
9746,0
4075,4720
0,7797
4289,7264
8879,1719
4446,6820
0,3124
0,3282
9628,0
4528,5774
5590,4617
5668,3485
8313,2018
3532,7315
2670,7707
2526,7468
2940,0
0,306
550,0
3735,5544
8566,2149
8668,461
0,6674
0,5739
0,8035
448,9529
5475,5302
4395,5251
0,9332
4495,5014
5975,3869
727,9067
4314,5842
7069,2849
0,3224
5364,5058
4007,5259
7073,3220
2594,7808
0,3905
497,9295
0,9260
3814,6399
2850,0
0,5223
4120,0
4352,4508
0,5028
4277,6156
5020,2961
0,5093
0,3076
8504,2387
1340,8440
6297,4185
7008,4349
4237,6992
0,1595
6169,0
4833,5736
3677,4911
6031,4936
3104,0
3959,5021
4465,5269
4472,5673
6923,3631
4797,3775
1964,0
6601,0
3987,5978
6019,2880
6862,3679
4752,4851
5145,4971
4001,5807
0,1053
5376,3615
7583,1376
6176,3353
1458,0
1459,8995
0,4248
4563,6951
4583,3914
9244,1357
1863,6973
4955,6357
6239,0
7362,1878
0,428
2177,7874
0,3179
0,3077
0,5755
0,6203
3679,5489
2335,8388
5585,4243
6003,0
9456,454
0,4366
7112,3836
5446,0
5600,4489
2418,7559
1722,8702
5198,5222
5323,5091
0,1720
7438,2964
5496,6222
5180,3878
6014,5880
0,6787
6158,0
7548,2753
5938,3951
2831,7924
0,6262
719,9228
0,6125
3518,6665
5627,0
0,8103
5572,0
6081,4413
8040,0
0,7623
0,3521
9285,1117
7394,4318
4660,5252
1904,9330
7783,3296
2974,0
0,6682
6919,0
0,6687
7395,3073
8742,1943
0,7958
7770,2309
4495,5461
9690,80
9475,0
8201,1659
7070,0
4351,4858
2181,8324
5654,0
2057,0
1193,0
1361,8920
6244,0
4627,0
7374,2067
8431,0
2775,7227
8838,48
7408,3156
4705,0
7377,0
6878,0
5883,5065
2697,6974
0,5269
1607,8376
5241,4727
0,8214
624,9548
0,4017
4892,3838
3436,6732
727,0
8140,910
3613,0
8540,1504
1338,0
1191,7983
3413,7287
3545,0
0,5701
0,5117
8708,173
2974,6470
7750,4005
7631,1135
9866,0
2554,6693
307,9169
0,3455
3865,7069
2986,7883
6264,0
2917,0
7019,2785
0,8806
4459,6852
6495,0
9250,400
0,9734
8142,1936
6639,3315
2806,5436
4041,0
7883,0
6574,0
4633,0
1924,7464
1628,8418
3812,0
4791,5381
8615,3568
0,9533
5352,0
5772,5363
0,4244
4962,5368
7832,3474
0,2931
3317,0
0,8230
6353,0
6681,4310
2686,6928
96,9768
0,3890
8910,0
6668,3839
6842,4114
0,3372
0,6585
0,722
6202,3252
5401,5476
3974,6265
7667,0
2293,0
5576,0
4209,0
0,8730
5370,5945
4208,6239
9015,0
3846,6525
4014,5828
4583,6121
457,9444
0,1241
9870,394
2732,9181
0,7511
7010,2011
0,89
8164,1740
4284,5439
65,9561
0,3881
6177,3190
4883,5213
794,9964
0,8382
7358,1845
9012,1731
1418,7441
5553,4514
0,9529
984,0
1303,7838
0,7795
4803,5370
0,8236
8445,1456
6403,0
0,7982
6466,4785
0,6392
5372,5469
0,6021
3443,0
1895,8168
4316,6395
4620,5010
0,7594
0,3222
8540,2095
0,2815
1380,7563
1433,8018
6334,3642
3826,6905
0,5801
1961,7943
2767,0
0,3216
3110,7269
3172,0
0,5562
4020,7719
3428,7275
6001,2618
0,8255
9013,601
7243,2828
0,6372
2246,0
6591,3726
4472,4769
2205,8251
4526,4321
4345,5061
9149,914
7694,0
5433,4902
300,9391
6557,0
0,2574
9054,1251
4190,6959
7262,3363
6385,2732
0,3254
0,7202
3428,6474
2603,8819
5774,0
9859,1298
4382,5272
7870,1479
8431,1624
2945,0
0,5542
6250,4656
3058,5925
7262,2851
1616,8841
0,1746
0,62
7635,1732
2681,7694
4879,0
5084,3956
5929,4281
0,6789
9042,2514
7440,0
3213,5367
5279,3236
0,6687
4344,5585
6565,3902
2533,0
6359,4244
6210,4280
4898,4933
9363,1450
0,9052
0,1386
2485,6268
0,6076
0,2087
0,4826
0,2086
6226,2569
6419,0
8243,940
1098,9026
2506,7207
2567,6159
4468,5679
7865,0
3145,0
3929,5865
4065,0
5002,5545
8761,527
2185,7214
3343,9597
0,6830
0,7566
0,4520
4032,5621
1815,0
5538,4519
2645,0
9583,0
9531,1491
0,1101
3583,6555
0,4339
2900,0
2969,0
6575,4022
4771,3934
3872,6420
0,3949
8199,1827
5166,6491
6988,3632
0,6268
6520,3650
2872,5645
2776,7649
4206,0
2665,8981
2834,6807
5115,5585
7565,0
0,984
7493,1456
0,2438
0,4275
9754,1450
2989,7809
0,4016
6731,4126
335,9487
5352,3079
7045,0
2439,0
6760,3199
7673,2733
0,6645
7208,3203
7235,2301
4281,0
3124,8185
0,6473
7927,3293
3711,0
0,3649
3072,7349
0,5744
8194,0
4857,5127
2079,7981
868,9701
0,5533
8711,1360
0,6803
1158,9952
7516,3517
2836,0
4117,5023
0,5031
8763,2228
0,2812
3430,6445
4938,0
2041,7474
0,4618
0,6117
4023,5044
5804,3081
7863,2111
1777,8056
6355,2858
4022,5686
5951,0
7239,2547
0,1334
5797,5127
2069,7287
5391,5781
3140,5954
5429,6417
2982,8529
8293,2192
0,5491
5787,0
4109,0
3792,7651
7341,0
9153,1747
1902,7706
2923,7820
0,3610
0,6585
4176,0
0,1659
6581,4363
4623,6208
5461,3041
0,5181
3357,0
0,8750
4483,4545
8416,2292
6555,0
5729,0
505,0
1794,8742
6702,4265
6973,0
6326,5088
4080,5770
9981,507
7636,2471
4451,0
0,5414
5851,3897
0,803
0,3989
2668,7410
0,5947
5069,0
4577,5706
0,1952
0,6657
7646,1260
0,4486
5771,0
6911,2432
7682,2295
2848,6992
6978,0
3789,0
2380,7143
6036,3645
226,9719
3552,6096
0,2234
5566,3777
7132,3186
2170,0
5956,4156
8329,1127
9073,0
8286,0
0,2333
580,9642
7325,2760
4441,6051
1431,0
7088,4055
4908,4790
9190,1407
0,7
0,2405
6852,2253
9485,861
2650,0
6220,0
0,8477
8189,1473
0,3162
4246,6358
0,7758
3297,6664
5435,4630
4363,5444
6574,2484
0,8198
4517,0
3351,6541
4389,0
1201,0
0,3286
1836,0
2527,0
4749,5643
9147,1985
2524,0
7392,4422
1467,6795
5965,4795
5324,4709
1288,9861
5885,0
4320,4291
5584,2522
3132,0
815,0
2055,7648
8019,2337
2188,0
4961,4593
7428,2883
0,5581
0,7873
0,6669
7049,3656
7048,0
1445,9526
0,6943
6131,4383
5078,4273
2566,0
7687,2906
1062,0
5210,4542
0,7739
8989,637
7445,3396
5519,3172
0,6469
4563,6342
7996,0
476,9157
6773,4167
4200,6410
4775,6370
3512,7035
7583,920
1085,9633
1246,8650
9688,228
0,6684
2549,0
4902,5076
7618,1536
3887,5388
8939,756
5867,2966
4411,0
6701,1314
0,2679
7662,959
0,6674
1402,0
2304,7324
9170,603
8110,2420
2165,7442
6183,0
1023,9082
0,2214
884,0
2647,8691
8100,2463
1105,7939
6198,3321
3243,5910
5290,5231
1923,7099
0,9698
417,0
8483,0
6931,2537
0,4996
0,7935
0,5558
0,5026
1348,9357
2952,7695
780,9194
2577,0
5695,4921
5993,3832
5325,4640
6307,4408
0,9016
9897,515
0,7561
0,6137
0,6571
2282,8392
9269,899
1531,8811
138,9926
7382,0
4234,0
2818,5824
7588,4251
7706,1271
9697,829
8220,2625
1548,0
6528,3229
6320,1911
9595,228
3265,7171
4495,5635
0,7254
5835,3921
5382,4021
9155,1265
8731,1823
8013,3261
5925,4063
6566,4267
4779,4781
4525,0
4187,4594
0,4900
5505,5074
9552,1958
6667,3813
1247,9553
6758,2231
5910,5794
7300,2722
1770,9619
6188,5952
3485,7579
9630,105
4931,4449
7351,2772
4163,5896
6838,0
2409,6699
6221,3984
3534,6934
7696,1294
3435,6249
4880,4743
0,8044
0,6751
9105,953
0,3999
9078,1149
4866,0
5990,3497
3253,6737
9738,667
7341,3243
9933,1375
1242,8597
0,973
7460,1574
0,8652
6798,0
6443,2290
0,6987
4843,4571
1611,8444
0,6456
5241,5147
8677,705
5054,0
2802,6421
5943,0
5334,4468
0,8165
1117,0
1046,7202
4787,0
8724,0
5337,4258
4494,5256
3365,5958
0,4187
9329,1196
4659,0
3244,6414
1687,8754
6045,3908
0,4138
9499,936
2987,5913
1392,8775
1692,0
5120,4803
7590,1623
0,1634
1851,9003
7826,1054
5250,5168
3863,0
6333,0
0,2957
8240,1586
7094,0
4716,5653
4924,5063
4198,5257
0,7287
3186,6583
6777,3596
4796,6696
3284,6729
1297,8396
3578,5976
1807,7622
7499,0
1345,9053
8243,2495
897,9767
99,9562
4811,0
287,0
6074,0
887,8784
2701,6167
5402,4492
9019,718
5659,0
5960,0
4226,5802
458,0
2682,7677
4340,5432
0,8369
9397,843
7310,4182
2986,5446
0,4011
7316,1906
0,5106
1685,7716
8119,0
2043,7100
0,6913
8040,2090
5102,4390
5755,5531
2221,7842
9609,0
5793,5134
0,8341
5886,4259
9057,713
3697,6782
5591,5560
5819,5604
0,6386
8358,234
0,3065
7872,921
3490,6696
3819,7496
8163,131
8649,1929
9103,462
5217,0
7044,3028
9952,0
6684,3849
0,6466
1864,8276
3307,6859
7380,2665
6729,4121
6605,3639
9671,1029
1303,9138
7817,1447
8360,0
5472,4593
9145,1224
5386,3237
5064,4711
0,1560
5571,5140
6365,0
2900,0
0,8953
5233,0
0,3509
2566,0
832,9267
2290,7052
5409,0
0,2544
1301,8479
0,3899
6793,0
3248,8226
9486,0
3652,6225
4728,6249
4204,5873
7152,3756
0,8706
5383,4247
3040,6313
6106,3639
0,6113
8252,2330
285,8287
1811,7751
1094,6960
0,175
8131,787
2800,7289
5777,0
603,0
9214,279
0,4412
0,4507
4648,5724
4403,6075
6880,4242
0,4673
0,3652
5883,4437
0,8163
9546,0
7810,3906
2619,0
0,4062
6021,4786
6156,4043
0,2733
4116,6271
6113,4078
8740,1741
8137,1725
0,4805
0,4574
9181,1861
2521,6154
0,918
9006,833
3062,0
8491,232
0,9753
1961,7746
0,5819
5191,4686
0,6132
4408,4952
1693,8602
8938,0
0,4327
6930,2191
281,0
1704,0
0,7935
0,7324
4626,5792
0,5139
7584,3730
5436,0
5160,0
0,5878
6952,2393
1514,9010
6158,5306
8220,1633
5651,3522
3664,7699
1789,0
0,5632
7073,4080
0,647
3644,5708
2516,7978
0,2494
6481,0
1063,8645
2709,8363
7319,0
9375,1362
5208,5315
5129,4974
5953,2843
9106,0
6378,0
2242,7336
5365,4410
3501,5819
7531,1874
1185,0
9260,1440
8921,0
7096,3265
1793,7091
818,8970
3441,5950
3945,6136
0,1378
0,5721
7257,0
7630,1790
0,19
1670,0
2001,8530
1128,6859
0,1854
9504,1275
6897,0
6451,3705
7291,0
0,5906
7068,4062
7153,3427
3519,6961
8775,2709
2213,6520
0,3682
9438,0
7097,2283
0,6666
1979,8121
9462,1494
3398,6334
7130,4209
2720,0
3889,6241
0,9183
3906,4932
8873,636
8523,1239
7836,1443
7950,2434
9001,111
0,5238
4963,2840
0,1982
4826,5073
3171,0
5608,4519
0,4541
0,2159
1549,7768
7568,1960
223,9918
5194,0
7299,2167
2805,7005
5501,3711
0,8753
2053,7673
9265,0
3350,0
0,6861
6040,0
0,8389
8708,1261
9826,0
7038,0
6096,4724
4667,4716
7984,0
3618,7459
713,9177
3339,6454
8777,1257
612,8695
9339,93
4659,0
4709,0
5328,0
5923,3468
6413,4491
3527,0
5399,4226
2843,6389
1532,0
9279,0
3920,0
0,4613
6770,2769
0,4367
4599,0
7463,2249
7482,3281
0,6192
4907,4568
4443,6174
0,5530
1070,8615
8994,941
1058,8590
1637,0
3784,4906
4154,6098
5077,0
0,2041
7639,1682
6506,0
2622,7912
6037,4581
0,1885
0,4795
8284,0
6809,0
7120,1298
0,3515
4317,5039
7314,1665
9155,0
2948,0
5279,4769
0,7204
6591,0
7422,2867
6518,4757
2009,8789
6079,0
7332,3154
3090,5894
5795,5213
5473,4790
5340,0
7773,0
600,9537
5268,5064
9183,0
1479,7656
8502,2500
1793,9255
5567,4146
4191,0
0,6889
2541,8038
1916,6570
4895,5708
6139,4019
3742,6790
3181,7428
5045,4607
7264,2551
4511,0
7928,1289
6450,4778
0,7846
3418,6921
2074,7425
7222,2616
2488,0
0,9121
3836,5904
5156,0
6439,4249
4431,5543
3580,7684
7450,3288
3827,0
9549,1347
0,373
5721,4008
4376,5507
5238,4887
0,3656
2799,0
5039,6775
4133,4981
4241,0
0,7620
5153,5770
1709,0
0,2405
5523,5545
670,9541
0,6333
6415,0
5779,4151
6013,3787
5849,4408
0,8382
0,4035
2579,0
5705,4605
44,0
4635,5178
5449,3061
6054,4921
1094,7028
9185,0
0,1449
6622,2377
0,7877
69,9718
0,5210
4452,6026
0,6137
6403,0
0,6943
3038,7059
1580,9213
0,5080
2197,9120
5641,4420
1195,7642
0,6743
7214,3570
0,1735
5139,4533
2512,8198
0,1334
4314,4717
6455,0
2896,0
8421,2286
5435,4699
2159,8037
8107,1433
9773,0
237,0
9419,302
6675,3712
0,2380
0,6455
0,6153
9817,339
5950,4146
6613,1707
4303,0
9192,212
0,5650
2289,0
8506,2408
0,9121
5881,0
5352,0
2695,6246
4930,4728
390,9368
6498,4136
5901,4838
7375,0
4096,7437
0,6620
0,7515
6505,0
2559,7617
9424,1634
9134,1208
4423,4131
4573,0
4672,4083
0,3020
9700,1230
1508,7537
4980,4814
3362,6241
0,3763
971,0
1878,8661
9558,0
5889,4116
2784,0
1215,9030
462,8715
6876,1754
0,4613
8787,308
2708,0
0,1645
5913,0
7893,3961
2167,7237
5029,5215
5104,6059
1002,0
7173,2279
5058,0
6444,3937
4223,4695
2544,4805
813,0
4268,6908
1172,8979
4570,5447
2865,7448
7714,2945
5456,0
7038,3708
6802,2901
3804,5929
5127,4787
4599,5835
181,0
2505,9019
9093,0
4016,6855
5151,3980
2153,0
3135,0
7241,1725
5492,3039
4199,0
4953,3159
6086,0
0,1009
0,3132
7924,0
2946,8496
0,736
9530,631
9854,51
7622,0
883,0
0,9050
3483,6653
7116,0
2739,7225
6588,3742
4455,5245
0,4174
3870,0
0,1409
3118,7314
7983,0
7945,0
0,4767
4815,5981
5310,0
2920,7368
7274,0
3634,6090
4683,5659
756,0
496,9581
1888,7943
4576,5030
1941,7348
0,2842
4029,0
2518,7899
1188,9189
7506,0
0,4449
2427,9048
1934,0
3725,6330
4456,5701
3992,0
6676,3191
8621,2078
1316,0
2042,9444
6060,4977
6639,2539
9703,862
5410,0
6902,0
4245,5651
1090,6184
3621,6045
1832,8595
5258,5055
5969,5567
2957,0
6553,2516
0,8108
7813,2445
6228,0
5683,4230
6042,3001
8584,932
0,2480
5993,5352
520,8424
0,3140
4696,0
0,5787
0,1743
78,9257
4971,6041
0,2496
8359,0
7548,0
8347,1435
7034,783
6527,3249
0,8809
5253,5140
0,3799
4098,0
4374,0
956,0
9365,1152
0,7864
7747,302
0,391
1811,7401
6497,4913
6217,3009
3775,5613
3199,6181
0,5397
6239,3681
1814,9799
4697,4722
6348,3533
0,2165
0,2520
1448,0
4845,4739
1827,0
0,4988
7665,0
3026,0
7811,1187
0,9738
7006,0
0,3968
5655,4358
0,5643
1935,7553
9010,1100
2902,7166
4940,0
0,5113
1795,8200
4851,4373
5502,0
0,7315
4274,5522
7008,4011
3932,6930
6635,4678
3646,6758
0,6608
4690,4417
7429,3090
0,3450
4226,0
0,5427
3233,6960
4354,6052
1881,0
8001,2060
0,1234
5455,4333
2779,6027
3618,0
2705,0
0,5385
905,0
6488,3549
2150,8105
7042,3004
746,8570
1084,0
4343,5036
5170,0
3898,0
0,2699
0,3575
5168,5483
9393,1402
8961,1846
6419,4050
0,2851
6934,0
6441,0
5174,3952
626,0
7095,3809
5136,0
7317,4023
5874,4112
4964,0
3757,6413
5253,0
6828,3772
9550,353
0,5789
6305,3270
6813,4541
2265,8094
4923,5728
4586,0
6712,2605
119,0
3818,6212
0,5487
8271,2666
1081,8249
8407,1608
7952,0
4604,5150
0,3546
5303,5702
6218,4518
4264,6152
0,9256
8877,0
7054,2966
7229,0
0,7859
3765,6319
5437,5632
7116,1693
4954,6306
4681,4560
1912,7731
1002,8287
3071,6678
8694,971
5238,5827
4201,5083
75,8494
2194,7352
7798,2272
0,5677
5129,0
0,1160
8093,1895
0,7043
4547,0
8441,483
5543,4079
3131,6573
6189,5611
8394,1119
6234,0
1530,8301
5350,4775
4095,6497
8393,52
5282,0
6196,3176
0,7814
6363,0
4554,8122
6565,4119
3462,7162
1822,0
4436,5540
9997,0
5770,0
3136,7809
8230,1496
3869,0
3398,5346
0,7677
2627,7726
4396,4952
9446,1388
0,2169
2956,7317
2276,7596
4593,5433
7541,1289
6371,0
6822,1124
0,1756
0,7442
0,6869
4941,5665
1581,8484
4578,3924
7181,3239
5662,3391
3374,6580
5105,0
7179,3125
1907,6697
4190,5916
6160,4488
0,5979
6963,0
1345,9394
7665,1874
0,902
6511,0
0,1329
7186,2477
5712,4211
4539,5994
4575,5474
9002,1115
7057,3046
0,3402
1086,7749
2438,0
7807,2412
5615,4469
8760,0
7347,3868
5844,4204
2855,6633
6460,4516
3498,0
0,9382
0,5775
5418,5136
8283,1363
0,8424
6898,2145
4105,0
2488,0
6427,2972
3967,0
6050,0
335,9513
6499,0
6676,0
0,8112
2881,0
2530,0
6961,1557
959,9106
0,523
0,3030
5096,0
0,5540
1769,8469
2149,8230
1295,9736
1443,8435
5475,4413
225,8420
3286,6722
0,7929
6163,3515
0,440
5970,4503
5087,0
5081,3784
4988,5086
0,2652
4571,0
0,4337
0,6372
4159,5369
5897,0
145,9196
8862,0
0,7395
6744,0
3035,7083
0,1382
0,5405
3786,4906
7463,3650
3030,6493
5895,3878
4756,5751
0,3611
9181,522
3509,0
2564,7624
6907,3681
5064,5902
5171,6104
4027,5131
2975,0
4805,0
0,7511
2119,6641
5517,3004
4015,5757
3878,0
0,2881
5439,4901
6660,3725
4043,0
4066,0
6239,0
8413,2598
5680,0
6024,0
0,8093
0,4846
2023,8172
6303,2706
5115,5040
2375,0
0,5776
7216,3225
4832,5364
8275,1431
0,4734
1861,8531
0,9773
3560,6469
4803,3640
7717,2469
1662,8583
6586,2899
4712,0
7542,3114
1853,8231
1492,8530
1114,8722
5273,4943
6974,2576
3905,5832
2786,6652
0,2080
0,4550
9157,586
6868,3239
8259,1615
0,4890
2877,0
4214,0
1666,9459
8725,2598
4376,0
6254,0
7549,3167
323,0
5263,5249
8392,1180
0,198
0,4080
7523,2242
5352,3570
0,3728
4247,5368
7597,1881
5540,5064
0,3488
0,1137
0,8559
8089,0
6742,4200
3199,7656
6603,3798
0,6968
4185,5766
6909,2558
0,1624
4360,5933
3766,0
8187,2114
5502,3844
0,5070
8352,942
0,4654
5673,0
3064,7656
9063,1691
2871,0
2283,8561
6880,2722
4623,0
5574,4252
1670,9008
7288,1940
6635,3796
0,4058
6267,4955
4920,6199
6343,3381
1155,0
282,9076
0,8634
6903,3698
0,3898
5048,4764
8613,1721
5155,0
3218,0
3083,6057
2848,9228
0,6558
3590,7039
9955,688
0,1306
0,3093
648,9750
0,76
3318,0
7281,2882
0,3450
1661,8100
1326,7433
0,4101
4843,4160
4454,0
5717,4553
4707,6544
596,6996
4716,4775
5406,3989
9337,2017
7053,2474
0,5014
0,8981
3008,7478
0,5345
8638,2522
0,1088
0,8638
5453,4763
0,3866
4888,6008
2967,0
4486,5490
0,331
5772,0
4310,6512
0,909
0,3755
4815,0
0,9611
0,4247
7626,380
8938,1025
8202,0
0,8548
9821,315
1579,8054
3792,5886
2299,7586
6713,4241
0,1193
2351,0
0,6735
103,9365
4307,5602
5670,4992
7116,3406
4756,5819
4015,0
4278,6517
5805,0
493,9925
374,9764
5222,4563
4070,0
3586,6765
3014,6662
6598,3000
2623,8199
5338,0
8432,1431
5355,4275
8119,982
3550,6577
0,9147
144,0
2849,5730
3911,5469
6052,4306
3953,7495
3780,0
2171,6784
4679,5824
1522,0
2163,0
3976,0
4562,7291
0,4635
4531,0
8240,2841
4898,4582
7986,0
5404,0
3075,8052
0,8524
6123,4353
1432,8516
6762,3495
8148,1933
4168,4374
4054,6408
3887,5817
1921,5836
0,5090
9517,1381
1268,0
3792,6189
2957,0
1343,0
0,1984
7485,3813
0,5109
0,2913
0,6121
0,4022
4047,6413
4239,5652
1532,7289
0,4893
3376,5891
4644,5524
5999,3078
4075,6402
6290,4710
3061,7962
8866,2612
0,5289
2409,7747
0,1466
1264,9371
8876,1523
3480,6387
3619,7652
2644,7802
8478,447
5829,0
7531,4790
2045,7820
4133,3363
7755,2429
7569,2555
9214,0
6579,2118
1640,9584
0,2378
2236,7215
39,9655
1995,8137
7087,0
1584,0
8610,1704
5868,0
6106,3541
7304,1652
2766,0
5778,5425
4909,5015
0,2998
6501,0
1442,0
4065,0
2145,6880
0,8576
0,5388
3498,0
4506,6859
4891,3204
322,9665
6497,1853
0,1806
1255,9469
0,3388
4152,6839
1535,7682
1162,9732
8074,1242
5330,5679
418,8908
2887,7252
8705,0
1771,7937
0,3527
2002,0
1909,7803
3353,0
8627,751
5880,7032
6186,4742
0,2226
0,3781
8815,1083
0,2478
4690,5055
9233,2711
0,3744
2139,7482
4100,5474
8719,1957
6397,4583
0,3833
0,7197
5193,4896
2433,0
0,7270
7997,1749
0,5239
0,1710
8591,1660
1006,9886
9741,654
6869,3926
0,4205
8827,1536
5572,4991
2679,0
3245,0
0,3978
6923,2515
5846,0
6432,0
7420,0
4810,5413
1627,7950
2654,8649
5456,4910
0,8184
6196,3740
7825,0
1838,0
9310,1719
5340,5060
2257,0
0,6074
4692,0
2695,6544
5294,0
1124,9742
1869,0
4586,5284
7240,3838
242,0
2473,6823
4481,0
8805,2977
5622,0
7056,3793
7490,2021
0,6244
8299,2654
0,1229
7673,2702
7780,2368
6269,2905
8949,406
1062,0
0,5850
7369,0
6202,2878
1106,9800
1669,0
238,8826
3482,6072
0,3772
4265,5456
8371,1488
0,5709
501,8577
5454,2859
8754,0
5386,0
4194,5638
4921,5053
5742,3433
7080,0
6112,3546
4621,0
6650,1689
3755,0
3816,6416
4218,5635
3762,0
2005,8423
5701,4011
3486,0
0,1640
8276,1345
0,6007
5315,3275
1291,9279
2791,0
6647,3073
1319,8345
0,2421
7358,2426
3024,6046
8377,2024
2677,0
6933,2323
0,2538
1839,8420
2345,7661
4980,4997
3955,6902
0,7981
2275,6883
2669,0
2099,7602
670,8527
0,5336
9764,222
6355,3218
4503,5038
5188,0
0,3637
5037,4474
1408,8670
4151,0
7490,3626
0,7867
4005,5633
0,5482
0,1562
0,7276
5311,4886
9643,360
8681,1528
1997,0
4338,3982
8993,0
0,1953
5830,3524
0,4094
4265,0
9185,542
0,1984
6450,3182
2787,7325
1213,8592
5360,0
9502,0
7484,3467
1655,8252
0,1745
2589,7754
0,9601
5974,4350
6443,3848
3013,6273
8639,0
8044,0
7983,3113
0,4987
1485,7625
4144,0
1652,7727
1362,9122
0,3854
7504,3191
6247,3713
0,3848
7712,674
5216,0
6849,1564
4515,0
4290,7167
6801,3701
9927,274
0,3128
3128,6429
8516,0
0,7925
8963,1702
9499,1034
0,4941
4277,5129
1253,8516
4918,0
5046,5562
0,4858
4421,6274
2546,6918
0,1262
3992,5885
5102,0
6243,3050
0,1585
7086,2069
6042,4705
2692,6282
6995,0
0,3655
0,1311
2474,7278
0,7435
4061,6150
6551,3708
623,0
5820,5063
4426,0
8844,2676
0,4259
501,9127
5542,0
2110,6956
9457,988
3925,6364
3783,6308
2223,9299
5515,4766
200,9018
2072,5630
2719,7189
9267,829
9634,0
7657,2748
0,1594
0,6497
8514,45
0,9254
8700,1934
6084,4212
8796,151
5373,4677
5208,2392
6694,3138
3823,0
5394,5264
2706,8616
7135,2866
4475,4808
2611,8049
0,8702
0,7188
4145,4159
0,9698
6640,2941
4634,5683
3417,5044
382,0
9515,666
546,9014
9909,777
30,0
2737,0
2280,8514
517,9821
1821,0
6267,2888
3566,6342
3924,0
0,7051
8100,0
946,7526
0,7970
0,526
0,6658
0,3150
2064,0
4629,6202
0,8511
7620,1684
5496,4174
0,5291
4345,5513
6794,0
0,9928
0,3134
3987,5489
2364,0
7234,2809
2609,7183
2874,7284
5390,5639
7670,1073
1652,7780
3481,6480
0,5220
7851,0
3034,7799
4574,5797
2315,8443
5450,3993
2854,7582
2359,8362
1904,7346
6390,2845
0,6279
2954,5796
7738,902
5109,0
27,0
5693,2438
7649,1829
3997,4713
5710,4814
2776,6654
1693,8455
9767,0
7144,3903
0,5093
5485,4317
1865,7131
6263,4351
229,0
4800,4882
4193,6468
5885,4839
6791,3521
4779,5816
0,2584
0,6635
1580,0
4448,4800
9577,1278
3839,5903
0,1643
4208,6097
0,4155
3569,5799
8119,1226
0,4003
4849,4089
8814,1343
0,6234
8024,1601
9747,394
5739,0
7330,4609
0,2459
0,7805
5613,4097
6202,3164
6810,3308
0,6609
0,4834
2978,6424
0,4396
0,3111
7349,1996
0,6437
5231,0
4658,0
1401,9206
5475,4771
3876,6167
5059,4138
0,4154
5961,0
0,7950
0,6436
8843,1337
6240,4215
0,6190
0,8165
7157,1698
7251,2647
8887,111
2105,8362
0,3587
0,5606
2144,6592
8184,3163
1650,0
6280,3762
4642,5813
8814,424
6041,4789
485,0
1762,0
5899,3344
1427,9491
4820,3880
4857,0
1237,0
6244,4895
0,6265
7190,2576
1236,9948
4118,5123
2652,7835
4664,4650
0,7758
0,6096
7132,2118
2724,8027
2694,7495
7441,2520
4053,5910
6974,2480
2285,0
6135,0
2273,8566
2308,8255
0,6844
5131,4329
1993,6772
5282,5728
3570,6747
136,9332
5221,4972
2589,7944
4989,5091
2293,8579
5639,4319
9223,466
1067,9569
0,7088
4668,3221
2181,8214
2179,0
5712,4218
5638,4038
6030,3824
6742,2018
2487,6731
0,2696
284,0
3623,4819
6486,4730
8681,1731
0,1046
0,6829
4385,5378
8251,2412
6958,3779
2641,9111
4287,5088
4418,5724
8872,709
0,2961
1626,8685
1692,8548
4178,6998
7110,0
5786,3909
5235,3665
2808,0
3962,5491
7138,3769
4867,4547
8965,0
7243,1874
4544,0
9349,1545
1633,7088
4672,4804
6764,3997
4697,2847
5469,4956
1921,8554
7209,2875
4487,7094
6788,3952
9694,567
6094,0
3672,7267
0,7311
0,1225
0,3668
6906,0
9281,1017
3295,7028
9373,0
0,8056
3673,6504
7668,2657
9270,43
3864,0
0,2877
4097,5750
3791,5353
781,7707
6162,2692
7288,3412
708,7952
3584,7617
6745,3275
3067,0
7521,0
7164,2638
0,7218
0,4461
4826,4813
1795,0
2866,0
7078,4413
0,535
2288,7751
7378,2745
6825,0
5834,0
6919,3300
6498,1970
6777,4636
6145,3617
0,3776
2852,7875
181,9681
5028,6094
4495,0
5554,4854
3855,5517
6161,3909
1030,8053
0,6562
6942,3479
3317,0
0,5703
8530,2382
3357,0
7979,0
4527,4784
3379,5764
3921,5978
2694,6167
0,3065
0,4389
5674,4363
4949,5224
4908,5526
5497,6347
9103,0
7840,1395
765,0
0,9574
9348,446
600,9405
7617,1643
4767,4926
0,6211
0,7348
4813,0
1565,8933
4763,5221
0,4920
7081,3649
0,6771
6094,4585
2624,6806
9220,440
3472,7468
0,4702
1113,8715
0,5589
9048,1900
7169,1284
2738,6388
0,1511
0,4454
5472,3693
4900,4891
1687,9259
9423,766
3859,7169
3288,0
5166,5691
0,8527
4500,4816
1504,7106
5095,0
2608,7736
0,3201
7839,0
3469,4485
4570,6224
3962,5662
3109,5719
5614,0
2077,8927
2376,9945
4750,4674
7512,0
1735,7605
9322,0
6136,5167
5367,5006
6790,0
4210,0
4634,5840
2438,6786
0,3104
4985,4578
8189,0
0,4003
7751,1927
4634,0
0,6194
0,3125
1427,7512
6390,3117
2847,0
7059,2390
9057,1423
2050,8907
0,6349
1683,7467
6198,3627
6127,3643
5800,4492
8193,1376
5283,0
0,7108
2662,7972
561,8602
2554,7431
4783,4749
0,6511
1724,8136
8298,2070
0,6814
3270,0
5438,4431
8669,0
0,5248
2241,0
1415,8146
8052,1349
0,2026
2981,0
9996,779
7381,0
5369,5023
2067,8321
0,4730
2077,6607
1934,8480
5459,3138
5162,4011
2375,0
5781,4077
5359,4575
3184,4843
2888,7677
1839,9090
0,5148
933,9378
6675,3411
0,4018
1829,6831
3171,7728
4907,4790
0,5883
5271,3632
8602,0
462,9270
0,5671
6866,0
7750,2269
0,4387
8451,0
0,8426
4708,5667
4774,0
4183,5777
1761,0
8078,2891
3994,0
4553,5929
5032,5412
0,3729
0,1313
1708,9540
4488,5764
5968,3560
4349,0
2398,7934
8648,0
5854,4171
5215,5107
2367,7730
5740,4043
2019,8860
8209,0
4364,4146
4394,4685
4562,0
5961,5340
8188,49
0,6080
0,3579
1988,0
8113,2135
0,7822
0,5538
0,5382
0,4508
9281,1974
0,908
0,5579
0,1923
0,4990
6797,2668
3335,5888
0,9144
0,2624
1788,8290
0,3773
0,4361
4355,6892
3638,0
0,7926
1608,6743
0,7865
4835,6645
4716,6120
4708,5703
0,1851
2699,0
2946,0
1180,0
9011,0
4211,5606
5083,5541
5423,3905
6068,4057
0,8496
0,6920
2923,6153
4663,6193
5739,3930
0,740
9355,637
7008,3785
7642,0
2589,7454
5466,4853
939,7362
4953,0
2335,7872
0,5069
3541,5412
4998,4785
4698,5942
5413,3624
3890,5918
9144,1285
5852,3564
5899,4030
0,1494
8437,0
3308,6767
2770,8086
6359,2974
4296,4410
329,8607
7943,1907
7645,2612
5090,6042
7667,1346
8580,0
0,2045
5515,0
0,9807
0,7478
3303,0
4119,5235
6196,3816
4818,0
8356,1181
7936,2124
0,3886
5330,4403
7210,0
5839,3673
4938,5189
5258,3952
2722,7496
2122,7990
7065,2690
6848,0
3915,5666
4374,4298
4992,5087
3473,0
0,7191
7200,0
0,362
6344,3038
5335,0
7939,0
5365,4601
5178,5806
5527,0
8144,0
5120,5292
5432,3173
732,9988
2265,7907
1925,8137
5024,4304
4997,4453
4007,5534
0,239
9180,2127
6190,2857
0,3419
0,3719
6630,3035
8379,850
8670,0
0,5512
0,8063
8965,1150
2667,8541
0,2924
4047,5492
8376,1791
4539,5459
3664,4542
3630,7093
0,3417
3156,0
7525,3281
9294,655
0,414
5581,4203
0,5088
0,1542
4169,0
0,2651
9419,1051
4796,5062
4308,0
1258,8736
6667,0
861,8619
7221,2219
1720,8183
8812,1045
0,2259
5021,4793
7656,1593
162,9432
2831,0
1156,0
7310,0
6171,4792
1727,8835
4524,6212
6431,5404
5209,4166
6363,4005
1488,8376
5436,3152
9946,60
0,2002
9046,430
3850,8323
4535,5908
3197,6058
3880,5734
4873,0
6771,1948
6856,0
5329,5771
4111,4740
5282,5452
0,2828
4655,4179
5468,0
6691,0
1857,8560
3821,7560
2352,7650
0,3403
1775,0
3426,0
3322,7130
0,5268
5874,4238
0,3320
2758,7575
5799,3567
9190,202
8217,1614
0,7488
5464,4316
7832,1613
4906,0
8557,1420
6799,3821
7245,1155
7661,1159
9508,0
8025,2037
0,6531
8968,1054
7216,1323
1992,0
8629,1999
3076,0
5969,0
9983,715
0,4412
5582,0
2610,0
2441,0
3485,6318
0,1262
5007,5801
3805,5760
8907,0
1509,0
2350,5929
5112,3977
1394,7743
7153,0
5338,5459
0,423
3242,6198
4861,4362
9032,1641
9289,1201
6198,3505
8708,0
4358,5978
479,9660
0,1571
949,8745
5850,0
3761,0
7094,3668
1046,0
5637,0
0,4194
304,9592
6932,2953
4958,4219
5844,0
0,2541
9274,549
4351,5912
0,5855
7327,2933
3432,0
3991,7435
2869,6901
0,2751
7926,2867
4087,5469
5890,4702
3324,6364
7824,2452
4026,6119
0,4456
0,7781
7463,3802
0,5650
6262,3114
4012,0
5640,2726
6443,4927
3933,7516
0,7728
4075,4481
3655,0
0,7539
8557,2303
9205,651
4182,6184
2380,6976
840,8141
6984,3244
6691,2999
7090,2593
4029,6978
6986,1781
7100,3729
4295,0
9260,1544
6338,5055
5141,2686
3044,6749
0,6751
1950,7512
0,3398
5872,0
0,5248
3349,5555
1719,0
6353,3267
0,3097
8023,1889
3418,5821
6033,2880
2810,6953
8631,2183
3607,6984
3894,0
1285,8951
4911,0
2311,8763
1553,8335
4562,5342
4615,0
2640,6938
0,3371
1969,7857
0,85
2584,7090
7614,3856
3309,7868
9196,625
4401,4145
4792,5082
9032,0
4298,6504
5176,0
5040,4441
7724,0
0,5189
0,2935
5446,5064
6771,0
8086,0
6621,3111
1759,7388
7336,2786
4801,6003
0,2797
5503,3529
6331,2793
3448,6999
2516,7386
7876,3597
0,2156
4722,6314
9397,1300
3435,7006
4437,0
6436,2370
6424,1987
279,9659
3998,4599
7443,3979
7822,2329
4816,0
4514,5949
994,7912
3520,0
3024,8143
7699,4329
5207,4661
4716,5975
2674,6861
0,3069
2925,0
0,5624
7907,0
0,3368
8333,2039
0,3486
0,5531
847,9674
1672,0
627,8412
5358,4243
8463,2929
0,8992
1797,0
0,8382
3998,0
6240,3771
4173,5563
1330,8396
9265,934
6902,2530
0,1541
892,8884
0,7453
3833,0
0,3948
5892,3062
6008,3423
0,9626
5971,3333
0,5748
0,9832
2693,7798
1322,0
4170,6170
0,4179
8248,0
7127,4009
4421,5251
5747,4437
926,9146
4805,6959
9783,1323
7490,0
1584,8828
8989,1643
4020,7459
7707,2152
4783,3666
7557,2795
8280,3138
4297,5287
5077,0
0,1239
3235,0
0,2150
6437,3333
9815,935
8834,2736
0,1935
4555,0
7033,2172
5218,5380
3959,6732
9480,1430
0,2596
8300,3188
1199,9906
9594,1333
3855,5570
6439,3662
2684,8025
8438,0
8200,2373
8246,1186
3539,7535
2770,7206
1893,6660
2916,8321
463,8932
7752,0
4239,5057
1432,0
3226,7279
7716,2770
2532,5870
3974,5495
0,3257
5289,6055
4572,5368
9037,2130
7681,3569
3450,5539
5917,4077
5469,5328
2863,8135
0,5992
8199,989
3431,7482
1403,9356
0,1056
7297,1598
0,6246
4879,5596
5560,4794
8261,3491
5638,4985
25,9198
0,1698
5622,3963
7056,3672
5017,5682
3825,7633
806,0
0,8323
5570,0
3619,6387
8378,1658
0,5002
210,9746
8094,1541
2317,9089
9665,0
8397,2082
878,0
5804,0
25,8006
1369,8078
2109,8732
3455,6140
2999,0
1371,0
0,6677
3294,4783
2216,0
0,2334
0,7406
0,6276
6202,0
5930,3126
2977,7772
6872,3315
4843,5230
5076,4888
6145,4223
3691,6830
4960,3985
6329,3838
8576,2290
6421,2593
3580,7231
6860,0
2883,7610
8137,2074
7375,2596
0,2699
195,9563
6400,3093
0,5226
0,2863
2397,6734
8928,657
0,5497
0,8895
7413,4152
1824,7670
3549,5207
1929,9508
1912,8379
4381,5345
271,9564
0,925
4069,0
0,4554
0,7080
3071,8022
8262,188
5216,6100
7161,2085
5185,5471
9544,1144
8259,0
9600,1118
6697,3735
8985,466
0,8050
3145,6805
6840,0
6440,3574
6077,3697
1522,0
8176,2380
5384,4326
3838,6502
8705,1132
0,8860
8306,2288
2053,0
1608,9735
4888,5925
0,1193
3307,6511
8945,1932
4458,6834
3553,4742
5343,4423
0,6198
5993,2978
0,7288
4500,6235
3116,0
7622,3232
3708,6085
0,6595
4484,5519
0,3163
3387,7449
0,709
0,8761
8764,1566
1937,7165
1228,8563
4525,6262
1279,0
837,0
1996,6387
5030,5977
577,0
9321,228
0,4130
4300,5256
7589,3762
0,5905
4451,5798
0,5498
1934,0
0,1889
1289,8539
5098,0
1383,0
7052,2325
0,6285
4059,6307
6205,3971
5628,3557
9579,965
3877,7588
4363,6423
1110,8751
9948,1477
2128,8265
8828,888
5433,4762
3076,6644
1333,7880
4175,0
2831,6455
3007,6137
0,8115
4734,4191
0,3774
0,5910
1558,0
2016,9292
0,8799
4317,5688
4329,5861
5152,4747
7508,1179
6954,0
2598,5972
4688,4170
4298,0
0,3209
0,9433
8593,661
7905,3350
4612,3669
6034,3432
0,3919
1054,8587
723,0
7071,0
0,8242
3143,5226
0,7781
4652,4880
4023,0
431,0
5912,3287
2337,7174
5455,3981
7563,1169
3043,8476
0,8868
1024,9152
8162,0
5842,3258
0,1259
0,4494
6763,0
1579,0
0,8701
1695,0
8487,1678
6319,3495
0,6604
7601,2851
0,4692
0,3180
0,3891
7691,3619
7879,2577
646,8924
5474,5282
0,2079
5251,3791
0,4084
3424,6870
7320,2949
2277,9960
8578,1501
0,4908
6392,3216
9588,548
1450,9039
1543,8075
1207,9310
1308,0
898,8870
8292,1604
3778,5456
7329,2082
6520,3840
7944,3330
4975,5300
3428,5948
4240,0
640,0
1861,7728
0,2720
8353,2352
4452,5679
0,9208
3826,7741
6213,3738
0,5731
3971,5742
2511,0
8017,3141
0,3604
9294,1449
5766,6142
7849,2003
6661,1633
2901,0
7699,0
2060,0
4986,0
2150,8286
3846,6014
5135,5069
803,8540
5641,5746
4716,6128
5791,3985
2695,6484
4136,6894
2717,7678
4674,5720
4811,0
0,6746
0,1087
1222,8304
0,3516
0,7564
7970,2474
1092,8617
6120,4261
8854,205
6121,5599
7793,1325
8664,604
0,1517
2186,6800
0,4178
6185,4168
4429,4228
6117,4496
0,5134
5813,4043
7669,2037
0,9991
0,3314
0,1759
2145,0
6776,0
8348,2145
5893,0
6958,0
1937,8454
4674,4153
9445,882
2666,0
6622,3452
5535,0
0,6720
7763,1389
5895,5894
4061,6838
5953,0
0,6960
5306,4823
1360,0
0,9189
2021,0
6918,2254
2226,7414
0,9472
9212,0
5538,4516
2798,7681
2297,8536
7220,3218
1791,7865
0,4236
9718,847
0,163
5171,4179
0,669
5179,5759
8147,1839
3312,0
5035,0
0,6868
0,733
0,8561
8406,0
1464,9504
5371,0
0,5311
8400,0
0,4278
9991,1420
2981,7247
7678,2234
3214,5902
8193,635
5858,0
1442,8389
4544,4456
1137,8912
7482,0
6651,0
4823,6104
0,8028
2964,0
0,8364
9720,628
0,5067
4892,4100
5368,0
0,6380
6164,2631
8065,0
0,3645
0,4768
3218,7337
0,7604
5665,5281
5099,0
5473,2700
2584,7999
1728,0
7435,2739
4474,0
8747,2716
0,6466
174,9513
0,8557
0,8117
4782,5729
7775,4493
0,5690
239,9540
7991,2157
1811,0
0,4956
0,5468
2268,7472
8851,1395
3694,7573
5124,4952
6241,2593
2798,6266
0,4015
0,936
3626,7190
8271,1032
6193,2470
1090,9721
4735,0
0,4420
5408,4492
927,8314
0,1530
4084,6267
4080,6115
0,4740
7930,880
735,9327
7518,2368
945,9533
5526,4710
7468,1133
7677,0
3356,6304
6110,2956
7918,1818
6799,3224
6505,0
5697,5501
5820,3126
8907,596
6248,0
9822,434
7146,3475
0,2880
7020,1684
3281,8355
3174,6808
4295,5288
6473,4492
6046,0
6140,5458
7763,0
2453,7345
4502,4534
2283,6941
6724,0
7197,0
0,9291
0,9070
2760,6883
0,2171
2294,7309
8803,1383
2806,0
0,5047
3642,0
7708,2802
9506,46
4083,0
9657,415
0,38
5275,0
2153,6388
0,5573
9576,0
0,9263
3053,6106
5680,5349
4293,4610
6418,3439
2147,8024
4611,0
0,2905
2151,7992
7574,2560
3586,6936
7620,0
6185,3767
1186,9815
1760,7374
5045,4700
2934,6115
965,7663
6070,5350
4283,5042
2130,0
3457,7335
4309,4980
0,4972
5135,5237
799,9285
0,2399
1882,8935
4588,4234
0,2777
4370,0
0,6733
5105,5795
0,3995
7419,1991
893,0
3139,0
2814,7829
4424,4787
21,9043
9470,0
9448,336
0,3537
5356,4375
0,7543
6110,3028
0,9108
7562,0
3147,6306
1767,9212
8803,1132
4355,0
4982,4955
2976,0
6137,4667
0,5472
2982,7386
3197,7059
2358,8304
4968,0
0,6309
5078,6005
8524,1637
6714,2194
6175,4412
0,4020
941,9315
4125,5713
7803,2288
0,4371
5882,5154
4360,5426
1979,9440
0,783
0,5447
0,3941
7579,1982
2124,5928
5388,6356
0,4375
9453,966
3022,6805
1478,8849
0,4345
5127,6117
4530,6086
0,8014
9663,1542
0,9341
2812,7163
6245,3176
1005,9331
0,9481
999,0
7939,0
0,5128
2088,9241
0,1650
5734,0
8440,1161
4390,4407
411,7504
9819,0
4119,5309
3416,7473
5567,5829
0,5531
0,3081
6722,3529
3664,6417
0,2731
9361,677
6265,0
535,8924
5986,0
0,4217
0,7815
4478,0
4216,5716
0,3409
8967,901
3459,0
6923,0
0,6012
2381,0
8236,585
4237,4458
2183,9054
2252,7507
6844,3882
1865,9360
1545,9089
0,1872
3037,8453
9902,334
2936,6238
599,9284
6509,5769
3508,5326
9109,1843
5492,5648
873,9828
9636,84
5947,4768
3912,7237
0,2195
6205,4309
2116,7687
5124,4577
0,4908
7980,1103
7008,3427
1530,6356
7742,3224
0,6994
2667,7873
5249,0
0,3878
0,8850
187,9587
6392,0
0,7490
7212,2929
0,4567
5143,0
5027,6023
2511,7823
0,4185
5042,4356
6293,4366
4364,4681
1716,7507
0,5979
6516,3840
3663,5383
3348,6974
0,9366
2230,7519
7892,0
7579,2385
7179,0
5804,3997
7953,0
6733,0
2246,0
0,5573
8314,835
0,6033
866,8505
1626,0
0,8956
7808,2792
9974,354
3468,7949
2632,8054
3283,7560
1419,7969
0,6495
9364,0
7915,3886
2462,6469
96,9170
0,8716
1659,7666
5516,0
0,5418
7370,3497
3339,7150
3553,6310
6433,3793
0,8871
4083,0
0,6923
3057,7966
4206,6379
2504,8162
0,6715
6198,4710
3334,8847
8001,0
969,9170
4181,0
9972,0
0,3716
2890,7630
1341,0
0,1218
3650,5298
3397,5560
6667,2158
1712,5985
0,1074
5297,4317
7270,0
3509,0
3299,7262
3424,7844
0,7096
1715,9032
6825,1515
6563,3507
8057,1249
0,6666
459,9505
0,2941
4236,0
0,3553
4940,6281
1682,0
0,4553
6791,0
4244,5107
0,8369
0,4286
382,9349
0,2194
5750,5941
1196,8222
1962,0
0,1722
4966,5787
5252,0
0,5366
0,3453
0,7525
2719,0
1636,9382
0,7301
9091,295
1389,0
4240,5041
780,9305
960,8341
3805,7045
7491,2775
2833,7325
5731,3870
0,5120
5672,0
5571,3048
0,8212
0,9812
4346,6701
2494,7742
4568,4675
4793,0
2348,7762
0,8104
2703,8541
8323,180
4662,5198
5443,0
4907,0
3288,7421
0,1055
5071,4444
2941,7342
3964,0
0,1597
2257,6625
1943,7370
5842,0
6019,1984
5734,3981
6608,3957
4821,0
5393,0
6091,4651
6485,4874
2039,0
0,7178
6330,3453
3947,5502
8917,663
0,3590
0,8600
0,4305
4069,0
6482,0
0,1936
5639,5127
3496,6582
4313,5419
7182,3364
3082,6516
2104,0
4814,0
7946,0
3618,5242
8106,0
5236,5601
5959,3744
7059,3334
2890,0
2281,8771
2775,5252
3648,7538
0,7529
7045,0
2866,8148
0,3307
5221,0
0,7393
4510,6006
4128,6961
0,5080
8251,0
5502,4445
0,2574
7726,2082
6523,1554
2742,7128
0,2362
0,1652
5642,5916
8653,0
6460,3235
8282,2889
0,1604
0,8993
7815,2007
2491,0
1361,8349
7530,2630
6163,6394
1390,8749
3493,6678
6887,0
0,3277
404,0
4344,0
634,9892
2689,8572
5139,0
2562,5853
0,3774
8449,3258
337,9193
0,8525
8882,2182
0,4298
6755,2930
8455,0
9812,0
4074,6401
5797,0
8915,0
0,9006
2831,0
7180,2987
57,8588
6655,3908
0,1492
8784,1848
279,0
4932,7002
0,7487
7218,2674
1403,6874
5465,3101
4257,0
6730,0
8010,2586
0,1189
0,8551
6963,3276
3859,5348
1509,8287
7611,1727
8038,0
6576,4028
822,9627
8252,975
7700,662
0,3307
5637,5314
0,3107
0,3899
7867,0
4918,4878
9267,1217
6309,0
4434,6264
0,9240
0,3732
2873,5936
1970,7549
0,2285
7409,1455
4477,6543
3693,0
2298,0
9966,101
2524,0
3689,5587
8444,3109
7246,2309
3781,0
1580,7988
1890,7050
5119,0
0,1346
9863,862
2755,7092
776,8791
7585,0
6924,3439
7575,0
0,4740
535,8124
5987,4037
8601,1834
1601,0
1015,9471
7315,2474
4980,0
8757,0
0,3817
1307,9891
9758,0
4438,3855
0,6440
6437,0
2165,0
1459,8643
99,8969
0,8556
5121,3599
4187,5920
4995,4058
0,3410
0,1010
637,9179
6026,3335
589,0
5718,3686
6569,3194
0,8782
4826,5957
2697,7228
1032,0
3142,7079
6768,4009
0,5508
5995,3499
6120,4056
5282,4524
6310,3536
0,4412
0,5079
0,2690
2361,6362
9303,970
5039,5302
7580,1320
6761,0
4153,5112
0,9712
3440,6389
4506,4013
7685,2229
5600,4470
2653,7586
9736,0
1853,0
0,1222
0,1728
7453,2900
5803,0
81,0
0,8528
0,843
4221,0
3715,5295
1969,8242
7855,2780
7124,1315
0,4909
6438,3138
1177,0
0,5059
5104,5163
1760,8904
7037,3343
3025,6219
6342,2518
8784,1377
5145,4636
8335,824
3521,0
5686,0
1561,6579
0,8428
613,0
7943,1647
4779,5213
7283,1401
8090,1863
2711,6613
7498,1025
7138,4553
0,755
4869,4906
9251,0
5920,0
1557,8849
1881,0
5247,5710
7453,0
0,2717
2917,6889
5909,0
5255,0
0,5779
5643,3818
0,525
5654,4622
2792,6812
2545,8012
4018,7897
0,3559
3081,7366
8121,616
3673,7353
8986,1755
4790,4638
9384,0
9242,2938
7021,2717
6808,4946
3539,0
2961,6304
0,3996
4316,6021
0,5163
1185,8677
0,8754
1663,8528
4310,0
4001,5045
0,2796
0,7171
2643,6653
8355,1796
0,3373
0,4719
3349,6239
7106,4971
0,3858
4197,4891
7199,2331
7388,3577
3750,5713
3965,0
7151,1507
3867,0
8106,1251
6436,0
8236,1724
5480,4099
3478,0
0,5249
7983,2925
4794,0
6297,2517
7742,3977
4365,3952
5894,4358
2667,5904
1064,6836
6371,0
5799,3267
6744,2424
5505,0
7517,3094
0,2727
0,5587
0,6891
5392,5667
3828,5856
1165,9182
2557,5702
0,2941
1220,8739
0,6504
7729,1615
8106,0
7525,1989
4732,6069
6449,3348
3898,6973
3853,0
9150,506
6498,4037
1423,9382
5739,3592
6134,4451
5527,0
8609,1356
0,6217
4728,0
4488,6289
0,7554
9299,0
2792,7971
3815,0
4701,6319
7420,3001
4763,4462
8611,0
3785,6897
1090,9940
5134,4634
2505,9078
0,9239
1758,8925
5215,3708
3456,0
3188,5416
3784,4884
0,5585
4341,6764
4537,0
0,5389
870,8951
0,1832
7382,2559
4432,6644
0,1837
8417,0
925,8109
0,6615
2616,6108
8040,690
3241,0
5642,5726
737,8923
9184,1501
1438,0
349,9815
6577,3117
0,6069
4598,5232
9744,0
3863,6349
0,5858
3708,6209
4004,6070
6616,2584
214,0
4863,5592
3726,0
3245,6549
6075,3191
2129,0
2619,6970
5620,4103
4739,0
7933,0
2974,6730
6205,0
3489,7173
9679,0
0,5134
5073,5710
2227,6775
3010,6400
4790,4356
2285,8165
0,6223
1993,7990
6297,0
0,4546
6145,4952
2726,7018
5916,3952
3456,5956
1632,6414
0,3415
7436,0
6951,2942
8299,0
2432,6623
0,1497
0,711
7174,1787
0,3893
9888,767
0,7636
6498,4113
0,8089
8866,416
8104,0
0,3958
9669,414
4694,5544
3260,8346
6026,4349
3117,6259
5177,5067
5894,2659
3096,7179
5129,5185
814,9209
4967,4795
4110,5693
0,2111
2739,0
0,3177
3972,0
9142,402
1480,8561
5446,0
8907,1025
5707,3507
9178,196
3218,7258
3799,6424
3598,0
1767,8047
4282,0
9923,0
4403,0
2223,6493
2840,7309
7614,2066
0,5112
693,0
7157,0
2368,7727
3551,5631
6139,2069
9365,153
1378,9428
5278,0
8734,0
5663,0
4954,4842
5714,3499
0,455
0,6495
8326,2085
1736,8008
5736,4597
3282,0
4398,6113
5806,2804
4138,5530
6799,3813
7297,2640
6269,4416
5217,3858
0,2160
5380,5283
0,5973
2728,0
0,9474
2390,7460
64,9714
0,2183
2238,8007
3121,0
7752,1834
6264,4232
8050,2222
8967,9
2354,7099
2158,7207
7197,2109
3409,4845
0,5696
1086,0
0,7131
5312,0
8393,2105
8111,2659
7673,1070
6200,0
2594,0
8299,2540
0,275
6385,5279
607,9656
2725,7584
5010,0
8832,0
0,2270
8072,893
7314,2504
7700,1401
5625,5028
8814,0
1661,8947
0,466
5071,5325
5184,5296
0,5937
0,2047
1458,0
6666,0
5944,4545
4132,0
0,5051
0,7020
5818,4052
472,9786
6767,1715
5331,3983
4420,5949
9810,894
0,3420
2894,0
9087,602
1178,0
101,9143
6841,0
3602,6456
6227,0
9696,273
3190,5555
5103,5007
5352,0
0,4533
8085,2042
2788,6323
3950,5645
8087,1665
9336,1282
4319,0
6560,5267
0,5562
3822,4670
9084,0
2977,7091
3952,6274
3917,6155
5475,4548
1433,7191
5154,5801
5515,4859
0,5315
0,7544
3037,6387
4193,0
0,3214
9612,282
3387,6726
2340,8689
7132,4177
0,1153
3191,7607
1774,8648
3315,5906
6664,3964
7039,2619
3203,0
0,1833
4073,6694
0,3407
6105,0
1135,8858
4269,0
7329,2573
5136,0
8234,3671
0,7252
7943,1551
7653,2631
7003,3965
0,2949
5520,6721
7191,2015
0,2143
4302,5082
0,2186
5462,0
4914,0
684,0
0,8082
431,8855
6434,4152
5353,4467
5111,0
6213,0
0,8830
6133,3020
5443,3524
4218,7331
5776,5227
8414,553
4040,4936
7120,4619
5583,4261
8507,2235
5382,0
6120,3719
0,3555
3903,5650
408,9521
3445,7023
0,4115
0,6778
3025,5838
4622,5008
831,9140
7756,0
4153,6297
6482,3259
4826,0
3729,6880
373,0
6564,0
6731,2789
2791,8348
6740,3145
3989,5599
0,6944
0,1751
0,4274
7556,0
3734,6410
9851,779
9721,122
0,4019
2638,7068
3165,0
4474,6654
728,9345
0,4008
5214,4776
5886,5550
2892,0
2732,8086
3654,0
0,6325
6695,0
0,3467
7356,1883
1636,8686
3372,6931
3170,6252
3773,0
0,8379
6981,0
2507,7519
7607,0
4069,0
3961,5192
6321,2372
3257,0
1534,6500
0,2134
7976,2493
3737,6168
0,7504
3316,8094
0,2511
5443,4871
6737,3455
8857,624
0,8822
5042,4669
4985,0
2280,0
967,9672
4593,4941
6,9205
0,6041
3243,6963
4844,0
8797,265
1513,0
1200,0
2466,7181
0,8302
1198,7189
0,3608
2761,7856
0,8175
2683,7032
9845,1320
0,1827
2752,5930
0,6731
7873,1503
1574,6827
3001,6621
1646,7347
6023,0
0,6494
4113,0
0,2251
2596,9132
4525,4406
2583,8460
7996,0
0,6929
1529,7381
5959,4094
6295,4056
4742,0
2433,6948
6135,3933
0,9075
2484,8698
6805,0
7420,2362
1681,7850
7930,4261
8523,131
6105,0
7775,5066
5849,4729
3160,0
6956,2229
0,8059
1371,8268
0,2865
5626,4202
1282,7506
5194,5691
0,6746
2047,8751
9218,0
4084,6184
2075,7888
7079,0
0,2264
8765,688
3037,6676
3736,5335
0,7589
8484,75
3379,0
4892,6034
7043,3158
6293,3052
2244,7000
9266,434
3108,0
0,2414
7106,2666
1958,7166
5411,0
6341,5151
6182,0
0,5829
0,5779
4595,4799
6667,0
2038,0
0,2150
738,9263
7352,0
6663,3526
4658,3598
0,5822
6324,4138
2829,6163
281,9235
9227,0
0,1984
3154,6794
3911,5151
5464,4261
8013,2400
7800,1018
0,713
4103,6087
0,9389
8036,0
4231,5184
9176,1414
5271,5681
5995,0
2530,6305
1470,0
4628,5505
1971,7947
1524,7180
0,5544
9807,0
6469,4321
9353,1226
7894,0
5023,4329
1450,8947
0,9075
2809,7329
5788,3907
7464,2727
0,6151
1208,9577
577,8388
8304,1978
0,2752
8549,1478
6992,0
6871,0
2386,7763
0,8119
4678,0
5357,0
8916,0
0,5693
3388,6940
0,2033
7687,2962
6720,2271
0,2053
7923,0
9608,1467
5165,4698
3789,5865
8646,1165
7488,3154
7610,1738
6313,4773
4144,5850
4464,0
5750,4180
0,6353
6342,0
5115,0
0,3256
6424,3923
4787,5019
6277,2979
8695,230
6066,5659
0,7185
0,8160
3614,7765
5253,0
0,4275
4571,5795
3225,6230
6823,2301
2897,7587
0,5046
0,5563
4311,0
0,3682
0,1478
8717,0
7014,3787
4911,5059
0,18
1168,9262
3136,0
8354,2512
0,4548
5758,0
9618,2632
9001,1323
6695,0
7437,3642
9421,0
4584,4185
0,3546
6815,0
0,3138
2740,0
7196,3619
3954,6671
3562,6149
813,9770
8206,3263
6088,0
6955,1488
3285,0
7556,3826
9781,0
6007,0
0,5936
0,6717
6025,4940
4165,5757
9215,0
135,9809
4365,5417
2802,5905
7994,773
895,8917
1984,8639
2501,0
2516,6524
999,9629
2384,8407
8557,1176
3012,0
6758,3455
6112,5325
0,1191
4965,0
1292,7430
7628,2610
2953,8371
459,8919
1743,7867
2209,6972
0,9740
3263,5888
0,4632
174,9996
6280,2927
2515,0
6398,0
3385,7423
364,0
3633,7449
1717,8035
7782,2533
3169,6833
3578,5949
7066,3331
5130,0
0,1764
0,33
5007,5935
0,6671
4249,0
2935,5742
2510,0
6005,5206
3831,5155
8151,0
5963,3504
1647,7198
6400,2394
0,9500
7199,0
1291,9067
3213,5504
5165,4900
2349,7269
5245,3643
6037,0
3351,6527
0,5761
3728,5681
0,5461
3942,0
3008,5979
4439,5155
8164,1884
5580,4502
698,0
0,7939
0,3247
0,6709
0,2666
6795,3285
502,9602
0,3307
3257,7378
0,4908
3018,6627
3082,5838
9622,769
0,436
3872,6179
7097,4259
3753,4525
0,1478
1621,9256
0,5733
7581,0
4861,0
8994,0
2849,6592
4201,0
1176,0
888,8939
6035,3319
0,5875
2326,0
7092,0
5987,1837
8988,551
2017,8576
5295,4121
1661,0
213,9389
4375,5976
3336,0
3453,5490
0,2362
2610,6661
0,4022
5642,3967
4756,6329
4242,6775
7393,348
2659,6800
4903,5038
3336,6824
0,4415
8849,1797
9742,0
6532,0
1136,9356
1931,7313
0,6060
2838,7031
0,4359
0,2570
5029,4631
0,2333
5331,3509
960,8406
699,0
0,3696
4025,5759
8024,2770
2653,7046
5707,4601
4024,6005
6094,5119
4582,0
0,6133
3756,5699
5047,5904
8676,1245
0,2825
2272,7181
0,6922
3952,6561
9543,762
0,2187
0,6580
4551,4759
7699,2392
1057,9691
0,9026
6740,3615
0,6153
8745,1773
0,4901
6864,0
832,9284
0,7167
7752,2928
4123,3870
5184,5399
191,9466
8990,1546
842,7428
0,7943
4507,5094
3321,6579
980,9798
4009,7613
5634,4706
0,8850
1972,7047
6898,0
0,4155
0,8011
9567,803
762,8810
6288,3504
102,8974
6971,2778
0,7646
0,6527
2240,7561
6079,2931
0,7863
3748,0
491,0
7874,0
2873,0
9142,1567
6879,3566
999,8670
0,5313
0,8161
1940,0
5201,0
4355,0
5751,4243
2926,7384
0,7518
3763,0
0,7588
0,4639
6173,4625
9934,847
6307,3718
566,8172
9518,0
820,0
5920,1866
5448,3533
1956,7540
5176,5345
0,4836
7276,3498
1107,8584
5301,4965
7114,5075
1427,0
8610,1855
8630,2446
5290,3411
1500,7077
7804,1394
5185,4395
6067,4166
3059,7298
8043,0
3083,8914
3646,6776
567,7879
2652,6041
0,9623
0,1141
6184,2846
13,9970
337,8507
608,0
8333,0
0,4510
0,935
7902,0
2873,7793
4604,5430
0,6765
7863,0
0,7742
6418,4239
0,8798
5533,0
0,7258
5485,3750
3092,0
2446,7681
6157,3797
5025,0
1411,8807
8776,1775
305,8005
7754,2252
8233,619
746,0
6101,0
7918,3296
3511,4725
8738,413
4102,5725
0,6565
9476,431
0,7312
0,2542
0,9347
315,0
0,5905
822,0
4022,5160
0,5948
3259,5718
5828,3942
2664,6124
3541,0
7372,0
7054,3695
0,7084
786,0
7746,2043
5948,3876
9045,260
0,2281
1094,0
3011,6232
0,248
1924,8067
4221,4916
7906,1539
0,7508
7177,0
5078,0
2518,7699
8669,132
4920,4053
4652,7031
1072,9138
8503,897
7577,1616
4034,4610
2448,8487
9718,194
8998,762
0,5728
8256,3041
5977,2343
281,0
5946,0
2417,7539
6224,4108
6644,2565
770,9336
400,0
3532,5856
7741,0
0,2986
9520,0
8882,1139
0,2300
2023,7635
5973,3859
3875,0
7370,0
5011,5619
4878,5796
1562,6708
7670,0
0,3602
1320,8582
597,0
5108,3862
4166,0
7562,2930
5016,4670
4741,5705
4514,0
7776,0
2130,8362
7387,2182
5785,3695
6627,4232
8399,0
9617,963
0,4789
7095,2035
8939,944
9946,654
0,4316
0,4843
586,9648
4182,5838
363,0
4015,6300
0,7107
0,2738
3064,0
7539,0
4597,4639
709,9202
0,3622
1896,7723
4665,0
6520,3247
8399,1832
1346,8995
905,8859
0,7494
9065,0
1169,6624
9052,13
0,7368
5822,5101
6487,3610
8403,1954
0,7280
3270,6500
0,7752
8130,0
4172,5921
0,7060
4018,6723
0,4863
6173,2915
4665,6187
9691,791
0,4589
5855,3975
5231,3403
0,7508
7437,2292
0,6202
0,617
9147,0
3688,0
0,3241
7268,2660
2985,7315
6526,4799
5795,3296
0,1124
2544,7407
2679,6504
100,9394
7416,3646
8992,0
3274,7675
3365,5133
0,3779
0,5719
4705,0
0,681
4833,5377
4916,4878
5510,4494
118,9518
664,0
0,3576
9257,2091
0,7090
1277,8808
8334,1692
0,9600
0,3233
5082,6072
8611,1279
5728,4099
4384,4676
0,2881
3874,5276
0,1944
0,3923
5487,4917
3143,7323
8861,2752
9072,1026
7121,0
8562,1218
6442,2798
9495,1092
182,9295
8482,1237
6115,3359
2920,7762
618,0
5534,5740
7363,0
2046,0
253,9546
0,5695
5358,0
0,4462
0,6643
9344,1448
4392,0
3899,6036
345,9434
6724,0
2677,6107
0,9036
1901,7842
3815,6124
632,8820
1380,8482
2626,7592
6768,1500
5364,0
4982,0
4266,6813
0,8349
3936,0
9552,839
2471,9012
0,8836
0,2002
7413,3173
9311,742
6098,4743
9440,1962
0,2794
0,7425
8399,0
3516,7915
0,4485
5050,5596
8627,377
2885,6147
1113,8789
5928,3382
3042,0
2210,0
1743,8607
6329,3633
7763,1719
0,7061
6114,3476
8374,1946
4679,3326
1859,9140
3502,5477
0,4375
0,6880
6944,0
6336,3092
1662,8509
7902,3512
9664,421
2228,6790
0,492
1896,8945
1055,9789
2467,7977
9240,0
0,4110
0,5398
5061,4539
3235,7075
6830,2398
0,4823
2728,7624
3261,0
7472,2932
6239,3839
4894,0
5887,2877
3365,0
4158,0
8852,435
7016,2478
3265,7088
8602,1842
5048,4227
9243,641
1967,0
0,4839
6954,2802
0,7464
3273,6168
0,3739
0,2948
6054,3706
1650,8057
6857,3348
1783,7971
9318,0
2018,7241
4268,6212
9596,567
1818,7724
0,5221
6513,0
7208,1079
5683,4308
0,6437
8602,1508
1663,9203
8039,2613
7503,3590
7948,2944
168,0
4260,0
0,4442
4805,5954
4703,0
8694,1253
0,1553
0,5760
3019,8693
6886,0
6192,3953
0,5553
9563,0
3750,6514
9578,2110
7177,2597
3243,6867
0,5617
2611,7917
0,5526
9916,201
1545,0
0,6868
5470,0
0,2338
0,376
6305,4397
9513,876
3199,8149
7959,0
3466,6708
6256,4776
7442,3844
9474,0
2827,0
0,9240
0,2614
8288,3234
7126,3941
2131,8838
7656,2899
8121,2462
930,7939
3944,5188
0,5216
2780,6801
6997,4888
8980,0
0,9837
6345,3402
0,8171
4148,4842
7192,3503
5695,3021
0,6105
0,2817
0,7774
6727,2047
0,8275
8849,521
8803,842
989,9721
0,8153
6720,4544
3638,0
1002,0
0,3008
283,0
9240,701
0,6792
0,6175
2970,8247
6683,2316
0,5853
9079,933
5993,0
5841,3843
9146,403
0,5656
0,8192
3786,6130
6061,0
4840,0
0,2814
5936,0
1101,0
5658,3842
4179,6233
0,7053
4582,6230
0,6379
0,5266
6985,0
0,2390
1485,9345
4089,2831
5857,1917
7502,2219
9522,704
216,9129
0,4286
0,5724
5828,4638
1873,7136
5941,1843
1657,7251
4215,4574
8115,2611
1768,9152
331,9933
1540,0
0,3792
2817,7179
4610,5885
52,9168
8305,0
7073,3766
4453,5729
6211,0
5448,4036
6641,3860
4610,5327
6608,0
4371,0
3889,6325
1886,7957
6851,4318
7899,3519
8246,1887
3109,6878
0,8404
1833,7647
7013,4543
0,1990
9267,429
7230,2898
3125,7260
1102,8286
3257,5158
9750,1060
4684,0
9775,631
4705,0
0,6619
0,5557
7894,0
0,4130
5914,2607
6253,4393
0,7096
9299,1007
7477,3017
6153,3636
0,2446
0,1131
2607,0
2001,7052
3343,0
6386,3299
1584,6723
6042,3350
0,4877
5741,3617
8479,3495
8695,0
2716,7442
6016,3854
7278,2925
4947,6462
813,0
1800,8476
0,8715
9302,969
3062,0
6518,3387
4122,5290
1514,7400
6652,3614
1798,5860
0,274
5605,4751
5816,5008
2090,8032
0,6143
5303,4951
2478,7092
2894,0
1501,8363
9577,818
6437,3240
5629,2249
3603,5827
0,4214
5669,4301
8372,1775
4802,0
0,4629
0,7279
888,0
0,531
5151,0
5583,3157
4167,7827
3923,0
0,3220
4343,5767
819,9237
0,116
0,4097
7709,0
8332,0
7682,0
0,1757
6213,3645
760,9311
7591,2792
0,6280
9079,784
1866,7621
7567,1157
227,9845
6335,3367
7542,3585
1578,7886
6166,0
0,5790
1282,9250
675,9901
0,4142
2699,6528
0,3697
2455,0
0,5799
4080,5962
2617,0
3904,7166
3394,6891
5938,4015
1187,7675
0,6606
4792,4200
6745,3928
8249,2058
5688,3432
2576,6528
7543,3681
3576,6078
1947,0
3958,6920
8304,0
4217,5992
8642,1532
6251,0
3861,6024
8503,949
3674,5317
6323,0
6469,3460
7324,2797
3520,7342
0,4289
8538,1468
774,0
652,9702
5811,4363
3700,0
0,6710
6495,2318
8971,678
2745,7021
8809,2659
2384,7092
5665,3145
3255,6892
4085,5073
2063,8131
6702,0
1293,0
2276,7118
0,3671
6591,3425
8661,1513
954,9333
7937,2065
0,3662
6391,0
4376,0
6293,4941
0,4749
5796,5236
2996,7314
4440,5947
8542,1845
5144,2832
9028,0
0,8303
8634,833
4771,5476
418,0
0,8442
2984,0
8123,1079
4297,4242
2399,7980
5677,2596
4640,4513
1412,8430
3639,0
2263,7790
6346,3018
4942,0
3705,0
6042,0
0,5742
6720,1236
9263,2045
6744,4224
7265,3521
5616,3615
7124,2426
0,4629
2700,0
532,9126
3894,6383
7826,1704
7142,3930
0,618
1037,9678
8488,1696
8341,2639
0,5360
0,5927
7410,4692
4135,0
5581,5055
9378,0
4814,6023
3727,4960
3797,6641
3075,6189
0,6588
2823,6191
5115,3584
7193,2138
1545,8311
5804,3264
2099,7892
5504,4597
3718,5885
0,5181
2364,0
5196,3932
9950,819
1191,9281
0,8237
