7000 2
3520,0
2275,6768
7315,7603
8347,8069
5762,0
9281,8746
4143,5894
5373,7590
1389,2416
8161,9279
3030,4041
1615,3359
6857,6536
2948,2886
2535,4033
1617,0
0,6080
5599,0
5301,5309
2236,3249
1221,1198
3183,0
5940,0
0,6337
896,945
4411,0
4632,4171
4657,6636
4091,3908
3327,2182
5843,5739
6568,8688
9569,0
6645,7511
3322,0
6205,4109
3931,4994
3912,2896
6739,6804
0,4632
527,1864
4845,3954
3304,1441
7271,5155
4926,0
473,0
4661,3994
7274,7217
4887,4235
7260,6242
759,1038
4274,0
3709,3650
4857,5078
1470,0
0,5396
5076,7016
2806,0
5143,6179
0,3253
5041,0
406,336
0,8042
4613,1653
0,6312
5656,3536
0,7241
8296,5927
0,3437
6605,6864
2671,4495
2126,1403
2006,6671
4750,5011
2261,2172
6571,0
0,6643
8294,4965
3699,2359
4973,0
656,1149
4282,0
1047,4569
4856,3599
7470,6314
3279,0
0,7661
5261,6173
2775,4371
7044,6089
4145,2138
8226,0
0,158
7141,7880
0,5784
0,4365
1154,0
4038,0
3589,3267
1375,0
3342,0
5735,7066
6591,0
9127,7729
9128,8365
9009,9075
4811,0
3575,3843
7066,7196
0,7679
5076,6393
7273,0
3033,2567
5964,3417
4148,0
6729,8744
7977,8153
9406,8679
0,4619
0,3918
5717,6244
3261,0
0,3135
0,2147
0,4152
7460,7328
1354,2332
3965,6925
1684,1170
2495,2598
6816,0
8643,0
4249,4756
3553,4558
7512,7938
5371,7276
0,3668
8856,7327
8012,6863
0,4389
0,5895
0,4114
3289,3540
2962,3581
2601,0
2005,1562
0,3796
6123,7017
0,1548
0,4122
4273,3240
6334,6526
3550,5173
3330,4142
7290,0
4099,2281
0,688
2441,0
2424,2395
4873,4083
0,5660
4905,4562
5292,6440
7026,5000
3877,5066
2537,4144
5427,0
3518,7037
5738,5380
6889,5726
0,6254
6946,7958
6008,6707
7309,6254
1818,1182
5375,4223
1276,8583
0,9574
4341,0
1362,2119
699,739
0,5376
6736,7084
4266,4521
3265,5839
0,6985
5567,4575
993,757
652,0
1995,1283
8482,7718
3710,4507
5848,0
8254,8492
5164,0
2509,4024
8043,7818
5783,3744
9139,8926
3343,3015
4699,3289
0,7111
7090,8186
0,948
0,7369
2277,5301
0,7607
0,4027
7721,6971
2258,3891
3730,4957
6232,5971
2236,2961
4907,0
2640,3330
1812,1657
5585,6416
3425,6110
0,5649
4279,3345
6599,4160
0,5071
7487,7829
6207,6068
4017,4611
7520,7254
4464,2294
4726,6626
4910,2561
3284,0
0,6215
4307,2319
7544,7594
7498,6244
3213,1774
6290,4798
4765,3977
6651,2529
5166,0
1539,2353
0,6694
3955,6091
3506,5608
0,6237
3473,6906
5934,6460
6632,6505
5439,2814
4620,6780
0,7382
4387,5806
5264,6026
5372,0
3611,5526
3439,2206
5835,3878
3411,2443
7412,0
6450,6831
0,4696
4456,0
3309,0
3800,2680
6773,0
4549,4046
3112,2100
6379,5661
3014,3328
0,2598
5668,7309
4211,6624
7866,8770
4821,5373
0,5619
0,6447
2295,2291
0,3070
0,6639
6408,2516
6409,7773
7748,0
367,0
5738,6552
2132,2615
5180,0
2429,3330
6881,6257
8638,8669
3503,3587
6284,5988
7035,3676
4013,7629
0,917
0,1922
6364,6638
1299,1083
8467,8045
0,3954
0,2868
0,7572
3409,5274
0,2140
7294,5427
3473,0
6280,5931
0,4493
2634,3669
4358,6879
2802,0
2870,2730
2394,2175
9692,0
0,8802
1607,0
5657,0
4223,1914
2419,2145
2993,0
8941,7835
0,4268
4888,4287
0,6165
8237,7646
5571,6119
2692,4314
6935,6355
1643,3176
1072,0
3867,7841
3732,3906
4460,0
0,4540
3896,9093
1988,0
5000,7248
0,7148
1658,2252
0,5722
6756,6211
5921,5030
7186,4770
3236,0
6207,3773
0,7746
4073,2443
715,711
5124,5214
6096,7072
0,1362
4273,2208
2488,4911
0,7518
4730,3622
3647,5595
6750,5841
4488,4264
0,4544
0,6039
5503,5648
0,2820
3195,3240
2373,3265
0,3249
9144,9375
8765,8974
7689,0
3648,5426
6472,6385
0,7658
0,5519
4056,0
0,3331
0,3603
1941,0
4014,4397
1235,809
5917,5521
3209,2377
3773,2542
7190,7890
0,4448
8711,8851
1284,1929
5527,6255
5977,0
3331,3391
6190,786
5357,0
5371,5858
3310,4216
2548,0
7647,8228
0,2511
2080,1604
3620,2277
2284,2239
0,2694
0,5753
3019,0
3613,5980
1230,0
8706,8147
6721,7462
3584,7125
7144,4709
2903,7920
4337,4955
3444,6622
0,5081
8574,5684
8648,8206
0,5778
0,5801
1061,598
6621,0
6684,0
7479,7401
0,5782
5280,4556
5074,0
8185,7311
8580,9046
5608,0
4692,3302
2734,5472
6733,7380
5085,5468
3718,0
0,3946
3844,3917
7207,6447
2961,3340
4592,4224
0,7018
4830,6567
0,4317
3072,3926
4210,2850
1334,2795
0,4125
5364,4697
2151,0
6183,6066
4703,3607
0,7749
0,3017
4612,0
5637,4723
5846,6800
9111,8605
2363,0
0,4675
6431,7472
2822,4145
0,6418
7267,0
0,4704
6809,0
3275,2233
5692,0
7001,7561
4358,4233
5054,4814
6615,4879
375,0
3304,5740
5975,0
0,9064
3933,2966
7708,5287
3130,3360
0,2939
0,7075
9511,9385
1411,1240
5015,7031
5230,6015
7682,5170
6096,7102
1977,1364
6217,0
8536,8911
7321,7834
4205,3694
9496,9628
4600,6179
0,917
0,2512
7344,0
5704,7567
0,7377
3759,5362
5364,5305
1335,0
7653,6057
278,0
0,2843
0,3894
8946,8801
2344,4208
1551,3392
0,3789
0,3346
7445,5780
5067,6077
1734,2737
4755,0
0,1919
3639,0
6044,7065
6584,0
4887,7854
3936,5793
7646,2607
8328,8794
1677,2243
4283,4987
0,5512
4215,3732
6079,6301
6139,7736
5155,0
5909,0
5587,5280
4046,4770
8672,8987
985,762
7910,8600
5628,6412
8354,0
0,6614
0,4576
0,9311
5582,0
0,7373
4692,6143
4273,3727
0,4318
7018,7728
3313,6221
0,8045
5678,6444
0,5539
4852,4661
4710,5756
4765,7348
0,2766
9016,9237
0,4020
5531,0
7313,7607
7040,8353
8017,6456
4094,6788
7186,7797
2841,1311
2822,6460
4194,3689
5410,0
8077,8453
0,7821
9261,9476
2081,2530
0,4721
1529,3139
4348,0
0,6976
2635,2154
8916,9577
4387,4295
3192,5462
7895,0
0,5097
2750,2654
4000,8345
6847,7905
0,5464
7701,6664
5681,8325
1276,2567
5273,4228
8340,8079
5170,6780
4453,4154
7635,8305
3414,2261
1308,1372
5298,7313
0,6618
8377,8292
5135,4458
0,7858
7892,0
5156,0
1405,1970
2136,2791
8704,7612
2312,3810
5330,5268
8115,7566
5660,0
0,5572
5797,7297
5420,2763
3448,2619
5770,0
7323,0
4501,0
5208,7272
0,3256
5279,6280
0,5843
7675,5753
0,1518
0,2212
7037,7337
787,0
0,2436
1849,1358
6957,6046
7981,0
0,4400
9042,0
2069,3247
666,0
4170,4731
3863,2065
1848,5191
7718,4537
5224,5171
4885,3499
8827,8987
0,8055
3351,0
4055,6490
5649,5283
0,3633
7182,6499
7677,8161
5398,3061
2679,0
7497,7082
5107,0
1898,1423
6604,4322
8241,7235
4741,0
0,8193
1894,0
2726,0
5570,0
3423,0
1719,0
2357,0
7016,0
574,364
6424,4974
8144,8909
8842,8687
0,6442
6048,5474
0,3014
7701,0
8400,7476
5130,4825
4795,5397
0,3164
7031,5669
5275,4280
0,3099
0,5692
0,2792
9496,9690
8376,8937
4973,0
6514,6077
3927,4127
2245,2583
7485,0
3010,4641
5500,6399
0,3158
4997,3327
6385,6633
8420,0
0,7899
7827,6531
5411,0
5126,5044
1299,1468
2812,2886
3919,4493
0,7621
6734,0
3647,2803
5382,6762
1983,0
9306,8764
1730,1748
1315,2340
4572,6116
2116,0
4437,3756
0,7309
0,6934
0,839
7244,4423
0,2725
0,4386
3214,2492
4567,4762
4951,6087
8077,8102
0,2881
0,6135
7463,7985
3933,0
2852,0
5707,2671
0,5510
0,5583
3109,5793
0,1400
5140,4576
6977,5829
5307,6116
5118,1949
4054,4702
7741,6324
0,2804
6660,0
0,2014
3262,5693
0,3776
4732,4865
5342,5358
0,2568
1240,4273
3864,0
4301,3034
3214,3142
8500,7764
1140,1173
6450,6322
2392,1971
6272,5339
0,7458
3210,1342
5449,8423
4485,5498
0,6249
2401,2106
3178,1690
6192,4565
8777,8121
974,0
5924,4333
745,1349
1484,1278
1404,4550
8565,9317
6158,7678
6205,3112
8600,8444
6569,0
3526,6137
0,6595
6073,4161
0,3203
9509,9472
7957,0
4061,6892
2406,3237
6708,4319
1644,0
0,6912
9163,9454
4738,0
3482,0
9195,9659
0,5917
3975,0
4948,6761
2453,2442
4028,2418
7676,0
146,158
2823,4983
4340,5051
5942,6350
0,2851
6136,7093
4147,0
7627,0
6610,7664
1515,0
3950,0
4301,0
2892,2525
5974,5205
4304,2628
4380,2012
7755,0
4232,3344
6094,7324
0,4040
0,5435
3861,2834
1970,0
6196,9235
0,5840
6785,0
7809,0
6510,6424
5709,4471
6896,3598
7944,0
1846,6363
2032,1827
2191,2459
888,0
5361,5696
2224,3491
0,3008
1009,0
7874,0
5869,5554
2172,4948
5176,6861
2324,608
9738,9480
0,1731
4638,6807
4694,1895
0,814
4020,5427
0,4988
2955,4476
4777,4256
1798,1265
0,5684
7526,6987
5538,6984
0,8117
6743,7504
1057,1858
2291,3111
1118,0
5496,0
3162,1425
0,3078
2955,6538
7851,0
4858,0
2816,1980
5633,0
4983,0
2577,5392
0,8314
4356,7421
3936,2662
0,2247
1993,0
0,4239
2852,0
3932,6311
0,6915
5406,5320
841,0
6096,0
0,2849
4609,5299
0,3346
9498,9306
3834,5792
4905,4375
6708,6523
9435,8566
0,3885
3525,4003
3743,3555
0,3519
1224,957
6948,0
0,1633
0,8154
4457,4144
4690,3438
5231,4162
6318,3959
5165,5368
0,3654
8983,8829
5820,0
6815,4935
6396,0
0,1363
3982,2266
7001,0
0,4825
4669,2524
6785,6674
7100,4367
0,4712
4692,0
0,3746
4461,3573
7907,7288
8623,9467
3711,2861
1500,3404
7938,0
5471,2570
8955,0
4920,5155
0,6286
3954,2033
0,3218
1297,3145
8270,8612
7224,6481
0,3174
0,1915
0,4383
7726,7953
7726,8358
4705,0
0,1050
0,8037
7481,0
0,2513
5622,7058
8218,3852
0,7862
7174,0
0,9610
0,2870
0,4120
7278,7237
0,6890
6760,6125
5302,0
7285,0
4811,0
2896,5770
8539,7893
5604,8015
4839,6832
0,4318
5555,4389
5203,5806
1965,0
4858,3961
5431,3430
8495,0
6474,3223
684,602
4386,4101
4097,4785
4652,4161
5303,4112
2887,5406
4515,5934
7517,7632
0,2837
2963,0
5561,7887
0,9510
3428,5762
8023,4813
3380,6461
0,4438
0,3318
6741,8349
1123,0
0,3477
7633,0
2751,2333
6409,0
5883,4674
4865,6703
3703,0
0,7339
5608,0
6260,6736
8299,8619
6322,6579
6751,7188
3584,4960
1361,2568
1174,664
8223,8373
3688,5281
2548,5134
6495,5740
4793,0
0,6848
0,7558
6163,2281
0,3576
8447,5288
6899,8422
6793,0
4052,0
0,8053
0,8952
0,4903
8969,9167
8490,6809
5406,4988
7389,4219
0,4799
4884,5158
6422,6457
0,4202
4893,4789
3166,1773
8065,0
1736,912
7698,7690
6069,7665
4511,6245
7792,8326
9450,0
7600,7666
4744,5884
3608,3587
4454,5729
5717,7154
1713,1161
2719,2866
2521,0
4975,5728
0,2864
8433,8086
3868,1771
4922,4931
0,7966
6580,5346
7363,6612
7749,0
4489,5084
2180,2536
2315,0
3228,0
1465,1823
2748,1725
8007,6665
5712,5901
5139,3674
4265,4176
1682,2043
2743,4056
5565,2647
2295,0
5949,0
0,6996
5109,6280
4667,6287
3873,2926
4022,0
6434,7257
3134,0
9051,8313
4935,6348
5034,5736
5579,7944
7011,8419
6105,0
7573,7327
0,6517
0,8104
7555,2606
1717,0
0,7346
9293,8278
0,7268
6315,0
1393,2705
3538,4855
0,6342
4832,4637
3518,1363
9026,8530
5687,4847
5806,0
8662,0
0,8405
2957,2393
1480,700
4976,3745
0,980
6579,5973
0,8822
0,5330
3218,7410
3961,6124
3472,2890
6540,6202
4868,0
5555,2871
8086,5051
1109,509
3585,5801
2328,3826
6929,0
6966,4275
0,6400
5552,4125
4960,5800
8788,0
5552,7683
6932,6680
7343,8399
2811,2969
4353,0
5272,4504
5493,0
5901,0
9041,0
8473,6003
0,932
9111,9315
0,4781
5463,4647
5401,2051
2669,3199
4954,0
1909,4552
8878,6209
0,683
2501,5191
0,5603
2617,7519
0,4675
3005,2446
4130,6441
9041,8892
6700,4217
2726,4712
4480,4884
5850,6604
5741,4374
3512,4483
5993,7959
0,3198
6732,7862
3222,7794
4875,3119
6029,6775
8602,7642
6474,0
6769,4783
6560,7947
0,5100
5521,0
4149,6709
7477,5423
7651,5342
3585,6299
3936,2985
4450,5924
7426,7604
7352,0
0,4179
0,2184
8617,0
6749,5113
4595,4591
7380,5854
6196,5317
4019,6424
4953,7201
7535,7067
6130,0
4656,4902
3691,2921
5523,7195
0,6886
0,723
6524,5832
0,2446
0,3495
1456,3647
8262,0
5636,7657
2212,6758
0,6175
0,4487
4956,4452
8252,6160
2872,1536
5785,7292
0,4318
0,3516
6591,0
5350,4040
0,8558
2695,2008
1381,0
0,5497
8106,5178
7409,7160
4280,3470
8810,0
4027,2227
3855,4350
4463,4795
4666,7548
6235,5498
3972,3946
4720,2995
6760,0
3028,2222
3296,3178
0,9170
2588,1583
0,6425
6301,0
4823,3102
3494,4639
1466,1458
4253,4608
0,6692
4884,3638
4518,6459
4967,6903
0,6079
0,8218
0,4488
7616,0
7476,6667
0,4983
0,6067
0,5541
3538,0
6839,5120
4257,0
5351,6546
5861,0
0,7033
2921,3428
0,4086
3706,6782
0,2945
3671,4446
6874,6864
3016,0
4082,0
3936,5561
4691,3824
0,4654
4245,2863
4074,6116
3354,1445
2433,3259
9835,9773
0,3206
2826,1604
6847,0
0,3644
4279,4181
0,1489
8035,0
7597,0
3284,6437
0,5232
0,7274
6069,4311
2450,3466
3528,4973
7344,0
1454,2033
5944,5379
5323,0
0,2783
4806,4320
5184,0
3759,3699
0,3713
807,775
7702,7993
0,5278
9569,9416
7208,8730
4696,0
0,2131
0,1841
3200,4818
2024,2457
4140,6601
3120,7458
7400,0
8829,7441
5719,5770
948,758
6766,6486
0,2776
3881,2336
0,7377
7878,7285
5295,0
2990,3057
7748,0
3788,0
3622,5152
3688,4498
2232,2627
3661,4050
672,228
0,6637
942,0
5448,0
0,6986
7443,5575
8238,0
5327,5105
3331,6170
5923,4588
8627,6878
4993,4958
5254,5217
3396,7272
4978,7036
1858,0
0,3156
2747,3157
5736,4417
1417,0
4470,6741
8467,0
7275,8275
7050,2255
7453,7541
2823,4332
0,3338
5876,7241
7672,7059
8039,5191
6743,3059
0,1762
1180,0
0,7514
0,3191
3887,4965
0,6593
8763,8106
2678,0
8652,6913
7043,8897
0,8474
8962,7738
6872,0
7065,6956
6185,6510
0,6337
8084,0
3578,2604
956,1667
3290,4881
4806,4528
2136,1355
7931,8773
0,3570
4527,2116
3673,6383
6657,6984
0,3626
4900,5699
2745,3324
5276,4087
0,2205
0,4070
7871,6302
4770,2572
3134,6278
5935,5904
0,5608
6245,4261
0,4864
8631,8208
5192,0
6971,4046
4342,4588
1660,3992
0,7936
3153,7027
0,6342
6134,5403
2419,2914
6401,4578
1897,0
6044,3678
7543,7982
4098,5147
6131,7772
4174,4404
6034,5725
4597,5848
0,6189
88,120
3311,3270
1746,0
5648,0
964,0
7281,6138
6623,0
5957,6745
0,5784
6872,7614
9312,8865
6242,0
7476,4846
2271,0
8986,0
8633,6292
0,5701
4240,0
5399,4658
4388,6454
2372,3477
0,6895
6934,7876
0,2415
6414,5430
8925,0
0,2235
7222,0
1660,2052
6246,5624
1854,5128
5991,6931
4773,5185
753,0
8786,0
1906,0
8307,0
0,6961
3657,6620
2740,0
2054,0
0,5959
8250,9161
7111,6272
5995,0
3593,8097
4890,0
0,7939
6306,0
1795,0
0,4995
3880,5126
0,6339
4293,2933
4524,0
1886,3310
4768,0
1394,2771
8573,9038
0,3388
7918,2597
6249,6369
8252,4656
0,2405
5798,0
4055,5418
3964,4051
2087,5601
1104,1046
2409,2710
1442,0
4538,4364
4981,4155
8783,8415
9441,0
3594,0
0,7608
7731,8661
6545,0
8235,8039
3380,1701
4753,5313
0,1266
4109,0
0,7118
0,5275
6687,6910
0,6257
7345,8020
7285,7268
0,2740
4055,0
7514,5804
6671,6551
0,8790
0,5081
6217,7093
5561,3870
0,3954
6659,4919
0,5978
8868,9202
3472,0
6933,4305
4834,2314
2032,1193
5849,2351
0,7816
2700,0
7599,2779
6576,7059
6064,6778
2753,5381
0,7447
6569,3419
6034,5540
4582,0
2659,4336
2639,0
8017,5141
1774,2528
6182,7636
0,3097
3925,0
3015,1673
8554,7691
0,4766
0,4890
5348,0
2947,0
0,3432
5637,0
1901,2325
2193,2546
7468,7748
2846,5163
7898,0
0,4505
3507,4839
7233,0
4280,5846
4110,4836
8070,8910
6171,6648
6237,6075
4696,3101
0,2632
7139,7064
3495,6349
2473,3375
2901,1872
4668,6744
4590,3723
4950,6010
0,4700
7591,7522
1734,1721
3716,0
3561,3710
7169,4659
2029,2889
2184,0
7451,6193
3038,0
0,3703
7824,7444
2746,0
0,2453
3054,2611
7463,6846
7296,7184
8999,0
3060,2262
6944,6219
1461,2798
6822,0
5130,4164
3520,0
7782,8247
1521,1786
0,4368
3934,5615
9100,0
0,5961
5790,5855
2744,5082
5465,0
1735,3515
564,542
1601,0
0,7861
3546,2569
6801,8486
2708,8042
3477,0
2335,0
0,4613
5614,5991
5104,7256
5253,0
3215,6034
7109,6307
4319,2762
9202,8618
6074,9345
3522,0
0,3540
885,1413
5380,4523
7153,2004
1598,3340
1576,3824
3001,0
5606,7762
4296,5994
0,4744
1869,1839
3689,3742
4798,7313
1654,1093
5110,0
5722,0
6968,6470
8168,7376
4823,4549
0,6782
7785,0
7233,3554
5476,3600
4442,0
5533,8759
5209,4064
4132,2527
3192,4333
1563,1188
3165,5825
3667,0
9203,9133
4826,6228
0,4909
4100,6181
5202,4036
0,7535
9217,7164
6839,7594
6437,0
4801,4653
2143,3031
0,7361
0,5916
5567,6634
6599,0
2849,2050
0,2923
3345,0
2930,2735
5062,2476
2000,2669
3255,4501
8152,8939
4631,2974
0,1354
4851,4765
2188,4857
3233,2239
0,7977
0,1504
0,5944
3644,4012
6462,4604
0,1712
0,5734
284,0
4086,7725
5353,5203
9379,9218
6230,4629
7499,0
5064,8427
3578,3060
9537,9563
7447,8365
6146,0
1754,5531
5784,0
8305,0
3714,3618
7137,3569
5904,5626
2369,2075
6422,0
1377,2431
3593,4789
7025,8089
5458,7514
8686,8421
8604,5405
0,4133
4792,2974
2772,0
0,7118
6969,6117
5228,4863
4672,5601
8894,8728
0,2757
0,4745
6086,0
2886,0
6680,0
7910,3713
7225,5585
1483,0
6355,4662
0,2376
0,6260
5208,2090
0,4848
2886,2042
2830,5199
2139,2152
0,7658
5698,5798
6399,4933
0,7295
3001,3032
1272,1723
7328,6058
0,6426
7563,7031
3804,0
0,4180
4026,3580
4737,0
4287,7758
0,5874
6900,4711
5186,5652
4210,4706
2104,1820
6128,4354
8740,9319
4056,6355
9410,9273
2859,0
6780,4288
0,1268
2451,4467
3921,5976
3165,5993
23,19
2496,648
8892,8345
1736,3632
8941,0
1475,1295
7971,8578
0,7081
1434,2833
6339,7376
2508,2092
3899,0
8769,8620
7772,5426
5889,5276
7470,4407
0,3119
3470,3702
5249,4415
1712,1787
6635,6024
8327,5490
0,1985
2144,7278
0,6402
2586,2039
5536,7585
6858,5134
0,6056
0,4524
0,3927
5697,3694
140,170
4826,3726
2819,5181
7073,6172
4692,6771
4803,0
0,5681
9540,9163
4796,4270
7977,9016
2634,2287
6197,0
7050,5449
2841,0
5314,0
6111,7331
8374,0
7583,7675
4390,0
4865,5153
2319,1512
0,5839
5282,4987
4368,0
8646,8019
6378,1597
9866,9909
3101,0
1286,1065
0,3993
5464,5162
7741,7916
5589,0
5291,4057
9219,0
0,5408
3628,3982
4222,0
8728,8529
4119,4050
4330,1296
8944,8115
4614,3700
4399,2729
0,5734
2258,2443
4542,6496
1333,0
8824,7883
4879,6108
5751,3665
4199,4102
7374,7927
3963,3408
0,5750
6919,6370
7313,4230
7722,6876
2953,2924
1876,0
3002,4999
5405,5375
7631,6080
0,4457
5459,3726
2975,3546
1873,610
3063,6391
4813,4652
6788,6879
4413,0
7152,6653
6385,6203
3747,5138
0,6238
0,5779
9752,0
646,484
3542,8459
6942,6800
7075,7453
3041,4458
0,3594
7834,7009
0,8649
6125,8162
4459,6219
0,6080
0,4818
7901,0
5100,0
1508,1300
6763,5044
7791,8015
0,5019
0,7582
316,0
884,1579
3073,5423
1447,470
9496,9249
7776,6349
0,1836
2946,0
5780,0
2929,2112
6100,6938
0,7621
2976,4947
7733,7114
4253,1591
2951,3692
5646,6225
2189,0
7957,3354
0,7208
0,2677
8286,6001
5164,2604
3390,2073
0,591
0,6896
7169,6122
2082,0
5303,7003
802,2344
3856,4228
3311,2280
0,6834
8346,6008
0,5409
3952,4364
1724,4553
0,5715
2929,0
0,1109
3407,7948
0,8944
4726,6513
0,4374
8526,8590
5516,0
5952,6563
4624,5957
9110,9101
5986,6135
1269,1820
5681,7354
0,4189
7497,7190
4733,0
2733,3298
8149,7766
4968,5617
3205,3178
9312,8318
5405,4746
6360,5714
4972,4306
4819,3043
0,3758
785,956
8264,8384
7099,7459
138,128
6667,0
0,7515
5331,4549
7491,0
5045,6701
7922,8290
931,1522
4407,6098
1449,0
8165,5450
4230,5231
5601,4172
1625,3169
2479,0
5678,6733
0,4224
0,5674
2255,1347
0,2187
6487,3553
0,5341
2683,2399
0,5640
0,2596
1903,0
7729,3527
8864,0
6965,7569
1437,2081
6253,4061
8570,8855
3423,0
4343,5849
7625,5338
0,1875
0,2564
7156,2487
8534,8006
7686,0
3274,3721
8801,8346
0,6804
0,5379
4647,5513
0,5833
8715,5941
0,3331
0,736
7724,0
8104,6203
7652,7257
2875,5298
5133,6430
0,9372
7453,8788
0,6267
3392,5070
4727,5880
3403,5061
1997,2325
7248,0
3011,7446
4072,3171
1051,0
5101,0
0,4073
1795,2146
3332,4839
7915,8664
7654,6236
0,3289
4572,5619
4482,2236
5955,6133
8545,0
7519,8475
6646,0
5052,0
5619,0
6973,0
0,4426
4910,4592
0,2616
7190,7161
5490,5187
2033,2519
4263,0
4460,0
0,5418
0,5543
7211,8670
4133,5576
7180,4478
8253,0
0,4277
5341,6093
5532,4056
6944,7269
5847,8352
8384,4737
2051,2202
7301,6750
8110,0
0,2715
6332,0
1747,1283
5794,3918
0,2246
5714,0
8102,7680
6815,3920
2769,6092
6625,3176
462,0
8965,8284
4213,6797
2484,1664
0,6278
0,4242
2620,3607
8416,7332
6643,2445
6596,0
6881,7089
4170,4584
7369,4264
3914,0
5259,4666
0,6631
6742,7484
5428,5455
2271,4679
3712,6386
8728,8745
1609,2041
7081,0
0,1744
3004,3905
4794,5845
2021,3433
1281,2388
4756,0
2156,1614
944,579
8308,8865
7437,6670
8653,0
6281,4675
8542,7386
0,5665
0,4443
5355,2222
0,6331
5756,7344
0,5296
2352,3890
6959,1641
2229,4775
4610,3036
3867,5509
0,1941
6421,6473
5023,5166
5816,6179
3668,5173
4221,3008
2475,5464
3949,4886
0,3943
3820,3299
4164,4483
2691,2867
0,6178
1823,0
4704,6015
5142,2549
8240,7337
5289,0
0,7440
0,6494
7569,8376
7323,7845
0,6978
5000,5485
5503,7094
8731,0
0,9759
4495,3391
0,3781
0,6559
3042,1545
0,629
5723,7049
3217,5771
9706,0
2506,3325
0,8489
0,7807
5691,4461
0,3890
4783,6654
5066,7206
0,4474
0,1765
2905,7039
0,3560
3454,4267
4765,0
6294,3441
3147,0
0,3800
4104,0
6500,5953
0,5452
5058,7515
2872,0
6400,3543
1662,1856
4041,6595
0,6355
7548,0
4791,6683
4830,0
2647,3398
1615,647
6330,0
6054,4426
7868,0
7495,7954
0,6793
5613,5399
4148,0
5076,0
8751,8370
0,1375
4586,0
7607,0
1771,7227
882,748
2415,1825
4363,5198
8786,7360
5788,6288
0,3156
594,0
3124,0
2982,0
6234,7831
3675,0
0,7519
4146,5614
2566,7068
6465,6938
4485,6362
1824,0
1946,0
0,5203
8434,8353
0,6079
5296,6249
3081,6049
4470,0
8557,8589
1181,0
2341,6486
0,1955
5801,3085
5717,2759
3146,3799
1481,0
3266,6481
2354,2088
0,4503
2495,2812
4553,6447
6870,3739
8283,8597
0,4414
0,1926
3804,3304
7161,7574
6592,0
9046,7583
0,8283
3660,3819
6051,7261
4396,5679
518,1148
0,3635
674,0
7801,0
4552,0
4107,0
6788,4226
4354,4751
5714,0
3568,4956
7555,0
1549,1360
3648,3467
0,7948
2659,5253
2064,1688
6997,4477
8699,7946
0,6853
4280,3386
1375,2403
0,1636
7317,0
3700,0
0,7259
4306,4171
2095,0
0,4647
0,7452
7033,7760
6129,5198
8130,4414
5766,0
0,6355
4256,3530
4963,0
0,4779
5456,3239
2940,0
0,9109
0,3474
0,1062
6233,0
6702,7451
4454,0
0,5496
3507,3115
0,2054
4254,4097
0,7167
7791,0
3928,5442
4714,3112
4303,3595
7558,0
5926,7579
342,343
0,1487
4603,0
4254,5485
0,1728
1763,2573
4020,0
0,8258
0,4798
0,6600
6162,7395
4931,0
2582,1148
6035,8333
0,2039
8288,2825
7227,4570
3758,5966
4505,2781
7765,7926
5533,7041
4400,1519
7523,4576
1593,2107
2813,6798
4237,4116
7817,7271
5359,0
5918,8230
7761,7496
1605,1005
0,6376
0,3105
4210,2658
4385,0
6757,6641
2124,2000
0,9056
5347,6802
0,5712
7883,0
1582,7081
8034,6784
0,9631
6590,0
0,4392
6173,5852
0,1275
5706,4753
3883,0
7153,7944
3244,0
4451,5281
0,4012
8852,8998
7002,7108
5817,5546
7302,6348
7700,3537
2984,7382
8574,8413
5442,7026
5249,3427
3674,1564
2478,6196
7326,0
0,5948
6549,0
3510,0
7638,7250
2785,3986
0,5955
8493,8481
3153,0
6125,3421
3372,4571
1552,1908
2660,0
7077,2164
3470,0
0,6657
3088,4262
1471,0
0,2863
4937,3539
4210,4436
2922,3660
3918,5546
0,4727
4206,4179
0,5322
4350,6329
0,5532
0,3121
6124,5026
0,3623
0,7498
8589,8587
0,4879
3145,2386
6122,4200
0,1519
7164,5389
0,4191
6910,7900
0,4275
7817,0
4339,0
0,5515
7162,5128
5888,3303
0,7401
4310,4044
2525,0
6040,3674
7982,6651
5184,3561
5071,4867
8291,6639
0,3974
0,9577
844,1110
2051,3574
5580,3336
6611,7536
9006,9129
9588,0
4636,3749
4739,3156
6239,0
1285,1165
6108,4873
0,4452
4963,0
1264,0
6620,3291
2436,3897
6357,6359
7957,0
1800,1758
4371,5045
3073,3771
0,5180
0,4323
4857,0
0,8107
3227,3122
0,2673
0,3126
4242,2113
6211,7597
8714,8761
0,2683
0,8513
0,3668
5728,5452
5675,4656
0,7679
5585,0
2936,6303
7950,3105
7957,6514
2479,3050
7408,7938
5590,8386
7725,7220
0,3226
5192,1696
2182,0
0,5381
7778,0
4354,6190
5680,0
3902,6298
3676,5898
8089,5367
4751,4393
0,4487
1277,0
0,8040
5258,5192
5968,3795
5274,7333
5293,4653
7593,7814
859,1574
6574,4194
4385,4684
6058,3321
5051,0
3756,5640
0,3485
1488,1295
0,5610
5265,3101
1405,3277
7797,7061
625,540
7566,7755
0,5640
4845,0
5398,3365
3397,3521
3751,5569
3780,7485
8164,6067
4912,5513
0,3069
6336,6943
8147,7579
4116,0
3113,0
8484,0
0,8889
8259,7314
7958,0
6001,6246
2756,4409
0,7200
6749,8690
4193,6251
8143,8764
0,6621
3193,0
2808,6279
3864,4670
4983,0
0,6152
4847,3480
8374,0
3886,0
5877,3726
254,0
4577,0
7022,5729
5155,5074
0,8806
4518,5882
3186,2316
5536,5859
4772,3028
8917,0
3204,4237
5597,0
2778,6819
0,5929
0,7100
5420,6154
802,0
3173,0
3787,2791
3911,5694
6444,0
4851,3507
5213,3726
6567,6455
2902,2100
0,655
1554,0
0,2635
5052,0
0,121
0,7819
3623,0
2102,0
3936,0
9083,9030
6579,6372
0,3931
5322,4069
4468,7535
6984,6549
0,7479
4085,0
1346,784
0,3770
155,273
2997,3196
8651,8062
8676,7463
3266,3181
4307,6416
9023,6973
5510,5047
6896,6066
3806,3507
0,7336
0,5785
5148,5440
7991,7776
7326,6755
450,1595
1912,3967
0,6087
3031,2702
7207,7706
5109,4412
8079,8546
4396,0
5846,4982
4067,5827
3202,6198
5687,6973
906,0
9078,9066
4519,3560
0,5934
3787,2562
8497,0
2435,6212
2777,2225
1805,1420
8655,3721
0,7668
2657,2170
6558,6895
0,4847
3400,6998
7165,5211
0,8452
2016,2248
5865,6986
8633,9361
8322,8567
2176,3164
6145,6017
1907,0
0,1721
5716,3487
9473,9670
4926,0
0,1706
0,2964
3782,0
5102,0
0,3778
1903,4362
1860,0
3903,2362
0,7412
5806,6716
1567,0
0,6490
4086,3240
6744,7592
6649,0
4553,2922
5901,6083
6621,0
4908,6810
1225,1914
0,6792
2672,3042
5917,3155
6751,5754
4153,3388
4994,4154
2313,2302
3270,4866
0,6249
0,3873
0,672
281,328
5043,5957
0,8886
633,822
5148,0
0,6211
3420,3197
5669,0
7761,0
4825,3752
6930,6698
2250,2937
1329,1329
7451,8948
2545,6308
5583,5953
6345,2838
3913,1293
3031,983
0,8664
0,4000
6547,6421
5963,7679
2443,0
2538,5789
7289,3280
5426,8433
3442,6921
4324,5093
9152,8886
6243,5133
5903,4677
7450,4703
0,7934
2860,3826
5678,3085
5361,5501
0,8270
6130,3249
4923,0
5257,6260
9284,9419
6485,0
3101,1551
5414,0
5333,3896
5397,5494
5684,4841
2339,0
5918,0
2486,0
1747,1015
0,4889
0,7207
1778,2626
2687,4462
0,4838
5251,0
2079,2623
6626,0
3061,3306
4989,2496
1002,2745
2673,3511
4349,5257
3368,6490
0,7789
4220,6213
6774,8665
6201,5972
7852,0
705,935
8799,8099
2802,3430
9162,9350
9214,8193
4752,0
2924,6489
5930,4970
6541,7379
3651,0
2874,3090
5490,4637
0,6163
2420,3391
2438,5095
4421,4809
662,393
4685,0
3533,6548
2865,4871
0,2047
4457,0
5400,0
7273,0
7472,0
7647,8015
4444,6936
0,5192
6420,0
1994,5447
7380,6694
0,8019
4223,5051
0,1141
0,7245
0,5977
3032,2688
5693,4369
1838,3192
4615,0
2164,2306
5772,4107
0,1365
7276,0
6140,4629
7539,8272
1653,6529
2059,1849
8738,8292
8409,7613
1540,0
0,5299
0,5044
5964,7453
8280,6965
0,4288
7763,0
4888,2606
8221,6481
0,2052
3198,2796
2657,1625
0,8311
2474,2072
6020,7081
7966,0
0,8668
7371,7359
3838,3657
2400,0
3739,0
3756,0
2059,3409
5272,0
6863,2259
8451,0
3596,0
7432,7816
4970,6187
3364,6144
5649,0
5685,5313
6972,0
7146,8029
5930,4072
0,2180
0,6041
1578,1431
7474,5610
1957,1480
0,6835
6731,4727
4634,0
0,3075
4615,4163
8559,9103
0,7612
3255,3770
5618,0
5301,5983
4170,0
7884,9086
0,5128
0,3699
0,2448
1438,2882
5265,2035
6475,7111
4746,4420
1958,4615
3266,2883
4158,5975
5877,2846
6151,4987
7479,0
3998,2600
5900,0
0,7414
6012,0
7546,0
4047,0
1495,2093
0,5187
0,5850
6822,7728
7673,6332
4597,5690
5176,3677
7371,0
7390,6359
0,4538
901,1138
3375,3182
6323,6480
3069,5412
0,3402
7557,5987
3782,0
5949,0
7563,0
0,3935
3371,0
8732,6790
2494,2402
0,3456
4114,4108
1480,3583
5228,0
4545,1918
0,3861
1470,4269
6692,6955
3193,3344
3376,2988
3337,7376
4999,3779
7514,0
6323,8726
559,680
6384,6135
0,6069
0,1385
1865,1886
7873,0
4516,5449
2010,2788
9331,0
2376,3359
1510,2422
4139,4321
5994,5735
7099,2537
5831,5706
1462,1808
6826,5724
4677,5867
1230,1007
4226,7419
9782,9809
5238,5422
4100,5937
4744,0
7713,0
5823,4747
0,4589
4791,0
0,5363
2138,2334
2425,5022
0,3697
0,1913
0,8948
3436,4426
7558,8875
3861,4848
6229,7155
0,3797
0,8654
0,2776
6921,0
4714,2944
4955,5766
5884,0
6773,4220
0,6230
0,3130
0,5167
0,4295
0,3827
9459,9460
0,8165
2146,4312
5376,4307
5019,0
2840,1885
2602,0
5046,6329
0,6869
0,1495
7636,1243
3852,0
5963,6238
8803,9459
5138,0
3141,0
4781,4094
1552,0
3751,0
3559,4364
8144,8063
4979,0
6842,5880
0,1511
9427,8853
4204,0
8627,9084
1329,2184
5259,5287
6151,5932
5949,3658
6702,4395
0,3270
5115,5101
0,6772
4767,4704
5358,2730
1629,0
6032,4336
8867,8278
7259,7275
4066,1898
6918,6703
2808,1582
0,3372
4194,3856
3544,0
4071,0
7466,2694
1398,0
3602,5272
6540,4857
0,6576
3002,3680
8107,6417
2448,0
5462,3840
8086,0
6778,6047
1801,2045
5537,6567
5363,8391
2868,3026
4423,3558
1701,0
0,2543
0,585
9336,0
7078,3421
4425,5230
0,4146
918,516
7584,0
8069,6790
5527,5441
2748,2116
5171,4915
6589,6442
8093,7653
5354,5962
0,6952
4117,0
5359,2910
8680,0
0,2218
5781,0
2304,2729
8596,8147
0,3779
3998,0
6143,0
3375,5028
7395,0
3691,0
7434,7847
0,7871
8071,0
7392,7216
5235,0
3222,4542
5677,0
5092,5073
2812,2597
3539,5338
0,7027
0,4955
7807,5526
0,5802
4129,0
4975,8372
3749,0
1206,0
0,3830
1699,2688
0,9731
3386,0
1504,2445
4643,4281
5518,5365
0,7771
0,6335
2588,3898
4441,3143
6079,6041
1816,2607
7578,5426
5909,7603
2853,7656
0,2563
0,9325
3765,5479
4415,3826
2439,1428
0,2428
7854,7306
7430,0
0,7415
0,3180
6551,0
3364,4723
5477,0
2867,5669
0,5596
5358,5268
506,528
5315,2771
5748,0
0,2245
4956,5127
8470,7998
0,2661
0,6941
5284,4532
3130,0
4012,2649
7852,8622
3903,0
5249,2828
3498,0
3718,5765
4904,0
5306,0
9059,0
7577,6752
0,4286
9780,9712
8314,5340
6852,5253
3853,6587
4882,0
5852,0
3094,0
6699,0
9134,9263
8185,8332
6739,0
5180,6048
725,636
6894,5332
1578,1122
4968,2515
6123,0
7232,0
3766,3630
3067,2743
0,2114
6572,7500
4773,5246
343,604
7067,7129
2565,3858
0,7952
0,3765
4236,2880
2853,0
0,4385
0,6385
0,6312
0,2013
3654,3351
2363,2173
5692,6417
5044,0
6568,0
9582,9638
6821,6500
9108,8160
8045,8037
8396,4643
0,542
3859,2513
311,404
4400,3374
0,3702
6724,0
8592,5153
5072,6392
8257,8771
5641,6933
1878,2815
1530,2530
0,6053
0,5638
4183,3602
842,1199
528,0
1290,1464
2864,4277
3748,0
4043,4983
6063,6717
6998,4906
4680,5373
1789,1555
0,3912
8018,6730
6233,0
7383,2913
0,8387
1701,778
4729,2217
6037,4995
3828,3556
8833,8838
0,1839
3679,0
0,5559
5912,0
7199,0
1779,824
1466,1752
3558,2871
0,5706
0,3554
7711,7789
7194,7175
7105,0
3438,0
413,0
2214,1532
0,5015
6541,3434
4963,7442
5102,3291
0,2673
0,474
0,6237
3062,1361
9026,9006
0,3488
0,4148
0,5776
0,6661
0,7957
6491,0
0,4711
0,5956
5195,0
1087,0
2744,2481
0,5014
1621,2781
0,1586
2086,0
3757,0
491,862
889,0
0,1425
8188,0
7054,7797
4016,2898
0,4135
5428,5693
4298,2248
3391,4111
2047,0
8035,0
5770,6692
7813,7644
6991,0
0,9712
5006,2977
6432,5450
6905,7159
6891,6018
0,2698
8690,8648
3573,5525
1107,1617
0,9233
4822,5237
4395,4111
7043,3624
0,7889
6345,0
0,8359
9319,9367
4548,4411
2022,4497
3627,3749
0,2587
5967,4815
1491,2385
6952,2497
6098,3181
1807,1459
7502,8358
3619,3054
3999,3379
6291,8339
2929,4166
5587,5208
5192,4832
5609,7177
0,4742
0,2446
3170,4100
5568,7845
5626,6252
7032,7083
8592,6504
4992,0
4330,0
4511,4537
2428,3972
2127,0
4822,0
4273,3879
0,1324
0,7474
6368,7621
2968,1390
4291,6949
1652,679
6460,0
9227,8874
6692,0
0,7683
2537,6086
2806,0
4685,0
8954,0
0,4106
2399,1072
4466,3400
0,5072
6288,5889
5898,0
0,2533
8022,8532
6246,5535
6452,3453
8825,0
0,8951
5845,4998
1741,0
3575,4375
0,7320
5640,6922
2500,5957
0,7292
7761,8268
8497,0
8106,8583
4841,4742
1548,4397
5463,7279
7104,6020
2387,1879
2962,2200
1704,0
0,8692
6051,4534
2884,0
2067,0
5837,0
5079,6488
1963,1406
0,4609
2242,2781
1859,3220
8988,7928
3246,3667
3630,7009
0,5033
2991,0
7054,5486
8408,7998
5222,5958
1674,1871
6122,0
2175,989
5977,5926
0,8834
0,7775
0,2531
0,9167
4319,3718
0,5157
2357,0
6795,3473
6358,7634
4195,3870
1579,2608
7650,7580
0,8150
5684,7309
866,0
3255,5370
4412,2836
0,2039
2464,2410
9588,0
0,2131
3530,3333
8929,8444
8946,0
6273,4031
0,2711
2950,3913
4351,8173
0,4381
0,1526
7448,4392
0,3402
0,955
6296,5409
5210,6121
0,6241
0,5398
0,2517
4336,3597
7659,9158
4960,5284
0,6090
5692,0
8698,7042
0,3136
7676,2881
3435,7687
7269,0
6096,7058
0,2653
5492,5572
1802,6447
2057,4005
8615,8071
3224,5779
0,6336
7605,0
2123,2338
0,5083
4975,4011
4268,2104
1190,1353
5167,0
2803,3145
0,3114
0,7922
4493,5093
6053,3477
5101,7544
7626,7794
5779,0
0,2739
7001,4951
6232,6918
6179,0
5950,6662
0,2750
826,1098
0,4832
7126,0
0,8161
2459,2275
7290,0
7665,6536
6590,0
9098,9289
3103,3058
8065,8597
4655,5965
2278,6632
4678,4445
5799,6716
0,7205
0,989
4283,5885
3009,7054
0,2805
5308,8296
8338,5188
0,4375
2279,1788
1965,3522
0,3110
0,9041
6418,6721
7232,6506
0,3444
5552,0
1713,3514
8527,0
4987,0
0,9358
0,4292
1568,0
4968,5961
1437,1255
0,2755
4621,5947
9812,9813
7171,0
3176,6153
4708,0
6003,7907
665,0
0,5643
6424,0
4857,0
0,7852
4307,4159
1455,2338
0,3633
7548,0
6359,5239
2745,4080
5319,6033
3241,2232
8040,8226
3856,4545
0,2750
7537,7811
7041,8101
4248,0
0,4343
0,2531
7030,0
1934,2206
6912,3702
3327,0
2745,2252
2166,1237
0,7631
0,8722
0,5050
2345,5206
3085,7433
2009,0
0,7595
8690,8993
0,3905
4480,4238
0,8404
5491,5503
467,316
0,6604
1165,1064
4617,5096
6176,4386
5401,0
7399,8869
0,5367
0,8233
0,8523
0,9143
8230,7737
6452,0
6650,7300
1554,953
6763,3682
0,2254
0,7647
4056,2182
3305,1484
2802,0
3634,2526
4160,0
7078,4110
4666,2776
0,3435
6118,7324
1703,0
0,1783
3162,2466
4440,4440
4599,3608
3309,4560
6341,0
2858,7502
3701,0
3136,4020
3169,1023
4238,2450
2611,4004
6946,8293
7853,0
4965,0
2304,2599
8348,0
5411,4183
5650,6809
8248,7437
4664,0
8184,8767
3469,6141
8853,8257
6710,3198
8264,0
6028,0
4312,0
0,4868
4395,4305
0,3285
7769,8741
5084,0
5178,3935
6462,5820
6683,0
1726,2672
8053,1539
3823,4995
0,2750
7580,0
0,4232
4035,3968
0,5532
6376,7990
0,1837
2227,0
4754,0
6845,6427
4643,6080
0,3316
0,7505
0,3227
2717,6695
0,7671
7042,8032
8535,8154
1281,0
7466,6041
3406,0
5684,0
4432,3195
6872,8367
3580,5685
4752,3255
5023,0
2899,5048
3268,2735
3966,3724
5161,6749
0,4548
1945,2053
0,5835
1369,0
4621,6490
0,7866
2418,3423
5811,7599
4124,4466
8355,3695
0,8484
1753,3704
0,6290
4501,4948
4290,0
7044,5561
0,4253
5649,7260
0,2068
8276,9039
0,8166
4392,0
1553,1306
7266,3919
1713,5182
2806,2731
4862,7200
7755,0
5048,5480
6837,0
5104,5029
0,5973
8292,0
9386,9528
4129,0
3012,4891
8792,8264
1813,1311
4922,3936
6813,7853
6269,4234
7721,6184
0,4935
3263,2138
8324,8864
176,184
0,7410
0,3918
0,4398
6989,6312
0,6429
4734,4774
2208,1216
0,5208
0,6176
0,6205
8736,6627
0,7189
3563,0
2845,1931
2836,7240
0,8095
4509,6623
6324,5705
0,1707
3792,3677
0,1841
8247,7625
2831,2555
0,5869
3381,2339
0,7712
710,1064
7524,7061
5889,0
5543,0
4156,0
4748,7741
6219,0
0,5730
1933,1650
2144,0
0,3838
7343,0
2602,0
6316,5508
0,8129
4322,6673
2649,0
7501,0
8205,7566
4602,5674
2096,6026
2738,0
2635,1542
0,1805
922,0
3319,6281
5072,5491
4823,5959
8899,8993
0,7003
5778,0
2955,3689
0,5599
4429,3914
2841,3957
7707,7442
5471,5057
5895,0
4358,1826
3904,5004
0,6758
2211,4458
9287,9294
7273,6794
4800,1935
5130,4640
1964,811
1656,2542
5846,0
7221,8192
1774,2119
7417,7857
2027,2071
0,3388
0,5678
0,4826
3843,4827
2510,0
6573,8096
0,8572
8019,7381
3471,0
3129,6995
0,3539
7041,7680
7205,0
5337,6538
6510,5658
0,6153
1269,2347
5724,5922
4404,6529
8458,8154
5928,0
2923,4969
0,4907
2620,2023
2958,0
1676,1485
365,305
0,1440
4011,3861
7592,6652
3259,0
5500,7798
4827,3387
0,1053
8278,7171
4942,1793
0,1431
0,7453
0,5068
0,2235
0,5686
7046,6778
5102,4333
0,6741
5126,7170
2703,0
3562,0
3430,6129
2282,0
4599,0
8404,8401
5060,4671
3018,1630
3009,6038
7154,0
0,4093
3113,5026
3661,0
2260,0
9345,7998
0,6377
6836,5657
6705,7808
4504,5554
7694,7551
5883,7775
5355,0
0,6288
5948,6448
0,3733
375,0
0,4731
0,3574
0,4708
0,5006
0,838
1783,0
0,5723
6245,0
7890,4957
748,696
2286,3250
2924,4008
0,2972
7635,6021
0,4489
8333,7855
7696,6105
1565,1980
3797,3173
0,2216
5041,3632
5408,6154
3769,5544
0,8682
0,6781
8563,7777
3718,6797
5807,0
2981,3676
2194,0
0,7333
2565,3406
7904,7911
1242,5458
2259,1682
4103,2397
8512,0
2680,2576
1455,863
3712,5744
7169,6285
3254,1771
5953,7498
6935,3604
0,7258
3024,4283
7570,6543
3825,4087
6227,6804
1859,3789
5016,0
4764,5727
3755,2305
8093,0
5889,0
1523,1148
0,6163
3490,0
4291,4803
6874,7139
9559,0
5060,4713
1463,2464
5903,3814
3116,5166
5091,1881
0,5335
3868,0
6693,7545
6828,0
6486,5647
530,0
6759,5847
3682,0
6085,0
3196,6118
0,5709
1992,4538
4178,4554
5253,5461
6966,5554
2600,9559
0,8361
602,0
5198,7017
8599,0
3644,3552
4989,6696
1699,1532
9097,8996
0,6971
2792,3515
0,4416
7090,0
3792,5286
4571,0
8383,0
2002,1601
0,2777
5638,5482
8375,8107
6637,5304
0,1388
3364,5270
4240,0
2230,6858
7387,0
3349,3974
3214,0
2828,3056
3577,5820
5801,3929
3587,4152
7574,4424
0,3744
2285,0
0,2191
5403,6811
4279,0
8167,0
7060,7683
7902,7310
2792,0
8637,7276
2746,4309
5542,5539
0,7452
4816,4498
7669,1885
3331,0
4296,0
3539,2240
0,6111
0,7812
0,3780
9069,8810
6478,7376
5027,7333
3981,6373
0,6695
0,932
0,2629
6401,8243
8614,8027
7447,6181
3758,1444
6969,5566
1457,0
6468,3732
0,8805
5064,3048
1346,3536
2861,5138
5052,2373
2958,0
3686,4215
2737,2920
0,4246
9221,9025
2296,0
0,7002
4302,2619
4544,4729
5409,3853
7158,8971
0,8759
3869,5465
1413,1416
9315,9062
4539,4425
2236,0
4853,5376
2958,4500
8945,7882
0,5890
0,6092
0,3569
4600,2536
3191,3659
4262,0
7409,6163
5792,5618
7346,6122
7319,6970
3139,2633
5939,0
6670,0
5065,4759
3467,0
1042,0
0,4657
4380,5561
6484,4624
4280,0
8536,7221
0,3100
0,2047
4488,5101
5447,5794
0,6576
8433,7631
3343,0
4891,6228
5638,3813
527,525
4506,1770
4201,6757
7196,4240
4981,5242
4357,5310
7782,8335
1399,1566
5322,4417
0,4958
0,4368
9387,8507
4596,0
1892,1873
3800,3551
8299,8375
3593,0
5358,2026
0,7688
2990,0
8195,0
2237,8082
2705,4553
3443,3368
5881,6205
0,4184
4469,0
5265,0
2091,2014
8542,8641
3792,4959
8239,5912
0,2094
2722,3654
2381,4972
0,6646
0,7979
4880,3127
6512,5447
8369,8690
0,6273
0,1777
8279,4580
8306,8552
0,3767
3944,2891
2485,3813
8684,8933
3900,0
8423,0
2586,1836
2091,1036
3551,3776
2684,1599
6997,6003
3912,8003
3869,2459
0,3287
5677,5874
2185,3125
6046,6295
5868,3788
6952,0
3387,0
5324,6960
0,2857
6704,6632
0,4408
7645,7294
3372,4716
0,895
0,1808
4958,1783
6271,7398
3818,0
0,2517
7318,2523
0,6791
5788,4135
3801,3369
7053,2661
5152,3153
5271,0
0,3112
7364,0
5458,5226
3837,3660
0,9861
7065,6455
4855,5876
0,3980
2426,0
3427,5350
8371,8306
7564,7739
9141,9000
0,3140
6578,5177
6821,0
0,5134
3900,4840
5843,5580
1905,2433
0,7634
5887,5632
0,5480
1864,1348
4857,7183
6573,6861
2932,1743
4730,3616
8836,8192
1448,970
3426,2948
0,7906
5722,0
5213,7305
5552,6006
7495,0
3617,3653
4024,4499
0,3373
5402,4223
0,641
6236,5622
7143,6506
7645,7281
6384,3911
0,1523
2152,2083
1516,2221
2104,3327
7482,5397
0,1840
6305,0
3026,0
3209,3222
2613,0
0,6147
7797,6385
0,4569
0,8529
7182,6604
7738,8161
0,3840
2023,4023
6166,0
0,2876
1355,2270
1971,0
7722,5609
2886,6282
6127,0
4392,0
5519,7327
2378,0
0,4268
0,3238
0,4405
8436,9122
6638,0
8587,8562
2852,3418
3621,0
0,7323
6894,5116
5427,4458
1341,1685
0,7486
7578,0
4756,2360
3280,5025
7840,0
5183,0
959,825
5602,8233
7612,6726
3587,0
0,4862
6410,5958
5554,0
8596,0
3325,3810
5345,5814
4656,0
1281,960
0,7308
4282,5017
5584,5186
5853,3576
5032,3146
0,4526
0,2756
2497,6118
1015,2192
4617,0
0,6868
2847,6922
0,6131
1521,1979
2115,1244
7876,0
6824,8937
5161,3000
5898,3324
7287,5419
0,3033
0,2413
6460,7885
5365,5848
0,7879
2007,0
2768,2494
2701,2357
8294,0
2460,7452
8635,8174
2795,3941
7924,7931
1172,1532
3101,0
0,3643
5520,6546
0,7711
4679,4277
3194,0
2376,2192
4592,0
3647,2789
5915,0
5596,6337
2913,3798
2617,1046
4870,3741
6064,5695
557,924
2471,4112
0,1899
3868,5569
3335,0
6510,0
5156,3748
3471,5568
5557,7980
8081,0
0,9196
6256,7054
5396,0
0,5245
2370,0
3253,5791
7082,8194
5725,3979
5167,3511
0,6669
6644,2617
4448,0
3925,0
2066,4873
0,5720
7258,0
0,6309
2145,741
0,1910
0,8941
6708,6504
2638,7174
7036,5135
9215,9475
0,2439
4988,0
4468,5926
8482,8711
8608,8772
4809,3179
5241,3637
2145,3266
0,2756
3763,4609
5545,5866
3798,3648
8473,3671
1419,2123
2932,4654
3075,4027
8141,3153
3527,2185
7564,4597
7239,5778
3307,5967
0,2085
4265,0
4463,2415
4374,5402
0,4191
4550,0
7056,7757
2394,0
5947,5949
6537,6930
6941,0
7588,0
8747,8274
2404,2283
0,5691
4422,0
5822,6093
5792,5211
371,0
6516,4518
6741,4375
0,6532
0,6141
6957,6467
0,2430
5692,5252
4231,0
1501,2218
8466,8704
5704,5281
6192,5172
3000,0
0,8001
0,2453
2228,5807
5234,0
0,4216
5886,7578
0,4506
6625,0
9479,9221
3511,7452
6434,6716
2363,3128
3471,3487
6133,2001
6569,6278
4274,5049
0,8556
2347,0
7885,5949
7220,0
0,7530
0,8644
8660,8521
0,6218
0,2126
6159,6232
5781,2817
2982,3722
6830,6388
3787,0
2874,4768
2947,0
2825,7126
7759,0
8572,8486
0,3104
3927,4323
6269,7752
5655,6257
2283,1240
5312,7948
5892,7623
6160,0
6275,5357
5609,0
6120,4711
4652,6365
5728,6562
6814,0
0,2511
0,7512
0,2320
8055,7118
4261,0
7742,0
5618,3557
7994,8156
0,1775
3077,8220
7428,7294
3419,5917
6438,0
2890,2922
0,5111
3830,0
0,7778
0,6202
5371,4769
2013,2944
5962,4550
5535,5202
2900,5557
0,360
1689,1698
6611,8159
3377,5434
4405,3280
5283,4974
9082,8448
8024,8709
8218,6768
3270,2936
7805,7249
3923,0
6498,2283
1733,0
3589,2853
6985,7575
0,4271
7149,8846
5146,4258
4417,6996
7323,7955
0,4763
8600,8806
2978,5210
8339,6412
1254,0
5690,5422
4039,2681
1095,0
5399,5580
6209,4922
2450,734
0,7277
0,5442
6894,7776
247,459
0,5658
7693,6837
5829,4265
0,3442
2598,1592
5318,2572
6488,3831
2896,2763
5469,8123
5298,6531
3567,4481
4997,4470
5624,6499
7178,2201
9942,0
2752,2764
8742,7555
0,5781
5322,2667
0,2019
8056,7830
4463,0
420,3194
3333,0
2776,6315
0,3806
4765,4988
2373,4074
2834,0
0,8316
9110,8737
2961,2060
3451,2646
3627,6572
6391,8713
5859,0
5237,5803
2073,2595
8405,8237
3520,3561
6891,0
7539,7258
4275,0
4214,0
0,4735
3950,8251
919,0
5323,0
0,5613
4311,1938
6309,7930
6507,0
4592,5984
6833,7133
8953,9192
5227,8221
6796,8313
0,4739
4665,0
3709,0
0,5899
7448,6826
2890,959
8155,0
8799,0
4719,5545
2654,2380
5342,0
3690,2993
6066,0
0,3881
4477,2926
5587,4699
2315,2220
3778,3449
8236,7955
7356,5236
6319,0
3295,4469
0,2740
0,6137
2715,3945
5354,5760
0,5608
2855,3465
2872,4490
8197,0
2565,5909
0,9273
6341,7399
0,1192
2195,0
2385,1718
8551,8348
8238,8834
6960,6995
0,6784
0,3288
6781,6368
4049,2516
2626,3585
2236,0
805,0
9053,8222
2550,3208
9127,6427
6501,5601
3545,4092
6006,6491
7846,6692
2327,3628
5420,4887
5993,0
8243,8118
4343,4282
0,4448
7713,0
4214,4703
4625,0
9200,0
0,655
3327,3337
3627,6704
6908,7077
0,8147
7769,5926
3791,1724
0,3767
0,4379
5824,3520
2699,3683
3153,0
3405,0
0,1414
6889,0
7357,0
7753,7166
0,4891
6696,2528
3884,4134
5291,0
0,6919
9463,8627
4650,8377
0,3330
3537,3318
4699,5915
7308,7238
0,6224
5799,5286
3743,1569
6673,0
1766,5301
2355,0
4545,0
5945,7055
0,1224
7691,5387
4701,1473
5676,5570
4864,3373
6708,0
6415,8574
4362,0
5214,6008
4597,6501
9624,9237
2747,5758
7493,6892
6020,6065
2261,2636
4339,3465
3988,0
562,0
2087,1475
3022,2670
3264,0
1915,2137
0,1811
0,8931
3205,0
7879,0
7447,5012
6249,5574
6185,6770
4036,0
0,6302
6280,3014
0,7188
0,5061
4990,5409
2115,4122
4395,4092
0,6275
4924,0
5123,5356
0,4878
0,3737
7417,0
2293,0
0,6355
9144,9288
3185,0
4236,5716
7700,7664
7682,7859
6067,3670
3745,0
6572,0
5930,6244
7534,6321
1277,1820
7709,0
2895,2810
0,2195
5348,4139
4744,0
0,5178
0,2452
0,3853
4927,5025
0,2738
4710,5492
1494,0
8095,0
6784,5658
3245,3724
5310,2993
3143,3187
4857,4508
862,0
4382,3097
4006,2859
4072,5812
0,5148
2886,2604
5251,0
8117,5870
4082,0
5391,4734
3709,0
0,4576
6048,3582
4095,5135
1995,0
7697,8292
0,4735
5703,7041
2996,0
4063,1988
2916,2529
956,913
2176,2174
2937,3703
8408,7622
9072,8342
4443,1964
4907,3754
5895,6543
7248,6689
2992,4877
3818,7182
7333,0
3614,4760
3511,0
7449,7213
3931,1615
5253,5819
2472,0
9356,0
3338,0
0,7409
0,6395
5863,6029
5552,6714
0,2373
0,3770
2600,0
4497,7190
779,1463
2699,6622
0,1954
0,2179
1980,0
7232,6465
0,3924
4295,3361
0,4846
0,7707
0,7878
5781,7042
5480,0
4034,4819
2066,0
0,8891
204,182
4500,6210
4874,0
1893,5404
5407,7540
5938,2776
8003,1634
6393,2652
0,3175
6504,6931
2672,3028
5647,0
6678,5077
6791,8231
4272,7227
6696,3371
5786,3638
3277,3846
0,3347
7221,7579
6867,5075
3866,3094
0,3890
2224,5619
2475,0
3009,3831
893,903
7101,0
7227,7243
0,7820
649,1783
4395,3361
2132,4274
2857,6632
3104,0
4571,6343
2663,1747
7114,8885
3218,2087
8640,8908
4613,3076
2294,2130
4792,7036
6985,5862
0,9020
1759,4631
1571,2732
6045,0
4517,3364
6048,0
5848,5640
6330,0
5746,6685
7846,7386
4610,6354
2615,1019
2830,5901
4313,5355
6004,7044
3003,2612
2660,8742
4897,7052
2919,4275
4213,0
2243,0
0,1437
2927,0
1271,3330
4167,5786
9533,8886
0,2567
5085,4238
6950,5911
6808,0
3027,2634
3171,5563
2984,5718
8673,0
3023,4146
0,3214
3112,1766
4490,4012
5921,5362
3485,6560
6902,5588
1693,0
4254,2572
5281,3853
0,872
0,5132
1969,3821
0,7239
7949,9027
0,6128
1868,2041
0,3233
6477,4206
6092,5098
0,6775
1686,1777
3327,3831
0,7147
5401,5591
1445,3236
6791,6393
5402,7157
6289,6259
6569,6932
0,7817
6370,3882
0,3286
0,8848
5586,4328
3067,2394
8878,9177
0,6184
8239,8230
1599,1785
8405,7754
3355,6314
8265,6032
6198,7259
2626,0
3720,4712
6187,0
3243,3576
4702,4567
7803,4697
1068,0
0,8564
1141,820
6145,0
0,2189
0,3237
7564,7202
5402,2834
4727,3665
3559,1988
5275,0
8256,0
5517,6171
2299,7321
3706,0
2694,4383
4522,4228
7226,6962
3143,4322
981,0
5419,5108
7218,0
6270,0
5926,3606
0,4552
0,4730
0,5134
4743,7873
8586,7085
0,4553
3205,0
0,8081
0,1507
0,1297
3854,4854
0,3468
0,3411
5026,3536
9751,9823
0,4352
2481,3466
7471,0
3482,3256
4509,2357
0,6929
6459,3122
3658,7158
6385,7521
0,7512
8718,7742
6641,0
7312,0
7339,0
0,4077
5510,0
0,5989
5899,3601
4516,0
4430,0
0,6670
4381,4792
0,5339
4381,5597
3440,3539
7349,6102
0,8387
0,3893
5200,4571
9131,8594
6909,6166
8206,8331
8508,2718
1665,1546
0,5073
9161,9201
8355,4984
5921,7344
4603,0
7988,6708
1542,0
8015,7648
0,6813
7571,0
2820,4813
6654,0
3675,5014
7590,4504
7221,0
6156,6775
2703,3026
6034,0
7638,2254
2448,3111
7850,6911
1997,0
4167,5591
3083,3629
2164,5026
4054,4790
0,7376
834,1270
1321,5665
1772,674
0,403
3655,7103
2372,2835
3177,1074
8553,7491
0,2806
6354,2209
4128,6071
6733,6586
7741,7795
3051,4491
5224,5157
8465,8853
0,2265
0,3106
0,5137
0,8397
7789,8263
0,6713
3760,5033
5991,7667
5442,4422
3376,0
0,5738
9257,0
0,7840
5511,5054
5187,6812
0,8625
587,1945
8012,3805
8705,0
5990,0
7827,2706
7297,4063
5339,3228
1473,792
0,8787
0,9573
0,2108
6295,7128
0,5045
4315,2115
2693,0
4274,0
2725,3899
2455,4428
0,2467
0,2869
9120,8389
8569,8806
0,4821
1447,0
4330,0
8530,7275
8820,8852
2218,2640
3353,3274
6339,2657
0,5556
6932,7324
5595,2684
0,5895
4936,4812
6747,4543
6068,2792
4450,6232
0,7070
7416,0
0,3504
0,6076
5421,4447
3644,0
4005,0
0,4049
0,864
3198,3463
0,4654
2550,3444
3634,3751
987,0
2601,2213
4593,6546
7807,3898
2401,3294
4196,8688
4475,0
2335,1832
3191,0
0,4661
7616,8178
3273,5554
2524,6267
7409,7080
2929,3913
9318,9345
5152,3714
2182,1576
9203,8790
1793,1785
0,8570
7875,7440
3760,5846
1088,3798
4261,3161
3510,6167
0,3719
0,3539
3600,0
6302,5926
6071,7172
3743,0
5981,0
0,1993
5821,0
3370,0
3979,5935
6062,0
3514,4661
7256,7409
7126,6801
4297,3872
4846,0
4931,4973
9341,9412
6887,8145
0,2352
7226,2561
6870,5997
2182,2519
0,6595
3056,5724
5169,6448
0,2766
5640,0
0,5424
4080,2502
2269,1438
3740,0
2405,4846
1797,1583
0,4495
5210,3022
0,6085
8018,7442
2369,7600
4324,5109
5163,3293
0,5022
1880,0
7764,5662
4682,0
3726,4306
8148,0
3397,5760
2925,2562
4375,5217
528,0
8106,7636
4030,5123
8693,8981
7021,7034
0,7639
1593,1155
5204,6146
5125,5161
0,4709
2965,7677
8496,7700
3530,0
6259,5557
0,6261
7929,5805
0,7072
4262,4843
0,6460
8226,2949
6566,2626
8254,0
0,5686
2620,2186
4519,4111
807,1203
4505,6966
5529,3805
1624,1992
8417,8108
5637,0
6090,4211
6067,6507
1472,2380
6048,8133
5650,5729
0,5198
0,3740
3021,3455
955,3271
3284,2467
2223,3227
3333,7776
0,1202
0,6515
4186,0
6546,7789
4605,2340
6196,0
4351,5619
6129,8098
4391,3297
3712,0
0,3301
6716,0
1749,1048
3377,0
0,2820
2642,2458
6068,4770
7352,8419
8799,8657
0,3817
3976,0
3019,0
0,1261
1401,1777
7571,7987
7613,3864
8132,0
8717,7608
8454,8603
1505,0
5078,0
5152,1505
9420,7679
3587,0
0,8459
7447,7500
8285,8218
3220,6881
2036,2225
4673,0
2221,3618
4942,5544
3837,0
6244,0
5023,6146
0,3152
0,8812
0,2190
0,6658
1454,1793
6320,7486
3820,4276
6273,6158
2955,3746
0,4098
1530,0
5121,7440
7478,0
0,3024
7457,0
922,673
7965,0
7460,0
3229,3823
1108,688
7672,9016
7972,8350
7988,6447
7015,5983
6660,0
0,4946
3961,0
0,5428
3994,1967
5571,8804
0,4192
5354,3723
4712,5745
0,4478
4199,0
0,4242
7912,5552
0,1336
1664,1936
3358,0
0,3759
4184,2835
2995,0
5123,3902
7866,7179
4622,0
0,4053
5479,0
1213,2577
7969,3855
7279,6674
1879,2045
4144,3199
4482,4651
4629,0
0,718
3505,2279
2079,0
6474,3311
6850,3281
6108,0
2134,2705
4176,5441
6257,2667
6288,5661
3185,6415
5083,3480
6909,0
3644,4358
5180,2504
3963,8327
3609,0
4801,3123
3237,6194
6354,6351
3825,2433
5979,3322
6276,3309
6304,7394
5247,6868
3620,3736
4248,3085
0,3999
6886,0
4371,6155
3508,0
2399,3558
3343,4173
0,7178
6352,0
1724,0
6216,0
0,6706
3233,7798
0,3031
9212,9066
8446,7271
3679,7171
6047,5689
4427,0
3692,3446
2531,4297
4021,6604
2532,0
6209,2628
8523,4609
4861,4469
4549,0
6133,6224
8114,8436
7098,6557
8938,9044
0,3896
5234,5291
0,1593
3490,7038
2127,4227
5657,0
4586,0
0,6820
0,8122
7039,0
8878,8559
1896,5762
0,7008
3035,5922
6582,5959
9126,0
7273,8240
1610,985
3267,2150
4079,2399
4764,0
0,5705
3272,3253
7716,6054
4926,3249
4694,6203
1347,0
0,3066
5012,4218
4956,6401
5164,5866
8587,8014
5049,0
5533,0
6105,0
6596,0
8488,9215
4051,3234
2468,2225
6300,3657
0,4702
4088,3147
2728,0
0,8083
5425,0
7239,0
4599,5239
3446,7211
8301,4667
4120,0
2591,0
3556,8850
5415,4298
1451,0
3467,0
6815,6362
5358,6078
4777,6092
4914,4732
9476,8650
6360,5207
2606,0
4497,2920
7434,0
1929,2715
3698,4888
5089,2650
2171,0
8039,8486
3653,6497
6304,5446
6519,4675
0,6860
1497,2235
3825,0
8147,0
6689,0
3203,0
3597,4838
3557,3026
8043,6728
5849,5744
7351,7541
6387,5612
8651,7593
0,9282
1565,0
0,1168
4774,4096
4371,4039
3518,0
5788,4070
7066,0
3044,7132
9144,8657
7931,7095
313,353
3889,5480
0,8418
1581,0
0,4801
4832,5489
3974,3713
0,4440
8012,7870
5832,0
4371,6905
3720,4352
5069,2893
8817,5805
6262,0
3720,4143
6956,2861
4076,3371
5253,4239
0,5152
8926,7336
5743,0
5746,4938
209,108
5593,0
0,8883
7350,0
5847,4678
4930,0
0,3517
1250,1452
739,1301
6925,6001
0,5211
6103,7757
6655,5438
5921,6808
5222,5891
3699,4261
6734,0
3597,4553
7399,0
3346,2158
6998,6952
0,8139
5830,8540
6921,2169
3239,0
7782,0
5163,6529
4730,3489
5337,3722
5750,0
4124,5855
3384,4295
2961,7166
6484,7651
2583,0
0,5078
5227,8324
4328,6935
5711,7209
3493,0
0,6485
5693,6582
7742,7437
5485,6094
2726,1117
5092,6252
7094,8325
7273,5996
2942,2411
8775,8705
6923,7143
0,4025
8151,8196
3518,0
0,5031
5836,4315
9298,0
0,7403
5201,5756
5800,0
0,7175
0,3345
1232,1332
5092,6055
2847,3043
6052,6190
7698,2285
0,5473
6919,3571
2222,2878
0,5929
8100,0
2283,2375
4562,5363
0,1390
5619,7193
0,6701
4525,4880
6348,5128
7398,0
0,9151
1973,3597
4342,7369
5939,8139
3775,0
5740,5686
6596,6895
4740,0
5091,6177
2975,3308
2237,0
4522,7598
3397,0
6356,4684
3116,1567
6248,6603
4700,1967
0,7669
0,2571
0,2541
1558,0
288,0
0,4070
3821,3465
7972,8588
3621,0
4952,0
3704,5173
2504,2017
9140,8989
6715,4362
5218,5510
4817,6641
7664,6568
0,3236
0,6344
6993,7930
1131,0
8403,8494
5422,4709
4364,0
3400,4279
8053,0
5287,0
9906,9940
3443,4526
3525,0
4476,0
1927,4341
0,2408
952,695
6381,0
516,575
5967,3250
5538,7229
7924,6263
6394,0
3699,0
5757,6626
5136,3024
5562,5513
5251,0
2888,0
4177,6958
2982,5357
3405,5941
4076,5132
4399,2418
2745,4833
0,6468
0,1085
2048,969
2754,5818
7504,8009
4404,6925
0,3273
4713,6517
5724,6591
7042,7677
6457,6304
412,187
1521,0
4464,0
2619,4730
0,3810
0,565
6964,0
6982,6278
5815,4214
7520,8767
4197,5870
4881,3490
6483,4693
2515,6408
4945,3794
5084,0
0,6824
4674,0
3767,0
0,7356
5275,5414
2773,1622
5609,5165
2671,3775
0,3236
4817,6416
6882,0
2216,2481
6715,6291
9381,9617
4726,0
0,2588
2227,4303
4014,4799
6341,4554
6550,0
0,7451
7317,6148
4336,1870
5977,5965
9129,8744
4985,6206
5166,4472
4709,3426
6491,8052
1208,0
0,4658
5563,5828
4492,6715
7336,7296
4227,4888
4175,6219
0,4031
0,770
3100,3090
4463,3308
4625,0
4600,5796
0,8128
3146,4729
0,5808
1792,4556
0,7256
1998,0
1689,0
4979,0
0,6548
4935,5440
0,5179
5419,6333
7336,0
0,4969
6988,0
3030,4239
6394,8653
5015,4629
4218,4426
2916,0
6810,5438
5175,3424
4214,4643
4885,3692
3371,2638
8157,8910
0,7933
2165,3933
6385,0
3433,0
7484,6906
7064,0
7447,5727
0,5375
3799,3871
0,6759
5993,0
3602,3455
0,5841
7018,6521
6859,6678
0,6883
4595,4091
6748,0
4512,5007
3544,5150
1613,2144
6959,3452
3153,4644
7636,8131
0,7029
7913,0
2382,1832
5194,6159
8600,7201
5639,6872
6286,7441
6654,4150
7187,0
8169,6624
0,3316
3000,5143
3993,5625
1927,0
2662,2044
0,7512
7416,2138
0,1927
8032,6596
3509,1103
6268,4647
6098,5592
0,6448
3784,0
8880,9028
6130,0
2251,5771
3235,0
4244,3531
9457,7496
6015,4650
0,6662
4919,6016
5122,4357
3776,0
5142,0
3359,4090
4783,3727
5653,9203
2305,0
8169,0
4375,3615
4055,2877
8440,8828
7650,8898
6512,5612
5675,2735
9178,9175
7498,7055
0,5771
4825,5243
7049,7648
6007,6058
0,3507
0,4527
7317,0
4084,0
2525,4071
8597,8466
6708,6612
2187,0
1020,2243
3063,0
7284,4915
5687,4540
3912,0
6355,0
6014,5888
4883,5983
8967,8928
0,3071
0,1615
0,4296
0,4800
1700,0
0,6367
3598,3847
3042,5242
5240,6707
0,4081
3451,5240
5801,2920
5244,0
0,4197
3318,6164
7913,0
8546,3829
6958,5464
6163,4573
3692,2817
0,4052
7544,7204
0,3793
852,570
1661,2117
6686,0
6860,0
0,918
7702,8079
5337,5085
6781,5640
2736,4142
4109,5781
0,8519
9066,8531
7458,7058
6454,7009
1762,1259
1258,0
2825,0
4444,3963
0,4316
5918,5595
0,2669
4198,0
8205,6083
1242,0
7909,7759
1163,0
9430,5818
3238,0
2175,5711
0,5582
6586,1982
7656,5942
6350,0
5481,2663
3284,0
5137,6889
8244,7443
6702,3504
0,6515
6138,4992
6506,3866
3664,0
4700,4700
1198,2545
6468,6818
5614,0
4033,3211
3176,0
0,2975
4339,6791
3710,3448
3020,2521
1637,4569
0,5445
5496,0
6180,6774
2038,3209
7334,0
4057,4644
6710,0
3772,0
6722,7160
1826,2077
1848,1493
7271,6273
6832,5713
7916,6555
0,8226
3680,2975
1971,1213
4280,5602
6460,5795
0,4618
0,8042
2507,0
7078,7809
7443,5160
3577,2462
3159,3530
6239,1793
0,4481
5510,0
0,7828
7772,0
5566,4421
5189,4591
6095,4921
5741,6257
6101,0
5544,7058
2601,2868
8692,5321
5970,6349
7436,0
1131,0
8406,5253
7194,5154
2290,5369
9081,8908
5295,5952
2602,0
2418,4138
4295,7363
5789,3113
3219,0
0,3390
9008,7933
6643,6386
7859,0
7388,0
7407,0
0,5825
6034,3982
4694,0
5144,0
4071,3728
0,6886
1625,0
1270,637
3259,4011
5429,6103
5562,4172
6979,0
4616,0
3758,4562
3895,6787
7177,6794
5620,0
0,1774
2983,2798
4719,3809
0,9396
8090,4081
3783,1712
0,6054
4546,5868
6651,4902
6252,4769
0,6229
0,5938
3191,3713
0,6251
8078,7355
6788,0
6832,0
7204,0
2044,2411
5895,4853
0,3747
2795,0
0,4927
3944,5896
4680,6372
0,6774
0,5754
2466,2758
0,7669
8508,9076
6206,8487
0,4996
6574,5846
8432,0
7266,5699
0,2040
3814,3809
0,7588
1846,0
5884,0
0,6046
4199,5489
3883,2771
8539,0
0,6791
0,3959
9350,0
4224,0
3887,4097
1802,4302
0,3733
9752,0
0,6434
8763,0
6547,0
7517,4423
2613,0
9357,0
0,1604
7554,7492
9475,9109
0,4883
0,5081
6570,6495
7111,6097
0,6281
6841,0
0,3876
6659,6149
6997,4849
3877,7428
2539,2082
7514,6599
7359,8996
5064,3563
6935,3419
3971,0
3314,6078
8721,7439
5012,0
0,7810
3907,6901
7240,8168
0,4772
5780,5229
5991,3268
0,4874
5919,0
2594,5197
7660,7960
6150,8090
5847,7004
1362,378
7193,8152
0,7317
6425,4564
1864,2053
8718,7949
4748,4344
7777,0
8781,0
3496,6200
4304,3510
3138,2112
0,3238
4339,0
5964,0
3096,0
6996,6704
3768,0
6425,0
3370,4055
0,7154
3810,0
1283,2114
1991,795
1907,2597
5982,5961
2147,1989
1572,2192
7112,0
0,7779
0,3883
4754,2068
0,2696
3146,6871
2277,5286
3084,0
8901,0
0,2626
7796,0
5016,0
229,175
402,0
2231,1887
5266,4413
2981,3687
8668,7890
7295,7735
6899,7856
7339,7648
0,2627
2675,7177
3461,4235
2276,4819
6520,8326
8751,9239
6646,5118
0,4427
8420,7938
0,6954
5479,5803
5417,3084
3175,3297
9030,0
0,9365
836,0
9351,9772
5523,7050
6674,7710
0,4006
3688,0
7868,8356
7354,7891
7442,3251
1150,1385
1543,1411
8307,6880
7977,8129
8524,8382
3019,0
5720,4199
6552,2708
8228,7667
2003,2124
8475,9433
4763,4071
2117,3999
7049,5478
0,4350
5594,5685
6933,0
4600,7332
2686,1486
0,3805
2851,5052
9505,0
7100,0
799,0
8146,0
7424,0
0,5583
3842,3347
7395,6953
0,5744
0,7028
8410,8070
4130,4130
0,1923
5207,0
0,5534
1522,3011
0,7571
5416,3589
0,8163
2203,1244
0,4600
0,1961
3107,3382
4518,0
6657,0
0,3993
3734,0
0,5921
0,6603
7920,0
0,4554
1387,2494
6795,0
4682,5894
3518,2067
0,7699
3212,0
3334,2526
6942,5903
6872,7439
2005,2036
4381,5297
4035,3554
5833,0
0,4750
1668,2302
5214,0
7317,4584
4205,3980
0,7571
0,7040
7821,4882
7056,5991
3479,3789
3615,6422
3559,5226
6146,2716
6678,6277
7982,0
0,5454
2057,2585
7464,6878
9106,9041
2518,5890
9221,9142
8297,0
6343,0
6259,0
8579,0
7107,5829
9356,8917
4079,4380
5013,0
0,8859
5555,3009
5605,0
6090,5991
0,3554
3548,4899
7471,8086
7916,6023
5274,7118
2107,2602
0,1920
7430,5825
8828,8741
8180,0
6290,5561
0,6934
3650,3888
7129,7690
6133,6882
3944,2585
7272,7131
3765,4702
7363,5267
4150,6792
7700,7464
2981,0
5199,2684
4110,5190
5099,0
3130,2046
6692,7912
4504,1995
2605,2306
3267,0
3877,2349
2260,0
4738,2400
7353,3992
0,6549
0,6055
8043,8225
2257,4990
2048,0
0,7116
3636,2639
0,1093
0,5742
3725,0
3892,2152
0,746
4547,0
2096,2659
0,3871
5272,2810
0,4626
3120,4004
3794,4604
3087,1088
0,1252
3354,4024
7189,5703
4861,5537
6126,9316
1520,1560
4349,5813
4238,0
2676,0
0,4477
0,5774
3801,3983
6520,5257
5119,5947
0,4246
5996,6828
8725,8420
3162,6679
7041,8199
0,4310
2623,2585
0,6750
1949,2829
2874,6236
4718,0
1970,0
2242,0
7592,6127
6377,3771
0,2378
0,7144
4826,4136
2685,7355
0,1137
805,1079
5885,7628
6973,7746
3944,4622
1391,0
5771,0
7119,6735
4578,5196
6909,0
3873,4013
7561,5835
0,5457
6869,4020
4188,3372
4448,5425
0,6053
8242,3364
7421,7665
7003,7012
0,2148
0,7829
7643,4917
3769,5042
8049,8077
8971,0
4506,0
0,5317
0,5209
6213,4398
7484,8892
8188,5985
8020,0
2679,4395
3967,2800
3182,4880
8842,9072
7792,0
0,5552
0,6352
8626,8834
0,8007
9542,9599
6767,0
7082,4286
5906,6396
3443,3637
2275,3133
4295,0
1576,2626
4534,4259
7221,7161
4149,1066
3612,3686
3760,0
3307,2355
3092,3940
7893,0
1972,4684
8316,7640
4443,4282
3098,5057
8666,7884
5343,5126
2638,1964
4027,0
0,7394
6784,7554
6508,4994
1054,2245
7568,0
6740,7171
8895,9009
1206,2885
5316,5711
5525,0
5635,3431
0,6455
6831,4141
0,1230
3902,2221
1956,1850
0,7145
8900,0
3080,4753
7838,6246
5072,2821
7985,5716
3035,0
2434,6132
6321,0
6577,5201
0,3310
8107,8638
3674,0
0,5706
2353,4184
4865,0
0,2423
0,6648
4672,0
0,9004
4999,4453
0,6853
7613,5439
8309,8531
5350,6062
6508,5301
2116,5979
6901,6866
523,1569
0,6128
7886,7266
8681,0
1281,1939
0,3853
6137,0
3131,1715
4095,1780
8178,8799
2778,3346
0,4091
4181,4663
0,4544
5281,0
4847,4401
8473,0
7701,0
8519,8085
0,4664
800,1966
6213,7762
0,6073
2583,5596
2295,0
4730,4859
6169,2854
8023,7555
3842,5438
7721,5908
5605,5550
5129,4248
3951,0
3235,4112
0,2071
0,8085
4417,0
6272,3321
5664,0
3540,0
2064,6191
4335,2466
545,0
0,5913
3932,3407
3105,0
1746,0
1099,0
5981,0
8082,7388
6309,2219
6811,6841
5125,2197
5739,6587
6752,0
8730,0
667,496
0,3568
4593,7229
7390,5415
4797,5532
0,4383
1970,2305
0,6738
5228,0
9154,9601
2355,2786
4762,4338
4397,3898
2230,4072
0,2582
5326,5105
6209,7116
0,3492
4470,0
3411,0
923,1890
1957,1855
8582,7226
5588,8826
3671,5701
4961,4404
5620,2678
4997,5321
7734,0
7799,8185
6619,2893
8814,8527
0,4480
6799,3238
6808,7384
9022,8814
5382,3312
2916,2100
7777,0
3307,5805
7416,7490
3391,3540
5070,4063
9327,6312
8300,0
6540,6787
3160,3430
3442,4072
0,575
3326,5144
3464,0
7546,0
0,2966
3222,5612
0,6678
0,7113
6855,0
910,407
2808,3276
6425,0
4676,6662
4617,5672
4743,0
8872,9577
0,7671
5363,3468
0,4687
6529,5057
3591,4809
4185,4582
3775,0
0,3529
5347,4144
0,6020
5700,0
7088,5882
1684,1529
0,5012
4801,1255
3094,2191
0,5983
1220,638
0,6514
2518,0
5409,3162
6813,0
133,296
0,5278
0,1318
6842,6390
6143,5827
0,5669
2979,0
4062,4316
5422,0
2609,1586
5286,4888
2140,3422
5488,4339
0,6147
7198,6100
932,1104
5732,5582
1578,1925
5626,6025
9856,9842
4926,2594
8951,9265
6607,4397
0,7190
6986,7641
7440,6703
7018,3160
0,7981
2061,2964
5095,5527
5975,4203
4040,0
3905,5501
1774,2358
3700,4350
6611,4300
0,7638
4023,7159
1904,1636
0,7454
1267,2221
0,1168
0,1753
8186,6841
0,5287
6481,6512
7758,7449
7990,8221
1559,2701
3881,0
4485,4998
0,6752
3777,0
7177,4915
6926,0
0,6460
0,4651
0,2907
4931,7125
1960,3992
8045,0
0,6642
6540,6676
5318,0
5422,5334
2796,0
0,8086
3531,3277
7519,0
7388,6371
1002,1924
2384,0
8472,0
1560,2226
7646,5786
4049,6717
5780,5335
5381,6981
5603,3045
5777,8611
4575,0
0,3250
3746,0
6155,3192
4421,8363
2667,0
0,7311
6935,6890
7686,8652
1013,1836
0,5682
909,765
5145,7255
3849,0
6538,3265
1659,1739
2461,2529
0,4029
8549,8408
9166,7944
7414,0
7976,0
2334,4272
0,2416
7872,8101
2853,2570
0,692
6171,7060
6415,0
3324,3028
4691,7947
0,7030
5702,2594
0,6736
4356,5423
2713,1592
0,7618
5357,5000
3421,4398
5668,2476
5957,0
3545,6647
4268,5050
2932,0
1683,798
0,5024
1605,0
2883,3475
4652,1819
2796,2816
1227,1006
4855,3753
1901,3068
8584,0
6062,0
0,6940
3017,4214
0,9368
3677,3641
0,4896
8720,0
7641,5594
2600,0
0,8277
2122,2179
2123,0
3972,2473
0,9526
6381,6476
1182,864
6305,0
1741,3567
4149,4697
6291,0
7671,4501
2842,3774
6305,0
9574,9754
9276,0
984,600
0,9195
2085,4045
3958,0
2590,0
8393,8603
2157,0
2783,3303
6429,0
5941,6262
0,4129
2076,0
5078,6954
5760,7317
7022,0
2500,905
1290,0
7705,7775
3735,0
6273,5072
4677,0
6644,0
540,530
6944,4300
0,5253
0,4938
4099,2689
1192,0
2675,3495
4193,3625
0,6386
8741,7535
7059,5454
5199,0
5713,3425
8616,9493
1710,3561
0,9228
7481,8910
2110,3014
7588,6655
7156,5503
6674,7370
0,8002
4371,0
2563,1885
4275,0
4615,5027
7292,7711
2965,4540
0,7315
7309,0
5045,4942
1351,2759
4331,0
2737,5363
5387,3772
0,5373
3105,0
5919,6869
0,5004
4784,4158
6704,0
7876,7534
0,8472
1928,0
1854,1716
3334,0
0,7913
3725,3988
930,1305
2963,0
3957,4136
0,5589
3367,2524
4569,0
0,5735
0,5415
3397,5203
0,2858
8700,0
1750,0
0,6675
7242,7034
6939,3005
2851,2274
0,4209
4069,3438
2698,3822
2050,2887
0,3996
0,4856
5635,4932
2865,4301
0,8476
3483,0
2924,0
5625,4222
5211,0
4933,3554
4683,6455
4874,6109
0,1737
8222,0
6140,3824
3629,0
5125,4677
3792,3866
3931,4241
556,6119
0,2687
5373,3994
4275,4272
7085,1180
0,4922
6809,7356
4745,2390
8578,0
4547,0
6635,8205
6582,6599
9223,9125
6202,6317
5273,3418
0,8051
0,6695
2487,2444
7036,3081
4079,6610
5902,4625
0,9149
3555,1840
0,1593
1473,0
0,7224
4080,2856
3390,3568
0,7946
4742,7057
3872,0
3459,0
5927,7581
7818,0
890,528
3339,4698
4323,0
6981,5491
3097,2767
2143,4593
5402,5173
8350,6247
7164,4822
1875,3103
7836,0
1454,0
5343,3341
3205,8640
0,5792
0,2702
5282,0
5824,0
4572,0
8497,4856
6233,7585
6668,4991
8536,6254
1996,2854
0,5033
3302,5627
4069,4389
6395,2387
7563,0
8933,8069
3489,4730
3421,5002
1832,690
7366,0
3404,4745
1974,5870
5335,7400
5470,6286
4772,6653
5368,4320
0,6072
6941,5496
2873,4605
4086,3670
1827,0
4758,0
5621,3407
2816,3545
2949,5155
0,8878
0,3919
3547,2062
7711,0
8642,0
5390,2722
3490,4807
0,8175
6571,6567
0,4872
0,1924
5876,4921
7472,7837
6036,4511
6860,5270
6119,6540
9041,8638
0,3429
4126,4742
7099,0
0,3221
7991,4661
7522,7857
4607,6912
6978,0
7294,3930
4083,0
3465,1707
2414,0
7314,4396
6316,7660
3631,4454
1985,3946
0,5529
2140,2294
5830,4961
0,2045
1357,551
3884,0
5047,6875
6881,4747
6221,5085
4052,0
0,3136
6403,6188
1370,2790
6862,5475
0,6400
6775,0
0,3661
4614,2374
6949,6814
1154,1633
1581,2946
5071,0
5208,2151
6114,3482
6952,4396
3680,7365
2365,3421
7951,8437
0,5649
4844,3999
6214,3551
0,7179
5272,3423
2708,2515
7216,7566
6874,0
0,1243
8001,6430
0,4780
3938,0
0,5196
4192,5135
0,1316
2755,4785
8093,8798
0,5443
564,0
0,2608
2029,0
1450,1743
0,4364
2672,2144
0,6278
0,5186
0,7697
1844,0
4943,3855
4133,6921
0,4010
3773,0
857,3121
7037,4057
5977,2182
6167,5879
6410,0
2847,0
8025,0
6809,6087
0,3085
5332,6059
0,7055
4917,3685
4022,0
3542,3915
4200,5942
0,2143
8112,0
0,1247
6026,0
0,5393
5281,3120
6404,3744
1057,0
5691,0
5782,6256
6810,0
3715,1910
5319,0
