9000 2
0,6264
0,8872
573,0
9872,755
4103,0
0,9801
4756,884
0,4145
0,267
0,5940
2528,1039
0,794
2453,3598
0,8379
2978,1548
4973,7595
7812,0
6468,8386
6040,0
9141,0
0,1154
9946,7531
2039,7554
0,2268
7821,0
0,350
830,7171
0,3283
769,9389
1663,0
938,0
1343,8750
8825,0
7137,0
0,6279
5010,6928
0,4956
0,9474
0,6136
0,333
0,9950
683,0
7121,0
41,0
0,1704
1639,2155
0,2982
0,7166
795,8044
2032,4948
0,7042
1876,0
1999,6335
1232,4510
2471,2974
4844,0
0,5527
0,46
7355,5198
7938,8573
6902,9577
729,5244
0,1635
2410,0
9680,4443
0,4003
0,179
0,3485
6514,6993
0,8986
9967,2840
0,2892
0,2543
0,5723
7741,0
4297,0
455,5026
9888,0
6662,0
0,6342
0,4674
0,8227
4854,6107
1713,1369
3100,9709
356,3068
2549,7742
5961,917
285,0
0,8027
0,937
2671,235
0,2560
0,2626
4859,0
8968,0
4297,0
9829,9151
5421,1542
521,8522
1251,0
1591,0
8620,0
4718,8906
6454,0
6933,0
2296,9605
6468,8260
2165,0
0,7024
9342,9855
0,3639
9170,0
0,4592
0,3313
0,1248
4191,4706
5049,2811
2259,9767
1718,0
0,8652
4948,3423
8257,0
1683,423
1137,2571
7447,479
2426,0
4119,1597
4528,6911
6189,4526
0,9304
5775,0
0,824
0,6271
0,8945
4986,0
0,9934
5141,5855
1351,0
6278,2488
9396,3726
2968,0
9800,0
3420,4329
0,9610
8855,0
8915,4630
8639,0
5455,5866
0,6047
4812,4185
7766,2410
4119,2907
8265,5471
9733,0
7959,0
0,928
0,8071
0,4374
2400,0
3985,1256
6238,2900
5887,4878
0,1342
745,5027
7390,5557
9212,0
7968,0
8063,6233
8803,7797
778,6763
6927,0
0,7881
7120,5708
2255,0
7723,0
778,3962
9141,6665
8840,4970
0,9585
9997,5398
0,9210
554,3111
0,8618
9345,0
6415,123
8110,3343
0,5803
0,6294
1511,3479
5816,9234
9720,6594
3196,8862
0,2036
0,1268
1622,3830
6667,6765
3041,7221
0,5584
5840,0
6931,2256
9347,0
5599,8520
845,0
4814,0
303,630
0,24
7225,4787
0,485
6824,2719
1754,0
6550,8421
0,9591
0,5090
5175,1484
4313,2107
3740,3660
0,9339
2181,7996
0,6995
352,0
7626,1944
6492,0
6732,5378
5338,0
8098,0
2004,0
5514,0
4239,1158
0,9415
2642,0
0,6383
283,8673
0,2464
6669,0
9460,7022
8354,7087
0,4846
1939,0
225,0
9256,8324
0,1260
0,9886
0,7212
1044,0
0,3687
7409,8151
71,7692
6825,5794
157,3495
0,9618
0,6036
6705,9485
883,8645
5184,0
5923,4440
9433,0
0,2405
0,4179
0,1225
4966,6246
0,2375
4398,0
68,0
779,225
4720,0
0,5238
4496,0
4723,5379
5194,0
6488,1117
4348,0
1412,49
8327,0
0,7945
2819,9195
4192,0
1570,8591
2717,1638
9815,0
0,4535
1957,1707
0,6453
8256,4497
1833,0
0,8322
4569,0
0,5981
8804,2570
0,3033
0,395
2228,0
0,3799
3300,0
5438,0
4343,7302
7652,6300
9010,7426
2754,7267
1924,4587
0,6330
2909,0
0,7153
1270,3890
9724,8845
6923,240
9241,0
4950,7369
2952,0
8215,0
1367,2558
5693,0
8858,0
6445,1613
1972,8370
6201,2691
4701,0
7979,9786
6264,9249
0,5988
0,600
0,7336
9753,0
4706,2706
9430,0
0,797
5480,6790
9816,0
1494,0
5952,0
4632,2153
0,9333
1264,4137
0,7528
0,2797
0,1483
3398,9747
8820,3151
926,3526
5857,357
6448,6954
1154,1928
0,970
6267,0
7233,2219
0,1866
4373,4865
1200,0
9002,320
3166,0
3117,6683
3873,0
0,2693
0,7358
6219,0
0,2667
2480,0
0,6226
9840,863
1466,0
3082,174
8939,0
0,139
3093,0
460,6259
6432,3578
2943,305
94,0
2998,0
6732,0
5288,4447
1886,7769
0,6482
0,3157
7345,5462
0,428
5636,0
7884,0
0,978
0,9772
7237,1149
3350,181
0,3444
9556,4454
0,6289
3673,0
0,5559
6264,4054
0,260
0,9387
5722,0
0,1359
6615,0
0,5927
0,6752
0,5916
7902,9049
6097,9357
2494,0
0,5701
1943,0
4197,2680
0,462
6734,5087
722,3947
0,6445
1391,4290
7804,0
1991,0
3934,670
0,9634
0,4493
8684,2684
3851,1178
8338,7663
0,282
5149,1078
2962,8194
1540,9697
3281,2263
3644,0
0,5036
2047,0
3043,0
6352,6978
0,2944
0,1295
7438,5296
3980,1289
0,2319
8953,3356
2601,0
4434,0
2298,0
5261,0
8238,8906
3336,6947
3942,0
3461,6986
9422,0
3964,4131
2758,0
5427,196
0,9407
1485,0
0,439
5705,0
0,140
9893,6840
0,5154
2420,4353
0,5757
1300,8004
1140,4761
4990,563
4575,0
4694,7333
9533,122
7529,0
0,9015
7757,1257
0,3463
5585,3998
0,5479
839,9718
0,3259
0,4695
9017,0
0,158
134,0
721,4709
6645,5416
2043,0
5538,9573
1586,5068
0,9343
0,8044
2806,0
0,6409
7391,2881
0,8024
6141,0
2720,5158
0,5419
5316,5705
3109,6038
415,0
0,2459
5933,6993
0,7519
2062,621
6862,8388
8666,9668
0,709
6078,7691
3590,2205
0,9732
2405,8436
4891,0
3855,0
3682,6965
6247,0
0,7702
6557,0
4695,8590
172,6758
9212,7034
5147,0
6703,0
0,2781
0,2178
4987,0
1911,0
7293,6803
5369,0
7011,9052
0,3258
0,4833
960,9709
7487,0
8299,7659
2415,7512
4694,0
5391,0
3010,3978
4179,6150
0,9167
5007,8069
6560,2300
4872,0
3449,1883
0,1563
5142,4134
6397,6102
3843,3884
1759,0
1544,4174
0,6238
0,5046
0,4748
9025,1815
898,0
982,5906
0,7542
0,8124
9472,1656
8,455
0,5150
4589,9617
1253,0
0,3012
0,5046
7187,0
1284,8924
5278,8920
3673,4304
735,0
0,1718
0,2739
9261,8684
864,8734
340,872
9189,0
0,3779
0,7276
2212,0
0,2788
0,7477
3020,3010
6401,0
1930,75
2603,0
4647,0
4385,5125
4830,3647
0,5695
2381,4150
0,1571
7711,2591
5350,889
9868,7563
7569,157
351,9296
7634,0
2306,0
0,4237
4111,0
6904,0
6366,1290
3883,1196
0,7693
6892,7319
0,3460
8890,9556
6051,4241
445,5919
1804,0
6077,0
7311,0
5528,9618
0,7199
3856,0
1474,0
619,0
0,4503
0,6988
2197,0
4307,4042
9390,3198
3598,0
7440,0
0,9244
2060,0
1400,9372
0,6928
0,8901
4128,2846
762,0
3607,1381
3444,5658
5885,2483
0,8082
8413,0
0,7804
154,5723
3246,0
0,4609
6838,1827
0,8239
0,3202
5168,0
2103,0
3037,0
4900,6645
0,8345
0,133
0,4951
0,9242
1907,0
7046,2061
6063,0
9655,0
4902,0
7658,0
4733,8858
153,9901
9048,2257
9198,2086
5123,4099
8731,0
2445,1036
9504,0
5988,7720
2516,0
8060,9563
9957,0
9856,0
0,4758
6107,7613
0,841
0,1864
0,5520
4122,9941
7607,9245
0,6339
8617,6486
0,8122
0,3363
0,2277
1258,0
1840,1216
8027,0
829,0
6455,6936
5596,0
7778,2068
0,8521
7588,4153
8462,0
0,2504
0,2016
8991,0
0,8752
2274,0
1030,0
9884,0
4749,7912
0,5578
0,1023
2515,1490
9190,293
3558,9221
8814,0
0,7277
6343,6773
0,7879
0,8773
0,8929
7525,0
4910,0
2597,0
1427,0
2707,5995
2925,0
7019,5440
0,6209
0,3651
5430,0
4799,0
1826,0
0,1608
9022,4369
0,5812
3298,0
4877,8209
6463,7474
0,7890
4821,0
0,7746
0,905
3187,0
7114,8921
8058,2545
3469,0
1350,0
4001,6928
6904,3023
1297,7286
8836,4596
5193,0
2805,0
1188,5809
9548,6009
0,3434
0,5835
4340,0
243,1455
0,8301
4000,0
1159,5350
4630,0
0,1535
0,3576
8821,7021
0,4015
735,978
5673,0
6787,5222
7933,8309
8656,1689
0,2997
8633,4388
4452,4497
2690,0
3832,0
3802,8462
9010,0
9998,7195
9658,0
4216,7831
2835,0
8809,8508
6874,0
3730,0
0,2387
6498,0
5385,5131
2441,0
9628,0
8289,3460
0,2092
0,7992
8174,1921
5187,7832
0,9403
5664,3577
0,4473
0,1230
0,5817
6038,3978
8205,2536
2031,3590
7667,4473
0,7296
9605,0
757,8587
3810,0
6579,1984
0,1767
9816,0
0,5480
0,5526
0,1008
0,26
0,2794
4005,5030
5331,0
0,2999
0,2048
296,115
0,1054
0,7576
3735,5281
9560,0
0,9377
0,8220
4857,2605
3747,0
3614,503
4838,0
3298,8843
5470,0
4880,0
1629,5390
6140,1925
0,9906
2979,0
7482,6715
9489,7042
5054,0
6419,8738
4759,0
1344,0
6090,0
9010,0
5398,2308
9772,868
938,4652
0,2568
42,1100
4493,0
0,7473
0,8488
4189,0
0,9243
5784,1951
0,543
3229,9325
9050,0
4284,0
248,0
368,20
550,0
0,5511
3875,4715
6611,0
0,7617
5843,0
0,32
9265,1637
9275,0
0,7257
5593,6818
6582,0
6137,0
2703,6385
549,3072
0,1100
0,1079
6611,8255
5794,0
6625,0
0,2468
0,6946
0,5345
0,1776
395,2173
0,5988
8992,0
0,5130
6483,3336
1516,7032
6409,7922
0,789
9001,0
9045,4796
7966,5671
0,8806
8139,0
5752,0
2280,4337
2416,0
6511,1449
8664,0
0,9296
0,3549
2633,0
0,9042
0,8714
0,9073
3457,8878
3870,0
0,4726
0,2688
1661,0
3329,0
320,5745
6616,0
0,5280
2334,0
4577,2968
0,7211
5118,0
0,5190
0,6086
4264,564
4964,0
0,9513
0,2218
2202,0
8201,5531
0,8521
1276,5080
5352,8472
361,7687
2734,4938
655,545
2149,5773
8938,8403
964,6044
0,5228
6609,0
3363,8598
8967,6224
817,1170
746,0
0,9210
7540,7978
0,2893
0,4651
581,0
9590,0
0,1740
0,8668
143,0
4713,0
3203,1323
4088,0
9921,3056
2791,738
4226,0
9757,928
0,7298
8906,0
191,5358
1690,772
4543,1280
2009,4273
3020,0
2942,3164
6994,0
0,198
8978,1886
0,8899
4943,0
9638,9169
0,9396
97,5844
6694,0
2883,6886
4362,4573
7658,8905
5854,9668
0,8874
0,6121
0,5682
0,9838
0,2755
0,2646
1655,0
0,1294
5838,0
690,5935
0,7384
0,4027
4270,9303
0,1929
8208,4454
1597,1388
0,285
0,5369
5968,0
0,1849
0,6933
4496,0
0,6700
6992,0
2000,0
0,3144
5067,316
7172,9337
0,5772
0,7828
227,2864
9217,0
3150,0
8927,9119
0,4135
0,2057
1069,5465
7755,4671
2166,0
0,4167
2430,0
0,7498
9804,0
6836,9423
257,8103
7252,485
967,6469
4043,4118
0,2970
3237,0
7106,4206
3267,0
9672,0
2846,0
5771,0
6007,8202
6446,0
5700,6251
7804,0
0,8061
639,0
8546,1607
9396,2590
5726,0
5560,0
0,2666
3170,7072
0,2843
8095,0
0,3867
647,0
2069,7094
4010,0
3345,1814
306,9019
9875,946
1947,0
2554,1344
1012,8280
3937,0
0,7741
9239,0
4814,81
0,2909
3770,0
6777,4417
8632,8846
1511,0
6616,0
4456,6923
3876,0
7870,0
2754,425
0,3767
8705,1105
340,5949
0,9580
6364,3661
0,9623
0,3431
7565,0
7849,6197
2195,9360
8839,8812
4217,3295
5736,0
7627,3606
3917,0
4031,1085
0,2737
2191,0
8687,1039
0,5052
0,3732
0,1272
7164,0
0,5013
8438,0
0,7277
5629,0
573,0
6685,0
4971,0
8584,0
1688,2734
1740,0
0,428
0,1296
5480,9620
5028,0
892,2193
2396,0
7206,834
2331,1580
0,7960
172,0
9325,6857
0,4297
7460,5472
3301,9148
8206,5042
3028,5432
0,7947
6728,0
7567,0
1106,8460
3950,0
3975,1157
4337,6306
0,2450
4267,2910
1136,3593
9767,0
0,7227
3496,1192
6376,1703
6234,9405
0,1704
7353,3864
0,4921
5621,0
0,9572
0,7357
729,1602
0,3467
4052,0
0,5189
0,6145
3214,0
0,6711
608,9749
8414,6842
0,5550
8547,0
9414,0
1429,5036
4964,4811
4608,0
2168,0
3831,0
8805,7884
3763,0
3074,0
0,6288
4704,0
2999,5312
4451,1414
2155,0
6965,0
115,6379
1906,1544
1415,0
0,6024
0,8524
1362,2932
4357,0
0,8121
5350,3892
0,6679
180,8114
1381,3180
0,5833
0,5582
9440,0
6286,0
7940,8193
1100,9355
0,7456
5380,0
0,6742
7098,0
6909,7916
0,2260
1808,1870
0,1989
0,322
5170,3412
6156,9765
0,5597
0,5281
5153,9265
0,6253
8621,8539
3710,4001
2704,9692
743,9803
0,7653
7719,8492
0,9527
362,0
1517,0
9176,6687
3760,0
0,2755
930,7778
0,6083
7044,1510
0,5666
0,6047
9667,2754
0,411
2558,5771
8065,277
4264,7979
9805,0
6833,0
4974,0
0,8734
1343,0
1490,2273
2241,9526
8356,9286
0,693
4952,1087
6741,4620
3842,0
5032,6400
8252,3097
6677,0
1076,6483
7143,0
7806,2118
0,5816
0,5263
279,2343
7536,0
0,5892
1807,0
0,6759
0,3327
0,7837
5808,0
4237,4061
9509,915
6578,0
0,3722
0,5205
5841,2415
1022,0
7678,1301
0,5215
3823,908
1108,5630
3816,0
2390,7811
1021,0
5649,0
183,0
891,9692
802,7470
278,0
1192,0
3407,0
1189,4429
3728,0
5731,2767
0,9555
3675,0
5185,0
2886,7576
5304,3907
1347,0
738,1530
841,0
1223,0
0,1501
9845,0
275,3253
0,1464
7682,1054
0,3414
3821,4415
2969,0
9607,8155
4989,0
0,294
6401,0
1248,0
8609,0
8768,0
3733,7868
1334,3578
8161,1609
6832,0
3073,4515
6541,3406
7929,362
7822,899
7859,7429
9055,2849
9923,4787
0,6324
0,4392
3463,0
6482,0
309,215
0,1644
0,8262
0,626
3749,0
0,290
9733,3071
0,7555
3971,0
4985,3026
0,4908
7814,0
0,9681
8899,4696
158,0
0,468
5598,0
0,9393
5292,0
19,9042
1693,5161
0,1426
8233,9985
8982,2205
8498,3967
0,9861
0,3046
4368,0
2728,3268
4805,2886
8650,0
3355,0
8764,0
3641,4057
833,0
3100,0
0,2432
3953,0
0,2936
9262,0
6904,4494
779,5780
7541,5147
5889,0
8415,695
3156,0
2429,6511
1314,1194
0,4956
5252,2812
8618,8352
5339,7442
785,0
0,3204
2228,0
4122,9132
0,4901
4913,5797
48,802
6066,8464
0,9223
5530,0
5734,6845
5123,0
1801,0
525,420
8728,0
0,9514
0,2361
2718,7386
6123,0
6519,4380
1742,0
0,1790
2235,0
0,3734
5467,5785
7662,1202
2630,2785
8915,0
0,9441
4852,1890
0,2714
1404,463
0,4123
7850,1200
964,0
0,2706
5802,5758
4497,8038
0,4752
0,7470
538,0
8672,0
2220,7588
7600,0
7029,0
7271,2335
5167,0
0,244
2800,649
1444,0
5019,7025
0,821
2783,968
0,4786
5721,0
2257,6259
66,0
9428,0
8517,7028
0,5547
0,4940
7882,4648
3616,681
4893,6417
0,6337
0,6349
3362,0
0,6146
7621,6030
932,0
6662,3189
9603,6729
4119,9031
9015,2637
0,6684
8184,5541
1624,0
190,5241
6747,5083
1658,8077
1420,1839
4427,0
8492,0
929,0
0,1862
9458,4291
5051,9061
1020,9171
8092,0
1808,4152
6720,9993
9693,8345
6060,9883
3586,2807
4966,0
885,0
7084,5312
0,5577
0,2101
0,4540
3963,1150
8831,9015
211,9852
8187,8304
0,9996
2456,0
9989,2150
0,6049
0,8541
0,7000
3786,9742
0,870
0,4560
6448,1967
6661,8140
6507,625
9290,5339
9640,0
5192,0
0,5081
7823,0
1692,7813
2413,6647
0,4447
5189,2720
1448,8975
2463,0
0,7519
9397,0
9486,6058
0,5993
6684,0
1332,6324
3227,6524
0,1033
1606,0
0,3298
9789,3709
9946,0
8156,0
6372,9604
4111,8835
0,3958
6354,3838
0,5841
9897,4687
1834,6582
0,3167
0,1640
9692,0
2673,1299
9036,3969
4597,8825
0,4544
2478,5835
0,8851
5440,0
7687,9881
7749,4042
3720,8002
0,3618
2690,1718
200,1103
4885,0
2743,0
166,0
5877,9202
9386,0
0,7065
5019,507
2900,4699
0,8340
8490,0
8222,0
0,1942
4243,971
5561,6933
2689,5761
0,7575
0,779
2153,9035
0,8030
8238,5582
0,6267
2648,3524
0,5548
8223,6133
3889,0
0,2111
0,4267
4054,0
0,9615
4132,0
5377,0
5504,4246
0,7657
0,9145
5687,0
0,4193
7788,0
7717,0
2925,5941
697,6814
0,3876
0,5611
0,2981
2810,3384
2596,0
1313,0
9111,0
2220,0
4475,0
1205,163
7023,5933
4356,4812
3310,2073
9376,0
8015,0
0,671
0,1976
6282,0
0,9092
5478,7554
6034,6792
5528,5146
3610,0
7206,8085
3252,8411
8249,0
4345,0
5088,7655
0,4464
3890,0
0,6940
3366,8488
8917,9649
0,3874
8741,0
0,4776
2854,0
9922,6464
4706,0
0,7959
5540,2800
0,9885
5406,0
7541,0
0,1432
2781,0
0,6147
0,7290
5796,1397
1164,4538
0,2593
9314,0
0,9237
6778,0
6365,1329
2217,0
4129,452
0,9535
3775,9332
9621,1564
764,2402
3890,0
8550,4705
0,4347
0,7593
0,3562
186,8200
3876,0
7437,0
0,3803
1983,6212
0,6113
6664,0
5648,440
6833,0
0,7598
7672,0
6736,6222
602,0
569,0
757,9454
268,944
7655,4144
0,5092
4799,4677
0,6783
0,4604
2896,7555
0,8544
7996,8938
3814,0
0,1486
5898,0
7708,6500
6437,0
0,7194
7733,3473
8139,5388
7618,8821
481,2417
3499,0
0,4389
3981,2097
1945,0
0,9942
5025,0
9944,1561
0,5842
0,3650
2343,1271
1928,5548
8465,0
9022,6604
5050,6641
5426,5531
9058,8925
4908,8259
3315,8889
356,5260
4976,0
5203,1
5453,0
0,1395
0,6397
5046,0
0,6975
8882,6134
6637,7904
0,1687
4545,0
7218,0
7090,2127
1863,405
1017,0
5666,5993
0,869
5995,8672
6016,0
68,7006
0,5114
0,1624
2089,0
0,8726
7126,0
0,1672
8662,7633
5277,5752
0,7141
0,777
9361,1823
6771,0
2692,2766
1253,8709
0,1321
0,4281
0,6056
5905,8526
5278,3663
7253,2404
4160,7668
4077,2822
5301,0
8574,5061
0,4732
5839,5857
0,2610
8437,0
5377,0
7958,5702
1013,3674
0,7450
9730,5889
0,5008
9552,3230
7413,0
898,0
6536,6199
0,5111
1261,0
9843,7100
3198,0
9711,1636
5648,0
1328,0
0,2341
7281,775
0,7012
6665,5768
0,6218
8998,9435
0,9897
0,6468
6097,1772
1579,0
9114,0
0,2313
7822,4171
3950,0
9260,0
7077,52
7619,4358
0,7411
1371,0
3179,3392
3712,0
2828,3643
0,3754
112,8173
5527,0
5532,4642
0,9992
6955,0
0,905
4406,0
6184,1484
0,3803
5843,0
1214,7214
1799,0
607,5511
6573,0
9155,0
7190,9267
0,2717
958,0
7360,4072
2346,4315
0,6510
5221,0
9934,0
900,0
5209,6743
0,6424
3958,9516
0,4565
0,7391
8001,4182
6040,0
0,2862
7909,4407
5217,5269
0,7563
0,3489
4074,0
0,4009
6211,3806
7420,1420
549,5137
0,4507
0,8663
9073,9681
0,7074
0,2095
2266,7312
0,175
1720,0
0,201
7739,0
3691,0
9836,0
5822,6048
402,0
7469,0
0,5313
0,3035
3976,4534
0,31
0,6579
2127,0
3892,0
4051,5613
0,9496
5814,0
4527,0
6813,4364
6102,0
412,0
5880,0
0,4261
3195,2918
7296,7172
7452,0
7204,9061
6592,0
0,485
6416,6988
0,3677
0,1912
0,1012
1418,0
0,7521
8128,5789
0,4008
3670,1484
0,6866
0,5566
4038,0
0,1242
0,2172
573,3854
0,6990
842,8755
667,0
668,9345
0,2086
0,3715
9607,2964
0,3634
6973,3176
5119,0
42,9522
809,4081
1378,0
0,2295
8561,5897
0,1219
2887,6991
9974,3555
0,643
2900,2658
2729,7737
6374,0
701,0
0,7674
9055,0
0,9097
614,3727
3178,1993
117,0
0,8678
4400,438
0,7288
7430,0
843,1749
515,0
0,3245
1481,0
0,2183
6661,1556
9858,5717
2648,0
0,3262
6503,7994
5256,0
0,9545
5299,897
9983,5197
8185,0
0,9028
9164,5586
2772,0
8832,4254
4355,4416
6437,0
5972,6295
0,8620
9072,0
1883,5575
0,7139
2196,6041
6684,0
6938,6668
0,5123
0,7765
4152,3247
3351,6925
6819,0
0,1174
6600,0
2191,2572
3912,0
1192,0
476,0
8560,20
214,0
6062,6899
0,3000
0,948
0,7649
8714,2276
897,0
9202,0
0,381
0,850
0,1083
3423,1911
0,4615
0,486
7691,0
507,7906
0,6570
4805,2469
9570,0
3418,7695
6022,0
9972,0
4198,9174
0,8449
0,3527
9299,7554
4611,2722
9466,4621
0,4363
5108,0
0,5616
2936,2036
2186,0
4505,0
6114,0
9452,2137
57,0
9056,4256
8599,0
0,8156
7220,0
5710,0
4727,0
6454,2066
9540,1562
0,7361
0,32
9397,9365
7774,0
1122,3889
1827,0
0,1885
1,5083
6141,0
8776,0
0,5997
852,0
7829,5579
7645,4284
7646,0
5846,0
4547,0
0,3944
0,2550
7848,0
6439,9675
4090,0
1561,0
7549,7702
2692,6326
0,9449
2323,7401
1917,153
2981,9563
4437,627
0,284
0,1296
0,145
5241,5701
2696,3089
9216,9136
2765,0
1602,4326
7397,9152
2029,0
5478,0
0,7802
5980,1457
7955,0
1021,2392
9589,7770
2676,4959
9067,0
5105,4309
1688,7801
7399,0
6938,164
0,8541
4491,0
7693,6520
1698,3172
0,1238
0,1079
0,8929
41,3717
1322,0
0,3998
4589,0
0,9695
4865,1674
7497,2264
2578,4435
0,6789
0,6920
0,670
3441,97
0,8540
0,4817
9620,4032
3746,0
7750,5069
9291,0
9068,0
9795,0
3577,4660
728,1074
6925,0
5510,9354
96,8486
6275,0
0,9716
8591,3000
8257,0
7817,7877
3960,1564
7539,1710
0,6831
949,0
712,744
0,4290
0,5483
5364,0
0,875
1684,0
0,7960
7381,0
7676,0
0,5933
5901,9336
3811,9861
901,0
1572,0
8181,2522
3236,0
3267,7992
3184,8673
3475,8549
0,2266
0,2688
1153,0
648,8535
7306,0
4509,8826
4258,411
0,8070
273,9064
9420,0
0,7601
0,9835
6496,0
7828,0
6309,1304
8230,7313
0,7655
1,0
6442,0
3260,3749
0,7770
0,3234
8181,738
1304,0
9802,724
0,6401
0,4668
0,4823
2305,4065
4504,0
0,2735
5928,8940
0,5929
3665,6833
6580,0
582,5556
0,3157
0,2877
0,95
1331,3698
820,0
100,0
0,6337
3969,8605
0,8474
7220,5773
0,3148
0,1599
9078,8380
0,5658
0,9015
0,2
0,5
2879,6069
101,0
0,921
5842,0
68,0
6205,0
0,6609
0,7967
2382,0
1115,7097
5321,0
0,3754
0,783
2770,0
785,4943
7073,3665
1013,7174
7875,780
0,3717
648,0
0,6854
2202,0
3463,0
4575,5846
8435,0
2943,0
5885,0
7511,1738
9204,282
0,9990
5225,5879
0,6239
3054,1531
7020,1150
5249,0
9314,1110
4523,0
7717,0
0,2293
3832,0
0,6776
8423,3870
5197,0
5609,0
6217,4415
4393,1443
295,8049
7682,0
9581,0
4499,0
2371,0
5941,6894
5330,3659
4880,0
5952,0
6228,0
5490,4652
0,688
587,0
5090,6805
0,9484
0,8128
7533,0
1477,0
0,5977
1945,3004
9791,7886
9899,0
0,4780
6684,7498
0,2912
1436,8984
0,9245
9672,0
2662,4763
4957,0
4247,0
8624,0
0,101
8895,9769
6079,841
0,5871
0,2673
993,0
7453,7677
0,947
590,9209
9931,0
8454,9604
0,1117
4367,1264
0,8615
4470,0
0,3606
339,9292
3376,6418
133,0
0,8862
0,3283
9136,0
961,6909
7225,0
6118,7157
9707,0
6762,0
0,1129
0,7303
9744,0
0,141
0,7880
0,8733
0,9567
4884,6589
8430,0
9872,7566
9987,834
0,7213
2386,0
4371,2093
0,1133
0,857
2262,0
8160,2007
7138,5701
0,2495
3582,0
1228,7881
1150,6113
4470,9580
9822,0
7147,9809
5178,0
7023,0
2218,1394
9659,7385
2527,7767
8243,4790
3156,0
6797,294
2105,8946
2789,0
529,4017
3569,0
130,8040
1261,9953
0,8408
9763,7562
0,6786
5127,2250
0,4786
9636,707
0,7879
0,5710
4283,0
6004,0
1242,8794
0,1772
2812,0
0,2943
3686,0
0,6070
3123,2659
0,3155
0,8760
5406,7626
3547,5043
0,6101
0,3832
1812,0
6127,7817
3595,7370
6611,5671
9142,0
1317,2595
2366,5003
7309,0
1073,432
0,4706
3588,7368
3466,8994
0,7013
4038,0
3115,6960
0,4927
4167,0
2745,7762
0,9356
3433,9801
8780,0
0,1147
0,9706
6410,0
139,4333
0,3727
1702,9002
2722,6697
0,6760
0,9131
3721,7187
4059,7888
0,6804
5650,1136
0,9084
0,4941
3835,0
0,3590
0,2499
0,3181
0,9954
6908,0
8956,9631
5232,4972
6391,0
4104,0
2447,0
8002,2924
0,3652
4060,0
2737,0
6071,0
8334,2160
163,0
4660,4582
4558,1493
0,1467
29,3494
0,5261
8466,7490
520,2571
7603,2967
734,5605
5892,5702
9258,0
6832,0
4951,0
8568,3286
5064,8732
4663,0
3315,0
0,7852
688,1247
1346,0
0,9813
0,7029
0,6880
9997,3119
2486,0
8822,0
0,5655
3740,794
0,2309
4081,3623
0,8744
3347,4356
0,4565
2208,8654
5813,0
441,2322
3369,0
9352,5754
6599,0
8874,0
0,7697
0,1082
3352,0
1877,0
0,5958
5534,0
4702,0
0,2668
3447,0
1323,9261
8043,0
1583,1413
1484,935
0,8084
285,6042
7170,0
3740,0
6608,7092
0,8485
9003,9455
4443,4537
0,9146
0,9657
0,6867
0,3139
6128,0
4904,7712
3603,6388
8648,0
0,8933
6814,1643
4459,0
9645,0
7646,0
0,6650
1675,0
1188,0
3143,4607
8711,0
1475,2857
8098,0
5046,0
0,8649
9391,0
9421,3863
0,6235
0,7357
6789,5152
8425,4436
7372,7978
1086,9047
1975,2274
8101,5119
6882,0
0,8358
9670,8177
5962,0
1180,1278
3366,571
5242,0
4435,8140
9023,9942
0,5812
5095,0
0,2467
1902,1335
1514,0
3610,0
8997,492
0,9077
0,6100
0,4812
817,0
0,4184
9007,1333
0,3442
9473,5995
0,4971
1807,8481
8894,2056
948,796
0,2463
0,7001
2079,3672
7494,8509
0,6345
4609,3
1158,0
8439,7249
0,7446
0,6583
888,0
2578,0
3026,0
0,1921
0,3704
2717,0
6167,0
6835,8247
1064,4330
6756,3813
0,1366
3817,1833
6794,0
0,6405
9702,7664
0,591
0,5568
4865,8747
9954,7621
668,6397
1325,3385
6231,7492
777,3067
5740,0
0,2497
0,8072
3863,0
0,657
1728,8988
7063,0
6652,0
2021,0
5620,6887
0,5575
4508,1788
1972,0
5173,8204
3326,5951
1271,9066
0,8669
0,3447
6741,0
0,6647
6085,0
5635,3149
6077,0
3201,8099
4661,8822
0,5782
4397,9495
7570,6370
0,2744
4574,8656
8695,0
0,6488
4515,0
9935,0
0,2855
7904,0
7502,3540
3949,0
5828,7151
0,490
0,6666
6272,0
6162,0
6742,1491
0,1316
148,5283
7162,0
1772,1678
7158,1707
2935,0
4563,0
2674,2065
4379,0
0,208
3775,0
699,0
3993,0
121,155
815,6863
1647,0
8179,0
2686,5342
9667,0
7020,0
6166,9956
0,729
795,0
0,5175
7996,8441
5384,1772
0,6083
1521,0
0,1643
9916,3870
8506,0
1274,6686
3359,0
2029,3026
8420,9050
9852,4587
0,8551
0,9802
9924,8112
4977,7921
6554,0
0,2322
6445,1215
2083,0
2858,0
3371,0
0,4646
8052,6924
8607,0
9951,0
0,9803
1614,8138
8355,6931
7940,8279
5043,2917
6200,1597
3279,5893
0,9725
0,6003
9225,9968
0,2597
1333,1567
0,9385
0,5850
9467,8443
2878,8598
8247,4492
6737,6602
0,4677
4881,0
7595,1082
8065,0
6976,1985
0,4085
0,9825
4054,5992
2423,5387
0,9666
4773,6052
0,4241
0,8395
2840,2743
2888,0
9346,4311
4254,4227
778,0
5310,8843
2724,2286
829,3323
6372,8817
3149,426
4810,0
5814,2370
0,588
8422,0
4829,2918
0,7669
0,2041
0,5008
0,1500
9236,0
3350,4546
0,6074
6832,0
9398,0
5621,0
3631,431
8120,0
0,3359
0,1224
0,4863
4143,0
0,9806
0,9779
4814,0
0,4050
8794,4630
8597,4769
0,5429
1573,102
0,7195
0,2266
7627,770
1712,429
4129,1746
1654,0
6609,5798
0,9141
5604,6827
8920,419
0,200
0,7285
4831,0
0,5535
0,3628
5638,7132
824,0
0,8452
9059,0
8882,3189
2857,536
1435,9466
6335,2952
8608,1940
0,7528
2359,8269
0,6830
5555,2560
9897,7609
8096,0
1238,3735
0,2063
0,4926
0,1084
6037,9397
4273,0
0,5709
8361,0
8661,6969
0,8440
4498,0
6710,2228
7400,2265
0,7298
9875,2886
0,1114
6621,1221
3177,8646
0,3692
9730,0
3089,0
0,3023
0,9442
9293,8374
0,7503
6815,0
0,3526
3139,0
5791,7928
0,5667
0,8465
6781,0
9687,0
0,5835
3651,0
0,6740
9818,0
9764,9531
0,9057
7906,0
6561,4722
5869,4634
8248,9009
108,4040
6937,0
9707,7752
0,6489
5189,0
0,1272
6870,99
7086,4892
0,6904
3995,6605
6436,2542
5663,0
7501,2224
0,3371
0,7312
2380,6968
0,9318
0,1061
7071,0
7550,2261
2230,0
0,9100
4098,620
3993,939
7524,7989
7544,0
0,3207
0,8033
0,7368
1404,2291
4680,0
9259,6034
3104,0
0,175
0,4646
2436,0
8645,5970
1637,2744
6590,0
3683,0
0,1227
0,4151
4435,6380
2184,0
0,3589
0,8429
0,1418
4463,0
0,1559
0,833
6205,0
3370,4850
0,5007
0,5652
638,1278
0,4258
2506,7844
0,6941
4225,0
6809,0
0,8967
6402,0
386,0
2036,914
0,2690
0,8631
5780,0
0,4842
125,0
494,0
2356,0
5021,0
8106,3431
1804,2332
0,8613
305,8208
0,6708
9766,0
0,1802
0,1
4492,0
8631,273
5748,2113
0,5874
3191,0
6638,0
0,1660
0,3978
0,2214
6310,9117
0,6616
0,8410
3324,7092
6378,0
0,5261
899,3388
5892,0
0,1641
1645,0
0,4836
4387,4153
0,259
5813,793
4237,905
3007,548
0,3836
7165,7348
2246,489
4441,8625
1389,3336
0,2288
6725,9779
1820,386
1421,3465
9164,8936
0,3551
3090,0
3810,0
0,8048
9809,0
8597,9832
0,5762
0,8567
6251,1622
7193,7640
4959,1080
9929,1684
0,1750
0,2281
0,1235
0,3516
0,4308
2201,0
3212,1678
6645,0
0,5242
2854,0
0,35
9052,7256
1657,0
0,6616
7326,0
8301,8186
6577,0
467,0
1608,0
5309,6395
0,7511
4992,0
9190,0
2228,3354
6881,5083
0,7885
5118,2891
5142,6775
9137,0
3392,6464
4867,1694
4650,0
2066,5118
3238,0
6804,0
0,2798
6059,0
0,5249
6701,4233
8603,3582
0,2442
0,4435
5334,0
0,4472
6650,0
0,1517
0,5587
0,8365
706,0
2040,7510
0,2111
0,808
7174,0
6057,0
0,4660
7458,5864
7103,0
300,2437
5538,0
0,2188
6115,0
3706,0
3434,0
779,0
2870,2819
0,7619
4930,1960
8427,2105
0,4485
5981,822
9146,0
0,6249
2367,0
8687,0
8499,0
94,4614
3444,0
0,6878
471,7808
1019,0
627,2670
961,0
4631,9389
7663,8905
3874,0
0,3021
7085,0
9270,0
3402,0
0,1901
3555,7453
0,7000
1255,3545
0,1727
1353,4898
5069,1981
7569,6031
7539,2200
5420,0
0,9295
8848,834
2316,5933
7248,1587
5386,0
9545,0
0,3101
199,9068
101,1455
2613,3980
0,3967
8879,8251
0,6448
4282,3487
8649,0
0,9755
8999,0
0,1315
3473,7838
0,8860
8489,2449
0,1042
5551,1805
111,0
0,2725
9634,6443
0,8513
4695,0
4962,0
6128,0
8682,4819
0,7681
0,3956
0,5832
0,1900
0,284
0,6298
1326,0
8104,1437
5554,1365
4162,5188
0,854
3701,2505
3495,8664
1483,9623
2275,0
4443,5642
0,6802
9598,0
0,1393
8744,0
0,3094
0,3003
0,1731
0,8549
3097,8603
3738,907
9458,0
0,2953
0,4895
0,8379
5061,7021
0,2908
0,3620
0,6459
5014,0
3788,0
0,7415
0,4587
0,4137
3136,0
0,6874
3152,0
4314,0
5153,419
1460,0
8799,0
4752,0
9430,8576
6442,9183
5036,0
0,8824
8148,0
6239,0
3859,5387
1981,6996
0,4722
3871,0
6922,0
7348,0
8605,0
9808,7404
5331,0
225,4762
0,6667
0,8173
8124,0
6998,0
0,3238
4116,4759
8625,6098
1755,0
0,5626
0,7743
3812,4391
9820,2418
0,9628
9822,0
4189,0
0,7327
6716,0
5501,0
0,2499
1113,0
5737,0
0,4363
1328,6281
0,2149
1908,0
9893,0
2055,0
0,5256
0,7962
3788,3532
8010,7083
0,4726
0,6361
0,3190
8860,0
0,4598
0,7484
0,7239
3765,0
9389,5674
0,9282
1396,9303
8996,9535
4560,0
7497,0
1872,0
0,2732
234,9756
9093,0
2947,7953
0,5905
0,6392
3389,1514
3631,7155
1097,3020
2829,0
0,4225
7649,0
0,2209
0,1259
0,1512
6767,5991
0,7002
5748,3337
6804,0
1291,7285
4601,0
3678,0
5357,7309
0,6455
330,0
4800,0
2201,2450
3934,5963
4659,0
0,5219
5087,3990
1211,0
993,6959
2670,0
5655,0
5082,0
7804,0
8246,3162
6070,0
9617,6401
0,4418
0,3570
6868,0
9533,0
0,6756
0,1633
747,7959
965,0
4918,3635
9537,573
7596,4620
830,5401
3381,9077
8563,9452
2469,8181
0,3838
0,4889
7408,9469
7859,6942
998,4404
3698,7746
6037,4445
5705,7003
0,623
638,5723
1197,8235
344,2027
3636,3725
0,2200
0,3574
0,9032
7413,2982
0,4822
0,1781
1764,3450
0,5462
1196,0
9908,6901
9227,6094
7525,9866
0,8723
8101,2162
751,1738
5888,1856
0,9066
5431,4321
8099,2845
7304,0
7667,0
3801,0
3206,9987
4894,4403
2211,0
1304,1438
0,8830
1304,0
0,9406
4879,8305
1144,0
0,5084
0,5594
9405,7933
0,6710
9953,0
0,3755
5537,0
3743,0
4076,5955
5234,0
7394,0
4212,8699
8849,1766
8105,0
0,9250
4495,235
4334,4329
5829,0
2263,4268
0,2217
0,6917
0,5912
0,9716
6343,0
5671,1578
6049,3065
7711,0
1764,0
2028,0
288,2100
9121,4784
2335,0
0,8164
7196,1377
2433,7647
0,2807
4565,9567
8719,1156
0,5063
1824,0
6642,7873
8021,0
0,9786
914,162
9657,1202
2263,8778
0,4599
0,5101
2764,9430
0,5197
7078,73
8005,0
9641,0
2799,0
1788,0
3881,0
2497,1903
0,632
0,3698
0,1348
4901,3059
126,888
0,2361
5989,0
0,2468
5620,0
2541,0
0,2183
0,3313
1109,2139
0,4990
0,435
6894,3355
1067,8585
7054,1863
9934,1955
0,61
2844,0
2422,8834
0,4214
1302,0
3084,3844
2249,0
6027,0
0,7136
4740,0
2127,5311
5284,0
0,6352
7608,0
0,7542
7677,0
0,521
5717,25
9355,8721
0,658
7345,7324
4502,0
0,529
0,7833
7665,0
2682,9793
2248,7966
8815,0
4319,0
6636,2534
0,4313
0,1569
4835,0
1594,0
110,0
0,7456
3158,0
7051,4080
9881,9247
0,7547
6184,4596
7340,0
2563,6155
0,6882
0,5984
9416,0
0,5088
8114,5133
0,9709
9324,0
5543,0
4045,8702
3525,0
2782,0
344,0
953,6529
9292,0
0,1855
4449,0
8738,7029
0,8154
3574,594
3243,0
5727,9720
1397,5052
6309,6941
0,354
5643,2751
1451,8426
0,1795
0,7111
8325,2415
5405,3287
4271,0
7598,3009
6883,7894
1164,458
8488,4407
0,4216
4128,3544
9268,0
0,8494
793,6129
1245,0
4555,0
4040,7677
0,2365
93,0
5653,4364
9774,0
7374,6658
1146,8538
7116,9635
0,9263
3851,7074
2807,0
7513,0
1613,8306
9422,0
0,3977
262,4591
1655,4776
6956,1748
0,2610
6113,4470
5862,3487
1129,0
0,8246
0,4972
0,496
0,317
3616,9560
3610,0
0,3033
8089,8416
7011,8351
3007,0
3127,9964
415,0
2575,6529
2295,0
0,3424
0,2042
1670,2093
7014,0
2590,9062
9497,0
8622,0
1436,6488
6141,9526
4905,3152
0,7913
0,1005
7878,2234
0,453
8763,1124
0,8780
4548,4340
0,6219
6433,7837
5399,0
6899,0
0,5522
8004,0
2010,4145
0,6916
7297,4070
0,9116
5076,2708
1351,0
3161,0
5030,0
0,9579
0,9717
0,2827
0,1198
0,4455
6094,7081
9977,4098
3749,1988
8244,9942
8904,5542
0,3734
4659,0
6442,0
0,9604
6125,0
0,5020
7605,8052
4738,3404
879,0
0,2731
0,697
0,6727
4796,3562
0,3040
3504,7619
8582,7518
0,3241
6608,0
0,9603
0,5378
7630,9059
398,0
7112,5137
8640,0
7431,0
723,4181
0,536
909,8736
4098,9624
1777,7603
0,360
0,8598
0,1730
0,2854
1334,0
0,8964
2856,0
4200,0
3769,0
7961,1201
6083,0
0,24
9220,0
8761,0
5916,538
922,3160
898,6044
1759,0
7774,0
7355,9109
1950,0
8073,0
4219,0
4776,0
0,2737
9189,1198
1421,4572
1222,0
864,0
0,6781
522,0
9941,0
929,1700
0,8704
0,3276
7813,0
8864,5886
6612,3083
8160,1388
1072,3274
0,261
4473,5547
4834,0
6189,5699
0,151
0,6202
0,2421
7622,0
0,3543
4670,3977
0,2484
5782,5684
8371,0
8767,0
3784,0
0,7910
0,4280
3457,0
9976,9647
635,0
9799,3115
1858,4836
5537,0
0,9659
0,5473
3636,9844
7957,9419
5528,6328
1814,0
2860,5599
4136,0
3509,4238
0,6966
0,6924
0,9809
0,6413
0,4438
1249,8462
0,2051
8122,0
7525,1758
6787,0
1178,0
1811,0
0,4672
8592,0
7340,0
4986,4288
9068,4160
1212,0
3970,3792
2095,0
8230,3345
0,2149
5397,0
9092,0
5240,5880
8405,0
8196,216
9411,4808
4889,8003
5557,2229
105,0
6517,0
0,7729
0,8675
1522,6951
5571,9752
0,930
0,5694
4411,995
8617,9651
6875,7022
6070,5072
0,5481
9881,2128
3485,5438
0,3591
5982,0
2764,0
8606,0
0,128
0,4934
0,4869
0,1783
0,277
0,9181
9928,0
6203,5998
4727,0
1480,4608
5571,4966
0,9930
0,6029
806,0
0,9413
8943,0
9541,0
1013,9423
8385,0
0,8949
7156,0
8130,7084
3641,0
0,8368
7777,4564
2977,0
9531,0
3279,8089
9054,4085
9411,5770
3499,8354
0,3041
1870,2863
0,255
0,3671
9205,6898
7658,7335
3983,1299
0,7067
0,9447
0,2646
2796,0
5671,0
9252,4725
0,8664
496,0
7019,0
6701,8889
0,9166
0,4953
2838,8350
1852,496
0,5835
1796,7356
2903,1465
0,4535
4112,9600
5699,9783
5675,0
4508,5837
0,5005
9497,635
7351,6199
0,2561
0,8670
7514,0
7021,0
8701,0
5202,0
64,8106
1963,6867
2642,0
6468,0
5858,2143
0,367
7980,0
5372,7478
7545,2723
3678,0
5285,0
5741,2800
7249,2763
0,5950
0,7370
6448,5535
5476,0
0,8119
4486,0
6460,345
0,9754
713,8995
6664,6085
6474,4209
0,153
1280,0
9197,7022
6895,6446
9785,9063
2397,5257
0,8845
792,1910
0,3195
29,1743
2067,0
2089,3082
6244,2802
2078,2908
8887,0
0,7697
8706,8398
1792,0
5420,8687
0,5206
0,6747
0,4184
5593,1256
6095,2849
4452,6124
4593,6519
2614,6682
9601,8858
9484,1680
1767,0
232,8885
6069,8939
0,7862
6842,2704
6550,1193
7911,4301
7941,8375
8485,3534
9631,0
6384,0
0,977
0,3320
0,205
0,7144
1885,3946
0,2118
2831,1587
1057,114
9449,0
0,5999
9093,730
301,7035
0,8787
0,8738
3368,0
2822,4073
7931,3426
7393,0
0,9572
0,5517
3518,0
7636,6350
9841,0
6464,9290
6594,9284
0,5688
0,5592
0,9121
4379,3293
7859,7747
247,0
1821,8178
4108,9214
3769,0
8787,6505
3257,0
4759,0
8656,4600
9587,0
3891,6182
4405,9182
1870,0
4774,0
3542,0
7887,0
6901,0
2083,0
0,6192
7937,82
3932,6725
6588,0
0,1347
8084,7688
5948,0
2809,9840
3854,0
0,5725
1635,3798
319,5177
0,8207
6579,0
6341,0
0,2654
4855,6514
2736,0
3240,0
0,2272
673,4062
9960,6622
1734,2769
6462,5589
9984,5486
1314,1620
0,1633
6798,2237
9840,3377
0,6182
2041,0
8837,6896
7184,1574
5685,424
899,1663
2696,0
0,2656
8194,7461
0,4657
3050,5411
144,4365
0,9429
5999,3830
0,5839
7207,3758
2022,9249
4427,0
0,1611
2433,1831
2036,0
0,4732
0,9221
7389,3100
6682,0
7757,9733
0,7901
4098,5259
7330,0
9090,0
0,6298
2756,7960
5547,7184
8819,0
8795,1253
3524,832
0,7019
5564,0
6240,0
2592,2923
5770,350
2656,3998
8252,6755
0,5583
6853,8348
4580,2790
4646,0
750,193
4521,0
1886,3317
0,5411
4149,5410
2430,0
4903,8671
0,7495
1594,0
7846,4251
0,6098
1007,1696
1681,0
44,6262
651,4691
0,1402
4884,8120
973,0
1438,1797
2183,5587
7208,4613
5301,0
3284,7970
9606,4879
0,7453
9131,8847
3551,0
543,5232
0,588
1495,0
0,5094
53,0
3215,1026
0,4653
2823,0
241,0
3733,5543
0,7018
0,1749
1898,9923
9202,1029
8771,2753
0,9315
7986,9167
9903,9481
7818,5183
0,7871
5348,7791
0,2285
2445,0
1405,2686
1752,0
8230,3894
0,1743
5644,0
0,4846
5085,438
7600,0
0,5586
5421,9657
5068,0
4840,9644
1110,0
7436,8
2474,9882
0,3880
2569,3481
9019,0
7375,0
2543,0
5232,4210
7866,0
4648,5466
0,4402
1053,0
4059,6122
5232,0
0,6342
9089,3203
0,1564
3086,0
5444,5655
1561,0
6454,8937
5640,0
1957,0
3207,9823
1191,7856
5290,0
2258,6343
9755,0
2465,0
5217,8232
1330,4306
0,7681
5871,4522
5762,0
177,7323
0,6632
0,1420
5629,8218
2294,0
8042,3485
6694,3332
0,8952
9675,1003
5270,2141
5991,0
374,0
4794,0
0,665
6333,765
0,6511
0,7761
0,4350
9182,0
2569,0
7611,611
0,4305
3943,0
3257,3619
7213,0
5760,3204
9015,0
526,3809
0,5529
0,4279
6295,0
0,4384
4218,0
8735,0
2707,1304
4877,318
0,9839
4623,0
6049,7880
9478,3263
0,5239
0,5423
0,6994
9233,9320
2523,3709
0,8819
0,4390
0,4385
0,1939
7786,1031
3244,2664
1350,0
2503,5973
1020,8552
3854,0
1815,263
5738,8283
0,7113
0,4920
6434,0
8630,0
6621,8796
0,9825
3182,2749
1764,0
3781,5009
3633,5131
169,0
1105,0
4689,4959
1688,6505
5222,0
4789,910
4541,0
5830,0
7869,4461
0,4490
3258,5435
4315,0
8184,6080
7409,1966
1089,0
7097,0
7179,8202
2448,1869
3162,0
0,8385
1564,3163
9295,0
3230,0
7081,1099
0,8092
5589,0
0,9905
9285,0
5985,0
3678,7075
7738,776
8334,4917
8979,0
0,2141
0,5161
527,6485
8324,0
2591,0
4948,0
2655,4536
7765,0
0,1292
0,6667
3004,4136
3363,0
1211,0
7459,9546
6019,6438
329,2806
8580,5250
0,9107
1736,6292
0,4327
7848,3879
4000,503
8415,0
8748,5797
3058,0
0,6063
1035,5828
2746,2247
6930,206
1793,2950
6645,2123
5756,5226
7373,0
4333,9109
17,0
0,7866
7143,7437
8369,0
9203,7118
1356,0
4017,3821
8324,5053
9650,1071
7300,6580
1278,9094
0,7923
1217,5287
3150,0
9012,0
7701,0
748,0
6895,0
8576,0
3450,0
0,4807
0,6401
0,8366
1454,8279
9437,8755
4860,0
7849,4391
8640,9066
9679,0
7658,8691
0,5359
0,22
0,4617
7913,0
9882,1364
2853,0
6171,0
8667,0
1261,122
0,699
0,7940
1415,0
2332,0
0,2011
0,3452
0,1119
0,8423
1141,5309
3040,0
383,2923
419,3236
0,6590
6131,0
1391,7392
0,4470
0,2858
0,9507
9585,4743
0,5379
6754,0
0,7457
2527,7643
0,3669
2952,0
2725,3335
1845,0
6572,7035
9735,0
0,1126
96,4872
5597,8188
7731,0
7695,0
2752,7257
2696,0
8666,1528
6964,0
9171,2845
4863,0
0,7588
5460,0
0,2033
0,469
4737,1540
0,4833
6413,7193
3022,0
5201,717
1460,0
7975,4156
7460,6641
5685,4425
7835,4856
7270,2699
6981,9037
287,2442
2649,1021
4475,0
1490,0
4837,3086
0,1250
279,7068
0,5481
0,6855
3435,5761
1012,0
0,6697
0,238
1554,2591
0,8536
1629,3225
0,4278
4247,5454
7576,5737
0,2413
0,8713
0,9102
5782,9058
4584,3568
0,8019
9329,0
8915,1732
3623,4237
1971,0
6828,0
3713,0
0,4692
2736,2381
146,0
8119,4813
2726,6943
3526,0
6046,9309
0,630
2877,0
8649,0
8288,0
3940,1912
0,5912
7090,8631
0,803
7088,0
0,9825
1337,5642
0,9456
455,2863
6399,0
9254,2445
0,4702
3076,6169
6065,0
0,4353
9290,2317
0,1093
0,3356
9724,0
4160,6812
0,9656
0,9344
5298,0
8800,0
9639,0
0,8894
7646,0
0,722
9199,0
2448,7576
4015,0
9894,282
0,8124
3638,0
7175,0
9369,5181
7454,6008
4525,2753
2784,3326
8508,2423
0,8246
1318,6174
0,4914
6897,475
0,9345
8052,8592
1084,0
0,3917
6070,2512
6474,3245
311,0
8427,7765
0,2953
0,4636
0,9027
7059,0
7273,8378
982,8549
0,7879
0,7869
7224,0
6462,8309
5023,5337
2226,1094
7850,0
4340,0
4544,0
0,6396
5721,0
1032,2001
0,8092
6809,2747
0,7791
1297,0
5671,322
7633,2895
0,4095
1205,2424
0,3432
0,7283
2133,0
0,6677
626,1371
3074,0
7817,4107
8349,3291
0,5159
6039,0
0,7336
8435,0
7659,6068
1517,0
164,0
7483,0
6155,1002
6880,0
0,2325
4966,9488
3696,0
5836,1514
0,4186
0,4349
9345,0
3020,0
0,1455
918,5842
7524,0
902,0
5158,8385
7286,1314
9388,0
9602,0
6491,0
7739,188
2609,0
1703,4757
7762,0
9107,7108
7355,2127
0,5538
3583,323
1380,0
2759,0
8797,7918
0,6083
9232,0
249,8834
8307,0
3402,0
6930,6011
0,8633
769,7386
0,9876
0,2499
2004,3900
8037,5588
4223,0
6696,6982
0,5493
4900,2369
1577,4132
0,1826
2966,734
0,6369
6782,0
0,6405
0,3151
3792,0
3027,8287
1775,0
0,9812
620,6410
0,7317
3393,932
0,8293
3301,4388
0,5728
6215,0
0,4784
1762,3245
282,0
9651,0
0,3443
3691,322
1730,5466
5355,0
5279,5976
329,4510
3294,3722
5442,6105
2016,8744
0,4442
0,6710
9835,936
1494,0
4181,1777
0,3832
6192,0
7276,9884
0,9006
5350,0
2925,0
0,3254
5140,0
6976,583
4091,0
9328,4586
3434,3801
1297,0
4738,2791
4867,8919
4569,609
2752,0
0,29
646,0
9036,0
5721,1961
6626,412
0,1767
8398,0
2351,2490
1184,0
0,4619
5480,8374
7889,218
1166,2757
9138,0
0,1891
0,7013
0,7143
0,956
0,9740
2917,0
153,8133
1535,8552
0,3886
1043,1510
0,8120
6129,1046
6495,4019
0,7661
6777,403
3396,144
2295,9894
7157,0
7038,0
0,179
918,8090
0,1071
6223,0
9624,0
0,667
8058,933
8788,0
0,5283
8208,0
2945,4985
3649,0
5129,5944
6236,0
0,3274
3465,5332
3453,4383
3422,0
5454,9646
4882,5078
0,250
5746,4254
0,4534
8442,0
9818,6651
6409,2763
0,58
9105,0
6003,5341
9054,6163
0,2519
1495,0
6902,0
5470,0
4565,0
7435,0
0,3181
5014,0
7716,3457
4951,0
108,0
299,0
1420,9404
8511,0
4746,0
3586,0
84,5082
5432,0
1,0
9343,4566
1255,6778
5326,1858
0,341
0,7677
3799,0
5212,3907
9958,0
5653,0
4916,0
8803,9663
0,2390
3025,1815
0,8458
8801,7474
9361,0
0,616
0,7368
2474,0
7709,6120
0,1508
0,7775
5416,0
0,1069
6055,8203
0,4858
0,6964
0,892
8780,4721
9351,7581
0,8712
0,4236
9329,0
1604,1804
5536,9314
7924,8098
0,2641
5874,6239
7317,0
7309,3372
7365,2543
0,5231
9508,5479
0,8288
201,5475
0,2397
0,1597
0,3518
2249,8238
5322,7785
7553,3246
5884,0
5888,1758
4616,3205
919,1925
6578,8284
4468,4809
3516,3977
0,9641
0,491
5117,8137
2888,9306
0,9522
0,1984
7760,0
9770,0
1393,0
3690,7281
7413,8306
487,8333
231,0
6618,0
1875,134
8678,0
9775,0
2656,0
0,5544
4199,8817
0,7023
801,2827
5170,0
8142,6564
6226,1832
3845,3640
0,4334
1973,370
1399,8591
5071,3275
0,3750
0,8502
4695,0
0,3777
3642,7594
2594,0
4618,3395
1537,0
3967,9679
6352,0
1511,0
3834,0
4531,0
0,5931
0,7093
0,3125
844,0
1627,5539
2744,0
0,6387
2617,1910
5096,7235
5306,0
7024,0
6313,3377
9468,7825
3576,3303
9476,8108
9111,1498
0,3511
8592,0
6636,9436
7892,0
0,636
3287,0
7024,0
6202,2120
0,1508
8754,165
783,0
3543,0
0,7119
3555,2370
5228,2667
3869,0
6178,2462
2512,2815
1898,405
0,6874
0,4367
1166,0
272,7369
0,3413
8878,8941
3579,9661
0,7122
9913,6904
0,3469
9275,0
0,3144
8737,0
5606,0
5130,0
1655,6210
4380,2697
578,5547
0,850
2917,950
0,1795
9892,7843
1457,3903
4965,0
807,9208
4839,83
8678,976
0,7416
3291,8835
0,8422
6341,0
4633,0
0,5211
6269,3784
6062,9186
4735,326
982,0
0,2439
8531,3134
3810,0
0,8649
9422,1021
9626,0
0,2917
1486,7104
1340,7827
0,5973
8548,447
1185,0
0,7247
4005,0
7573,4987
3595,0
7426,0
8877,0
1466,0
9886,0
2241,9512
3540,679
0,5026
0,3771
2854,0
9744,1403
0,929
6221,0
0,226
0,5749
0,2455
1492,0
4583,369
3877,0
1590,0
0,3831
0,480
0,5707
5507,2296
0,8361
7508,9223
9764,3168
0,5986
3060,0
6212,0
4079,1426
4375,5572
4067,0
5942,0
5008,0
0,1948
0,4986
0,5875
694,0
8172,173
6298,0
0,6062
8848,0
2049,1908
7880,8262
3829,1959
9688,0
0,3756
7164,0
0,2172
1006,0
4121,0
8398,6550
0,9093
4487,0
9266,0
2098,0
6848,0
8213,0
2856,0
7159,6685
0,6848
4890,5586
0,2054
9060,0
4227,0
5719,8349
2437,4117
0,684
0,9386
7102,2478
172,0
1142,7020
0,9356
5917,3005
0,3076
0,3503
9924,0
0,529
6636,8150
2836,863
8217,8555
9212,654
0,4112
0,5885
3499,0
0,3671
7643,9505
691,7792
8861,6609
0,4311
0,488
7815,9610
0,6905
0,1705
5055,0
2569,0
0,1782
0,4207
5894,0
92,9394
3707,8456
3065,1350
0,3757
9142,0
366,9940
0,52
428,8950
9663,5497
5855,0
7203,910
2781,0
4182,0
1554,0
8521,0
0,8613
0,7083
0,9910
8434,0
3667,0
1855,0
7517,2990
4087,7945
0,3751
3443,7795
3554,0
8706,0
419,2889
650,0
999,9171
9424,0
0,6268
1459,4855
6178,0
0,9846
7470,0
3881,4987
0,7968
2933,0
1719,6377
0,5274
7023,0
1610,0
6063,0
9418,7063
1432,0
0,9218
5111,0
4073,0
0,3960
1136,0
5703,0
0,435
2986,8182
0,4705
0,1576
0,1583
0,1590
0,814
0,8445
7878,0
0,9316
0,2400
0,8575
3690,5004
2536,4826
5266,0
9843,515
8675,0
8698,0
0,3258
0,7515
4842,2111
9106,3869
2926,0
0,804
8241,0
121,0
0,2335
1319,5694
7340,0
520,2606
0,364
3122,771
3194,0
0,730
5079,0
8245,9921
6027,7352
3791,8953
0,6107
9758,8551
0,9879
0,7715
0,2615
0,9555
0,3931
2161,0
4295,0
0,7490
7105,0
8220,2184
9809,0
2106,5836
0,5897
4790,4128
0,4549
2680,7716
0,3976
0,6643
6591,8842
0,3062
2773,0
1629,0
3644,0
0,749
0,2780
2934,6671
9247,5040
2508,3065
0,7298
7194,2943
1847,0
0,6276
3851,0
2920,0
4935,9119
0,7709
7480,5135
4778,0
6103,0
1874,2965
2119,0
0,1366
9849,2144
4432,788
9443,1627
0,1291
0,4392
0,5355
485,488
5798,5420
9607,0
3129,7088
0,7908
8213,541
7247,0
0,9367
4897,0
0,4747
0,5167
5535,0
6795,9268
6022,8298
0,3590
3653,4145
4078,9451
0,3686
8755,2696
775,0
0,8988
3735,7852
9076,7242
7220,3973
385,0
8720,0
3122,0
404,9917
3524,6427
8215,7185
17,0
0,4096
1320,898
0,75
0,8558
3269,4199
0,7005
2052,6622
4247,0
596,4633
7227,0
0,350
3574,0
267,7098
7138,0
4284,7156
352,0
1252,1673
0,9036
1748,0
7594,5018
4308,5140
2023,6360
1763,0
5633,0
904,0
0,1211
3212,5250
1922,3479
2349,0
0,6634
0,2315
2250,0
3989,8765
0,5737
8874,0
756,3182
9241,2780
9543,0
9051,5177
3365,0
8039,5042
1166,1251
0,3089
4730,2643
0,6694
9277,0
9010,0
5840,2999
293,0
0,9167
6448,9493
2350,5690
0,1893
6695,1324
0,60
0,5110
5102,0
6361,0
5536,0
0,7687
7786,0
6057,0
8844,0
9796,9138
4244,0
8306,692
8026,656
6382,300
2550,0
1625,9621
3138,0
4732,0
5352,0
3637,0
0,1676
8576,0
8992,0
6770,0
6530,6566
0,774
0,5281
1467,3126
0,7849
3427,0
0,5052
0,4066
7957,0
2307,3309
3935,5944
4198,0
0,2775
6096,0
7408,2866
4450,3939
0,1426
4714,0
6707,0
7660,2645
0,1087
1134,4958
6139,9244
9024,0
0,1331
7407,0
7276,1605
0,4897
4380,0
0,1789
1107,0
5728,540
7387,442
5074,0
6624,2734
6740,654
3822,7875
5613,0
7119,0
4059,9205
5969,0
5228,3245
3072,0
8143,0
0,9653
9243,6721
5614,0
7262,0
0,2336
7096,2038
5071,3837
2693,0
1713,0
8856,0
2944,2916
0,8913
4384,3266
2159,7456
639,0
4910,6253
9956,4153
2975,0
9125,237
8573,4539
2574,5670
0,7646
0,9272
0,1221
7579,0
54,0
0,8092
9436,0
1359,0
154,1999
1899,5065
8253,0
9218,1229
0,8344
1466,0
0,4041
1672,0
1687,1181
8735,8227
2402,6314
3624,0
6837,1938
550,6274
4637,1910
7870,0
3910,0
9857,2163
1625,0
3392,0
7420,4859
5055,304
8900,6727
9766,0
0,8502
8815,311
4816,2439
0,1654
4378,3319
0,9015
5229,5799
3807,9139
5569,3665
0,7195
0,4696
6248,161
0,1303
465,8455
8031,232
0,5940
8734,0
6252,3551
298,9021
5205,0
2340,3134
0,7570
8934,7501
6710,4503
1166,8013
0,3907
0,7947
0,2265
9250,4534
721,0
4767,9764
3222,0
7623,9475
7053,0
8496,2259
2599,837
5394,6292
8408,0
0,5118
8831,4960
3131,529
8868,0
8477,0
0,7727
7472,0
5010,2239
8593,0
0,6216
7708,0
4138,6204
0,6738
7042,449
3031,0
4777,6825
0,3608
1785,0
0,653
9542,0
0,7649
343,1063
6477,0
3303,5071
3587,9045
1287,0
0,5426
7500,6896
2164,4542
7345,5195
9993,2123
2021,562
0,3806
4262,9870
0,3805
2486,8051
0,2830
9114,0
8184,0
0,1771
0,4291
3066,0
9718,567
0,1883
5109,7545
7078,5103
0,9100
0,5401
0,9928
5271,7367
3733,0
5418,0
0,4533
0,8772
0,6125
0,8414
0,3611
0,135
0,1918
0,9288
9464,9097
4391,9133
8197,0
0,1104
0,9806
8471,3718
0,3889
0,8153
8423,0
6926,5374
0,7470
3788,8570
1081,0
8706,5260
0,724
0,6888
0,8940
6022,0
8997,556
0,8982
362,7594
0,7927
1484,0
6080,0
3635,3006
0,1789
477,9071
359,1559
0,9065
6819,2002
9790,1368
0,9612
309,4913
7631,0
0,6754
8288,5832
4349,988
3759,0
2596,9839
5742,6231
2846,0
8020,3324
95,0
0,4673
7446,1703
6675,0
3072,5566
6848,0
480,4480
2687,0
0,976
1781,5585
1965,5541
1419,4561
5381,0
793,8228
0,8813
1552,8282
7194,0
2955,4640
8139,9631
0,1211
0,8726
4593,5678
3206,7281
0,4441
8257,0
27,0
8951,0
0,4333
8608,0
2561,6794
4391,4113
5076,0
549,0
6225,8688
7664,0
0,2862
6829,0
8541,35
1774,169
4477,32
3580,0
255,2531
0,5039
6864,4559
616,9426
0,5008
3539,6430
6593,0
4463,2819
2776,0
922,0
4989,0
0,3531
7787,8944
0,2265
0,7281
6769,9231
9813,2720
4271,6677
7280,4888
6103,0
0,9643
0,6490
0,9528
0,6508
1655,0
9185,6645
7984,6355
0,5771
5300,3877
8036,0
1158,0
3509,0
0,7781
7649,4807
0,3753
0,2566
3396,0
9056,7128
0,8366
3636,9690
8598,0
6335,6582
9178,6512
2353,0
0,390
8756,1549
0,2266
0,2724
47,170
0,2717
0,973
0,7321
0,4339
4450,7514
0,8087
0,1303
909,0
7886,88
53,240
0,443
630,0
0,5828
5590,4514
8552,5638
0,6084
8355,8610
0,3638
5931,0
7977,0
4052,683
8469,1257
1987,9378
4797,0
9466,0
0,4034
5295,744
7358,7288
6572,0
1803,0
8586,6488
0,6941
5098,0
579,1030
4804,0
0,8857
0,9881
114,0
9260,0
1101,8727
9763,0
2761,0
1959,0
0,8532
0,4150
3657,1654
638,0
8595,0
3134,0
6767,0
7733,8179
0,6974
8061,0
8202,7321
0,9303
6048,1586
518,8809
6644,2478
8928,0
0,1996
0,4668
0,3781
9535,2246
0,2670
1422,0
609,9156
0,7405
6130,0
0,4332
0,6138
0,5896
7724,4154
4706,4369
6632,3635
0,7643
5631,0
2311,9282
285,0
0,9804
4517,2952
0,5127
0,556
2532,8238
0,6849
2571,2931
2988,0
8828,713
361,0
5082,6993
7169,8444
4637,2801
0,6949
0,5234
0,3613
5038,3314
6566,1128
8441,0
0,974
6913,4767
7823,9485
7699,0
5692,6527
1525,0
62,0
3048,7232
5052,0
0,1
0,2118
0,3431
0,273
6745,2298
1401,0
973,3086
6161,7887
7853,3985
0,5553
4797,3065
0,6322
0,2142
2930,2167
9374,7983
9852,0
7984,0
0,3219
7918,7259
3493,4663
9557,0
0,531
7981,6012
8418,0
0,5791
0,4795
8856,0
1118,0
0,4049
0,4986
2032,0
4395,0
0,5922
3237,2402
3181,0
7066,2739
0,6917
0,9607
2929,1688
5442,2927
0,6831
0,6336
0,8842
4312,5912
2891,0
0,4923
4452,0
4940,8936
1216,0
1338,4397
4908,0
0,6533
5321,0
6141,8251
2096,0
0,9576
0,8903
5912,0
7745,225
4628,0
4681,5527
0,9133
821,500
8070,2037
8678,9408
6435,3586
7813,3572
120,0
3979,6261
1386,6075
7845,2565
5651,6260
1468,0
0,9213
1789,9604
9849,6470
5131,5409
0,5953
5910,0
0,4588
3083,0
8174,0
7997,8294
4031,1976
0,5417
8052,2401
7982,3703
8661,9451
5268,0
8665,7057
0,8514
3528,0
3924,9132
4327,9834
2807,2318
0,5890
0,2597
0,4741
891,817
6718,5447
6234,4771
7849,4217
8475,6510
3668,0
149,2333
800,0
848,4328
1767,0
3461,0
4607,0
8413,9030
2158,0
1627,8944
0,2519
9762,6618
7967,0
1389,5816
214,9864
0,3883
3607,2476
6217,4408
5869,7066
8737,7636
0,2198
0,6446
8467,0
5477,0
7303,7105
9570,0
9624,0
3821,0
5329,0
0,5544
5076,0
0,8684
8213,5645
3092,4082
2711,1830
1719,4550
4028,0
997,0
7596,6474
0,4900
0,2691
2103,0
2024,0
796,0
1136,4205
2899,0
9942,2327
4896,0
7972,0
2238,0
9819,3958
0,3848
9409,0
0,7006
0,9465
0,6286
0,4009
9490,4181
0,287
1536,1070
4493,4435
0,4435
6762,2179
2591,0
169,4830
5419,9988
8788,653
3837,0
0,181
0,9591
9646,0
5878,1803
1121,5369
5985,1056
5656,0
2126,0
1957,9409
4585,8720
0,7177
3455,1758
2007,0
0,796
9527,5584
0,6413
5765,4199
6005,5412
1311,1883
7215,0
7252,0
3489,0
722,5616
0,2680
0,7644
1400,0
4821,4856
8374,0
3730,0
0,3258
0,6620
0,1472
820,5677
6884,2131
7560,4100
4565,4812
7301,8054
0,8024
0,780
704,8697
0,2105
0,3246
6961,0
75,692
3810,7701
3951,0
4321,0
0,5141
0,7874
7273,6861
1975,1838
1674,9276
9893,0
0,3564
0,8006
2262,8601
111,7575
0,7073
1264,1924
7766,0
9625,1718
0,3947
5341,0
9089,4642
3457,0
0,5433
0,3177
4710,8094
2573,0
1659,2749
17,0
0,129
0,3199
7203,0
5123,4969
7836,0
0,2428
0,2029
0,7784
6671,0
0,8174
0,2348
1352,1612
443,3925
3623,2102
6674,3641
6023,8025
3770,0
0,974
281,0
0,8117
0,2631
545,9792
4660,0
0,1332
0,1724
9506,6929
4073,859
8541,4516
0,2165
6618,1459
5806,2641
9484,9577
161,0
0,442
7057,6495
8560,8153
9127,9106
7945,0
7663,5522
0,7689
7247,0
4619,1320
5486,0
0,270
5326,2454
0,1132
5095,1214
710,5257
0,1262
5700,0
7757,4260
7134,0
3366,5080
672,1029
603,5792
8719,7850
419,3338
9170,0
6499,5007
6176,0
7461,7905
2958,0
9119,0
7815,1043
4931,0
23,0
7775,7158
0,1141
0,247
0,2841
6039,891
691,6459
0,9862
2365,729
4869,8541
0,2331
6446,0
4889,0
9181,0
6609,4113
6219,6633
6802,3995
0,6376
5137,6029
0,7308
8870,2663
0,9562
0,2430
0,1488
3159,0
29,5714
0,6476
1227,1515
2043,408
4219,8652
0,439
5286,0
0,9077
7700,9571
5107,0
6880,3978
6987,5080
0,6110
7510,2965
7598,0
7260,7627
6383,0
0,7610
5401,6147
8019,9621
4799,0
0,86
3865,4495
9163,0
4066,4271
5889,0
0,2876
6026,1790
8986,0
4756,6585
0,2016
0,589
0,8316
8199,1303
4463,6219
925,0
8760,0
0,2625
0,8513
4190,9547
0,80
0,1035
2957,6520
2825,1944
57,0
8529,0
9597,2741
4852,0
1058,3052
6804,5522
0,7729
4786,8031
8714,4135
0,4195
2649,0
0,5434
4928,4236
6469,0
0,9295
0,814
6876,0
5077,0
0,9930
1974,2159
2982,8778
0,2253
6508,2467
285,0
6603,0
9418,0
5790,0
4687,718
7398,0
8604,8156
452,8434
8970,7329
6793,4048
3804,0
3978,5779
54,0
4558,7736
0,1066
0,9499
6289,0
442,5708
0,6232
0,749
6951,6268
1906,5556
0,2359
3991,0
9689,785
7443,0
8680,1421
9272,0
8382,0
6471,0
4897,6675
7096,0
3483,0
0,9545
0,5765
294,0
0,2200
6279,6459
4560,0
9854,4249
0,7298
7742,0
8719,7015
0,7101
846,0
4698,0
1618,1794
6932,0
0,3827
4647,3104
9593,0
0,1628
7143,0
0,1703
379,0
5952,1435
5240,0
1172,3959
0,9644
0,1557
4587,5759
0,6206
7554,4234
0,6887
8062,5957
9991,7655
899,0
9283,0
0,7371
9745,4305
5313,0
5741,0
0,6914
4513,104
0,5574
0,1147
0,8963
7354,8888
0,8663
5775,0
4620,0
8915,5520
9586,8199
3562,3513
5570,3308
7818,884
0,3560
1437,8399
475,5951
8503,7034
1526,165
8181,2860
0,5536
1749,2326
0,7524
3587,0
0,2502
4340,2878
702,7903
6391,0
0,4210
0,218
7770,8595
8617,8246
4546,0
5280,6072
0,3462
8933,0
0,682
0,3198
8207,2330
2018,1499
4832,6359
4377,5535
4262,0
1808,5474
0,8966
5692,0
7562,4310
996,2109
0,6276
0,8719
0,7115
0,8738
0,3878
1936,6005
0,3955
7504,0
0,1882
6577,4577
2651,8386
52,7630
0,5744
0,4915
55,1376
7024,0
0,5206
207,7393
2321,5343
6131,119
9222,8067
6124,5431
2023,0
6473,0
5512,3050
6915,0
1436,0
0,8789
2712,0
3704,0
7551,0
0,5205
0,4464
2598,8256
9808,0
8375,9030
0,4500
4462,0
8130,935
1159,0
3985,8075
1806,5421
0,7600
4211,7755
0,7915
0,1327
8644,0
0,4579
9245,9131
0,9054
0,1212
0,4660
0,2547
0,3843
3482,0
7485,7467
2716,0
0,7759
6891,7100
5515,0
5016,6039
1994,3660
820,0
0,66
7659,0
9121,5521
2289,7206
181,8001
9753,3663
1845,3235
8305,0
703,1021
8622,0
0,5514
693,0
6181,0
0,8176
0,1156
6703,0
1222,4363
8688,0
9884,977
7550,0
0,7303
3730,0
539,0
154,0
3056,0
4836,0
0,5529
6133,472
1239,0
8648,610
7625,5351
8222,0
9714,0
9191,0
7887,0
0,6867
0,3395
7691,4584
5430,0
0,8487
6622,664
324,913
6193,0
0,7433
2927,0
8044,0
5386,0
9400,5101
3177,8592
4700,0
5334,4366
7932,0
0,5624
3965,0
0,9793
1680,93
457,0
1007,0
0,2393
0,1391
2427,0
1944,0
8396,0
2914,0
0,7615
2640,0
1981,572
4653,9744
6197,8619
2937,9667
8412,0
9760,0
6624,0
0,5088
3160,9606
6480,0
1736,8425
3401,133
9771,6315
1708,9709
0,4348
0,5912
4921,9636
0,1118
0,8595
785,6668
3213,546
0,9838
1313,0
0,4474
666,1407
0,2403
9833,3463
2536,9604
0,4245
9313,3709
0,4296
9622,3514
3933,5280
0,2189
0,5418
0,7089
5964,0
6927,7278
5455,0
1752,6121
3262,0
8524,3095
5277,0
0,5055
5306,2013
0,3899
0,8388
7414,244
3669,0
2433,7544
0,1291
4633,3430
0,1561
0,1142
0,2460
7264,0
4274,5789
9774,9551
0,2474
0,2156
0,3373
6056,0
1762,0
1043,0
5518,3476
2976,2984
4768,0
6415,455
0,7123
1598,2588
9584,8862
9267,3859
0,9041
3410,0
0,8018
3659,0
1392,9715
0,3154
3187,7847
8586,8706
1323,0
0,6092
0,8106
6547,0
5230,0
931,0
7008,199
8673,0
9241,0
3162,757
0,6821
6762,0
0,3566
4650,9725
1413,3236
0,2737
4798,0
8829,0
8228,5377
2315,0
3523,0
8272,532
0,6946
2193,0
9030,5356
3444,9134
2177,207
0,8715
0,5279
8440,0
8516,0
0,3314
6993,0
7286,0
2132,9601
0,5656
0,6953
6188,6294
3899,0
8981,2930
0,2426
0,5916
2633,0
4631,6407
7973,3072
1595,6489
9944,9520
9804,0
6275,0
2160,8408
6692,840
0,9540
7794,253
5835,0
0,4817
0,2374
7243,6689
8290,9877
9384,2922
0,7357
5994,0
3847,5939
7400,0
0,3676
0,5037
2085,7436
0,6149
6977,3672
0,2813
5366,5039
0,9991
7413,0
6681,0
4750,6065
8626,1035
3423,4620
8915,0
559,6316
924,0
9993,0
0,2078
0,4353
0,6082
8026,0
8895,3393
9670,0
0,7084
0,66
2788,6149
6132,1414
7184,0
6035,6100
6827,6595
0,7751
32,2409
9419,8507
0,8525
0,2716
4607,887
7347,3503
0,7018
28,7665
0,1427
0,6891
7577,0
8305,0
3419,4340
0,246
0,3279
0,968
5689,0
9475,0
0,2336
2893,551
3223,241
0,7504
0,4083
0,1362
0,2901
0,3088
0,6559
7850,185
899,0
432,0
1992,0
2803,7681
5849,2279
7859,1793
0,752
0,7839
994,0
5343,8253
481,513
0,5993
3415,0
9081,181
0,6932
0,5329
0,800
0,7638
9231,9968
0,5081
0,3179
0,6863
0,9218
4703,4926
5617,47
3180,6099
561,2796
0,3976
666,1174
4158,5096
8106,4525
425,3752
0,7590
1391,4557
0,6711
9638,9807
0,6513
6671,0
5732,1374
8750,1350
1422,1930
7449,0
0,9542
5959,5394
0,117
0,8823
0,916
2576,9969
8507,0
4527,0
0,4166
0,570
0,2545
4394,6411
0,3144
0,5342
5074,5211
0,9801
0,3285
5195,5470
0,5686
4293,0
6602,0
8016,0
0,2543
1176,1516
0,7050
0,7389
9596,0
0,3516
0,1562
8859,0
0,6184
4503,1528
9470,9699
6998,0
5385,0
920,0
8161,8936
7098,0
0,8275
515,8190
5325,2603
5579,4922
0,9380
0,8711
943,0
3413,7718
3483,0
0,2953
0,6244
5826,3001
0,6747
0,5697
5684,2088
4696,0
363,0
5355,0
7815,0
611,6900
315,9050
5612,1258
6348,0
8976,0
6942,0
0,4557
4467,8611
7559,2003
5358,2548
7700,0
4637,0
0,5000
0,3562
0,5424
4497,1300
2325,4813
350,0
6071,6698
6963,5048
0,3906
3271,9314
8463,7739
7926,0
0,3285
0,7442
4328,0
0,2535
8209,7447
0,8898
2872,0
198,0
0,549
3134,1481
7247,0
6530,3778
0,9802
3092,2468
7541,0
8491,7283
0,7063
4725,0
0,4564
1168,8481
0,7267
7380,4884
0,7579
0,3273
8128,3216
4755,0
3315,1285
0,7319
1087,2247
9788,8629
3266,8279
5912,7571
0,638
0,5615
5203,7372
4097,0
4640,1478
2100,2504
0,2182
0,7185
5399,533
2562,8714
1819,0
6034,2907
3964,0
1536,0
0,7448
4802,9445
8087,1006
5061,3290
8379,9159
0,3019
0,2607
0,9694
4790,0
6880,190
1836,0
8905,3655
0,4939
6563,0
762,8099
2355,0
5548,7158
4311,3635
8164,9373
6926,6544
8532,7433
0,9169
0,5088
0,4831
6391,0
5021,8228
5188,3926
1884,0
8866,0
1473,0
0,3828
0,2095
0,8806
0,9151
8179,0
0,6711
91,0
0,131
349,4746
4963,0
492,0
4969,0
3911,6853
2029,2777
5301,3503
0,1848
7331,0
0,8318
5707,0
7470,3886
2333,3166
0,2424
8426,0
2556,0
1226,7519
5517,1718
0,486
0,1415
7340,9429
0,2642
2932,6599
0,264
3501,0
0,9208
8110,0
0,444
0,3693
0,7646
173,5425
0,1399
2945,0
0,449
0,517
1864,9767
9947,0
0,2879
2657,6899
3144,6158
0,1727
5367,0
0,8462
0,6999
2156,6757
4645,2329
0,1068
3729,5128
0,6847
5577,0
0,7442
0,7312
3500,7610
192,6157
0,3336
0,9844
5063,7683
3289,0
6145,0
0,8301
3935,4489
631,6118
5557,0
0,8565
1208,6824
0,8574
4266,9201
0,7767
6812,0
3924,1323
9417,0
1167,0
3923,0
7325,69
1635,7168
8371,5570
1658,9003
1688,7216
0,2934
0,4573
9758,9782
3147,4025
0,9035
0,5796
5115,5717
7119,4533
1957,0
9014,5881
2745,0
5951,4380
3508,0
9950,5166
3326,0
0,6690
4573,8165
1263,4331
7947,4411
8357,0
3446,0
2728,0
0,9848
3095,7824
0,2109
3706,0
8449,9657
5261,1957
0,5211
7124,0
6849,0
3997,1423
0,5260
5754,5621
0,4112
2553,3118
4261,5281
1680,128
0,4776
7953,3266
6886,1659
4147,5335
1317,9408
7293,5298
4620,4417
2605,1469
0,6602
2893,1599
1862,0
7221,0
2759,9774
4652,7021
5056,6333
0,186
1109,5103
3452,7996
0,7600
0,8080
0,624
3378,1628
5042,5983
3098,8968
2585,5991
0,4447
0,7789
0,7399
7564,634
0,2620
6967,1571
2807,8077
0,6259
6073,3436
3860,9405
1517,0
30,4895
0,5073
0,5597
4041,0
1589,0
7912,6228
2399,3894
3628,9963
4528,0
2584,1496
9620,5391
9573,6294
1651,5647
0,5511
5052,1248
6380,5082
0,8878
155,7023
4476,0
487,6065
8807,8400
2293,1207
2294,5922
1171,6823
3971,3755
0,3591
0,7893
9886,798
0,9617
6310,0
0,2691
3676,7010
1570,0
4034,0
0,4521
0,6836
2921,4404
8044,0
326,9215
2039,4298
2971,0
0,2118
8253,0
0,1793
0,9227
0,8260
1918,4063
0,3488
7895,9305
9534,5924
3827,1645
2761,6749
0,805
1965,6377
0,4005
675,0
0,8565
0,2618
6342,8029
4411,0
7256,4799
1997,0
8862,7269
2663,0
0,2197
2682,0
3843,5444
0,9893
0,9118
0,6271
3124,6946
9265,0
5512,4377
0,1854
2406,0
5591,0
9318,7589
0,8181
4858,1500
4939,1434
3698,7621
0,7542
3066,8989
7435,9316
8108,3706
5588,1232
653,0
0,6165
0,8828
0,1636
3347,3611
1299,0
1200,0
847,0
0,5786
7493,5336
0,9330
2878,0
0,314
5791,0
0,1379
7660,0
6232,0
839,5463
5210,8859
7099,0
2470,0
1224,0
0,2072
9730,173
7858,0
0,1267
6554,8389
7742,4875
0,3534
1303,2724
4913,0
7398,1146
5345,0
6609,556
0,3709
9114,0
2108,339
0,644
2411,2970
818,0
194,6328
1537,6749
0,9280
1624,0
0,2927
6145,0
1891,3543
8874,7237
1781,5483
0,8879
9192,6908
8447,0
7247,1687
1945,0
4657,2763
0,4852
9092,1466
0,3809
747,3226
0,3562
6154,3376
1290,8046
0,164
5284,8701
5648,0
7580,0
9986,0
6142,7233
7715,0
6892,2373
851,0
7226,0
8287,0
3753,0
2055,0
2596,8210
4360,0
0,1280
0,1541
9982,9700
4619,7563
4541,4605
0,684
1839,0
8772,8731
3681,0
5552,0
9568,3839
9737,3321
2873,1793
4306,5470
4,0
9357,0
9947,3409
7802,9929
0,2422
7492,0
7027,1084
8336,0
0,7108
7598,0
6732,0
6981,6300
6990,6719
9622,0
8512,0
0,8516
2595,4691
4778,2542
0,2581
2472,1210
5003,0
8862,2031
1048,7198
898,0
4307,8496
9513,1040
1647,0
7340,0
3214,6963
0,1727
892,0
0,3488
8526,0
6031,6628
7603,0
7838,0
8468,6701
4637,0
3900,5535
2957,0
0,2471
9247,0
8967,6588
0,2181
3551,2817
3909,0
6652,0
7932,0
0,3963
1807,0
2466,0
0,935
6348,4023
452,0
9559,0
8455,3592
5881,7703
0,4848
4291,3588
0,7843
0,940
2287,3059
5093,220
8239,4268
0,47
1048,6650
9694,0
0,6042
4458,8037
6290,0
1447,4746
0,7329
0,6882
0,6741
470,9208
4585,0
0,6872
0,5242
7092,0
9511,1276
0,559
7926,7916
993,5512
3959,5451
3549,250
0,4997
4997,7079
2326,0
3961,0
4188,4432
3713,0
1309,3862
0,1246
9104,2740
0,8615
4016,0
0,1943
0,167
7455,9520
0,1005
0,5088
0,4767
2168,8329
2215,6130
2834,6403
562,6547
5178,1872
409,825
3119,9514
0,2541
0,7581
0,7304
0,5747
7471,6980
0,3091
7985,0
8179,0
9806,348
2318,2021
0,5152
8425,7041
1700,0
0,2110
0,2033
1624,7994
4574,0
5576,4760
7058,0
0,4530
0,5775
0,67
814,0
0,621
6149,0
0,2627
1528,0
0,3228
0,8583
0,9101
616,6964
0,5191
6718,0
9952,3776
0,459
8306,0
6235,5928
0,7050
0,3978
7671,0
0,314
506,1882
0,175
5110,0
8759,0
5156,0
7414,0
0,4132
4923,4520
7909,2696
0,6216
0,1215
2144,2473
8265,0
6452,0
1753,6806
6251,0
8688,7634
0,3799
3689,1195
0,8845
571,0
1096,5139
5797,6019
0,3706
8715,0
9923,1266
5855,2068
3739,0
5942,0
58,0
6997,6310
9955,5686
0,2391
9485,0
3586,0
0,4158
5399,7575
9297,1196
3595,0
4903,2311
3597,0
0,9452
6895,0
3573,2838
0,3632
534,4507
9942,489
0,3887
2881,0
1521,6468
3414,8000
626,8814
5575,9924
0,9171
8881,0
1482,0
0,5060
1931,0
2378,5504
9476,9888
9137,0
4395,9080
500,0
0,3382
4268,4489
0,7683
0,477
6498,8064
401,0
7236,9283
1425,8718
1761,1168
0,3692
0,6158
0,7283
0,8334
7294,442
0,7795
0,383
1177,9300
0,1028
6984,7361
0,3483
5426,0
9993,2662
1190,1418
1381,0
2587,5160
6644,393
1318,0
7677,0
4176,0
7807,1591
0,2839
1974,3944
2139,6847
4973,9124
4208,0
2607,9634
0,2600
2297,9576
4019,3678
2528,6606
8839,9172
0,158
5014,4678
7523,0
9649,0
783,0
8170,2758
0,309
9605,0
9434,3814
0,2041
0,6200
4642,0
5776,0
0,8305
5268,0
7478,2269
8421,0
0,5945
1684,6597
1276,0
9014,0
0,5376
0,4832
6711,0
8646,0
1232,2095
726,0
7841,0
0,7266
4808,9805
5530,2286
0,3952
0,9023
9897,6464
0,1174
8932,0
621,0
12,378
8992,6724
9569,7639
1250,0
9734,1976
0,7576
0,1213
0,3287
0,373
0,3094
4325,353
2117,0
6817,0
0,5749
2374,6019
9909,0
6397,8901
9112,5966
6541,362
6768,0
2339,0
3852,818
0,8696
0,5677
0,9679
8771,0
0,889
7619,0
8628,0
0,1003
0,2509
3391,5434
1410,0
1400,0
2865,8168
4227,0
0,8080
0,6271
6776,0
1949,5846
9809,721
9241,9842
1610,6861
6691,239
9878,0
1242,0
1800,4633
4349,0
7137,5749
1163,0
3918,5391
5208,5532
3471,1231
1803,0
1361,3753
6094,1170
0,5336
0,6084
0,7704
0,2076
0,7567
0,8796
2201,5340
0,9338
1090,0
9341,0
8563,0
541,2034
0,2344
0,7143
6097,8378
8313,572
0,9326
0,5913
7030,2981
7989,0
548,8981
0,2749
4321,4831
0,5412
8003,1429
421,0
5979,962
8601,1761
0,884
0,9405
9263,7218
9977,2978
6544,6634
8891,3574
9615,6881
7601,164
5862,425
0,184
5256,5002
0,3260
0,6018
9826,2411
0,8428
4172,288
9312,3077
9694,0
0,9671
1554,6839
6306,0
414,0
7328,8016
6086,3191
8441,0
3375,0
4002,8972
6958,434
4991,6785
2846,0
5213,7018
0,4526
96,1955
3102,391
1627,0
7231,0
0,7645
3855,2432
5661,9942
5623,4103
0,8999
7801,2945
7972,4759
0,2963
1544,6226
4936,6758
3245,7198
0,3341
9153,0
3733,781
9043,964
8714,0
0,2570
6580,4272
2512,0
0,1455
0,6176
4401,9176
936,7782
2140,2481
0,7076
9239,0
0,523
596,0
0,4329
0,3954
0,2924
8102,0
5494,4683
0,8007
0,6551
9462,8091
2728,0
7267,3664
1646,9407
0,5655
6484,5385
0,759
5909,3505
4187,819
7834,0
4774,3128
1321,0
0,6815
7559,5208
0,4447
1759,0
2538,4487
8150,9806
8152,9796
9213,4298
5451,5698
0,8361
6457,0
1866,0
6414,0
9042,1188
2830,364
0,9862
0,1624
5070,0
6071,0
6289,8609
0,4439
8416,0
4235,7630
0,9687
3328,3452
0,9786
9046,0
431,5460
0,9474
6648,0
0,713
0,7018
2337,7379
9021,0
4209,5310
7018,5526
0,5435
4996,3985
3065,8764
0,6393
2217,1720
6179,1264
1635,0
6725,1252
0,3374
3698,0
4087,6007
0,6425
3386,1964
4834,7596
7275,0
3123,7025
7288,8119
1011,0
6884,0
6747,0
6404,0
366,0
9538,7091
9292,5624
465,0
1548,0
0,4490
978,2385
6455,5812
9981,3731
7665,0
757,4953
1224,1768
0,8108
6452,2053
0,2857
0,7577
0,4518
4668,190
142,5133
0,1691
0,2180
6181,665
4566,2637
6477,4548
0,4142
7653,7126
9095,0
8894,0
6986,0
6455,0
8204,1436
0,9102
5954,6442
9292,0
1576,0
7788,1263
4655,0
1928,0
6608,8405
3770,0
2548,1424
103,1644
0,8998
0,7288
0,2502
1485,2550
3938,3259
1652,0
9702,945
5991,0
0,3780
0,8076
7750,4470
0,4359
2876,1070
0,5425
0,7440
7069,2796
6439,3115
84,785
0,1569
0,9556
4829,4989
0,4531
5934,5441
5810,9355
9221,8352
7432,6972
0,4732
0,5699
5802,0
1124,8296
0,8194
1092,0
1309,1177
3335,0
0,6672
0,7575
1661,0
2107,0
0,7917
6951,0
6269,4384
0,9093
9116,8903
0,4918
0,5917
3215,3682
4111,4308
6232,5421
5485,0
2349,0
6240,8834
0,7901
4769,7914
5497,6146
0,2449
6744,2102
0,4315
0,5949
3219,5988
868,791
1905,4084
0,6017
8392,0
0,3877
0,3789
0,6515
2623,0
0,7393
5831,9914
0,1663
2364,285
3766,9197
4600,4961
5147,7820
949,6016
8611,0
100,0
8873,8492
3792,312
2369,0
4102,4478
0,6726
0,5001
4119,8226
4915,7660
9890,0
7945,3656
6477,2546
0,1625
366,9568
7641,0
2423,7741
0,1297
6234,0
1610,8604
9925,5712
0,509
2438,5478
0,6558
3705,426
4218,0
7706,0
7252,4183
4710,5870
5808,5076
0,3450
4054,0
1192,0
0,7426
1975,770
0,1900
6483,9113
2409,0
4592,0
5480,0
8346,9698
0,6052
1862,9145
235,0
0,6044
0,455
9495,0
8318,687
1822,7479
8114,3797
8249,4145
5698,4732
0,8108
3654,0
0,9135
0,4374
0,8042
426,0
7187,662
0,2204
0,8918
2660,6203
4622,979
6891,6444
8458,5005
242,0
9151,0
1440,0
0,5095
262,0
0,6411
4452,3064
0,4879
0,1641
5542,0
0,2249
9949,0
0,4572
0,5344
0,5943
350,1258
0,9501
0,4092
1912,0
9187,0
0,3418
8587,0
6483,3040
657,0
0,6199
1275,0
8449,1225
5035,6902
5797,2520
2247,6813
0,2597
8072,1115
2098,5272
5208,0
6521,4396
6187,7847
7814,4774
3626,4297
7814,0
0,2497
483,0
0,8933
7043,0
5836,2840
0,8083
0,7046
0,7726
0,2779
2999,3370
6790,0
0,2978
7368,5581
7752,994
9879,0
0,4421
8064,5762
239,9090
4695,7282
5152,0
0,3734
8615,0
781,0
0,8943
0,502
2314,8866
23,81
1844,7391
0,9596
8385,0
5163,0
9964,0
9426,204
0,4121
7486,7471
0,7609
1205,0
7386,1987
2565,4890
0,4641
0,3245
3508,5416
3326,0
2808,8990
4949,0
4532,0
4857,0
3341,4283
4701,5661
8405,0
3132,0
9798,0
6329,7185
6325,8895
0,7256
0,7469
0,7044
2885,3828
2397,0
0,7346
0,7351
7460,0
0,802
6028,0
6463,0
8738,0
7492,0
3934,0
5721,260
0,7797
7517,6253
0,8019
0,8152
1847,5695
3845,4666
3042,0
2018,0
2478,0
1304,0
416,7767
2939,9155
7363,432
0,1298
4254,3413
1559,6971
1210,9076
3224,6476
0,6522
4628,8944
2217,0
3610,5260
0,5629
0,1686
9496,7066
0,9913
4834,3132
9068,2198
0,6760
0,7819
173,5056
0,1383
4133,8014
0,1229
4537,2488
0,6755
963,0
2015,0
9414,7777
1857,8910
4844,2049
8823,9678
5182,0
1876,0
0,5373
6565,4825
430,0
6209,0
9371,0
5793,3908
6558,5967
664,7521
9752,2679
0,9166
457,9550
8076,5301
1600,0
0,6782
4792,6856
5529,0
2230,2095
4269,2660
3451,0
7224,2822
4547,0
6731,0
8985,7395
8627,0
74,0
7903,532
5870,0
5833,7470
2880,0
4253,0
7670,9782
0,9900
1878,1386
2560,5329
1865,0
8152,0
2802,0
0,1788
2278,0
0,2353
2466,0
2885,8336
4410,0
5807,0
9532,0
0,7202
0,2081
0,1721
3467,9663
7051,0
9449,5203
1745,0
87,9264
0,2365
5410,4565
4719,7876
2995,0
0,7405
0,2020
0,5856
2081,0
0,1925
1742,162
3647,0
9825,0
543,9274
5902,0
1526,0
1553,0
8355,0
132,3074
4841,3128
0,1054
0,7003
3075,0
2859,5157
4892,0
7082,0
6080,730
1845,0
0,2388
0,7331
4678,6708
3320,6231
2275,0
0,2408
0,8037
5536,5430
9091,6071
0,2167
1302,5294
7324,6195
1212,0
2830,7293
0,4676
0,6565
0,8381
0,1743
5090,7217
0,7366
8894,1170
9774,0
9208,0
9076,8299
1382,0
0,2684
6804,0
8880,0
2198,0
0,7335
6386,0
3900,3451
6893,7797
0,1983
5015,0
0,3910
0,9124
7555,3548
4435,6632
1848,5818
8142,2314
0,4947
0,7383
2964,2303
9094,8275
9639,5480
6786,0
8932,3680
1337,4127
5663,6353
7297,5013
264,0
4138,0
0,8574
4451,0
4392,2594
9349,2895
7541,9455
0,506
1759,9373
8781,0
0,5568
0,3787
9248,0
0,4912
2629,5211
9926,0
6849,0
0,2035
2639,0
9069,0
0,8419
0,5301
7874,0
0,9633
0,4590
0,4434
158,5969
8221,9407
0,6136
4320,4875
1347,4247
0,8196
8312,8482
232,0
0,9302
7982,1408
7721,7910
0,5595
8116,2518
5228,7697
7108,6260
0,7267
2229,353
6675,4475
6489,995
9350,0
5243,0
6034,0
0,6266
0,9249
5568,2489
657,3289
399,7367
8885,8516
9885,4114
6214,6994
0,8345
0,2604
0,936
0,5188
1932,6429
0,7175
3548,9060
731,9150
5326,0
8400,0
0,9058
0,8127
6425,3070
6644,6311
7184,2858
0,7559
1204,7566
163,9903
8503,7242
0,435
3672,8118
0,7221
7178,8342
6371,0
3580,4772
0,1307
0,7585
9435,255
656,6079
6567,0
8937,9872
5400,0
7439,0
45,0
0,5137
6377,6479
3255,0
3700,0
2331,0
2938,5911
4843,0
7219,8673
3925,0
8929,4581
0,5496
0,1671
5369,0
1813,2808
3388,1858
8751,6195
0,5129
0,251
0,6374
0,1449
6446,3623
0,1290
9962,4580
0,3887
1235,0
8469,3969
4390,893
5641,0
0,7454
2569,0
9313,1320
0,6309
6449,0
0,5567
0,7246
7016,0
869,0
5089,0
8958,0
4720,0
3947,3189
4162,0
4082,9804
8098,2800
7259,667
4906,0
1988,0
0,8437
4186,0
4005,1538
6690,1022
5336,7560
5400,0
8393,4358
5478,3113
0,9426
6303,0
7764,0
0,5863
0,5778
6531,0
2351,0
1302,0
6957,0
0,963
0,1369
1985,0
8930,7385
0,7324
0,8267
437,6296
7694,0
0,5458
7126,3531
1322,312
9310,7854
8405,1662
6374,0
0,3332
0,1576
0,2223
2946,0
4587,1876
3666,0
9200,5411
5643,9638
1707,3337
6378,6719
0,3505
251,0
0,9561
7973,2224
1224,0
1932,8121
0,7129
0,1974
0,2643
0,3940
0,1922
0,3720
7333,6959
3359,9040
297,0
5760,9093
3243,0
9212,0
5574,7185
9285,0
0,1218
0,9212
8347,0
1187,0
7259,0
1642,1779
0,2958
5500,8697
9918,8859
0,215
8597,3499
0,1841
0,8521
0,5085
5707,8188
1883,0
9406,0
6452,7754
1419,7639
0,8678
0,7098
458,8446
0,5958
7144,9974
4818,0
0,3416
0,9499
5257,7893
0,4160
2979,3728
2349,4862
968,0
0,7421
9510,3084
0,4966
0,2143
0,2221
590,2121
8180,0
0,2998
2617,2286
6414,0
0,1672
0,9806
5832,0
3534,8181
0,4503
9937,8400
0,9448
1485,6985
0,3248
0,6480
5470,9719
8602,0
7454,698
6649,72
2985,3063
0,4771
4736,9964
4578,568
0,8113
0,8572
2616,8688
6973,4541
0,8458
1526,2551
1707,656
9032,0
376,7634
828,7831
8333,7477
0,1318
540,8974
6090,0
8939,668
5845,0
8781,4596
0,1398
0,6322
5939,0
4781,7466
0,6488
8122,0
0,8499
0,4494
6330,8972
1971,4233
291,2512
0,6381
7789,0
0,3635
2924,0
0,2273
7230,0
8596,3169
2938,0
0,6911
9865,0
9916,0
0,556
0,3587
9529,0
0,9820
0,1028
6202,0
3176,0
3934,0
9085,0
8375,6315
0,6971
9484,6620
348,0
0,214
0,3449
3746,6135
4005,1772
9722,0
1770,0
3355,4280
8571,9557
4578,1748
2810,8513
7849,1896
679,6225
0,4361
3196,0
982,0
7816,4515
3760,6694
7964,7507
2829,1969
9280,2552
0,1050
95,0
5330,8666
8416,9909
0,1227
8422,0
3123,9101
4490,0
0,7687
9031,4446
1233,6848
8961,0
0,6925
0,6373
8895,1781
8925,4399
0,9020
0,8161
7687,0
8071,8102
2903,0
6367,6027
5595,857
7362,0
8545,0
0,9778
3243,0
4772,6786
9393,7273
3159,8288
9054,2084
2688,1886
1105,5947
48,0
7623,8119
6894,526
4613,3262
6553,208
4120,3916
9267,2665
311,0
2443,3554
5240,0
340,0
4489,3499
2922,3544
5584,5610
5430,6689
1557,0
0,9180
3597,2377
9707,0
5639,0
0,9759
177,7687
2425,488
460,4868
4042,5701
2085,0
334,0
0,3256
118,0
0,5548
157,425
1027,5639
0,4625
8016,9313
2836,3655
5575,1256
0,5752
8943,0
6241,0
709,0
5106,2794
4667,5440
9369,2550
8697,0
6018,7565
5036,6175
7990,0
1815,0
689,9831
0,3525
0,2486
4781,6902
0,3725
2743,4480
3130,0
0,8236
6247,0
3677,0
1984,0
0,8003
9940,0
0,7931
6206,5993
0,6895
5825,2439
421,9312
0,5203
6215,3165
0,8958
7646,2059
2411,2411
296,8659
1845,3973
4276,0
6348,9380
1832,6289
9522,6011
0,5728
2005,9749
2624,7830
2189,0
7143,0
8248,0
281,7177
2317,7927
0,4728
339,0
3387,0
3506,0
6014,9855
7044,0
6145,0
3859,0
0,5864
0,4919
3695,0
7965,0
9421,0
4197,0
3390,0
7630,0
1243,7969
2160,4631
154,0
2295,6169
0,9339
4017,1669
5907,0
2035,8203
3741,2151
3123,7437
4457,1088
8276,3878
7301,2473
3581,0
0,1211
3320,231
0,5480
4862,0
0,7157
5504,6672
0,9521
0,2404
7398,0
607,0
2528,3730
8577,6986
0,6854
864,2120
0,4445
2813,8315
5657,6133
8547,4837
0,3409
4172,2762
0,9677
0,7064
9198,7776
9469,0
8153,0
7737,0
3807,0
0,8626
0,8533
0,2497
2979,3560
813,8636
0,9360
3474,1307
2770,7647
4069,3337
7324,3504
0,6523
1281,9871
3121,9435
9948,0
117,3755
0,7786
2382,344
6320,3129
2841,9300
6689,3654
0,6382
3015,1411
7689,0
9058,1759
0,6383
5263,9526
2906,6545
9397,6027
5980,0
6886,6098
0,4061
3884,0
0,205
0,7247
9505,5302
0,7442
1685,3917
0,9374
9703,7912
1133,0
0,6397
8353,7201
2943,7751
3229,8923
7098,116
5021,200
4177,8906
5684,8583
9111,4298
5830,0
9601,6732
0,1286
650,4912
660,354
0,1794
9181,7119
0,7535
0,1135
5287,0
58,0
0,5080
2585,0
3986,0
429,0
2568,6259
0,2169
0,7774
3456,0
0,4117
3997,0
0,3179
2631,4104
714,6953
5240,6002
4504,0
0,2172
379,973
4018,0
9244,4448
0,1812
708,0
3982,0
6955,0
7343,9642
1556,1341
5153,0
4520,7785
1572,5235
4738,0
1237,0
2111,0
1416,2491
599,5435
0,9843
9883,4322
1656,591
0,5638
4291,458
0,1635
0,4634
2976,5254
2102,0
3039,0
0,7778
0,3970
7021,2599
3596,0
5090,4195
3872,0
0,3756
6270,5695
0,9773
1334,0
232,0
275,332
9046,0
0,1148
749,0
4822,0
0,5310
0,3426
7909,0
1864,0
5243,0
0,9283
0,1218
0,3841
992,6312
0,1225
724,2755
1558,9770
6007,0
0,6756
0,5741
238,0
1052,7690
5604,8961
0,7468
0,3983
3205,0
3266,0
8129,8244
0,9121
4557,9021
0,5281
0,1905
5052,7784
0,5970
4541,4822
0,4779
0,2764
2470,2604
1726,0
0,3688
5193,3278
598,8459
5978,0
6704,0
7849,1261
1539,8196
0,3316
102,0
1101,0
0,5642
0,9278
422,0
0,2893
0,3770
4103,3652
7458,9297
0,8057
7756,0
0,4461
0,4635
5722,0
2832,2265
284,2934
3860,1385
2087,0
7028,0
705,7450
0,2748
343,617
0,4447
4270,0
3744,0
0,1501
4110,0
0,9537
3457,0
6505,6289
0,6789
9223,7812
8175,1311
0,5203
7373,0
2653,4411
2693,2997
0,9212
0,9299
0,1189
501,0
2691,4611
0,8654
4148,0
339,0
0,4290
0,3018
0,5618
4329,0
0,1703
0,3475
6115,0
6473,1144
0,3918
0,6383
5108,945
1610,0
5556,5658
6454,9705
0,6793
0,6958
1084,7803
0,3187
3422,0
4529,0
6010,0
0,2126
9796,4193
3271,2989
8112,3716
0,3221
4661,0
1020,0
6642,7474
9924,0
4268,0
6764,5353
0,6742
8540,1511
1049,0
5756,0
8887,3476
9186,0
0,2457
0,5783
0,1047
9004,0
2031,0
0,8673
7500,979
0,1768
1264,0
0,9353
0,5662
0,3035
0,6621
96,0
98,0
6305,0
1740,7979
3552,7914
9026,2556
0,1057
2581,9805
9730,81
784,8210
1850,0
3454,0
0,5440
4634,0
8476,0
8889,8572
989,8988
7855,7294
0,9596
0,309
7510,0
2865,0
0,5447
0,5089
5529,6851
0,7379
8900,0
0,303
0,986
2571,0
4354,1461
9243,5344
0,7098
2639,7207
0,7913
7516,0
2213,382
467,7572
5830,0
2662,0
3385,0
8738,2286
2716,5089
0,4910
6076,5161
5581,0
0,4825
5775,7073
1924,0
4280,0
6327,0
2824,8541
2179,0
6113,8010
9825,0
9369,0
4737,0
5496,0
3197,0
2364,0
3248,7946
0,9871
0,5479
6944,4695
3893,1225
3314,0
3022,6139
8761,5202
0,4875
3212,0
0,2581
0,8389
689,7963
0,3886
6049,8208
3159,9297
6155,0
9168,8927
8343,0
3623,2236
0,6937
0,361
3077,0
0,2508
6095,8776
0,9746
1357,4231
8136,2046
2194,3979
5933,8243
2187,9093
7541,8342
0,6709
7269,0
0,892
2537,0
0,4994
0,908
0,6087
3416,2309
0,5180
2056,0
0,192
8268,0
4171,0
0,6359
3294,7391
4702,0
4101,0
5551,0
2865,0
0,695
3084,7610
1604,9298
3697,0
1607,8561
201,3664
4782,0
3856,3050
1220,8027
0,1070
0,546
0,9089
5798,0
1061,0
0,3926
9439,0
4622,0
4184,0
1822,7882
1247,0
6443,1448
7094,0
0,950
0,2282
0,1529
0,3365
2076,1814
0,7874
4376,3517
9225,3864
7444,8664
438,2066
1188,4622
8293,0
0,9541
6441,8948
0,3535
175,2053
4485,0
0,3463
5982,0
6829,0
9503,9284
5933,0
2801,5158
0,245
0,8182
0,5012
0,606
8023,5310
148,4464
4259,0
7999,4434
3191,2485
8887,0
5949,4869
0,2778
2928,4719
2063,0
8599,4865
4020,6343
0,7843
0,7423
0,7331
8029,0
0,8178
5343,0
0,3342
0,2508
5827,222
35,1776
5092,0
0,8020
9971,6618
6882,8570
1483,902
4914,0
8746,0
4018,1602
6771,2047
2482,9412
0,7825
6313,0
0,7648
2050,0
0,2086
0,2964
7339,0
984,7310
0,7867
0,1431
8769,0
8026,7516
0,2044
9119,0
4092,1601
6420,0
9426,0
3860,594
382,0
7590,0
7998,0
1218,0
9691,2203
2648,0
0,8529
0,8840
9326,0
6356,9562
1140,0
6570,0
0,2990
9550,6504
5724,3411
7099,6107
9322,0
4362,7321
0,5580
2659,744
0,5307
384,0
0,1454
6694,3163
0,3051
2726,1691
0,9296
6924,5605
2287,0
2109,0
9886,9208
0,9209
3898,8482
6531,4951
4063,0
5695,0
4497,0
0,8334
7534,6396
0,8085
0,4224
0,7975
3520,6702
3580,5808
3177,5690
3820,3064
4898,0
2273,8796
0,8804
3747,0
7994,0
0,2492
5523,0
827,3058
0,2325
0,7880
0,921
5856,0
7623,9437
5878,801
5127,9699
3865,25
0,6139
0,4064
0,2570
4551,2939
0,6885
0,7537
0,6258
596,0
8584,1740
5235,5133
2661,1092
5203,0
529,0
0,5657
782,0
5682,0
0,4505
0,6037
7076,0
8976,0
3924,4408
6628,2846
667,0
0,9251
8964,0
0,1626
0,9588
1911,7059
0,2998
2716,1454
7951,0
9877,0
2905,2364
5082,0
9403,4059
9072,3328
0,5700
0,9135
2924,0
8386,0
1814,0
0,8344
0,5427
5404,3032
8426,8121
4486,6378
6520,4363
0,9426
6728,505
9408,0
4564,0
9460,3032
4180,5635
2167,7105
0,554
0,3826
0,2510
0,5687
0,7574
8719,6365
5695,3206
0,2216
0,8166
1643,4298
0,1051
430,3236
0,9891
6268,0
5526,8436
817,0
0,9812
1364,2316
2323,3534
8003,262
0,6723
0,6805
0,9370
0,7500
7537,665
0,6209
1716,0
9446,1248
2121,0
4960,7647
0,5778
5186,3141
5590,0
5458,7914
85,3462
0,1194
185,4804
7999,0
4174,7021
0,1712
0,9415
7922,9404
0,7368
652,0
3083,5612
1414,7234
0,6601
376,0
3151,0
4896,0
0,3073
0,9482
7877,0
9598,0
0,7215
3764,0
6630,1687
6544,8276
9055,7196
2043,0
2809,3458
0,4200
59,0
0,3210
5584,6078
6447,4881
9152,0
4363,7029
3309,0
9082,0
1177,0
9902,0
4534,6446
