3000 3
0,0,4366
0,0,1970
0,3560,4232
0,4891,0
0,2704,4942
0,0,7420
0,0,8119
2000,0,1817
4522,5499,4197
0,0,2656
4567,7666,0
2969,1724,2501
7816,8198,0
583,1015,1078
0,0,7095
0,0,7677
4166,0,0
2290,3248,0
0,0,5826
6139,6112,3795
3587,4420,0
3575,0,4232
4138,0,0
0,3151,0
1978,0,0
0,7443,0
0,4417,0
0,7016,0
0,0,3093
4547,0,0
3570,3117,0
6580,0,6073
0,8323,0
0,7436,5232
8026,4558,6011
2584,3144,1584
1041,0,0
7537,0,8003
0,5926,0
6204,0,5229
1583,0,0
3958,1762,3819
6767,0,0
4090,4825,0
3848,7331,5514
4997,3457,2590
6784,5277,0
0,6834,0
7406,7013,7461
6450,5875,4251
0,2869,5462
0,3096,6028
0,7725,0
0,6067,6605
0,4125,2919
0,0,7406
3768,2737,2428
6260,3888,0
5618,2708,0
0,7631,3690
5497,3701,4807
7152,0,0
3894,0,5165
3186,2164,0
0,5923,0
3967,5975,6421
4134,2825,4879
0,4065,3778
4307,4013,0
0,7120,0
0,5527,0
4503,5405,0
0,3063,0
6934,0,7052
0,0,5007
4276,4579,5590
5941,0,3389
0,5474,0
5319,3940,3240
4439,6424,6259
0,6874,0
6446,6171,5966
3353,4690,5369
2628,1730,0
3801,0,0
5670,6852,6734
1786,0,1418
5467,5408,5781
4153,0,0
0,0,7291
0,5259,0
0,3179,4306
4712,6020,6797
0,0,7093
0,6264,8365
2150,2725,0
0,2489,4009
7205,6639,6848
1281,1095,0
0,4782,4621
7832,0,7394
1981,0,0
2924,3919,0
4222,0,4124
0,0,6092
0,6015,0
1786,2725,3376
7014,6525,5215
0,0,5324
4966,5613,7113
3650,5764,5693
0,0,5741
4586,6744,0
7306,6574,0
2698,2002,1776
5427,6329,5632
2379,0,2238
4228,4487,6487
7233,7298,0
4972,4634,4387
0,3929,4019
6623,0,5617
4925,4408,5493
3846,5438,4279
0,4075,0
0,6859,5665
6850,0,5030
2503,3638,0
1726,1383,1042
0,0,8176
5339,0,0
6856,7443,5933
0,6376,0
2501,0,2479
0,0,7398
3299,0,4648
0,0,4246
0,4177,3959
0,1531,0
0,5827,6115
3965,4374,0
0,4175,0
0,2779,3782
0,7176,0
6506,0,0
3091,3361,900
0,4685,3943
5803,3448,0
7010,4828,0
4959,4676,0
0,0,3316
0,2833,4567
7678,0,0
4004,0,0
7068,7873,0
0,3602,0
2725,0,1738
3790,3974,6198
6126,6220,0
5780,4297,3178
3954,0,2490
5618,6859,0
4860,5322,9079
5938,6571,0
5484,0,5048
0,5762,0
2209,3366,3374
0,2982,6644
0,5323,7386
5117,4569,4576
0,3852,0
0,8002,7283
0,4709,6659
0,5333,7222
7413,5960,3810
0,2887,0
0,0,2495
5448,3500,2835
0,4750,0
0,5419,4221
0,0,3852
3477,0,4202
0,4404,0
0,0,6604
0,0,2462
5684,6737,7790
4787,0,7403
0,0,8120
6146,2968,0
2977,2310,0
0,3242,2874
0,4631,0
3280,0,2762
5029,0,4416
4066,0,3517
0,0,3193
0,5761,0
0,4991,5820
0,4298,7472
4587,4899,3311
4112,2645,2649
0,7680,7255
5904,0,5815
6895,7288,7314
5583,7665,0
6293,0,5092
7872,7987,7933
0,0,4761
3333,3016,2409
7860,0,6538
0,1712,0
3822,4761,0
0,3865,0
5960,5261,6061
8570,0,0
0,7356,7595
6723,7341,0
4842,0,7572
4832,0,5659
0,0,7599
3987,0,1954
5045,0,5603
3369,0,0
7859,0,0
0,5197,4225
7671,7152,6352
6083,3782,0
6825,8282,7083
3175,0,0
0,4835,0
4092,0,0
4698,8156,0
7616,0,3483
0,7866,0
0,0,7758
0,2844,3912
3385,0,0
1607,0,0
0,7406,8950
2228,2761,0
3620,0,4434
0,0,1974
3888,0,0
4591,4622,0
0,0,5595
0,2489,3948
4871,0,0
0,3784,2811
5338,7703,6963
6049,0,4216
6398,7709,0
0,7527,8200
0,6035,6584
3608,8608,4956
0,0,7171
0,6676,8247
0,2891,0
0,6854,0
0,3420,0
0,2793,3204
0,6678,4460
3449,3830,3385
6372,0,5188
0,6067,3097
0,0,2538
0,4831,0
7718,0,3723
7283,8152,7789
0,4694,5073
0,7531,7586
0,1794,0
3190,0,6233
5751,0,0
3271,7647,5166
0,7581,7432
7073,6220,0
2928,0,0
2098,0,0
2562,0,3162
7325,5617,0
2616,0,2249
0,4587,0
5923,5218,3527
3504,3313,0
8188,0,8282
0,5803,0
9278,0,8903
7077,0,6231
2584,0,0
0,1944,1240
7403,6483,7373
0,4227,0
3078,0,0
5402,5928,5397
0,3729,0
0,3773,6833
3371,0,0
4969,2932,0
3513,0,4435
5373,5822,4470
0,0,3660
7009,0,6078
0,4945,0
0,3925,0
0,6720,0
5836,7206,5717
4229,3032,4010
0,8332,9022
8677,0,0
5740,5475,6336
0,2798,6535
5851,4035,3827
6178,6953,0
3329,2792,3208
2137,0,0
3475,2934,2355
0,0,5756
0,2426,0
0,0,3671
0,4560,5067
2791,1555,1929
7055,6696,4855
0,5929,4503
6663,5682,0
5161,4264,5606
0,5691,0
4863,6336,0
0,0,2815
4507,3477,4770
0,0,4439
5730,6507,6673
8198,8956,0
7519,0,6961
0,5205,3112
6771,5076,0
0,4066,4746
0,4939,5424
0,0,2900
0,5946,0
5495,7435,2924
3295,0,6686
5415,7744,0
7468,0,0
0,4654,0
5641,0,6255
6291,6861,0
0,0,4552
3328,0,0
0,0,2963
0,0,1951
0,3973,5293
0,3513,0
6780,6042,7600
0,0,7412
6011,4753,5205
4519,0,0
0,0,4300
0,0,4633
6756,0,6964
4141,3590,7610
4714,3941,0
6771,6659,0
0,4853,6470
6847,0,8287
6297,0,0
5743,3535,0
4830,6230,0
2157,0,0
0,6901,3294
4914,5729,6159
5029,0,0
0,119,7361
0,3195,4390
7113,0,0
5237,0,6071
5129,7262,4030
0,0,5282
0,3265,3873
4100,4262,3415
0,7700,0
0,4008,6707
4392,0,4465
3706,0,0
0,8536,0
0,3789,4809
5790,5434,6815
8154,7057,0
0,5345,2782
6477,5559,0
4437,5814,3094
5431,0,0
0,7957,0
7550,0,4970
5697,0,0
4841,0,6744
0,8329,0
2736,4654,7044
0,0,3168
4654,0,0
0,6209,3589
3161,4124,0
0,3119,0
8222,7699,6383
3577,0,3318
3194,0,5072
1825,5629,0
6994,0,0
5338,6187,3667
5566,7654,0
0,3019,0
0,0,1573
0,0,5299
0,4906,0
0,0,3582
1949,0,0
3222,0,0
0,2958,3715
0,0,7578
788,1356,1606
7984,0,5048
4246,4777,5956
3996,3143,3086
0,3075,2694
0,7332,4762
5041,3921,3117
0,6199,0
7126,6228,5854
0,3739,5936
0,0,3575
4509,5326,5992
8409,8960,8477
0,0,5002
3501,3372,3628
5513,0,0
6639,0,5309
6939,6614,7003
5990,6112,6262
1136,1170,1678
6710,0,4670
0,6236,0
6754,5044,6670
2830,0,0
3659,0,4389
0,8887,0
3492,0,6834
0,0,7138
1935,1989,0
0,0,5963
0,5411,5556
6474,0,0
5334,3018,4631
4310,0,2960
0,0,2515
4246,0,0
4891,5481,0
5057,6955,4748
5654,5526,0
7641,0,0
0,0,6066
6431,0,6617
0,5552,0
0,0,9140
0,1705,0
0,4198,5726
0,9603,9772
5726,6511,7035
0,0,6060
3308,3322,4065
5203,0,0
0,3680,7834
0,5271,5565
3565,5779,0
4129,5455,6216
0,5585,0
4078,3132,0
4152,0,0
4940,6197,0
6683,0,5716
0,4439,0
0,0,5854
0,1047,2488
5320,0,1670
2663,0,2620
3274,2191,3289
5198,0,6832
6920,7394,7704
0,0,4767
8833,0,7943
0,0,6965
0,0,3175
6801,0,0
5561,0,5916
0,444,717
0,3536,0
5177,0,4596
0,0,3265
2342,3860,3777
0,4785,0
7188,4904,0
5558,7520,0
5620,0,4978
5245,0,0
4003,7001,5820
0,7969,0
0,5311,0
6375,4760,6265
7874,0,8235
0,0,6308
6698,6924,6880
0,3694,0
6580,5760,6410
4896,4640,1950
0,6317,7223
0,2370,0
0,0,8975
7418,0,0
4930,0,0
2855,5202,2869
7668,8256,8637
5837,1395,4845
0,2397,0
0,3499,1712
0,5967,7170
4148,2426,3336
5127,5526,0
5733,7647,6727
1464,0,0
2458,0,1910
0,0,5967
6215,0,0
0,4114,3270
6233,0,0
4385,5989,3551
1793,3217,0
0,5756,8002
6575,3315,6782
0,5373,0
5041,6666,2818
6019,0,0
0,5236,0
6606,0,6955
5502,5936,6930
6390,2282,6281
0,0,8258
0,7657,8087
0,4232,4182
5146,7837,0
2713,0,2786
0,2837,0
4508,0,0
1657,0,0
0,0,6685
0,5508,0
6495,6327,7235
7430,5796,0
0,3775,0
0,4789,4236
7406,0,6953
2724,4048,3061
0,0,6047
4469,0,0
7225,8148,0
3713,0,4016
2525,2318,4096
0,0,4421
3334,0,0
3137,6022,7739
0,3662,0
6037,0,0
6263,4848,7158
6461,0,0
0,7926,0
2008,1501,3834
3568,2961,0
4300,0,0
0,5398,0
2100,0,857
0,5191,0
0,7245,0
5066,0,4209
7268,0,6383
6525,5091,0
0,7137,0
0,7416,0
5899,6421,5310
0,0,5404
0,5666,3204
0,5915,5499
7118,7820,0
4950,0,5944
3504,0,3329
6395,0,4976
4424,0,0
1341,0,813
765,857,0
0,0,6701
0,6366,0
2791,2449,3384
0,0,2586
0,8794,7955
0,5341,0
7170,0,7298
7416,5064,0
6628,5240,0
6829,0,0
0,7218,0
7252,4420,2977
3548,5637,0
0,4172,0
1471,2553,0
3700,2672,4187
1676,0,0
7211,7965,0
0,5637,0
3585,4613,0
4929,0,0
4926,6230,4598
0,8875,0
4391,0,4916
4828,0,0
0,0,2755
0,0,4689
3787,5605,0
0,3463,0
0,2009,2170
8284,6808,0
0,0,2757
1714,0,3443
6505,0,8200
6308,7001,0
0,4930,0
0,3664,2809
4441,0,0
2700,3857,4662
8325,7393,5803
4162,0,6475
6142,6085,4324
2254,3327,4708
5956,7588,0
3187,4894,4943
0,5066,2861
5355,4035,4708
0,0,3931
0,5182,0
0,3242,2627
2291,5204,2584
0,0,2260
3725,3778,0
6433,2795,6411
5044,4519,0
8147,5221,0
0,8304,0
0,3952,0
1650,1388,1779
7104,6422,0
6526,7465,0
7105,0,7546
2469,2571,0
0,2430,3647
4005,6139,0
3905,5404,3359
6198,4675,5189
3196,0,0
6416,5180,1648
5295,0,0
3020,0,1734
0,5253,0
3650,0,0
5403,0,0
7565,7102,8216
6375,4945,5912
4642,0,7572
0,5617,2848
0,7179,6479
0,0,5751
2892,1991,3144
2992,0,1856
6973,0,7241
4901,5527,0
0,0,8354
0,0,4987
0,3143,2964
0,4901,5583
4954,3287,5913
7095,0,0
1535,0,1295
3924,7548,2849
7430,4873,7022
6714,0,5866
7641,6245,7147
5472,4094,6021
7504,8257,0
3283,0,0
0,6182,0
0,6937,0
3052,0,2828
6929,0,0
0,2779,5990
4448,0,4182
4617,0,0
0,5231,6223
3571,0,4644
6642,5252,6732
0,0,2863
0,2944,4385
0,0,6423
0,0,4706
4368,5519,0
2651,3522,2941
0,2955,0
4750,3290,5387
1973,0,0
4563,0,0
6981,6419,6091
5702,3294,0
4090,0,4468
4729,3950,3499
0,0,4012
0,3577,3483
0,0,6928
0,7978,0
8623,0,0
8194,8667,0
0,0,3769
6034,5876,6002
2739,0,5505
6370,5474,6679
0,3025,4142
0,3465,0
3069,0,0
5515,4982,0
0,2264,1969
0,0,4595
2882,0,0
6817,4283,8781
5908,0,0
7659,0,5874
0,0,3530
0,0,8156
4777,6176,0
7817,0,0
0,0,8779
0,2316,3089
0,0,6057
0,0,4030
0,967,3612
6165,0,0
3394,2418,2282
0,0,7232
0,2888,0
3105,0,0
6919,5784,7784
0,7677,0
4247,5121,6492
7408,7802,7387
0,1687,3033
0,4236,0
4372,4711,4519
0,0,9344
6270,6002,7219
0,0,2999
0,7360,6411
0,4674,0
6521,0,5525
9068,8696,0
6206,5225,4240
8816,0,8524
4584,2024,0
3897,5263,6734
0,4711,0
0,6247,5667
6442,7068,4844
6687,0,6887
5102,0,0
0,0,5086
3848,0,0
7449,0,7762
0,0,6913
0,4781,3945
0,3589,5422
2429,3172,0
0,5861,0
6293,0,6622
8824,0,0
0,2934,4637
0,3438,0
0,5123,0
0,5030,0
0,4827,7229
3203,4663,5467
6637,0,0
6269,6944,7318
4411,3052,0
0,6089,0
0,2306,0
5433,0,0
0,0,4642
4359,5050,0
0,2067,1433
0,6321,6217
7684,0,5780
5898,5588,0
0,0,6582
0,5373,6375
9397,9507,0
0,2721,2470
0,7393,0
0,2409,2007
7848,8341,0
0,634,1175
0,5728,6591
2027,0,2225
7246,5688,0
7963,6473,0
7246,7394,7957
4066,3764,0
4771,4313,0
4808,0,4065
6645,0,6962
5597,6129,0
7837,6959,5972
1258,0,0
3596,3486,4304
6046,0,0
1253,1166,1455
3790,3432,3765
7254,0,0
5732,6357,0
0,3418,4105
0,3626,1738
0,6780,3578
5170,5903,7886
0,3481,0
0,3336,2884
3158,0,2736
0,4217,6684
0,3202,2831
2707,3097,0
6564,0,7124
6044,4014,0
5840,0,4394
6504,0,0
0,0,4311
7836,0,0
0,3086,0
7212,7369,6621
5664,0,4000
7025,6769,8440
6387,0,0
2732,0,0
0,3271,0
0,0,4829
4660,0,6263
6955,6335,5416
0,0,2507
0,5409,0
0,0,4398
0,0,3864
5833,3336,0
4935,4529,3565
0,4904,3597
5232,7902,5286
4507,0,5671
6648,3307,3042
6562,5846,4780
0,4917,3645
4578,4248,0
4739,0,0
2469,0,0
0,0,5746
4451,2942,4491
3102,4167,0
7918,0,6801
3690,0,0
4547,0,0
6403,0,0
4883,3999,2958
0,8837,8235
0,1144,0
0,4010,0
2440,0,3304
8500,7403,5314
8249,8936,0
0,0,4867
3316,3300,5092
905,0,1482
7370,5503,7067
5006,0,0
7111,0,0
3884,2847,0
2617,2479,2297
1968,2271,1947
3843,0,3453
0,2532,2805
2742,0,4364
3507,5582,0
0,5033,0
4284,0,4497
5687,0,3178
0,5989,6930
0,5904,6008
7999,0,6179
0,0,5922
0,6896,0
0,0,980
6436,7268,7168
0,0,2610
0,7705,0
6283,3136,0
4327,0,7019
5863,6691,7412
0,6797,0
4398,0,0
2400,4226,0
5693,7860,0
4453,4918,4182
0,5254,5341
8119,7784,8066
4257,5000,3388
0,0,6281
6356,0,5567
3024,0,0
0,7918,0
5372,5556,0
6136,0,6783
7094,7916,8072
0,3172,7202
0,8335,0
7448,5519,6071
5971,6359,0
3067,1145,0
5527,7050,5548
6047,6992,0
372,0,421
3229,0,3189
0,2180,768
1890,0,0
3596,0,1237
6813,4219,5710
9118,0,0
2098,0,0
0,1386,5908
0,0,5748
4650,0,0
6006,0,8331
0,0,3685
1671,0,2243
4507,0,4325
6706,6815,0
0,0,6117
9563,0,9497
2823,1905,0
6124,3154,3450
5598,6736,0
5554,0,0
0,3873,0
5321,0,0
0,8801,0
3047,0,3064
6700,7560,0
1904,2327,3916
2878,0,4696
4826,6921,6361
6859,0,5722
1770,0,2835
0,5621,0
0,1769,2200
0,6495,0
0,5270,0
4210,0,0
8886,7856,0
6747,5571,6898
0,4075,0
3823,5731,4341
0,0,2672
0,5142,0
8970,0,8343
4459,3962,5726
0,0,7165
4597,2469,0
6118,5858,0
7133,6180,0
3233,0,7393
4131,0,5660
2656,2562,0
2175,0,0
3531,4179,0
5027,3722,7072
3662,4920,5289
5171,0,5076
0,0,7848
6090,0,6270
1492,0,1636
5632,4794,5757
0,5229,0
5225,5719,0
0,9098,8981
0,2337,2116
0,0,4689
0,0,2183
2341,4264,1981
7837,6399,7629
5374,0,0
0,1631,2672
0,0,2012
0,0,3907
0,4775,6271
0,8399,0
0,5852,0
3360,4737,5486
0,3903,0
7467,0,0
8049,0,5586
0,3184,0
6330,7684,7297
3676,3122,2314
0,5317,2197
0,6496,5377
0,0,3883
0,6041,0
5603,5605,4639
3698,0,0
0,3531,0
6614,0,0
0,6499,0
2274,5154,4765
0,2796,0
3907,2031,3684
2855,0,1754
0,6702,7412
0,0,8120
3791,4319,0
5625,4689,0
0,0,5879
0,0,4046
0,0,7936
0,8523,0
0,5018,5374
0,0,9262
5465,3511,0
0,5427,0
0,6753,6089
6241,4379,4065
3228,5440,2897
4899,0,6212
0,0,2290
6047,6001,4646
0,5128,0
6485,5573,6066
4311,2174,0
0,5198,0
0,0,1916
0,6799,5916
4206,0,5536
3993,0,3556
2398,0,0
0,3579,0
3255,0,0
3947,0,4623
4059,0,0
0,5939,0
1499,1730,1866
0,0,8201
0,0,4084
6699,0,0
0,0,4539
4502,0,5753
6325,5543,0
1222,2295,1635
0,6403,5602
0,3777,0
2244,4302,2953
3297,1365,5202
0,4595,2068
0,5078,0
0,6996,0
0,0,2761
3839,3308,5998
0,6742,0
0,5879,0
0,1859,0
5036,6199,0
4338,5087,0
6935,3253,0
0,4946,0
3313,0,0
0,3712,2381
0,1871,1379
4744,0,3856
0,0,5568
5387,6023,0
5753,6378,0
0,3081,7183
0,0,6000
0,2536,0
0,0,5403
5106,4763,3242
0,0,1999
0,4363,5210
7083,0,7529
6449,6386,5790
4709,0,0
7386,5979,0
4643,0,0
5498,2972,5500
0,3795,0
5120,6077,6302
3804,0,4977
0,6619,0
0,3907,0
0,6879,0
3854,3509,2474
0,0,2931
4366,0,0
2851,5421,4178
8069,4485,3983
6407,4344,7179
0,7625,0
4118,0,5783
3606,0,0
0,5563,0
4294,0,0
0,3842,5330
0,4391,0
5542,3947,5605
4094,5921,0
0,0,4843
2294,2138,0
0,6295,4148
7138,4947,4811
5548,0,6270
4898,2280,3425
6247,3090,5176
0,5468,0
0,0,3572
0,6175,6695
6611,0,2833
6774,0,0
2652,5038,4174
0,2408,0
6072,7851,0
5454,0,5252
7418,0,7920
0,4066,5016
0,0,2159
0,0,6564
0,0,1494
3190,0,0
0,0,6472
0,3367,4365
5814,7673,6749
0,4172,0
4300,2654,0
0,4047,0
0,4237,0
0,5666,6808
0,6783,0
0,4269,5098
0,2466,0
3287,0,2686
0,7340,0
0,2691,1673
1904,3724,3801
0,4127,3209
6132,0,5915
7035,0,7675
4746,0,4279
1837,0,2435
5718,6848,5185
0,0,6468
0,5239,4132
0,5853,6713
2956,0,3469
3591,7229,5211
4125,2967,0
8923,0,0
0,4405,0
0,0,6332
8000,5544,6709
5280,3740,0
1826,1450,2344
0,6554,5593
0,0,3931
0,4996,3711
4765,7418,6173
0,8265,8307
0,0,2245
0,3719,0
6273,3506,4902
0,3713,0
4671,5259,6222
6490,0,0
6102,0,5956
0,4887,0
0,0,4284
6539,0,0
3875,5140,0
8130,0,0
4272,3101,3121
0,4287,3317
0,0,8274
5928,6129,0
7407,0,0
0,7827,0
7925,0,0
3694,0,0
4068,0,0
1702,1934,0
4930,3007,6233
7638,0,0
0,6162,0
0,0,7391
5181,0,7067
0,4630,6012
7216,6763,0
0,4434,0
0,0,3505
5666,0,5373
0,0,3417
3903,3122,3897
4922,0,6725
0,0,4276
4704,5204,7424
0,1021,993
5251,0,6984
3540,0,0
5052,7371,6574
8076,0,8066
7661,0,4817
5226,5713,0
2596,2287,3276
3910,4199,0
5392,6816,7757
7116,6360,0
0,0,7583
2113,2150,2249
6584,0,5082
2294,5879,3679
7006,4958,0
0,2153,0
9207,9351,9089
0,2492,2027
0,0,2342
2562,2227,2349
0,7977,0
0,0,2615
0,0,6081
3113,3946,2032
3864,0,4046
0,2076,0
0,5405,4739
3477,0,5504
1427,0,1557
0,6788,0
0,0,8599
4694,0,3639
5561,0,0
5170,0,3814
7202,3948,0
3113,1948,3159
3996,3829,0
0,4954,0
0,7234,0
3376,6406,6028
0,0,6105
4402,0,0
0,5123,0
4707,2833,0
2599,2380,2880
3687,0,4593
2395,1582,2299
0,0,923
0,2397,0
0,6981,6839
6161,5931,5181
4355,0,0
7524,5502,0
0,2565,3886
7825,0,0
4109,0,0
6115,0,6171
6333,0,0
0,0,7015
5348,6399,5925
3732,3459,0
4254,6753,0
3298,0,0
0,6768,0
4588,4868,2623
1205,0,0
5606,0,6884
0,7431,6957
0,5468,3312
3721,7334,0
0,4813,3814
2340,0,0
0,0,4174
3502,0,1372
0,2467,0
3222,0,0
0,5290,0
4772,0,3963
0,0,5682
0,6814,0
0,0,6352
2875,4675,4336
0,5517,0
5924,5973,0
2607,3113,0
0,0,4891
0,5475,0
6442,0,4820
5619,7797,4923
1253,0,2011
5025,4228,5875
5719,0,0
6251,0,7026
0,6937,0
0,5253,5000
0,7581,5892
2537,0,3626
6257,0,5465
3565,0,4378
0,2124,1953
1745,0,0
0,0,6639
8230,0,6944
2864,0,2958
0,5054,5681
0,4222,4679
3093,5818,6172
0,4511,5301
1328,0,3012
0,0,7083
0,0,4415
4744,0,5257
0,0,4962
5120,4354,0
0,3207,0
8481,0,8421
0,7210,4299
6773,0,4759
2253,3099,4017
635,0,0
5129,4529,3149
6727,0,0
0,3265,5701
0,0,8986
1878,0,2261
4678,3715,0
4136,5293,0
7419,6650,8645
5264,2361,3399
0,7527,0
5365,4173,0
0,5159,0
5252,3067,0
5206,3567,2684
5832,0,5631
6910,6524,7278
6417,5511,6336
0,5922,6740
1651,1840,0
8962,0,8835
5037,7216,4582
4887,2380,5120
7883,6472,5216
5307,0,0
7776,0,0
8824,9161,0
2924,4118,2692
0,5112,0
0,0,6513
0,3166,0
0,7379,7174
0,0,3959
7008,0,0
1614,0,0
0,0,3479
3519,7289,0
6096,7237,4493
2129,0,0
0,1476,0
5154,0,3019
0,0,3868
0,0,5860
5302,3622,0
2261,7033,0
3872,3295,0
0,1656,0
4591,0,6021
5481,3196,5535
0,0,3536
5383,0,4035
8926,0,6153
7898,0,0
6728,3846,6204
0,2236,2866
8613,8166,0
2641,0,0
0,0,6579
4625,0,3841
5368,0,5788
8549,7839,8739
0,0,4845
4847,0,0
1838,0,0
4773,4441,0
0,0,2775
6641,0,0
5654,0,0
0,0,3726
0,0,2991
0,5972,0
6421,3312,4908
0,2594,0
9401,0,9366
4965,5999,4991
0,0,4679
0,6812,7431
4003,5498,4985
3025,1519,0
6490,5784,0
0,5805,4806
0,5874,7228
6687,4016,0
2117,0,1127
7011,0,0
7693,4754,4830
4503,4617,5897
4672,0,3622
7040,0,5367
9596,0,7844
4408,0,5701
0,6336,0
0,2440,1353
7887,0,3157
0,0,5704
3259,6233,3911
4574,5684,0
0,2112,1909
6837,0,0
7936,8411,0
0,4917,4168
0,0,5527
0,5965,5591
0,0,6751
3454,0,0
0,4705,0
2894,2008,2301
2018,0,2374
0,6021,3494
0,0,5163
6147,5719,5562
0,0,5627
3469,0,6058
0,4727,5489
1444,3568,0
5970,0,7001
4138,0,5513
6145,6759,6645
2020,0,5654
0,0,3562
0,5754,6989
3648,2685,2110
0,0,1943
0,5120,0
7737,0,0
0,7959,7956
8477,8290,0
0,6956,0
0,3908,1178
6126,7301,3565
7305,0,6036
2980,2768,0
0,3060,0
5789,0,6928
4471,6099,7898
0,0,5172
6923,0,5081
1469,3368,3005
7200,0,5842
6294,3177,0
4540,0,3771
0,2530,0
0,0,5059
697,5532,0
0,0,5714
4346,0,6757
6735,0,6083
0,7586,0
0,8267,8995
6576,0,0
0,0,7561
0,0,5461
6425,6343,2268
4514,0,0
0,0,4843
3845,6263,0
7451,7657,0
5368,7019,6194
4542,5948,4022
2920,3105,3304
3627,3167,4891
0,2859,0
7460,0,0
0,6074,5493
0,6176,5875
4997,6971,0
0,5956,0
2616,5647,0
6063,4504,2892
5549,0,6147
0,4680,0
6414,6731,7364
5616,3541,7416
6367,0,0
0,5085,0
1319,1725,1657
0,0,7858
0,3380,0
6915,4027,0
4191,0,3201
0,0,6928
5223,6842,0
8479,7417,7789
2408,2681,2187
0,0,3454
0,0,6254
3217,5285,0
0,8926,9257
5649,5966,0
0,3890,0
4385,4232,5896
7033,5525,7651
0,0,1848
0,4710,0
7527,6106,0
2573,4536,0
0,0,3683
0,6705,4078
6937,0,0
4140,0,0
4950,5644,6714
8266,6337,6612
0,2862,0
6784,0,0
0,0,2928
0,5050,6172
6305,4035,4298
0,0,4116
3095,4582,4213
0,8688,0
0,2740,0
4017,0,0
0,0,885
2515,0,2007
9068,0,0
0,0,2363
2969,3220,0
6567,5214,5727
0,5306,0
4957,3113,0
5933,0,0
0,2210,2664
5909,6277,0
0,0,5215
5542,0,7408
1222,0,0
0,6152,6932
0,0,7747
3717,6459,0
3110,3463,4536
7197,0,6173
0,4165,4556
0,0,5244
0,4066,4903
0,4686,4919
4471,5412,0
0,3286,3370
0,8113,6329
3394,3125,2521
0,3915,4699
0,7079,6593
5826,5101,5169
0,0,7988
0,5627,0
1326,0,1790
7395,0,4503
0,4492,0
3401,0,3662
3063,5442,6024
0,0,2842
5273,0,0
0,3175,3953
5284,0,4914
0,0,7600
4412,3753,5278
0,0,1197
4607,0,0
6925,0,7895
5104,6197,6542
6451,0,7378
3028,6691,0
0,6569,5573
7992,0,8125
0,3835,0
0,0,4612
3786,0,7983
8581,6663,0
0,0,3283
5688,0,0
625,1779,1941
0,5133,4385
2467,0,3945
3361,5371,0
0,5217,6553
7706,0,8255
2398,2787,4916
5322,2912,0
5547,0,0
7692,6443,7009
0,5298,0
8429,6406,0
4490,4079,3488
4556,3805,2909
3848,0,3591
4414,0,4233
0,0,7628
0,7508,0
0,0,3687
5959,0,5058
4290,3419,4396
0,8360,8033
3833,0,6214
0,0,4075
5758,3458,3854
4577,0,3685
0,6740,0
5131,4829,6663
6360,5627,0
4089,5256,3183
0,7087,8021
3722,0,0
5128,0,6165
6586,0,0
2332,0,2459
2391,0,3919
3991,4538,4728
4011,0,0
0,3934,5789
5222,0,4378
5523,5769,0
4066,3105,3809
0,6737,5794
5319,4246,3965
1655,2050,0
4610,0,0
0,0,4971
7594,0,0
0,5111,0
4092,2762,4902
4288,3019,0
0,3525,0
4428,4193,3000
7709,7022,8515
3153,4827,0
0,0,3576
0,0,6193
8579,7372,0
0,0,6937
0,1480,4426
7100,6810,5407
3556,0,0
4802,0,7420
5195,0,6631
4074,2872,3573
0,0,3345
0,7050,0
2908,3414,1851
4011,0,0
3930,0,0
0,5748,6243
0,4204,3101
5146,6859,0
6493,4194,6351
6692,0,5942
7009,0,7425
0,5308,6237
8022,7836,0
0,0,5437
5285,0,0
3172,0,0
4951,0,0
4904,0,4744
4157,4233,0
5285,7001,0
0,0,5094
1705,5007,0
3410,0,4828
0,5470,7383
4761,5522,5413
8819,8260,0
3279,3512,1809
0,6814,5242
3841,3307,3825
0,6021,2131
0,6064,0
6526,3119,0
0,6837,0
6611,0,0
0,7788,0
3180,2656,4009
4023,3746,0
1900,0,0
0,4435,2920
6100,5862,0
0,0,1663
0,2625,0
5137,0,0
6396,6156,0
4281,3641,0
0,7332,6573
4566,5838,4282
0,7823,0
2822,3108,0
5702,5797,0
3396,5799,4033
0,8084,7128
0,7111,5683
6196,5012,4388
4755,5631,0
0,7422,0
4740,7340,3170
2229,5001,2892
7142,0,0
2159,4669,4525
0,7713,6219
0,5100,0
3588,0,0
7022,0,0
8155,4302,5839
0,1820,0
3189,4224,4802
0,0,6481
3586,4441,3040
5660,4488,4564
0,0,4457
1445,3309,2722
5925,5972,0
0,5726,0
0,0,2168
5659,6677,0
0,0,4325
0,0,4615
4295,0,0
0,9022,8830
5866,5447,7237
6900,6756,7768
1416,1667,0
0,0,6775
4611,4142,3666
4519,0,3926
8033,0,6442
0,0,5306
5630,5245,4730
0,3410,4098
0,3561,4488
2264,1603,0
7044,5681,0
5466,3944,6601
0,7156,7587
2539,3696,1726
5232,4543,0
6708,5398,0
0,4454,6011
8893,8859,0
4517,0,3699
3569,0,0
0,6621,0
0,5018,0
0,6064,5415
0,7561,0
8178,3616,5758
1532,0,2669
6736,0,0
0,1795,2123
5310,0,3772
3722,3134,0
4597,0,0
4567,5047,2858
6503,0,6620
0,3896,5574
6945,0,0
0,5054,0
0,0,3090
5029,2699,3922
4534,7117,0
6037,5023,7042
3645,4335,4004
0,3751,5817
0,0,5534
0,0,7234
0,5493,0
0,0,5688
0,0,7444
0,0,4387
0,0,5739
6083,5497,0
0,2873,0
5501,7841,5816
7187,7000,7291
5238,0,0
7276,7157,7049
4257,2200,3107
0,4806,0
5200,2981,2401
3353,4980,3007
2963,2682,2245
0,6491,6162
5525,990,4476
0,0,7893
0,0,4499
2273,0,2198
0,7623,5381
2601,0,0
0,1667,4798
3335,1864,2856
4028,3543,4485
5230,6993,3250
5913,1972,0
2837,2294,1775
3855,0,0
0,3366,3720
7140,4215,0
3728,0,0
5301,2335,5325
3636,5150,0
6646,0,0
2644,0,3913
0,9143,0
4164,3564,0
1946,0,2568
3507,5746,0
4227,4905,0
7579,6194,7562
5627,5018,5046
3815,0,761
0,0,4474
6004,0,0
4288,0,0
4365,0,6532
6489,5610,7997
0,5328,3335
6001,3769,0
7895,0,0
4409,6742,0
4443,0,0
5376,0,5040
0,0,3129
0,0,6075
0,5978,6731
0,0,3804
7406,7830,6955
0,0,4813
6214,0,0
0,8366,3453
0,0,2452
0,7220,5718
6774,0,3815
3184,5269,7179
7545,6480,4693
0,0,4270
0,4303,4018
7157,0,0
0,4323,1900
4709,0,4864
3458,3160,0
0,8318,7349
4781,0,4075
0,5248,3061
0,5648,0
5302,0,7606
8450,7787,0
0,3827,5663
0,0,2910
7897,7897,0
0,0,5332
7253,0,0
0,8982,4493
7499,0,0
2249,0,0
3157,5260,0
3695,0,5688
4987,6069,6679
4683,0,6530
0,6958,0
5050,5527,7004
0,7937,0
3080,4811,7138
4683,4027,0
7866,0,0
4757,0,4654
1393,0,2080
2781,4012,0
5452,5033,4958
6386,0,4689
0,4516,0
0,6181,6165
5967,3252,3503
6797,6822,0
6430,7687,6765
7346,0,7813
0,0,5053
0,4935,0
790,907,640
4852,3580,0
0,0,7926
7599,0,3064
0,7780,0
7578,5980,0
3577,0,5259
0,0,9261
6471,5054,5241
0,2218,5801
7628,5272,6095
6222,0,6923
0,3607,0
5562,0,0
0,3054,0
0,6574,8280
0,0,4532
5727,0,6206
0,0,3206
3635,0,6146
5957,0,6433
0,0,3619
0,0,5517
2407,0,4195
6096,4044,3162
4439,0,0
5830,0,6484
6436,6337,0
0,3938,0
4038,0,0
5990,2902,0
4636,0,0
0,0,3746
4881,4810,7036
0,5593,0
0,5812,4306
5122,0,0
3112,1768,0
0,6507,6980
6291,0,0
8170,8932,8667
5043,0,6589
6832,7337,6579
4086,0,3924
0,0,2418
0,0,5201
5794,5433,4691
5793,0,5199
3895,0,0
0,2794,2957
0,4086,5005
6074,0,0
7624,7641,0
3919,0,5535
3750,0,2325
4012,0,7017
0,5446,4617
2968,5191,5869
0,0,6055
8821,6137,5376
6553,7536,5361
4971,5435,0
4872,3174,0
0,0,5888
1160,0,3673
0,0,6085
0,5535,0
7153,5100,7462
3112,5604,6876
0,0,7693
0,0,6294
3147,3260,5597
6970,0,6733
3950,0,0
0,0,3911
8205,8489,0
4144,0,0
5682,7651,0
6775,0,3180
5571,4658,0
6433,0,0
1812,1622,0
4093,0,5658
0,0,4720
4339,2855,4653
0,7437,0
2101,0,3271
0,4354,0
0,5218,0
8352,0,8267
0,3829,5290
0,5761,0
3684,0,0
4038,0,0
1664,4830,5292
5326,7356,0
0,7575,7242
0,0,7236
5718,0,0
5004,6090,0
6966,0,0
0,0,2448
4285,0,0
0,0,5965
5009,0,4270
0,4714,2463
0,3425,0
5645,0,4572
3041,3195,0
1288,1442,0
3540,0,0
5231,7769,0
8031,6423,0
8499,8409,0
0,1957,2357
6049,5922,4106
4427,6575,4514
3329,0,4960
0,4111,0
0,4848,5486
0,3538,2143
5215,0,0
0,1869,2992
4829,0,0
3887,5681,0
5146,0,3888
7834,6664,6487
8169,7992,7769
0,2332,5935
0,0,6503
6206,0,5414
6486,5777,7170
0,0,2583
0,0,6645
2944,3378,4228
3785,5572,0
7698,5039,7264
5835,0,0
0,0,5790
0,3325,1469
0,5567,7012
6667,6222,5214
0,0,4950
5894,5265,6043
0,0,6475
727,0,0
0,4191,4058
466,0,1189
3055,0,4239
2858,0,3079
3550,0,3667
3419,0,1791
7055,0,0
7034,0,0
0,0,3006
5573,0,5419
3664,3748,0
0,0,4676
6102,3889,0
6479,0,0
6498,0,0
3776,0,0
4969,7556,6143
0,4824,6836
7436,8573,0
6184,4738,0
5713,4643,0
7588,8188,0
6921,0,8433
6351,5848,6290
3181,0,0
4738,3674,7536
6484,6274,0
6432,7993,2680
7630,7708,7371
3963,2092,1828
0,5169,4829
0,0,4365
0,4363,5964
3550,0,5087
6104,5911,0
4864,5627,7209
0,0,5853
6873,6374,0
5953,0,0
6142,6432,7757
7944,4923,0
8099,0,0
0,5633,5383
7445,0,5369
0,3261,3929
2832,0,3566
5135,0,6119
1642,1652,1211
4709,4869,0
4600,0,4772
1576,1376,1561
0,3148,5424
8802,6893,0
4656,4992,5266
6711,0,6710
7529,0,0
0,7086,5370
3826,3305,1729
4495,4338,5031
5091,0,0
6790,5773,0
8470,6393,0
0,4862,4423
3231,8352,0
0,5131,0
3882,0,0
0,6707,0
4575,0,0
4033,0,6352
0,1580,0
5162,0,4963
0,0,3739
6263,4111,0
4315,3850,2267
0,4269,5316
3552,0,6331
2535,0,3070
6301,0,4388
0,2375,0
2650,3652,0
0,0,3277
8284,0,0
3759,4197,0
0,0,3075
6733,6225,0
4922,7473,0
5003,0,0
7003,6875,0
8290,2903,4374
4385,4528,5058
0,9080,8040
3680,4566,4801
9293,9192,8896
0,5092,4345
0,3735,3616
6885,0,7000
0,0,8281
0,0,5885
4039,0,0
0,3241,4178
0,3163,0
7898,0,8211
8463,7915,8862
5957,6871,5041
0,0,6951
1097,0,0
8928,0,0
2095,3466,1774
7066,0,6461
0,0,5333
0,8645,0
3450,4937,4419
0,3915,1906
0,6323,0
0,4256,0
1516,2623,0
3246,4959,0
0,5868,0
0,1840,2017
4813,0,0
0,0,3188
5347,0,4387
5910,0,6250
8310,0,0
5706,6020,6469
5473,6400,0
0,1532,0
4033,4474,0
2580,0,1658
3540,0,3982
0,0,5399
2469,2486,3341
4428,0,0
7355,8076,6944
0,3576,0
5647,0,0
7097,5524,0
5602,0,0
0,3547,2565
0,0,6172
2826,0,0
5164,0,7310
4517,5466,0
4713,6577,4458
6425,7567,6374
7284,0,0
3293,4866,5338
4806,0,0
0,0,2253
6033,3784,0
0,7834,0
0,4108,0
0,0,3417
0,6351,0
4392,0,3200
3022,3816,0
0,0,6105
4729,0,0
5238,0,0
0,3076,0
7502,0,6337
0,0,5321
0,0,2320
5095,0,6414
0,0,2228
1717,0,1969
0,5136,0
0,6970,0
0,8860,8519
3669,1366,1681
0,0,4862
0,7673,0
0,0,5777
2525,4337,6522
1043,1267,1389
0,4188,3595
2502,2290,2932
4080,0,0
0,2409,0
4371,0,2384
5352,0,0
4328,0,5599
0,0,5043
2624,0,7244
7768,6711,7629
0,0,1076
0,7005,0
1054,0,0
0,0,3016
0,6794,7037
6078,0,0
5279,0,5156
1067,895,1025
2103,0,0
0,4895,3800
7053,0,0
4509,4371,4904
5802,5935,4176
0,5223,5592
2063,4305,3440
5118,6749,5106
0,0,4804
2263,1772,2676
5861,3822,0
0,0,2432
0,0,4677
5542,4251,2502
0,4554,6860
6297,0,8190
0,0,4551
0,3205,4312
2543,0,698
0,4816,0
0,4939,4485
5001,2972,0
5919,0,6845
0,0,5307
4305,0,3001
0,8023,7167
6239,6481,6019
8472,0,5991
8835,7412,8035
6183,0,5944
3668,4122,0
2144,1184,0
0,0,7785
0,6934,0
4657,0,0
0,3924,1691
3763,3055,0
5012,5764,5491
6078,7104,6674
3661,0,0
0,9138,0
0,6891,0
0,0,3730
0,0,5278
6754,6993,5627
5763,0,0
0,6877,4288
4614,0,5999
7984,5406,5628
0,0,4626
0,0,6899
0,7892,6533
6858,8002,8138
0,0,6872
6241,0,5906
1527,3484,0
7125,0,8074
3275,6165,0
1020,0,0
7145,6167,0
8908,7484,7578
0,0,1433
2440,0,0
5888,0,6705
3095,2363,2079
0,8952,0
0,0,1201
0,0,3282
0,3465,0
3388,0,0
5990,0,6954
0,5964,7638
5666,3868,0
3646,1338,0
0,2536,0
4966,6273,5547
0,4274,5656
3365,0,0
2649,3130,0
6097,6552,0
5907,5995,0
3049,4616,0
0,0,8119
0,0,5387
7257,6166,7076
3017,5532,6695
1878,0,2221
0,5953,0
0,7587,0
8088,5841,0
9046,0,0
3154,0,0
2242,2468,2401
0,0,4947
2566,5121,5931
1681,0,0
0,3305,3683
2564,0,2462
0,6598,0
0,0,4700
0,0,3679
0,3281,0
1754,0,0
0,3611,0
3471,3541,4200
0,4274,2784
6468,4578,3354
0,2858,0
0,0,5708
0,0,3462
0,5560,1842
0,0,2511
0,0,7148
2375,5745,6028
5428,0,4164
6424,0,0
5394,8125,7028
2875,3707,2970
0,7316,0
0,7679,0
7797,0,7306
0,0,3789
6025,5262,6922
6819,0,4122
0,7076,0
7170,0,6377
0,7899,5776
0,0,4132
0,0,4482
0,2831,0
7772,0,5357
3028,2916,3121
4747,0,6164
4067,0,0
6164,6579,0
0,4850,0
6688,0,7023
4694,3708,0
7864,0,0
9686,9815,9797
6510,7986,4012
6649,5273,3311
3927,2591,4853
2193,2239,0
2992,0,0
1310,953,1623
0,0,6391
0,3758,0
7922,0,0
6279,0,0
0,0,2755
0,0,7461
4000,0,0
5134,4651,4406
2835,0,5355
3780,5691,3959
7131,0,8736
0,7252,0
0,5724,0
7252,7111,0
0,7898,6993
0,1674,0
3115,0,0
5757,0,0
6582,5657,0
7160,7361,0
0,4465,0
4170,0,4743
6818,0,0
3371,4989,0
0,0,8444
0,6134,6568
8333,0,7248
0,4558,0
5235,4969,4377
4221,3149,2924
5481,6043,0
5757,7786,0
8055,6239,0
0,5279,0
4454,3737,3783
0,6456,7400
6693,5724,0
5498,5434,0
6447,0,4092
0,3732,0
0,5895,0
0,5114,4796
0,0,6063
2769,3855,4417
4419,0,4980
6482,0,0
0,0,7525
3914,0,3106
0,4567,4962
2187,1430,0
2682,0,0
5785,6685,0
3840,3846,4102
0,0,4496
0,6532,0
6176,0,5994
1321,0,4833
0,7161,7908
0,4122,6012
4649,0,0
6973,0,0
8209,7390,8447
0,0,7874
2508,0,3145
0,5083,5283
0,7344,0
0,0,1358
0,3612,0
0,5583,7206
5970,0,0
0,4385,0
5520,5115,0
6910,0,0
0,2611,4249
6746,0,6395
8907,0,0
2197,0,0
0,2094,3238
2298,1290,1663
0,0,3168
0,0,3405
4134,5056,7100
0,3193,4590
6513,0,6491
7568,5700,5437
896,0,718
7255,7253,6314
0,8039,6556
0,5604,6249
3837,4511,0
2042,1901,0
1618,2460,3114
6308,6026,5737
1142,0,692
0,3837,4018
0,0,4852
0,8802,0
5092,8228,7559
0,7669,8181
0,2751,2512
0,0,2004
0,4121,5787
7394,0,0
0,0,4645
0,3462,0
0,0,6444
5274,0,0
3904,0,3766
0,0,3980
3352,5181,3848
6186,3569,2890
3999,3114,3075
5389,5262,0
0,3641,1646
3120,0,0
5391,4249,3327
0,0,2267
0,0,6373
0,6688,0
0,0,7442
0,7194,0
1000,0,1645
6636,5806,0
1725,0,2454
6582,7608,0
4046,3970,5043
0,6529,0
3939,3929,4287
3859,1376,6436
0,5126,2990
3609,0,4940
7401,0,0
5436,0,0
8604,0,0
0,5013,0
0,0,7069
4249,4020,4063
3534,3969,0
4645,4357,5208
4409,0,0
2675,4399,4231
0,0,6162
0,0,6797
5231,7903,5238
754,1189,1003
0,0,6692
0,5481,6834
5085,2894,0
0,2794,0
5960,4584,5248
0,0,3784
0,0,3529
3082,8941,5699
2983,5674,3503
0,4315,0
3554,0,0
3025,0,5109
8917,0,0
5667,0,5648
0,0,2373
0,2233,0
0,0,5911
2259,0,0
4228,3595,4245
6726,8212,0
4074,4309,0
0,2861,0
0,3582,3957
1676,3479,3169
0,7439,7057
0,0,3761
2473,0,4343
0,2849,2157
6463,5296,3628
0,0,3748
0,4139,0
2908,0,0
5910,4004,4987
4752,5231,0
3275,3576,0
6127,0,6553
0,4980,2779
0,2985,7557
6757,6657,6942
0,6153,7464
2198,0,5447
9354,0,0
0,0,3980
0,5909,5339
0,3763,4056
0,0,6631
0,0,2243
4557,5743,4602
8729,0,0
5279,3546,0
0,4407,0
3896,4108,4355
6640,0,0
3199,0,0
3688,1918,4042
3668,3130,0
607,1785,0
8548,0,0
5385,6352,6244
2841,0,3894
0,6699,0
0,0,3526
5889,0,0
0,0,4529
5342,4263,0
0,0,6417
6969,4968,0
0,0,7785
0,5558,6760
0,5928,0
0,3608,4406
0,5718,0
7461,0,6048
0,2143,2847
0,5902,0
0,4222,0
0,0,2917
0,6806,0
0,4992,0
3493,0,3648
0,4813,2160
0,4934,0
0,6559,0
0,4843,4845
9149,9174,9031
5407,0,0
786,1583,0
6286,0,5823
0,0,3282
0,0,7353
2306,0,0
0,4200,5482
2423,3004,5201
0,0,3927
3050,0,0
8022,5713,0
0,3176,0
7155,0,6704
0,0,6644
0,4046,0
0,6799,0
4082,3275,2578
0,5715,0
0,0,3202
5727,0,0
7130,0,0
0,0,2744
0,0,5830
0,7539,8027
4741,4438,5692
4600,4389,3416
0,3750,0
0,0,3129
7897,6660,7756
0,5832,0
7995,8328,0
7273,7197,6670
5454,4077,1601
4202,4268,0
0,6386,0
0,5231,3366
3544,0,0
5601,0,3635
4753,0,6032
0,8065,0
0,7498,0
0,6188,0
0,0,3202
4649,6408,0
3365,0,5819
3745,3444,0
3598,0,2786
0,4760,3731
5502,5010,3109
7718,5870,0
3472,0,0
0,0,2475
0,5240,0
5901,0,6610
5321,7864,8296
6673,4767,0
3536,0,0
1577,1885,0
0,0,6224
3086,0,2609
0,7129,0
8053,8150,0
0,4418,0
4206,5726,2863
5682,6346,3957
0,5682,5757
0,0,3466
4321,0,0
3229,5528,3282
2287,5019,0
4978,0,6868
3503,3643,2578
4399,0,0
6491,6640,0
7756,6372,0
0,4154,0
0,6671,5795
7226,7127,7307
0,7370,0
0,5658,6876
0,4520,0
0,4792,0
0,0,2048
4528,6108,7717
0,0,5330
7123,0,0
2055,0,1832
6380,6680,5355
0,0,2979
0,2704,0
0,3731,5292
0,2775,0
0,4485,0
5824,0,4320
0,0,3669
4755,2856,0
0,7487,0
7418,0,0
1911,0,0
0,4289,0
5591,0,0
5824,4410,0
2862,0,0
2718,1385,1591
0,4917,5320
6309,6766,4944
5935,3506,0
0,3441,4605
4105,4155,0
0,6263,0
0,0,5750
1602,0,0
0,7297,0
0,0,3059
2719,3083,1572
5336,5940,6032
0,3825,3368
0,5121,6255
7847,7478,6051
0,8600,0
7343,0,0
7781,0,7943
0,0,4150
0,0,3568
5958,0,0
6893,0,0
2939,0,2379
0,2265,0
7974,0,0
5347,0,0
4677,0,0
3826,0,5887
2182,1792,0
4982,4903,6123
3412,6529,4009
3517,4934,0
6414,0,6646
3574,6307,0
3356,0,0
0,4912,0
0,4941,0
7437,7344,0
2799,1697,0
5486,6422,6788
0,0,3171
1897,0,1933
6152,0,5888
0,6099,0
0,8022,7555
0,0,4968
4385,2563,3312
4262,6901,4852
7330,0,0
0,4232,0
0,5347,0
3150,0,0
5360,4750,5456
7073,0,7188
0,7018,0
4634,0,4792
5428,6646,0
3311,2203,1781
7926,7628,0
0,5979,0
0,0,5987
6412,7108,6635
8427,8979,9174
0,3361,3358
3614,3220,3008
3917,5533,6696
8501,9015,8528
7173,4895,0
4585,4713,0
0,4747,2918
0,0,3179
0,0,2621
0,0,5833
0,0,5589
4723,0,3405
3807,0,6422
3117,4228,6301
4966,0,3382
0,0,4600
4282,0,7289
3571,0,0
7517,3459,0
0,4741,0
7204,7440,0
0,5753,0
7367,3945,4752
0,0,2392
8971,9334,0
0,3785,4506
4827,5987,0
0,0,4453
0,7243,4110
0,4962,4793
0,6172,0
0,6608,5276
0,6520,0
3544,2789,0
0,0,5448
6144,0,9196
0,5890,5578
5354,7215,0
0,3818,0
3439,0,0
3397,3155,1961
7409,4538,6512
4136,5778,4740
5440,0,0
4203,0,4642
5443,5376,5379
6915,6099,0
0,5882,2081
3579,6222,4515
0,0,2640
4756,7286,0
0,0,6589
0,4943,4755
0,4939,6554
0,0,7489
8833,0,0
0,4492,0
0,5058,6810
4648,0,4026
4176,3058,0
0,2914,2696
0,0,2051
6333,0,4476
7009,6138,0
3814,3422,4621
0,0,5964
6744,5073,6296
0,3092,0
2353,3504,5217
0,0,7019
0,0,5082
4960,5627,4518
5375,3069,3855
5547,5669,3780
0,0,3106
0,6912,5957
3166,2294,0
6236,0,5781
0,0,7164
3374,4152,0
4222,0,3924
0,0,3154
0,0,8361
0,0,2535
3892,0,0
0,5301,0
0,0,5558
0,0,3166
0,4951,5601
4675,0,4694
2213,0,2815
0,4422,3542
0,3587,5084
7329,7482,0
2909,0,0
0,0,8373
7091,6552,0
7831,7503,8008
0,7305,0
0,5014,0
0,7641,6758
0,4865,4941
0,0,5936
0,4274,3749
6743,5473,0
3573,6537,0
2944,3949,0
8260,0,0
5023,0,5689
7658,0,7404
6560,5410,6566
4805,0,5677
0,3836,0
6753,0,0
0,0,5055
3250,2537,3027
0,6478,6555
0,3068,0
0,0,7478
8149,0,0
0,0,2660
0,6640,6834
3960,5720,0
3442,4682,5211
709,778,867
0,0,4697
5604,0,0
4266,0,4044
0,0,1866
7647,6798,8715
4989,6966,0
5267,5594,0
5555,5289,0
6328,0,6097
0,0,7667
5075,5610,3987
5967,0,0
7048,8303,0
0,3853,0
5607,4904,2436
1618,4669,0
4669,6577,5179
8012,0,0
0,0,4815
0,3998,4647
4174,0,0
0,0,1535
0,3468,0
2978,6720,0
1750,3472,0
1487,0,1067
0,6669,4300
2220,4444,0
4474,5901,0
0,0,5193
0,0,3376
0,0,7751
3686,0,7058
0,6237,0
0,9266,8976
0,5276,0
4601,0,0
7276,7711,8438
5866,7390,5427
4036,0,0
0,5776,0
7247,0,0
3756,6782,5025
5086,0,1666
3061,0,0
4270,0,3550
0,3964,4574
2473,0,2663
8261,7770,7133
4900,0,4042
4665,3012,5471
3971,0,0
0,0,7508
0,0,7855
0,2941,0
3520,3896,5846
2873,0,0
0,5277,4696
6325,0,7002
0,0,871
0,7353,0
0,0,7680
6048,6376,7407
5390,0,5655
0,4860,3883
4617,4512,0
4366,6945,0
4851,0,0
1707,0,1806
0,4579,0
6293,5020,6090
2141,0,0
0,0,4543
6092,5129,6177
7367,8656,8551
6416,5972,0
5715,3370,0
2551,4065,2289
