3000 3
540,7915,0
3791,0,671
4114,2887,9808
6522,3592,0
0,1916,7564
609,9036,4212
7797,0,6408
1767,4223,9162
0,4318,6556
2487,0,0
4075,6650,3474
3251,4828,6480
2331,0,9193
6904,0,0
1781,0,6670
6766,0,0
0,0,1855
8774,0,1937
0,1818,8862
4687,0,0
5660,0,6928
3301,3202,6990
0,0,3261
0,3240,0
6655,0,722
5320,4708,6670
1921,0,6344
4099,6831,0
0,8399,0
4765,0,6803
4787,4910,0
9129,6514,569
1666,6490,6529
6502,0,5690
9406,0,3657
0,7310,711
0,5918,0
0,0,1082
0,7011,4334
0,5791,0
9453,840,0
1612,8102,0
7931,5992,2023
4066,6075,3008
9972,1200,3661
4089,0,8510
1111,6372,0
0,5157,0
1860,9833,5647
2097,0,3861
7242,0,3844
5992,3036,3955
4263,9210,637
4700,2723,6954
9830,0,3939
4017,6099,0
5671,4247,4633
0,0,8653
1082,7781,0
0,2028,6414
1744,7836,0
5126,1512,7373
8697,1395,2504
0,0,4076
5112,0,0
8600,2372,0
3121,3528,8668
2933,9152,3200
3464,8634,0
9014,6044,901
2641,5554,0
5052,4183,6622
4738,4931,0
4218,5564,5485
4230,0,0
4436,0,8284
0,6147,8167
5683,5727,0
6870,4320,0
0,119,4302
8259,0,4556
2605,1648,0
4501,9193,0
0,5053,0
0,5861,7498
9742,0,1361
7669,1513,5038
0,5805,4904
3698,8598,0
0,6614,1464
0,0,6932
865,0,8814
4926,6827,2253
0,5798,7205
6462,0,0
9682,1256,4685
3863,7728,0
0,0,6653
6394,0,0
5666,5823,4919
0,0,1890
4163,3468,7234
0,0,5426
7744,3945,4645
0,9643,465
0,9545,1484
6419,0,6112
4729,0,4058
1037,0,8465
8589,4931,1784
1137,0,3685
4747,0,6709
0,0,5956
1688,0,0
3070,5332,5926
0,3740,8188
4820,7405,0
2999,4542,6165
7049,0,6191
3613,0,3642
6580,0,0
476,7206,6465
2593,0,5044
1000,7091,7416
4093,7455,3545
2358,9402,6208
0,0,6737
0,0,1234
5945,6235,1857
2146,4842,7263
5556,0,3407
5894,2103,0
0,8482,4044
0,2854,0
6609,3935,4545
1090,5359,0
0,533,0
5898,0,7736
0,0,4763
6370,3635,5616
6110,0,6137
2899,0,1554
0,3502,0
0,9000,1718
0,0,4601
4531,5758,4737
6311,3235,0
8360,391,0
2631,7214,0
4957,8614,1954
0,8684,0
0,5137,2193
6839,1712,0
681,7786,3869
635,9979,0
7421,4266,2119
320,6593,7020
7836,0,2927
0,0,5010
6383,2918,4497
3841,3889,0
5589,0,0
5932,4061,5030
6620,3852,0
5677,5253,0
0,0,9195
4330,9714,0
9922,3398,0
4525,2966,0
0,0,3338
1676,4648,0
8757,3532,0
2698,0,9909
6326,0,3946
6976,4653,3575
564,8032,0
2434,9062,0
8308,839,4525
6833,3926,5093
2929,8854,6363
5573,0,0
3419,0,9707
0,4186,8148
0,5123,0
7871,3027,0
4171,5321,4171
6360,5150,0
4478,0,1546
2285,0,5672
0,5852,6651
943,7012,8738
8800,3326,1701
7936,4278,1226
3868,7836,3200
0,7489,5108
5569,4878,0
0,5938,762
0,9825,875
6447,0,0
0,9688,0
3001,0,0
5030,0,5930
4856,3273,7317
2255,0,0
0,1986,2341
5872,4897,3325
4567,4714,4340
2177,6883,4540
5772,0,6049
5430,0,3653
0,4623,5419
0,0,4809
3624,5674,6604
0,5579,9794
3528,3584,6335
7344,2900,5330
0,6744,0
1210,0,0
0,3967,9235
986,4625,9334
1961,6543,7557
4259,0,2082
513,4676,8527
0,1260,0
3078,9638,2169
2140,4795,6795
4077,9254,0
4743,0,0
0,9357,0
7302,6755,3467
7114,5226,1272
4089,9123,4278
2974,5291,0
1593,3368,0
7453,717,8004
0,2892,0
3752,403,9663
4952,0,5901
2357,8722,2512
1944,8011,6401
5617,1107,8707
0,0,4740
0,4994,0
5373,3235,0
0,4933,5816
3928,2953,7367
3505,7825,3495
5816,4675,6957
4965,3270,3772
3333,0,9174
8055,5994,0
0,1001,8539
2944,6716,0
6117,3224,5962
7276,5730,2736
3757,0,0
0,7181,3388
815,0,0
3221,0,0
6429,0,0
4932,6598,0
0,4823,8825
0,5545,4322
7213,8769,2471
1679,0,8792
6084,0,2317
6064,5741,5343
5545,0,0
928,6397,5803
4689,0,3063
9179,1388,6188
0,5420,7142
376,9590,0
0,8147,0
2707,0,6321
9566,0,1787
9235,1725,4506
4426,2228,6815
2624,0,3325
4176,3498,6993
0,6964,5326
6679,1781,7954
0,0,7557
4530,4051,6624
0,4812,1732
0,1485,9107
0,7351,2768
0,0,5762
0,4751,0
0,3826,5614
4187,3771,0
1424,0,0
4890,0,6234
6916,874,7030
5611,8413,0
0,0,6209
5826,6751,2451
3743,4187,8392
3517,8785,4449
3242,8931,0
0,5802,4287
0,1959,9961
6195,4377,0
2590,7576,5105
3548,9106,4918
7707,2046,0
0,4954,9144
5364,0,0
0,5693,386
7777,0,3838
6356,7063,2802
0,3746,0
5745,2492,6898
2098,6133,4260
0,2276,0
7324,0,0
0,7161,0
5995,4621,4262
0,3128,0
5857,6774,0
6896,1762,6106
7075,5304,2735
2393,2071,0
1612,7788,5172
2348,5556,0
4266,3278,5577
912,0,0
5996,246,9264
993,0,4991
0,958,5324
3064,4533,9411
3963,9184,253
2017,8198,5245
5783,0,7822
0,0,4242
3238,6384,4568
3559,9199,0
4508,425,9367
4470,3737,0
1355,7311,0
824,7310,6022
0,1215,0
4285,835,0
5290,7396,878
4659,5997,4148
4434,3295,0
6063,0,655
6142,0,1151
7122,0,4610
6602,6137,3932
4565,1174,7584
0,6384,0
8413,4035,0
6119,674,0
0,2516,0
0,2148,3874
0,7278,0
1319,0,8768
2223,0,7438
1547,4609,7308
5794,7132,2919
5862,8129,0
4852,3974,7781
3005,7799,0
3033,4135,0
8720,2216,5875
7861,4943,0
0,5378,2574
3844,2938,8490
7921,0,5206
5219,5436,4820
0,6562,0
1959,2030,9692
348,4662,8351
182,0,6814
2736,5734,4656
0,4804,9241
6413,4581,2425
0,3427,4122
0,4751,0
2302,0,7481
0,0,5133
0,4018,3585
2663,7876,5925
0,7253,0
3454,5359,5096
8493,0,6855
6663,2206,6278
2535,0,0
0,0,2951
1151,7194,8465
0,5514,4349
5418,4901,6036
9097,145,5330
6297,0,7703
9646,1494,0
7597,0,2838
9534,3219,3425
4983,4435,4010
3738,5554,7576
0,5534,0
0,5460,0
6739,758,5330
7203,5251,1541
2141,0,5770
0,0,8665
2203,6858,5748
0,227,0
9284,1556,0
4442,4952,6526
8014,5695,1132
5714,5844,4038
7003,7187,30
0,3344,4732
7264,5417,5142
0,9482,0
0,1925,0
0,0,5521
5602,1366,7785
0,6689,0
0,9350,2001
0,1317,8240
5526,8870,0
2810,7822,0
0,0,4982
0,0,6828
9674,0,1249
9117,0,5660
0,2342,0
9730,3381,3079
0,0,7223
2294,9173,5404
0,3482,5377
3693,3154,0
0,9828,0
5010,3938,0
5417,0,3882
2667,6855,4045
3610,5091,4104
9337,1771,5363
5640,4850,0
0,8382,0
5741,0,0
9628,1802,0
1356,6463,7564
0,6317,3882
4579,5724,0
4469,9543,412
8365,365,8699
4560,0,0
4584,0,0
4478,9419,1061
3368,6766,6716
0,4035,9814
9886,0,0
3588,0,7223
0,4355,0
4573,8095,1315
0,6618,0
0,9737,0
4012,6281,0
3516,3987,5280
4587,0,0
8974,0,3277
8109,6297,111
8576,2615,0
6308,3969,4508
5056,1242,0
0,6862,0
8608,4435,762
5728,5418,2847
9218,2269,0
0,6644,0
5593,6160,1996
1083,6782,0
0,0,4201
8866,0,3667
3029,4564,8349
5035,8368,0
2150,9336,5355
0,0,3398
0,0,7152
0,1962,5854
0,6769,5561
4461,3930,6077
6721,5317,3064
0,2150,6882
6338,5005,0
0,5852,0
1421,8309,5585
0,5915,0
6782,1111,7992
7943,4663,978
3981,8223,0
0,0,4563
0,512,7616
302,4338,7602
6472,4587,2795
0,4829,3483
0,0,6062
0,0,6092
8269,5950,0
7202,3336,0
1638,4615,8227
5727,5857,2714
5864,4901,0
7646,2355,5765
8766,0,0
7956,0,5109
4099,3637,0
6705,4409,6126
2291,4811,9658
0,194,6521
3033,8434,3114
4301,0,7291
3366,5202,9064
0,1618,6153
6603,0,3923
3337,2911,0
9631,3840,1209
6430,2029,6257
5467,3731,0
4152,2656,7876
4023,1489,0
9642,0,1867
106,0,0
4886,7374,0
7266,0,830
0,5892,1235
2126,5157,6743
2957,7988,5647
9428,0,0
574,0,6487
8961,5676,0
7763,3588,1066
1223,6272,0
0,9448,1163
1519,6280,3409
8399,0,1669
0,0,5291
1237,9329,3668
6957,1597,4470
2166,6097,6967
3788,0,5860
0,1953,5888
4291,7606,2295
5081,3505,0
3983,5325,5806
4464,1283,8658
7171,6548,0
4368,0,0
7303,0,186
0,0,2959
0,0,2820
6914,5098,6289
3913,4754,0
5190,7211,2594
0,1074,4493
8944,0,4833
2474,3707,0
9464,4286,888
0,0,7107
0,8475,3498
9266,6955,1044
8403,3434,0
0,984,0
7143,6711,0
0,0,7563
1525,8000,4018
3070,0,9878
6905,2798,0
6215,7665,3871
4823,8272,0
8607,0,0
8515,584,3576
5414,109,8355
0,4590,6306
4797,5510,1952
0,0,5285
0,3066,9417
3609,0,6966
6056,8490,276
9537,0,357
5268,0,6328
0,0,3350
0,2674,0
2232,6478,0
0,0,8020
6965,4028,0
5162,0,0
1049,8459,7504
6415,2966,5347
0,352,0
6073,6585,2829
3379,4586,8534
0,1522,0
9811,4089,1962
0,808,0
4942,6556,5634
6565,4449,3547
7526,1091,7316
3313,5497,6568
6436,2148,6993
4093,803,8079
0,0,1754
8048,4707,1455
1223,6147,9063
6113,6256,2077
6309,2323,5786
0,7703,824
7406,1536,0
7454,1025,3408
0,0,5102
5671,0,1872
0,3138,9583
5436,6946,0
2444,7958,4280
3703,3888,0
4000,0,0
6001,0,5612
5440,6306,1962
0,4027,4438
1980,6752,7139
7683,6397,0
0,4876,0
7665,5689,1497
2307,6858,0
7414,0,6082
7730,0,0
634,7730,6566
7796,3702,1505
9935,3840,1717
0,7971,0
2509,4278,8571
0,6862,4569
1594,4626,0
0,2237,0
2809,0,5037
9177,0,0
4932,2022,7380
0,4017,0
0,0,4195
1904,6933,0
6337,4509,0
6866,2371,6339
5009,6860,2159
1684,0,0
5633,0,4541
0,5137,0
1473,0,4885
0,3260,5412
6848,4215,4566
4457,4231,4623
7433,2298,6397
0,3160,5774
8500,0,0
870,7096,5454
0,5834,0
6343,4385,0
0,0,6464
8066,3659,2352
1128,8962,5943
4779,5162,3814
6502,1504,7139
6271,6791,5847
5015,8448,0
8322,0,2894
0,3519,8174
0,4220,0
5954,6556,0
5599,0,0
0,7659,0
8424,5866,1221
5274,4663,0
0,9519,6338
5804,8606,1858
5717,0,0
6170,9684,1043
3700,0,0
0,2156,0
5519,6278,2691
0,8155,3929
4888,5410,5406
0,5458,0
6659,5263,0
0,5665,4444
5033,8658,3320
0,3382,5251
5824,4715,4682
0,7799,0
0,1444,0
7401,0,0
7777,5825,2445
8476,1914,0
0,1367,9634
7121,4240,0
7134,5896,1523
7558,5131,1311
771,8217,5090
0,9013,0
147,7243,0
1637,7298,8050
5718,5176,3534
6052,0,9040
0,3064,7151
0,1678,5355
676,4639,9514
4381,0,1197
0,8975,0
0,6767,0
0,5968,0
2371,5511,6047
0,9639,325
0,0,3931
5142,3881,0
0,0,5218
0,3514,7810
0,748,6484
6985,0,2311
2310,0,0
5346,0,0
0,0,3888
0,3516,7349
7485,4460,3653
5434,1855,6095
0,8336,0
1431,8235,3799
4827,4611,4640
5315,7257,0
0,0,5678
0,0,452
4695,5392,5381
4123,5248,0
5971,2921,0
0,5610,0
3992,7283,0
4573,0,0
0,0,2668
6630,2515,0
5404,0,3380
4955,6632,1217
9896,0,0
6212,0,0
9407,3352,1600
7577,8858,7
8412,39,0
954,8905,6887
7943,6373,1734
9467,0,6954
0,0,1636
4536,5518,5472
0,6407,0
0,0,8163
0,4566,0
1999,5153,8504
9224,5133,70
6652,425,7467
58,6909,0
3738,1732,8021
0,6860,4187
0,4835,5674
7085,0,0
472,3988,0
0,0,6309
1772,6377,6354
0,3759,5331
8152,873,4356
6916,6853,1114
4242,852,0
1420,0,0
4642,2891,0
8222,0,0
5084,6940,1779
0,1872,9046
5808,3962,0
0,9376,6631
8255,4818,0
0,9146,6319
1912,9181,3286
0,2788,0
0,1688,5721
5766,70,0
6221,0,0
7844,0,0
162,6419,0
0,0,5024
0,9006,1081
5552,3135,7017
0,5295,6506
0,9779,0
0,6009,1540
6544,2475,5984
3253,0,0
7625,1181,4376
0,8864,0
7588,5473,953
0,4378,8105
0,0,8541
2520,4906,7245
72,5400,9424
0,7338,1522
4205,0,2964
9496,2857,0
0,6870,0
0,4584,5466
1538,7997,5479
9395,0,2527
4299,5962,4987
8978,0,0
7555,7983,0
0,5943,808
0,2089,3088
0,5875,5744
5718,0,0
8054,5531,3447
2110,3982,9342
0,5552,0
2506,4351,8691
2867,0,0
7815,4498,0
5407,9767,0
3799,5389,6595
7891,7806,599
0,6434,1086
0,2926,5807
2546,2722,9860
2381,8618,0
7933,3197,4043
3848,0,5095
5019,6074,0
2816,2415,7714
0,6518,5701
8021,7239,686
4706,8710,0
0,8370,3218
0,7716,0
0,0,3501
0,5870,4626
9780,4045,2771
3010,6321,4124
2332,0,0
6580,5378,2376
7079,4737,3669
763,8991,6696
6544,4930,0
0,7874,0
0,0,9923
4218,2796,9207
4777,7647,5027
0,0,8145
6971,3961,2777
9321,0,0
6263,737,6517
5806,0,0
0,7207,3684
1682,2537,0
3276,0,7330
2583,0,2868
0,7244,589
6895,7010,5452
0,941,5095
0,6921,5458
7704,3476,0
5237,0,2817
0,1855,4000
7473,0,0
7340,0,1839
6664,0,4631
6047,0,4146
1862,4995,8781
6976,684,7043
0,0,5679
1854,0,7366
1834,0,9253
5713,3642,7447
5470,9512,0
9869,3243,1172
0,4689,1649
0,8691,0
0,4777,0
3785,6493,3608
0,6195,5062
0,0,5816
7501,4662,0
0,6971,792
7201,6377,4354
0,5134,2895
4305,3185,7315
3698,5115,0
4915,5938,4968
9106,0,6810
0,0,4851
4560,8544,1437
8128,2525,5098
8106,4189,2459
7760,2915,5858
2826,9939,2875
5715,0,0
3027,4960,5868
8166,2305,1908
0,0,8632
1555,895,9834
0,3745,1302
2507,0,7782
3071,5664,0
5496,0,1313
0,8201,0
0,0,656
7034,1301,8245
0,4823,7484
5382,1029,7077
2560,4059,9369
4524,0,0
631,0,7190
9254,2678,3186
0,8366,0
0,0,7690
6813,5182,3002
6679,0,1770
6505,947,0
0,6176,6972
2674,3274,0
8945,842,3546
7305,0,0
0,7291,2492
0,3086,0
0,846,7170
6332,0,0
5687,2775,5867
0,7808,6823
3154,0,8018
5924,0,4319
0,0,6205
4355,4923,0
0,2634,6935
9055,1003,3752
5565,2460,0
5515,2036,5860
0,5540,3954
2418,5398,5031
0,0,8714
4241,5112,7534
8473,5316,0
5822,0,4734
8178,4210,2782
3898,0,0
4036,8710,0
6230,8617,0
4784,5727,0
7700,0,2064
0,9318,1149
2946,4039,0
4618,0,643
0,2019,5118
4348,5580,3118
5538,9524,773
0,1841,7261
0,8648,4937
3762,0,5719
0,1719,0
4435,8526,0
0,0,5542
1455,9760,3709
0,0,5183
4896,0,172
8520,2901,0
1642,7563,0
5175,542,7715
5223,1580,0
3201,0,7366
0,0,6620
1321,9896,2411
4260,1454,8303
535,8316,8543
0,0,7922
5195,6171,4445
2121,0,5813
3792,5912,5863
0,6143,5489
4140,5631,0
9455,2937,1593
0,5072,1658
7821,2410,6232
2867,5064,0
2130,4950,0
6166,0,0
2318,7819,6677
0,0,2684
0,6511,5789
8156,0,0
2960,0,7960
8843,2972,4197
0,59,0
14,6512,9664
8926,2547,0
0,0,7080
0,8907,0
7054,50,0
0,0,4087
5844,0,0
0,6452,0
5955,0,2331
585,9042,3994
202,0,7325
3282,0,0
0,3960,8884
4019,1843,5531
4470,5337,4370
938,0,3209
7777,5662,0
9984,4805,1327
4543,4995,0
7284,2551,6301
0,6895,3487
6789,563,6349
9895,0,3224
8650,4114,1102
4350,5982,5043
0,1743,9108
0,6279,3947
0,1018,8001
7329,3643,4377
2172,9157,0
3669,4715,6321
6891,1360,5156
0,6405,6395
7124,301,8946
0,7048,5235
5596,3704,4627
0,0,6131
3641,0,5739
0,3852,7997
4043,4210,0
4134,0,6723
2267,0,3153
0,5730,0
4258,6923,0
1987,5013,8436
8928,0,0
0,0,4664
3125,2593,0
0,6047,4456
8538,7009,1127
0,6016,8508
0,4913,2297
3809,9868,1021
1926,8484,5941
0,7117,0
0,0,6959
4520,813,9965
1162,6544,6862
0,2672,0
4922,5929,0
2199,0,0
0,0,7806
5451,1431,9198
1920,6136,7520
0,5319,8503
5876,6721,3044
924,9220,5552
9200,0,6565
5252,6647,2989
0,5013,0
2855,0,0
5573,3899,5588
3073,6078,9247
2639,0,1866
5562,7468,1595
4126,0,5139
597,6466,0
8441,4906,2289
4210,5204,6421
4291,3949,6001
0,0,1488
1997,3577,7864
6484,4753,4875
4153,5188,6180
5828,5564,0
8621,0,2627
6056,5035,4720
7369,6151,769
7295,0,177
5528,4103,6532
0,4327,5504
0,1383,0
0,0,5989
0,8509,0
2088,3262,9394
6952,0,1018
7602,3204,4248
0,1392,0
7410,7456,128
6845,1271,5280
0,9681,1904
0,0,4902
1299,9182,5406
904,3993,9117
1958,2619,8621
6460,3885,6332
0,4491,5981
8976,743,5098
1231,6007,0
0,6286,0
7351,4685,3509
6542,0,5532
0,0,9566
8446,0,0
7672,580,0
4950,0,5851
5753,6376,4091
2863,5606,8521
0,2320,6950
8577,0,5960
3198,0,0
6351,0,4440
871,0,0
0,222,0
198,9094,6820
8844,1615,4905
1017,5406,8534
89,6298,6973
7097,0,0
0,7001,0
4850,1389,0
4241,1101,7037
0,5032,5446
7347,794,6730
162,9959,3894
2342,0,9827
0,7754,0
0,0,5025
0,7418,1770
892,3402,0
0,2668,0
2774,0,6896
0,3918,0
0,3445,9051
7235,6163,3436
9155,0,2218
2513,6346,0
4907,2141,6996
3749,0,7361
0,3210,4466
5804,0,0
2017,5728,6611
4806,8592,0
3673,0,6485
0,5385,0
0,4544,0
847,5262,6784
4860,4346,3045
1841,6516,7323
6909,0,4790
5965,5254,4751
7697,7847,61
5206,2945,6948
5518,2995,6830
0,0,3857
3712,0,4693
5361,1463,9005
9892,1285,0
7808,8245,0
2745,4593,7000
6783,0,4565
9987,267,3972
0,5787,2835
8112,4915,2041
0,7831,3323
3010,8219,3553
7447,2884,2054
6733,0,4224
4368,0,9832
0,9860,637
2611,5504,7988
1972,0,0
0,2833,8085
5566,66,7804
0,0,5159
0,5270,0
4728,0,3662
4440,0,0
4297,5431,0
8533,7435,0
267,9884,5054
4463,4272,0
6001,2411,7051
2211,0,0
3327,0,6693
8756,2644,0
0,7378,4062
0,5260,0
1430,7690,0
9077,1934,5792
9179,1109,6990
2442,6334,4252
8653,0,3863
0,0,9854
0,4294,6912
6756,3927,2972
3711,0,3472
0,7757,1854
5528,4263,4774
7459,0,6251
3030,4977,0
6317,75,8221
0,6750,766
9882,0,1978
3582,2844,8491
1628,0,0
5014,0,2388
0,2643,672
0,4756,0
7877,5001,3643
0,7774,0
4353,889,9386
6537,6558,2201
7454,6781,1838
9518,700,4594
0,5641,0
0,7146,4971
4687,5776,0
0,0,2388
9982,1723,3875
7491,5151,0
0,0,5155
4817,7427,1442
0,3731,1604
5849,2800,6362
488,0,0
0,9700,0
6013,0,3882
8406,83,0
0,7735,0
1491,8512,0
5026,0,752
6861,7651,0
4881,3583,6860
4563,8773,1739
9964,5341,727
1960,6545,0
7653,1941,4128
2781,9336,0
9824,7395,298
0,4317,6771
2321,8399,1996
7016,0,0
7791,0,5716
4161,0,1539
0,8581,0
8245,5334,0
5465,6376,2333
587,4078,9210
6227,0,2757
1889,9782,0
0,0,9312
6058,2706,6705
5108,0,9690
0,0,4892
0,4763,0
0,0,5805
6142,753,0
6582,1510,5738
8896,0,3845
0,0,2463
3041,0,4147
0,1367,7550
6679,4282,3943
1749,9497,0
5250,4887,5287
0,2811,2104
6849,1249,5780
1622,9223,2839
5913,7126,842
6529,6925,1309
0,0,5735
0,7695,4118
4292,7330,6327
8641,7601,0
6218,533,0
0,3129,9696
3969,0,317
8613,294,5443
5658,4225,0
3361,4929,6830
7871,1626,5156
0,6817,6503
9767,0,0
8101,0,0
5764,1964,5941
0,8608,283
5314,0,4216
4827,0,0
2791,0,0
3787,2335,0
9489,3533,1546
6959,0,0
0,2842,7834
7608,8143,58
0,0,4724
0,8461,5088
0,2307,8398
2816,0,9595
2351,0,7133
3511,0,3865
2322,2790,0
5903,8306,945
8667,1210,4166
7850,0,2425
5472,3287,4655
1002,0,9309
0,3718,6359
0,0,8293
4770,4999,0
5875,7689,0
7951,239,7079
8203,5332,2997
3680,7098,3088
0,3353,9967
4365,6685,0
6772,0,0
5809,3019,8265
8533,3406,0
0,2976,0
4658,9539,1324
2667,4769,7395
2440,7055,6525
0,204,0
3645,0,9555
7592,1078,4628
3508,9666,0
4215,0,6476
5880,5467,0
1099,0,0
3522,1226,9504
8706,6069,0
9335,0,2444
4150,7638,4094
8644,1276,0
1535,5234,0
0,7259,5646
5045,7044,294
505,0,8303
6553,0,1824
0,2745,0
2249,0,0
8150,8743,106
9658,5400,826
5510,1648,6153
5396,0,8606
366,0,8155
5320,0,2356
9910,2202,0
0,5668,3109
8262,3788,2174
0,5564,0
6463,4300,3420
0,8215,3018
9394,934,5116
3140,0,1774
8287,5169,992
7619,5042,4529
9048,5286,1268
4648,1626,9208
0,8534,3886
0,6834,0
0,4616,0
8839,0,0
6989,1674,0
2905,0,0
3478,0,0
488,9676,0
0,5930,4091
5063,2609,6436
0,8650,1458
9228,3204,2698
457,0,3373
4998,1004,7530
6729,3460,4987
7904,0,0
6411,4861,2528
2348,2454,0
3943,0,6985
0,0,1756
3704,0,8843
0,6233,5223
5481,6754,4358
6113,0,8673
6696,3992,0
0,7430,4831
985,0,0
6243,0,4105
1924,7552,3780
4341,1447,8954
4232,0,0
1910,7734,5875
3751,0,7797
0,2334,8669
7268,6376,1811
5860,4368,0
7891,1110,5088
0,0,9725
3162,9402,2189
8157,3381,0
4686,4550,0
0,2419,5974
7951,3020,0
4391,3915,6490
4912,4057,4495
0,3827,3390
6624,3211,4668
459,0,6646
0,0,5626
4531,8709,3434
0,9425,3553
2593,0,7185
3786,6555,0
1614,0,4281
6873,0,4351
0,8404,0
4932,0,3931
4409,6707,4885
4496,0,0
0,4743,0
7916,1965,4078
7518,8190,0
2599,6898,0
0,4152,4608
1564,8022,4117
1642,6620,7742
0,0,5748
0,5790,0
0,0,5140
3328,0,9350
3153,0,5470
0,0,8938
0,3617,6221
0,4171,4853
7633,6260,1410
2375,0,0
8579,0,1657
5099,2400,5312
0,2372,0
0,5050,3347
7155,5407,1448
4217,7687,4181
7645,1700,5925
9812,664,0
4192,7295,1729
8751,435,0
0,3187,8184
6420,7465,0
0,1045,0
4375,7748,0
0,0,3508
0,0,3771
0,0,3478
0,0,5025
5482,4393,0
4823,4769,6927
0,9789,0
0,9082,0
5668,4731,4865
0,9030,0
5421,2565,0
2608,0,0
0,7441,7238
7342,1930,0
4423,7416,2196
4415,0,7187
263,0,9334
3541,0,4274
7617,1948,0
69,8223,0
2561,0,6243
0,2993,8814
8561,0,4329
7553,2993,0
7824,7070,0
4728,7878,1657
8249,2124,3729
8274,271,4797
0,2951,9787
0,0,3398
0,8175,1946
3579,0,2926
9951,1442,3911
816,0,3994
0,0,9801
5293,0,2535
0,8211,0
0,7315,3358
6745,2081,6347
0,999,0
6913,0,6124
4937,5617,3999
0,5237,0
0,1969,4238
4524,8279,2258
4427,6083,3860
6439,8961,2246
0,0,1110
8230,5475,0
5686,3161,7246
4307,0,1777
6857,4636,0
7897,5075,0
4127,0,3224
2647,8551,4824
0,5306,5700
6226,4156,0
0,8170,5917
0,5834,2934
1373,3910,8222
0,6381,0
6420,7336,1029
0,0,9214
0,7086,0
0,0,1859
5087,3950,7464
6084,0,0
201,0,5009
797,0,0
4678,1751,7953
3392,5186,5561
3900,0,6647
2356,0,0
2740,6726,0
7474,7767,942
5864,0,0
8113,0,3523
0,0,1709
6730,0,1028
1471,5529,0
3085,3670,0
2731,7779,0
0,9396,0
0,4950,5653
0,2322,4867
5791,1295,5541
7389,615,7415
3835,9396,0
0,4172,5996
3769,7114,2811
0,0,1880
4638,0,7074
0,0,6057
5234,5567,4233
0,0,4512
4758,5584,0
0,4310,4238
0,0,4195
4344,9244,1768
0,9694,1512
5641,9172,314
7911,0,1648
3813,0,2899
7099,1208,9172
6270,6741,2676
4321,1897,7962
2321,6070,0
6129,0,7106
5968,3123,6512
0,6505,0
0,1750,9673
6089,5950,0
236,5728,8167
0,6734,1072
0,0,3698
0,4294,0
0,0,7340
7553,0,6154
6582,0,0
8384,0,3843
0,6547,0
2124,8890,0
9244,402,5904
2029,4053,7543
6140,5438,3161
4464,0,2947
309,0,0
0,5732,0
707,0,0
7715,483,8029
0,0,6481
0,0,2847
8063,0,4175
3283,0,4247
0,0,5804
0,0,5432
0,4026,1527
6060,9711,924
0,3494,0
4984,5892,0
7143,6203,1287
7336,984,5970
327,8106,4244
3968,6348,0
0,4985,0
4492,0,0
8864,0,2612
9557,804,0
0,4460,3982
0,3225,1543
0,595,8642
0,5442,4897
4155,7666,1974
7934,0,0
0,0,4789
6242,3763,0
0,5655,3686
7505,4948,145
3725,0,0
8263,0,1782
6935,2102,9795
0,4816,0
8010,6040,0
7805,4200,481
2100,8183,5355
0,8213,4773
4959,7716,0
6854,7385,2459
0,0,7175
732,6603,8100
3119,5159,0
7062,0,7583
2041,6496,0
600,6103,4577
9053,0,101
5871,0,5757
2063,3791,0
1331,0,9646
5317,0,1740
5051,4511,5810
0,0,8621
7278,5479,0
3843,0,2724
0,9193,0
0,2638,4063
3025,0,0
7387,1613,7043
6135,5771,0
5294,4050,0
2535,0,0
8115,0,1393
4951,7969,0
0,2918,6582
8579,6493,2079
7271,5509,2065
0,5786,260
3383,1653,8796
0,4388,3246
0,1787,9631
6137,0,0
4625,1944,0
7843,2953,3681
0,208,8069
0,0,2412
8427,4186,2959
6546,1691,0
3644,2623,0
0,3034,6507
6309,0,3756
0,8299,2714
6145,4099,3979
2726,0,3208
7405,3225,1880
6698,3235,5477
9767,0,1602
5890,5057,0
851,0,0
8448,0,2937
0,119,0
2547,0,0
0,0,7767
2089,0,0
6265,0,0
7626,2847,0
0,0,2129
0,5346,7684
4785,5303,4203
5422,3727,7783
7932,0,523
2689,0,0
0,2584,1733
6704,1731,7718
0,6706,1724
6426,2338,6289
3062,0,5840
2627,2755,8321
4877,9767,250
0,0,3660
7771,5961,3766
9783,2088,3987
1065,3542,0
1112,7046,0
6890,4849,3444
3247,8719,0
2028,7649,3224
5568,5945,0
6239,0,0
7923,1487,5440
0,6040,3437
7541,1363,5618
5114,9364,0
4142,9212,0
6954,1406,6130
7493,4465,0
4607,0,2502
4617,3661,9871
3367,6224,0
7168,3467,4992
0,8500,1537
5301,0,4391
6331,4652,4635
1740,0,8906
2558,2721,8938
6441,4541,3487
1773,6482,0
0,0,8105
4299,0,5824
0,4932,2394
7303,0,0
8297,2469,4877
6641,9969,20
958,9261,0
0,4828,7217
9996,2043,1943
9092,3391,606
2237,0,0
1060,0,0
7918,7175,0
0,6664,4105
0,0,3984
5774,0,4241
4736,6179,5726
3225,3910,0
0,4948,3901
8816,3284,4507
4413,0,3747
4996,5082,6119
0,5074,5686
8394,4829,3053
9547,644,5567
8273,6086,0
8074,4329,4980
4408,4817,0
0,5688,7361
1813,5422,5976
3893,0,8166
8904,0,0
3695,3649,7733
3184,6168,0
5359,3667,9010
0,3605,5415
2102,2867,8239
1429,8029,6586
0,1507,6821
0,7815,2722
1462,0,0
5261,2777,5403
4360,6873,2997
6522,6707,1673
1005,5403,6484
1491,3945,9861
0,4003,4251
3396,6717,0
3002,9610,2958
0,0,7749
4142,9259,3511
0,142,0
0,6578,4605
0,5726,0
0,4923,7428
6562,4794,5232
0,0,7222
5817,0,5291
0,0,3278
9058,1076,0
3482,0,0
0,1787,9230
0,5749,0
0,1317,0
6416,0,6689
9152,0,0
0,3453,0
9522,716,0
0,5268,7789
0,0,3905
2147,7980,4090
0,7520,0
8660,2880,0
6116,5111,0
8778,0,5183
3582,3178,8195
6471,4059,5256
3883,8806,0
4151,7466,2635
4030,2673,7276
3475,4999,0
8886,3186,0
8556,1879,0
5496,0,0
8798,5886,0
0,5243,2601
0,1103,3658
5379,9023,3158
5071,7912,2560
6354,6500,3583
0,0,3729
0,6923,546
1730,8929,5761
7049,5511,0
7703,2458,8065
0,6162,0
0,2578,0
5302,0,0
5612,8758,0
9845,605,0
3765,8289,2588
0,0,5943
4007,8677,3804
0,0,3937
0,6003,1230
4154,2045,7636
3745,2718,8580
0,598,7738
5763,5710,3848
6640,4755,0
9082,0,3652
0,5171,0
6731,4422,0
0,0,8729
7529,4482,2963
3004,6491,0
0,5699,3825
8581,0,0
6862,7389,0
9193,0,4941
5304,5679,0
3907,0,6422
0,5806,6051
2882,4778,8421
0,5839,5590
5715,7369,2644
0,4349,805
0,0,5914
5087,0,8866
7605,765,5805
3759,3954,9901
3169,0,9214
5673,2936,7892
4098,5249,7027
3893,3545,6194
1827,7981,0
4355,3382,6947
4969,6175,1771
4030,1055,9233
7259,4131,3979
4048,0,0
0,4382,9821
3334,5567,0
9743,2240,3384
4929,4979,0
4291,8113,2523
8173,6094,0
7710,6595,347
5360,7614,0
3967,1486,6768
3936,6469,7783
0,7396,4316
4602,0,4479
5156,5404,0
0,0,6240
0,0,2346
0,2028,6298
5957,5439,5301
6458,0,0
0,0,4221
2051,0,0
0,5420,0
0,6424,1645
7017,5696,2769
2332,6537,5518
7069,0,1619
0,5449,4796
0,965,6749
3248,6866,2396
4775,5500,3263
2469,5422,0
5650,4228,0
0,6619,3025
0,6623,5881
9268,3844,0
3780,7272,5338
4883,3653,6224
2664,0,0
6380,0,6959
7917,0,3886
8315,0,5372
0,6265,0
5075,0,0
7243,0,0
0,0,622
1283,5847,7577
0,0,2049
0,4661,8693
5047,1987,0
5042,913,8613
1021,9788,0
0,0,6801
4966,0,195
9738,4644,1403
0,0,7208
4826,7268,2525
4825,0,4176
2340,6667,6879
4449,7120,3384
5452,1842,0
0,2826,0
0,8037,0
7162,1722,4216
0,8447,0
1563,7963,0
7663,3970,2248
0,0,3357
2780,0,2572
0,4247,0
5307,7546,1791
5128,0,0
3250,0,4731
0,2559,0
9367,5014,423
2566,0,5810
7247,6058,0
1056,7804,5073
713,0,0
5801,19,8689
9263,1744,0
0,0,1629
9049,2128,0
1175,5199,0
0,5000,272
1745,5035,0
5150,0,0
2571,0,5807
0,9264,0
1823,0,7904
3500,5390,0
8935,0,1388
0,4308,0
5006,0,4110
0,9312,3154
0,66,0
0,0,3662
0,0,2431
3838,5699,4204
4528,0,5856
4052,0,5697
8636,0,0
6083,0,3588
0,4741,3331
3045,4256,0
2684,6577,0
5423,0,4743
9895,4359,0
4728,4652,8019
7531,0,739
2956,9952,0
8327,1623,5683
654,0,7259
0,2155,3802
4886,0,3115
0,6669,0
3944,3231,0
0,0,4211
0,0,3915
0,2513,9403
0,3586,2452
9335,2447,2708
0,0,4314
4570,6484,0
9417,4500,4217
7605,4432,0
8309,434,0
0,7250,0
0,7483,0
6025,5810,2556
0,4461,0
0,1429,7042
2164,7552,2129
7776,1511,6034
1514,6233,8010
5154,9620,673
6950,3559,5114
0,0,4730
9335,340,0
0,0,7495
6300,0,2945
3666,6756,0
4356,0,0
2664,0,7520
0,0,2675
3176,4504,6336
0,4518,6786
5327,5648,5539
5261,4108,4145
4271,0,2507
1356,6762,0
3982,0,0
0,994,9070
2253,0,5914
2958,7527,2616
3871,0,0
0,9455,0
0,7368,0
0,0,5553
2563,8870,4166
6856,863,7773
3308,6334,4416
2860,9131,4730
0,5559,1599
0,7139,5232
1683,8100,6396
3060,3458,0
9178,0,402
7216,6646,270
0,1122,0
4398,5826,0
4128,6345,3980
9966,0,519
0,0,6249
4026,8598,1607
4490,802,8246
825,4684,0
9106,358,0
6062,3735,5138
0,0,5557
2240,5043,5667
0,748,0
5081,0,4640
7895,0,4273
7883,912,4790
8771,4396,0
0,8904,1649
3059,4561,9622
3602,5607,5214
0,0,3890
0,7202,0
3411,872,8645
3438,4489,7659
6107,0,0
0,5844,7735
0,0,5849
6984,2788,3002
3241,8008,0
0,0,5389
0,0,5357
3514,5688,5635
0,910,9479
6912,2588,7101
9919,2898,2483
0,0,857
6167,4980,4668
9100,996,7217
0,3633,0
4877,0,6569
2855,3961,9193
7813,6754,0
4078,3569,4329
0,6333,652
3983,5030,5027
6017,0,7436
9287,1842,5440
6374,5376,0
3086,6460,0
4700,1438,0
6147,4563,5282
3695,9228,479
7283,8585,376
0,0,1320
6518,0,7696
3331,5313,6247
0,6704,0
4536,4359,6829
0,2871,5462
0,5112,6500
1368,4773,0
6531,3607,5356
0,698,0
2415,8597,0
6866,4995,4522
2917,5213,8799
0,6435,4732
9922,4850,1464
4139,0,1915
0,6236,6072
0,7206,0
0,5765,7700
7737,0,4470
0,3248,0
5937,5605,4215
0,2948,4679
0,0,3273
6570,1952,6559
4457,2531,7416
1559,8969,3464
0,4854,0
0,2421,3376
1039,9173,5244
638,6275,0
0,3648,9218
6502,0,3899
0,925,7653
3335,0,2801
0,0,6480
7358,6719,0
2767,2239,6476
612,3512,9828
1725,8698,4949
0,6805,0
0,5221,0
7007,0,3722
2606,0,6779
0,0,2770
0,0,7993
0,0,5834
6738,1825,0
0,5050,0
7599,2776,5165
8311,1460,1950
0,3617,6536
501,0,7848
3129,9535,713
8310,0,0
7458,0,0
1502,9053,5442
5330,6257,4545
3841,1662,7959
4722,4014,0
0,0,3761
5578,5520,5369
0,3954,4925
8289,12,7111
0,9161,2094
6938,4531,0
61,4331,9067
0,6299,5960
1962,9828,4289
4278,1097,7592
9022,0,0
0,1698,8165
0,4762,0
5583,3945,0
0,6511,269
0,4873,7406
2927,0,9524
9003,3361,1778
6283,0,2495
835,0,0
587,0,9462
9228,0,3963
0,0,4554
0,4664,335
1435,6057,0
0,3921,0
0,0,4727
0,4678,3112
0,0,8281
5357,9414,2016
5476,3251,7301
2284,7202,5542
0,5683,5656
3859,5107,7269
512,8611,7350
4896,5220,6261
9783,0,2935
0,4225,124
0,0,7104
7157,0,6175
7977,0,0
3437,0,9837
2236,0,8776
6483,0,8068
0,5432,0
4894,3310,5399
2901,4545,0
0,5091,0
5151,0,8076
0,8903,2488
7075,586,9777
0,8848,0
6941,1693,5260
4691,0,0
7793,2757,3349
0,0,6528
4955,7183,0
0,2131,0
652,8033,6802
0,8393,0
2539,5228,6395
9757,0,0
0,6555,0
0,0,9085
8956,0,3224
3846,0,8750
2487,6154,0
6913,0,0
7261,0,0
0,5472,0
0,3687,5240
7783,3327,0
9597,0,3394
0,6006,5905
0,4883,0
2022,7620,4762
0,1785,4150
8966,3009,1182
1713,6397,8323
0,2339,6001
198,9351,0
9440,3666,3406
1774,7852,5531
0,9168,0
5035,47,9002
0,5445,6003
3784,3011,7571
0,4157,4331
8973,0,0
3755,2845,8803
0,4491,8371
0,6137,3173
2987,5271,0
0,0,1944
1765,2176,8206
4876,216,9795
4884,8233,2332
4135,9142,1893
6812,3049,6445
2009,4292,0
0,0,7873
4354,6344,3524
6223,2793,0
7201,4967,3307
0,5686,0
5592,6204,0
6729,1349,0
7574,5898,522
4153,0,5484
4381,9303,1961
14,0,6877
1388,7689,6669
0,0,5835
3930,6010,4529
5889,8577,178
0,6335,7236
0,4094,7923
1614,5863,0
7692,1979,6176
0,4826,0
0,0,4878
4806,9737,0
0,5826,8560
0,2997,4331
0,6153,0
0,2958,5093
0,3229,0
4710,3124,8405
0,0,1433
4058,8919,3645
4618,7539,1886
3193,0,2602
1656,9891,5756
0,0,3342
3249,2353,0
0,8453,2732
3891,2255,7124
0,6941,6963
3040,2840,8536
6625,6473,0
0,0,4084
0,2641,6977
5969,2039,5125
3135,2411,9591
5661,1284,8660
6946,214,8225
0,5007,6021
1959,5192,8170
9099,0,0
0,3242,3629
0,1265,0
0,0,431
3436,0,0
3319,7510,5985
3066,8086,3295
6136,8922,117
8218,1771,4963
8272,0,6183
6770,0,8407
2971,7026,8095
1075,0,8543
0,1023,9682
6730,3806,3082
0,0,9217
0,4603,0
0,5282,0
6013,0,0
6968,2028,6369
8663,0,5410
6605,0,8885
3093,0,0
4794,1791,9813
6701,5531,3552
6593,4963,2997
9291,4114,0
6411,0,860
4946,6887,1693
0,0,1576
4034,2633,9831
0,2335,5470
5643,5516,6435
0,7492,0
7729,0,0
5772,0,3160
2441,9372,955
5016,0,8053
7913,0,6833
838,5501,0
7438,2431,4640
1108,8905,3443
0,0,4573
9983,3950,0
6875,2842,5244
5277,6903,2835
5516,5108,0
5818,8380,1971
4504,6754,4907
5808,2618,0
0,7895,0
0,0,2615
5148,2373,8223
0,2165,7114
7537,0,0
0,2417,0
4581,6848,3631
2819,4842,0
1727,8877,4592
1271,0,7291
2990,6739,0
0,5294,1382
7163,3618,0
5288,4546,0
8086,0,0
0,0,1387
0,5412,7108
2629,0,8762
7520,310,7160
0,1929,8956
2874,0,4242
6810,0,0
9449,3306,0
630,7946,6088
2291,0,8473
0,7452,5557
5290,2249,7172
3745,2002,8786
0,985,6118
0,0,7087
60,0,0
833,5914,0
5877,0,7773
0,7682,2366
7958,2940,0
9373,1545,4193
7099,0,0
7426,0,0
6032,4167,0
0,0,6350
0,0,5140
3652,2560,9668
0,0,4433
3244,0,4088
6896,5075,2289
0,9974,0
0,3843,0
7559,0,4491
3783,3267,7534
0,9649,1051
8448,0,0
0,6360,2256
0,0,1308
0,6831,0
9243,4397,0
7171,5138,0
0,0,5296
5141,0,0
2553,4284,8199
0,0,1438
1256,6726,7338
0,0,2577
5965,4957,4644
2055,9521,3104
4821,0,2560
7394,0,0
2124,0,6162
7583,0,6692
0,6403,5767
9339,4609,2216
0,0,1576
9648,0,0
0,0,372
0,6398,5892
7123,3354,2310
0,5254,5404
5935,6502,4216
0,0,2099
2953,0,0
0,0,8615
4950,8594,1865
8543,2997,4020
0,0,3161
5212,2380,5661
0,7243,9030
225,5314,0
3394,0,6160
0,0,4137
6340,0,7542
5065,2822,0
6495,9013,0
1756,0,6938
7133,0,0
0,0,4788
7232,2263,0
0,0,380
0,5145,3585
7982,5668,0
0,0,3112
6239,2893,5880
3847,0,3686
7257,3888,0
6510,0,192
4451,9580,0
8926,705,4164
0,2095,4748
1478,9140,4863
2885,1426,6949
4226,0,8024
0,5416,0
0,0,7971
0,8900,3166
1402,0,3143
7719,1445,5697
5428,0,0
2133,4043,6323
3576,7239,4441
7178,3191,3611
9439,0,0
0,0,9769
5379,0,0
7853,4790,182
0,982,6197
8065,2817,0
5258,4964,3811
770,5492,8568
8200,4033,371
4549,0,6477
0,7423,0
0,5859,6431
4681,0,1165
2128,6335,0
0,5557,6744
5223,873,0
0,0,577
0,8190,0
0,7471,3795
2755,5767,8176
4201,0,5015
6350,6057,0
7288,0,2960
0,645,7881
6305,1401,9515
6256,0,1854
5416,0,0
6049,4267,0
4231,1087,0
0,0,1451
3419,0,0
6120,1974,6594
2261,0,4410
8053,0,8219
5954,2471,7529
2410,3102,9672
3748,4728,5706
2158,0,0
4580,0,5620
0,274,6458
0,3216,4263
1534,5165,0
0,9630,649
7912,0,0
0,0,5292
4025,8125,0
30,7070,6873
3656,7307,4193
0,3874,7054
3015,8721,2887
796,4336,9359
0,0,7033
8878,5430,617
4497,5455,6270
4206,0,3108
306,9878,3881
4702,5917,6116
0,5004,0
0,0,5747
2972,0,5535
3981,0,0
6365,0,1099
7190,813,8442
0,0,4123
0,0,1385
0,5260,5477
4444,8306,3662
8491,3107,3933
7040,0,0
3282,5853,0
7356,7000,460
7073,3267,5784
1549,6103,0
9634,0,2102
4325,7484,4051
3594,0,1394
3536,0,7065
0,6226,146
9465,4748,2612
9851,1102,0
6569,0,7284
3662,0,0
8374,6544,0
6520,3395,0
0,4310,7709
7847,4004,0
1343,7592,4155
1695,0,5839
0,8183,2743
4914,0,0
0,6488,5372
1551,9636,3182
5647,0,3759
2204,7951,5450
0,5114,5430
0,2068,0
9340,6251,358
0,6391,0
8078,0,0
0,0,3338
4607,3912,6512
0,0,626
0,3587,3919
4078,5784,6497
5252,4545,5721
7014,0,3615
0,5610,0
7168,1,8039
0,759,5389
6958,4102,0
5996,5493,2631
4942,0,0
5580,0,7554
0,8226,0
6238,5627,2490
0,934,6667
0,1992,4796
7876,3406,0
6089,6802,0
0,2967,6136
0,0,6014
5255,5661,5918
8554,0,0
1591,9604,3496
3509,0,3263
9796,3760,0
1825,4315,8621
8259,3995,5050
7786,0,4724
3929,0,4394
9833,0,99
0,3792,2625
7831,6502,497
0,0,7054
7143,4170,3122
6617,798,7319
1441,0,0
0,4464,8033
4326,0,7804
5543,1971,9103
6578,0,0
6464,5412,1862
0,0,3209
6125,0,0
2560,0,2755
1076,3973,8489
9126,2845,5304
0,8656,0
0,1817,8934
1081,9076,0
5706,0,4648
1811,9715,4482
0,6682,430
3891,6715,5054
0,2440,3922
4265,6737,5054
5900,0,7684
4655,3032,5754
0,0,1347
1788,9387,0
0,8667,0
4122,6527,5712
7963,0,3554
7027,2696,5201
0,4611,0
8020,6610,4177
8717,2933,2125
5806,0,1527
5169,5940,1220
7784,867,5854
4971,0,9360
4563,1141,8257
5095,0,0
661,6492,5163
0,3437,0
3901,2411,8215
4547,4646,6446
2070,7876,4072
8648,3684,5374
9939,4123,0
0,6386,0
0,1110,4822
8628,2198,3182
0,9719,2674
0,3596,0
335,6621,0
2971,0,1692
6812,2970,0
7470,2545,5855
0,6013,3938
7766,0,0
7670,0,5037
3392,3811,5991
7699,0,7308
7631,0,0
0,1046,6890
1361,0,0
6177,0,2390
776,0,9785
5769,0,0
0,8630,0
6992,5772,1991
7018,7353,0
5435,2188,0
0,8804,49
8105,3529,0
4346,0,0
0,6331,0
4601,0,6340
4239,0,189
9290,4608,2365
1862,4142,0
0,3526,7708
4663,2542,7173
0,7153,3195
4936,0,8377
0,0,5270
8743,1944,0
6931,0,0
7052,3419,4688
5856,0,0
5063,0,6457
3348,2010,0
917,6895,7417
4946,0,4438
2249,5735,6245
0,4280,3850
0,385,5138
6016,3943,6176
5558,3065,3810
0,7764,4839
9650,3199,0
6754,6949,2377
7889,295,5219
3275,0,0
5526,0,0
0,0,1846
893,7388,0
5390,1287,6824
6563,0,0
0,5380,0
5773,5090,3488
2888,7386,5059
5375,1474,7878
5661,2332,8485
549,0,4763
9143,4070,1363
4478,2758,6700
4077,6165,5211
0,943,8913
0,6010,0
9910,812,3340
4496,8847,2402
0,6840,8884
2742,0,0
8864,1542,5724
2910,2792,9992
2118,0,7967
1331,0,4783
0,0,6572
7445,0,0
0,0,2686
0,1206,4469
0,6239,5448
8026,0,3687
5094,7368,0
4158,2990,7397
0,6012,2841
3317,6427,0
4449,0,5117
0,7127,0
4170,3081,0
8258,6492,218
0,0,1918
9926,0,1763
77,6965,0
0,0,8630
0,6894,0
8702,3675,2763
8923,0,633
9033,1122,3605
4651,2695,0
8622,3313,4046
0,8393,4295
0,1550,6796
0,2689,5390
0,5008,0
764,6713,0
9744,2177,2719
9508,0,5570
6140,0,8160
9551,4172,120
4386,8404,1708
6727,1900,0
5579,3555,8354
0,0,8663
4791,4785,6637
5474,0,0
8922,4496,2686
5657,6994,0
6475,2018,8353
112,7184,0
0,0,4067
0,4712,0
2629,4894,0
0,8713,901
0,0,1155
0,6928,0
4869,2145,8326
0,0,8558
0,6976,7437
0,0,7363
0,3696,0
0,6741,0
4269,1775,8632
0,3912,0
7228,0,7614
0,4454,0
8355,0,2427
0,7561,5018
5810,5871,0
0,9107,2385
5171,3202,5879
0,9598,3711
6817,3595,0
7070,9579,0
2380,5893,7893
5224,2602,6865
0,7199,936
8613,5499,291
861,4141,9446
8275,141,8947
9338,0,0
2155,5912,6793
562,4737,8597
0,2112,5953
1916,3150,9369
7799,3967,1750
118,0,5622
1852,0,4987
0,0,6442
6447,4821,0
2399,9679,0
2152,0,4375
0,6201,6023
1041,4939,8925
0,0,7364
0,3166,0
0,1948,3244
8842,4063,2186
0,6413,0
4843,2275,0
0,1906,0
4376,7782,4629
9573,4858,516
0,0,7325
0,6452,1221
0,3351,5382
7749,4226,3361
3164,4526,6325
4607,2479,7833
5755,9140,2979
0,5812,7135
6487,8949,1459
7846,0,381
0,2138,8944
0,6541,5431
3787,8060,3374
1597,6781,6582
4621,7424,0
4070,3459,6281
3875,0,0
7473,0,0
7546,3222,4181
6503,6182,0
7876,4108,3566
0,6343,4378
9448,0,0
7958,0,1051
5132,0,5135
4510,5861,6293
5497,3651,8996
6623,1906,6858
3203,7364,0
5879,3293,6804
4739,8151,0
0,4286,8541
0,5552,3715
4968,3004,7798
0,9588,3296
0,4124,4884
4358,8481,0
0,7339,6788
3882,1758,0
270,0,6104
0,5213,5140
2086,0,4842
6486,6141,2816
2441,0,0
1187,8885,5077
0,0,7369
0,6008,6024
7806,172,5628
2037,8840,3565
8245,1735,0
5408,1225,7557
0,0,6042
8787,6962,1792
6405,0,3868
5586,6060,0
6356,7010,1738
5454,0,5324
0,3326,4906
5858,3914,2737
0,5117,0
3926,1189,9855
0,5613,3997
3067,6280,0
0,0,1264
0,7864,0
4928,7689,3010
5841,4534,4379
0,5638,6380
832,6231,7138
0,5264,5663
6035,657,0
2748,3539,7356
4600,8587,3983
5998,8657,1671
0,3376,9257
0,5152,6767
0,0,8480
1524,5438,8827
6737,6954,2511
0,0,810
0,0,4299
3273,0,6034
9941,0,748
3921,6665,0
0,3373,6883
0,0,7412
8007,4740,2020
0,6676,4184
7817,5864,2521
4515,8395,0
1156,0,8139
0,0,8868
3761,3032,7574
7665,6277,1289
1494,0,4242
0,5593,0
2151,5288,6661
7382,1318,5221
5385,0,1165
1321,9095,4718
0,6957,4275
7303,7878,2924
0,331,6258
4748,0,8080
0,8429,6951
1010,0,0
7958,117,9153
0,3584,0
4510,9593,1096
4034,3774,6868
2713,6544,5988
0,6423,8692
130,8439,6039
0,5827,2302
0,9332,0
174,0,7400
1838,6474,5955
4350,5210,4476
6192,5526,2948
3240,4947,7239
5312,3341,0
1752,9206,4046
8218,3501,1400
0,8908,4389
5216,5884,3857
0,1298,0
1924,3532,0
0,7676,7403
5487,9929,0
7097,3995,0
0,0,9894
6393,0,6099
7636,3337,0
7649,1238,6420
5201,4534,0
4591,0,5596
3566,4366,7325
8545,3172,2802
5184,6648,3012
0,2086,7102
4986,4717,4570
0,7451,0
0,3080,5209
0,0,3466
4269,5255,0
0,1532,5530
0,5659,1112
2728,7165,0
0,0,9316
9842,0,1460
8039,3448,2210
7674,3946,4207
4028,1831,0
1014,6074,0
1996,0,5628
4813,5081,5461
3229,2795,9302
3162,0,3119
7207,0,0
0,5732,3770
6093,4995,5075
6073,4704,4546
3040,4908,0
0,0,8317
0,0,9994
6763,127,8114
970,8780,4612
0,5845,519
0,0,8771
5992,829,0
0,959,7270
2159,0,4352
3446,8946,3706
0,2887,0
0,7644,0
4461,5734,6207
1081,0,5427
5536,4219,2945
640,0,9179
2287,4060,8574
0,2833,0
3631,5746,5367
2208,6476,5517
4249,6954,4948
3994,9216,2758
1669,3788,9786
5393,0,6221
2826,7324,4464
8837,0,113
3092,3938,7974
