5000 2
4320,0
7548,0
945,0
0,1042
0,9163
7993,0
3481,0
0,5357
470,0
6720,0
4868,0
7424,0
7909,0
0,5702
0,8777
0,2022
0,1427
8812,0
0,4089
0,7945
7414,0
0,4294
5449,0
0,8022
0,3235
0,5679
0,3992
0,248
0,4637
0,3832
1295,0
0,1237
0,3491
5636,0
6902,0
0,4876
8673,0
3550,0
966,0
4250,0
0,5493
0,2898
8198,0
3727,0
3245,0
2793,0
0,9722
0,2482
0,3175
5222,0
4911,0
0,3961
0,7002
9091,0
1601,0
0,5286
4801,0
0,6834
5803,0
6290,0
0,6106
0,5577
0,7682
0,6269
0,8701
690,0
0,5962
1384,0
7449,0
4251,0
8121,0
0,2388
0,255
8618,0
0,1979
0,9262
0,6828
0,4083
7881,0
0,9399
843,0
5117,0
0,5000
3449,0
0,5680
3868,0
0,2613
8422,0
0,7489
0,1656
0,6695
0,5393
1769,0
7614,0
9815,0
2401,0
4423,0
0,1754
7077,0
3110,0
0,5138
0,73
7967,0
6502,0
5835,0
0,3140
0,9
0,5729
0,6641
0,4562
0,6243
4147,0
0,2701
0,3981
4942,0
0,6455
0,3551
0,3485
0,5090
8202,0
8428,0
3670,0
0,6479
4616,0
5259,0
3714,0
0,2784
4970,0
8291,0
7216,0
3204,0
3213,0
0,2288
0,8152
3877,0
0,6449
0,6085
1924,0
0,7852
0,7459
2926,0
1157,0
0,1681
0,9274
273,0
3049,0
490,0
6378,0
0,6457
0,6761
0,1704
0,5776
0,5070
6875,0
0,1635
0,3037
8004,0
0,6554
5603,0
1762,0
0,4400
7929,0
3018,0
0,4604
0,4251
0,2949
367,0
0,4844
0,3016
7856,0
0,8113
5983,0
3052,0
0,6156
4380,0
5178,0
1512,0
7219,0
8450,0
0,3630
0,5165
908,0
7967,0
5316,0
0,8696
4828,0
8098,0
0,7998
2364,0
0,3479
0,5931
0,7712
0,1734
0,8360
1934,0
0,3199
0,5784
4613,0
8059,0
2582,0
0,8668
5434,0
7504,0
1279,0
0,4562
2331,0
0,6191
0,9370
0,3914
1734,0
4213,0
0,5010
3907,0
0,3336
9369,0
8120,0
0,2345
3961,0
0,1918
0,6391
4622,0
0,3336
4584,0
9105,0
0,1714
2285,0
0,8343
5623,0
7769,0
6049,0
4655,0
7750,0
9264,0
7652,0
0,2347
9008,0
0,195
7812,0
0,3310
125,0
5620,0
0,5572
4799,0
6027,0
0,4722
2816,0
6531,0
0,4951
6968,0
0,3826
0,7085
0,681
0,3376
7090,0
5250,0
4314,0
0,4197
0,4389
3967,0
0,7433
0,3254
0,6844
0,7988
1477,0
5288,0
3337,0
0,3508
0,1506
1091,0
2915,0
9149,0
0,7933
5812,0
0,5085
0,2794
1549,0
0,1516
0,3788
0,5259
3098,0
2668,0
0,7497
5419,0
0,3883
0,8859
3881,0
5255,0
3357,0
0,8062
5742,0
0,8809
0,1213
7285,0
6586,0
1593,0
4585,0
0,6467
865,0
0,6157
4368,0
7639,0
4953,0
0,6113
0,7244
0,6228
5613,0
3984,0
5612,0
0,7989
0,7091
5121,0
0,6615
0,6952
0,4869
4239,0
2872,0
6809,0
0,71
952,0
5141,0
0,4909
0,970
7133,0
68,0
0,9075
0,2562
0,6774
0,7481
0,1871
0,3207
6731,0
4565,0
3138,0
0,872
6031,0
2223,0
0,2343
835,0
1843,0
0,8983
9817,0
0,9226
0,7052
0,2883
1449,0
0,4216
0,8341
0,9603
2620,0
2825,0
0,541
0,164
7458,0
0,2354
6766,0
6799,0
0,4666
0,7639
0,2174
4680,0
8647,0
0,6701
6257,0
8904,0
0,7467
959,0
1602,0
7558,0
0,7664
2272,0
3539,0
0,3029
1401,0
0,3893
2113,0
0,4175
3050,0
6445,0
0,4959
0,7962
9712,0
2933,0
6565,0
0,7602
0,3932
0,2118
0,4863
0,7951
0,5587
2177,0
7812,0
6465,0
5766,0
0,4147
0,59
0,4640
0,5420
2138,0
0,4253
0,2405
5462,0
0,5615
5901,0
2757,0
6139,0
0,6801
0,6828
0,6550
0,4824
0,8303
0,8565
0,9267
0,6840
5498,0
0,3715
0,6263
0,4089
3622,0
0,5101
0,510
0,2561
6065,0
0,6642
6395,0
5359,0
4463,0
0,3753
0,1246
0,4565
0,4744
6146,0
0,4636
0,3690
5518,0
0,5226
0,7484
6115,0
6184,0
0,4671
1431,0
0,7905
7738,0
2526,0
5938,0
0,5405
4233,0
0,3018
3826,0
6251,0
0,8761
0,5108
0,4383
6028,0
0,4122
0,3149
7594,0
4349,0
0,2093
0,1288
0,6874
2006,0
4314,0
0,9764
0,6342
0,7297
3255,0
0,7199
0,2812
740,0
2283,0
1026,0
4486,0
9684,0
0,4942
9638,0
1878,0
0,1071
0,9239
4546,0
1726,0
0,9678
8972,0
0,7862
7198,0
7141,0
7070,0
0,3931
0,1746
1611,0
642,0
1112,0
0,2511
0,8939
0,4489
0,4317
2167,0
0,6900
0,4514
0,6453
0,4569
0,3873
0,6005
0,4035
0,5230
1071,0
0,4489
0,6016
0,2740
5021,0
0,6164
0,6140
2720,0
5057,0
7441,0
1717,0
0,8704
3227,0
0,7784
7934,0
0,1932
4781,0
0,4774
6240,0
0,7580
0,7067
0,2592
0,444
3978,0
0,6616
6454,0
6200,0
8915,0
213,0
0,4959
2519,0
438,0
8694,0
3405,0
6398,0
0,2390
0,5051
0,6891
0,5615
3051,0
0,5894
0,8102
0,6400
0,8711
0,7740
8457,0
2271,0
4208,0
0,730
3583,0
0,8516
0,313
4970,0
6303,0
0,5444
0,8765
9988,0
3051,0
6751,0
6653,0
0,23
0,2892
0,1606
0,6181
0,3010
7773,0
0,8396
0,4016
0,4283
0,2887
0,8555
0,5930
3712,0
4475,0
0,648
0,983
0,4321
4625,0
7926,0
0,8097
0,9251
0,1574
5718,0
2308,0
0,5168
6862,0
2941,0
1674,0
0,7346
0,636
3589,0
5842,0
0,152
1689,0
7948,0
0,198
8661,0
0,6944
0,9033
0,4955
0,560
0,4747
0,6021
1786,0
2843,0
7860,0
1784,0
7446,0
0,5100
0,5694
0,8129
0,4938
0,5093
7703,0
3425,0
0,6459
2820,0
0,688
0,5432
0,5925
0,4652
9845,0
0,7273
0,7092
0,6761
0,8669
4164,0
0,4821
8409,0
0,7097
1391,0
0,5015
0,9587
3733,0
0,255
9091,0
4136,0
718,0
0,79
2967,0
0,9352
0,5300
6813,0
0,6550
4069,0
0,3539
0,6762
0,6553
3263,0
0,1541
0,7014
1226,0
0,6757
6012,0
0,2420
0,3224
5985,0
2468,0
0,8109
3954,0
3006,0
0,7910
4477,0
0,9340
7254,0
0,971
0,7171
0,9042
0,6135
0,9148
1300,0
0,5021
1597,0
0,7595
3000,0
2124,0
2002,0
0,6972
1841,0
1811,0
5795,0
5370,0
0,4885
0,4310
0,2745
7418,0
8472,0
0,9106
5375,0
8329,0
0,8820
5901,0
0,7638
3792,0
3350,0
0,5679
7134,0
6809,0
0,9117
0,5097
4245,0
0,1202
0,7696
9656,0
106,0
6179,0
0,4184
0,2518
6818,0
6554,0
6804,0
0,5123
0,5168
1359,0
0,4579
0,3679
0,3650
0,7825
0,4938
0,8159
5337,0
0,1741
0,8467
0,5267
5278,0
0,6766
6161,0
0,869
7514,0
2208,0
0,6929
2299,0
1706,0
8977,0
1064,0
0,8919
6201,0
4143,0
4534,0
8969,0
9621,0
0,9894
0,3468
3013,0
0,7649
3779,0
0,8560
5611,0
0,3673
0,3660
0,6865
0,3085
0,6054
0,6269
8687,0
0,554
0,4533
4061,0
0,5782
4260,0
0,659
6779,0
2428,0
3245,0
8578,0
0,5874
0,966
4884,0
2165,0
1033,0
0,4721
0,6843
0,7124
0,8861
0,1544
5564,0
0,2748
0,5887
0,7524
0,590
0,7359
7749,0
2113,0
0,4598
2218,0
616,0
6521,0
0,4588
0,7846
5015,0
0,2352
8751,0
2582,0
2605,0
3454,0
0,8652
0,6006
3761,0
0,2363
5398,0
7102,0
6340,0
0,2691
5111,0
4426,0
0,765
0,7844
6882,0
0,4794
3708,0
0,2049
4937,0
0,5258
8444,0
0,9939
5519,0
0,2162
5933,0
7497,0
5953,0
3124,0
0,2689
3144,0
8917,0
0,7644
0,2486
0,1968
5925,0
0,3046
7163,0
7212,0
6340,0
0,2082
7801,0
4975,0
0,8149
6043,0
0,3862
4349,0
8020,0
1113,0
0,5832
4825,0
5757,0
8205,0
5393,0
0,5938
6986,0
0,9645
0,3971
0,2797
0,550
0,6606
4731,0
8565,0
0,3168
2495,0
4447,0
0,9592
7626,0
1564,0
5183,0
0,5827
0,4354
0,9685
0,3475
0,5209
0,7740
0,6649
0,2946
9415,0
7309,0
6336,0
0,6530
0,8817
0,5231
7668,0
8200,0
6463,0
8881,0
0,1107
0,4718
9568,0
9786,0
0,4389
0,7522
0,6315
0,2897
5631,0
0,6113
0,6127
8509,0
5863,0
0,2452
0,9732
0,5337
0,5191
2785,0
0,6421
0,9815
0,7098
0,9291
0,4031
0,1674
9164,0
3560,0
8620,0
7984,0
9071,0
4853,0
0,3715
0,3830
6392,0
0,5976
4494,0
0,7349
4629,0
0,4700
7487,0
0,7845
3529,0
0,4793
0,5664
5005,0
0,4802
0,2186
0,2799
4521,0
4529,0
5471,0
4847,0
0,3852
0,3890
2895,0
0,7036
0,3546
0,4436
0,6011
0,488
4234,0
3177,0
0,3386
0,6447
2523,0
2948,0
0,2412
0,8964
0,6702
0,4024
0,9201
0,8747
0,3577
3231,0
5395,0
8298,0
9667,0
0,9134
0,21
0,9996
3426,0
3922,0
0,7514
0,6630
0,7393
0,8289
5969,0
0,4426
6950,0
4873,0
0,3406
2945,0
5279,0
5506,0
0,8905
0,6067
0,7486
5840,0
3105,0
6759,0
0,6523
0,5445
1616,0
2619,0
0,411
5417,0
1858,0
0,1053
4905,0
7976,0
5970,0
8460,0
0,5756
6347,0
0,8333
3197,0
0,6454
9098,0
0,893
4605,0
0,2350
0,6024
0,2312
0,690
7644,0
5499,0
4947,0
4955,0
4591,0
0,7082
2922,0
0,3202
6574,0
0,5504
6078,0
0,7408
3466,0
4142,0
0,2449
8390,0
0,7976
2273,0
5386,0
0,6542
0,5896
6121,0
0,8818
7893,0
0,4724
8551,0
5313,0
0,5294
1597,0
5281,0
0,7546
0,1779
8737,0
0,6677
3261,0
3565,0
297,0
5571,0
6003,0
0,5870
0,5801
0,4871
0,6108
0,1645
4739,0
0,1551
4331,0
5795,0
7871,0
985,0
0,1761
3747,0
0,3148
0,1273
0,1398
0,6417
0,8667
0,6230
7380,0
0,2739
80,0
0,7337
0,4372
0,3388
0,5517
7699,0
6408,0
4420,0
5128,0
5067,0
0,7348
0,1815
0,8273
5775,0
0,8325
0,6150
0,5885
2728,0
3998,0
6204,0
0,9770
1484,0
4902,0
0,7628
5276,0
4850,0
0,4943
0,8171
5028,0
0,7778
0,3811
9554,0
644,0
8731,0
0,2010
3766,0
1143,0
0,4990
0,8289
0,8425
0,7229
0,4601
0,388
6267,0
2376,0
0,8098
0,5102
0,1694
0,8835
0,2447
6295,0
0,2420
6991,0
7460,0
0,5756
0,2555
0,9459
2220,0
4611,0
3536,0
0,2396
0,4426
0,8894
9451,0
8905,0
6137,0
7448,0
462,0
908,0
0,6562
1743,0
6538,0
9371,0
4313,0
6301,0
8803,0
0,8540
0,6221
78,0
0,6979
0,9253
0,2697
0,1217
207,0
0,4948
0,4390
3403,0
9344,0
2072,0
0,9876
0,7096
0,5816
0,4031
0,7225
2734,0
2943,0
5820,0
4222,0
0,4753
0,3749
0,1872
946,0
5366,0
0,7900
3822,0
0,7681
0,6358
0,7829
0,7130
829,0
6710,0
0,6039
5229,0
5126,0
5868,0
0,5300
314,0
6810,0
0,6078
0,8164
4537,0
2484,0
1568,0
0,3656
4478,0
2659,0
0,5431
0,1076
0,8720
6811,0
0,3367
0,3755
2215,0
0,6841
0,1923
0,8007
0,4440
4695,0
3915,0
3093,0
4991,0
1341,0
7817,0
0,4731
5164,0
5141,0
5890,0
3450,0
5579,0
1619,0
2419,0
0,5426
0,2483
5184,0
3937,0
8674,0
4475,0
2892,0
8497,0
0,2268
0,3921
5427,0
0,7430
0,3010
3144,0
2206,0
0,4716
0,8064
0,1424
0,4345
7967,0
8148,0
2357,0
0,8501
0,6078
4644,0
0,5004
6236,0
7166,0
0,3237
1291,0
1308,0
5184,0
4169,0
8850,0
7889,0
0,3651
0,4639
5478,0
0,3887
6974,0
0,2916
4551,0
7637,0
0,4760
5360,0
0,9962
7307,0
0,5898
0,6752
1862,0
0,2527
8445,0
0,6505
6849,0
0,6026
6233,0
0,6078
0,7483
2132,0
5691,0
0,5443
0,3274
0,4712
4882,0
2796,0
9538,0
0,5836
7638,0
3350,0
5679,0
5679,0
4547,0
0,5231
7275,0
0,9224
141,0
0,5991
0,2001
8768,0
0,2572
0,6580
5718,0
0,2935
0,2141
0,5539
0,1516
801,0
4565,0
4303,0
0,5778
0,4649
7042,0
6627,0
6075,0
8520,0
445,0
0,9348
1844,0
4805,0
2915,0
5857,0
0,553
0,3526
0,1369
7361,0
0,7294
940,0
0,9443
0,707
0,4471
5312,0
0,2240
0,2373
0,3043
3596,0
0,7867
0,1094
3940,0
0,5663
0,2742
1604,0
0,2155
4321,0
0,9818
5947,0
3443,0
0,6186
4533,0
0,8279
2686,0
5234,0
3038,0
0,2459
0,1551
0,2008
5835,0
0,3300
0,3782
0,4999
0,3649
6227,0
0,2116
0,7701
4350,0
0,6566
5624,0
0,4552
0,2315
0,1986
0,1629
0,3138
2094,0
7873,0
1653,0
7814,0
191,0
0,5218
2275,0
6693,0
8134,0
6615,0
0,7473
5591,0
2163,0
0,3484
0,7897
4980,0
4695,0
6999,0
0,8122
1633,0
3608,0
0,684
6999,0
0,6300
2822,0
0,6165
0,3309
4835,0
0,5097
0,2125
5979,0
995,0
0,8030
0,6154
370,0
6510,0
0,3882
2863,0
7429,0
2574,0
3026,0
8120,0
6728,0
0,2830
0,7143
7217,0
0,2048
0,1701
4063,0
0,4516
0,932
0,4228
5694,0
0,7808
3062,0
5371,0
6116,0
6964,0
4636,0
0,2316
4826,0
8287,0
0,5394
2172,0
0,5030
0,6894
4832,0
0,6804
1500,0
0,5879
0,6810
7267,0
1983,0
0,6448
0,8806
0,5798
7398,0
219,0
1756,0
3286,0
2292,0
1221,0
5335,0
2247,0
1177,0
0,2350
0,8125
5328,0
3728,0
5014,0
483,0
0,4869
0,4273
0,5921
0,3606
0,7663
3119,0
0,5299
0,8915
8337,0
0,7659
0,3472
0,4386
0,7972
0,380
6511,0
8966,0
0,1618
5084,0
6525,0
0,7993
0,5863
9025,0
4236,0
0,6187
0,8110
0,2443
3000,0
0,5240
0,7305
5137,0
2140,0
322,0
9451,0
0,4866
0,293
0,249
0,9214
2548,0
0,875
6671,0
4648,0
8040,0
5081,0
6854,0
1870,0
7415,0
6638,0
7824,0
0,5436
0,9047
0,4999
5334,0
1875,0
2526,0
0,5949
6693,0
0,4888
0,9691
6302,0
2851,0
0,4716
0,2456
0,3654
0,2544
0,9069
0,543
0,2327
0,6350
6005,0
0,4788
0,7336
3182,0
8697,0
7963,0
2794,0
0,8909
0,4535
6064,0
0,4624
5466,0
3415,0
7236,0
0,3060
2707,0
0,6245
0,8686
6317,0
9216,0
0,5209
4532,0
0,3076
4334,0
5578,0
0,2845
6324,0
0,2648
8578,0
7090,0
4438,0
3663,0
1771,0
7056,0
6463,0
1782,0
0,3296
0,3677
0,6721
4260,0
0,912
4052,0
598,0
0,4731
0,6040
0,863
0,3882
0,5769
0,2284
0,6948
6343,0
1815,0
0,3230
6549,0
6359,0
2262,0
2782,0
0,8844
0,7717
3199,0
4485,0
3078,0
0,9399
0,5556
489,0
0,2841
0,651
9539,0
2223,0
0,3548
0,2301
1158,0
0,8018
0,6062
0,3063
0,1144
533,0
0,6459
0,4331
7675,0
7906,0
0,4656
1286,0
0,6029
8896,0
0,7408
4987,0
8127,0
6110,0
5841,0
0,7946
0,2637
0,8097
0,3317
7852,0
0,8709
0,503
8736,0
5360,0
1765,0
0,2098
0,7174
0,9994
4986,0
3487,0
0,4300
6789,0
0,6372
1773,0
4976,0
3279,0
3451,0
0,4956
0,7249
0,5069
0,6446
1850,0
0,4859
0,4526
2886,0
0,6622
0,3302
4883,0
0,5766
0,4972
3612,0
0,777
7929,0
0,7660
0,9401
7905,0
0,3801
3410,0
6886,0
0,5572
9664,0
5952,0
8591,0
893,0
6366,0
0,5087
0,12
7386,0
0,2439
0,6691
0,1046
5521,0
0,8853
0,4690
0,3406
0,613
6024,0
5200,0
0,5160
6090,0
1026,0
2883,0
8406,0
0,6965
0,5559
7351,0
2804,0
0,8044
0,3309
4784,0
3359,0
6590,0
4775,0
0,6710
0,375
5758,0
0,3251
0,7100
0,4981
0,1699
0,3248
0,2506
0,6912
7247,0
0,6871
4137,0
2825,0
8575,0
0,1047
5785,0
5611,0
4080,0
0,9137
0,5846
6712,0
0,2047
3938,0
4584,0
0,5657
5552,0
3176,0
0,627
0,8911
5687,0
7937,0
0,1836
1136,0
0,7557
0,2973
0,3684
0,7333
2336,0
0,6516
1604,0
8487,0
1529,0
0,708
4312,0
0,5902
0,467
0,5477
1748,0
0,2477
0,3351
0,9746
0,1115
7261,0
4079,0
0,4482
0,1242
3428,0
1854,0
0,7115
0,2526
0,2584
2221,0
0,4551
0,8579
9101,0
2544,0
6974,0
0,923
7204,0
0,3076
6346,0
7964,0
0,4092
0,4925
2795,0
0,6483
4883,0
8196,0
7541,0
7834,0
7523,0
7106,0
4474,0
6928,0
7669,0
5182,0
1952,0
0,110
0,5227
0,8093
0,6434
9715,0
0,6774
7076,0
0,1645
9220,0
0,5989
8766,0
0,7010
6944,0
8886,0
0,2928
7529,0
7199,0
0,1476
0,604
0,9157
2575,0
0,4984
0,8794
0,5041
0,2242
7810,0
0,876
0,5443
3746,0
4506,0
0,1653
986,0
0,5229
0,4159
2974,0
0,6815
0,4808
2676,0
0,5533
0,4286
0,3529
7107,0
3195,0
2917,0
0,5146
0,1726
7800,0
7644,0
0,8842
0,6577
7374,0
0,5650
3072,0
6352,0
0,3069
5032,0
1736,0
9644,0
7418,0
0,3314
1368,0
8147,0
0,7032
7196,0
5165,0
9034,0
9770,0
0,3578
3672,0
0,6740
9039,0
0,9798
0,8828
7734,0
0,571
5661,0
0,5025
9801,0
0,5307
4759,0
0,8016
5373,0
5421,0
0,1890
6405,0
9051,0
5050,0
4497,0
6264,0
0,8588
0,5815
0,6311
8428,0
0,15
0,6411
4530,0
0,2540
3226,0
0,2407
0,8443
0,4313
0,4371
5410,0
0,5260
5797,0
0,2148
4832,0
0,1805
0,6199
5182,0
3857,0
8442,0
0,5998
0,3515
0,9220
0,4667
6743,0
0,2722
0,426
6365,0
4770,0
6631,0
0,6107
9237,0
132,0
0,3610
7313,0
3634,0
8931,0
0,7716
4560,0
5100,0
0,3538
0,3940
862,0
0,5021
0,3408
5260,0
8052,0
0,3917
3171,0
4606,0
5669,0
6416,0
5501,0
402,0
1903,0
0,2158
1569,0
0,2310
6978,0
3212,0
5883,0
8836,0
5941,0
3401,0
2297,0
0,9931
0,7832
8861,0
0,5577
0,4540
0,5446
0,8384
5750,0
4578,0
6424,0
3202,0
0,8040
3080,0
881,0
3510,0
0,4776
9884,0
0,6560
3632,0
0,5891
0,3069
7622,0
0,3292
1171,0
0,5586
4788,0
0,6467
0,4722
0,9618
0,3252
0,3812
3636,0
0,6419
0,6179
4042,0
8571,0
5138,0
8376,0
6442,0
5916,0
3041,0
0,3586
0,4806
4126,0
3042,0
3313,0
6913,0
0,4087
7358,0
0,6795
2634,0
1546,0
0,7520
5630,0
0,7805
0,5635
3139,0
0,5715
0,7364
0,5698
4832,0
0,4681
9745,0
6228,0
4221,0
0,4352
0,3276
0,1151
3444,0
0,4627
0,2940
0,2900
0,8136
7439,0
0,2673
0,5107
5902,0
8109,0
0,6102
5596,0
2468,0
0,4210
2827,0
9245,0
0,6558
7807,0
3953,0
4864,0
0,3693
0,1986
0,6320
0,6126
2462,0
0,4981
7516,0
5398,0
8091,0
8090,0
0,2993
0,6692
0,4503
5234,0
5747,0
0,3103
5645,0
0,929
0,3626
4090,0
0,4762
5141,0
0,2316
0,3206
8472,0
1784,0
0,2427
0,1028
0,4628
7001,0
0,2781
2680,0
7764,0
2089,0
4602,0
0,6278
0,7692
7311,0
1683,0
0,4245
0,5634
0,1158
7425,0
0,6869
8263,0
5512,0
6610,0
0,6421
3160,0
371,0
9287,0
7175,0
1149,0
6686,0
0,6990
4498,0
6647,0
2225,0
0,8353
6502,0
7580,0
5710,0
0,1015
3376,0
717,0
0,8311
0,3258
0,5177
0,9003
0,7354
0,1315
0,5147
8109,0
0,4590
0,3900
6683,0
0,6287
9439,0
5496,0
5917,0
7564,0
7609,0
933,0
0,7038
9016,0
2595,0
0,5671
7698,0
5472,0
5285,0
0,3049
0,307
0,2246
4983,0
0,6680
0,1522
0,828
5713,0
0,1405
7898,0
3324,0
4483,0
0,4754
0,5580
0,8585
6291,0
5291,0
0,3153
3080,0
3135,0
4168,0
0,7645
0,1899
2547,0
0,7427
0,954
0,4538
0,5010
3446,0
0,2850
0,8932
3196,0
7654,0
0,7293
1953,0
0,3911
0,2281
7961,0
6264,0
0,7155
0,8904
8214,0
0,3798
0,6838
0,2474
0,3346
2520,0
0,8227
9879,0
4382,0
7680,0
0,5555
0,5400
0,5014
4374,0
4796,0
5576,0
0,2842
0,9605
0,4557
1927,0
0,976
0,5378
0,8953
0,8199
8237,0
2380,0
0,4942
0,7049
0,3957
0,4339
6455,0
0,6826
0,5868
5001,0
0,3744
0,5743
9755,0
6838,0
0,8067
0,4753
7606,0
0,6509
3486,0
1857,0
2858,0
0,3116
2069,0
5811,0
9746,0
0,1371
6350,0
0,8169
5223,0
0,4263
0,8181
4943,0
9535,0
7634,0
0,9715
9425,0
8664,0
0,4542
4490,0
9628,0
6622,0
0,4751
0,6634
2044,0
4062,0
0,979
0,6134
0,5266
0,3405
0,5181
4537,0
0,684
3132,0
0,7543
0,1876
4183,0
7742,0
0,3954
0,6926
0,5601
1153,0
6467,0
0,6436
0,2180
7222,0
0,5110
4422,0
0,1574
1767,0
0,3787
3784,0
0,3622
0,4637
4177,0
0,6531
0,1408
0,4300
3386,0
2060,0
0,6222
7890,0
6325,0
7248,0
0,3716
5177,0
0,4958
8622,0
9020,0
4474,0
0,5340
0,8499
4613,0
2676,0
5003,0
0,7029
4595,0
4128,0
654,0
3773,0
6316,0
0,6372
6364,0
0,3131
0,3246
7147,0
0,4652
1845,0
5488,0
0,5862
5673,0
0,6191
491,0
222,0
5534,0
6250,0
0,3777
5997,0
0,8621
5454,0
0,1226
4832,0
0,3657
4682,0
9309,0
0,4875
4707,0
4291,0
0,957
0,7451
0,8638
5462,0
8392,0
7641,0
0,1769
8724,0
3775,0
5234,0
0,616
0,9157
7499,0
7588,0
0,4830
3707,0
3164,0
2913,0
0,8415
0,3613
0,4446
1602,0
5390,0
8809,0
0,4519
0,3713
459,0
4454,0
0,1456
2901,0
4196,0
8974,0
4522,0
8254,0
0,7257
3601,0
0,7659
1549,0
0,4700
2824,0
0,5712
0,5624
1221,0
9722,0
3013,0
0,4593
7515,0
5597,0
0,9701
0,8995
8122,0
0,7252
0,9762
8041,0
0,3565
3582,0
1393,0
0,6797
0,2522
9065,0
5712,0
0,1091
2542,0
0,7069
0,8190
3586,0
3995,0
3746,0
0,9288
7357,0
0,3092
9032,0
0,2134
0,7699
0,5135
0,1116
0,5867
0,9651
0,2058
8003,0
5566,0
0,1955
9601,0
6161,0
0,1856
0,5979
5177,0
0,3116
1828,0
4590,0
3745,0
0,3920
5253,0
3852,0
5842,0
0,6298
664,0
8060,0
9638,0
0,5009
6873,0
7009,0
0,6257
6971,0
0,5001
4349,0
0,7266
9512,0
3155,0
0,5893
0,3726
8891,0
0,3066
2677,0
0,4384
0,8598
0,8948
7559,0
0,6868
9078,0
0,8658
0,9344
2342,0
8514,0
0,5461
7773,0
0,3782
0,7055
0,1922
2885,0
1509,0
8969,0
0,8677
7443,0
0,8297
6507,0
3840,0
3826,0
0,7383
8600,0
0,476
5172,0
0,4025
0,7080
0,8836
2205,0
0,6063
4689,0
0,1870
3373,0
0,4542
0,4224
5389,0
6551,0
0,3227
0,4699
6495,0
2561,0
5433,0
0,1987
0,5579
8915,0
6773,0
4918,0
0,2012
5088,0
0,168
2228,0
200,0
2701,0
5470,0
0,2329
3381,0
6495,0
0,3430
0,4527
0,4288
0,9626
9839,0
8679,0
0,7365
0,6456
3897,0
1459,0
0,6283
0,6924
0,8189
8180,0
6924,0
0,2759
0,7830
2292,0
542,0
356,0
0,1511
0,5490
0,1078
0,6144
0,8051
8367,0
0,6673
0,2069
3364,0
0,1844
0,1740
6982,0
4242,0
4517,0
5491,0
5720,0
7975,0
5060,0
2586,0
4320,0
0,4479
1241,0
0,4955
0,6448
8428,0
4823,0
5281,0
5401,0
0,8759
870,0
9612,0
2675,0
0,1214
3076,0
0,7442
0,488
0,7471
9814,0
5982,0
5676,0
0,1904
0,5946
7849,0
0,5011
0,860
5526,0
0,4489
0,4650
5524,0
0,4559
0,3948
5086,0
0,7732
1970,0
7788,0
0,7222
7317,0
4890,0
0,2478
0,4094
6575,0
7449,0
3279,0
0,9398
0,3619
0,8090
8745,0
465,0
7166,0
3307,0
6164,0
0,6437
2846,0
0,5247
6773,0
0,7418
3394,0
0,2112
3811,0
0,1888
7422,0
3808,0
7223,0
0,3091
0,4487
0,1650
0,8391
4203,0
5033,0
7091,0
0,5697
0,1666
515,0
0,2934
0,4867
0,2811
4038,0
2085,0
2412,0
0,5963
5815,0
0,7352
2560,0
0,3702
0,4835
0,3937
0,8458
0,3153
732,0
4069,0
5927,0
4017,0
6449,0
0,520
3221,0
0,4289
0,9504
0,9318
7258,0
0,4665
0,2660
0,7875
0,2469
0,2329
9235,0
0,3886
748,0
3705,0
7370,0
3318,0
0,5722
6815,0
2501,0
4599,0
0,9841
0,6311
0,4614
253,0
0,8230
218,0
0,5864
0,5297
0,1857
9458,0
0,3880
0,5718
0,7236
0,5212
0,4891
0,7643
0,8430
5053,0
0,5709
8672,0
5590,0
0,5655
7775,0
2118,0
6532,0
0,6857
4315,0
7932,0
0,4807
3134,0
2117,0
0,5266
4352,0
1458,0
0,2742
1260,0
7747,0
6669,0
2307,0
6973,0
2312,0
2911,0
0,3523
3251,0
0,7186
8439,0
0,2599
3672,0
0,6962
0,2283
8372,0
0,8312
0,6630
0,7656
3657,0
0,3591
4031,0
6662,0
0,2337
3742,0
8804,0
4798,0
0,3262
3677,0
3977,0
1819,0
1799,0
4126,0
0,3152
4557,0
0,4062
8287,0
4664,0
7655,0
2078,0
2627,0
4646,0
0,6207
4334,0
0,7570
0,788
4816,0
6484,0
6261,0
3337,0
1252,0
3797,0
3413,0
8740,0
223,0
1008,0
2555,0
6249,0
0,5781
2658,0
0,2559
0,7351
0,2446
0,4407
0,9555
0,3028
0,7229
0,1876
6860,0
9368,0
0,4372
8635,0
0,6748
0,7044
0,4162
4104,0
0,5574
7016,0
0,5297
0,7078
0,5536
0,6594
9315,0
0,3860
0,7333
6912,0
0,7387
0,364
5299,0
0,4772
5419,0
0,1257
6156,0
0,9236
0,6036
0,4745
0,3736
4941,0
0,7430
0,2345
8033,0
6347,0
0,1544
6245,0
0,3962
0,9969
0,1245
0,3962
0,5226
0,2160
2563,0
0,9247
7915,0
2323,0
0,226
3127,0
6201,0
4042,0
0,6935
6395,0
1322,0
0,8329
0,9502
0,7204
0,6049
0,4636
0,3710
1822,0
6489,0
3244,0
0,2097
9098,0
0,3041
0,4948
0,3026
0,2839
0,557
0,923
3671,0
0,4677
4043,0
7213,0
7366,0
0,3718
0,3930
8607,0
0,3044
0,7929
0,4905
0,3983
2012,0
1468,0
0,6216
927,0
4681,0
6933,0
5146,0
3742,0
0,29
0,7280
3748,0
3554,0
6454,0
4489,0
0,2618
8599,0
0,5275
7195,0
0,1441
0,9155
4388,0
7802,0
6888,0
6347,0
0,6031
0,8646
0,5455
2090,0
0,4373
454,0
0,5307
0,8781
0,801
0,605
481,0
8164,0
0,3867
0,399
9010,0
7434,0
3071,0
4411,0
7905,0
0,5022
0,4703
0,2398
5832,0
0,1468
0,5577
0,3431
0,4143
6524,0
2459,0
0,374
0,9353
8200,0
5550,0
2208,0
0,5033
8391,0
0,7983
0,7755
0,6388
0,1303
0,2804
0,1577
3581,0
0,2641
0,1885
0,4339
2382,0
0,9709
7179,0
4539,0
1104,0
2254,0
0,4806
5533,0
0,5012
2930,0
0,2099
7425,0
7943,0
0,2267
650,0
2061,0
1009,0
0,1092
5521,0
2481,0
0,8225
5681,0
0,9849
6727,0
0,6805
5230,0
0,7862
4197,0
6818,0
7924,0
0,434
6802,0
7569,0
3031,0
3086,0
7376,0
0,7416
0,4453
0,4547
5677,0
4239,0
1486,0
0,5254
1442,0
0,185
6921,0
0,6697
7601,0
4863,0
0,5866
0,5452
6100,0
0,8755
0,5737
0,8919
595,0
6775,0
9627,0
1591,0
7438,0
0,6355
0,9600
3687,0
5159,0
0,5687
0,4143
0,1945
3289,0
8836,0
0,8893
0,4377
3758,0
3014,0
7926,0
0,3756
0,1925
3529,0
5682,0
0,600
1479,0
5151,0
3754,0
0,7804
5119,0
6397,0
6146,0
948,0
0,8185
8070,0
3671,0
0,1811
0,4170
0,6439
0,4754
0,9042
0,2032
0,3897
0,8884
0,7707
0,1598
2262,0
1424,0
6805,0
2004,0
0,6763
5426,0
2931,0
0,8377
0,5723
2357,0
0,4012
0,9522
0,5921
7251,0
8162,0
0,4917
0,9158
0,7675
0,5850
0,7156
9201,0
0,6389
4062,0
0,7888
0,6472
8628,0
0,2071
0,5370
0,2559
0,4079
3767,0
6049,0
4638,0
3906,0
891,0
3337,0
5351,0
8245,0
5792,0
198,0
5069,0
7621,0
0,8889
8516,0
0,6154
3614,0
3128,0
0,4961
6128,0
6064,0
0,1939
0,3957
8209,0
0,5645
8087,0
0,3104
8344,0
0,1024
0,808
0,4803
0,6163
0,6224
0,1441
0,8531
0,664
0,6159
0,1889
0,7948
7858,0
0,1397
4560,0
3708,0
260,0
5588,0
7217,0
0,5814
0,6083
4024,0
0,9549
0,5677
0,7149
3982,0
0,9235
0,9873
7712,0
6974,0
0,5872
0,8044
0,2425
2242,0
0,8458
4241,0
0,3884
7678,0
1794,0
0,4036
0,4079
7051,0
0,4461
9261,0
3021,0
0,3807
2661,0
0,1874
0,5994
2333,0
0,7201
9562,0
0,9181
4209,0
0,7326
0,4873
0,4713
0,4386
0,7551
2162,0
0,6753
0,3069
0,2613
7996,0
0,3762
4186,0
0,1619
0,3516
1295,0
0,1351
5720,0
0,6598
0,1160
0,5548
1651,0
0,5428
6111,0
0,6114
1508,0
0,6803
9616,0
0,7998
4276,0
0,2321
0,7072
0,4867
2076,0
6499,0
6437,0
0,4187
5116,0
4293,0
2986,0
0,6202
1883,0
0,6747
380,0
8601,0
0,4535
0,2550
0,2149
0,2559
1164,0
0,7709
5902,0
4261,0
9931,0
0,691
0,6880
2600,0
0,4352
5305,0
7653,0
3720,0
2662,0
5668,0
0,9685
9461,0
0,3765
0,5046
2342,0
4170,0
0,3069
4732,0
0,9200
0,1981
4858,0
6672,0
5585,0
4117,0
7173,0
0,6263
0,4315
4227,0
2709,0
0,5716
1688,0
5008,0
0,2714
8908,0
7293,0
7732,0
0,1973
3822,0
0,7143
1865,0
1572,0
5227,0
6706,0
0,6333
0,8148
0,519
0,2121
4216,0
8807,0
0,6880
7856,0
1536,0
0,6170
0,5000
8996,0
5607,0
0,9290
5153,0
0,6766
8814,0
0,6106
4967,0
3565,0
8429,0
4177,0
0,8534
4589,0
9504,0
6008,0
0,5896
0,2358
0,4528
0,361
0,4244
7309,0
1098,0
0,1840
0,4981
0,1870
0,5884
0,1371
0,3338
4053,0
0,4687
0,2023
3783,0
0,1203
0,7607
1852,0
0,5366
0,7058
0,52
6068,0
3365,0
6451,0
9739,0
0,2407
4317,0
0,2793
1828,0
0,5534
8029,0
4116,0
3999,0
0,4720
0,5097
0,8708
0,2908
0,5557
0,3136
0,8976
881,0
8167,0
2576,0
0,119
5658,0
0,6003
0,4433
0,1674
0,5801
8330,0
6460,0
6479,0
1178,0
0,4172
6591,0
0,3536
0,3884
0,8575
3878,0
1977,0
0,6304
7383,0
3202,0
0,577
5329,0
0,9279
4452,0
2015,0
0,7153
0,7767
0,3901
5233,0
7685,0
2052,0
0,5368
6067,0
793,0
5023,0
698,0
0,3666
2753,0
1155,0
0,6094
0,1692
5370,0
0,4797
0,2706
0,5887
0,1071
0,5649
0,4067
7977,0
9330,0
5657,0
0,9646
759,0
0,2564
6494,0
0,7734
0,4086
0,2823
4167,0
0,9244
5414,0
1745,0
0,5353
7016,0
2749,0
1971,0
4126,0
6310,0
0,2581
2601,0
3854,0
0,8716
5127,0
2100,0
0,4321
0,4249
2648,0
0,3877
0,9416
0,4490
4870,0
6364,0
4879,0
4845,0
0,8421
0,7649
5598,0
0,3431
3628,0
0,6431
0,1820
0,7086
7288,0
0,6357
4969,0
1249,0
5567,0
0,9314
0,4659
9386,0
0,8168
0,4102
1709,0
9004,0
0,5150
0,6192
6684,0
0,3744
5386,0
3490,0
0,8847
0,1777
2301,0
1682,0
0,5979
7051,0
253,0
0,7563
4212,0
0,7334
0,3412
2182,0
7842,0
0,1495
2617,0
0,5124
0,1844
3808,0
1732,0
0,1156
2915,0
0,3641
0,3914
0,2688
0,5267
0,2911
0,6090
0,3562
6818,0
5665,0
0,385
0,5033
4456,0
0,4870
5384,0
5129,0
6432,0
1514,0
9654,0
0,7118
3182,0
0,4925
0,5514
0,2168
2777,0
0,1382
0,5267
5272,0
3878,0
3201,0
1937,0
0,5563
1350,0
0,9065
0,174
0,8785
0,6461
5658,0
931,0
1500,0
4283,0
3063,0
4205,0
0,3660
0,8160
0,5941
3612,0
6185,0
7185,0
6063,0
7827,0
0,8746
0,2488
5868,0
2995,0
0,8054
9627,0
4538,0
5731,0
0,323
5331,0
0,4854
0,8397
823,0
0,5355
6284,0
3587,0
0,2824
0,3579
0,3809
735,0
0,7883
0,6974
6178,0
7550,0
0,4278
0,9139
7343,0
0,2320
0,5575
0,1779
3646,0
0,585
6049,0
0,5249
5943,0
0,4409
0,8090
9884,0
9304,0
7397,0
4257,0
0,6989
1095,0
8556,0
0,9258
7534,0
0,4671
0,789
4966,0
0,5597
0,8979
0,6845
2727,0
4494,0
6160,0
1209,0
0,1915
7560,0
0,7630
8453,0
0,8626
5316,0
1941,0
0,7508
606,0
2621,0
0,1948
0,4888
4273,0
0,403
8469,0
2975,0
0,6622
0,4703
0,8006
3778,0
0,6372
0,787
0,3249
0,2405
0,7383
9050,0
0,2462
0,6081
0,9775
4579,0
0,4124
4926,0
0,6424
5701,0
7954,0
7071,0
3397,0
0,7389
0,5539
0,8038
3506,0
6296,0
8015,0
0,6713
0,8031
0,8075
2265,0
6375,0
9651,0
0,3184
3051,0
175,0
6712,0
1738,0
0,7800
6943,0
6925,0
0,3502
319,0
7062,0
1501,0
0,6548
6308,0
1452,0
508,0
0,4483
6500,0
0,3818
0,3763
0,3579
0,5919
2915,0
9221,0
0,367
4977,0
5221,0
5131,0
0,8228
7313,0
0,6830
3564,0
7418,0
7702,0
0,2121
0,4968
1507,0
0,7010
5686,0
1389,0
0,1059
0,6280
4029,0
0,9296
0,4687
858,0
5909,0
7542,0
0,2649
4644,0
9090,0
2973,0
0,2803
6624,0
4438,0
0,7596
2868,0
1286,0
0,3126
0,9205
0,8978
3728,0
0,2913
5721,0
0,4352
4858,0
0,7766
6393,0
5054,0
1717,0
4194,0
0,4077
0,3045
0,736
0,4006
7516,0
0,8332
0,5121
3324,0
5535,0
9367,0
6231,0
0,3306
0,9357
4813,0
5881,0
0,5729
8002,0
2900,0
7130,0
2285,0
8277,0
0,2190
7089,0
0,9332
6164,0
0,2896
0,4683
0,5018
0,3797
8548,0
8284,0
0,4372
0,7069
0,1385
0,4127
0,4078
2327,0
4664,0
8334,0
0,1499
0,2649
0,4491
0,8795
0,1506
0,7903
0,3063
8045,0
5545,0
5708,0
0,8320
8013,0
3560,0
0,4187
2502,0
0,2137
0,5351
2654,0
3410,0
5724,0
7643,0
0,4850
0,2180
0,1231
970,0
4101,0
0,3707
0,7461
0,7487
0,4870
4814,0
0,7187
4089,0
0,2423
5115,0
8953,0
4290,0
5742,0
0,2812
4431,0
0,1558
0,6961
3545,0
0,8093
0,3865
0,5016
0,6070
8675,0
0,6295
8328,0
0,5284
0,4679
0,252
5985,0
0,4787
0,4377
9059,0
3556,0
0,8469
6055,0
3170,0
0,1448
1631,0
6186,0
5596,0
3490,0
0,3393
3309,0
8032,0
0,5800
2125,0
2909,0
0,8005
0,412
0,7066
1728,0
0,6981
0,8430
4840,0
5417,0
0,837
0,6150
6017,0
0,2204
2217,0
9509,0
0,239
0,7286
0,5658
0,4973
76,0
9471,0
6510,0
3115,0
8417,0
8796,0
0,8472
0,3017
0,1777
1067,0
0,5470
0,8851
0,3840
9342,0
0,1810
0,5193
2504,0
5374,0
3633,0
0,4375
0,5481
0,6320
0,5006
5516,0
762,0
0,2004
8216,0
7900,0
2852,0
7483,0
5102,0
537,0
1671,0
5797,0
1733,0
5170,0
0,6697
8499,0
0,1262
1588,0
5867,0
0,1602
0,4923
0,6312
1852,0
0,3032
0,6637
0,4725
0,3805
0,9412
5471,0
0,822
0,5667
1210,0
8393,0
3510,0
3030,0
8406,0
6852,0
0,7821
2506,0
0,1935
0,9834
7755,0
0,3097
0,4909
9377,0
0,6142
0,9426
0,8221
0,7584
0,1999
0,9015
4255,0
0,2860
0,6890
4267,0
1838,0
0,5678
4961,0
0,1311
2293,0
3520,0
1611,0
0,1183
0,7969
0,5100
0,4820
0,8810
5527,0
2261,0
3847,0
3043,0
1654,0
6113,0
0,6171
0,6037
0,4622
0,4548
0,6355
0,5777
904,0
0,311
1861,0
9511,0
0,1877
0,1314
7460,0
0,6641
3748,0
0,8572
6135,0
0,4710
4260,0
0,3436
0,4148
0,2863
0,4298
0,4920
7114,0
3928,0
7225,0
7588,0
0,4902
0,4694
0,6731
3597,0
6541,0
0,5326
0,8290
0,3672
0,8310
8743,0
0,4478
0,3421
2094,0
4465,0
5583,0
0,6466
0,4626
4490,0
6026,0
7125,0
0,6644
7555,0
0,3167
2358,0
0,7554
4996,0
0,5494
0,2483
0,6093
0,8028
0,4121
5180,0
0,9873
4143,0
6063,0
0,7659
0,3779
2465,0
0,3821
0,8300
2956,0
1263,0
0,6494
2208,0
0,9102
6216,0
0,7782
7076,0
2606,0
0,6966
6020,0
0,9772
8283,0
0,5301
0,4880
0,8302
0,2906
6650,0
0,7396
3028,0
0,4317
3176,0
1580,0
0,3925
2175,0
0,737
2129,0
6149,0
1772,0
2843,0
5022,0
8176,0
0,1804
3992,0
0,2849
5032,0
0,7301
0,3296
1141,0
3646,0
0,7232
0,7578
0,246
4469,0
0,4508
1953,0
0,3242
0,4066
0,6918
0,811
0,3671
0,7251
0,9036
2720,0
1566,0
1308,0
0,6165
9288,0
3775,0
0,895
0,6113
0,3186
0,2182
2705,0
0,6334
0,728
0,1980
0,2568
0,7242
0,5737
3212,0
6347,0
0,4604
5359,0
3397,0
3355,0
5689,0
3641,0
7609,0
0,7430
1176,0
0,9856
0,4522
0,6873
6007,0
1147,0
3445,0
1467,0
1866,0
8128,0
0,3970
0,7677
8147,0
0,5834
0,8506
0,2018
3443,0
0,9964
5421,0
0,4280
0,1782
7988,0
1207,0
0,3094
6282,0
6294,0
0,4397
9844,0
9828,0
0,9779
4130,0
0,930
0,6828
0,1426
3021,0
0,1079
0,4483
0,6796
0,5820
6656,0
0,7863
0,2310
5390,0
0,669
3225,0
6752,0
0,7572
2107,0
6662,0
0,2226
580,0
0,7065
6839,0
2854,0
3123,0
4526,0
7352,0
0,7767
1229,0
9409,0
0,3120
0,5501
6968,0
1315,0
5247,0
0,5009
7061,0
9795,0
0,5221
5387,0
5744,0
6190,0
1971,0
0,1905
4364,0
0,7335
6597,0
6063,0
0,5607
6147,0
0,8434
5398,0
2547,0
0,3902
5530,0
0,6161
6492,0
0,3991
0,7809
0,6193
6728,0
0,4360
0,3386
9303,0
0,5762
4998,0
0,5173
8757,0
3692,0
1191,0
0,4502
4720,0
0,1870
0,2717
633,0
6492,0
0,8793
0,2730
0,3547
0,733
9056,0
0,5009
8017,0
0,4882
0,2467
8065,0
0,4710
0,6967
0,2278
0,6556
3034,0
0,7019
0,7664
9112,0
3450,0
2312,0
7604,0
2722,0
9854,0
0,4963
0,4825
0,1791
8197,0
0,5372
804,0
0,617
5256,0
0,6903
0,791
8507,0
0,3255
0,5900
5070,0
6699,0
0,9629
6147,0
7854,0
0,4586
0,4078
4258,0
0,9721
0,2044
7330,0
3765,0
0,6735
0,1565
0,2939
3132,0
0,7157
0,6965
4814,0
0,4241
0,6327
723,0
0,6172
4640,0
6347,0
5173,0
5853,0
0,5738
3016,0
8490,0
0,6467
2862,0
0,8451
0,634
0,8400
5580,0
1103,0
0,919
0,6613
4004,0
7106,0
7388,0
6746,0
0,1014
4115,0
0,6925
0,2224
0,6103
0,628
3009,0
0,7287
9347,0
0,6781
6931,0
0,5532
4870,0
0,1405
7251,0
0,8084
0,7873
0,6464
0,4800
5003,0
0,7568
769,0
0,932
0,3092
7777,0
2642,0
0,7552
0,3305
3239,0
0,1972
0,8582
0,6166
6221,0
6017,0
5774,0
4129,0
0,555
0,1205
5266,0
0,1233
0,2254
0,7725
36,0
0,2140
2638,0
3950,0
0,4551
2335,0
3279,0
0,1319
0,5555
0,6903
3031,0
0,2624
4144,0
7011,0
0,600
0,1709
0,6423
8713,0
2668,0
4937,0
8126,0
0,168
2761,0
4590,0
0,2215
0,1156
4598,0
0,2430
5144,0
0,3271
6170,0
6784,0
7137,0
0,8006
1796,0
4286,0
0,1309
6661,0
0,5166
6679,0
0,4765
0,2075
2003,0
0,7710
0,4347
5240,0
0,61
8854,0
9258,0
4067,0
6755,0
0,9409
0,9343
0,7513
0,2724
6501,0
2976,0
0,8392
0,5287
4351,0
5916,0
0,1496
0,858
0,2065
0,2806
0,643
0,6494
0,1256
1763,0
1409,0
0,6179
0,6761
4163,0
1489,0
0,6373
0,7139
3448,0
9033,0
0,7093
6898,0
0,5405
3325,0
5788,0
0,6934
0,2120
0,8046
5224,0
0,6784
3025,0
0,7940
7314,0
0,4317
0,4252
0,1460
2704,0
5794,0
5418,0
0,2663
0,6237
0,4921
0,5707
5939,0
4013,0
6514,0
0,7372
4111,0
0,4017
0,6081
0,236
0,4173
0,8872
4154,0
336,0
4378,0
4820,0
0,1371
0,6393
3535,0
0,8658
6713,0
8967,0
3641,0
0,268
6219,0
0,2744
2325,0
0,5036
3522,0
5825,0
6230,0
0,8821
0,1515
6677,0
0,3892
8806,0
0,7552
0,5629
2715,0
0,6100
3040,0
8979,0
0,2259
1043,0
0,747
0,3082
5629,0
0,3941
6286,0
0,9172
2008,0
4618,0
0,3443
0,4134
5667,0
8322,0
0,3667
4164,0
3231,0
154,0
0,6265
2269,0
0,46
0,3915
9097,0
4392,0
0,8065
3189,0
3928,0
0,8079
0,2629
0,5824
4826,0
6744,0
4123,0
0,7578
0,7732
2308,0
0,7193
0,1691
0,5650
4822,0
6236,0
2022,0
5314,0
0,2869
0,7803
7555,0
0,7155
6168,0
9780,0
2830,0
0,1582
0,7149
2585,0
8728,0
2153,0
0,6169
6798,0
0,3922
0,1819
4117,0
0,5978
3118,0
0,5809
0,4722
6176,0
0,2506
0,8656
0,3716
5705,0
1258,0
0,2885
0,6908
0,4423
2274,0
0,3397
3797,0
0,6864
7553,0
0,3255
5550,0
0,3580
0,1632
0,6900
0,3710
0,3970
0,2697
9171,0
0,5546
2718,0
1752,0
0,2704
0,4280
0,6495
6006,0
3949,0
5237,0
7517,0
0,9405
4535,0
0,6479
6078,0
4756,0
680,0
0,2724
0,6990
0,3835
0,7044
0,7085
0,3253
0,5978
0,8787
0,5850
0,6823
0,7053
6065,0
5856,0
0,8810
0,3138
8139,0
0,1240
8995,0
8315,0
4620,0
0,5082
2377,0
3070,0
0,2605
0,1689
7900,0
0,4521
0,808
0,8574
5299,0
5288,0
0,5566
5565,0
2368,0
0,6236
3757,0
74,0
1813,0
0,3117
7996,0
4178,0
0,1093
5809,0
9667,0
4749,0
3774,0
0,5019
294,0
4714,0
2360,0
3247,0
0,5303
0,9734
0,3166
1483,0
3480,0
0,8798
0,2426
5700,0
0,5660
0,2619
0,2863
0,5149
4440,0
0,1962
0,7938
7009,0
8919,0
0,1509
4794,0
407,0
0,5801
0,6653
9555,0
0,4840
5729,0
6247,0
1618,0
7245,0
0,4117
0,3541
9277,0
0,9475
2084,0
0,4594
0,3273
0,7003
807,0
3756,0
6085,0
0,8070
0,3227
0,4302
0,9677
6629,0
0,5123
0,1097
5361,0
2232,0
0,3130
3767,0
3429,0
0,3291
4585,0
1536,0
4072,0
0,5828
0,8876
0,6151
0,3869
5078,0
6540,0
0,7552
7669,0
0,8820
0,1536
5829,0
7450,0
0,5338
2013,0
0,2845
0,3899
0,35
7506,0
0,8053
0,4388
5193,0
0,4140
0,8896
0,6097
0,3128
0,5864
0,6357
0,7004
3720,0
0,1290
3372,0
4955,0
1579,0
0,4082
5967,0
0,7493
8185,0
0,7401
8044,0
6847,0
0,2702
0,1807
8766,0
4287,0
0,3439
4054,0
2813,0
5779,0
5321,0
5917,0
0,3607
0,3352
8480,0
2298,0
0,5857
0,5421
0,561
6405,0
8812,0
0,602
0,5818
0,1444
0,6731
0,9135
8483,0
9995,0
0,5687
8461,0
4949,0
0,2755
0,8848
7652,0
6037,0
0,124
0,9502
5937,0
1304,0
0,5442
3535,0
3388,0
1748,0
0,7309
8482,0
0,1740
0,4305
4428,0
0,1501
7512,0
9401,0
2033,0
0,2285
3347,0
5832,0
3063,0
0,6883
3175,0
0,5606
3059,0
4122,0
4750,0
0,6744
1178,0
0,7175
0,5359
0,3320
1105,0
6817,0
0,7695
0,5792
4371,0
3991,0
5308,0
7669,0
0,4515
0,1951
0,1598
7322,0
0,5557
6262,0
0,4662
9536,0
8699,0
0,7407
0,3062
0,8600
0,3214
3778,0
3308,0
0,2165
5590,0
6932,0
5359,0
1114,0
901,0
0,6082
0,3028
0,9377
0,6432
0,4790
0,4064
5632,0
6837,0
3252,0
0,5513
0,5446
5350,0
4190,0
810,0
9756,0
0,3360
9379,0
0,5120
0,4562
7817,0
6281,0
0,6699
4925,0
0,2632
0,6753
0,3309
6574,0
2257,0
0,3907
0,2862
7988,0
0,4287
5868,0
7315,0
4467,0
5170,0
0,3711
0,9051
6869,0
4869,0
0,7863
1221,0
7977,0
7499,0
3289,0
0,7486
7255,0
2259,0
3252,0
1223,0
0,2947
0,7487
5320,0
7340,0
0,8718
0,3086
0,3708
0,2392
0,6735
7561,0
5385,0
4623,0
2475,0
0,4185
0,6313
0,6787
1978,0
3913,0
7461,0
691,0
3841,0
0,7286
3540,0
0,6549
0,5791
1392,0
0,8886
0,6477
8419,0
0,4687
0,6531
5916,0
6653,0
1092,0
0,3585
8268,0
0,7069
0,5276
0,1065
898,0
8980,0
0,832
7081,0
0,5764
5678,0
0,1264
0,2691
6615,0
0,2832
9425,0
2165,0
0,6911
0,7712
0,8622
5393,0
3288,0
7255,0
0,6728
0,2645
3258,0
0,2532
0,4530
0,9017
2312,0
3202,0
9067,0
3892,0
1524,0
0,6078
6314,0
0,2568
0,5851
699,0
3358,0
0,3240
0,4800
0,8667
0,8806
0,3218
0,3605
0,1512
0,5573
8556,0
1547,0
6923,0
0,4580
0,2048
0,4188
679,0
1531,0
6056,0
0,3279
0,4638
0,5832
3188,0
0,8985
0,2262
7355,0
8280,0
0,5593
0,8521
5568,0
6952,0
0,1292
0,643
0,5800
6130,0
2596,0
3819,0
0,7082
0,6396
5243,0
0,4234
8696,0
0,6267
0,6108
0,7806
0,1695
7747,0
4543,0
6442,0
4327,0
0,5329
3803,0
0,9199
2643,0
0,462
5428,0
2859,0
0,2989
0,5952
0,5582
651,0
1904,0
0,5906
4363,0
7988,0
0,9377
4327,0
0,1944
4420,0
3459,0
2761,0
7263,0
7911,0
9272,0
9200,0
575,0
0,6064
0,4111
0,5150
0,7385
7629,0
0,7026
8601,0
0,8643
9016,0
4193,0
0,1217
4992,0
7235,0
0,6332
0,3637
0,5618
0,6835
0,3457
6164,0
0,1167
6129,0
4120,0
0,8713
5282,0
1092,0
9503,0
3992,0
9538,0
0,4759
0,7259
9472,0
0,2210
0,5282
5909,0
4256,0
0,3792
0,9823
4386,0
0,9002
0,5722
7059,0
7772,0
8613,0
1757,0
0,4408
0,9431
0,7364
6923,0
0,3029
0,4654
7185,0
2972,0
6710,0
0,4722
3252,0
6141,0
0,9399
0,5935
5276,0
5371,0
0,6561
0,7947
0,5981
0,5872
6565,0
4818,0
7794,0
7058,0
0,3472
0,7091
6256,0
0,3655
0,768
1404,0
0,155
0,7859
737,0
0,4282
4399,0
0,6265
5168,0
0,3917
1921,0
0,5385
7604,0
5891,0
0,7470
5971,0
5668,0
2881,0
0,4976
3068,0
