3000 5
4118,1323,4005,0,4253
3712,4394,5127,4695,4381
5828,6942,6647,6515,6717
6929,6149,7776,5259,0
5649,3234,5151,4275,0
0,0,4254,4034,5568
4234,3395,2981,4365,2986
4258,2195,5104,0,3199
7278,7128,8159,0,6754
3000,0,5915,3424,5411
6842,7155,6320,7413,7139
7351,6400,6523,6027,6720
3143,3386,4112,4856,3271
0,3204,2203,0,2617
8494,0,0,7157,3899
5725,3934,0,6884,5101
4774,3636,3593,4653,3432
0,4698,4285,5334,4450
6156,7059,5879,7591,5944
4851,5735,4291,6527,3428
3789,5014,0,2034,5365
0,7021,5049,7705,6004
0,3403,4147,0,4081
7069,4225,5578,6601,4786
2726,0,2667,3805,3469
3125,6735,5239,4567,0
5918,7520,6631,6681,0
6320,5982,5227,4956,0
9098,3301,5191,0,3160
0,3413,1796,2738,2787
4813,0,4630,8048,5587
0,0,3892,2794,4856
7074,5767,7850,6900,6574
6379,5908,5022,7257,0
2640,6338,6609,0,7054
0,6256,4018,4017,4209
3597,3820,4584,3219,4200
4608,3291,0,0,0
3857,0,5452,3845,0
0,6516,6373,6520,6730
4727,4719,5271,7625,0
3357,2678,3969,2097,2944
1783,2344,3262,3013,4383
2277,0,1979,1892,2014
6856,4787,0,6881,5133
6546,7539,6465,6273,7144
0,7529,6452,8666,6783
6077,8039,7018,7563,7684
4383,6577,0,5290,7695
7629,7838,0,0,6770
5734,2886,2782,5065,1781
5749,4013,5679,2876,5760
0,3196,6465,6061,5741
7969,8502,8215,9151,8211
5391,6246,4785,6634,4984
7486,6810,6668,0,6408
2845,3950,3034,4176,5128
3545,7526,0,4665,6523
2528,4458,4047,1042,0
2565,4118,3630,3463,2837
0,4815,3799,5914,5392
7170,6371,6391,8042,0
5062,0,5898,5667,0
6074,5040,5278,5777,4812
0,3434,2960,4327,3126
6102,5236,4029,5784,3176
0,4764,4943,7103,4607
5917,7193,4861,7222,5115
0,4663,5751,2788,5880
4704,0,5150,5242,2569
3280,3832,3377,5564,4467
5821,5098,0,6205,2939
5335,3647,2933,4848,4015
1713,0,2379,1515,1607
0,2614,5155,2601,4676
2475,4169,2664,3842,3779
5529,5959,7696,5042,8471
3996,1543,2469,3335,1209
4874,5393,5450,3403,5354
0,4837,0,4441,0
0,5103,5585,4993,4360
4762,0,6582,5682,5344
0,4476,0,3331,0
5098,5331,6457,5135,5588
3624,0,3999,0,5804
8273,4087,6771,5591,5001
7309,0,6129,0,0
5157,3233,6833,2882,6723
3179,3873,0,2289,4817
5374,5439,4439,7373,5400
6681,0,0,7441,6650
3581,3899,5736,5229,6611
6393,6398,8263,0,6102
3566,7589,3726,5098,4982
4554,0,5234,3550,4185
3574,2100,0,3229,2726
6276,7569,7350,8065,8298
6787,8072,6871,6652,7854
0,3887,2345,4508,3728
6501,6036,0,0,5930
0,3785,3892,4876,0
4923,5918,6088,4206,6550
4413,1060,3601,2970,2297
3672,2415,3862,4911,0
5613,3986,4842,5100,2617
5345,8018,6097,6873,4875
0,4803,6051,3548,0
5347,0,5293,6117,4232
4524,3190,2567,2777,0
3445,0,4558,4445,3675
0,6692,6851,7411,4836
7246,0,5625,6224,6581
5536,3923,6303,3010,5554
6485,7099,5561,0,6746
5785,0,5724,3593,0
4526,4645,0,4771,2689
4217,4890,4659,4534,4727
3694,0,4199,0,3332
5788,5361,7773,6394,7276
3209,3269,4260,4612,3016
3493,6875,3235,0,7052
4643,6536,4104,3832,0
3477,4509,2234,4431,4513
4546,5971,0,0,5061
3122,3639,0,6009,0
2852,2089,3232,1800,0
7579,0,5624,4733,5421
5876,4340,4904,6184,3413
0,4021,3669,5641,2479
0,0,5110,4400,3728
7669,7952,0,6502,7831
4045,5356,4450,5774,5075
0,6326,6699,7227,6749
6700,5743,7787,5524,6089
4983,4858,3526,3432,4700
2436,5213,6828,5030,0
0,0,5568,0,5451
6311,3479,5331,4483,3333
4040,0,3903,0,4294
4061,0,7330,4422,6731
4695,3492,3911,4206,3638
2153,0,4483,2045,5656
4407,6511,6080,3292,5531
5493,5383,4735,3891,4810
1982,3373,2139,2922,2992
4274,7496,0,6022,6253
3445,0,3918,6137,5951
4080,3760,2420,4034,1884
3543,4740,3731,3492,3278
8032,0,7416,0,8326
3883,5791,3995,4302,3516
0,2746,4930,2239,0
3473,0,3032,3001,2979
5477,5110,5753,0,5595
4267,4951,5635,3750,5236
2790,1906,2264,2557,3056
0,0,6847,4339,5406
0,6143,0,8168,5606
4846,7457,5008,3533,5903
3677,3240,0,2950,4387
4262,5017,6954,5066,4559
6563,6312,0,6392,4756
0,3203,5632,3696,6743
7150,0,6028,6536,6976
5168,5521,5540,5320,0
6357,6066,6152,7452,7213
2714,0,4229,2302,3463
3878,4040,2959,3572,2498
3496,0,3422,4681,5037
4898,3509,6045,3410,4398
4876,5739,6634,4409,7195
5776,6021,7227,4512,4588
7517,7055,0,0,8287
5968,6160,5938,5962,0
0,5749,6771,0,5721
5867,3305,6030,2844,4186
6743,0,0,8522,5959
0,6025,6260,0,7298
0,0,7689,5704,7113
5694,6094,5380,0,0
6814,5285,0,6596,0
7114,6442,7156,5152,7317
6552,5992,0,7879,5624
5235,6179,5455,4138,0
4651,2965,6060,2825,2809
5913,7343,7189,0,6398
2754,0,0,1959,4764
4861,4995,6238,2804,6446
0,3109,5313,3857,0
6637,6623,7230,0,0
2733,0,3636,5889,0
3499,5699,2757,5730,5981
0,4069,4669,4041,0
6369,8945,6907,7926,7301
1916,0,2774,2288,2880
2672,3037,4228,4106,4470
6980,7143,5554,5802,0
7201,7812,4185,8700,5911
2377,4273,2158,5588,4077
5360,0,3881,3670,0
2646,2610,3008,0,3618
0,0,7324,0,8022
5779,6194,6370,0,0
4472,0,5336,2215,0
0,8032,8795,8031,8699
1560,3849,2636,4137,4928
6134,6092,6882,4847,5963
0,5917,6800,6562,4691
4191,4215,0,5320,5194
0,6628,5915,4876,6573
5112,5015,6741,0,4936
8513,7877,7427,7660,7909
0,4501,3458,0,4422
4217,5454,6179,7283,5978
4133,6130,0,4521,5478
5538,5433,5328,5528,0
3440,3432,5541,4932,0
6541,7011,7083,6438,0
6732,3706,7122,3989,2994
7303,0,7190,3526,0
4621,3200,5157,2146,5320
5933,7078,6893,6823,5359
3451,2693,0,965,2824
0,4521,2610,3584,4168
3601,4040,4206,5661,5203
0,4259,3901,3128,6672
4383,4336,4948,6582,3800
0,3787,0,3802,5334
5069,3849,3915,5386,2929
3575,1994,2676,0,2091
7915,8717,7580,8235,7747
5734,6799,4796,6756,4803
0,2743,2529,1879,2744
5759,4628,7124,4987,5283
0,6179,4647,5928,6264
2690,4664,6708,6034,0
2845,1892,3158,0,2921
2763,3348,2837,2816,0
5304,3491,5162,5385,2578
6590,0,5690,7527,0
6596,0,0,6089,8665
3395,6164,0,4023,3252
6790,7077,7949,8048,7383
0,2628,2722,4109,3666
0,5157,5801,5387,6437
0,6264,6002,4928,6137
4948,7742,0,4238,7166
3835,7506,5480,6268,5856
5963,6962,7598,6355,6987
0,7497,0,6201,5973
4977,6788,0,5261,6817
7825,7995,7405,0,7907
7094,6485,0,6261,5918
5521,7114,6234,6099,0
2897,3279,0,3805,3823
0,8386,6411,8678,7411
4441,4657,5185,0,6683
3494,1831,0,3010,1025
7034,4671,6744,5316,4917
5426,5461,5381,5981,6358
0,0,2418,1965,3495
4006,4479,4722,3504,5562
0,6575,7529,5077,7277
0,4141,3220,2725,5576
0,0,6799,5102,5110
8213,8101,8547,8194,8534
4361,0,0,5164,4919
7366,7631,8045,6848,7851
7186,0,6872,6045,3841
8263,0,0,8486,0
4977,0,4685,3781,8036
0,6235,7158,7114,7185
0,2010,2842,2472,1741
4232,6716,0,4683,4726
4357,4697,4629,4779,0
7182,6009,0,6215,0
3674,4167,4240,4660,3987
5796,4431,4346,0,0
6856,5633,7274,4249,7081
6374,0,4732,5883,7201
0,2962,2883,0,0
0,0,7065,0,7624
6391,8316,6542,7343,0
6800,0,5957,6652,8223
6293,6941,6233,0,6931
0,4793,3930,0,4460
7227,0,0,6301,6836
4163,7047,3635,6066,3121
0,3503,3855,4056,4716
5558,0,5275,7751,6422
5334,0,3830,2427,3838
5804,3680,4131,6107,4363
5829,0,3800,5698,4292
5476,0,0,6516,3368
6483,2219,4572,2926,2779
7328,5681,0,6848,6358
6932,6968,6376,7126,6443
5531,6818,0,7002,4785
7341,6956,6145,6756,6669
5304,3897,0,2455,6028
5974,7152,5631,7104,7450
3911,3631,2906,5050,2553
3602,5222,2769,4711,5448
7861,0,8691,7358,7930
7370,5122,6906,5290,4989
5429,0,5967,5057,7957
7764,0,0,5173,6683
4953,6383,4840,7565,0
0,3572,3443,3329,0
3530,4113,0,4019,4138
6708,2672,6523,4925,4048
4410,0,5897,2840,3513
3030,2660,2532,2935,0
4394,3851,4489,2961,3911
5075,5833,7261,5208,5662
4027,4997,2533,4055,6483
7986,0,7628,7455,8446
7743,6748,0,6616,5591
5685,0,5532,0,7376
0,3677,4491,4390,0
0,0,3360,1823,3814
6486,7559,6037,6859,7626
3367,3154,0,2792,0
2046,6108,5570,0,0
2351,3356,4072,3015,3967
0,7382,5710,5064,0
4294,0,5191,0,7287
8351,0,7926,7703,9104
5253,4610,3633,0,0
3689,4359,0,5788,0
0,3488,4161,4523,4260
3856,0,3956,0,5870
3408,2602,2841,3814,2696
4597,2641,3992,3956,0
5598,3859,5495,5056,5407
0,2850,3957,7439,0
4792,5272,5890,5539,3964
6542,0,5363,7802,3843
6945,4701,0,3997,4280
6978,6832,7631,6633,7946
4629,6866,3445,4189,2472
8417,0,8348,0,9106
0,4622,6352,5773,6952
4230,0,3756,0,3851
0,5910,3498,5770,5365
0,7620,5113,6326,0
4411,4759,2993,8768,3899
6085,7463,0,7857,6024
6629,0,6342,0,0
7302,6277,6591,4757,5557
0,6513,7988,5162,6320
6446,4851,7303,4470,4334
4559,3906,5228,3668,6142
4626,2946,4430,4000,3850
1350,5609,4416,4223,5633
0,0,6350,6422,5293
5420,3609,4495,4396,4415
5095,4365,0,4042,3263
4677,5799,6206,6351,6036
6283,6259,8180,4731,6349
4911,3193,0,1540,0
0,0,4851,6935,3549
0,0,0,2718,6989
2569,2170,0,2430,2612
7068,6260,6389,7235,7244
3028,3806,4127,3347,4371
2595,2937,2490,0,1932
6468,6967,0,0,8059
6055,5156,6897,6168,5162
4037,6172,3589,5794,5419
0,6833,7485,5626,5936
5302,7675,3445,6497,4807
6691,4202,4692,0,4352
4901,0,0,3684,0
5976,4478,6808,0,6961
4485,2682,2616,2324,2640
5530,4165,3944,4386,4663
4592,0,6593,6015,7332
6580,6785,4339,5888,4661
0,4414,4032,0,0
3476,0,5090,4940,5233
0,4935,5539,6263,0
1913,3028,2270,2465,3259
5972,5699,5769,7210,6836
0,4878,4773,4244,6672
5488,2757,5170,2328,0
5098,2547,0,3877,6342
3361,3789,0,2666,0
3317,0,5512,0,5584
5455,0,0,3850,4782
5045,5777,5722,6583,0
5817,5012,3963,5999,3784
3560,3303,0,0,3247
6907,6699,7139,7958,6910
5881,4911,0,2579,5108
0,3640,3559,3452,3811
2368,3307,0,1184,3631
5546,0,4742,0,5295
3729,4846,4334,5045,5519
5871,6174,6235,7099,6627
2095,0,4379,1955,4259
5860,0,0,0,5699
0,0,0,1684,0
2492,1524,2019,0,1328
5213,7452,6408,5910,7571
5392,6437,4918,6993,2513
1851,2656,1022,2688,1384
0,2346,5091,6109,4337
0,4150,0,4792,5365
3388,2274,3275,1456,0
0,5831,5207,5515,7023
6448,0,8011,4026,0
4826,4991,4277,0,0
7236,7546,0,0,8361
0,0,6748,0,7345
5064,4480,4523,4790,4629
5293,7045,0,5732,5105
0,5111,0,0,0
2604,3813,4677,3031,2589
6366,5757,5465,5960,4690
0,8171,0,6317,7733
3644,6069,0,3086,0
2760,5549,3547,5364,4646
6204,4125,6626,5999,4674
3385,2658,3715,4865,3435
3762,0,0,2889,2232
3180,0,5828,6671,5242
2852,3784,5609,3200,0
5241,0,0,3041,0
0,3744,2774,0,4800
3005,3387,2073,0,0
0,1789,1496,1728,2158
5337,5499,4357,3720,0
0,7009,6108,7062,0
0,7444,0,6869,5839
3863,4598,0,4021,0
6491,7685,0,0,8898
4722,6745,0,6001,5624
2032,2107,1359,2674,1782
6172,6482,8018,6105,7847
7827,7936,7181,7674,7653
0,6140,3395,4624,4925
4672,0,0,4525,5595
0,0,5178,0,0
0,0,3899,3810,3644
3876,4850,0,3005,6290
0,4054,4183,0,4695
5608,0,5165,4573,6189
0,3449,3999,5480,3914
5172,0,3720,0,3254
4692,3186,4532,4193,0
6591,5287,5713,3257,6043
0,5186,0,0,5357
3957,3796,1710,3494,1961
7103,0,7376,5386,5900
5853,5006,7099,0,4437
5864,5598,6743,4923,6613
0,8975,6267,6758,7331
2191,3293,0,2140,4698
4548,6064,4899,5772,0
0,6327,7521,4942,6636
4808,5934,6850,6862,0
4730,3578,3353,6184,3395
4350,2750,5118,3620,3581
4633,0,5259,5593,7067
5732,0,3761,0,4430
0,6748,5016,4548,5572
6395,5956,0,6780,4735
2429,3390,0,0,5829
3642,4815,4065,5442,3908
5596,0,4626,0,3748
1697,4204,2777,3922,0
0,5381,4593,6460,6667
0,7892,0,7673,6822
4236,0,1949,6102,4552
3730,5197,4010,5387,2534
4288,3041,3760,3625,3616
3602,2975,4664,4465,5458
3511,5590,4742,0,6036
6672,3950,6362,3635,4940
5880,0,0,7804,6242
0,2109,1058,1833,1279
5404,5028,0,6640,4710
7032,0,7061,7086,6033
2446,6000,2418,4641,4217
5117,4894,5684,5287,6148
0,4337,6138,5161,5858
4622,0,4977,3972,4352
6189,6909,4764,7821,4051
2785,6326,2223,6054,5530
6267,5814,6878,6415,3668
0,0,0,921,0
5079,3697,4915,4072,0
2640,3680,3097,2590,4233
7001,0,7007,0,6118
4674,2544,0,1597,2815
0,6291,4058,6570,6700
3447,4813,0,3111,5917
7638,7498,0,7336,7258
7267,7112,6525,0,0
6312,6037,5526,5738,3986
6243,5549,0,7675,5215
5771,2755,0,4366,5343
0,4610,4661,4358,3695
2369,4487,1214,4948,2270
3569,4508,4069,0,2885
5126,2942,3690,3481,2409
2757,7285,4171,5235,5056
3775,4592,4248,3602,5099
0,0,5443,4183,0
0,4505,5502,4694,6419
6097,6879,5396,0,0
2959,4947,1549,3053,0
0,6494,4676,0,5989
2564,1782,1447,0,2772
1783,0,0,1749,3096
0,3070,0,5024,0
4321,0,2086,0,5228
4771,0,4651,4538,3129
6545,5052,3274,5150,4556
0,5107,6907,6421,5518
5317,3658,0,6429,3521
6410,6606,7968,6721,7286
3415,4277,3794,6664,0
8222,8450,8308,8715,0
6732,0,6726,6252,0
3339,2869,3680,1903,3321
3478,0,4812,3602,4602
4561,7936,5263,5677,5598
4990,7133,5294,7275,5230
4113,7122,2697,0,6005
7684,7232,7968,8861,7497
0,3514,2022,2353,2786
0,4468,3436,3101,4491
6468,5388,5800,6143,6690
2825,5700,0,6429,5484
3308,3544,3040,4780,4072
5202,2943,3818,3913,4296
0,4165,4346,3919,5052
7532,5597,5449,0,5345
6043,6484,0,5004,3039
6115,4911,4908,5885,7640
2774,3511,2950,4265,4122
0,0,1934,3759,4297
0,2566,6107,6385,0
5913,5700,4934,4718,4737
3807,0,4465,3909,4113
7193,5869,5030,5816,5759
3794,1491,2777,2258,0
0,0,6946,3320,5448
3412,8694,3349,0,0
4358,6287,3899,7617,0
5882,0,3938,5975,4710
4153,3018,3269,5206,3073
0,6364,4574,5046,6206
7081,7693,7845,7611,8020
6865,5393,5826,8148,0
6005,8005,0,0,8061
5746,6298,4999,7474,0
3759,2182,0,3031,2712
7941,0,0,6976,6182
5338,6513,5993,6509,5191
5166,6167,0,6020,5974
3286,0,2782,4075,4064
6488,5765,7365,6113,5433
4518,7711,0,6041,6396
4665,0,3723,3758,4076
6219,6836,6167,6758,6590
3041,3444,5090,4998,3272
4982,6022,0,0,4976
5269,3952,4059,4544,3065
4490,0,0,6180,0
0,0,2509,3274,4267
2611,4485,0,3253,6298
6157,0,7443,5635,5260
4863,6157,0,7404,7418
6723,7933,6067,7258,6816
6195,5642,6677,5791,5995
5055,6229,5611,4328,0
8011,0,6123,6059,2410
8261,7105,5770,7230,6812
6075,5683,0,0,6778
5929,8010,6110,4640,5865
3303,4566,3174,5322,5794
7390,0,6739,7412,7133
6984,3980,5829,4155,6449
0,0,6268,0,4976
0,6327,4270,6655,5365
7180,0,5195,7221,6579
6877,6824,6431,0,5475
6514,5791,6232,4993,6277
0,5830,6498,5842,5148
2921,3962,4780,1725,3888
7601,2440,4354,0,6322
6744,3939,4481,5095,0
5508,4903,6085,3739,6269
0,5711,4712,4616,2735
5356,0,6566,5331,6952
5336,5151,5449,4383,0
4861,4181,5790,0,5847
7520,6919,0,6604,7487
0,2363,6625,0,5008
6265,5341,5438,0,6519
5031,3864,5378,4115,2804
5410,6765,7464,0,6927
4851,0,6633,6737,3553
5134,0,2546,4151,2987
4220,4112,4023,3370,3806
8128,7171,7916,7149,7849
3249,0,2619,2698,3304
0,0,5230,6180,6082
6513,0,4185,5753,3730
5620,5660,6459,5575,6430
5917,5962,0,4106,2813
6615,0,0,8116,5742
0,0,4019,3320,0
0,4355,5038,4024,3716
3788,4170,3756,4057,5093
3644,3830,1783,4593,1491
2669,4968,0,2482,4952
7489,5686,5396,6916,5783
6569,5286,0,7007,5103
5480,0,6741,2656,0
7055,7895,6288,7408,5939
0,0,6968,0,7313
4698,4535,0,4025,7211
0,3011,4545,0,3420
5011,2605,0,3033,2743
4658,5978,5865,5731,3997
2847,6484,2528,5142,6487
5869,2748,7305,0,4145
6062,6505,0,6190,6115
3276,0,2889,0,4592
5343,0,7307,0,0
0,0,4441,2443,2979
3223,5272,3455,2421,3970
4609,2585,0,4522,4108
0,6349,6003,0,8579
6923,0,5040,0,5806
5690,6184,5843,5815,6051
5439,0,6932,5629,6614
4889,4810,4214,6115,6427
4359,4299,5961,4792,6675
6230,3700,2803,7428,4192
5522,4800,6813,0,6171
6765,5444,7847,0,7245
6325,5967,6997,4845,5774
7459,0,7719,5303,6097
0,4328,4299,3155,4719
6088,5505,0,0,5251
5815,6120,5946,6817,0
3626,0,2830,3798,2328
0,4952,5120,5033,2301
0,6159,0,6378,3071
6834,7294,6591,7366,6297
3405,0,6075,4780,7978
4002,0,3908,3412,5525
2214,1862,0,1259,3303
4614,3354,2617,2886,3740
7120,7173,4736,0,5564
0,0,4179,5109,4139
0,3323,3266,4377,3255
4058,0,0,3167,0
4555,3169,5913,2764,2699
4489,0,4548,5063,7286
0,2759,0,0,4541
4412,4198,3615,2424,5322
0,3178,5094,5770,4426
4732,3872,6742,0,5069
0,4392,5959,0,7140
3810,0,6512,6373,2682
0,6232,3824,5008,5031
7417,5987,8033,6712,0
7822,8141,8147,7957,9028
2666,0,3456,2244,3219
3428,5286,0,3048,6552
5959,7123,5092,4915,5427
5401,0,6186,6472,7254
0,4738,4800,8017,4143
0,5904,5297,5906,7360
3680,1934,2928,3702,2104
7228,5527,4374,5381,7944
0,5121,5426,0,5033
3396,0,4402,3750,4125
6333,5644,6750,0,4396
7105,5052,6524,8118,4912
0,4033,0,0,3157
7007,7911,7735,8009,8036
4174,2917,3723,0,5163
6392,5481,5434,6494,5742
0,3277,8607,0,5306
2110,0,2699,3081,0
5271,4825,6404,5161,4640
4008,1859,4101,3027,3702
0,6900,4737,0,4661
5847,6499,6665,7062,7761
4115,3529,4665,4018,5382
2835,3929,0,3173,5310
5400,5898,0,6056,4814
6035,0,5926,6767,6364
7026,0,0,0,7034
6489,3727,6063,6127,3479
4246,5329,0,3672,0
4670,3617,4143,3257,2540
0,6053,7499,6024,5963
0,4587,7062,3542,4926
6563,0,0,5152,6633
3799,6021,3543,6317,0
2899,1972,0,0,1450
3571,1365,5708,2145,4260
6437,0,6730,6946,6803
3683,0,5048,4851,3604
4583,0,2743,3998,4262
2442,4465,0,0,0
6666,0,7166,0,7085
3104,0,2180,3055,957
3495,4220,0,4310,2497
4634,4476,4874,2241,2902
8687,7121,7772,7599,6643
5912,0,6074,3378,0
5951,5968,5897,3704,5700
0,3970,6894,0,0
6172,4514,0,4737,2373
2928,0,2877,5080,0
4572,6647,4412,0,7613
0,7047,6543,6906,5118
1482,1836,0,1009,2043
4282,6677,4848,0,5767
0,0,6902,7010,0
6044,6545,0,5572,5891
4594,5385,5269,0,3755
5042,3324,3593,3485,2426
5377,0,7084,4960,4676
3157,3910,3921,0,0
5978,6730,6224,0,5832
4666,4926,3640,6949,3213
2943,4514,3550,4860,0
3214,0,3121,3392,0
4067,5052,5110,4299,3608
7180,5164,7966,4149,5754
4609,0,5501,6152,5014
6387,3391,6586,4056,0
5325,0,0,7510,4500
6506,5000,4078,5551,4290
7187,3752,4231,6726,1763
0,7369,8465,0,7329
2653,4391,3461,4402,5226
0,2274,1655,2428,2036
4936,5171,3852,4142,2441
2202,0,3473,5876,5042
4882,0,0,5441,4281
0,5212,4998,4658,0
0,7222,3377,0,5082
3310,5299,2976,5170,5047
0,5544,5968,4549,4365
4872,6783,0,8092,3254
0,0,0,5467,4231
5010,0,4694,1266,5222
4556,3091,4721,4278,5062
3320,3063,2501,0,3081
3234,4541,0,2772,2867
7068,5963,0,7142,4216
5111,4144,2682,2567,3100
3388,3503,3063,0,4239
0,4595,5112,2802,2950
0,7146,6175,6912,5736
4485,4241,5435,2798,5047
4910,6621,2958,8011,4798
3544,5772,3633,5975,4024
2455,2102,2073,3226,2891
7558,5989,5268,6369,6074
4585,2583,2413,2729,3600
0,6294,4513,0,6125
6164,0,5094,6331,7099
3123,2924,3861,2304,0
0,3597,4712,4714,2882
0,6947,5710,5449,6985
0,0,6840,7350,8409
6985,6854,7100,5246,6401
2947,4423,5138,0,3938
4724,4974,5660,6198,5332
0,6649,7978,0,7032
4999,6846,0,5197,6676
4668,5515,4859,0,5181
4271,4113,4184,5600,4475
3376,2667,4237,2265,0
0,4880,5788,0,0
3574,2973,3559,5812,0
0,0,3174,4588,4844
4038,1854,4192,3210,3046
5181,3919,7444,4523,0
5552,3924,6098,0,4880
3384,2200,2707,2920,2701
6432,5972,6493,6749,7158
7195,6371,4968,6748,5478
5025,0,4515,5595,5242
0,2657,1632,2938,2264
0,7584,5473,4769,5955
5379,7329,8320,5792,9041
7325,3183,5368,5901,4803
7619,3746,6320,5509,2847
2826,4473,1632,4011,2619
6045,6489,7571,0,6255
3377,0,3009,2640,2939
0,4357,4789,4376,4046
0,5863,4698,0,2318
6615,3186,4878,4554,3246
3270,5237,1896,5482,0
0,7550,8280,7856,0
6239,5507,0,6145,6932
4007,6112,0,4146,5138
0,3060,1534,2593,1431
5711,4332,4411,2672,0
4916,0,5479,5506,3963
5773,6690,7028,6813,5736
3906,0,3086,4079,2132
0,3657,3704,4526,4637
2500,2628,0,3167,4137
2274,2138,2546,2415,0
6082,7554,5986,7149,6356
6917,6854,6210,7097,6085
6195,0,0,0,0
5000,0,2965,5501,2839
3980,3319,5864,0,4563
5013,2964,0,3828,4753
6391,4587,6330,5071,7746
5440,6557,6035,6525,7637
6429,5125,6937,6031,5253
0,2819,4911,5480,3921
0,3869,4346,3290,4526
2285,0,1272,0,2500
4970,3786,4280,0,3333
5419,5482,4939,6877,5550
3699,0,0,6073,5230
3174,3027,3315,0,0
5538,5403,4619,7774,5243
6887,4258,6594,5288,6804
3431,0,4622,4284,2454
3001,2417,3825,4032,3324
5678,3661,4541,3707,2627
4895,6002,5434,0,5065
6042,6460,5769,4687,7034
2968,2041,2695,2407,1536
3499,5586,0,3110,0
0,2392,2755,2184,2579
3792,3053,3961,3570,0
7866,6415,5074,6595,5984
0,6230,0,7632,0
0,7171,4976,5002,6171
7038,7558,6571,0,7947
5676,6613,5840,5681,7060
0,4835,0,7413,0
4942,4590,5883,5750,3940
6761,3283,6411,3560,2982
0,7220,0,0,6954
0,3580,0,2965,0
5326,4589,3450,5696,3372
4741,5227,6252,6171,6613
0,4260,3528,5240,3517
6038,7978,5084,5465,6575
7232,4238,6690,0,3857
0,0,4565,5087,4933
4300,5179,3429,5153,5902
1481,0,3817,3259,3615
4219,4176,4326,3332,3816
3318,3815,6509,3376,0
0,3686,5190,0,4029
6284,5287,4411,0,4301
3222,0,0,0,0
3726,4496,3621,3926,3192
3584,3730,0,0,2487
4376,0,0,0,4749
6953,5399,7428,6149,5760
3243,3485,2668,3234,2944
4385,3440,2993,4763,2933
6105,6802,7526,7389,0
0,6807,3781,5336,4458
5230,4998,4960,0,0
4784,6027,6455,5100,6673
6014,7064,3497,0,0
6301,6177,7788,6275,7592
4008,2254,1579,4368,1879
6235,0,3012,6735,4053
5213,0,3621,0,3166
3980,6352,4759,4860,7601
5046,5819,0,0,6515
0,0,7116,4527,4772
7354,0,6247,7544,6994
0,0,6006,5412,6335
5330,5071,6290,0,2099
1351,2529,2787,1999,3397
2818,5143,3130,5056,4265
0,0,4238,0,6013
6980,7017,8350,6368,4927
0,4849,0,6189,3564
6360,6982,4260,6413,4797
3139,3804,1872,3507,3339
7200,5726,8196,5667,6406
0,4341,2956,2327,0
5315,6468,4371,5293,5148
7376,4591,0,4659,5155
4715,0,5634,6357,4030
7435,6189,8677,5707,7499
4757,3962,6490,5259,5206
3984,0,4773,5423,5016
5266,6150,5412,4771,0
0,4052,3040,5856,2333
0,5092,3136,5585,4496
0,4079,4686,5448,4787
6046,6052,0,5526,4684
4847,6868,5599,0,5521
2048,5142,2806,0,0
0,4993,5508,6789,6352
4867,5571,0,0,7021
0,3962,3211,2628,3420
0,3769,4402,5964,2620
6483,4096,0,5895,3797
4085,3552,0,4237,4095
2122,0,0,4598,4751
0,0,3906,3083,4338
7628,0,0,0,5922
2899,0,0,4520,5147
0,4664,4045,3975,0
3886,4920,4146,4295,5491
4427,0,5508,5696,5643
0,0,0,6433,3328
6269,6643,0,0,5567
0,5161,0,4058,7080
5718,4147,4672,4300,3946
3892,3781,4080,3487,0
3515,6889,3837,4716,4233
3532,5147,5273,3108,0
5065,6550,0,5936,6430
4848,3273,4729,4413,4232
3927,3075,3804,3015,3754
3723,0,5116,4782,5522
8984,0,0,5309,5827
0,5391,0,0,4730
0,7609,0,6284,0
0,5101,7792,5924,6188
4149,4447,1715,3946,2591
0,3220,7602,5083,5476
1718,0,4274,2297,0
2089,0,2977,0,5891
3424,3743,0,4536,4011
2415,0,2978,4241,0
6712,0,6249,3818,4850
2698,0,3575,0,0
7611,6591,0,7677,4846
3509,4606,3402,3813,0
5691,3166,4592,4019,3220
0,5640,3757,4639,3767
3713,2590,4305,0,4421
0,5045,4137,3615,0
3969,0,7817,3223,0
2520,2860,2366,2575,2559
3203,5439,2829,3686,4106
3429,0,3893,4178,5852
7974,7222,6547,7970,6715
0,7271,2107,0,0
5790,7823,6362,0,7310
4551,6284,5770,3372,6612
8763,3521,4823,0,3575
6089,0,0,6777,0
3334,2123,2366,0,0
5331,4220,5633,5709,0
4522,4888,3377,3932,0
4840,4718,4741,8664,3577
4226,3117,5975,4186,0
3458,1426,3156,0,2189
6353,4264,5569,5873,0
0,0,5137,0,5269
5451,4245,6605,6308,5047
0,3498,5218,3215,5743
3826,3035,4792,3497,0
4760,7441,5188,5830,6013
5858,6745,6469,5360,6339
0,0,6205,0,4212
7505,6767,7527,0,0
3588,2940,0,5064,3518
5232,0,7536,5136,6698
1879,3841,2297,2431,3513
4114,1649,2917,3536,4520
3359,0,2691,4200,4070
7001,0,5778,6088,0
0,0,4250,0,0
3010,4499,2756,4841,2106
6700,4956,4619,4968,0
2314,4419,2389,5762,4019
5030,5356,0,6893,6143
5454,7342,0,4522,6455
3446,2966,2412,3451,0
6359,5099,8502,5380,0
4771,2798,3939,2362,3183
3155,3488,3426,3925,1769
6921,5338,6613,6419,0
3561,0,3458,5940,0
6957,0,6314,5701,4773
4999,6264,0,5086,0
0,0,0,3712,0
6288,7078,6114,7491,5017
4166,0,5353,4340,5853
4393,6582,4014,5839,3509
6747,5738,8224,5480,7279
6558,0,2314,7523,4580
3392,5778,0,3796,5701
3886,5548,4894,5024,6391
5251,0,5470,4302,0
5159,0,6619,0,6643
4828,4576,4295,4648,0
2220,2239,2903,1852,0
4745,4497,7206,3808,6225
7500,0,0,7327,0
6614,0,0,0,3493
3252,6091,6642,4261,8478
7368,0,5986,7172,7016
3598,6681,6451,4972,0
0,3121,4756,3624,5211
8623,6551,7383,7290,5773
7421,7211,0,7408,6739
7068,5299,4739,4989,5464
5679,4383,5834,6059,5254
0,0,6131,5811,6940
4327,0,0,3270,5084
7367,6298,6550,7164,4811
6024,0,5018,7279,3294
5974,5447,5800,4839,4610
2022,0,2414,0,2999
6836,5641,4428,0,4288
3099,5562,3076,0,5788
6091,4994,5919,5465,3552
7651,7173,6208,5330,6615
7939,5208,7164,0,4724
4140,1702,3891,2650,2843
5667,3875,3831,3925,4203
3090,4073,2159,1663,3392
7179,6875,6501,7530,5082
5594,4166,3420,6678,0
4402,6116,4417,6696,3636
0,5633,3544,4831,0
0,5719,4677,6278,0
7412,0,6338,0,0
5941,7459,1822,6165,2790
4131,0,2696,0,4761
0,0,3778,3454,0
7737,7246,8588,7018,7387
0,4055,5360,3875,4845
3146,5210,3387,5048,4097
5659,3262,5837,2386,4791
6925,5731,3637,7119,0
5885,0,0,3916,5779
5468,0,3536,5742,5310
0,2100,2071,0,1595
7311,6730,8149,5295,6635
2401,3593,3525,2693,2768
5235,4800,3024,4357,0
2857,7592,2030,0,4859
0,4731,4497,3629,4298
0,3461,4332,5589,2850
4865,6100,5137,4142,4542
5046,5271,6508,5224,0
6814,5846,5558,6663,4441
5360,5029,2725,4558,4360
5668,0,0,6437,8371
0,8318,2202,0,5498
5585,5246,3819,5597,2709
7605,6163,0,0,6636
0,7921,5225,4022,6562
3646,0,3235,0,2919
6078,4810,0,5334,5578
3367,3961,3665,4542,2621
6873,0,3354,7454,3704
6856,8254,6506,0,6858
3115,5529,3125,3982,3430
0,6531,5224,6215,4623
4821,3849,3212,4712,0
3606,0,4314,4476,5908
2458,0,2087,4878,0
5462,5970,4333,0,5575
5439,7207,3691,0,6697
5016,4861,6366,0,5063
5778,6271,0,6877,6232
3893,2774,3658,0,0
4339,6877,2927,6154,4520
6683,5875,6121,5732,6397
7169,0,7862,0,8057
7238,6683,7266,7022,6581
0,5497,7613,6244,5479
5354,6336,6554,5361,8345
2861,0,0,2640,0
5620,2606,5367,4626,3106
6613,4231,6037,4785,6376
4855,4488,0,5100,3362
0,0,3608,2515,2834
5859,6180,5904,6139,5355
6522,7657,6046,7331,7343
0,3528,6400,5503,4425
7902,0,6199,8607,0
7998,0,6532,7322,0
4038,2289,4992,3230,0
4649,6123,7591,4206,8478
3819,6887,6345,5236,5657
4521,4166,0,0,3753
6214,0,5599,3222,4758
2601,5051,0,5057,3965
3577,3990,0,0,3087
5091,5948,7886,5494,0
5236,3503,5301,3113,4773
4542,4976,3496,6262,6719
2437,0,3453,3079,3167
4753,3477,3096,0,3940
0,5547,4587,3665,5267
6311,0,0,5731,5928
7773,0,7037,8401,5409
5996,5380,6238,3808,6869
4988,6337,3743,6632,4841
2198,0,0,4114,0
3085,1751,4299,2282,3912
5991,5578,7024,5551,6413
5502,6824,5304,6692,4688
3507,2861,4742,0,0
0,9131,7677,8232,8361
5622,3892,2628,2600,5409
4235,4187,0,4486,4087
0,5546,4683,5437,0
3164,4961,0,3829,4063
7172,0,5790,6049,7462
4607,3227,4259,7439,4297
6661,8346,7412,7645,7186
0,4578,6670,4398,4079
7406,6138,8965,6430,0
3730,4611,0,2376,6510
5021,0,4389,3236,5713
0,0,0,5055,4568
3205,4111,5180,3616,4592
4042,4106,4345,0,7785
4353,3498,6284,6420,3780
0,1571,2059,1252,1808
0,0,5589,5231,6328
4411,1800,4468,3639,4055
2398,2648,2150,3395,3260
0,7583,0,0,0
0,3920,4394,3145,6291
7118,6630,0,7581,7182
7497,3745,5340,7635,2023
4964,5163,3277,4963,0
6366,0,5103,0,5456
5778,0,6287,0,4386
4484,7458,3203,3802,5448
4604,4716,4107,5948,5853
2043,2833,0,0,3092
5799,5863,6677,5734,5676
0,1646,838,1792,1505
4864,4298,4562,2696,6379
3869,0,3295,3264,4798
1928,2581,2889,0,3417
4085,2761,4235,3382,1810
4085,3385,5565,3013,4993
3288,8335,0,7096,6164
4934,3319,0,0,0
0,6965,0,0,6336
7129,4970,5802,4371,0
0,2063,3399,3025,3722
0,7330,6281,6989,5650
4122,6058,0,5276,3790
4577,5253,0,4978,6456
7021,6651,6166,7324,0
4744,3902,4185,5762,3369
4473,4322,3172,0,4607
5961,3265,6384,3647,0
4077,0,3136,5986,5185
3680,0,0,2574,4900
6667,0,6158,6383,5573
8038,0,6264,0,5646
4831,3385,5980,3878,4306
0,4395,7032,5958,6599
4088,5108,0,5338,0
4240,4636,5185,0,7416
0,6144,7422,4449,0
789,2927,0,0,2206
5596,0,5083,5794,4665
4557,5892,4087,4427,6119
6773,7035,4934,6558,7124
3680,2891,1992,3170,3394
4195,4882,5166,6048,4281
3600,6196,3850,6587,3523
7894,6035,6975,6372,7722
2722,1999,2170,0,3331
4343,0,0,0,5680
3774,4765,4615,3251,5154
0,0,6088,0,3709
0,0,7112,6666,7046
4612,4981,0,5069,4341
6623,2937,6912,3494,5638
4339,2219,4311,2805,4864
6525,6682,5152,0,7005
0,0,6667,8343,0
4593,6947,2252,3614,4995
3485,3910,3284,3249,4185
0,5406,4549,6842,5277
5317,6858,4465,5562,0
4366,0,4521,0,3466
3358,2324,6847,3300,5037
4470,0,3170,7041,5276
4656,0,5401,6727,4492
4623,2795,6513,6928,4846
4118,4853,0,6573,5730
7291,0,8032,6467,7379
0,4620,6961,6523,2886
8578,7462,8919,8300,7524
0,5733,2475,4317,3142
3578,0,5902,0,0
8577,6880,8345,6822,6338
6364,4972,5409,0,0
5249,0,7876,3942,0
2248,2036,0,2723,1930
3093,0,4643,5463,0
5958,7593,4823,4580,6990
0,6350,0,7219,3784
3308,4808,3434,3537,4511
6537,5282,4060,6233,3932
5177,4822,4587,4573,0
3928,4870,6713,3733,5792
0,6783,7029,6308,7287
0,0,0,1830,1960
4092,4252,3253,5187,4361
0,4275,0,2873,3618
4467,3277,3704,0,3663
0,4459,3660,4079,0
3639,0,4959,3158,0
2955,2439,0,2904,2308
6572,6916,7822,5621,6582
2532,0,1237,3404,1401
4604,4925,0,6082,0
5720,0,7377,6225,6909
6772,5523,7375,0,0
3310,5243,3907,0,0
7574,5623,7209,7206,0
0,5362,0,4971,4649
2386,2442,0,2146,2609
8340,3771,6840,6394,4269
4545,3405,4682,3249,4977
3605,1499,0,1740,2622
3476,4451,2863,0,3173
0,5566,0,0,0
5693,3985,6165,6365,5327
5938,0,5787,5755,0
3681,4022,4936,1491,3717
4447,3084,0,3351,6830
6208,4728,5907,4293,0
4526,0,0,3598,5529
4506,2913,3111,2584,2062
6768,7043,8330,5689,7638
4477,5895,4490,4997,0
0,0,0,7765,6741
7183,4487,0,0,3103
3896,4274,3409,5157,0
4887,7697,5625,3407,6162
4976,5544,0,5593,4828
3233,5613,3910,4270,4317
0,4999,0,5232,3082
4471,0,5375,4814,0
5910,6689,0,0,6745
0,0,2622,3874,2267
4206,3856,5179,4985,3621
4011,5939,3700,4837,4013
3438,1763,2396,0,2757
0,3735,1394,3713,1659
6294,5400,5170,4668,0
5983,5710,6108,4878,0
0,0,5510,3981,5856
7587,0,7198,7189,7403
3962,3773,4155,4052,4655
5341,4145,5046,3308,0
3938,2973,5956,3221,0
4799,6786,3067,0,0
4678,4763,4532,0,5800
0,3765,4857,3577,0
2597,0,3435,0,3510
3320,4582,6326,4110,0
6119,3528,6297,4804,4716
0,0,0,2463,4455
4397,0,5740,6343,4965
7958,0,0,6565,6103
0,5167,5515,0,0
4228,7077,5539,0,5336
0,0,0,6069,0
6320,0,0,7417,6769
6186,6530,0,6338,6125
6788,5687,5633,5764,6511
5706,5240,4995,5693,4057
2812,4627,0,0,3799
0,5053,6213,5246,3982
4587,5672,4960,3257,0
2897,0,4713,5228,7033
2698,4543,0,3317,0
5312,6689,4323,6282,6778
7133,0,0,7305,6858
7584,5830,7298,7608,6802
4659,0,0,3930,4506
0,0,6123,0,5878
5259,6465,3226,6844,5268
2252,3883,2304,0,4491
6732,7471,6634,6828,6611
7914,8000,8397,0,0
4123,5649,0,5424,3710
5289,6648,0,5652,0
5278,3564,4174,5791,2263
3445,2184,3014,2312,1146
4816,2928,5204,5006,3453
8440,0,7903,7616,6886
6164,5366,5746,6716,4678
6360,0,3392,6383,2060
3365,6789,2516,0,0
6194,6682,4284,6403,5740
8207,0,0,6509,8204
3884,7760,7243,5379,7381
5814,4688,3709,2846,5009
4088,2577,4491,0,0
4690,2630,6470,3811,4862
3365,5238,5277,4238,6730
0,5915,4282,0,4071
3184,2880,3856,3148,2656
5960,6981,5910,6433,6005
5838,4906,0,5878,0
5265,4370,6068,5260,5195
4878,5727,5465,4846,7564
3356,4509,4735,5037,4409
3352,4241,3836,3606,3130
4711,5104,3391,5844,5795
0,0,5162,4956,0
8238,3540,5243,6467,3451
4200,4007,0,3896,5655
3876,2610,0,4028,3263
0,7758,0,0,6530
3983,3284,4755,3833,4448
0,2824,3255,4092,0
4976,2834,0,5014,7665
0,0,7075,7192,5492
4969,3843,4062,0,4849
8342,0,0,0,7261
4370,3391,4318,3816,4079
0,5851,6507,6227,6579
4875,7185,4046,0,6247
4984,6395,4857,5502,0
6813,4308,0,2007,7479
3749,5262,3228,5958,3576
2462,3067,2776,0,3356
5495,5323,4817,5033,4285
7196,7914,6841,7202,6640
0,5921,4787,6701,2980
5525,7514,5576,6358,0
0,4076,5089,4024,0
6840,6048,4687,6380,5245
7763,3852,7566,5623,4979
4219,0,2052,3561,2895
0,0,5956,3883,4768
3918,5293,6678,4415,7063
0,6517,7569,6789,0
1617,681,1645,1626,0
3767,4153,4107,3675,6100
0,2811,5609,2970,3942
0,6333,0,0,6625
5813,6229,3333,0,0
3764,3790,4102,0,0
4084,0,5143,6237,6746
3096,4105,1762,3087,3851
4972,0,0,0,0
0,4287,0,5339,6653
4617,7181,6032,6523,5429
4363,6350,3925,6328,5501
0,6469,6213,6486,6386
0,0,4352,3901,6856
0,6688,0,4360,4894
5993,6239,7224,5021,5898
7210,5948,6755,5921,7072
6726,5607,0,7325,5030
6255,5096,3994,4219,4141
3980,0,0,6043,5673
6564,6971,7434,6978,0
7766,3410,4713,6365,0
4400,4347,4536,0,3259
0,0,4533,8108,5622
7141,0,0,6635,0
0,5439,5956,5746,4109
6097,6223,0,4336,5331
5054,0,2780,3967,2344
3467,0,4910,0,3955
0,0,0,4900,0
0,6996,6629,6221,7985
7194,6512,0,0,0
5652,0,5923,6748,0
4009,0,4670,3408,3804
3313,0,0,4017,2993
4796,6564,5673,4787,4464
3571,3095,3803,3189,4372
5858,0,4040,8642,5470
5427,2972,4841,0,0
5463,4128,0,0,3341
2955,3277,4149,3916,3037
3468,3877,5314,3749,5811
0,0,4056,5942,3005
2523,2850,0,2846,2687
6005,3127,5989,3496,0
5684,5510,6002,6785,0
3369,5895,6093,4338,0
0,4582,3796,4281,3111
7001,7332,0,7415,7955
0,7300,7641,6789,5698
5719,0,4010,4380,4276
3009,4289,2396,0,0
0,0,3818,8226,0
5669,0,5736,0,6841
2617,5278,5288,4858,5272
7590,5753,5366,4948,0
0,4157,4456,0,5615
5629,4307,7289,0,0
7154,0,6432,0,5923
2894,3618,2837,2884,3954
3349,0,5854,3148,6971
4892,2908,5271,0,6178
5972,4748,7842,5445,5749
5204,0,5809,4740,5502
4751,3942,6256,2795,6888
3263,0,4413,3711,3182
0,2531,3492,3007,2415
2526,1764,0,0,1868
6241,5777,4320,6345,0
8038,6270,0,7783,0
6834,0,0,7493,8097
0,7126,0,0,3364
4614,4829,5087,5366,5169
2917,2810,3027,3909,0
2655,2526,0,3245,3211
5801,5123,5583,0,5130
6461,3466,5730,5992,0
6489,6540,5870,7199,0
3167,2313,2560,2967,2391
4108,6072,3187,3699,5412
0,4864,3701,4360,3735
4393,6687,4382,4130,4055
4632,5522,3712,5968,4795
4407,3531,5349,5327,5071
5065,5669,0,3574,0
6211,0,6635,5334,7771
7492,8013,6208,8804,6295
3571,2555,0,2776,2386
6000,7060,0,5814,5139
3779,6453,2605,5614,5085
5931,5209,0,6668,3770
0,6412,0,6077,0
0,6744,6097,4579,0
5355,7785,6438,7338,7060
2762,3497,2695,4716,2261
6113,6952,6465,6845,7032
5334,3688,5035,4543,0
3810,5490,2978,0,6828
1314,1710,997,1928,1926
3451,5441,0,0,5964
3587,4441,5718,3961,5711
0,3705,0,3641,2555
0,4352,4834,4259,2141
6057,0,0,5552,6808
3001,5503,4856,5315,4451
3583,5821,4546,0,5382
4701,3991,4738,5773,5229
5184,4159,5185,0,0
5723,7434,5177,0,6333
0,4546,6024,6446,3872
3442,2671,0,0,3605
4853,3882,4470,4969,3163
0,0,4671,5427,6377
2786,4198,3647,0,2996
3367,2497,1519,4185,0
3985,2785,4560,3564,0
5900,6803,3521,3383,4668
4335,0,3145,4986,2786
6803,6539,6680,4807,6547
0,0,0,7607,7521
2799,4489,4015,3626,3813
4220,4224,4141,4278,5690
0,5553,6374,7424,6408
4014,4102,7087,5979,4773
5951,0,6095,5904,3697
5414,0,3853,4285,3355
4263,4344,2628,5509,4319
0,3829,0,2575,3268
7488,5134,4870,6713,0
0,5730,7708,2196,6396
0,6461,7469,6979,6457
0,5993,0,6133,5321
0,0,6428,5146,6429
7366,7088,6634,0,5916
6195,3641,6523,4155,0
6324,6503,0,6481,4961
0,6006,5765,4569,4547
5206,6125,3738,3788,5808
6110,3621,0,4706,1814
6391,5343,4812,6027,6417
1604,0,1341,1417,0
2959,3182,2351,2353,2585
7285,6327,6730,6934,7039
7253,7312,0,8187,6723
6495,7152,0,6914,5653
3276,4664,3712,5121,0
6405,0,5728,4930,4360
0,6745,0,4358,6602
0,5968,5116,4574,4606
7560,7172,7593,0,6984
5237,4853,5048,6123,6462
0,3313,5185,1973,4550
4718,4678,4923,4775,6088
0,3550,2965,3359,3384
0,4749,6772,6481,8346
3799,3738,0,4902,0
0,4117,3639,3811,4402
5289,5113,6668,7371,0
4387,4969,5387,3378,4801
0,3692,3116,0,3016
5948,3521,0,0,3595
5085,5589,6924,4900,5076
4606,5380,0,6466,7278
0,6079,5682,7438,5499
2989,5417,2817,3869,5246
6680,6455,6662,6815,6920
4481,3974,4497,3856,5274
7938,4153,6148,3866,4794
6519,9087,6485,7916,6734
5036,0,0,6354,0
4853,3698,4757,4311,2786
3163,4825,3546,0,5590
2944,2277,3392,0,2722
7137,7420,6555,8356,0
5451,7596,7576,0,8179
5551,3481,4924,6428,2182
3478,0,0,3881,4207
7837,4844,0,6779,4175
7387,6118,6509,5408,0
0,5542,0,5760,3916
5375,4909,0,9086,2605
3434,2627,4556,3362,4624
0,4465,5032,4282,0
4981,4256,3356,5203,4530
5719,4225,3742,0,2432
4661,4623,5378,2882,8168
0,5329,4761,5334,5359
7667,8353,0,7079,7490
6375,4966,6375,7334,4310
6317,0,6383,0,4246
7548,0,8091,7970,7749
5584,6010,0,0,4490
4310,6446,5463,7237,5957
0,3431,1270,3137,3075
4755,4294,2863,5231,5007
0,5000,4307,0,5471
6680,7667,6948,0,7674
5586,0,5166,6828,4860
7531,0,6332,7210,6834
6692,5516,5123,6597,5261
0,0,7662,0,7544
6860,3420,5555,4863,5543
5326,4231,0,3272,4173
8091,6540,0,0,6537
4433,3034,3863,2450,0
6651,0,5647,7176,5095
7085,6087,0,7715,4930
0,6758,5298,6065,6232
6430,7469,5939,8131,0
7280,5307,0,7028,6792
0,3663,4472,5549,5212
4864,4493,6184,4267,5981
4149,6525,3777,0,0
3973,3623,3171,5108,2683
2009,4898,6126,0,0
0,4358,3875,2401,0
4501,4924,4123,2877,6019
0,4420,0,0,5527
0,5531,0,4910,5346
6067,6404,5808,4863,3719
6171,8396,0,8048,7731
4381,6335,4465,0,6360
5362,4536,5440,5170,6216
0,4409,4364,3904,5380
0,0,4677,0,4738
0,7362,5535,5492,5078
1010,6398,5992,4699,7806
0,0,4829,6430,5256
6504,0,7301,4884,5579
7669,5351,6805,0,6339
4375,2683,2640,0,3144
3182,5343,2616,3935,5631
3307,0,0,4464,0
7158,4052,0,5732,0
0,3691,0,3945,6351
0,3107,5983,0,0
3985,6820,5060,6407,4794
0,0,3063,4278,3889
4941,0,5496,3729,6599
5286,5021,6798,6682,5692
4609,0,4624,0,3389
4587,2200,6221,2827,0
4121,0,5494,4561,6482
4690,5832,4212,0,2669
8737,6363,7606,7113,6887
5469,3419,4849,5169,4379
5754,4587,4809,5848,0
5524,3280,3716,5613,2193
5055,3284,2769,4432,1778
3890,6326,2432,6473,4622
4318,6000,0,4904,4090
0,5677,4724,0,0
0,5821,0,5478,5559
5872,6070,4030,6505,0
2564,0,3829,3790,5348
6161,0,5843,8510,7605
4481,0,5230,2155,3510
0,0,7174,5779,5386
5970,6440,4927,6538,6503
0,3829,5673,5895,2468
7295,5877,0,6797,6869
0,7386,5091,6117,7214
3895,3495,6234,6465,4938
3746,1866,3334,2110,4380
0,0,5878,0,5604
0,7110,4749,5459,0
3666,2301,2725,3670,2985
3546,5410,5765,5399,4371
6759,7758,8146,6568,8478
0,0,0,0,2794
0,4790,5209,2402,0
0,4366,3740,0,0
2885,5352,0,3857,4911
7105,6067,6743,7358,6103
0,4381,0,4297,5601
5875,0,0,6397,6034
5226,0,3838,4316,3240
7699,8282,7987,0,6570
2795,2393,3805,2199,0
6357,5080,4054,3813,3222
5872,7461,5628,0,5284
0,4095,3997,0,0
0,5286,6565,3399,5841
6760,5969,5863,5402,0
6408,7240,7229,5947,0
7875,6428,0,0,6885
2872,3453,0,2324,0
5473,5927,6467,5406,2544
4261,0,3475,4363,4013
6319,6937,7235,6003,8569
5173,4955,5096,0,5766
4718,2387,5530,4150,6218
0,6146,0,0,5765
5042,5315,2891,4818,5771
5756,0,6001,7636,0
0,5238,2411,6473,0
5348,0,4887,0,7128
901,1024,1703,0,0
6930,0,6331,0,4660
0,5994,7949,0,5633
5906,0,5162,5466,3522
6143,5795,0,7055,0
6984,2722,6095,5679,2986
0,6650,0,0,0
7959,0,4050,7895,6203
4013,6361,5537,4417,7455
6194,0,5633,5988,6327
3605,3067,4224,5215,2930
0,5953,0,0,4268
0,6958,5872,5564,6579
5953,3462,5745,4304,6487
4166,3677,5238,2862,4846
3662,6917,5413,4706,5035
5830,6882,4885,6682,4858
4863,3497,5331,5115,2672
4852,5363,4756,0,5217
4370,0,0,3762,5017
5013,0,4684,2820,0
7185,0,5940,6887,5437
2616,0,0,2647,1956
4591,2584,5919,3970,5137
0,0,4206,6214,3589
0,0,5993,7329,6967
2478,0,2112,4428,0
5185,2831,3423,4624,5535
3101,3625,5152,2624,3860
4258,0,3396,4696,3554
4271,2602,2871,1857,3059
5896,3146,0,3629,0
6834,5698,5471,5695,6947
4438,6896,4295,5611,3795
2037,0,0,3232,0
6633,4076,4561,0,0
4579,2854,0,0,6594
2727,4278,2872,3405,4758
5068,6282,2358,4469,3745
4450,0,3819,0,6110
6680,0,3794,4061,2689
4440,3232,4458,3615,2355
7659,7194,7047,6224,6087
0,5173,5544,4235,4754
4597,3085,4311,4429,3203
5570,5174,4520,6183,3799
0,4129,0,1292,4803
7693,3401,4838,5326,2124
5457,7166,5862,6722,0
3929,3876,3535,3868,5735
3151,2683,2938,4336,2862
0,3768,0,8262,3372
2548,4076,5410,3571,3702
0,0,0,4394,3795
3079,5899,2721,5500,4322
1743,4776,4333,3411,3627
3727,4134,4000,4315,0
0,2283,3489,3190,5736
0,3870,5295,4124,4063
0,4427,4766,4329,5757
0,5248,3280,4777,0
7673,4544,0,7652,6437
6198,6197,5400,5653,6068
6352,7098,6386,5507,7174
5385,6833,7416,6197,7015
2402,2085,1796,1827,1442
1362,2801,3833,1994,2462
2439,4129,3287,0,0
7744,6240,7625,7241,5930
0,7073,0,5921,0
6761,5206,3891,7538,2607
4035,3205,2999,4473,0
2605,3905,4154,3269,3595
6475,0,0,5689,5864
1738,4057,4240,3664,4044
3109,0,3402,0,0
2269,2862,2494,0,0
4994,2754,4207,3854,4626
5546,7753,5604,8141,6044
2244,4048,1905,0,2190
0,0,4749,4441,3183
4250,6638,5364,4679,6316
6130,0,8880,6652,7668
4109,0,6649,3565,6416
5751,2532,5126,2327,3532
0,6441,4701,6929,3363
6003,7036,7311,5277,8112
3496,3331,3436,4896,4121
7554,4960,4949,4757,0
0,4266,3413,4334,2747
5275,0,5777,3106,5803
4296,4341,3334,4835,5695
0,2947,3248,4870,1318
4035,0,4192,4457,2861
3817,5585,4816,0,6901
4093,0,3722,4117,0
4497,0,0,0,3615
6205,3015,4046,4080,4801
0,0,6130,5129,6505
4125,2907,4360,0,4800
3000,2536,3218,3460,2804
4220,0,0,4646,3587
6298,3881,4515,0,5625
0,4189,4580,0,5880
2329,3867,0,0,3066
6716,6504,6789,5265,6977
0,0,0,5355,3071
6136,0,6095,4956,5072
6968,3979,6748,4004,4382
0,6903,4774,4869,5845
4650,0,5466,7098,5756
6051,0,3747,8131,3136
5359,4355,0,5155,4084
6085,6466,0,7531,5557
8225,5501,7411,6146,0
3921,4897,3673,6107,0
1973,4174,2525,2813,3944
0,4807,6292,5807,6792
4311,6737,0,7754,5251
0,4903,4057,5210,4496
2539,4155,0,2538,3109
6023,4447,6191,5146,0
4595,0,4038,0,5948
3092,3367,3373,4251,4940
0,7959,0,4993,7638
3779,4233,3570,0,4222
5371,5690,0,3148,4910
4704,3967,3206,4137,0
6632,5275,0,5430,2780
2840,5351,3321,4738,4488
0,0,3948,3796,3488
5033,0,5633,3347,3999
2324,1836,0,0,0
4089,4676,3727,4072,6804
0,5187,0,7036,4707
7575,6783,6122,7079,6458
2185,2986,0,3189,2854
0,0,6647,6153,0
4024,3432,4542,0,4951
3264,1692,4165,0,3819
4577,6747,6212,5271,0
0,7866,7520,7920,5797
4351,4393,4593,4371,5272
4268,3822,0,5432,4427
1822,3042,3252,4034,0
6396,6038,5550,7943,3150
4481,5673,4427,6037,0
2906,3381,0,0,2339
2614,2832,4311,3260,3995
2620,2642,3274,2271,2710
7969,4552,5127,0,4697
0,3729,2838,3720,0
3694,3316,2818,4296,4667
1685,4384,3040,0,5448
0,4813,5944,7012,5706
2395,3831,2458,0,2882
0,0,0,5561,6848
6640,4882,7648,4883,6775
2783,3236,3610,3030,0
4455,6033,4162,4796,5995
4458,4855,4260,6090,5481
7104,5029,5669,5630,0
4359,6533,3834,4869,4800
3896,3065,3906,1977,2277
0,1263,1317,1872,0
0,4593,0,3503,8315
5607,4107,3123,0,0
5082,5392,4757,4587,5954
3877,3346,2197,0,2524
2247,2293,1608,3366,2017
3430,4532,4846,3841,4686
4133,3515,2942,5581,4613
4964,3188,4591,7161,3577
6406,6044,6325,4291,5860
0,0,5981,7208,2889
8321,7204,8520,8022,0
4332,6319,3331,7584,5447
0,4528,0,0,3760
0,2545,3626,3642,2057
0,4902,4985,6543,0
4949,5243,3846,4210,3240
4380,3081,0,0,3053
5846,6414,5707,5666,5082
7204,4274,5121,4722,3943
6420,3243,5499,3073,2634
5168,3326,6825,3820,7544
0,4152,3517,2750,2938
5461,5670,6297,5463,0
3581,4752,4876,4111,0
0,0,5161,5087,5616
4235,4377,2809,6000,4221
4092,4359,3847,5496,3903
6205,5689,3957,4673,2853
7308,3847,5587,0,4299
4776,3032,4786,0,3708
6928,0,8012,0,7658
0,5913,4808,6445,3266
5837,7776,4735,6631,6859
3922,0,2089,0,2948
5548,0,5307,4854,4763
5752,5771,0,0,0
0,0,5373,3032,3645
5716,0,5120,5190,3897
8191,6476,7536,0,7246
6163,0,0,3069,3950
3397,5344,3233,0,5565
0,0,3234,3381,0
4617,5009,2002,6031,0
5649,5049,4412,0,3416
7631,6678,7098,7176,6223
6962,4056,0,4431,0
0,5344,1629,6507,2466
5308,5053,4409,4650,5730
5119,5368,6080,0,5906
7017,8958,7311,7944,7637
6617,3647,5537,4228,0
5770,6282,6529,6204,6914
1985,0,2125,2023,2243
3864,0,3692,4019,4232
5055,0,6725,6023,7192
0,3345,3640,5394,4386
2927,5779,1429,3694,0
5177,4605,5149,4974,4603
7155,6325,7145,6264,6298
6216,0,6099,6325,6085
0,3985,3440,4295,5620
6992,7427,6592,7506,6882
0,5526,3281,3726,3717
4904,5561,4933,0,5333
5345,3756,5036,4710,5931
4280,4721,0,4623,0
5731,7672,6431,0,6514
5492,5099,5265,6598,0
4084,6874,5757,3683,6751
5357,2266,6076,0,3544
0,0,5674,4605,2985
1866,2447,0,0,2514
4781,2770,0,4915,0
4461,5797,0,4437,4692
6157,7222,6303,6689,0
0,2994,4802,3394,2831
4120,0,3494,3369,2960
0,6768,6236,0,6321
4610,0,5200,6637,5357
5471,4732,0,3301,0
7829,5809,5998,7460,3966
6998,0,7525,0,8042
0,6280,0,6737,5699
2666,4746,2168,0,2890
3633,4208,2408,4648,0
5514,0,5989,0,0
2465,2983,0,0,2865
4680,6277,6133,6494,6719
3539,4169,0,7104,4637
6826,7217,7092,7506,6733
4317,6436,4645,3374,0
3963,3499,0,4295,3219
0,4800,3139,4603,5157
4257,5922,4515,5272,0
5189,3619,4356,0,6153
3779,0,0,7203,6422
6006,6585,7353,7199,0
0,0,2955,4081,3587
7701,0,0,0,6198
3819,1963,3491,3031,0
5815,7431,6548,6027,0
3678,4388,0,4949,5048
4069,5982,3894,0,4939
4376,4988,4266,4727,4845
2923,3518,4155,1980,0
0,6383,0,3382,0
3688,3255,2762,4156,4350
3716,5108,2916,4235,5340
5328,4936,0,4735,3978
0,3092,3464,2187,2263
6278,5482,5393,5193,0
6661,6602,6804,6545,6677
5240,0,4198,4517,5468
5596,4721,4418,5741,4345
6253,0,5611,6932,5174
7149,0,6604,6723,0
4511,4832,5059,0,2652
7705,0,7161,7149,0
7382,7545,7595,8750,7084
5330,3970,3594,0,0
7347,4054,7014,2362,5429
0,3510,5779,7199,4858
4188,5101,1836,0,3928
3189,3900,4626,3688,0
4297,5051,4545,3132,4972
0,0,5744,0,5691
4990,3634,5211,5189,3853
6018,7244,5611,6197,5810
2676,4777,6371,2670,4132
0,5949,3688,4114,0
5601,3461,4292,3067,3163
4573,3619,2591,0,3911
4879,6900,0,4844,0
5122,5235,6135,5541,6477
4923,3789,4680,0,0
3949,5164,6143,3328,4685
0,4879,4582,4154,5589
1897,930,1581,1140,907
5472,0,5801,5766,7196
1539,3900,3414,2234,0
4038,6196,4256,3115,0
0,6755,0,5189,5869
4185,0,4764,0,7001
6990,5359,5882,0,0
0,0,5477,0,0
4355,2805,3312,0,2914
2407,6555,2568,4448,5121
2948,2925,3159,2628,3999
3688,0,2772,0,2677
6152,5792,5911,0,5393
6427,0,9085,3901,5856
2227,3433,2484,2945,3678
3010,3959,1806,2444,2671
0,6597,5966,7903,6183
0,5133,6449,0,5366
3560,4201,2900,4029,0
6549,4135,0,5290,5918
7547,0,5960,4798,3848
4587,0,6093,4088,3628
7384,0,5129,5262,3963
6963,2805,5130,0,4504
5730,3434,3880,5135,4259
7617,0,5959,0,4462
4940,5712,6524,5691,5012
6927,3785,0,0,4517
4895,5881,6335,6952,6216
4391,2286,4478,2957,3551
7680,7770,8110,7248,7582
0,5678,2846,5758,3561
4263,4066,0,6957,3796
0,5206,6160,6772,0
4120,0,2137,5133,4057
7704,0,6395,7960,6575
7962,6766,7555,0,0
5763,7347,6975,7937,6844
4556,5460,7793,5807,6657
5843,4255,5675,0,5780
6258,4856,0,5666,0
5021,4629,0,5444,2006
0,5659,5543,6864,4223
7124,0,5439,3992,5728
0,2597,0,3100,5584
0,8551,7060,0,0
6166,6158,7107,6916,8186
7050,0,5594,0,5026
4670,3123,6134,4574,5398
5522,5242,4773,6078,2427
1741,6975,0,5007,4592
7160,6845,4296,7515,5082
7920,3139,5612,5378,3039
9230,8946,8736,8537,8669
6846,4215,7123,4728,4280
2847,3182,3041,4222,5852
4934,3760,0,4254,1751
4642,3583,2103,6479,2584
5499,0,0,2516,0
3962,4323,0,2525,3499
0,5815,7826,6492,0
5336,0,6422,6654,6015
0,4708,4442,4175,3476
3922,4840,3388,4477,2203
6721,0,6355,5044,0
0,1957,3707,4179,2206
5242,8027,5310,7842,6075
0,4281,3650,5240,3289
5314,7242,6997,6137,7749
5062,5645,4363,0,3479
2712,0,2672,3742,0
6364,5174,5625,6585,0
4617,4266,4489,3517,2950
8407,7386,9125,6627,0
7009,4850,7460,5428,5364
748,1245,1002,1067,1181
0,5347,0,5481,0
4743,7284,4745,5496,5813
1460,2928,2571,2489,3758
7036,6102,7451,0,7049
2234,2375,2226,3292,2813
0,0,2015,2761,0
8023,3517,5187,4223,0
6465,2449,5483,3544,4946
4907,0,6956,5885,0
0,3477,0,4761,5697
2139,4917,3924,2001,5738
7826,3352,7221,4775,3957
1777,4603,3444,4330,3206
5262,7720,6969,5274,5877
9164,5621,4908,0,5352
0,7167,5341,6969,6434
3533,3345,4259,4671,0
6683,6246,6243,4952,0
0,4243,5571,0,5999
5431,6022,5609,0,6357
4211,3714,5407,2784,0
5391,6920,0,5980,0
4883,3580,0,4457,4045
4593,6525,2816,0,4978
3306,4071,3713,5084,0
5480,7543,4379,0,5881
2988,4592,0,4291,5370
3567,4152,4541,0,3780
5979,0,6725,7306,4898
7923,0,3367,0,3444
3567,6151,3139,4382,0
5562,0,0,5887,4304
4886,6246,4388,3578,5345
7623,0,8144,7466,7954
5033,5685,0,5996,5287
0,7871,3851,4279,5685
6635,4856,4477,0,5350
6637,5442,0,5648,4459
3399,7049,0,5048,6711
7253,0,7757,0,0
0,5250,6326,3620,6659
4710,0,5633,3612,6706
2292,2452,3304,0,2208
0,6130,5889,5239,6664
3070,0,4201,5444,5530
7604,5878,0,7430,5938
6613,2697,3225,4525,3267
4342,3262,5727,5909,4923
4721,5056,6041,4480,5742
5697,7266,4235,6248,5292
2645,4891,3178,5561,3158
0,0,3469,0,2972
5788,0,6147,0,0
5897,4647,4915,0,4058
0,5914,0,6838,7087
6647,6529,5626,0,5976
1966,2443,0,2420,2257
6891,0,0,7265,7181
5573,6435,0,5024,6134
4965,3721,5827,0,5987
6372,7217,4432,5853,0
1787,3751,3383,0,5533
3531,0,0,4000,2719
3985,4019,4705,5215,3974
6004,4610,3596,5776,4483
4679,4247,5316,5328,3434
3108,2775,4400,0,4195
0,0,2982,5903,3268
7650,6424,8278,5164,7478
5979,4070,6426,4235,6245
4500,4689,9201,2601,7729
4727,0,4760,5027,2648
4111,2257,6270,3808,0
6570,7275,6494,4541,6205
1841,5909,3949,4756,4703
914,2033,0,1225,0
4105,0,0,3780,3522
4721,5282,6054,0,4524
3200,3693,3562,4951,3463
2619,4715,0,6157,3959
0,3251,2056,4910,2987
5327,4728,7069,0,4947
2055,2596,0,1819,0
5887,0,6804,6047,0
6129,4612,0,5945,3692
7072,0,1931,5908,4836
1229,3817,1549,2707,3826
3263,4567,0,4825,4987
5794,4450,5243,0,0
0,6308,5798,7812,0
7119,8085,6770,7284,7904
0,4244,7315,4792,6051
0,3774,4410,4594,6895
4401,0,0,4213,0
3959,1391,0,3740,6814
588,0,5887,3526,7903
5074,5221,0,7009,5996
7200,5357,7066,5805,5234
0,3505,0,1981,4475
0,2674,5075,5302,0
5395,0,5199,3381,5483
0,5501,6190,7328,6212
3162,6404,0,5177,0
2179,0,3726,0,6336
3988,3661,3736,4198,2183
4294,7547,3444,5393,4296
5150,3331,5801,1959,5341
3100,6079,4373,5037,0
5793,5897,7252,6510,0
3069,4623,3967,3982,5684
6299,4297,6021,7896,4562
4972,0,4987,6503,3760
0,0,0,0,1903
6372,0,4311,7315,6264
4307,4598,3761,3179,0
6687,6173,4396,7018,3839
3932,0,6825,5528,0
0,0,4492,4580,4362
4032,6463,5302,4243,5669
5432,3525,4653,4155,3881
7380,6225,7855,0,6804
4058,5073,3964,0,0
5966,5020,5594,0,4172
3548,4443,0,3701,0
2979,4332,5657,5410,5221
3712,3963,6691,5364,5735
5073,5053,0,0,5467
3960,0,4046,0,0
4252,4770,4102,5058,5981
5491,0,4187,5290,0
0,3665,3341,0,4665
0,5980,4323,3525,0
3740,0,4154,3540,3912
4056,3852,3497,0,0
5962,7351,4900,6825,0
4861,0,2355,0,1476
4092,5933,6718,0,4565
7368,6628,5199,5539,6493
5180,4971,4363,0,4661
0,7355,6444,7420,0
5352,7383,4376,4556,0
2784,6800,5308,5647,6362
7223,0,5736,0,5813
5451,0,3299,6544,0
0,4912,4994,6246,4690
7227,0,4013,6218,1646
4965,0,2915,4158,3820
7087,5987,7295,0,0
5582,2168,5841,7048,2113
5499,7200,0,5670,7070
5680,0,4440,6473,3124
0,4122,4181,0,3976
5616,7503,0,5640,0
4867,4082,3289,6447,3235
5952,7610,6524,7318,6107
5977,6813,6907,0,5585
3790,4846,7109,5465,6034
6693,7135,0,5129,4605
5546,3666,5409,4637,2978
1352,0,1773,1078,2487
3146,4840,6294,5143,7111
5076,4366,4561,4671,3069
0,0,8858,5380,5652
6957,6627,6789,0,5591
4238,5031,0,2052,0
0,0,0,6121,5094
7746,8246,6838,7625,8423
4836,4836,4462,5060,4654
5353,7102,0,7747,6137
5919,4345,3295,5225,4612
6131,0,0,5839,0
5620,7679,6466,6718,6043
3523,6229,3775,5992,0
6286,5079,4753,0,5549
5809,5207,5116,5556,5054
6635,3968,6606,4348,4838
4343,5092,4867,6485,0
4640,2760,5090,0,1992
3817,4358,4054,4987,4611
0,3638,5033,3581,4444
4379,3369,5512,4609,0
7845,7103,6447,6083,5737
0,5798,0,5935,5208
6478,0,6516,6182,7031
6864,5478,5310,6831,3579
7015,4772,6562,7254,0
4373,4672,4620,5498,5652
8944,7360,5907,0,6240
6186,3252,4990,4339,0
3828,0,3416,2970,2942
6155,8362,7768,7953,8364
0,2297,2677,3209,0
0,3008,3354,4013,3521
5022,4382,4839,0,3850
6585,6825,7158,7518,5821
3119,0,3069,2357,2745
3914,7150,4437,5896,4257
3452,6991,5643,0,2554
0,3233,4265,2184,5477
6823,0,6801,0,7932
0,3605,1124,3261,2997
2958,5477,3884,4044,5366
5409,3779,7033,3927,0
3668,6013,5580,0,0
0,4272,3567,6575,2140
4113,4896,0,0,3691
4161,6985,0,6184,5420
4259,4451,3747,0,6829
2839,5094,5620,4884,0
7525,5149,5338,5076,5805
4974,5650,5764,0,0
0,0,3816,4498,5910
0,0,3316,0,0
7409,5515,8019,4160,6373
5570,6764,4042,4815,6741
4565,6144,4117,6365,0
2082,3290,4687,3618,3136
8862,0,5367,0,3605
3886,3226,2332,0,2054
4495,2385,5095,2967,3852
6541,5600,5872,3343,5468
0,5707,4795,3937,4319
5393,4748,0,3350,5344
5687,2748,2907,5319,0
0,1791,0,0,0
5953,0,6257,6483,4943
0,6258,6276,7701,5901
0,4818,3164,2804,3889
5582,4632,6825,4446,5733
5304,7017,5961,5159,0
7381,5975,0,5664,0
6215,5678,5758,0,7880
3104,3411,2910,0,2726
3019,1763,3801,5219,4793
3980,5537,0,0,3626
6151,6891,0,6126,3383
3261,2738,3582,3236,2568
5194,3260,4445,4109,3566
5440,3893,3920,4551,5409
3827,5739,0,0,4689
3960,5341,2029,4614,0
4398,0,0,6204,5958
0,0,5798,7908,5792
0,7152,3408,5787,6061
4250,0,5929,5492,4349
5846,5122,0,5600,6019
3432,0,0,5004,1869
4111,5975,3278,4004,0
4250,3382,4833,3120,4295
5487,6639,7361,3849,7153
3155,2705,0,2321,2100
3735,0,2725,2961,4434
3918,2902,3687,0,3773
0,8546,0,5153,0
6874,8598,7858,6981,7261
4682,2692,4297,3226,1312
4335,7225,0,0,2401
4590,6806,5547,3431,5550
4492,5467,4177,4679,5521
5262,4993,5322,0,6148
3861,6679,0,6703,5566
0,0,4644,0,5700
6155,6160,6436,6414,5992
0,2097,4977,3367,2752
0,4886,4206,6884,0
2884,3440,4516,2802,4603
7070,0,7120,7938,7311
2443,1674,2524,1473,1956
4178,4831,5094,4588,4251
6542,6414,6681,0,0
5605,5440,5007,6174,3157
0,0,5808,0,5732
0,3522,3210,3960,0
4566,4928,4012,2170,3951
8410,8321,0,7922,0
5925,4074,3864,6092,0
2660,2931,1911,3403,2843
5966,7135,7295,7129,6589
0,4978,3952,5670,5863
3668,5972,5430,5871,5653
7179,6145,5312,6496,4465
4321,2653,4230,1452,3089
5438,6340,5512,5476,0
0,4865,4105,5892,4976
4395,5162,6714,4707,5394
5972,4307,5384,7024,2419
5453,6164,8248,5572,0
5405,4297,0,4430,2119
4928,2953,3414,4094,2596
4876,0,5046,5811,0
4789,4272,4495,6726,3802
6678,6039,6220,6846,0
0,6812,7245,7195,6788
4296,5964,4950,5497,6429
3716,0,3904,0,3798
2283,3767,0,3225,2523
5065,4200,5187,7168,5942
0,5801,2887,7301,4649
5833,6125,0,5621,5418
4877,0,0,6639,7553
0,5517,4290,7554,4708
6810,7500,5483,6928,5003
6479,0,3464,4030,2537
4150,5008,4685,5142,6930
3917,2186,0,3936,2468
0,0,4054,0,0
0,6368,6383,5620,6361
4292,2089,6438,4117,5825
4320,5742,4954,3057,4844
0,0,3345,6080,1834
5954,7337,4772,5104,0
7279,7905,6667,7169,7503
1879,1248,0,1413,0
0,4606,4202,7629,4889
3713,2546,2653,2689,3164
6321,6026,6924,6162,0
3299,7095,0,5205,0
5098,2278,3837,3873,2114
0,0,7009,5594,6180
3343,3151,5666,2842,0
0,6919,6377,4294,0
3198,6076,5413,3830,0
4577,6234,7266,2143,6138
0,7299,7700,7542,7307
6352,4627,6576,0,0
4363,0,1871,3893,4605
4949,0,5480,6235,0
7986,4685,5941,5959,5166
3060,3955,0,3784,4655
4413,5314,0,5729,0
8095,4961,7134,2786,0
6044,3805,5895,5820,0
5067,7018,7115,5476,7693
3567,3287,3581,2680,0
8244,8409,7036,0,6989
5035,3489,6414,0,5275
3306,4544,0,3831,4178
4887,4227,2722,5980,2301
2544,0,3346,2867,1656
4944,0,0,5036,4649
4346,5634,5384,5642,6227
4169,4593,5418,3077,4713
5956,3045,7599,3646,0
6175,0,6339,5680,4456
5502,4348,6716,5548,5989
3685,4496,3265,5050,2602
3706,5082,0,5230,7295
0,0,3619,2520,7608
6212,6464,0,6713,5488
3715,0,0,3863,2637
5832,0,0,6050,2554
4167,2989,5959,4938,4587
7147,5527,0,6238,6407
4739,3821,3189,3485,3489
5832,7782,0,7272,7936
0,9729,9444,0,9646
0,6899,6394,6935,7901
0,0,0,6561,4748
4142,5354,3784,0,0
0,5403,6229,5289,6128
7037,4963,4824,0,0
3826,0,5079,5503,2160
6753,6295,4938,6166,6584
0,4898,0,5041,3610
4151,0,3118,7619,3591
3652,7162,4798,7751,3856
3621,2789,0,4096,1672
5217,5772,5881,5438,6268
4879,3515,3824,4529,0
7149,6996,0,7551,0
5488,4884,4356,6907,2966
4476,5991,0,5866,4726
0,5979,5194,0,5528
7660,0,8043,7342,6966
6211,5910,7526,4993,5353
3041,2574,5405,4205,4204
6067,6971,5514,0,6848
1531,0,0,1005,1688
6066,3081,5861,4158,5147
6193,5351,6875,4472,5820
6968,5017,5644,6201,6431
5085,4527,5268,0,0
7523,6329,6360,5748,4965
3507,4548,3009,3333,3566
4264,0,5768,5205,3535
4837,6576,4145,5754,4949
3681,3312,4878,3545,5092
6385,6530,6816,5763,0
6030,0,4614,0,4721
3371,0,4443,3434,3312
2909,1219,3730,2214,3317
5347,3428,0,3119,5399
4154,5793,5174,5523,7197
0,5586,0,0,6221
6102,6372,6049,4091,7643
3132,0,3791,0,0
5662,6599,0,5828,8039
0,7058,7479,6071,5863
5711,0,4646,5464,0
0,0,5233,0,0
7972,7137,6518,6881,6340
7403,5254,6849,5468,4665
5345,6404,4518,5415,7366
0,0,3875,3820,5710
5160,6910,1328,6561,3560
4141,6087,5056,3715,0
6326,6700,0,0,6680
7373,6708,6738,0,0
0,1273,2448,0,1823
5497,5709,6210,5166,6293
4418,5445,5267,5307,6284
5703,4817,5728,6397,6428
1579,0,2425,3767,2908
7281,8413,8987,8301,8776
0,0,6390,5909,6635
5862,6797,0,5298,4864
4380,0,4443,6183,5313
7584,2429,6778,0,0
0,7687,3265,0,0
4975,5447,3586,4925,0
7720,5448,0,6298,6183
6097,6314,0,0,6416
5798,5319,0,4721,3030
8159,7688,7823,7711,0
0,6908,7266,6220,7782
2837,2774,5804,2224,3941
6538,6609,5178,5209,6372
4755,5578,0,2123,6111
6420,3464,6479,0,6127
6413,6673,6097,5366,5782
1377,1946,0,1032,1215
6864,0,0,0,6201
0,3394,4389,6092,4041
3893,0,4057,3573,0
0,5854,0,7540,3847
0,5049,6034,6033,5980
8174,0,8115,6808,6217
6266,6379,5847,5698,6502
0,7142,5862,0,7444
4805,6411,5858,4490,4535
5861,6083,3729,0,5211
0,0,3127,5930,4912
5458,6819,4748,6392,5812
4572,9069,6047,6480,7309
6231,4184,6702,6476,3671
5170,0,6435,7046,0
5007,3504,5134,5447,2501
5591,0,4701,6232,5178
0,4685,0,5562,4091
7030,5339,5984,3790,4839
4943,5228,6763,4498,6993
3087,5037,5871,5082,3000
6312,4622,0,0,4582
2664,1787,2160,2248,0
5862,6285,7012,4509,5353
2426,4321,4091,3431,5004
1694,0,1427,2338,0
3740,4191,3559,4374,3007
1873,0,0,2936,2734
5201,0,5402,2343,4788
3225,0,0,3138,3174
6063,6376,3281,0,6480
5828,4278,4726,4169,6017
6380,2996,5114,6293,4961
3933,5710,0,4161,3657
0,6299,7380,5874,7726
0,6064,4157,7089,0
8294,7834,7561,0,7549
4127,3806,3461,2899,4010
6166,6802,5503,4804,5737
0,3111,3030,1858,0
0,5399,4825,7145,5216
5124,5352,6857,7040,5008
4930,2169,4274,4017,4546
7251,8145,6489,0,7183
0,4874,5116,4262,4808
2940,3830,3065,0,0
3141,0,0,8284,2823
3914,5656,3064,0,4768
5966,0,5072,0,5631
6922,0,5398,5113,1944
5493,4613,0,0,4036
6171,6545,5422,0,6375
0,5201,4746,8779,6254
4552,5947,5852,5399,6795
2078,3210,3055,2277,3060
0,5295,5684,4696,6203
5893,3755,5849,3934,4322
8583,7102,4187,4973,4186
3253,3687,2543,3653,0
5845,7033,0,3733,5427
4435,3416,5602,4317,0
6565,6132,7325,7004,8002
0,6225,4768,0,0
5072,4513,4210,0,7346
5277,5074,4055,5121,3947
0,0,2531,1847,2007
0,0,4792,3046,5695
0,0,3175,2743,0
0,3740,6348,6772,4515
0,0,2902,5214,3712
6846,0,5853,0,5689
6977,5645,6629,4905,6639
3414,5734,3095,4896,3555
6383,6193,6526,7008,4934
0,4473,2650,3917,3578
4801,0,4782,2556,6918
0,3387,5320,3340,5818
5181,3242,5957,4134,4636
5508,2062,5658,6886,4668
0,2809,4275,5055,2851
0,3141,0,2946,1710
0,4720,5384,3192,4671
0,0,4760,7253,3483
2898,3181,3369,3106,3894
0,0,0,0,4499
7326,0,0,0,7384
3523,6029,0,5330,0
4200,0,4750,5035,4956
6726,4420,4042,5068,2810
7642,5644,6514,7598,6024
5912,6380,4974,6584,0
7439,4974,4589,5263,3931
6131,6401,6143,7286,6752
0,4411,3134,0,0
6612,0,5385,6537,0
4915,4824,3967,6440,0
4613,4874,4752,0,3151
6069,0,6037,2669,4246
6721,7470,3433,6796,5241
2114,2101,2215,0,2450
4703,4031,4837,4111,4841
6721,5859,4673,8121,1188
3753,7645,4588,5758,5163
0,4384,5349,4408,0
5387,0,4224,4561,5101
0,2377,4811,2082,4858
7488,0,0,8054,5386
3932,1304,4106,4638,2988
5385,7342,7869,5384,0
2254,0,4203,4098,4639
0,3052,5175,6463,1582
5973,4463,5984,5364,5970
4626,5603,0,7009,7301
4556,5569,4525,4440,5446
5248,3711,6195,4240,5109
5512,4079,6199,5906,6844
5090,5435,7335,6178,6425
6524,6805,0,6373,7319
5719,6384,4617,5032,5418
2829,2566,3887,3242,3214
6300,3651,4209,3201,2003
0,7458,0,0,5562
6717,7244,7398,5478,0
0,2666,0,1955,986
6817,0,4823,7067,4534
6133,0,3334,6156,2658
6457,0,6373,5338,5779
2755,3533,2548,1523,4183
5376,5988,2094,5648,2416
5211,5500,3212,7204,5310
6123,0,7329,0,7759
4521,0,3522,4632,2588
3986,5608,4875,0,6140
0,0,2676,2286,2459
6471,0,5431,0,0
6463,6129,5182,5978,4952
2973,3482,0,3957,5197
3155,3724,4676,3511,5408
7518,6300,5495,0,4220
2687,2894,2906,0,3672
0,5834,5741,6102,5915
6504,5127,3960,0,0
4429,3327,5061,0,4834
5964,0,6464,6991,0
7151,5195,3628,8023,0
4326,4364,0,5299,6053
7238,7261,0,8099,0
3323,0,3227,2326,2445
4396,2737,3796,4041,4173
0,4174,6037,3953,5497
6046,3494,4202,3697,4611
5843,4518,4270,5217,5065
3776,0,0,0,0
3321,4891,0,2152,3861
3036,2127,4739,2834,5568
6712,0,5809,7162,5196
0,4372,3233,3564,0
3728,3517,5156,4318,6082
5076,7822,6908,0,6584
5128,5973,5501,3251,0
5309,7239,7445,0,7254
0,3842,4108,5135,0
6084,5797,6546,7073,7896
6172,5864,5696,6030,6209
5750,6598,7399,4813,7641
0,2215,0,0,0
4152,0,5459,5964,6937
6351,5403,6258,5576,4158
4626,4289,0,4033,5586
3427,5837,2870,3331,3985
0,3974,5357,4328,4821
6261,4685,5769,5593,4397
6095,6120,4979,6990,7851
0,6133,4012,2523,3188
4577,4210,4979,0,3548
2784,4534,6991,2857,7708
2655,9188,4349,5210,5157
3848,3576,2029,0,0
0,8519,7897,6968,8355
2478,0,0,0,3408
0,3405,0,3237,0
0,5469,4930,2215,4697
3790,1481,0,1494,1474
0,4692,5476,3985,6165
7672,0,8050,6854,7795
4490,5961,6864,7146,0
0,5701,5864,6392,6622
5489,3746,0,3527,4463
4901,5005,0,0,0
5733,0,4887,0,5103
0,0,4298,7812,3913
4571,3684,0,5082,0
5036,5244,5178,0,0
8250,7564,6861,7943,6739
8259,7519,8116,6853,0
4468,0,0,3855,4189
5120,0,4473,3979,0
4564,0,5060,3842,0
6837,7321,6915,5839,7346
5797,3507,0,4534,0
4358,0,1814,3389,0
0,4565,3293,4882,2469
5421,5633,4956,6898,5020
5486,5769,0,0,4950
0,0,0,6631,7560
3709,0,2902,4709,0
4956,0,4070,0,6261
6511,6444,5870,7496,6527
2805,4419,2571,0,3710
5099,2348,2855,4541,0
0,0,6384,6499,7248
7420,4971,4355,5794,0
3726,0,3747,4667,4601
0,5373,6283,0,0
4822,4595,5876,5150,3437
4717,6130,0,3863,6126
0,4183,3190,3981,5439
8089,0,8325,7486,0
0,7508,5690,6081,7441
0,1808,1257,2483,1219
0,5578,6467,0,6089
4738,0,0,6107,3569
5621,3990,0,5048,3243
5198,3979,0,4739,0
0,7030,0,0,0
3505,5535,4290,3933,4725
4344,5220,5664,0,0
3303,5234,5399,3781,4421
4926,4890,4399,2105,6974
0,5013,6305,4238,4322
6304,4495,6900,4649,0
4038,4663,4125,6892,0
2305,3621,3089,3769,4360
3736,6231,5969,0,5800
2416,0,2034,3634,3213
0,2750,2604,2307,3376
0,0,7870,4581,2780
3563,4388,1896,3520,3052
2427,3116,3196,2464,3477
4946,2978,6409,0,3986
6939,7271,6877,7185,0
4266,6291,5867,6275,0
6395,7219,0,0,8536
4495,0,5204,0,7065
4459,3608,0,0,4687
3915,4928,3181,5222,2745
0,5883,0,6464,3380
5801,5972,5384,0,5824
6393,0,7278,6666,6225
5390,3715,0,2066,0
5366,3931,0,0,2823
5562,6582,2811,0,5593
8105,6332,6831,8449,6063
4799,3430,6466,3174,0
5071,3398,3230,0,6093
3635,7862,5888,5197,0
6842,5331,5073,5281,5653
4256,1216,4516,2249,2537
0,3543,6554,4359,0
2309,7145,0,6788,6549
4503,0,8220,4441,0
3957,7204,4147,4779,0
5289,4589,0,5410,0
0,0,4265,5396,4622
4290,4623,0,5205,0
5664,3967,4173,4501,2205
2600,2020,0,1499,3114
4587,4393,5041,4711,5271
4618,4204,0,6185,6712
1633,1962,1919,0,2041
6593,7449,7025,0,7408
6984,5349,5351,5262,7134
6979,5563,5779,5038,5140
0,2869,3282,3591,0
0,0,5045,5881,3905
5741,2826,0,2462,3817
6622,5632,5594,0,4321
0,2624,2581,2369,2721
6993,3756,7062,0,4204
6840,6107,5735,6794,5281
7239,6739,0,7273,0
5044,3124,3885,3669,4671
5481,5409,6980,5931,5189
5412,6447,4846,7351,5075
3021,2901,0,4182,0
0,5392,3047,4562,6149
5255,0,5608,6402,4879
0,5588,5617,4464,6507
6958,0,5229,3804,4307
5501,5877,5354,0,6036
2999,3402,0,0,4041
4195,4346,5302,5591,0
4287,2748,4298,3293,5217
5766,5712,0,6092,6757
6044,6287,4935,4951,6179
2904,3008,2949,3117,1943
4844,6584,6947,0,0
8161,7036,0,0,7487
0,3493,2325,3790,4479
7000,6151,5881,6356,6600
7038,7486,7443,0,0
0,4136,3012,3998,2960
3021,2017,0,3513,0
5289,0,6287,5387,5575
0,0,3482,3666,0
7444,4206,4977,0,4423
2893,5204,2864,5362,6031
3389,0,4228,2994,6692
3793,0,3847,3540,3343
3899,0,2993,0,3011
3867,5368,6727,4599,6476
0,2555,4298,4020,2761
6308,3104,6418,5725,4880
2193,5169,5835,7041,5813
3613,5204,3636,4242,0
0,5226,3916,4524,5691
3570,4931,2874,4667,3311
5737,6514,6105,6345,6441
4745,5008,5908,4031,5072
5434,0,4118,4221,6288
0,6804,3582,0,0
3906,4122,3217,0,2526
0,2444,1811,2399,1398
6322,5600,0,5484,6362
0,6858,7666,5765,7617
6984,0,7070,7155,5676
4287,2540,4495,3938,1899
0,6801,0,4895,4068
2650,2344,3276,2299,2367
2021,0,2748,1290,2459
6442,6605,0,7655,6355
3108,2606,2781,0,3212
0,0,6632,6624,6315
2984,3646,3949,4772,4287
7897,6638,7914,7159,8007
7251,7011,0,7071,7738
4469,6621,5916,0,6255
0,4875,0,7751,5272
5955,4480,5479,5144,5662
6724,5131,4692,5816,5072
5357,0,5197,0,0
5511,5979,3813,5503,6948
4254,2746,6797,3013,0
6424,8438,0,5494,5345
1212,5534,3247,3026,4994
0,6757,4864,4674,6878
5311,0,6905,0,4101
5709,4175,7865,0,5525
2867,0,0,2049,4006
0,3986,7001,4721,4407
6716,3580,5825,4512,0
2936,0,3167,4575,3788
7171,7948,8024,0,7434
3045,4820,0,3647,4093
4633,4228,3087,0,3674
6183,6714,7368,6951,6771
5921,4049,4659,2696,5166
0,0,5863,6968,5069
2881,0,0,5650,7622
5632,6310,7270,5391,6138
5975,0,4998,0,5032
5795,5671,0,4015,6061
2868,0,2534,1841,0
6431,6907,6415,5029,6523
5612,3803,5959,2711,5775
6372,0,0,0,4215
6708,6475,5962,6014,0
4579,5948,302,4460,5924
6652,8315,0,6454,0
1858,4382,2580,2733,4056
7840,7290,6976,7373,8123
6485,6895,5589,8894,6708
3279,5012,4385,4737,5909
0,4974,4633,5445,0
0,7134,7847,8044,6921
5063,4131,0,3667,0
0,3363,0,2960,4237
7050,6873,0,6444,8652
6143,5220,5868,0,0
4122,5224,2817,5132,2510
3782,4038,2251,6020,4673
2083,4668,0,0,3884
6536,4805,0,5046,4305
0,5877,4507,0,5248
0,8391,6277,5430,4838
5392,0,6636,6148,6239
0,6540,0,5770,0
3807,3013,0,4388,4322
3318,5427,0,0,3438
5952,7443,6541,0,8377
7625,6919,6605,7176,5534
0,2990,4663,0,3223
6337,6578,5119,5280,6609
0,6445,5688,6147,0
6579,1708,0,3238,4677
5112,3923,8119,4880,4257
4665,5674,4312,4751,5228
3464,2266,2982,3067,4125
0,7174,6366,0,6398
3940,3303,4098,0,2506
1325,3057,0,2420,3731
5768,6786,7548,5090,0
6095,4361,6247,0,6202
3403,3541,4341,0,3242
6601,5914,7190,6268,5546
2429,5374,5046,3075,5621
4313,3624,6203,3580,4578
7331,5818,6279,0,4669
4693,2690,4069,0,2818
0,5754,5563,5304,5337
0,7395,7846,6883,8941
6687,5346,8146,0,6288
0,0,5367,5829,5649
2834,4074,7179,0,6809
4530,0,4395,4214,1910
6674,3004,7072,0,0
4776,3618,6037,5755,0
4806,4071,3496,4453,0
7416,6293,0,0,6303
7550,0,0,8067,4648
0,5193,5136,4269,5495
6805,0,6757,5768,6370
4687,3039,5429,4145,6444
6879,0,6291,5822,8162
5277,5850,5037,0,5800
5164,0,6372,5020,0
7746,0,5621,6070,6630
7940,8979,0,8071,7868
0,5812,4129,5822,5960
4237,2840,3465,5136,2378
6246,4644,5516,4408,5361
0,5964,8281,4329,8036
6076,2676,4237,3521,0
4893,6595,6991,0,4840
6034,3213,5519,0,5408
4813,4485,3903,5307,5376
7892,0,7895,5223,6041
3725,0,3556,3958,3333
1946,0,0,0,3992
5095,6149,0,6467,4666
2588,3860,3617,3761,2708
6099,0,9399,0,5215
5157,0,4551,6899,0
4213,3917,0,4145,4951
4749,6099,2418,6504,4009
7695,6815,6009,8226,5084
0,5939,2345,6534,3320
0,6761,3617,0,4878
4677,5067,5708,2885,6704
4168,4649,3037,4461,5896
5309,4698,5182,5407,6491
2913,6867,4197,5500,6676
4191,4881,5702,4551,6924
3768,4820,4037,5173,6089
3488,4162,3302,6266,3500
4904,4623,4929,4997,4103
3647,5259,4141,6642,0
0,6288,5787,7288,6430
6809,7522,4621,8719,4604
0,0,4469,3522,4229
2648,3054,2728,3109,2538
0,6188,3972,4432,4643
0,7440,6131,4838,7153
5277,0,3945,5621,4885
4233,0,5807,4896,4915
6827,0,0,0,4630
5548,580,5982,4692,2388
3353,4871,4099,0,0
2245,5436,0,5470,5056
4292,5418,4423,6079,5843
4146,5883,3067,0,3815
0,4793,5323,5058,7875
0,0,3802,6241,0
3762,0,6424,4094,0
4258,3497,5406,5873,6710
0,5998,7442,4419,7388
6630,5417,5261,6317,0
0,7526,8094,6579,8223
3740,5055,4388,0,5609
7581,3702,0,6043,3759
2151,3593,4920,5032,5845
4696,0,6347,3307,5995
0,3902,7525,0,6250
6816,4534,0,8730,4788
0,4777,0,4830,0
3037,2980,4567,3878,5158
7684,7908,7719,6304,6962
0,0,1152,5910,3393
5500,0,0,2532,7207
0,5248,3601,0,3810
4586,2814,2535,2517,3166
4239,7199,0,3870,4471
3584,3337,1714,2804,3614
0,5501,0,0,0
0,0,3855,0,3498
0,0,3641,5222,4293
3165,3767,3453,2473,3215
6241,6245,8466,0,0
7195,5132,2626,6043,3707
0,6277,7706,0,6345
3073,5267,3967,4266,3110
7883,4866,5325,3813,4858
6457,7577,5940,7277,6100
7120,5094,6236,8003,7603
6645,5911,6942,0,0
4564,8015,0,7221,0
0,4234,5263,4833,0
5426,6565,0,4753,6913
5952,0,7192,4085,5191
6320,6147,4308,6178,7025
0,4500,4846,4325,4159
0,3189,4439,2873,4371
0,5850,4994,0,0
2245,5751,4296,0,0
6029,4382,4452,5479,0
6796,3544,7745,6159,0
3373,5265,0,6353,5127
4778,4706,5383,0,4779
5350,5585,4422,6226,5407
7370,6024,0,6206,6968
0,4751,3004,7098,0
8121,0,7702,8694,8025
0,5526,4152,5910,4669
3512,3427,5629,3603,5475
4333,5046,3676,4386,2725
2123,1615,2464,1738,0
0,5219,6019,5654,2665
4988,3001,5205,2851,4119
3950,0,3059,3435,4930
6073,4625,4980,3568,5100
7027,0,4645,4627,0
3423,1969,3099,0,2025
0,0,3554,3687,4438
0,5090,6921,4835,4359
2422,4552,4312,3296,0
