11000 2
3548,2191
2298,759
1272,617
756,184
1982,769
1689,884
2918,2009
0,876
986,493
3124,1520
1777,714
1818,713
0,551
0,1150
1862,500
1812,548
717,438
0,1351
1715,717
2207,634
3100,1775
2258,845
693,229
2942,1668
1786,733
1642,565
913,388
1075,303
436,199
499,146
3352,1518
989,247
2521,0
2477,949
167,78
2699,1282
930,281
697,206
0,799
2059,0
649,278
3338,0
265,106
1674,559
326,101
373,157
1423,508
1103,296
315,90
1007,207
549,132
163,110
1822,899
3091,1716
2761,999
223,0
229,106
3602,0
571,0
2889,1239
2588,1651
1119,347
933,287
398,129
2050,913
1051,426
2287,1130
1718,495
1448,0
1876,723
1304,449
1592,559
573,141
0,400
701,0
340,0
361,0
3107,1119
3047,1822
980,447
0,216
0,1785
112,48
2903,2107
1782,863
174,17
812,0
1910,730
2056,511
516,311
1754,750
1251,496
1555,680
2498,1250
2922,1652
281,106
1748,943
556,239
1178,589
0,593
1229,684
2339,1134
0,611
2632,747
500,210
1361,684
170,62
421,124
48,9
2477,0
540,186
0,164
2003,1322
2599,944
2860,1018
0,1211
878,246
2745,0
2670,0
1019,424
2463,807
3227,1961
1489,765
499,128
1727,328
2832,1389
2863,1142
2549,1381
2661,1583
2958,1437
1405,433
1356,425
790,299
2519,728
400,0
1708,668
967,0
1165,0
2853,1684
0,1213
617,173
2513,1269
1130,444
536,0
728,256
606,162
449,0
1450,629
2747,1949
1376,299
121,30
342,167
2011,1093
3244,2170
719,226
2837,810
0,122
2239,1021
1776,769
3235,0
2521,1048
2205,865
465,156
252,85
1400,677
0,427
57,27
1175,0
0,133
0,1048
1991,685
415,87
307,56
276,162
2669,0
1986,815
1888,826
1378,322
1270,284
3046,1686
528,98
1690,600
2869,1681
2427,0
2691,882
157,69
0,1329
2859,1563
3031,1593
401,170
1964,766
1078,321
1077,426
1859,614
2289,1442
756,274
445,165
175,75
270,90
0,79
2183,646
1469,604
1962,0
0,503
1766,676
3204,1675
1183,533
1393,722
2668,1630
0,860
2089,588
2283,759
702,283
0,1573
897,325
618,297
3465,1887
2529,1525
2148,742
2131,902
380,0
568,96
802,182
2285,841
939,243
1731,887
2171,863
1439,364
291,143
1667,501
1159,340
508,161
2086,778
797,285
121,0
232,112
754,151
1801,808
3378,0
0,1823
1783,648
353,125
1430,523
2456,471
177,56
2401,1342
431,217
792,202
2853,1700
2147,0
1372,571
139,64
395,168
1853,709
101,18
753,0
2177,634
1995,883
889,319
2814,1633
1066,282
1141,539
0,1455
2278,0
1898,806
0,48
432,124
1269,370
2688,1058
1163,468
1030,435
2589,943
0,803
2563,941
2519,0
1755,411
483,152
1016,507
2191,1138
339,119
2787,1015
103,45
754,424
0,629
1059,418
2592,1680
1574,347
2577,953
2636,1302
0,283
519,0
2129,851
447,0
1668,721
2389,652
2756,632
1472,675
2904,672
2419,1124
2843,1508
2570,1382
2590,1050
1125,482
0,366
274,116
1070,0
3122,0
1153,448
0,602
1579,444
905,269
674,175
949,246
1347,0
1338,258
214,99
247,100
3220,1502
3162,1778
1161,420
2515,1164
1040,0
1945,1129
1131,627
526,148
425,276
1259,377
1686,607
1516,794
271,85
223,86
3379,2275
2656,1519
704,174
2388,1119
614,227
126,0
3184,1935
853,285
1376,359
262,70
68,21
1503,555
3122,0
1704,600
1733,0
76,19
1586,543
163,0
2045,648
0,177
584,172
0,914
2913,940
1646,700
1468,633
2516,1757
1758,592
454,72
1203,558
2647,1283
1816,409
1282,658
2992,1549
1731,0
2952,0
2741,1298
1589,600
2835,1000
1850,491
2995,1600
3101,1479
0,274
2735,1571
866,300
408,174
411,160
1207,502
1364,0
2351,1660
0,521
0,36
2066,757
489,139
1850,744
0,92
259,92
2198,0
1838,726
918,272
1480,689
540,269
324,152
216,117
2332,764
866,335
1644,688
2646,1459
2139,0
793,164
651,273
1145,431
737,0
2598,1289
1411,485
1360,475
0,126
2975,1585
2892,1549
2747,0
351,192
1891,800
2558,1375
364,81
1461,480
1346,677
1549,0
0,752
1485,647
2390,1239
1762,665
93,20
584,115
967,341
882,0
0,1032
3083,1035
333,123
2363,1366
853,250
1421,309
2823,1448
2373,1604
1909,847
3328,2427
1019,422
2946,1769
2610,1172
313,137
174,73
139,64
0,410
1105,720
1589,531
3039,1129
2267,1043
2889,1574
2407,730
311,139
2995,1722
2030,823
650,307
918,202
136,38
782,164
2353,947
2557,1363
1482,669
687,240
2525,937
2401,0
0,564
790,278
1943,653
709,188
2055,919
1327,603
1961,0
2913,1443
2435,0
185,71
0,487
2662,866
1224,313
2338,1101
0,1218
0,1641
3167,1787
2274,1037
1898,0
0,408
0,507
2382,798
0,77
1393,346
260,0
2912,1465
1091,619
1870,747
2026,818
1340,603
1280,370
2512,0
2776,0
1083,532
2968,1267
995,213
2960,1679
3257,1552
0,1505
0,1461
0,903
0,1039
870,292
856,437
214,73
533,184
2795,1416
99,0
0,170
3016,2152
0,439
2278,1296
1710,561
2482,1139
164,0
0,697
969,241
0,589
1760,411
795,332
1114,614
1354,476
989,510
1224,285
2904,1723
2442,687
0,250
911,0
2639,825
162,85
1516,678
1070,302
3021,0
1083,0
1027,288
2410,1179
2017,936
1487,647
891,365
596,282
2098,1236
1405,441
612,267
2095,681
608,347
1803,0
743,236
1438,727
207,95
606,309
2643,1091
1112,486
237,0
875,390
49,21
864,157
2408,496
2487,0
2842,1578
2378,1055
0,626
2369,662
2037,1062
138,63
1888,818
1634,530
2501,0
126,39
2816,1564
552,159
1451,634
1094,400
342,104
165,81
684,310
700,239
856,361
1772,689
2267,868
1626,617
2688,1790
359,154
1219,0
0,310
949,321
61,14
2539,1005
0,597
1165,463
2687,1323
2253,1268
174,84
2598,843
215,98
383,0
456,240
1913,0
630,207
1283,397
1665,744
2877,1527
0,634
643,287
996,0
1928,746
918,450
1645,425
0,935
289,157
2913,1395
1481,1006
1021,513
1363,446
1568,518
0,489
2302,879
2453,1176
2224,1119
345,152
28,21
0,968
2507,1765
1033,255
1059,565
1667,749
0,467
597,0
2847,1400
1386,537
2419,1238
1239,435
877,360
2709,1042
1505,524
0,65
2936,1705
3117,2075
480,174
0,325
0,852
0,384
2595,869
1165,502
2446,1616
562,177
765,326
1849,836
552,224
0,171
228,131
450,131
2531,911
2500,1083
3041,2273
869,365
2369,1050
2798,1861
2031,0
2002,589
2029,771
2769,1690
1492,644
270,116
1222,528
2158,663
230,146
93,60
137,86
254,43
0,507
2068,820
1262,485
1958,791
1586,748
2656,1533
0,477
2764,1464
955,397
937,381
49,35
0,583
1949,853
516,201
0,64
1384,697
0,1280
1391,0
2117,717
111,49
333,105
533,166
2018,631
289,0
2777,0
1328,656
1449,806
1594,773
176,0
0,848
0,800
2109,1158
0,403
0,781
1977,894
2104,955
2601,1116
356,209
1959,582
2256,0
789,287
675,312
3094,1698
1685,759
2005,1071
551,231
1051,404
526,269
1680,835
1548,301
1751,665
545,228
241,112
3001,2125
997,268
587,359
2860,640
1535,599
1425,444
2398,737
438,180
678,229
171,83
170,0
0,514
2627,0
152,59
0,652
1276,539
2743,1248
768,153
2600,0
368,109
0,1238
1552,0
2579,1343
867,224
556,124
1930,0
2481,1495
549,193
2717,1509
1403,616
986,293
1421,612
158,63
24,8
1317,493
1914,1082
0,920
1085,496
409,174
1623,293
449,155
936,372
2775,1258
1646,686
269,120
1377,566
3024,0
1979,745
1735,871
571,285
285,74
2518,743
2256,1088
1878,1156
227,56
1149,463
363,102
0,303
0,396
1876,1118
1481,666
130,54
1236,491
0,759
1525,653
1370,416
988,467
2186,1011
2556,980
1653,636
1032,0
621,250
0,509
2906,1230
2770,1553
3215,1435
453,196
154,84
2037,748
2933,1697
948,609
1985,1088
334,82
2188,874
493,204
220,0
0,589
606,204
274,106
88,34
0,863
2203,1623
0,53
102,45
576,183
0,1262
723,370
1213,338
1327,372
1552,790
2429,1528
955,295
2582,861
1945,612
887,271
0,472
2091,637
890,415
85,43
805,372
2857,2232
2327,693
0,441
1017,345
2553,1304
1382,583
2121,1253
1853,432
2163,0
2797,1322
2325,949
343,163
3246,1598
1765,920
2099,620
2530,797
1966,0
1220,0
2884,1361
2741,1285
2283,1123
854,123
2851,1746
654,153
0,973
1299,523
1875,828
2411,703
2765,1557
2870,1484
0,695
2440,1088
1636,434
2476,873
66,26
0,561
171,50
0,833
2869,1672
1169,0
1759,1066
626,0
868,306
926,345
2311,1542
57,24
0,182
112,30
566,179
2933,1017
2119,0
851,269
1802,735
3182,2097
1020,303
293,0
694,236
1683,676
940,469
873,0
1277,475
2416,1178
1819,757
110,16
2557,1414
2369,1354
2900,1949
0,364
2778,1210
0,671
406,227
53,15
353,0
216,83
0,198
260,88
1773,646
0,832
438,191
1969,1025
2479,1266
0,271
0,88
626,0
107,36
2813,1234
2686,0
1929,723
839,390
1163,0
2268,692
547,153
463,127
1598,775
3638,0
0,816
1277,0
598,196
679,258
0,1060
911,312
2520,0
0,224
243,74
400,150
109,25
1538,0
2473,1064
1080,504
1393,560
1322,571
2319,1219
698,0
2760,0
590,224
2170,958
2238,876
1323,517
0,340
584,177
1551,606
277,0
1274,485
0,846
1996,1009
2940,1612
0,2021
378,121
660,280
3019,1436
2522,1173
663,351
1859,822
1222,452
3025,0
849,495
1820,667
2644,607
1419,301
2496,733
0,440
1929,0
1264,362
1617,0
751,288
866,376
561,229
38,19
523,210
1584,530
809,250
611,209
2910,1144
2961,1435
2481,2014
1641,681
0,921
2002,530
2572,1431
1249,725
434,211
815,514
1550,756
1282,973
1079,376
86,30
2751,1594
1466,642
3157,1903
1219,422
2364,1369
224,63
1662,0
247,50
499,79
1552,639
2528,1191
476,163
131,53
329,102
796,309
2566,0
1508,321
126,54
2132,1006
2538,1002
413,0
2839,1778
1583,608
2201,840
245,96
1297,623
1611,308
310,57
1961,1075
1265,388
1064,533
1757,581
97,28
927,435
0,640
1264,480
734,0
530,189
2714,1394
1149,533
3207,1497
332,0
948,264
659,195
2409,685
2850,1102
2390,752
1595,917
795,297
532,175
2517,1127
760,275
1775,1040
298,78
233,59
2971,1444
2437,1868
1487,497
108,56
2215,892
0,118
1486,589
1828,0
2546,1366
282,0
269,113
1264,334
2696,1299
2737,1248
2629,1215
1540,528
2954,2244
1110,653
0,286
2121,0
465,218
0,2365
0,584
1347,570
1171,583
1602,377
1641,571
431,179
265,104
809,232
1856,1009
0,843
205,76
2205,852
2361,1421
1338,816
1213,395
2081,754
81,0
113,59
91,49
1686,768
1086,214
2742,1380
1070,374
1417,727
794,240
2717,1270
2058,517
1157,414
2386,0
2779,1972
0,650
2304,965
2171,725
2260,1015
1521,709
0,1253
2095,1131
1119,556
976,575
0,45
1604,961
2627,0
575,253
1030,331
1835,1253
1779,755
1346,534
398,114
496,111
0,111
2498,1319
3095,1324
2462,1406
3390,0
403,0
1594,0
637,411
1242,609
1392,0
1693,610
640,219
1053,391
1269,691
1979,1058
0,786
545,272
1393,787
2941,1660
0,523
1828,0
3145,1404
323,161
2411,1304
153,80
0,507
649,202
1917,568
759,357
736,355
2259,895
1763,818
849,370
914,448
105,46
2537,1456
0,1039
756,417
1219,386
1900,683
479,264
263,132
216,132
1737,544
2617,947
2158,1023
279,92
1703,795
2171,1266
1957,456
979,424
452,202
643,281
334,182
309,0
0,156
2288,1172
1479,527
0,56
131,58
0,300
571,0
0,612
732,221
0,153
2753,1338
2144,1074
2641,1408
0,1056
2406,0
1998,538
586,172
578,172
1753,553
1381,375
2764,927
161,0
1139,502
2027,678
2498,1338
2641,1941
2338,947
1455,589
883,358
2022,771
0,911
273,122
1195,746
1299,670
2451,1643
2575,1561
1658,677
3143,0
1222,362
0,1131
560,86
180,38
0,1277
287,64
1816,866
235,180
1891,698
1389,492
502,206
869,244
0,739
2955,1745
2392,1004
125,56
0,903
522,203
1555,0
2027,688
1589,700
1016,194
2815,1286
361,108
2328,754
272,95
2499,626
194,63
1595,909
1838,929
0,16
0,913
1994,914
134,0
117,32
1366,233
850,326
0,202
380,124
2394,869
254,75
1535,444
1142,427
160,0
900,468
1457,783
268,83
0,76
2912,1300
776,316
1830,545
1782,567
0,1559
1331,0
1036,0
1841,564
0,1287
722,0
502,162
915,0
1526,806
875,512
381,157
1246,486
431,175
2115,816
580,155
2122,1055
404,177
1718,878
1474,441
869,385
2934,2585
0,55
1568,855
1254,470
800,441
459,162
1812,520
1581,538
1397,474
1600,420
1135,523
1853,761
1544,736
1403,406
1061,473
2092,479
708,198
1209,528
413,199
0,329
1189,585
923,219
2938,1951
194,65
2622,1465
0,768
2533,915
2795,1387
2686,1671
1535,607
2125,1053
0,588
1448,660
278,127
1170,533
2657,1087
1839,702
1466,569
1233,0
2798,1565
212,82
419,176
2052,673
1910,0
2945,1549
711,190
100,29
2412,743
1164,382
1510,614
1136,453
374,161
0,1210
1392,0
739,0
1167,292
803,225
2763,1010
1884,923
1176,588
708,335
0,234
526,183
277,0
964,589
442,299
2744,1350
1298,672
0,1222
1528,593
1012,422
2208,1072
784,369
1071,463
1565,582
2204,955
1543,937
1557,654
1549,629
1467,599
633,378
2676,1520
2857,1553
2046,1042
2510,1634
3226,1446
189,40
2111,792
0,1250
2849,1203
2193,763
980,319
628,180
373,109
0,881
0,554
541,327
2349,731
1494,0
0,490
298,142
2304,991
1966,874
988,347
3060,1254
486,0
1918,942
2670,1255
2286,932
2123,731
1331,747
1303,350
2243,0
1636,1056
228,87
332,0
777,391
0,1175
2293,1365
1595,315
2123,893
135,74
1988,819
1552,792
496,259
1051,299
2673,0
442,198
446,146
225,85
2754,0
3029,1660
0,55
2670,1005
2973,794
2422,0
0,326
337,194
1243,270
0,440
1124,391
2665,1792
2052,0
553,126
328,0
0,503
2381,1033
3111,1644
2969,1816
2582,1714
556,266
1374,845
59,0
2623,0
1286,0
59,14
2976,2095
2054,1115
2820,1106
607,102
2539,0
2375,1061
1560,1062
313,105
0,924
3239,1741
2593,1747
0,406
1867,657
2595,802
0,217
0,642
548,217
904,425
2215,1290
2001,713
2479,1202
1986,1206
580,182
2384,1092
363,102
1095,297
580,0
2615,1230
0,1547
672,301
2925,1646
1635,327
2562,882
395,94
1845,931
661,334
329,148
1980,904
0,672
2625,763
1420,489
1960,857
0,626
1084,595
545,230
3417,2452
2536,1094
817,374
2182,1402
2088,1065
964,314
980,359
253,53
1356,472
1581,504
67,15
451,247
1609,777
458,71
2375,1266
1320,550
925,206
3093,1929
279,96
2723,728
996,222
2287,1153
2370,1565
248,60
636,192
476,179
1638,0
252,0
123,57
129,52
2765,2221
2832,0
1506,672
1579,737
1077,422
2710,1179
2616,0
1930,502
0,1671
1934,641
1584,595
1259,396
111,51
461,0
714,0
434,218
0,1439
1631,377
1411,352
1689,562
1738,375
624,120
1114,255
2154,781
1599,572
2289,1161
490,55
159,0
0,32
2434,1073
1892,0
542,174
2641,1749
1108,553
2615,1486
930,457
2324,919
1371,798
2118,0
372,202
2311,1053
2046,1096
2639,584
1574,615
950,524
239,87
207,68
666,238
199,117
0,567
0,308
2161,1088
353,118
2914,1771
0,1208
2385,1436
1065,335
0,30
1934,0
0,567
2670,1122
2460,791
475,148
1086,390
1753,961
1686,642
1829,341
1750,0
1919,555
2162,999
1682,638
1666,635
696,249
3245,2222
2266,977
2730,1234
815,443
321,165
168,72
680,205
0,903
1645,818
1032,293
1514,560
3194,2012
1327,776
1815,568
2417,1122
1578,604
0,497
2014,1266
2809,0
149,59
2911,1688
1109,415
493,165
2962,1350
2473,870
2408,1012
1843,835
2298,1552
2701,1354
1472,453
431,140
2808,777
2577,0
153,55
0,1217
148,37
597,0
3175,1293
1569,740
1822,1229
3088,1543
1592,643
2016,1003
1932,970
2116,860
1044,278
726,219
2128,1108
2865,1292
186,88
484,0
1423,444
586,235
527,167
519,165
450,93
2920,1530
2055,1326
2578,785
2378,1279
2199,1194
1803,958
2317,1184
2312,810
504,188
2820,1549
2620,1967
2790,1345
1768,968
2549,0
2032,0
123,84
0,300
0,588
93,34
1172,234
821,206
0,831
1812,800
307,0
0,681
1708,423
2902,1535
208,61
165,39
688,194
782,0
1083,326
271,188
2238,798
3028,0
540,199
1058,261
1976,0
0,1560
1976,885
112,42
1145,349
1771,799
949,380
945,0
2677,1818
1468,955
564,0
2167,0
1468,659
180,66
1288,593
1700,767
1037,458
979,380
1229,832
2467,940
0,524
1979,1091
546,226
937,325
0,53
1616,625
966,170
2319,1357
1724,913
924,511
2035,0
2750,1276
1785,922
0,470
30,5
2529,797
1926,895
0,688
444,207
1296,455
2627,1289
1035,442
923,302
2060,1037
2498,881
1609,790
2090,899
0,391
2197,907
1818,682
118,37
1392,595
552,235
840,360
203,0
1132,505
174,52
3222,2457
2614,993
575,206
2664,1396
1182,794
607,150
221,73
0,172
2040,0
146,72
1315,520
1056,272
291,150
0,735
3015,2082
2789,1974
202,0
1591,435
1952,713
0,1789
0,421
858,230
2796,1517
833,376
740,335
2822,1202
2914,1200
0,1582
1892,1030
845,219
1974,472
0,142
0,464
787,390
0,456
3032,1318
2086,1009
1721,471
269,85
1696,0
723,145
243,55
480,90
194,57
2257,0
1372,527
1839,843
2409,806
2472,1852
478,0
412,0
0,25
1979,747
2937,0
2314,1211
1578,225
720,300
1900,990
617,0
104,27
1191,517
2181,1095
2446,641
2040,779
802,375
746,268
251,79
248,81
0,639
183,97
1036,434
1694,918
2861,1833
2609,967
0,998
550,221
549,143
237,49
821,371
20,6
1829,718
894,334
935,384
493,142
617,250
1134,321
1986,996
2150,0
2252,0
95,57
0,287
1139,493
2211,1514
1940,666
2671,1263
150,44
1516,554
2845,0
2664,976
3398,2520
2590,1151
335,95
349,134
0,191
2332,1117
237,67
1963,875
1792,0
0,1726
973,530
2090,1196
1235,541
868,216
523,123
2980,1581
2294,741
70,45
1204,655
1186,529
575,262
1322,0
1085,337
3024,1440
2018,909
1951,918
2534,1590
899,280
2756,1552
1037,289
1183,556
0,540
369,145
1131,295
483,74
145,21
338,53
1186,454
2175,0
1229,769
2745,1414
651,323
257,144
501,187
0,488
2217,1134
2214,1183
0,486
0,1204
3049,1611
2213,528
1446,634
596,214
2033,821
316,116
0,1508
2433,1225
3129,1642
115,0
492,175
1909,1274
3077,1772
1996,661
452,144
1207,349
2626,1732
1075,375
1861,456
1965,0
418,100
0,506
1638,591
451,0
2214,996
266,54
1013,504
1805,0
0,314
2274,765
2876,1875
0,1674
1073,357
1521,831
493,132
930,454
238,92
692,362
2331,1304
145,83
2186,1221
1188,548
70,33
2447,1135
2048,791
1202,480
1274,403
0,695
1765,996
50,0
1715,976
2840,1401
304,123
277,118
558,0
2982,1867
2349,1326
532,184
680,338
563,240
0,597
466,219
1048,399
305,123
2055,812
0,194
1436,391
2331,981
883,333
2988,1907
1716,849
2665,1391
2465,990
1575,0
1416,369
2625,1080
0,375
551,163
782,212
333,90
2148,639
2099,775
2496,1146
1014,324
148,0
2531,1660
0,249
2081,1151
0,560
1465,685
2491,1521
224,28
0,728
1206,932
2690,0
49,18
1619,613
0,761
1266,542
0,325
975,248
369,81
2988,2326
2421,1542
695,263
699,261
1610,524
1447,477
2638,1743
0,434
1938,1309
2830,2043
2797,1479
0,534
2783,1115
2355,789
756,0
956,173
2787,1709
373,83
0,415
140,37
0,400
860,230
556,0
1058,237
775,313
1551,671
789,259
2196,848
1155,264
2022,750
1844,0
1953,780
2716,974
2431,1726
0,492
1914,709
1216,493
2551,1093
1813,978
0,1621
2324,852
2297,951
2907,0
2853,1714
2053,0
153,67
1001,564
899,466
1541,590
992,430
549,160
1544,928
191,31
137,24
1749,665
1164,375
0,219
491,156
1658,677
1036,409
622,268
878,340
1345,402
0,173
0,229
1507,667
770,280
624,235
2447,1346
2207,1486
2262,1370
458,0
690,257
978,417
2020,633
879,346
53,8
1885,674
1350,0
206,49
818,334
1485,737
386,145
1171,0
1836,808
3023,898
2922,1908
2252,942
155,59
1019,703
505,163
130,40
375,123
381,156
1559,0
1706,618
809,350
589,162
2552,941
642,210
1423,816
2914,1370
0,1630
1643,364
0,66
803,0
171,74
0,688
725,207
2459,1509
820,0
695,204
0,286
416,152
170,63
1528,0
292,95
0,840
0,173
1074,411
1002,0
855,245
2601,1387
147,101
0,770
2472,620
2811,1464
757,183
393,183
1638,619
646,293
1222,476
520,243
2572,1016
1624,395
2397,1437
2564,1368
515,225
1433,413
2428,936
1548,615
0,321
39,21
321,95
514,88
2856,1953
520,122
0,1190
3017,0
526,168
482,152
1107,0
712,224
395,142
2474,1598
0,1536
0,655
1298,587
63,15
2726,1513
1388,346
2251,797
1099,465
727,172
1472,442
1978,798
626,324
905,400
1702,519
2961,0
0,92
2170,1109
346,147
1443,0
1533,627
1146,343
84,24
1822,825
1627,939
1970,1033
30,0
2622,1717
1452,670
2900,2330
1154,0
28,0
1712,673
1174,646
2009,692
2701,1188
1734,579
2168,1365
3025,1815
1428,561
472,168
992,413
2431,0
1129,602
0,236
317,118
1249,324
1327,381
2455,1283
2045,977
688,342
0,1310
1156,144
0,54
957,440
1870,714
2387,739
2674,0
23,5
2492,1045
2907,1854
2449,1491
2665,896
467,231
2079,925
2546,0
2417,1357
1174,455
413,0
2525,969
1797,1430
2363,1194
2705,454
0,356
622,410
521,346
101,64
1897,1059
1059,549
832,0
2870,2167
2683,1727
0,629
402,83
2555,1291
2020,572
1424,664
2375,1669
1529,411
2584,1967
1503,681
1655,621
2768,1072
667,255
923,446
1119,398
0,148
1469,434
1712,469
0,290
994,402
512,46
0,437
1571,592
1799,863
2041,0
1532,395
2076,1506
176,55
1721,455
2567,1178
0,346
1487,0
893,0
594,290
1761,619
2506,801
1770,826
1674,388
2676,1506
2103,1165
2667,2027
2086,602
197,65
678,220
40,3
324,0
660,318
335,53
2010,788
1746,583
1955,626
0,1458
0,48
133,48
1238,324
1807,689
2309,1195
2701,739
1976,982
469,121
388,150
96,50
2502,955
1456,916
2081,853
520,129
2577,0
923,387
1501,480
1650,595
2899,0
829,311
2638,1277
960,174
2284,646
3053,1391
1157,352
1191,430
870,259
2686,1722
458,142
1280,0
78,30
989,321
858,185
1730,0
196,48
1285,576
1938,757
1531,573
856,0
2402,1301
2351,666
2610,1380
3082,0
586,223
1420,581
1637,788
2101,0
2945,1803
2497,917
2993,1563
1297,0
2091,582
2436,818
857,430
2426,970
616,340
1498,0
601,271
897,474
291,77
0,1748
1219,0
349,240
2648,1240
1731,742
464,148
730,257
2556,1588
17,6
2734,2295
1421,672
2174,669
1324,644
378,90
0,244
254,63
1290,0
916,327
202,37
865,412
372,186
308,162
0,16
921,0
2123,1018
2507,1294
2961,1750
2818,1497
2279,0
200,0
1924,804
59,28
1375,472
258,105
0,303
2236,1160
0,1027
2544,1444
2415,1185
2630,1735
2136,1202
2564,971
1114,377
457,149
520,0
2401,804
1297,0
0,778
1404,509
2347,1148
1401,478
551,202
2216,758
1232,358
746,287
1083,413
326,147
81,33
245,0
814,195
1586,544
860,164
418,197
939,218
1610,533
625,316
1195,499
0,498
1279,548
1049,203
653,78
2616,1025
91,32
1462,556
2258,640
1063,473
1288,323
440,109
45,17
2031,969
2062,701
2069,0
2101,1262
1971,1462
2539,825
774,358
746,351
1920,941
1573,695
2392,929
463,0
2373,1075
433,169
756,0
2813,794
143,11
1787,1044
189,87
1314,667
2924,2262
2535,1561
1437,816
535,195
2486,1126
2873,0
2091,1524
0,1548
2418,1036
682,259
391,102
2431,1000
740,295
0,371
1182,0
0,1764
1673,621
2218,790
825,241
942,308
1950,609
1761,624
2249,1201
2062,0
875,270
2976,0
2367,1193
3029,1876
0,107
756,264
2781,1406
2448,1181
1565,875
885,142
1565,654
667,0
322,129
0,129
888,245
3144,0
1276,0
2449,1432
958,473
860,537
2063,1809
860,167
424,88
800,387
189,76
611,311
308,145
716,306
278,89
2559,1051
0,727
2091,798
2128,1077
1820,973
1670,842
2018,714
2613,0
0,1941
190,70
1254,690
1584,726
3001,1183
93,0
132,47
1170,774
2653,1565
535,165
273,112
210,79
565,211
171,0
394,165
2853,1824
1586,491
2734,1585
149,28
0,1817
225,62
2010,500
2894,1395
0,401
1119,438
2277,823
993,212
0,1007
370,82
2253,1218
1259,486
2317,903
882,433
702,250
1656,532
2876,1284
1617,430
0,724
1763,713
2126,974
1178,567
305,117
873,450
1685,726
1870,0
35,4
1492,611
1436,700
377,83
3086,1809
418,215
298,96
542,199
268,52
1238,276
87,20
3081,2186
1808,771
2402,1259
0,91
2497,887
0,700
2292,781
486,253
1490,458
344,173
183,51
115,0
52,15
3089,1720
2059,885
0,197
2616,1451
942,453
715,347
1918,1052
1304,446
2237,1245
1675,1049
1819,653
1949,0
2004,0
2278,872
2502,1616
366,0
2543,1441
2163,440
0,199
2489,1103
1127,0
0,253
1385,349
1575,738
761,347
3023,0
1505,631
0,1491
0,1578
2557,1375
413,163
0,147
488,144
867,417
1785,765
267,99
175,77
92,0
1260,325
1168,406
0,1329
2816,1767
2696,1410
2629,1846
2005,841
1676,0
1469,621
2472,911
0,1196
1792,662
1405,601
2952,1603
2088,878
1344,469
3113,0
2395,1214
2787,1762
1132,448
0,211
311,78
0,54
218,41
154,28
64,13
1566,521
0,199
258,116
1557,0
36,12
1092,494
2019,1223
273,122
3270,1266
413,144
1965,0
373,89
356,82
2112,1021
174,64
1709,0
128,26
1007,487
2669,0
2017,687
723,569
2744,2267
1971,764
873,440
612,273
2239,1523
0,778
0,716
441,143
0,573
1971,890
2576,1389
0,657
2474,1340
0,773
0,998
2870,1136
704,202
1197,0
2065,1325
161,48
573,235
772,239
2525,1333
704,312
423,155
1542,521
232,92
2012,932
2307,1076
2150,963
482,257
650,193
397,0
2568,0
94,0
0,47
1739,0
0,262
866,356
2733,0
1208,345
0,191
345,105
1069,261
862,394
0,315
402,176
264,35
815,263
2578,1354
2605,1525
1574,616
1828,983
1978,1097
1519,0
1609,312
742,0
451,408
568,335
1217,672
1998,1047
464,83
1180,414
1695,0
783,332
2891,1360
1190,583
1197,431
2616,1080
1945,0
0,796
2444,1386
1176,620
2120,0
1750,785
2475,1203
691,332
0,294
2610,847
2706,1404
266,61
1213,587
2397,1448
430,174
863,326
1131,417
521,143
2567,1471
856,363
1012,304
160,55
852,249
1391,768
100,41
2484,1474
2007,1218
126,49
101,0
2226,896
2138,979
1772,740
2467,1597
0,387
2567,1305
1931,981
1570,395
1664,505
880,279
2147,1127
1602,681
74,21
1496,406
1214,562
1573,408
1504,586
330,0
2157,986
508,203
2224,794
1604,737
1571,612
469,216
2878,1392
2563,1460
1781,415
1114,569
0,905
1654,658
1168,363
682,198
2427,0
2790,1371
2441,740
2344,796
1331,498
1935,630
0,126
2919,1503
531,0
2790,1609
69,13
1281,517
2377,0
2569,1204
432,179
1675,0
2277,1192
2626,0
1788,818
0,369
650,226
2292,1097
1651,674
1217,456
734,256
483,200
749,206
1569,0
156,27
2023,838
1546,606
685,227
658,217
1402,634
562,189
107,35
1761,875
1079,312
1198,531
195,75
2025,1013
1126,352
604,222
522,130
110,69
2770,1549
397,164
2300,1010
1749,902
2417,1264
2248,1448
1901,0
2441,0
1690,756
1303,453
0,359
2663,0
1110,503
721,363
0,282
2155,1116
1579,579
1822,610
0,381
979,334
895,329
1586,1001
1567,988
51,0
160,53
2758,0
1552,251
163,80
219,138
1467,600
487,176
0,146
83,30
418,175
818,0
0,873
0,138
0,1720
1989,1016
2149,1025
3018,1909
2624,1061
1029,0
57,25
1322,424
1420,614
2253,859
1561,549
1170,404
732,275
438,129
0,683
2770,1707
1973,568
868,271
2695,1253
1582,577
2646,1867
106,57
3028,889
128,42
1566,741
875,352
122,45
753,307
0,931
1932,272
2505,608
890,273
3073,2041
195,58
17,11
48,7
2206,1356
498,229
861,0
2549,980
3064,1541
285,116
2405,934
2272,1179
836,349
1130,526
166,49
456,110
2240,852
172,64
2090,781
1843,1142
2556,1230
1174,613
256,71
2045,805
323,122
231,98
1497,0
1561,424
2083,804
2579,923
845,278
520,0
1051,246
2933,1062
2457,0
2904,1909
302,166
2345,1330
2166,1228
114,37
1578,319
3281,3041
936,289
1291,0
31,9
1658,622
1684,463
2854,1263
0,412
870,412
3054,1552
2288,871
688,396
2265,1218
1120,500
1250,0
2763,1758
2857,0
2488,0
0,83
146,22
286,147
532,208
1968,809
1132,477
0,332
279,80
3031,1890
1420,788
3060,2008
942,0
1972,373
972,228
1600,509
122,27
1478,482
626,0
992,460
0,474
2377,1242
141,71
155,66
2569,1552
0,223
267,76
630,0
1088,391
277,96
2760,1755
0,254
0,458
2995,1403
0,874
2956,1541
2250,837
437,113
2714,0
913,310
1421,705
2594,1029
963,404
2590,0
1079,402
1586,815
468,189
1764,405
669,238
1463,431
1326,672
1655,859
579,173
1711,756
2729,1397
753,344
1751,680
0,621
1566,448
2536,1045
0,49
341,127
461,0
2374,707
168,78
233,76
1951,608
665,266
1858,648
1405,561
44,21
2872,1600
0,1671
331,111
1890,938
0,605
680,333
282,71
2956,1547
668,265
1058,549
1691,795
936,248
1003,378
801,393
1930,760
1759,726
640,0
44,10
1386,678
374,171
2020,0
1719,710
112,28
385,132
532,0
102,27
78,20
0,157
1333,507
1816,0
1545,624
937,373
788,355
2969,2294
454,139
2758,1527
481,0
2526,1101
2714,1168
703,319
800,0
1612,680
2049,0
657,0
1733,0
2126,1262
2638,1551
2819,1594
138,52
1482,352
72,13
52,0
2308,1165
1151,287
1646,611
2610,1932
3018,1270
197,59
1350,448
1097,542
234,52
0,981
869,288
2804,1604
3170,2264
1227,0
298,101
2171,860
1922,1272
2965,2275
658,162
1628,393
1136,176
1437,423
2258,968
2227,1119
133,43
312,171
0,1046
242,143
204,74
1483,705
0,976
408,217
1676,914
1610,746
2680,0
1498,593
841,296
431,153
1361,447
1122,418
399,132
359,51
1793,532
865,0
1739,625
1148,393
258,87
2629,1621
1499,787
1282,901
2957,1480
226,104
39,12
1951,1217
0,1027
0,571
364,105
3060,2185
0,1231
513,170
2732,1161
1534,180
0,571
414,132
1377,673
0,141
1709,563
399,103
2818,2000
656,344
157,61
0,458
154,52
2733,1111
2514,1155
680,381
0,774
1597,634
682,374
1807,815
372,101
521,164
2961,1365
1194,573
807,0
2636,937
2049,0
1236,385
1052,589
1334,350
3032,1393
1830,879
1084,535
403,110
351,126
1436,581
433,183
81,34
0,1054
2592,1178
845,335
1747,843
1445,0
462,232
1279,436
607,211
1631,656
1809,683
1557,634
252,49
1238,364
3249,1114
879,378
0,120
0,971
2177,1294
1258,554
1917,732
0,352
1050,662
1935,1002
1778,334
186,51
0,2868
2888,0
1063,0
86,19
977,205
1999,801
225,46
1073,279
2897,1110
0,819
3061,1546
0,819
310,83
405,220
0,461
718,297
2022,1034
1766,743
1191,445
1963,717
3198,2268
2692,1607
477,123
136,57
706,289
2114,841
601,179
1513,662
2689,1006
2703,1669
2039,612
886,0
2390,1446
393,126
2453,624
581,152
265,67
1840,822
1070,261
868,196
848,251
1428,0
50,24
2033,0
328,112
2383,1280
1477,843
906,437
533,258
837,142
336,48
295,0
1589,773
919,316
1435,0
2825,1805
946,0
263,103
538,244
0,640
2499,1066
0,613
965,606
1177,491
1080,0
0,1222
2484,983
2029,775
2626,0
1779,1002
980,393
1161,498
2502,1134
1032,450
2147,953
0,62
0,336
2003,701
1663,749
705,303
883,0
466,203
2166,1129
973,0
3048,1754
8,0
0,1159
2923,1352
899,443
2170,841
499,127
1549,841
1044,260
992,0
2842,1204
1024,421
2307,0
2927,1577
566,191
1257,550
2007,925
593,0
508,147
3072,1704
0,194
2378,1268
259,89
177,47
82,42
976,368
99,35
1011,470
1185,410
1636,562
1038,0
1755,1124
548,195
123,0
2139,826
174,57
1379,633
1347,490
132,48
125,0
2098,802
1183,0
915,343
513,149
0,261
1221,407
2703,1412
2637,1279
1966,748
2106,0
2428,1047
1084,502
857,365
2091,871
373,104
2412,823
1137,320
830,352
2534,1438
2655,1478
949,243
58,30
1695,748
632,137
2787,1424
2597,0
1529,0
0,1281
1349,714
1028,567
1141,498
868,359
2401,1127
1082,371
0,1330
2738,1508
1642,500
2777,1595
0,74
3088,0
1672,779
2585,1299
1406,706
1355,609
556,259
799,350
0,116
108,37
208,68
2946,1534
1755,423
412,171
513,200
1822,0
1051,300
0,92
803,0
2536,825
0,388
0,582
2333,966
2077,822
3002,2085
2219,1267
2298,824
1539,0
703,295
1425,534
2532,0
1143,507
757,0
386,161
1943,587
1864,0
1655,631
1483,479
1096,0
2824,1829
2047,532
0,1400
1341,772
2821,1475
1395,497
258,0
0,123
1746,481
396,129
3064,2123
2662,1432
544,185
2408,1186
1459,917
0,508
1254,555
2349,1094
1867,608
3190,2253
2896,1815
828,286
231,100
245,107
313,0
375,187
2661,1145
2120,1176
528,177
1924,846
2809,0
783,188
1220,0
200,81
2510,1088
501,163
1277,517
0,466
912,294
491,172
2382,1135
701,201
2968,1404
0,1526
1206,386
2577,0
986,0
1887,856
1112,490
1696,553
1419,0
1551,788
112,42
2487,1054
224,70
796,180
291,68
2309,721
2043,1504
3179,1650
2886,1730
2073,0
65,12
131,64
307,129
1279,202
0,110
682,244
92,0
577,212
3255,2633
1341,484
2716,1330
2559,1674
942,150
213,38
1411,484
0,313
498,171
0,60
550,261
526,159
627,179
840,271
0,138
2745,1409
0,734
336,136
2657,1495
1806,657
110,30
1214,502
738,269
476,233
2435,976
767,323
842,0
1795,522
1354,467
3126,0
2878,1637
950,434
1257,425
2435,854
2027,1038
2804,1305
2341,532
318,113
2536,1181
353,123
690,165
1594,752
2096,1074
3093,2176
270,95
230,81
2526,1259
168,66
185,85
341,89
0,30
94,0
0,1293
3020,1450
2604,1061
3024,2034
327,141
2840,1486
1138,492
1738,567
190,0
2860,1171
614,0
3012,1728
1633,671
2012,918
1334,625
678,293
835,233
0,23
0,1207
737,428
2717,1741
91,40
440,134
2462,1032
0,417
2287,1122
2208,735
0,181
72,23
0,158
517,226
1458,467
845,353
1005,475
2605,1448
0,551
944,357
2301,703
1157,482
2587,1068
1571,546
2161,1155
1295,568
695,279
0,1403
1897,0
1597,803
2041,956
623,193
2613,1000
316,146
209,65
244,103
1358,721
1569,1002
2517,0
2924,1458
222,0
2273,0
1276,646
1053,413
449,127
3135,1370
0,768
1108,613
2302,1606
1824,0
0,337
617,0
473,162
502,248
95,32
1703,656
2565,714
1163,419
1219,0
843,246
1074,300
2019,594
90,0
436,158
434,158
622,175
408,111
584,289
2414,1161
2446,959
2470,777
0,578
903,199
2125,0
547,0
114,34
358,0
1303,642
704,173
1450,386
2259,1046
952,297
1691,362
2690,1221
2727,1342
302,168
746,235
1291,529
1785,0
604,231
2089,926
2788,1288
1221,626
1095,230
2583,1162
3085,1989
1630,782
1477,654
729,0
2313,0
531,98
0,83
2934,1552
1267,505
2743,763
1310,146
918,284
2207,998
1879,722
1325,518
0,517
1339,545
1397,512
128,37
75,23
3164,1903
1727,949
1721,761
1002,403
719,0
2160,0
2462,1435
3046,0
1762,945
2519,789
1766,545
753,244
99,49
305,126
977,361
0,648
1851,515
1176,301
3011,1203
391,175
2821,1818
1860,1070
1300,662
1438,690
0,1207
2865,1162
362,115
1611,701
2265,665
2470,1155
92,22
0,65
0,418
2683,1703
2462,1327
684,184
2578,1335
657,114
2281,395
1889,727
2211,938
2894,0
2032,810
2033,1293
2211,1433
3165,2347
2876,1176
2630,0
1762,0
990,362
891,270
871,304
1721,508
941,372
339,251
2426,1271
267,143
2659,1112
1529,575
678,208
560,116
466,101
94,15
1427,0
2709,1061
927,244
1860,0
205,60
1444,733
1084,361
1026,336
805,321
0,617
2663,1162
1367,798
262,154
93,31
166,42
335,108
50,14
1993,909
793,376
1055,407
135,40
236,0
374,202
2818,1237
0,258
2428,809
575,140
2782,1665
2937,1765
259,117
242,117
1972,804
87,46
74,35
650,195
1120,525
1061,383
1664,0
2843,1310
1615,701
892,365
723,336
2687,1837
1365,435
381,112
0,981
956,334
764,331
0,32
2832,1443
1706,516
2522,1340
0,630
1943,732
590,210
0,522
1856,686
1030,0
2244,0
2567,1820
3122,2540
2735,1528
2269,1154
162,51
1695,0
1351,433
0,37
1987,0
1118,340
62,26
65,22
413,0
116,0
3238,1358
2432,1471
280,102
2722,1712
2748,0
104,18
190,0
148,55
449,151
516,118
2449,1187
402,146
2830,1956
2493,680
751,244
0,46
543,198
2065,0
503,104
314,90
109,39
2334,1128
2196,889
45,9
64,42
2396,0
181,72
2365,819
884,294
612,254
2714,1515
592,172
967,583
1082,362
1603,636
2706,0
193,0
448,146
1456,316
0,908
85,31
1117,383
1817,858
2311,1048
2581,938
2799,1720
0,598
2235,857
2599,1153
3002,1993
2377,0
674,125
412,81
1061,486
112,0
746,387
850,273
1914,593
1531,510
1194,551
2573,0
2593,0
2409,1228
700,264
587,217
113,47
51,10
469,118
1460,536
519,171
2732,1645
1405,0
2421,943
1747,688
674,0
1300,222
620,327
1644,875
2404,1271
1756,487
2140,0
1121,439
1648,758
114,51
2376,1323
2126,554
592,123
2947,1401
0,744
1347,616
2404,1232
1725,0
315,156
1105,308
818,276
131,30
563,258
459,0
1657,705
937,357
2883,772
2184,751
198,65
814,270
2399,861
1852,1024
638,229
2888,2138
972,371
2801,1114
2199,0
2776,1381
0,327
88,15
743,320
133,0
68,0
2273,1006
0,527
544,130
0,370
0,942
1313,285
2346,1752
2006,1104
0,890
0,244
236,151
924,292
247,70
1971,990
2340,1198
2592,1083
877,379
266,86
2486,1017
339,111
2498,1849
750,418
0,1078
682,243
562,272
2236,982
1337,0
899,0
334,0
2277,1164
214,64
2585,1017
2299,568
1522,155
1916,801
1505,429
1912,942
0,712
1391,0
781,272
859,232
1928,915
2141,0
343,77
678,0
0,144
2893,1678
96,0
1719,525
730,519
0,1102
2147,592
110,43
0,1364
489,145
519,115
1121,307
746,147
3196,1472
147,47
2195,1177
1515,802
299,184
2946,1645
996,300
0,924
1044,728
2800,819
2562,1352
1031,259
496,139
2852,1767
1560,434
3046,1629
217,52
0,409
1611,576
2000,955
644,237
624,231
1424,857
624,406
1942,791
0,763
0,255
443,0
372,137
1165,475
1661,0
1929,877
1850,1005
606,236
475,177
226,83
1702,564
1552,650
594,192
743,425
1944,906
2644,1242
949,494
606,352
2196,844
791,272
1405,572
0,79
2105,590
2641,1000
2164,750
1099,443
1018,239
0,430
1178,434
1023,367
811,229
0,1881
1383,0
3110,1767
392,123
2024,0
0,225
1192,390
843,362
155,64
0,44
728,0
2733,1350
316,171
1595,630
202,113
217,79
312,203
2772,1710
2933,1531
228,90
2390,0
1499,163
0,2580
2442,1214
0,1084
1259,486
0,140
1004,429
2401,1817
1198,419
2225,395
850,258
1931,313
157,58
0,904
1383,463
1152,311
1122,324
378,94
744,230
265,66
1399,395
99,34
86,29
1013,314
2878,1478
1171,507
860,405
1219,0
2514,734
256,0
0,711
2466,1282
987,545
0,523
161,82
2870,1397
2145,915
1070,0
2561,0
2634,0
529,0
2105,1046
2067,1251
1434,0
53,17
2972,1855
279,128
540,187
3121,1197
1096,337
1207,357
0,2107
1063,251
825,268
103,29
2927,1537
2477,0
2309,1219
85,0
0,54
800,279
85,40
2441,1207
444,166
972,307
2504,983
587,193
2566,1474
1015,623
2167,1598
840,561
2092,778
960,397
1132,381
64,35
0,528
1011,319
900,226
2325,875
2467,902
37,4
0,1342
3154,1401
1940,957
3095,2101
0,265
874,324
348,74
43,13
1357,463
2228,870
227,59
398,158
2632,1320
2630,1191
2336,1284
2171,1050
1940,802
0,1357
2699,1380
0,268
1885,1044
695,234
0,828
0,10
2099,572
1173,466
3103,1413
1498,815
108,46
1657,776
1481,499
1946,625
1077,288
3039,0
2066,1013
1289,0
514,0
1841,609
2420,1226
975,406
116,63
771,230
2197,1003
0,294
3078,2101
668,279
2164,0
0,411
527,220
354,171
1542,0
337,0
162,55
563,136
1593,539
1421,432
171,64
125,53
1823,1330
3008,1670
164,0
136,43
897,283
934,432
1538,837
0,208
1582,851
1595,784
1350,589
2793,0
2203,1196
2432,1123
1889,744
1510,0
1875,809
1496,498
843,219
2505,1094
2104,951
327,122
1777,0
2881,1730
1331,619
46,18
833,195
831,193
1161,434
1662,0
2527,1374
189,64
2790,730
1267,110
2287,740
0,1062
1556,740
270,105
0,417
431,150
1783,632
655,0
254,103
401,168
800,230
290,70
121,29
1585,762
356,187
2461,720
1876,0
2441,1307
1867,881
1471,512
2430,1154
2291,636
725,462
545,260
817,251
2207,1289
1976,816
381,120
1420,287
344,77
132,48
2207,780
344,158
1863,0
741,255
328,114
2020,0
98,31
2643,1566
429,92
0,395
2149,693
2815,988
905,437
1075,285
0,273
752,0
654,271
509,117
2222,880
1902,460
3192,1635
2023,266
2283,1018
1437,698
1840,819
3120,1338
0,1272
2511,0
1665,886
3150,1970
175,82
0,839
937,0
1737,726
1662,744
548,213
1535,644
140,46
852,0
2496,1108
2209,0
549,137
112,29
2223,0
1037,0
2906,1622
2771,1367
499,0
1718,791
25,10
2049,0
891,225
2388,1155
2859,1149
1659,739
2902,1116
0,106
256,141
394,76
984,440
809,0
0,165
0,1893
3144,1495
421,58
386,0
580,276
0,238
1314,743
1304,741
3078,1632
318,131
1280,0
0,916
866,418
1235,386
463,135
772,251
2366,1386
0,1536
1350,0
1365,86
1808,994
0,319
2553,971
0,112
213,0
991,326
631,243
239,66
1848,714
2234,783
1965,622
716,196
307,120
712,231
884,347
3070,1703
1176,446
293,102
1081,408
991,281
819,224
2304,805
2853,0
2922,1639
3054,2272
2511,1279
0,1579
2117,1361
2198,573
2700,1372
255,0
215,90
0,9
129,30
892,338
1652,435
3120,1695
2151,0
313,131
782,355
2394,879
270,106
0,92
3346,2074
478,203
429,98
545,233
2716,1177
2880,1375
505,160
1651,839
2009,929
2309,0
2636,1510
279,81
252,96
80,26
894,332
2285,0
1946,555
353,144
2549,764
1007,350
2332,1041
66,13
371,113
2483,982
2923,1497
3027,1691
65,31
2658,0
1917,613
3164,1720
1834,0
26,7
0,1485
759,151
326,115
136,0
381,90
374,145
1968,729
0,560
1159,555
3095,1803
1746,769
1118,573
2463,1010
2564,1578
3301,800
697,118
718,252
0,51
1774,684
633,221
552,194
726,240
400,110
2679,1218
608,359
2800,1296
0,495
987,320
2377,1057
1310,714
2735,1137
800,104
877,0
1806,729
820,275
0,1024
1481,405
2229,794
2053,787
1602,880
76,29
3056,1420
2521,1195
871,284
345,117
956,467
1687,601
885,411
1541,387
2724,1231
2540,1116
1436,501
1021,418
569,211
870,204
2040,859
2432,952
646,206
565,252
2623,1474
0,214
81,35
64,33
2127,638
0,1075
1023,280
889,235
1311,578
159,64
1152,514
269,64
0,58
2499,1035
1164,428
1056,503
2163,947
1753,809
44,21
2010,927
2920,1574
0,561
560,183
1699,459
2492,1009
1129,0
935,227
2285,806
1276,525
175,51
2859,1944
552,206
497,223
754,335
306,126
1712,664
1434,580
109,34
642,161
2820,1069
855,126
1764,601
1761,618
1622,725
0,32
2075,1115
1516,519
1551,465
1726,567
1396,476
1356,575
451,0
2156,499
0,370
1551,606
1211,453
1607,949
1300,749
510,126
834,362
332,142
2759,1572
467,219
422,74
645,0
2555,950
104,33
34,0
70,22
76,27
0,58
2462,955
1598,655
1931,983
1526,543
94,21
1932,618
239,0
1671,976
1762,729
0,245
1320,757
78,21
1104,177
2729,1382
617,328
1134,556
2559,0
2731,0
1701,852
3003,0
1461,573
1503,710
0,345
298,125
0,101
1082,453
1004,391
1248,648
1475,508
2430,1167
1742,992
848,316
777,296
1508,0
1624,486
996,194
2745,1017
1025,423
2819,1051
0,235
81,62
202,53
127,40
2795,1187
215,51
713,248
571,205
2609,1419
2108,1126
2970,1443
0,156
2977,1643
719,213
1800,605
1425,571
2070,640
0,393
2330,801
1295,439
2034,690
1769,610
350,131
938,457
0,656
356,157
1869,0
1122,0
1643,791
3323,1810
1206,88
3067,0
106,44
1549,542
2582,1388
167,56
481,134
440,122
1719,0
430,223
1059,408
640,89
1129,257
1975,275
1362,513
2823,1472
1933,687
149,0
1861,386
635,289
630,287
881,328
3144,1666
1585,628
0,331
1766,724
0,1061
1045,319
324,86
267,142
674,407
1141,358
1077,291
3199,0
2558,0
3099,2217
520,0
2251,982
1503,424
0,341
0,495
1500,565
1019,222
2439,1034
1977,546
1069,313
2183,1199
510,282
2302,1086
102,55
2437,1138
495,272
336,147
2753,0
308,69
229,46
79,23
311,119
1471,764
2477,1137
3071,1893
0,13
26,8
1579,0
124,60
2146,994
154,84
2548,1110
2351,0
1589,673
762,363
139,93
151,32
737,281
2883,1476
268,79
0,1365
0,177
781,168
248,97
283,71
1887,780
295,127
1592,653
2396,769
1728,987
1886,604
1488,0
1816,0
2006,0
941,279
2575,1570
3211,1916
33,15
1585,672
2410,468
247,31
2087,970
1636,706
1422,0
120,24
1189,454
1124,322
166,66
1677,792
1759,858
672,330
533,135
568,191
1603,498
2502,0
2172,1003
1266,347
1524,634
2422,1065
68,23
752,330
2072,1155
422,187
280,104
0,293
2477,1397
1823,796
865,347
76,41
0,22
2863,0
2474,1069
2922,1391
730,237
2893,0
1838,0
909,356
1479,528
1653,743
511,80
367,72
2654,1280
2335,1000
149,0
3104,1543
1558,436
1433,618
995,263
0,72
2647,2121
192,0
2498,678
242,81
0,492
0,36
151,34
2661,0
2722,1341
1673,1001
2878,1435
340,143
165,53
598,155
1555,698
0,43
2359,1221
836,188
159,0
2617,1437
2337,849
859,413
1555,606
1318,602
3135,1538
356,96
2488,955
1994,628
1690,727
319,85
2605,1212
0,72
1371,0
695,245
2298,1402
814,338
1817,718
983,248
1070,0
969,0
2746,835
559,176
0,374
556,223
1385,504
1548,0
1441,653
653,282
1225,381
1921,299
1950,450
1041,273
1441,0
218,106
143,56
767,244
697,371
1321,518
2253,934
379,157
835,398
0,198
780,0
1122,440
674,182
0,1010
2025,1094
1365,450
974,335
0,115
1515,672
0,1559
1726,588
201,70
201,62
2149,659
168,103
313,132
1133,429
2173,1335
980,370
1838,848
2292,0
1333,614
286,56
1343,475
2127,0
759,342
1949,773
2685,0
2789,1040
685,132
2334,1303
1485,456
86,14
2591,1410
1149,410
44,6
0,953
107,43
469,210
2727,0
2147,821
1606,626
2409,885
2590,1170
923,424
680,0
419,130
2972,1939
1155,0
1053,358
0,200
0,887
959,0
1880,864
1644,592
70,22
1199,521
2435,1111
1969,970
309,0
889,338
1533,588
2112,798
2570,1057
0,157
1096,455
2825,1204
126,73
334,149
332,149
2795,1333
877,0
2204,791
893,0
1311,466
2856,1508
1165,418
186,0
2648,1180
1292,353
1447,603
428,136
1994,880
826,394
2370,0
866,196
53,31
0,561
2172,843
0,80
3066,1576
2711,0
2332,890
1460,836
875,324
2449,1340
1757,834
877,0
1773,468
259,125
2597,0
136,39
103,25
0,709
1276,508
66,33
884,247
78,41
1053,385
537,172
516,213
309,34
848,285
0,595
1823,342
682,173
1808,0
2428,1173
248,108
1608,504
1322,0
169,45
285,109
274,100
126,58
48,19
962,270
2201,788
989,324
513,204
1762,681
2487,1365
126,36
226,0
3207,1320
2560,1262
1657,808
0,294
2520,1403
1595,0
925,409
0,1513
1903,528
2571,1023
1472,433
1971,928
2613,911
0,73
1786,636
2638,1574
2022,743
1358,661
1084,362
367,96
363,94
1349,0
2533,1257
820,434
196,73
2853,986
2030,650
1697,832
429,234
1268,598
2539,979
3224,2377
2932,0
3277,2184
540,216
1382,631
1987,866
343,70
667,176
432,105
0,719
2029,894
92,53
1022,739
1524,394
2402,789
1350,486
1052,303
2074,1010
2386,0
2303,1208
635,0
155,0
1344,627
2999,1708
1022,370
2415,1313
0,88
499,143
350,104
0,1647
3241,0
673,276
396,131
301,101
1406,0
384,76
1121,334
363,85
230,49
133,36
319,68
2283,1046
623,285
2410,1088
2037,693
2702,1129
0,815
1105,447
1617,473
1684,698
2209,906
0,332
48,31
829,301
316,76
2776,1346
2113,1224
349,159
63,21
286,0
2210,677
3533,1720
2057,1120
35,0
2969,1236
2889,1411
282,70
2278,965
2557,1319
640,187
1536,451
2118,877
386,162
3147,0
2438,1333
542,183
0,382
1004,292
2768,1170
2636,783
2660,1040
877,322
725,191
982,427
0,110
2206,0
2654,0
0,289
0,638
2867,1531
1221,466
126,51
0,415
1005,310
352,145
0,937
1714,501
1597,812
506,256
476,0
2082,1165
443,188
1776,656
1374,571
0,502
1032,299
622,148
2689,1267
2588,1200
556,185
943,372
854,229
2362,0
0,258
3361,1451
2382,1561
3318,1686
602,191
280,116
74,0
1598,675
1841,740
889,238
1126,221
1261,427
1225,306
2365,778
0,889
0,128
808,341
186,96
622,245
2792,1236
0,651
1086,317
605,217
2014,0
1554,597
2076,913
1677,746
430,69
1882,783
820,0
0,731
2651,1293
1347,358
0,308
79,15
0,1146
752,196
1389,502
1019,0
1273,0
595,143
1718,935
1030,335
2346,786
580,140
1170,325
1774,835
0,498
2807,1277
2048,954
483,110
0,904
1300,749
0,283
2544,1214
167,82
613,264
0,395
208,66
1112,459
507,220
0,239
212,67
466,196
1166,477
552,120
496,113
1896,710
656,252
58,24
127,0
2920,1886
607,231
1290,614
370,0
1144,385
280,55
1223,0
1931,448
1470,796
409,125
2125,1002
2472,1212
775,251
2289,1058
470,0
151,31
1771,683
2693,948
2687,916
2568,0
167,45
117,73
424,153
0,919
572,179
1331,415
735,268
2678,1394
0,963
633,209
2074,0
1996,1101
2348,1104
257,70
1982,0
2402,624
0,1101
907,0
1352,730
3234,1525
1981,897
2385,825
0,457
1143,508
83,20
2668,922
792,266
0,280
708,199
665,181
943,179
287,83
2584,1271
2770,1322
2340,794
623,225
75,43
371,176
0,129
776,0
730,267
2641,939
2579,923
1001,358
672,272
953,341
1052,0
630,198
3091,1281
3126,2187
0,49
1510,822
2086,0
1036,431
1050,475
2980,1926
2496,765
2127,741
2038,854
1744,474
802,0
1430,0
534,96
2805,1075
2070,419
527,189
1558,545
2665,1588
2814,986
2514,1118
945,0
1377,529
587,180
2315,781
395,0
2941,1643
2158,977
2556,1142
203,88
331,0
1896,0
1879,938
2923,2315
0,506
2853,0
1704,576
1352,389
3015,1689
1559,756
1592,621
2356,1043
1977,795
2033,872
2500,878
1208,566
673,338
835,140
3014,1692
2534,877
770,312
1375,757
194,44
2147,1133
195,44
1462,619
1566,563
3014,1831
2864,874
3172,0
2645,1532
223,80
2725,1601
3074,2238
2958,1755
1539,651
1568,349
2142,0
478,61
2405,868
1841,635
0,448
319,233
860,0
0,547
102,39
318,88
2886,0
1528,802
1604,778
1836,502
1064,327
2077,805
236,120
2150,966
1073,320
826,320
319,153
1736,0
2665,1305
2603,1264
1024,340
368,0
905,317
2725,1223
346,102
2329,911
2267,1211
1344,441
690,263
1354,691
246,116
0,937
1188,479
908,458
1384,558
1276,650
576,199
2944,1348
2966,1401
1435,523
0,195
2991,1373
2458,878
2067,1085
956,363
2328,919
1543,500
424,137
407,130
17,7
2422,757
0,929
982,363
402,100
2383,328
503,137
2198,993
1781,491
2739,1259
2390,1154
81,46
583,90
1336,0
0,292
2029,0
329,114
516,171
560,168
0,108
1614,452
357,77
0,339
344,54
2344,1050
1042,473
1302,577
2717,1134
2060,0
496,136
1725,582
2294,976
1586,415
3319,1729
2632,1649
2328,1038
1898,800
712,257
404,181
1492,547
66,11
230,85
1961,661
571,221
0,183
2329,944
0,839
369,131
2570,1449
570,161
716,352
2019,705
1591,695
162,26
671,185
1587,611
460,174
858,237
0,182
2699,1143
1532,580
590,240
2628,1656
651,200
250,85
2408,1002
1036,415
218,93
818,322
294,123
1882,664
958,395
1284,413
930,312
200,38
617,172
1777,645
2371,1192
783,211
0,719
0,789
501,0
0,73
203,59
2018,1016
2766,1191
2157,1029
87,53
2335,890
2101,792
1997,1005
1924,404
739,241
0,776
1238,474
655,316
2773,1043
519,93
274,98
1758,669
961,287
1385,0
2901,1537
2626,1204
74,13
1431,365
2783,1711
3212,1233
0,52
0,590
139,90
803,276
2588,1137
1325,386
1033,305
292,81
1427,0
565,365
0,866
0,656
1265,464
418,192
2856,1429
71,26
56,21
235,43
57,18
2398,0
527,83
2394,0
2286,847
2113,612
2835,0
1045,342
838,272
3015,1780
0,735
1047,482
1886,594
821,204
411,106
0,1281
0,503
393,85
916,351
0,1618
929,0
85,32
2588,1247
3072,1617
0,86
0,1789
2138,679
1059,220
2820,1604
2643,806
3084,0
1002,475
1519,446
2007,1047
3274,0
958,468
297,16
0,2491
247,94
2631,0
1919,688
1620,510
868,279
156,38
1288,203
2103,1065
1518,792
977,425
1815,657
0,175
367,116
1775,726
0,176
189,75
735,143
273,107
0,90
1641,564
0,291
868,335
1107,625
2367,872
816,441
311,107
1039,571
0,77
934,342
402,161
669,422
3457,1196
1463,539
804,296
2467,1217
0,422
653,188
2846,1497
2280,1020
1195,182
2259,864
1261,275
1266,363
123,36
2621,1606
3060,1205
1656,769
611,182
1424,691
573,291
2671,1623
1673,647
1480,585
2242,1104
1816,650
2458,1325
0,814
1092,276
0,184
453,0
2690,889
1253,399
1946,1434
139,33
607,182
594,218
1084,560
0,290
0,250
3162,1563
1608,710
12,0
0,19
167,52
2131,0
2609,1045
1404,0
1710,478
1031,328
2825,1496
2441,985
2042,810
1305,341
833,279
418,162
415,117
997,0
0,427
643,208
670,219
397,103
0,303
3142,1710
2013,734
2946,0
310,0
1235,311
795,356
2478,718
0,1644
3019,2051
3249,1660
2088,351
372,90
1043,430
1950,774
1117,424
215,93
2134,803
963,337
723,184
1551,778
577,174
0,149
191,36
399,0
181,58
297,111
2200,1080
1894,819
3041,1431
1601,0
1813,776
1679,496
810,246
685,216
72,31
26,0
1716,0
890,303
0,306
1617,580
1384,357
2856,1446
938,298
528,189
410,109
1901,1164
1267,396
3064,1473
0,1384
2810,1119
2915,1209
2865,1331
2526,1256
746,214
655,252
465,190
0,514
1655,666
773,85
2841,1161
1687,596
1152,672
305,82
192,47
2513,1099
266,64
2966,1298
1788,655
610,186
523,153
787,244
217,48
3096,1300
1462,544
817,300
558,0
1065,376
93,39
2104,1009
1639,465
682,150
335,150
738,188
1672,511
571,138
1652,455
1858,721
1806,198
189,55
184,68
193,40
609,297
2135,0
0,479
695,223
1047,291
642,182
72,19
1164,279
1434,664
2131,1031
2802,1494
0,128
1454,577
251,64
0,1102
1659,322
0,1436
2163,757
0,386
303,83
1863,0
1020,389
1010,411
838,239
822,233
1773,384
942,279
292,90
650,189
3159,1637
965,285
2064,754
3056,1354
0,522
430,122
409,117
154,55
1228,479
1060,482
251,59
2868,1519
255,81
757,204
674,0
522,160
184,82
83,16
2592,761
1057,341
0,539
1018,380
1025,320
0,151
380,0
465,148
1405,549
0,101
204,29
365,72
1897,935
1460,603
830,337
1714,967
539,325
777,445
581,118
1426,729
1147,643
0,837
662,182
2076,605
2102,1032
1183,311
0,574
828,370
2078,1008
1052,370
0,98
1789,702
1351,486
2335,858
2589,832
230,65
623,181
1705,639
2277,1178
1065,375
138,63
867,332
2840,1024
0,764
132,36
384,104
2923,1158
278,86
0,72
500,188
457,0
43,26
1376,485
1439,478
477,190
1083,368
1393,582
2002,1203
59,20
2887,1751
624,151
0,146
1115,394
2633,870
2790,1249
796,352
1994,897
0,309
920,278
949,304
953,307
2995,1309
1665,542
1283,891
1191,840
246,57
3199,1789
2050,691
1188,387
576,0
197,93
607,252
1604,316
2496,845
2492,597
548,153
1944,444
311,90
3131,0
74,40
313,0
268,76
133,42
86,34
2221,1210
3136,1644
2210,753
1740,480
0,273
0,293
2755,1139
326,80
236,75
501,0
301,85
572,224
2592,1191
719,220
676,203
2681,1197
3324,1570
418,176
69,26
349,150
632,143
3045,1787
1676,714
1155,0
3054,812
945,356
2472,0
913,424
306,147
607,277
2599,582
2658,1410
0,976
93,4
3106,2431
0,20
915,235
2750,1516
59,0
1766,476
1964,599
791,217
1173,382
103,24
3012,1347
848,168
365,78
1610,754
3140,1486
1194,274
843,0
126,34
115,34
182,44
2111,897
50,14
516,87
101,34
1166,326
370,129
0,537
1059,342
904,292
733,402
218,56
1264,390
0,767
2134,0
201,75
73,31
2324,0
255,116
548,175
1820,893
1954,568
2068,0
1952,410
192,64
109,28
1493,0
1207,0
1170,346
2565,1352
1477,314
1449,400
1625,433
775,170
798,169
708,0
259,78
1152,294
836,180
316,114
2966,1751
3167,1072
547,220
2044,766
0,339
984,182
0,157
977,314
1214,447
2320,1310
2733,1143
1849,777
1295,549
1814,0
0,1066
348,156
850,100
2060,715
220,64
0,235
634,189
1941,1336
2873,864
2852,1810
1818,559
2195,625
1995,724
592,177
1782,771
1185,542
597,229
406,161
0,252
2291,1041
1918,0
1976,889
1595,562
2375,866
0,388
1250,659
600,335
273,66
3095,1656
1568,568
1238,465
1876,793
874,349
1207,405
2777,1213
384,0
495,172
412,152
3362,2115
3125,2095
2563,1223
681,188
0,1224
3114,1689
1309,572
508,176
126,45
1947,311
107,40
1397,0
2480,1072
1848,543
1188,482
858,0
320,70
2525,873
1762,928
154,37
540,133
0,34
2192,0
0,823
2615,1277
1867,0
521,139
329,88
3086,1493
2526,532
2818,1445
1291,346
1518,887
1558,372
1539,368
3353,1938
3166,1679
2042,1061
12,3
982,300
1788,774
2896,1183
3311,1634
759,297
153,62
2004,699
2269,755
218,84
1055,445
140,10
2661,1036
778,346
72,7
298,81
2838,1220
2970,1435
602,214
197,0
787,325
1892,938
1041,402
1763,409
2949,1003
2806,1445
0,280
2991,1240
1920,531
959,227
1117,430
1945,1145
2202,0
553,197
184,0
1432,550
177,49
1345,0
200,76
167,71
1317,362
2647,1199
1992,915
1964,842
0,236
569,211
525,95
240,57
1936,561
0,390
376,143
530,227
2950,1829
1298,488
501,165
797,323
3287,1602
0,770
1472,567
1701,890
1602,681
1021,419
1236,442
443,0
0,111
1371,0
895,396
2944,1574
2243,1036
1686,0
1341,561
259,70
256,56
374,121
1506,544
738,191
197,63
0,420
799,282
1547,535
2216,893
920,328
2700,921
1029,253
1570,347
1305,340
0,75
1822,731
0,841
1202,387
0,658
811,280
0,378
0,707
1147,288
1110,291
608,198
1190,466
1096,416
710,268
713,315
0,106
2002,765
1784,816
1086,378
1165,504
2606,1471
363,89
990,536
626,333
364,203
2263,1082
1420,405
1599,429
2939,1287
740,232
2135,1040
1471,423
103,59
2699,806
256,150
243,76
1185,467
656,233
146,34
971,490
1978,543
2656,971
1956,579
82,34
2191,785
2174,626
599,184
906,282
1705,323
1523,439
1410,489
1721,513
2619,1261
1647,773
1805,667
0,157
2326,943
1968,872
135,59
1988,612
1012,334
1939,934
344,0
2575,1083
447,100
893,321
332,115
0,540
169,0
450,102
461,94
1034,0
3394,1763
1760,474
1811,816
2709,983
1094,493
293,53
0,1518
2632,598
225,68
685,152
1839,885
2733,1087
2114,921
2212,751
1921,737
359,105
895,170
2803,921
472,227
2649,600
1582,0
635,145
1140,346
625,0
3031,1528
1761,566
2284,764
903,350
671,191
2597,862
2000,986
737,163
0,170
3294,1712
2064,571
874,261
0,245
2460,0
2192,536
2559,1184
53,25
2379,1139
3150,1758
2042,790
3046,1242
1788,0
1258,0
2413,678
166,80
1490,633
2261,649
1290,476
2412,1087
0,44
2910,1349
0,2357
487,0
2047,620
2769,1442
47,4
32,4
1119,376
717,234
3118,954
397,93
2483,723
1503,0
2235,0
692,152
140,0
80,0
2621,1020
44,6
102,19
1703,0
1493,616
243,37
707,141
1928,519
3030,2190
2217,669
1729,723
0,1039
894,396
169,81
467,210
1835,363
2340,0
1213,456
2441,1225
1179,0
1211,247
1813,332
1341,0
279,62
228,0
0,401
2183,776
782,212
1126,345
691,138
354,71
538,233
2177,927
2227,1238
2917,1101
0,233
249,58
2176,1089
2175,1699
1633,772
1288,297
2953,783
277,62
2348,818
196,72
1193,469
991,390
1491,394
1675,580
0,591
1740,760
1652,841
317,89
0,777
1412,570
0,406
0,597
586,157
1454,548
2527,1207
1950,717
994,0
1109,384
696,257
1070,337
3295,1826
1252,289
0,1623
2786,1458
1328,457
414,162
271,108
2359,0
2457,1574
2294,1308
1231,0
351,108
2499,1149
106,20
0,13
425,139
1706,771
429,158
323,79
305,74
2219,738
1272,406
2742,1232
2290,888
493,181
188,44
1641,591
1636,0
1484,704
146,61
1530,372
1028,251
502,121
433,132
196,54
237,78
1662,625
292,119
32,10
0,109
2344,1155
1645,846
699,309
1053,251
347,69
706,182
2857,1464
0,19
2085,1216
918,209
844,184
547,299
2545,1249
1797,896
110,40
1761,375
718,235
1858,770
17,0
2033,952
806,273
1505,511
847,349
3020,1349
1638,0
752,248
232,59
108,0
1513,815
426,148
139,62
272,77
535,151
167,43
1779,845
167,59
121,33
2197,752
1574,0
1360,0
1005,0
355,159
2325,1219
489,162
322,114
0,205
2361,1147
2896,1124
235,80
2317,642
2325,736
1035,331
2809,1555
2845,1054
688,157
105,23
150,57
1252,380
757,0
864,0
207,41
0,37
738,202
1333,0
2343,837
1305,410
111,26
161,0
1314,453
801,237
365,0
1470,608
876,348
594,260
2528,0
0,150
621,87
2067,623
1205,454
2021,1152
778,261
1719,0
1010,412
1581,701
1072,427
806,319
1502,690
0,208
1259,477
249,78
1162,468
1526,676
1156,464
1181,412
183,37
1121,335
180,45
150,35
1043,346
1488,624
0,100
714,183
432,120
494,70
1294,420
1217,501
505,203
0,298
1192,407
1377,549
0,571
0,996
1204,407
1056,274
413,117
0,212
418,168
876,0
945,329
1459,616
1134,490
152,47
0,207
81,23
364,184
624,171
1760,913
545,151
1183,459
1266,385
697,166
1297,328
1768,760
409,93
1178,486
1066,352
784,288
249,92
1011,454
162,6
161,6
372,78
0,423
1146,0
1414,442
614,220
902,308
1271,463
1378,457
557,209
578,126
0,75
844,296
291,83
1177,513
0,547
1761,714
780,304
842,247
441,118
685,0
1116,428
1963,1084
1509,561
1232,495
145,34
121,30
852,177
849,177
0,349
2051,1009
1131,296
1417,550
458,0
614,129
462,142
936,420
1780,977
538,217
281,84
494,188
1540,674
668,281
798,146
1660,443
337,146
924,246
1563,729
716,212
1772,835
1120,309
1107,392
1114,0
160,45
903,400
602,193
1644,516
203,36
1142,474
1517,454
0,97
265,59
1852,1053
587,179
90,25
1815,813
1430,682
1755,582
171,76
1990,1284
941,353
861,0
1175,414
271,114
42,24
1058,449
0,244
1672,487
1027,256
1639,0
476,108
1881,780
724,271
1157,0
296,51
699,145
2060,846
0,4
63,23
374,0
525,156
337,0
387,166
65,13
732,203
377,119
190,82
145,47
933,339
577,0
69,9
1832,1164
0,453
1895,1044
661,319
1234,725
1250,530
0,356
1143,481
1007,492
1245,0
331,133
1937,1061
1106,458
427,130
0,240
348,162
1551,0
249,70
1787,920
0,483
765,0
121,42
577,95
1753,924
1179,507
401,119
1317,612
653,233
1829,541
1269,315
1288,503
0,303
958,385
165,56
1705,1289
1633,348
1784,0
72,13
68,12
1279,401
1340,273
851,203
244,92
451,0
468,222
1118,266
284,114
0,1084
445,90
789,238
990,303
0,503
1574,613
1242,513
1632,0
2011,726
259,82
1481,368
1365,0
1394,499
467,143
927,356
1627,560
702,271
935,242
1029,369
556,243
156,43
1912,983
1740,0
1554,775
1579,865
280,106
226,0
657,49
315,98
1238,542
1770,622
1349,606
1765,752
532,191
731,251
367,107
1448,456
258,86
263,115
317,84
1418,0
1098,230
1314,672
1271,728
1716,413
1233,606
199,47
1188,607
1686,690
313,127
1194,320
1025,0
0,631
357,0
0,690
695,0
724,207
0,169
624,280
1539,554
1802,826
103,34
0,127
568,229
812,411
1414,628
506,101
1556,378
761,205
1040,397
1719,839
35,31
451,143
0,706
294,81
441,187
458,158
780,277
403,29
1805,0
1154,355
1216,0
815,200
1135,0
1578,697
1205,563
373,134
329,82
2201,1080
0,1149
2094,781
2700,1009
1007,439
0,514
583,0
0,1330
692,203
484,154
620,289
1139,517
2726,0
1281,495
1505,541
130,64
1691,733
305,112
446,107
1731,410
118,29
113,26
143,42
311,59
567,137
261,138
253,132
2587,1212
1096,334
602,190
673,264
2302,764
1625,379
289,71
1712,424
386,147
1024,382
1336,451
242,27
1548,601
2538,987
221,67
1166,531
3126,2107
2899,1506
1581,567
185,66
2064,1147
0,348
601,120
224,47
347,73
1675,376
2264,0
1850,694
941,219
1885,835
937,325
398,184
1793,706
309,76
259,64
0,506
495,0
1195,420
474,179
443,168
31,11
1523,486
22,4
464,143
570,227
0,396
3103,0
0,1005
1293,420
459,55
2875,1716
2096,708
351,125
2217,590
391,114
1309,487
269,53
2035,929
1199,465
2241,459
1326,463
3464,1855
1803,491
856,419
0,203
86,43
1473,534
1654,420
399,134
1026,483
3243,1857
1479,675
1811,1014
1041,598
0,629
2355,0
782,333
2688,612
124,49
1929,413
1767,738
792,177
1373,0
273,82
0,117
2253,1015
1672,696
63,16
854,328
0,1076
1510,513
137,41
1107,328
71,13
47,12
597,0
2155,815
845,279
2133,953
1685,436
3169,1614
2324,1226
1018,501
2919,1043
1034,369
1691,513
2767,1317
0,660
681,255
663,245
1556,841
0,18
637,154
423,92
214,62
2571,919
2129,383
0,188
612,0
416,165
2807,1446
330,0
0,41
1310,321
132,34
41,10
2616,959
1060,327
1896,807
1754,602
410,109
1784,830
868,432
916,398
244,59
38,6
32,3
284,77
896,283
1575,674
1417,452
781,292
2416,722
528,206
333,0
143,42
1370,646
2308,506
2947,2095
0,327
1217,333
2881,1640
1260,520
2071,910
2828,1328
3133,948
989,513
879,229
2118,787
746,249
2462,1213
1048,157
634,139
0,653
860,318
2377,0
1408,678
969,470
2093,914
961,423
649,322
1842,0
1227,427
2496,0
190,54
2748,0
693,0
2365,1175
2984,942
0,481
2317,973
1723,471
1763,820
502,0
2938,1435
859,273
3163,2344
2431,548
2767,1259
1049,455
2493,783
1606,0
1305,374
0,271
386,103
432,120
808,168
2097,942
3425,1982
2073,804
1012,168
1620,537
803,317
340,102
2583,1427
2749,1022
1336,412
1819,435
1613,641
2052,662
1797,723
424,141
225,49
24,0
1795,676
1773,611
498,144
602,150
2397,1285
2084,1158
51,10
2839,1478
2557,1427
2909,1693
389,34
1101,422
2286,1130
0,89
1001,309
2978,1457
0,496
975,159
2900,1159
303,71
1263,369
2392,929
1249,305
775,0
1975,774
0,289
2689,1225
149,50
1190,0
1108,0
0,75
181,41
389,58
691,253
2432,990
1749,877
2025,867
2188,869
61,0
2216,1009
2171,845
114,37
29,0
477,114
1797,594
2093,945
777,0
301,151
90,33
65,0
2950,1275
2782,1535
292,75
3003,1680
1959,390
798,392
2845,1325
1986,528
1615,565
2880,1834
0,14
2760,1116
581,152
127,15
1537,569
1627,642
779,292
1378,489
2760,999
2102,689
76,14
1501,651
1488,0
1859,827
1707,785
1679,604
508,190
137,54
0,266
420,111
1382,0
3129,1806
1710,650
2859,1269
0,38
856,282
2767,1189
2363,971
1182,311
463,154
259,47
2129,927
1010,0
574,193
857,307
3190,1301
1790,0
0,760
918,259
1098,248
933,293
640,181
0,112
2685,623
696,191
2906,1490
2821,1250
74,24
265,78
2811,676
208,0
2783,1938
737,193
1000,354
1460,500
2127,759
2337,1022
126,31
309,169
1630,461
2709,1381
384,76
559,261
393,186
0,21
1309,245
550,0
0,996
1720,640
752,227
968,413
0,422
683,277
222,71
1050,282
1874,822
1495,483
192,63
956,0
1485,356
1038,319
209,62
140,42
69,20
2729,1069
2162,580
0,361
1692,524
1261,371
70,32
922,0
526,177
0,1005
207,86
1398,490
613,72
3174,1820
634,160
0,741
281,101
273,101
1229,409
1331,251
0,760
3443,1765
709,229
0,683
0,125
0,249
1457,342
3194,1591
77,28
62,16
149,19
831,177
1579,0
0,842
542,213
593,182
152,39
892,283
929,338
133,19
2771,1250
2390,657
1411,0
1159,362
630,198
540,109
2519,1411
0,39
2613,0
1615,623
1892,586
1815,665
1267,480
548,0
0,683
65,22
1810,769
133,55
2363,728
2247,673
1587,407
2858,1459
2974,1462
1981,981
1846,823
616,281
1648,566
1690,643
550,243
1410,633
2588,631
3394,2044
511,130
0,64
232,66
0,310
1981,266
1415,461
1083,441
650,181
3065,1299
706,216
1457,333
93,9
1597,0
979,386
618,335
1663,728
930,398
733,330
2457,1008
241,0
402,124
2720,1151
1507,396
301,49
1565,550
1108,380
457,170
2649,686
597,260
76,31
641,137
1359,690
1095,339
1306,267
2895,1878
2557,1598
2857,1369
2989,1528
0,1290
1522,463
660,201
285,81
478,0
1143,317
2555,1458
3087,2065
193,28
2831,1046
987,145
2394,878
922,337
907,335
0,262
308,112
0,150
39,32
2535,1202
1434,0
2390,975
3181,1527
493,180
113,0
983,285
912,441
196,0
135,35
0,107
81,13
1154,359
306,177
374,115
2225,998
1716,0
875,304
469,164
431,0
2387,1092
0,512
333,108
1233,328
184,54
3125,0
0,2125
2767,748
2836,1304
1545,689
925,216
764,0
2127,701
1491,0
2534,582
793,198
0,45
1260,479
127,56
178,48
876,251
2059,988
3244,1823
851,267
58,14
0,242
1809,747
3120,2071
2133,721
1658,498
1619,429
942,0
1678,573
1901,611
605,0
270,27
1800,621
403,0
1832,622
764,210
2212,899
1358,613
2751,1345
1201,498
631,0
544,0
0,1478
1219,437
2473,933
1299,616
226,46
150,20
116,20
397,104
144,43
686,254
1941,847
180,51
2542,1105
113,0
3017,1364
3215,2380
293,89
123,33
2397,944
2905,1529
2655,1066
0,260
421,120
409,140
719,252
202,51
1371,498
491,118
0,43
0,586
0,1145
777,216
598,103
1972,0
3089,0
1820,528
647,138
2688,0
1733,831
411,122
1620,498
392,114
157,54
143,30
3396,1892
527,237
2940,1477
1492,433
2836,1898
3106,1414
171,28
1609,583
1532,558
2336,838
2394,802
1745,535
2290,720
1182,372
804,241
378,131
1211,410
1272,403
1238,467
1583,599
886,390
771,309
1059,413
305,75
2363,907
1988,881
441,135
417,135
2980,1636
1325,549
0,52
2525,1503
600,177
262,72
1860,0
2430,731
219,60
1596,411
553,172
1155,511
2730,1015
275,81
2285,957
1319,357
307,0
638,185
1710,774
228,58
3040,1164
1985,739
408,0
1819,510
0,581
1747,0
954,302
2355,1027
599,119
279,93
245,39
585,162
1699,412
1686,0
761,0
757,215
3020,1453
962,397
92,21
67,23
65,7
817,0
403,123
520,125
3063,2019
206,56
885,253
684,111
630,105
1769,591
350,105
283,0
1007,0
2156,1074
1050,198
2385,1484
2605,1461
1389,0
2798,0
2185,915
1528,480
2080,875
693,149
365,106
1440,450
1407,350
481,214
0,516
802,0
501,192
886,360
1150,483
0,329
0,554
2175,753
2978,1113
3318,1484
0,185
1231,365
0,959
633,162
1447,597
570,162
249,73
109,25
2420,888
155,0
774,0
1174,437
327,48
3329,2089
609,171
152,54
901,390
799,229
2754,1424
1974,786
1963,938
452,164
1786,467
343,74
1485,379
2343,1234
0,264
3175,1714
183,36
152,28
2406,884
0,1441
384,0
1410,372
0,5
2256,673
2210,608
1383,415
1129,0
607,0
848,324
1601,652
325,0
2541,0
1313,576
1553,675
92,26
47,9
841,0
162,38
0,232
2237,681
1266,315
422,143
70,36
512,235
810,209
1408,345
1230,514
2914,1567
2635,1185
1659,684
976,501
1854,950
2049,895
1616,473
0,189
2622,1883
1750,896
280,57
1825,589
495,186
169,84
326,102
2367,686
949,298
119,42
176,54
1917,0
366,94
1352,535
1200,481
0,54
1660,208
1916,581
1003,304
913,277
126,26
0,340
2093,0
775,269
2151,880
2601,1102
429,98
1441,404
434,107
542,0
1665,813
490,0
176,41
989,285
1868,417
581,169
893,172
1502,0
159,40
650,167
1615,717
1549,699
1180,300
3040,0
3187,1674
3109,1547
319,0
1750,859
2504,0
1601,0
3143,787
1247,0
718,212
153,52
236,0
2912,1948
3030,1184
1471,587
729,331
1716,735
2227,779
3023,1335
0,1032
872,424
2889,1304
3116,1606
0,795
76,16
655,116
217,79
1110,255
1371,396
2455,1178
1448,480
2312,1176
473,227
2907,920
0,851
1498,443
2218,687
0,338
724,198
2249,665
2707,1371
2422,1822
1383,216
999,379
1378,435
1146,304
577,158
2568,0
0,376
160,34
221,55
1295,500
790,231
272,79
234,63
1765,839
3301,1815
2793,0
1718,626
3302,2144
1881,509
426,87
1294,399
2238,782
1343,363
1128,190
1230,407
82,26
1179,513
1417,767
714,224
606,172
2629,1151
2152,0
173,93
2855,1166
653,262
0,1366
168,59
1880,0
1254,629
626,288
728,183
1937,0
1216,714
169,16
1998,636
0,189
290,60
252,82
142,58
631,169
343,112
1107,224
47,21
37,16
1141,441
110,0
2211,895
2225,738
248,29
3326,1575
2685,1629
1134,0
93,22
2566,1102
2796,1016
1643,606
654,208
2294,794
88,32
1780,778
1805,803
3117,0
2967,1504
618,203
2484,1015
2771,0
1987,0
2442,751
1075,389
77,18
1582,491
1970,810
2496,1322
0,357
2465,0
900,296
3406,1794
1655,460
2921,609
0,231
2963,1521
964,231
1728,494
2071,1322
1346,383
129,56
2171,833
1546,0
2927,971
1747,472
2236,959
1641,518
1284,484
603,221
1117,450
865,315
1642,727
823,421
819,306
3087,1608
1360,523
2318,767
2880,1713
1197,710
474,99
907,305
2556,1057
1135,372
0,233
446,139
1731,687
2866,1497
69,24
2350,769
287,121
862,212
76,19
2480,774
1473,555
0,481
1683,487
682,262
1173,230
819,303
0,603
2327,1199
836,150
1403,401
885,281
518,120
575,0
2049,810
1321,600
1314,338
0,543
0,1146
0,528
80,22
111,42
93,30
0,18
666,145
1773,593
262,41
196,60
3401,0
0,13
77,0
1514,450
783,267
2858,1201
894,295
869,343
0,295
184,48
0,884
2700,1536
1247,332
1827,691
2351,700
2710,748
471,173
1742,602
516,102
0,36
421,120
38,0
1992,858
633,252
1571,849
1555,236
872,0
1894,738
2282,579
340,88
3131,1626
1327,365
1873,654
0,29
2384,795
1041,328
0,771
3181,1884
1305,466
2243,744
784,0
0,17
1365,0
601,119
2829,863
539,121
802,162
573,164
2181,681
1787,440
760,169
2584,868
2948,0
1613,492
2068,714
0,525
2148,935
0,548
1890,737
1873,875
2641,846
1373,325
447,129
2640,1612
2557,1370
111,30
37,11
2003,0
1850,573
1973,795
685,134
1930,501
1494,394
2258,839
1351,312
855,203
0,109
784,144
2343,522
1025,411
2600,1123
76,23
2137,857
444,0
322,64
122,29
673,280
447,130
0,2262
1676,0
286,66
273,55
1309,487
1467,382
1147,368
0,276
1722,607
1379,490
2879,1242
842,0
430,156
1170,152
2255,803
709,224
1789,869
222,53
3031,1640
1633,537
952,299
2989,1495
2213,963
0,848
928,216
287,60
1704,730
2215,632
1611,639
0,183
3044,1396
211,60
131,40
488,72
1986,647
1497,363
0,299
2006,1073
2443,841
2936,1667
89,34
3240,1806
3373,1716
2628,1283
0,1772
0,466
2763,1147
952,415
1949,498
70,11
1367,457
2954,2407
1311,432
2374,721
0,255
0,556
2008,618
2913,0
2270,955
1826,806
360,205
2117,882
262,0
2382,1104
3044,1280
644,205
2510,923
193,61
0,138
364,120
77,29
1103,320
0,564
1375,357
3117,2011
2864,1600
2535,1841
514,74
1679,714
1366,494
0,534
1127,303
0,231
1369,441
1926,438
0,378
145,27
1321,466
1103,408
0,1269
648,188
1655,649
2123,1084
1085,0
1941,727
2949,1153
1360,601
3096,2048
2518,893
872,352
1646,541
403,104
0,137
1910,724
1301,650
2518,706
488,0
2316,1241
144,52
1532,556
1368,552
2825,992
1676,546
1355,364
2591,1436
1344,297
3351,1816
0,227
0,476
504,0
1025,194
502,132
448,94
900,250
1381,461
141,0
274,92
1117,404
1032,360
2859,1215
2747,1508
760,279
2275,0
1275,458
956,320
138,0
1130,401
1836,913
1377,562
586,0
1392,470
2358,1066
2237,566
851,268
1222,476
543,161
1320,315
1175,447
2026,912
2337,1176
1686,473
1243,296
2873,506
2684,1340
1465,472
1366,0
2024,521
2622,1542
234,0
1563,650
290,0
479,171
688,147
324,62
1597,500
2350,746
167,28
1961,714
276,92
1881,627
712,255
2061,987
840,297
353,80
1982,797
1381,0
2684,1384
1956,1065
1810,694
905,262
256,32
2066,1078
2008,897
0,289
1416,0
1313,531
313,113
1500,550
0,171
1101,351
1947,669
766,251
147,60
132,41
2980,1506
2758,1318
0,38
1787,498
1206,345
2592,1162
2624,565
773,219
443,118
403,110
627,0
408,0
0,118
703,164
141,41
2030,623
675,304
570,203
2785,1645
1743,418
0,213
2780,831
545,226
2220,462
1207,569
1051,387
1039,0
538,129
796,336
1678,804
1211,230
730,126
2317,800
0,94
1457,460
730,220
875,218
1769,580
1472,391
261,44
572,137
469,0
364,69
3231,1987
0,1381
1951,604
157,50
1411,539
2260,987
1643,620
1465,556
178,64
2303,0
1106,223
767,364
304,68
515,93
263,0
484,96
0,1375
0,169
172,0
2095,699
1134,502
872,258
438,0
1795,550
0,24
2504,908
2706,915
1804,530
1799,924
0,1376
661,117
789,187
1185,689
3119,1033
598,0
2940,1450
3122,1654
512,165
1760,495
195,84
1913,464
1598,450
0,212
287,113
3331,1367
734,173
373,93
1843,499
0,145
2895,1284
2842,1072
1037,261
224,96
2931,1421
1617,572
2332,799
1701,375
1246,259
2628,1508
2777,1119
1373,0
3254,1639
1415,708
2988,1205
408,139
730,396
328,96
285,93
789,251
636,113
927,290
506,138
2365,828
1269,465
1096,363
2112,689
391,152
939,330
1191,531
2838,1214
506,121
0,800
1611,592
938,345
673,247
417,102
395,130
215,96
610,279
0,197
1494,0
780,341
401,80
2915,0
2788,0
3003,1371
1606,379
220,0
547,0
1211,0
71,0
345,175
1144,382
2825,1199
1037,0
0,215
132,40
2148,0
0,1836
748,0
412,136
0,106
1419,459
0,672
0,438
0,234
273,91
3021,0
1114,382
0,141
270,61
1968,810
733,92
1244,459
708,217
583,200
1577,589
168,64
929,358
453,108
0,909
1511,618
3264,1964
0,1099
2025,1133
915,311
282,71
707,199
494,180
3018,1359
2699,1006
2089,970
942,362
307,106
0,270
2840,1151
418,105
3050,773
368,158
2390,1088
1675,766
730,0
1252,424
425,119
868,261
404,158
2179,746
930,273
861,261
985,541
1373,469
714,219
1637,422
1230,345
763,255
1574,752
2714,1333
1674,610
1867,909
519,194
0,111
3064,1867
1262,492
1239,432
1171,255
1151,0
736,196
1382,0
412,142
576,122
706,215
2903,1115
0,35
0,372
483,0
169,62
275,83
2516,792
1790,772
93,36
1461,514
2866,1316
451,124
262,82
189,42
1772,909
0,1361
2627,675
119,33
55,6
2276,938
152,54
1238,0
55,12
2817,886
1066,333
2689,1819
464,229
430,224
2220,1569
1522,799
1525,432
2189,640
996,226
1866,712
1501,604
0,108
961,0
0,511
1396,463
1087,458
1827,647
1808,1012
1785,589
2026,843
1843,501
730,0
328,117
459,116
1340,667
1201,314
2074,882
1175,321
0,597
2203,1342
472,152
139,29
0,416
0,877
0,336
1047,463
1700,352
3121,1817
955,324
306,110
284,85
2193,1186
1660,715
68,25
1066,437
667,0
218,26
0,32
275,46
159,51
2584,0
1271,561
2675,870
1317,528
1272,437
1396,451
891,0
300,144
532,237
2670,981
0,102
1144,285
2615,1320
3174,2302
809,220
230,42
1987,0
1798,547
768,212
1330,395
104,42
2839,1018
2268,813
1830,577
1632,572
523,135
1349,0
243,69
2667,942
380,115
119,44
261,71
227,64
814,222
0,747
2893,1377
699,196
553,0
1797,740
3182,2003
0,416
423,165
390,137
1870,735
254,67
2852,1113
2089,876
0,1022
2388,1134
1519,589
414,142
27,6
1178,396
0,282
918,371
1137,445
2017,963
2573,1165
1785,410
1832,438
2492,1669
2320,975
1215,368
0,87
214,0
1533,467
1957,809
529,153
667,264
461,202
2510,1029
2960,1769
1340,636
865,191
1382,405
0,117
428,136
1856,0
928,339
121,41
132,21
2839,1176
2571,824
328,0
1689,533
1090,359
157,90
485,169
862,317
128,49
2799,0
941,233
695,184
0,127
1859,782
648,0
906,338
1668,608
255,62
1617,833
1089,429
2534,0
1014,301
1279,604
2558,1253
2401,993
0,332
112,24
521,111
823,378
2855,0
278,78
158,34
1757,0
818,0
684,354
863,266
360,80
2974,1854
2955,1473
134,24
0,198
525,123
702,328
1125,415
677,293
146,57
0,73
0,36
739,265
583,159
152,33
1527,741
1056,518
978,369
0,207
1047,349
709,165
1713,678
1161,491
1497,578
1592,744
631,175
1259,431
141,39
268,68
2215,649
2959,1162
3167,1728
1000,258
2925,1495
2240,914
1157,429
1912,622
2348,768
250,46
2751,1572
3099,1953
1978,536
215,44
346,141
340,70
2708,1318
740,292
1875,685
338,0
589,150
2653,1345
185,26
0,871
230,73
1895,255
2555,0
1148,408
1761,485
2283,767
191,35
3207,1516
1460,689
726,247
2874,1080
0,486
1137,470
2155,647
394,0
886,334
1139,403
1393,377
2038,780
276,87
1824,345
225,66
1734,747
659,258
0,377
2957,1656
3135,1628
956,0
175,58
1235,0
1245,0
1359,320
2825,1609
1944,885
2782,1411
824,347
818,218
2491,757
2310,707
0,127
613,318
1421,796
3021,1292
800,342
619,188
1312,421
3086,1007
3103,2377
0,260
594,245
2925,0
3288,1684
3059,1521
3340,1653
0,153
967,281
0,14
2560,932
665,207
1492,403
2351,871
1129,345
458,0
238,99
220,92
2876,1568
676,74
3263,1769
181,81
241,71
159,60
398,189
1745,1147
118,16
767,0
140,37
0,229
2937,0
2923,1182
2979,1170
583,154
0,35
1302,509
0,196
0,50
0,157
2796,1489
1784,905
424,125
241,65
3089,2151
1802,1024
1806,1181
3221,1186
0,192
919,238
0,146
1153,400
718,211
1376,0
2715,1510
1792,858
0,514
736,344
1332,354
3140,1374
228,59
3084,2116
0,191
321,74
279,104
1089,435
487,131
412,0
1442,451
0,51
1303,422
1119,318
1515,0
2059,619
938,0
414,146
2538,1002
944,191
515,103
210,0
0,423
887,379
590,147
1525,715
2648,900
0,1290
116,43
862,317
1236,0
50,26
0,533
0,1366
1174,561
0,47
465,140
1210,422
2798,1371
131,38
1121,337
2293,748
1411,455
634,287
99,36
986,355
760,219
406,73
2890,0
2780,0
1578,623
975,347
603,276
0,1518
2418,836
212,49
1529,626
657,218
1525,0
243,42
99,25
692,197
1874,728
1531,703
1013,329
603,310
370,70
1689,454
2015,793
495,174
214,69
1392,0
638,242
2219,1454
3040,1088
87,16
1190,399
2942,2105
634,176
1064,334
503,0
203,65
1631,635
1575,404
2917,1143
2784,1403
0,528
583,120
682,206
2258,809
0,1642
675,260
271,93
1662,670
202,73
2474,1203
0,668
2369,785
1878,869
3126,2070
913,204
1844,169
727,227
2849,1576
1761,571
800,320
180,0
3021,1374
1177,284
222,123
538,243
1243,490
698,200
0,119
2726,1599
2580,1049
2638,1272
309,89
244,70
1127,325
712,179
1090,0
2832,1093
0,740
2287,826
2243,1047
475,107
840,258
1909,567
1410,0
1239,321
1188,475
2275,881
1319,503
1842,839
2763,1485
1965,0
0,71
0,439
1626,585
2211,0
418,119
1715,783
2839,1327
946,468
1605,450
3062,1386
2121,0
1330,592
138,48
2479,1161
1293,640
273,76
3190,2132
1555,371
973,0
309,113
2319,1107
1956,897
720,226
336,110
1594,493
1033,332
1319,412
666,189
2933,1041
967,369
2049,584
1273,408
2288,1067
848,426
352,100
1731,621
2348,0
2748,1210
3010,1403
2818,1618
492,165
1729,664
2539,0
718,231
379,138
339,93
0,101
822,0
1624,1202
44,4
667,231
1477,465
1289,230
1532,696
2682,1412
2331,1000
1676,494
792,184
119,31
1135,690
0,890
0,963
919,199
460,81
198,44
2457,907
2353,0
1740,0
1919,550
720,264
353,116
289,104
701,84
2425,1608
710,290
244,33
1675,814
1621,636
0,283
241,0
955,203
246,108
810,192
271,17
2135,671
868,256
1523,294
1471,819
2647,1178
563,192
272,0
1615,804
2419,920
0,231
2689,1671
1029,419
900,479
966,374
0,54
132,30
2268,970
1932,547
984,462
2697,0
0,1304
0,684
544,0
1759,574
590,217
0,949
2219,845
2586,1106
534,170
2950,1297
333,131
2179,839
1514,444
1337,620
2641,1316
1292,393
0,173
970,276
1096,338
1373,494
0,141
2806,0
425,252
546,192
0,40
952,224
310,125
0,114
1861,792
1414,0
0,654
103,41
2907,744
2646,889
1573,0
2198,711
2720,1119
1773,575
274,141
2088,914
98,27
713,184
204,52
209,39
240,114
0,1180
875,252
0,922
2758,721
1039,409
2016,720
1960,545
975,486
299,130
2274,898
684,60
488,80
629,238
559,224
508,206
2724,0
322,120
940,313
194,54
0,1070
401,68
668,263
0,153
257,57
876,354
2651,1508
0,1624
3071,1636
279,66
1720,0
96,31
0,425
2972,1140
2249,0
1884,496
1342,530
2328,1337
2351,1246
3000,0
821,194
1765,605
149,38
2299,1442
2122,826
41,18
128,87
358,147
61,6
307,65
166,46
2022,946
838,386
702,229
1805,589
773,123
463,76
931,334
1287,552
373,153
199,85
0,85
2222,0
532,147
2757,1513
2020,827
1210,491
810,336
925,397
215,58
2222,1029
326,83
3424,2164
1437,418
1389,553
891,325
498,228
2855,1466
0,2250
537,215
2189,621
2919,1726
764,221
0,387
3343,1779
222,0
1276,463
1530,580
71,30
2906,0
1895,577
657,249
711,342
303,0
2356,876
0,791
2502,1547
286,56
2315,972
1713,0
602,0
130,59
1702,574
1708,724
2020,1114
1410,242
3016,1398
0,661
1650,639
2385,698
181,56
2106,916
527,254
1664,0
1961,755
264,135
2769,1817
1206,571
945,470
803,0
1644,397
2921,1094
392,123
1497,644
183,43
409,122
2312,0
0,125
1316,0
588,228
1819,0
556,98
3149,1788
0,527
1223,393
1883,913
2306,814
1505,311
632,91
2517,1015
512,88
2024,847
305,22
1554,495
2564,917
1081,436
844,343
295,105
1180,656
281,32
1584,443
1940,780
1330,502
1293,464
3026,1602
1316,423
2080,834
1139,306
386,98
1279,632
0,27
0,348
126,35
438,193
1533,0
0,239
1886,588
2410,1137
776,0
362,146
2172,1168
1232,350
376,151
1554,610
1234,363
97,34
182,70
716,278
887,359
856,348
1312,487
0,422
412,98
115,27
1908,850
2375,1063
780,264
206,56
166,42
1705,993
2453,1202
0,686
217,67
655,228
0,212
2740,0
70,25
2719,1375
1272,364
1124,422
1928,667
995,258
0,214
920,399
2605,1111
931,361
675,0
0,328
477,202
341,144
2585,1392
2333,0
475,139
1787,412
2626,818
201,0
890,251
1831,584
2479,0
2087,1064
1174,317
1700,733
111,42
0,530
785,232
2754,1072
538,183
0,889
142,92
452,56
584,0
816,261
300,115
227,84
2906,880
2885,1871
0,474
1993,815
0,49
2336,0
2441,814
1828,452
2494,1139
746,263
941,0
412,170
98,24
2999,1528
708,147
1795,586
0,683
320,187
2677,1252
376,199
1828,685
2279,1225
693,277
2380,1407
2494,1470
0,78
858,91
1832,644
175,58
176,43
184,64
0,79
2821,1624
1663,936
472,173
22,2
792,361
92,22
1765,838
181,61
123,56
861,211
2716,1074
2339,1223
1649,531
0,511
1836,1156
2939,1607
1310,296
1421,525
1481,0
1426,429
771,228
921,0
938,180
565,224
1141,0
442,157
560,162
2859,1401
231,71
190,62
0,1068
2048,0
608,0
116,6
709,159
954,386
1947,1254
1064,294
301,93
636,308
465,246
1866,596
1181,0
279,0
105,36
1623,657
2100,831
1354,513
2589,1514
365,151
746,160
456,116
89,18
667,199
0,676
1278,551
713,316
1161,492
108,40
147,61
677,0
2316,0
2691,1085
2409,1225
2246,1034
1473,481
2456,1581
3002,0
277,116
515,191
559,162
217,60
674,267
1129,499
0,815
579,89
1111,382
491,0
1919,0
1164,265
2903,1765
1803,610
979,0
504,136
2488,1044
735,194
718,195
0,977
0,374
2421,1073
712,263
1521,566
1263,608
886,211
1948,0
306,80
1247,545
2175,857
282,138
2815,1294
0,289
2306,694
3048,2386
1225,0
216,88
1314,165
2669,1182
0,951
1776,448
2668,1256
0,135
1919,1039
54,12
2093,845
366,80
170,42
207,74
2452,1181
772,237
2580,1145
0,330
655,0
891,367
1169,722
2629,1072
335,0
56,10
1585,0
1472,0
405,104
91,14
2168,534
0,375
1304,630
2328,1156
180,71
157,60
0,118
2195,730
0,166
2256,1143
1045,253
1117,440
2297,996
328,145
967,379
93,0
2835,1970
1488,657
2783,0
2702,979
1817,0
267,48
0,319
2310,1244
1807,0
1163,333
0,140
261,0
470,111
2569,959
691,223
707,243
2896,1399
1280,328
2523,1145
933,340
0,158
915,349
2279,825
2906,925
54,11
1087,481
1730,0
1991,674
2438,1395
3239,2472
1317,453
0,968
709,202
2227,615
2339,1094
2747,1221
575,202
2060,0
2469,0
2403,1190
182,81
2204,735
99,0
2150,1237
0,355
1088,0
311,104
261,86
115,0
1630,647
317,0
17,2
1904,0
1773,358
1033,350
1614,478
355,113
2035,946
2755,1135
2276,0
624,244
1223,447
918,446
827,388
91,0
131,58
820,297
315,0
326,93
236,70
74,20
114,21
3129,1667
300,149
0,395
412,124
2520,994
1794,372
406,130
1892,776
1137,336
0,28
1681,688
2469,1343
1054,504
234,113
33,16
130,10
666,240
3027,1542
359,77
390,141
0,667
1550,513
1269,382
363,0
906,0
3113,1432
968,386
240,30
0,169
107,34
1497,622
71,0
2500,1146
1950,719
680,292
685,0
0,163
1925,687
0,2027
0,950
1240,636
2370,850
2149,988
231,109
499,200
1712,841
0,197
0,327
2411,0
1687,651
1731,399
581,169
865,0
891,256
133,0
758,217
749,384
53,14
807,0
0,34
2082,678
2963,1110
261,38
2824,1245
0,78
2671,1329
2348,489
0,59
766,195
1232,585
2871,1269
1016,532
855,358
883,136
267,49
2838,1896
719,228
582,169
334,136
0,45
321,75
2079,804
1405,548
674,256
589,133
872,207
2272,835
2166,651
0,185
1975,381
144,36
2005,768
1368,0
1500,528
1703,493
1912,898
2359,1092
227,52
2605,845
1392,435
340,143
265,114
59,6
3211,1769
2890,1321
0,457
373,134
223,78
286,94
2751,1970
1774,1259
1796,755
726,0
2600,826
995,274
1609,729
989,229
44,0
2353,1414
1020,0
183,36
2375,624
2522,990
1496,651
149,50
2097,541
1646,840
2172,1076
1841,543
1432,481
1063,346
0,136
1568,712
1738,765
867,436
770,222
1125,0
215,81
336,127
582,235
463,110
153,26
0,1022
1702,610
1579,447
2059,748
0,1100
464,163
392,134
593,96
2360,1039
598,239
2309,1143
1637,0
1108,284
938,271
1269,552
380,208
2851,0
2778,0
470,207
884,323
292,121
378,170
2156,1022
1683,682
595,163
64,13
463,178
1549,0
798,132
947,303
2074,923
0,106
2541,797
2297,558
2541,976
463,118
297,79
2104,970
1671,764
2220,1056
2152,1069
2426,0
2095,547
2032,817
531,129
0,41
2427,0
1815,744
1674,672
3112,1845
1498,777
1535,767
640,193
399,130
1665,765
2254,1079
933,321
2079,582
1218,388
0,160
1661,653
527,165
2244,1025
0,884
2409,0
1125,406
1182,373
2704,1178
2935,1784
592,139
2216,808
1145,360
330,59
1722,735
1375,0
486,0
0,1528
601,74
463,47
0,688
106,27
2069,709
2047,566
112,16
1032,436
1649,681
336,106
2889,1673
2563,1011
208,45
1233,414
1200,348
1387,390
2193,798
1686,574
760,174
2650,1029
1280,535
851,370
429,165
1042,255
0,764
524,163
466,109
2497,1106
1685,783
2319,997
215,104
2504,1681
0,1180
168,64
2358,756
112,31
2528,1368
868,328
0,1268
362,76
163,0
0,87
429,87
893,273
1107,0
653,224
717,197
2562,1098
519,64
445,55
0,81
1169,0
134,44
2715,1249
1919,766
2159,840
1754,607
2554,0
872,260
159,51
101,45
0,258
734,344
738,278
1158,383
2870,0
2183,1082
199,74
483,0
0,39
0,2
126,0
369,53
1178,0
861,419
1748,663
314,131
1775,933
1030,574
1362,434
630,237
1797,565
0,1086
0,282
1666,0
0,1941
0,1131
1238,154
2693,1113
0,343
1413,545
453,135
219,65
2465,0
2009,1129
456,180
295,54
391,104
1865,0
1065,477
713,198
2410,697
379,141
195,83
184,58
3147,1344
766,188
1577,572
2135,1045
173,57
603,190
1964,980
1876,1245
1350,0
1408,532
106,34
537,0
1382,708
946,512
1032,603
1087,541
0,472
1966,780
796,217
557,103
607,299
1455,327
626,221
1732,659
239,37
1443,524
1871,753
359,109
2112,1123
1799,555
348,107
327,95
1542,615
1341,459
2061,699
215,75
559,123
0,50
1613,837
1753,938
1446,490
83,2
1427,566
1537,488
2129,828
2206,1054
406,93
325,31
2020,823
1445,677
0,1850
0,13
771,104
102,17
83,9
416,0
191,51
1682,712
1135,462
1669,674
793,291
1864,947
2370,952
916,263
252,0
28,2
224,54
310,185
2062,1159
0,191
1522,603
2392,1368
206,70
697,326
231,60
84,20
540,162
1761,910
920,0
2015,782
1831,830
600,287
1110,535
826,376
284,159
1378,499
1237,316
522,131
362,89
88,0
348,136
2070,1113
0,855
1792,603
1530,700
501,140
1212,461
712,274
2326,1683
1748,578
729,170
2331,1260
175,55
93,32
934,356
298,114
1561,566
2127,1129
1469,393
666,185
292,67
196,61
108,42
266,58
1372,0
874,304
1379,299
2124,999
1757,0
243,62
555,218
940,512
726,369
779,230
374,0
1139,354
1919,0
391,158
1264,682
697,0
2228,904
1535,0
1124,486
0,273
1127,227
1644,556
1145,508
472,134
1809,639
2100,1061
692,171
2082,1015
126,40
687,239
1465,606
270,58
56,17
1020,477
781,266
454,130
1640,455
0,282
1280,367
1483,490
527,0
921,289
568,172
517,0
449,55
517,252
1750,0
1192,570
0,852
1404,436
1717,634
0,84
0,344
2067,1025
914,0
1705,563
1431,306
262,98
464,156
234,0
947,396
541,167
960,148
179,36
2183,831
803,160
630,166
119,57
1657,583
0,826
95,18
1424,0
507,137
0,208
0,6
0,576
568,205
0,340
463,0
1706,589
0,194
1792,799
980,85
1503,557
573,243
503,225
1159,474
1033,0
1925,842
1060,421
481,152
922,193
1682,956
1472,0
0,274
65,29
42,11
1276,268
181,54
791,340
1650,629
1729,879
1211,665
342,116
713,209
2307,1057
213,50
2109,705
161,32
1495,693
307,115
2482,1920
566,87
734,204
571,0
513,215
1003,443
2058,822
2239,701
2807,1047
141,43
713,228
418,184
2186,386
1175,327
1553,643
909,288
2546,1281
2454,1232
711,166
997,0
959,0
912,394
269,41
2160,826
887,326
250,42
1111,393
2093,0
503,173
2164,689
100,14
330,37
165,55
276,82
2289,1280
2230,1255
1353,392
0,1786
1085,0
920,276
1689,708
1289,534
913,399
2581,1134
0,133
2078,1227
1943,785
0,2280
0,218
985,396
2016,987
1120,0
2248,923
0,240
428,0
2309,1149
0,321
710,0
319,115
2796,1127
0,1377
919,250
1459,517
1876,680
1080,421
1188,450
322,84
1088,490
200,57
119,51
1421,577
108,5
325,136
1414,290
2233,905
1209,198
2269,937
437,93
458,0
2926,1383
663,206
2486,1055
2779,1038
1075,341
457,131
1636,712
2578,0
350,0
892,377
284,117
1016,262
635,0
276,0
2010,724
388,126
1363,693
0,704
2365,0
2259,810
224,77
2513,1216
1455,417
1135,354
618,330
0,791
827,333
257,95
1322,402
2010,812
702,143
2136,1077
1219,0
963,291
1326,387
1433,717
230,32
145,19
1487,401
802,242
1663,0
475,165
1364,729
2687,1298
542,174
366,108
1428,0
1627,636
1484,645
1977,822
2426,0
1641,535
1029,454
2052,765
104,33
444,200
1134,306
507,207
655,265
447,196
2174,1341
2758,1177
1219,544
2335,1186
1954,330
352,108
198,67
2607,1169
2379,1100
936,347
1418,377
1423,522
0,467
2278,0
376,183
2229,613
1652,876
138,38
2678,1446
721,396
1997,838
544,0
1209,307
2171,0
892,270
1507,472
499,188
980,331
795,275
1156,0
2122,1100
57,15
36,0
2285,891
0,1359
1221,229
701,121
189,32
2892,1094
68,22
63,22
1312,323
1457,0
0,263
58,8
1092,0
2391,1463
2859,1455
489,194
829,96
2435,1250
86,29
435,0
830,259
1916,933
318,110
1411,628
693,155
2033,610
0,171
61,19
786,152
951,328
1072,303
112,40
1897,525
925,352
97,0
0,401
1857,909
952,240
0,170
1257,558
2204,738
1735,625
0,250
911,403
643,302
2530,1249
831,436
1751,573
690,197
2141,1042
1855,891
160,0
1557,645
716,0
316,0
228,115
224,64
751,0
395,115
598,213
1054,485
2468,925
0,470
252,101
2341,810
2178,0
768,257
184,47
1353,338
0,33
2094,1282
1198,536
1635,510
2846,0
1614,529
238,83
2358,1394
0,177
301,112
390,97
234,59
2213,1011
3017,1791
818,0
0,202
265,88
1016,339
1729,511
3023,1560
1209,401
899,214
399,81
500,133
0,1042
912,416
2201,970
1428,0
1503,638
727,174
2312,910
1083,315
1970,859
2531,1457
639,350
2898,0
434,104
533,194
194,96
335,60
1797,511
2805,1382
869,273
0,138
0,592
0,893
653,173
1666,688
754,0
575,99
2461,1081
908,432
1856,779
1560,754
2434,781
1143,487
958,538
0,181
1376,579
2040,588
1478,618
146,28
248,84
2553,1594
158,40
2240,715
236,97
2078,921
2138,987
1312,472
2400,1291
695,191
1538,665
1469,540
642,302
1974,629
2603,908
2862,1417
1248,0
2409,0
870,329
2177,1298
260,74
2780,1343
488,109
1346,608
196,40
807,184
0,201
79,35
0,1209
292,73
984,503
982,283
412,107
789,257
1527,826
2482,1328
79,22
952,0
0,770
167,67
373,140
2179,0
1174,435
2820,1007
165,44
54,0
883,349
1188,429
1400,0
1325,408
2783,1226
1533,555
415,118
1207,211
1964,0
270,94
1132,213
1283,252
465,181
527,206
95,20
2705,1372
987,532
2159,879
2638,781
418,79
1089,350
1726,403
1281,298
1399,626
1482,767
664,250
707,306
2337,0
250,75
224,0
392,110
1006,261
830,301
2730,1264
2041,0
2497,1465
0,1488
1741,703
620,320
2490,760
392,115
2457,1131
398,146
804,144
55,27
337,99
1314,582
776,197
470,104
180,92
1775,1028
2980,1583
2157,759
0,1118
1820,624
1658,570
1157,404
1674,603
0,202
1309,417
2718,1417
1049,399
2502,1035
1750,771
540,93
2512,1661
1070,315
1648,539
1744,545
358,74
1675,833
406,87
1037,356
988,382
830,256
64,10
982,467
2318,827
143,0
983,397
0,307
1324,390
2107,962
1196,379
803,274
180,56
1529,350
2800,1377
1583,422
935,264
1564,567
0,1071
2087,917
680,0
1407,666
0,122
1207,782
0,1301
67,22
2587,1043
2189,883
1391,613
69,0
93,27
192,57
76,0
1565,0
1101,273
2225,1107
0,27
1956,943
683,168
1703,1010
265,0
0,539
1652,340
192,94
2455,1656
344,129
268,103
845,216
1380,319
2421,1007
1984,708
2193,710
913,0
2699,0
1870,549
1457,533
2687,1413
2681,1446
0,53
864,277
535,231
790,349
2312,946
2490,0
164,62
2454,1168
1093,580
1361,588
687,254
712,219
1681,804
2981,2217
674,0
1685,0
719,0
493,136
1274,425
2618,0
1228,470
1926,802
1411,552
1610,377
441,0
1064,0
1223,0
1673,396
2730,1628
2241,957
2268,1117
1173,632
703,241
527,207
187,54
1370,554
0,74
603,190
631,184
2135,1163
809,485
1587,598
0,1070
347,147
2418,911
633,295
1192,503
1865,470
1902,778
244,90
2354,777
1518,0
824,0
0,1720
1907,832
1468,461
2100,1236
1638,566
2532,1228
2414,0
1146,265
208,37
1101,276
198,36
104,20
2024,0
878,203
137,62
973,0
1352,487
485,201
256,106
195,88
1462,663
2378,1055
701,109
61,17
58,12
801,351
0,248
0,149
2037,855
2045,785
1148,0
866,512
1012,261
1193,0
2049,485
368,100
824,294
2573,1292
1423,656
1730,606
738,308
2186,1037
0,648
2857,1564
1148,246
167,44
0,717
1005,233
1253,404
1432,445
1197,274
1397,434
198,76
2409,1277
416,172
683,188
1563,530
1330,480
407,193
1319,426
0,30
586,196
1123,529
0,434
1743,480
1287,385
832,338
2080,847
1461,0
896,367
1404,660
1030,428
1127,319
126,57
865,432
380,248
0,770
2228,0
892,339
1641,541
1490,443
1040,330
194,45
1991,491
2194,693
640,348
1432,482
272,80
1160,402
2383,0
128,29
2096,963
1991,775
678,403
2208,940
628,175
2837,1387
1895,0
1142,564
101,41
2114,884
2016,1242
1087,341
858,280
332,105
2434,1071
1605,685
1487,472
2371,0
861,352
1620,535
192,65
721,179
2823,1350
96,18
659,325
845,327
103,34
1079,433
634,304
1342,473
1505,541
2041,700
1075,308
496,133
986,254
1059,0
2115,887
1451,0
2108,1048
1632,463
225,70
1108,491
599,115
61,20
982,363
200,55
429,122
797,412
176,63
2474,1399
0,124
1966,0
1005,395
1649,623
1373,628
1253,595
1198,477
699,123
1761,857
0,120
692,299
2700,2375
1867,0
2394,0
1386,0
2220,827
2666,1314
703,0
2578,2029
2734,0
329,159
251,71
770,0
1983,0
321,105
2566,1213
469,210
1200,425
0,1036
556,122
2379,1204
2819,1874
1134,0
1265,426
0,410
375,124
304,125
864,326
260,59
0,525
866,246
0,152
702,287
2631,0
869,237
835,343
1881,767
1434,589
156,36
1027,0
2709,1920
1096,562
480,178
287,0
416,157
1800,577
0,205
926,287
1934,671
101,26
1687,593
42,13
2598,980
2046,677
112,44
95,23
2401,739
1751,566
0,465
235,64
2334,761
1489,0
0,427
433,213
2380,1523
1255,567
1520,488
2457,1501
2219,842
249,60
508,297
380,153
1095,514
1274,231
256,68
219,69
362,112
235,89
1861,764
72,26
195,99
595,150
397,125
1464,753
2647,1385
1263,443
1629,0
917,430
1326,475
244,80
0,195
635,124
0,65
547,263
857,200
2004,650
2408,1070
698,283
542,91
2084,749
2276,871
725,273
170,55
0,1040
1107,341
470,0
508,171
311,72
2323,766
2259,1054
691,240
469,134
1636,664
526,187
0,810
977,231
1318,424
1667,558
192,43
0,972
617,239
1622,733
880,332
459,181
680,0
73,22
61,20
762,300
1915,834
0,582
2644,0
1313,484
292,87
885,472
2627,1503
2540,652
2271,854
120,47
0,768
0,138
0,58
1001,217
665,319
908,296
0,142
169,31
166,29
421,90
0,1878
68,29
2106,918
1435,746
0,338
658,217
145,61
590,176
212,83
199,29
1774,638
1055,406
510,209
584,207
1773,0
114,0
1228,532
518,203
1020,246
122,25
2773,936
639,262
405,106
1777,527
1367,0
0,820
577,0
2617,1164
2684,1779
1778,780
574,0
808,303
2083,1113
1482,783
601,0
583,79
1835,894
1281,371
894,322
0,150
467,141
703,285
2809,1816
2529,1047
1551,0
1882,638
1799,586
0,129
1743,753
2063,900
2292,1415
316,98
574,414
2119,864
0,999
2029,898
2708,2099
238,58
1486,425
1283,338
2459,1483
841,275
366,106
1500,648
392,0
788,0
1228,412
1197,0
1046,408
1642,350
1284,357
1013,562
0,517
2744,1137
184,95
2298,1019
2323,1217
2556,883
1531,437
1490,421
538,262
2101,689
1177,442
163,48
1087,437
1782,851
1123,392
1324,587
960,0
0,217
381,127
2190,1029
1193,559
1593,748
2193,952
237,63
2422,1173
1998,0
1447,786
1972,581
2279,740
1424,752
2794,1954
931,535
1428,496
1608,520
1843,715
1371,0
545,168
1533,1033
2349,743
1754,919
1140,595
1753,678
1016,425
739,286
2459,835
1560,613
2474,1888
1237,468
777,0
2694,2024
883,0
0,389
234,148
2244,1344
1190,445
1205,430
1787,484
2133,556
80,36
72,35
505,206
212,0
293,126
1508,0
1078,447
739,472
738,0
0,815
1754,759
2343,1246
1820,700
627,230
1104,401
2045,687
342,100
231,70
1015,0
1047,445
1088,253
1229,496
1538,678
1728,1025
1587,638
675,210
1921,1104
0,81
0,40
1516,597
310,82
174,31
626,165
2605,1075
1000,437
2164,1196
1333,516
1368,636
157,64
134,14
74,42
0,975
2198,1173
1031,374
198,79
2054,0
2082,1154
1207,559
748,299
1030,197
1632,479
2129,1040
461,184
195,45
1187,351
1286,711
76,39
361,0
162,58
118,37
2657,1254
1728,506
1365,307
561,171
2336,630
575,219
1477,461
3030,2061
2236,540
1627,401
609,139
2541,1173
0,444
2066,959
976,291
458,0
1265,327
2163,1096
408,0
2739,0
981,0
0,62
471,98
2513,1309
108,0
708,346
1657,701
1171,522
486,179
377,148
2295,849
139,58
625,196
160,57
1556,791
2237,814
0,639
108,23
