5000 3
3548,2191,1178
2388,1268,291
2918,2009,540
986,493,133
3124,0,281
1818,713,93
717,438,146
643,258,167
3044,1666,371
2258,845,378
0,229,65
2942,1668,388
1244,386,339
1786,733,141
1642,565,230
913,388,0
499,146,146
2477,949,644
947,324,293
167,78,54
2699,1282,0
930,281,339
697,0,199
515,140,122
2033,963,414
427,148,135
2059,585,304
0,278,108
1674,559,159
326,101,40
239,74,26
373,157,70
1423,508,343
3061,2076,250
1103,296,350
315,90,21
549,132,40
163,110,50
229,106,32
2889,1239,947
2588,1651,350
186,60,37
398,129,44
1051,426,175
1291,0,522
1876,723,184
1304,449,326
361,122,111
3047,1822,1074
3292,1785,492
1782,863,228
1102,502,106
174,17,37
538,244,0
439,149,128
0,1525,610
0,311,146
0,750,439
2079,651,0
2969,1218,864
1194,573,121
946,279,284
313,68,84
2922,1652,188
1748,943,345
556,239,70
1178,589,229
1229,684,285
2339,1134,179
2632,747,977
500,210,141
1361,684,128
0,124,121
2477,888,279
2499,878,515
2574,1684,353
2599,944,915
2612,1211,0
2922,1015,906
0,246,189
2670,1338,306
458,197,125
2648,785,310
2463,807,878
3227,1961,717
499,128,76
3041,1526,393
0,1381,837
2958,1437,0
1405,433,397
790,299,128
2519,728,735
1708,668,103
967,629,116
1165,0,143
0,255,170
2853,1684,684
0,173,115
1130,444,69
728,256,227
606,162,29
1074,319,95
613,175,55
2353,1260,278
2011,1093,0
2239,1021,553
1776,769,179
465,156,105
252,85,38
876,427,87
3222,0,286
0,27,18
882,405,0
0,337,380
1362,465,89
340,133,38
2787,1048,251
1991,685,509
307,56,94
276,0,33
1101,447,254
2669,1700,343
1986,815,434
108,38,33
1270,284,0
0,593,107
0,98,153
2869,1681,292
2427,1044,677
2481,1071,235
157,69,41
2176,622,549
1421,520,441
2632,1329,958
2859,1563,726
759,166,77
0,1593,551
401,170,37
1964,766,464
1078,0,285
903,356,321
445,165,102
518,127,112
1183,0,247
424,196,61
2668,1630,219
2280,860,478
702,283,80
3132,1573,484
1026,346,198
2131,902,212
467,126,116
802,182,69
0,174,0
0,841,0
939,243,0
1731,887,366
2171,863,311
0,1290,501
291,143,94
0,161,66
121,80,36
232,112,39
413,90,0
0,168,123
3378,928,1149
0,523,170
2456,471,757
177,56,70
2279,415,687
139,65,31
272,126,26
2401,1342,0
0,1700,0
2147,953,0
139,64,13
3539,2831,1155
395,168,68
1853,709,119
753,380,0
1995,0,191
2814,1633,327
1055,279,0
1141,539,123
2278,1007,687
2052,1109,469
1870,803,198
339,191,43
0,612,155
483,152,107
1578,463,380
339,119,118
2787,1015,585
103,45,22
2592,1680,273
2661,868,1025
2577,953,538
2636,1302,0
538,283,30
3001,0,344
2590,1161,238
2129,851,642
2389,652,226
87,43,22
623,119,111
2904,672,1077
2419,1124,189
2843,1508,278
0,482,339
851,366,262
2452,1461,432
1153,448,441
2519,602,812
674,175,197
1338,0,104
247,100,63
214,88,0
0,1778,877
1161,420,120
1040,371,456
0,1129,337
1131,627,179
814,502,158
425,276,52
1259,377,126
271,85,92
1722,485,112
223,86,76
2656,1519,0
2388,0,214
262,70,50
1571,576,391
68,0,23
1503,555,368
1026,418,0
105,26,28
0,732,179
163,56,0
275,96,71
0,177,32
2709,914,234
1646,700,0
1758,592,403
454,72,130
2647,1283,742
1816,409,341
279,72,73
1731,264,520
2247,817,219
2952,0,320
1589,600,137
2835,1000,354
1850,0,419
319,90,100
640,274,147
2735,0,540
866,300,225
0,174,148
0,160,84
165,90,49
339,191,27
112,28,3
1207,502,349
1364,450,112
2351,1660,660
1850,744,332
2198,0,291
918,272,235
0,0,42
866,335,106
1644,0,220
2139,914,398
0,81,16
0,431,187
1360,475,479
0,0,869
1220,446,358
351,192,41
1461,480,343
1346,677,249
1697,752,0
212,105,40
2390,1239,758
1762,665,524
967,341,259
0,17,0
882,324,234
0,1035,1024
853,250,99
2823,1448,510
278,109,40
889,275,311
948,284,263
242,91,74
708,233,0
313,137,97
174,73,52
1418,410,151
1105,720,0
1589,531,445
3039,1129,662
2267,1043,207
2889,1574,273
2407,730,793
2995,1722,209
2030,823,202
818,0,101
1004,444,229
650,307,45
918,0,228
136,38,28
2525,937,0
2401,796,379
2184,564,776
0,0,50
709,188,233
2055,919,557
1327,603,355
1961,1232,345
1625,874,183
146,62,37
2913,1443,358
222,84,48
930,0,0
2662,0,1025
1224,313,264
617,223,116
2338,1101,341
2793,1641,376
0,1787,417
2274,0,198
1602,576,449
1051,507,145
2382,798,292
2922,0,1036
1340,603,389
1280,370,0
2512,591,722
995,213,0
2960,1679,259
3257,1552,313
284,102,38
2716,1461,720
562,168,251
1728,903,159
870,292,288
214,73,24
533,184,107
99,31,38
700,170,56
0,2152,1090
2278,1296,652
1277,0,80
0,0,296
1114,614,0
1354,0,401
2442,687,641
1082,371,163
1170,516,431
2639,825,273
1070,302,312
1083,446,306
1212,467,90
2410,1179,416
1487,647,0
891,365,64
596,0,59
0,60,90
612,267,117
2095,681,0
1803,796,551
743,236,144
1438,0,96
625,323,49
2409,1329,240
1112,486,117
875,390,93
49,21,0
864,0,234
2842,1578,299
2045,626,273
2037,1062,195
138,63,27
2816,1564,587
1451,0,126
752,296,193
165,81,29
684,310,230
856,361,240
2267,868,184
1626,617,0
0,1790,675
359,154,34
1219,471,221
0,321,0
2940,1770,695
1324,601,187
1782,597,353
1165,463,329
2253,1268,237
174,84,39
2598,843,273
598,253,0
383,155,72
1048,480,217
0,240,100
592,240,117
2705,1895,454
1913,604,475
2877,0,1070
643,287,0
996,0,186
1928,746,503
1306,527,178
2232,935,394
945,0,261
1481,1006,154
1021,513,280
1363,446,440
1568,518,124
2453,1176,253
345,152,39
28,21,5
317,131,34
2081,321,564
2507,1765,696
1059,565,0
1196,559,141
1667,749,302
1055,296,400
1738,0,266
1386,537,212
1239,435,284
2709,1042,604
277,65,0
0,2075,582
480,174,47
1513,852,494
908,384,0
2595,869,734
0,159,154
2446,0,0
562,177,63
2863,1599,899
0,1083,1072
2500,1083,1071
3041,2273,374
869,365,91
2369,1050,437
2029,771,183
1492,644,389
270,0,72
0,146,75
93,60,26
137,86,0
1586,748,124
2764,0,172
955,397,255
49,35,9
888,346,63
2119,1043,204
516,201,45
119,64,0
2694,1280,687
1391,470,0
1828,589,231
111,0,0
0,105,34
1384,435,0
2018,631,615
289,79,27
209,58,25
1328,656,0
1449,806,462
1594,773,474
176,100,11
0,848,518
2190,800,0
2583,0,294
0,0,191
1959,582,606
1597,850,181
2256,995,363
2135,1174,317
789,287,208
2880,1557,332
2005,1071,0
551,231,146
526,269,71
1680,835,188
1075,304,143
545,0,46
997,268,374
2860,640,877
1425,444,184
2398,737,460
3097,838,370
438,180,0
0,0,108
2265,1069,698
152,59,24
1505,652,404
1276,539,484
768,153,69
368,109,41
2642,1238,0
867,224,101
556,124,67
2481,1495,193
549,193,170
2717,1509,231
1403,616,253
986,293,81
158,0,50
1317,493,265
0,293,302
1377,566,348
3024,1898,449
1474,0,404
285,74,93
1878,1156,175
0,374,115
1798,396,495
1481,666,257
130,54,12
1965,1192,0
0,549,303
1525,0,482
2547,686,249
1370,416,215
2556,0,557
1032,386,112
621,0,62
133,31,11
0,188,0
937,509,102
3215,1435,1078
453,196,143
0,1450,0
948,609,216
2188,874,173
2590,1959,484
1722,820,555
1876,589,358
606,204,50
274,106,27
88,34,30
2203,1623,511
0,45,9
406,138,0
0,89,46
155,49,29
576,183,102
0,1262,615
723,370,180
1682,892,435
1213,338,304
1552,790,395
887,271,250
1664,825,209
0,472,107
2091,637,223
805,372,0
2857,2232,420
2327,693,509
947,441,79
1382,583,359
1132,476,304
2121,0,290
1261,0,194
1765,920,442
2099,620,652
2315,0,193
2530,797,231
0,847,577
1220,590,338
2283,1123,188
0,123,240
0,1746,830
654,153,110
2118,973,421
492,199,62
807,0,93
2209,1031,294
2411,703,779
1823,817,310
1812,813,0
38,0,0
2870,1484,0
2440,1088,636
1711,0,334
0,50,0
0,1672,773
3092,0,751
2155,1215,383
1215,377,114
2152,829,693
498,182,32
1928,1004,254
2119,1113,621
2041,1352,178
1802,735,0
1020,303,112
727,212,75
2533,0,810
1683,676,416
1977,691,289
940,469,202
1767,834,129
0,475,372
0,1949,164
800,364,169
2778,0,1029
406,227,52
53,0,3
0,212,49
260,0,54
1773,646,373
438,191,134
1969,1025,680
2069,0,389
0,232,145
107,36,17
2813,1234,214
2686,0,199
1929,0,260
1090,0,159
839,390,101
1849,585,359
547,153,108
1598,775,351
0,1862,1288
1748,816,539
679,258,179
1795,610,552
2423,1060,802
2520,1398,0
0,224,111
109,25,21
1538,492,357
2473,0,249
1080,504,101
698,0,131
2170,958,554
311,146,23
2940,1612,300
3314,2021,310
378,0,36
660,280,49
0,466,0
1859,822,205
1222,452,98
3025,2172,390
1820,667,134
1419,301,244
0,0,284
1104,483,219
1003,440,0
1264,362,76
561,0,156
38,19,14
523,210,142
775,280,98
0,1144,1035
2481,2014,164
2780,921,0
2002,530,137
1249,725,204
815,514,114
1079,376,219
2751,1594,250
1466,642,102
3157,0,1025
2364,1369,705
1552,639,450
2528,1191,650
0,163,119
329,102,83
126,54,31
2132,1006,584
413,85,46
2839,1778,354
2201,840,0
1176,645,155
1611,308,475
1301,0,370
310,57,105
2454,1078,229
1963,1269,297
1961,1075,172
1265,388,238
1064,533,259
0,581,210
97,0,17
927,435,281
1264,480,191
734,291,97
0,378,238
1149,533,292
332,144,45
948,264,302
0,195,204
1074,384,141
2409,685,254
2850,1102,842
2390,752,225
795,297,0
360,146,0
760,275,63
298,78,17
394,162,66
2035,1018,631
1487,497,315
108,56,23
684,0,86
1486,589,128
2546,1366,693
282,0,56
2802,1803,564
2737,1248,274
1540,528,268
2954,2244,301
1686,939,167
459,215,0
2057,584,408
3265,1940,1043
431,179,0
809,232,68
1856,0,232
463,223,0
2205,852,591
81,0,0
0,339,102
1686,768,140
1086,214,335
2742,1380,738
1417,727,248
794,240,226
2058,517,616
2779,1972,586
2594,1265,627
1215,458,328
1521,0,0
2705,1253,1026
2095,1131,347
2667,1363,548
0,45,13
0,961,430
575,253,190
1030,0,290
1346,534,168
948,420,113
398,114,55
465,111,93
2462,1406,716
3390,2031,1444
1824,1105,121
403,148,0
2231,1487,520
1594,1076,379
2552,1715,864
278,83,39
1693,610,409
1053,391,225
1979,0,162
1434,786,125
1393,787,74
221,85,64
2941,1660,173
2006,846,701
2791,1520,740
2411,1304,916
153,80,22
1337,507,336
3064,1260,209
1207,397,123
1917,0,608
759,357,0
736,355,108
0,895,483
1598,575,0
914,448,259
2539,1224,865
1222,354,242
2859,1623,503
216,132,51
2617,947,210
279,92,47
0,0,183
979,424,96
452,202,35
527,222,61
334,182,42
309,99,44
1479,527,146
0,205,48
2825,1404,301
571,183,61
0,592,121
732,221,146
0,153,0
160,68,0
555,107,0
586,0,76
578,172,76
969,394,177
1381,375,104
1139,502,294
2642,1134,454
1455,589,128
152,38,50
2022,771,405
2915,1524,609
0,670,207
2370,1401,291
589,186,76
2575,1561,177
1658,677,140
3143,2034,886
0,362,191
2864,1131,197
560,86,115
726,0,0
2438,1277,638
1816,0,236
1891,698,453
1389,492,333
502,206,120
869,244,63
2035,739,208
2955,1745,852
2286,970,216
125,56,39
0,903,442
0,203,114
2027,688,223
2304,953,512
1701,0,155
361,0,62
2328,754,516
272,95,72
1595,909,165
57,0,17
0,36,13
117,32,19
3150,1781,726
523,167,73
0,898,274
850,326,78
0,869,564
254,75,19
1535,444,133
0,495,94
1973,722,229
826,0,270
160,68,19
2674,1903,516
2912,1300,226
2306,1559,471
0,564,0
2401,1318,605
2812,2100,576
0,486,107
431,175,96
2115,816,181
2621,1328,172
2585,2055,238
2122,1055,194
1718,878,0
0,0,177
285,55,0
800,441,66
1812,520,0
1135,523,94
3183,1859,896
1061,0,83
413,199,20
1189,585,320
194,65,24
1286,737,270
2622,1465,200
2686,1671,566
1535,607,163
325,121,55
2125,1053,450
2771,588,950
278,127,72
674,351,66
1839,702,515
212,82,40
419,176,88
2052,673,566
1910,986,361
2945,1549,493
451,186,105
1164,382,312
1510,614,613
1136,453,450
374,161,163
0,802,373
2123,0,184
1167,292,123
1884,923,537
708,335,0
681,234,71
964,589,78
2097,1222,467
516,171,49
2208,1072,699
784,369,237
1071,0,220
1565,582,350
113,29,0
1557,654,0
1549,629,104
633,378,0
2676,1520,150
811,511,178
189,40,43
2111,792,418
2337,1250,573
0,1223,783
2193,763,586
373,109,92
1512,881,185
971,554,115
577,228,45
298,142,52
2304,991,0
1966,874,386
486,177,0
1918,942,530
2710,1415,0
1917,925,526
2588,0,837
1331,747,225
1303,350,0
1860,639,166
2243,1035,582
1636,1056,316
1337,579,363
228,87,70
2293,0,167
1595,315,436
1552,792,146
2677,1441,256
496,0,54
1051,299,121
2673,1161,242
442,198,54
446,146,45
225,85,26
2754,0,188
124,55,34
1159,0,89
2973,0,1094
2657,1073,842
1124,0,208
2347,1290,386
225,0,70
2381,1033,316
2118,0,192
2969,1816,275
1374,845,99
603,349,45
1447,535,329
59,8,3
2623,0,223
1286,558,122
59,14,14
298,63,48
2054,1115,546
2820,1106,176
2539,1145,607
2610,1271,580
2375,1061,427
1112,0,74
1146,406,84
757,287,75
2595,802,198
0,217,281
1452,642,86
548,217,33
904,425,53
2479,1202,442
0,1206,175
580,0,166
363,102,94
1095,0,84
1360,561,177
580,192,52
536,169,69
2925,1646,613
1635,327,473
2415,763,245
1184,597,187
1980,904,236
2192,672,467
1960,857,636
1708,626,100
528,219,155
0,230,83
3417,0,509
1686,626,151
2536,1094,170
0,1402,200
2088,0,545
253,53,88
67,15,19
0,168,0
1609,777,118
0,1266,571
1320,550,261
2874,2014,0
279,96,62
2723,728,163
996,222,164
2370,1565,159
1112,371,99
1638,427,264
123,57,29
129,52,38
1506,672,88
1077,422,307
2710,1179,724
2616,1289,219
1930,502,505
0,0,288
1259,396,153
509,115,133
2931,1439,789
1631,0,348
0,352,104
1689,0,145
1738,375,0
295,130,29
1599,572,458
159,23,50
1892,0,99
2641,1749,0
2615,1486,363
930,457,278
2324,919,362
1371,798,320
2118,1023,545
372,202,55
1716,808,358
2311,1053,0
0,1096,435
2639,584,813
1574,615,0
1003,298,234
0,393,98
0,306,80
1686,567,441
654,308,120
2161,1088,398
353,118,33
247,80,24
2743,1208,786
1065,335,232
1934,1024,569
2670,1122,665
0,148,90
1829,341,220
2186,637,454
1750,1044,197
2162,999,575
1469,0,132
2266,977,0
1161,552,0
2730,1234,0
321,165,67
1845,903,0
1645,818,359
2166,818,184
1134,525,0
1564,587,295
1578,604,196
1406,0,168
149,59,15
231,0,58
2473,870,478
2408,1012,471
1787,859,361
1843,0,456
1317,476,194
2269,0,246
0,140,41
2808,777,629
2577,1086,124
153,0,0
597,190,0
2963,1301,583
999,449,174
1592,643,294
2016,1003,0
2116,860,499
611,231,37
1044,278,286
2128,1108,634
2865,0,0
1423,444,268
2309,1269,391
0,1530,852
0,958,144
2317,1184,297
2312,810,151
504,188,116
0,1549,287
123,84,30
1376,0,270
1812,800,453
1505,681,369
2902,1535,433
1078,601,68
165,39,11
782,350,106
1976,1585,129
2742,1560,0
1976,885,416
1771,799,0
945,235,115
997,335,88
2677,0,659
0,955,249
564,0,0
121,15,14
180,0,48
1288,593,343
2946,1486,633
1700,767,411
0,838,440
1229,832,108
2923,0,837
1025,524,97
546,0,41
331,137,65
339,152,38
176,53,33
0,444,50
1724,913,111
2035,0,339
1027,400,0
1260,470,364
1988,0,274
2156,906,250
2529,797,223
444,207,137
1296,455,150
923,302,0
2682,1392,561
0,881,248
1609,790,196
1818,682,550
118,37,5
1392,595,82
552,235,38
840,360,44
203,28,41
0,0,270
3222,2457,514
575,206,133
1182,794,103
1124,528,305
607,150,0
999,222,188
221,73,15
1031,447,90
1093,0,290
1315,0,0
1056,272,84
291,150,27
1591,435,108
2914,1200,786
459,88,95
1892,0,182
1317,456,320
75,23,17
1721,471,138
269,85,21
0,90,27
1372,527,395
1839,843,473
735,323,201
412,170,51
1979,747,571
2314,1211,191
2027,842,147
0,223,125
783,377,189
1295,544,159
1191,517,144
2040,0,507
746,268,202
248,81,61
1892,0,497
558,240,0
1036,0,180
2861,1833,469
2609,967,523
550,0,82
549,143,108
237,0,66
821,371,210
894,334,277
935,384,340
764,207,178
1134,321,401
2150,0,168
1467,278,155
2252,870,213
1186,362,387
1139,493,195
2211,1514,257
1940,666,166
2671,1263,903
2590,1151,499
1187,583,218
746,392,159
335,95,100
349,134,17
1341,0,398
1792,723,336
973,530,141
2090,0,449
1235,541,225
523,123,122
345,93,86
2980,1581,534
2294,741,275
70,45,4
2599,1326,613
1507,705,91
3024,1440,176
2098,941,439
124,34,24
1951,918,331
1599,780,372
2534,1590,0
899,280,177
2756,1552,0
566,248,71
617,308,0
1131,295,348
2418,1253,186
262,124,65
145,21,35
338,53,77
0,351,118
3044,1469,565
2175,1258,609
1229,0,322
651,323,144
2018,483,611
2214,1183,0
1740,486,294
1782,1095,266
800,0,55
3049,1611,1038
596,214,69
2033,821,0
316,116,14
1938,940,142
1274,443,96
0,906,148
3129,1642,921
115,44,27
1989,815,0
1387,526,0
1861,456,150
266,54,40
1805,716,250
2825,1268,1005
2277,0,605
1073,357,308
1521,831,0
1475,539,264
692,362,90
2331,1304,247
145,83,13
1188,548,227
2554,0,0
1202,480,0
1274,403,272
0,386,96
2840,1401,508
2722,1206,612
304,123,0
558,178,119
599,208,155
2982,1867,870
1885,936,150
683,201,105
680,338,173
1964,837,144
1401,597,107
1855,1007,246
2457,1002,521
743,0,0
305,123,88
1565,570,187
1436,391,191
883,333,137
0,1907,688
2665,1391,519
1416,369,221
551,0,129
2148,639,0
2099,775,611
148,31,48
2317,1014,668
2531,1660,744
2081,1151,260
2690,1510,207
2640,627,0
1528,351,462
1588,761,122
309,112,39
1266,542,85
975,248,238
695,263,0
494,226,42
1447,0,96
2638,1743,201
2830,2043,357
2797,1479,984
1130,350,301
0,1115,223
0,789,765
756,297,49
373,83,66
1422,415,163
1547,500,236
556,170,133
1058,237,236
775,313,183
1551,671,124
789,259,69
1155,264,150
1844,758,128
1953,780,471
0,974,159
1612,404,329
447,144,69
1216,493,319
2933,1621,501
2324,852,178
2907,1326,683
2853,1714,562
2053,1097,494
153,67,25
0,564,224
899,466,245
1544,928,0
2511,1296,353
137,24,30
1749,665,344
2440,776,668
1164,375,309
673,219,195
0,156,114
622,268,177
780,229,232
624,235,117
2447,1346,456
995,281,240
458,102,88
0,253,231
2871,1119,993
356,98,128
2602,1167,195
1437,528,172
879,346,232
53,8,12
206,49,46
818,0,125
0,0,799
1171,441,190
1836,808,165
1187,442,91
2252,942,422
155,59,26
505,163,0
0,40,30
381,156,53
2345,1159,553
1706,0,0
2803,1591,537
809,350,137
0,341,136
1128,288,260
539,126,138
589,162,122
1423,816,74
2711,1191,205
311,0,0
1817,698,358
2459,1509,827
820,229,200
599,286,84
170,63,31
292,95,44
1607,840,147
1002,395,150
855,245,219
2601,0,856
147,101,17
2426,770,657
711,284,151
2472,620,743
2862,1536,871
2284,912,635
646,293,186
2435,727,155
2564,0,858
515,225,68
1433,413,485
1238,454,130
1548,615,141
521,194,72
3093,1854,328
2155,1190,270
987,383,375
1107,366,242
2474,1598,225
2252,0,264
1830,655,216
2543,990,540
63,15,13
527,195,96
2726,1513,0
1099,465,323
727,172,69
1472,442,443
1290,634,208
2307,934,596
0,1396,1027
210,92,17
2761,0,205
2513,1315,583
346,147,38
1533,627,393
84,24,11
1822,825,0
1627,939,298
1452,670,319
28,12,3
1712,673,156
0,646,0
2600,1049,582
1734,579,409
2168,1365,170
1428,561,143
472,168,109
992,413,63
2431,1220,332
1129,602,62
785,236,181
1249,324,137
1327,381,116
2455,1283,642
2962,1639,636
2045,977,153
2487,1310,649
0,950,205
127,54,17
446,218,56
1662,793,476
23,5,9
354,166,82
2492,1045,658
2907,1854,0
0,896,187
0,231,103
0,925,139
2417,1357,541
1174,455,188
1797,1430,338
1408,628,0
404,191,28
2705,454,574
622,410,88
360,80,97
2870,2167,464
1687,629,138
2555,1291,271
2020,572,137
1424,664,120
2375,1669,217
478,188,71
267,131,77
229,53,66
1655,621,433
2768,1072,230
2718,951,786
923,446,81
1712,469,172
1135,0,270
1153,290,220
253,57,62
2088,908,147
1577,500,206
512,0,0
1571,592,86
216,59,22
2041,808,96
1532,395,310
2076,0,513
1721,455,0
2665,1053,280
1893,886,146
2686,982,0
2122,1062,518
818,346,138
1909,1063,237
1770,826,449
473,170,115
2676,0,0
1783,878,391
2667,2027,394
1885,0,255
119,28,23
324,104,0
2864,1422,1003
660,318,63
2009,947,0
2010,788,218
1955,626,603
137,48,18
133,48,18
1238,324,122
2309,1195,725
469,121,59
292,0,23
2502,955,461
0,208,155
0,1511,610
1294,572,199
1037,388,317
0,1839,570
3075,1654,528
0,595,178
2899,1451,678
2638,1277,476
1640,697,228
486,89,113
2686,1722,173
458,142,33
65,20,10
78,30,16
1937,760,127
1936,895,341
2402,1301,753
2135,701,545
162,47,29
0,666,593
3082,0,922
2693,1720,913
586,0,103
1420,0,433
1637,788,164
0,850,381
2993,1563,911
0,600,170
2426,970,562
1284,507,91
616,340,78
1498,745,129
601,271,46
897,474,83
291,77,0
349,240,44
2648,1240,0
1731,0,312
464,148,40
475,151,98
2556,0,193
19,8,1
17,6,1
1228,481,130
1602,0,285
1893,696,127
2734,2295,373
1421,672,247
2174,669,395
1476,668,477
0,63,22
1290,0,366
916,0,139
202,37,46
2159,668,197
372,186,74
308,0,62
45,16,0
2123,1018,328
2961,1750,582
3003,1274,1000
2818,1497,204
2230,1124,267
1924,804,194
59,28,13
258,105,50
2415,1185,515
2630,1735,622
2136,1202,500
2564,0,268
1114,0,270
457,149,82
2401,804,291
2091,778,0
1404,509,0
551,202,96
0,758,656
1232,358,0
746,287,58
1083,413,0
245,114,18
2042,1115,230
0,195,223
860,164,241
858,0,0
418,197,28
939,218,61
625,316,89
1195,499,0
1120,498,0
397,150,43
1279,548,95
653,78,166
2616,1025,217
562,169,69
91,32,19
45,17,9
2189,702,255
2031,969,631
2722,0,716
2101,1262,208
2539,825,193
0,351,149
972,527,181
1573,695,272
463,0,82
2555,1377,476
433,169,31
756,300,124
1787,1044,387
1314,667,238
2924,2262,458
2535,1561,414
1437,816,119
535,195,84
2486,0,323
2873,1598,202
290,0,27
2091,1524,234
2756,1548,846
682,259,61
391,102,123
2431,1000,0
740,295,0
1523,371,388
0,621,207
825,241,159
2344,1201,596
1761,624,132
0,1201,0
2062,703,164
1334,411,304
156,30,29
875,270,221
2976,1254,0
2367,1193,192
800,107,185
2781,0,0
2448,1181,428
1565,875,396
1659,743,437
885,0,211
1565,654,394
667,174,184
638,166,0
769,342,171
322,129,62
447,213,109
0,129,128
2449,1432,0
958,473,206
860,167,122
424,88,89
0,387,118
189,76,22
611,311,96
278,89,26
1158,536,0
1670,842,557
2072,0,608
2613,0,206
2957,1941,1031
190,70,23
1495,633,242
0,15,17
535,165,49
0,616,210
0,46,44
1586,491,410
2734,1585,0
2689,1046,378
0,28,41
2202,1211,536
225,62,44
2010,500,408
0,1395,218
0,401,250
2253,1218,222
2317,903,605
714,190,147
702,250,134
129,41,0
1656,0,473
1617,430,528
1689,724,130
1763,713,273
1531,443,155
2126,974,214
1178,567,0
873,450,151
1870,1003,546
35,4,9
1750,439,442
1492,611,453
1436,700,410
3086,1809,853
298,96,75
542,199,144
268,52,76
2305,1295,210
87,20,4
1244,367,267
3081,2186,398
2497,887,869
1490,700,103
486,0,57
1490,458,105
2543,1341,270
115,29,8
3089,1720,361
535,197,76
0,106,42
1918,1052,0
1304,446,99
2237,1245,177
1675,1049,218
1819,653,188
1491,414,0
2004,950,423
2278,872,219
2502,1616,228
1647,676,600
882,253,250
1385,349,101
1106,378,195
1575,738,235
0,2217,557
1505,631,366
0,1375,634
413,0,63
488,144,0
867,417,168
1785,765,522
267,99,31
175,77,18
1260,325,131
1168,406,73
2545,1203,279
1998,1329,198
2816,1767,435
2696,1410,511
139,40,6
1469,621,248
1245,533,334
1792,662,417
2139,895,360
0,1603,1026
2088,878,600
1344,0,376
0,1214,0
409,124,91
2787,1762,291
2090,0,477
1792,685,458
219,54,49
64,13,20
1566,521,417
1292,648,236
258,116,52
1557,613,492
0,12,10
3270,1266,235
469,165,46
373,89,86
2269,758,244
1007,487,280
2669,1627,694
723,569,68
2744,2267,395
1014,417,0
612,273,0
2239,1523,203
2682,716,795
2241,573,664
2551,676,0
1491,657,86
0,848,301
1086,508,0
0,0,370
1120,0,203
2764,1410,297
2535,1754,0
1197,340,275
161,48,40
2395,1184,600
573,235,57
423,0,118
1542,521,381
221,109,38
232,0,35
2012,0,135
2307,1076,658
1402,412,0
1982,988,264
650,193,124
397,89,77
94,22,12
128,47,24
640,262,120
2733,905,260
1208,345,65
1014,296,209
669,191,132
0,105,77
862,394,75
615,315,46
402,176,28
815,263,243
1978,1097,226
0,312,321
1217,672,293
1998,1047,366
0,83,128
783,332,191
1321,608,200
701,276,121
0,583,67
1197,0,351
1945,752,534
1750,785,566
1442,395,412
2992,1795,288
2475,1203,718
1853,0,131
2458,1075,624
609,294,103
1705,681,403
266,61,38
1213,0,140
863,326,113
627,171,203
521,143,139
856,363,86
160,55,25
852,249,90
1391,768,115
100,41,15
2007,1218,436
25,10,7
2226,896,453
280,91,60
1031,350,135
1276,387,306
1931,981,148
1570,395,94
1664,505,396
1602,681,308
1132,353,246
74,21,11
1214,562,0
1573,408,0
508,203,0
0,0,162
469,216,80
2563,1460,680
2321,917,642
1644,905,273
1654,658,439
969,0,0
0,198,143
2427,1632,329
2790,1371,748
471,214,81
1331,498,139
2397,0,623
1935,630,179
2158,0,235
2919,1503,304
531,231,75
385,163,70
0,1024,0
2569,0,608
1675,742,420
1754,696,121
650,226,137
2292,1097,556
0,674,313
483,200,53
202,54,0
432,184,48
1569,301,281
2023,838,220
1546,606,544
685,227,0
658,217,66
1402,634,192
562,189,132
1172,280,322
1761,875,181
343,173,44
1198,531,0
195,75,0
3049,2366,618
2025,1013,208
1126,352,272
0,222,145
110,69,0
2770,1549,710
0,164,0
2300,1010,704
0,1264,226
0,0,350
1901,568,120
2663,2056,427
0,282,137
1579,579,340
1822,610,0
804,381,60
979,334,246
2230,828,586
0,988,0
3005,2076,0
900,212,102
487,176,0
404,146,97
83,30,19
418,175,52
2339,873,219
2922,1255,922
0,138,58
2724,1720,589
1989,1016,445
2149,1025,560
3018,1909,545
2624,1061,215
1561,549,0
438,0,0
0,423,312
2770,1707,700
1973,568,452
868,271,225
636,0,78
2736,1742,332
1582,577,114
0,1867,0
106,57,19
1682,835,169
3028,889,973
753,307,192
2439,931,167
1932,272,265
3073,2041,447
195,58,57
17,0,8
3085,2345,344
1567,817,128
2206,1356,555
883,394,148
861,381,146
3064,1541,268
1104,404,270
2272,1179,630
172,64,28
2556,1230,199
1174,613,170
2045,805,175
1890,738,166
323,122,34
2147,846,140
0,923,260
845,278,173
1051,246,277
2933,1062,261
508,217,46
2457,1516,353
2904,1909,504
2345,1330,566
2166,1228,257
858,323,104
744,286,95
1578,319,455
0,284,356
936,289,194
1291,582,214
745,123,169
1658,0,483
2854,1263,955
870,412,251
3054,1552,729
1848,657,533
1358,753,125
2763,1758,218
2488,1760,824
284,83,39
146,22,28
532,208,0
1132,477,251
836,332,184
1420,788,159
3060,2008,763
942,401,77
1972,373,331
972,228,0
122,27,10
1478,482,0
922,509,103
626,150,138
2569,1552,599
0,223,284
630,293,70
811,295,133
2760,1755,858
1002,254,0
0,874,139
2689,930,139
2956,1541,677
2403,924,557
469,182,50
2505,1540,266
604,164,101
167,51,24
2057,846,296
1421,705,0
963,0,0
2590,1053,299
2697,1435,424
1586,815,307
0,0,332
0,405,488
669,238,0
1463,0,296
1326,672,372
1655,0,271
1556,649,380
2729,1397,286
753,344,198
0,680,373
2536,1045,822
205,49,0
461,138,0
233,0,37
2761,0,0
1858,648,151
44,21,4
1890,938,412
0,1547,819
668,265,57
778,315,51
0,549,85
1691,795,135
936,248,115
1003,378,197
1759,726,150
3029,2122,251
640,0,180
374,171,27
534,85,87
2020,988,327
1719,710,338
112,28,31
385,0,101
1600,616,129
102,27,26
937,373,262
2969,2294,494
454,0,107
2976,0,1023
481,138,40
703,319,83
2626,0,849
1612,680,156
2049,900,124
1733,557,120
2126,1262,162
2638,1551,0
2819,1594,466
138,52,53
1482,352,113
1646,611,365
0,1932,0
3018,1270,249
0,59,23
1984,957,513
1097,542,216
234,52,22
1227,713,113
1922,1272,395
2965,2275,703
1628,0,136
1136,176,275
1437,0,127
0,133,0
591,197,159
312,171,27
0,1046,938
0,143,27
204,74,13
408,217,93
2680,1674,490
431,153,81
1513,484,173
1361,447,155
399,132,38
359,51,106
865,286,270
1148,393,220
591,232,130
258,87,64
946,339,235
1128,299,271
2957,1480,0
1480,537,102
1951,1217,159
655,283,0
2523,571,755
74,34,17
0,2185,533
2223,1231,576
513,170,0
1534,180,240
2731,571,717
414,132,19
1705,0,412
1377,673,0
1709,563,274
2790,0,340
0,103,98
2818,2000,373
0,344,48
157,0,18
154,52,29
2514,1155,296
680,381,91
1834,774,205
1807,815,434
0,265,211
1767,792,494
65,28,4
1827,622,447
807,224,250
2636,937,710
1236,385,300
1052,589,127
1796,777,187
3032,1393,0
885,452,0
403,0,97
351,0,35
1505,595,107
433,183,49
207,117,20
2188,1054,293
2592,1178,0
845,335,169
462,232,32
1279,436,0
1365,587,143
1631,656,281
1557,634,151
760,157,0
2177,1294,318
1258,554,121
1917,732,191
1043,380,72
2637,1408,449
1935,1002,231
1778,334,408
1313,0,0
3311,2868,449
2044,1188,280
1063,224,264
86,19,24
977,205,240
0,801,579
1073,279,333
1050,359,231
2150,819,148
3061,1546,665
2135,819,504
718,297,138
2022,0,229
1191,445,315
2655,1641,206
3198,2268,986
2692,1607,884
0,0,51
136,57,24
848,270,179
0,179,144
2703,1669,518
2039,0,335
1003,0,128
886,524,112
2390,1446,536
1706,694,328
581,152,157
1840,822,190
0,261,96
1428,603,180
50,24,14
2033,1213,205
89,0,11
2383,1280,607
906,437,213
837,142,222
919,0,153
2816,0,0
946,297,304
2312,1061,628
0,347,45
2499,1066,601
1793,613,436
965,0,83
1177,491,230
1080,337,330
2626,1279,180
2502,1134,366
2110,1178,405
168,62,27
883,0,109
973,484,198
455,140,84
2212,777,250
2923,1352,0
499,127,182
1549,841,247
191,95,30
1358,746,217
1044,0,72
2692,1079,662
2307,0,959
958,594,81
2653,0,232
2927,1577,278
566,191,76
1257,550,0
0,925,489
593,164,112
508,147,99
1055,492,0
2378,0,491
177,47,0
0,42,0
522,211,47
1248,506,0
0,410,242
1636,562,156
1038,747,109
0,573,152
548,195,49
953,378,103
380,152,28
174,57,55
0,633,118
2098,802,523
1183,459,281
915,343,242
513,149,40
352,178,62
581,261,31
1221,0,321
2637,1279,834
857,365,118
420,125,27
2534,1438,190
622,312,91
2655,1478,374
58,30,13
1695,748,334
632,137,146
1529,953,235
1068,558,151
1141,498,255
906,366,72
2401,1127,676
1082,371,231
2738,1508,417
1642,500,144
2777,1595,447
130,74,33
0,2037,986
1406,706,0
1355,609,267
556,259,115
1769,314,462
412,171,106
267,72,32
1822,875,406
1051,300,258
365,128,44
2536,825,765
1996,902,473
1539,0,256
703,295,177
1425,534,182
1119,438,234
0,843,355
1143,0,0
1864,520,619
1483,479,315
813,0,104
2422,1400,317
2821,1475,0
545,185,114
1556,569,171
1746,481,570
3064,2123,615
544,185,157
2408,1186,172
321,33,60
1254,555,231
2990,2175,326
0,1162,306
245,107,61
337,67,0
528,177,0
1924,0,238
1193,396,163
200,81,0
0,291,69
501,163,46
1277,517,394
2382,1135,330
70,21,16
1887,856,376
1204,529,0
1112,490,84
1696,553,105
1419,500,384
2487,1054,266
1477,721,358
2073,1130,255
196,76,28
131,0,20
307,129,47
1154,136,257
516,110,140
92,26,16
577,212,95
2716,1330,629
331,169,56
2559,1674,384
942,150,243
213,0,53
1411,484,378
498,171,137
550,261,0
526,0,147
840,271,259
2745,1409,662
2184,734,498
2657,1495,0
1806,657,545
110,30,0
476,233,114
2435,976,546
919,0,77
767,323,66
842,310,79
1795,522,496
2878,0,956
950,434,171
1257,425,261
2435,854,514
2385,1677,433
2027,1038,189
2804,1305,0
2536,1181,292
320,118,47
690,165,187
1594,752,172
2096,1074,397
0,95,33
230,81,0
353,151,78
168,66,46
500,114,29
258,30,78
94,11,23
228,65,64
0,1293,206
3024,2034,1105
327,141,58
0,1486,996
1738,567,94
2860,0,688
614,257,132
3012,1728,516
1633,671,413
2078,1317,197
1334,0,301
2413,0,445
68,23,16
3102,0,367
2170,813,262
2233,832,0
0,1207,302
737,428,100
91,40,24
440,134,43
2462,1032,286
0,417,209
2208,735,772
583,136,139
517,226,137
1458,467,335
0,393,307
1918,0,0
1850,828,395
2605,0,302
1732,551,227
944,357,232
2587,1068,623
1571,546,149
0,1155,465
3145,1403,226
1597,0,330
2041,956,0
2613,1000,216
316,146,41
244,103,32
368,144,34
1569,1002,263
2517,1296,242
2924,1458,273
222,62,28
2273,854,572
2329,1059,718
1276,646,392
0,738,0
1220,544,117
117,40,0
0,0,176
617,219,49
473,162,36
95,32,18
1703,656,190
1065,411,123
1219,319,123
622,175,134
408,111,47
2997,2099,553
2413,0,573
114,34,20
1303,642,0
1450,386,0
2960,0,489
0,297,74
2727,1342,326
2089,926,295
1630,782,132
0,654,99
2743,763,207
1325,518,290
562,168,146
1727,949,322
924,614,173
719,358,193
99,49,15
305,126,87
1176,301,339
110,74,10
1438,690,373
1292,470,93
1635,1207,179
2865,0,247
92,22,15
2683,1703,507
0,184,203
2578,1335,212
1696,1055,175
2283,1189,0
891,270,111
871,304,103
0,251,65
2659,1112,687
2174,617,229
2663,1162,310
0,798,206
262,154,48
93,31,10
2551,1251,279
2278,1179,313
2818,1237,269
2428,809,318
2832,1215,381
2036,531,201
1811,0,246
272,54,28
74,35,21
650,195,82
1061,383,218
1615,701,253
1777,728,384
1515,230,377
1365,435,355
956,334,361
1706,516,319
2522,1340,347
1353,522,0
1030,404,83
2244,809,430
108,37,34
1987,714,0
1118,340,141
413,118,0
2432,1471,447
2338,0,403
2414,1012,462
402,146,0
503,0,138
109,39,26
2334,1128,470
181,72,30
2365,819,119
884,294,0
3148,1351,547
2781,1406,272
1603,0,309
1456,316,405
1202,414,151
2799,1720,360
1526,598,200
2235,857,311
3002,1993,983
2377,719,792
412,81,120
559,225,131
1914,0,439
1531,510,230
0,1267,620
1557,573,0
2250,986,492
1405,668,172
2421,943,157
1747,688,120
1300,222,452
1756,487,138
2140,868,259
2126,554,630
1105,308,227
972,371,265
0,218,60
1421,788,185
459,219,86
0,942,121
1313,285,0
52,0,9
339,111,96
334,115,64
750,250,161
1916,801,480
859,232,141
2273,760,486
1459,745,355
730,519,0
2147,592,173
489,145,57
1121,307,326
2946,1645,830
1426,431,118
1031,0,255
0,139,34
2511,1282,531
0,409,667
624,231,109
1942,791,0
0,475,179
1929,877,214
2706,1281,267
1552,650,379
594,192,0
743,425,110
1944,906,263
606,352,102
2248,793,137
1005,430,90
50,17,4
1178,0,356
1023,0,206
2879,1519,233
392,123,37
464,225,63
959,320,77
742,241,56
1773,1151,225
2933,1531,551
2359,1084,481
1152,311,303
99,34,7
1013,0,225
2878,1478,410
1219,428,217
256,96,32
2197,1159,426
987,545,118
161,82,58
2870,1397,238
529,327,81
2067,1251,480
1207,357,103
0,40,21
2092,778,553
1683,528,176
571,271,0
900,226,266
2586,0,253
170,56,23
2632,1320,660
510,150,0
2703,1480,608
2099,572,641
2076,800,219
470,137,67
1289,0,176
1683,609,363
514,270,55
975,406,107
166,58,51
1901,695,504
1832,747,357
508,182,111
1896,991,306
0,171,59
1542,820,247
2373,0,704
563,136,75
171,64,13
1175,444,165
1582,851,236
2793,945,941
2432,1123,278
1889,744,300
1510,447,136
1161,434,296
2527,1374,239
2790,730,235
1267,110,222
2287,740,485
1605,0,162
1783,632,476
0,192,0
655,271,84
0,103,0
401,168,56
1585,762,0
0,512,324
545,0,54
381,120,69
115,34,0
132,48,0
2020,1209,259
2643,1566,760
905,437,272
509,117,96
1902,460,739
1463,0,178
1665,886,168
549,0,56
374,98,41
499,202,118
1718,791,231
367,106,24
984,440,185
809,173,77
3332,1893,310
0,1152,170
386,150,41
555,238,0
866,418,112
1235,386,0
772,251,45
2202,685,312
2553,971,633
991,326,296
1489,241,261
0,783,451
307,120,35
1176,446,118
293,102,92
991,281,257
819,224,85
2304,805,220
2511,1279,744
2117,1361,208
129,30,30
1398,0,330
3346,2074,450
2716,1177,870
252,96,27
2549,764,295
437,126,39
169,0,45
3027,1691,258
1257,560,317
3301,800,1530
538,0,54
108,22,30
117,47,26
81,27,8
1399,473,415
436,175,69
1707,671,391
877,310,116
1772,1024,417
489,127,28
1481,405,435
3002,1297,0
1299,394,381
91,31,19
0,0,253
310,90,0
415,155,37
956,467,88
0,601,512
1021,418,236
2040,859,454
565,252,129
2623,1474,405
2113,0,260
1311,578,337
269,64,67
246,58,61
1164,428,132
1056,503,152
2010,927,226
0,183,57
2492,1009,149
175,51,37
306,126,0
1764,601,455
2092,0,556
1287,437,195
1356,575,222
451,204,70
2156,499,659
1062,449,0
1300,749,0
510,126,42
332,142,51
2232,0,166
2555,950,519
1573,701,0
2264,727,723
815,269,56
1398,245,513
78,21,14
617,328,100
2559,949,403
2604,0,322
0,852,433
0,1959,980
205,101,56
554,214,120
996,194,67
2819,1051,711
626,235,34
202,53,0
1800,0,454
1425,571,193
591,240,68
2330,0,0
1274,421,315
1206,88,277
2582,1388,833
167,56,39
1059,408,207
640,89,193
1362,513,279
2823,1472,708
0,628,0
1045,319,240
674,407,0
2482,831,0
1019,0,158
2439,0,327
2954,1736,258
2183,1199,472
1383,750,147
510,0,52
2477,1137,571
2230,565,708
0,84,24
762,0,145
139,93,17
2218,1403,192
283,71,55
1887,0,456
1728,987,154
33,15,3
247,31,60
2087,970,0
1422,423,313
35,7,8
0,1567,780
1677,0,134
1759,858,186
3086,1201,290
1524,634,328
2422,1065,160
833,0,268
1610,766,197
0,104,62
76,41,19
2863,1239,237
2357,923,589
2283,1263,500
2654,1280,589
2079,890,0
0,0,316
844,348,228
1555,698,185
1477,655,176
0,606,131
3135,1538,322
319,85,82
676,144,184
2298,1402,727
983,0,90
1070,358,260
116,8,18
1402,0,344
948,320,120
2094,935,0
0,0,30
767,244,132
0,518,225
379,157,60
835,398,0
465,198,51
674,182,186
974,0,271
391,115,100
201,70,50
2149,659,389
313,132,31
1133,429,297
2173,0,262
980,370,111
0,614,67
2334,1303,0
107,43,18
680,221,188
965,350,141
1969,970,500
309,86,74
128,58,12
2112,798,351
2570,0,769
2825,1204,753
1311,466,0
547,195,82
826,394,67
866,196,194
499,134,34
187,0,17
2711,865,348
280,117,118
1773,468,605
259,125,0
884,247,233
78,41,20
1430,593,103
0,173,0
0,108,56
169,45,13
0,270,150
1762,681,410
226,59,54
0,1320,349
1903,528,0
626,0,199
1971,928,400
1786,636,476
2638,1574,212
0,743,401
1358,661,156
2324,0,0
0,370,227
1697,832,180
429,234,58
0,979,500
3224,2377,1072
2738,1186,640
1987,0,542
2336,719,404
2029,894,0
0,1708,434
3241,0,0
396,0,0
1255,536,259
0,582,407
319,68,89
2728,1212,454
1105,447,165
877,332,84
316,76,99
2776,1346,352
0,1120,185
2438,0,694
2182,1056,231
339,72,29
716,110,217
2867,1531,963
506,256,114
443,188,29
1776,656,242
943,0,64
1066,258,293
602,191,49
1598,675,440
1841,740,0
3069,1373,0
889,0,240
1126,0,262
1261,427,139
0,306,288
1961,889,186
340,128,34
1086,317,108
1882,783,211
1240,503,213
2651,1293,321
79,15,0
0,1146,591
1273,520,378
2717,1310,322
2245,0,764
2544,1214,158
266,75,43
496,113,42
58,24,17
370,123,84
686,0,88
0,566,122
1098,389,149
226,96,53
2901,1613,336
46,10,7
2074,652,324
1982,1309,0
1722,0,148
3011,1101,208
3234,1525,585
1270,461,327
1143,0,256
83,0,17
2668,0,430
968,280,259
665,181,58
943,0,0
1001,358,263
721,0,76
630,198,162
2496,765,650
1430,587,300
2070,419,302
2315,781,566
2941,1643,761
890,476,115
1655,422,313
1592,621,0
2356,1043,398
1977,0,151
446,76,89
673,338,64
158,43,0
195,44,34
0,1532,249
2405,868,0
1798,663,217
860,283,141
823,303,208
0,317,260
0,1420,256
346,102,67
1354,691,449
982,243,170
576,199,97
266,57,47
673,195,74
1380,378,117
0,500,408
982,363,425
1028,292,0
357,77,52
0,54,100
1042,473,101
2096,967,174
1586,415,355
1898,800,168
1896,728,539
230,85,49
2329,944,638
2570,1449,248
162,26,37
2942,915,560
671,185,66
740,278,111
460,174,60
0,490,729
733,0,59
617,172,54
0,645,445
2371,1192,264
783,211,85
749,0,80
1007,394,75
961,287,78
2901,1537,396
1325,0,113
0,791,417
0,184,42
2398,1120,545
596,232,52
0,83,34
280,45,21
2394,709,361
2823,1281,297
393,85,81
916,351,92
929,341,244
2138,679,194
1059,220,75
958,468,183
247,94,52
1919,688,110
2103,0,323
2495,1217,538
1518,792,302
977,425,0
550,175,121
367,116,53
323,176,52
273,107,33
325,0,31
868,335,98
3113,2106,804
1463,539,0
0,879,361
1261,275,0
1761,746,257
2671,1623,0
1617,734,159
118,31,25
1480,585,0
1816,650,246
0,0,871
639,184,73
661,208,175
985,286,200
594,218,0
1086,290,303
17,7,4
12,7,4
2609,0,321
2530,0,261
1710,478,458
679,150,176
2072,773,0
1984,1043,522
405,106,0
191,56,33
2946,1872,269
310,92,0
2980,0,443
3019,2051,1000
902,331,204
399,101,89
1894,819,192
0,0,362
0,303,160
2821,1251,717
410,109,39
2865,1331,281
1332,514,320
2841,1161,0
1219,518,238
266,64,80
610,186,55
787,244,102
817,300,60
682,150,133
335,150,33
1672,0,404
540,132,82
0,55,0
1381,658,207
1357,479,0
1454,577,123
144,40,52
303,83,42
1863,616,184
650,189,89
2064,754,166
1880,522,141
2868,0,0
674,170,132
184,82,15
0,151,79
569,101,167
204,29,56
0,72,111
777,0,82
1426,729,330
0,182,156
2076,605,191
2078,1008,211
2335,858,598
2589,0,772
0,65,0
1065,375,298
389,80,76
2687,909,235
1994,897,252
0,307,107
548,153,138
74,40,32
318,83,56
313,80,56
133,42,18
86,34,13
301,85,92
349,150,76
3054,812,395
2001,541,271
945,0,81
306,147,40
93,4,13
99,20,23
915,235,0
2750,0,807
1861,662,130
3012,1347,319
1156,342,319
843,171,127
115,34,35
0,251,94
1472,537,332
201,75,39
128,44,23
2068,929,0
1477,314,330
775,0,93
316,114,73
844,157,282
977,314,0
2320,1310,656
634,189,112
458,185,124
1941,1336,640
2873,864,781
0,559,565
592,177,0
2326,1080,292
600,335,53
2893,1025,0
1568,568,176
0,152,32
1065,330,98
508,176,47
2480,1072,411
525,160,164
858,218,154
0,136,95
2525,873,0
540,133,125
1867,552,194
0,1493,679
2818,1445,238
3353,1938,366
2269,755,0
1055,445,96
778,346,120
1918,882,428
197,38,58
563,203,0
0,197,138
1432,550,553
1317,362,397
1992,0,0
929,236,74
1298,488,146
1858,746,173
1472,567,134
1021,419,111
0,1055,557
2243,1036,794
1123,420,203
799,0,0
920,328,77
1029,253,0
1305,340,174
622,162,56
1096,416,198
713,315,171
2002,765,466
1165,504,155
990,0,221
364,203,72
2939,1287,0
2135,1040,587
243,76,0
971,490,101
1968,872,217
450,102,124
1760,474,193
0,227,196
1094,493,234
2212,751,147
1921,737,0
1582,823,356
1140,346,0
2192,536,542
3046,1242,400
1788,657,227
2266,574,171
0,1349,302
1119,376,0
2621,1020,292
102,19,12
1414,616,133
3030,2190,834
2340,788,0
1211,247,259
1341,223,163
2183,776,408
354,0,0
538,233,114
2579,1220,484
808,269,201
1633,772,460
991,390,0
1491,394,535
0,591,108
1887,642,0
1458,550,0
1332,406,107
1861,652,0
1109,384,210
2786,1458,346
1328,457,363
143,54,13
2359,1133,410
2457,1574,775
69,13,12
0,738,326
1272,406,242
502,121,64
292,0,0
80,19,0
1797,896,190
0,375,0
0,770,166
139,62,10
167,59,15
623,224,166
1360,630,338
322,114,102
161,44,49
419,0,38
265,75,65
2896,1124,478
1035,331,258
0,128,68
467,167,80
0,1054,213
688,157,82
0,422,115
1252,380,90
738,202,183
0,37,29
0,64,14
621,87,126
1205,454,186
0,701,277
470,134,97
806,319,0
874,208,125
543,181,94
736,213,96
1121,0,300
1192,407,174
706,212,119
152,47,31
445,207,71
545,151,150
1011,0,255
1271,0,344
1102,371,255
0,304,148
685,115,193
1116,428,68
1963,1084,571
283,77,0
1509,561,213
539,204,109
2051,1009,263
205,51,21
1054,270,257
538,217,75
775,272,179
1540,674,362
924,246,228
716,212,0
1120,309,67
1107,392,180
1114,408,0
203,36,25
1517,454,197
1852,1053,355
476,108,42
1881,780,194
724,271,76
642,174,142
1475,862,388
525,156,128
377,119,0
69,9,5
941,296,0
659,181,115
269,48,54
0,238,117
765,214,117
1269,315,114
1288,503,175
68,12,6
244,0,21
0,163,80
284,114,0
1342,503,142
2011,0,0
467,143,94
708,222,77
556,243,113
1740,0,0
1554,775,492
280,106,27
1238,542,154
1418,588,354
1233,606,156
199,47,34
1188,607,107
1194,320,107
1410,553,146
0,0,143
593,169,134
481,127,146
761,205,0
499,60,125
780,277,0
403,0,83
1578,697,291
1205,563,239
329,82,42
1007,439,280
692,203,116
3155,1190,0
0,112,34
1731,410,135
118,29,31
423,122,85
878,196,96
567,137,60
0,647,497
494,144,90
1712,424,352
2538,987,590
0,2107,476
0,645,172
668,252,99
937,325,75
495,167,134
474,179,81
1523,486,165
2127,743,729
464,143,84
1831,544,439
95,40,26
3103,1496,279
1811,1014,502
124,49,25
2253,1015,347
2677,1076,563
1107,328,140
71,13,13
597,141,52
2909,1220,470
1306,725,190
2919,1043,250
1034,369,153
1556,0,359
612,233,0
416,165,39
604,135,136
2492,1463,725
132,34,0
2616,959,483
1081,381,130
1175,327,64
1217,333,208
0,520,0
879,229,110
1048,157,230
597,180,72
634,139,135
969,470,98
961,0,293
1088,323,261
1842,548,390
0,1175,423
1723,471,379
2493,783,0
1606,367,0
1305,374,301
1012,168,262
2056,727,267
825,381,0
1613,641,191
2052,662,317
1797,723,499
424,141,37
2397,1285,213
2084,1158,258
2286,1130,447
0,89,80
2978,1457,387
1688,778,0
1975,774,0
1145,0,331
2689,0,313
0,30,10
202,75,47
292,75,91
0,392,135
1986,0,228
2880,0,787
0,14,19
1488,520,448
486,0,25
910,458,80
0,710,333
856,282,61
845,226,222
0,589,211
2352,760,272
2811,676,742
142,26,0
0,19,21
820,229,0
1000,354,130
559,261,106
1309,245,138
901,318,110
1485,356,121
140,42,0
2426,741,197
1331,251,366
3202,1784,921
1670,0,391
542,213,139
892,283,131
2390,657,545
377,93,0
1159,362,255
540,109,121
0,1411,238
1267,480,289
548,185,99
616,281,160
1660,635,208
197,45,35
243,0,45
256,29,53
618,335,97
2457,1008,607
2331,972,231
402,124,47
1565,550,234
1108,0,160
1359,690,291
1095,339,295
1403,369,117
2557,1598,205
2272,814,502
3254,1290,770
285,81,29
2555,1458,845
0,2065,0
113,25,21
3002,1538,397
649,120,0
568,107,144
81,13,29
2225,998,0
453,207,59
1556,512,173
1233,328,286
1260,0,137
1054,299,229
3244,1823,361
3120,2071,522
942,151,147
605,0,64
1206,507,0
632,199,87
1219,437,308
150,20,15
581,170,102
397,104,78
3017,1364,347
3215,2380,315
280,82,109
123,33,29
0,756,284
421,120,52
517,201,120
351,0,35
120,43,23
2086,954,313
411,122,37
392,114,123
1238,467,132
0,801,321
800,411,168
1988,881,535
600,177,72
1514,474,132
961,302,88
196,64,16
582,193,57
890,254,111
2355,1027,226
599,119,52
279,93,54
962,0,93
0,258,198
403,123,42
885,253,173
630,105,108
0,591,272
1007,322,0
2385,1484,313
2605,1461,312
1576,285,154
2185,915,603
481,214,34
1286,516,294
886,360,81
1740,554,387
2978,1113,740
633,162,163
155,58,3
774,210,72
609,171,49
799,229,90
2754,1424,360
320,108,62
2343,0,401
2406,884,338
384,0,28
1410,372,184
2462,0,350
325,134,0
2541,958,573
280,0,27
326,102,85
1917,742,293
1200,481,64
0,54,5
2093,1375,339
2151,880,402
0,1051,579
490,144,43
2585,1195,498
581,169,80
650,167,162
1601,858,242
3143,787,0
2420,931,0
1247,403,324
1830,604,251
1716,735,178
3023,0,379
2263,1032,621
1391,608,401
2168,795,651
2455,1178,632
1498,443,318
1273,338,222
221,55,79
1988,883,223
1996,659,321
714,224,176
168,59,38
1880,0,348
626,288,107
169,16,51
560,189,52
142,58,20
110,55,14
1922,767,453
665,0,85
1643,606,213
88,32,21
1780,778,256
0,0,187
77,18,12
757,357,85
2465,1199,0
490,231,85
2487,951,143
0,516,405
1360,523,118
0,767,425
1197,710,163
2556,0,264
1731,687,254
69,24,4
0,555,180
0,481,257
1807,603,147
0,223,157
0,338,409
111,42,0
3401,2461,564
100,13,20
77,12,16
184,48,39
633,252,155
1894,738,437
340,88,43
1327,365,339
515,183,43
1041,328,219
0,350,72
784,277,157
0,0,279
760,169,0
3321,1883,1102
2948,1555,720
0,714,248
1431,525,161
544,259,160
926,180,153
2557,0,0
37,11,2
2467,1002,511
1850,0,476
1999,0,255
685,134,0
855,203,267
122,0,0
2432,1390,0
2254,946,286
1170,152,294
1789,0,226
1633,537,451
3044,1396,503
211,60,0
488,72,83
812,299,196
781,174,159
2006,1073,0
0,34,18
0,1806,263
2628,0,640
792,273,156
0,0,154
2186,1011,341
262,101,50
3044,1280,303
644,0,178
514,138,153
1103,320,223
1369,441,0
1321,466,272
1976,397,235
1103,408,119
2774,1269,216
325,103,106
0,650,343
2518,706,607
2825,992,0
872,227,94
0,83,25
0,180,141
900,250,119
0,92,31
1117,404,270
760,279,0
1315,409,155
1275,458,145
1836,913,0
3081,1395,279
0,182,165
1978,667,529
1385,629,82
1243,0,368
2061,987,358
334,128,53
0,243,298
1974,635,222
1000,418,210
724,171,151
0,207,206
1787,498,317
1206,345,280
258,0,54
627,234,130
969,289,146
402,0,37
2447,1557,359
141,41,15
2030,623,326
552,134,71
1229,204,87
1039,477,146
2686,1532,287
2474,1140,358
344,94,76
0,220,66
727,240,63
1769,580,0
572,137,167
3231,1987,1139
2458,1381,600
1435,489,164
606,0,62
304,0,56
2706,915,259
1589,575,368
2877,1376,0
406,125,118
3119,1033,487
1913,464,424
0,36,23
2842,1072,327
882,330,111
0,132,79
3254,1639,0
1839,931,146
3217,1498,0
2988,1205,0
172,55,7
730,396,117
789,0,188
1330,482,413
1191,531,192
2254,800,188
720,176,156
2353,710,633
446,154,0
0,1371,776
1580,682,0
71,18,0
0,32,24
0,83,0
412,136,0
0,106,164
3067,1626,0
0,672,614
1648,438,381
0,61,47
1968,810,0
1244,459,97
708,217,132
0,64,31
0,44,41
976,337,225
1511,618,178
571,231,71
1663,596,326
1528,727,378
2548,890,662
1378,432,136
1025,379,216
307,106,63
2073,739,358
766,393,0
1271,270,116
2126,991,247
673,302,155
216,54,50
1468,728,199
2001,851,134
985,541,165
1340,559,305
513,243,95
3064,1867,347
2717,1136,279
2608,1558,426
204,0,39
483,118,40
169,0,0
1505,455,0
93,36,14
3084,1571,332
1340,667,130
306,40,70
130,0,32
1435,597,238
2177,0,213
1649,0,326
1233,416,201
1783,593,674
68,25,11
667,151,146
1492,527,453
0,32,15
159,51,42
760,264,135
891,397,83
224,95,69
0,741,464
3174,2302,299
1987,672,269
1798,547,167
768,212,0
1859,871,208
692,336,86
2839,1018,0
1632,572,423
1491,688,0
455,131,58
1699,809,0
2852,1113,338
1933,731,586
1519,589,439
883,0,98
1185,354,243
360,90,46
214,29,53
942,275,185
529,0,65
0,324,79
865,191,0
1382,0,219
0,741,289
0,1723,312
121,41,16
1367,444,246
882,275,142
0,217,0
877,390,79
1026,307,172
128,49,38
104,26,18
0,0,446
750,314,65
0,429,102
1014,301,0
73,25,13
0,15,5
0,0,257
117,26,37
112,24,0
2167,908,535
1301,616,160
220,50,41
684,354,129
360,80,92
0,101,62
827,391,198
1668,978,447
934,361,85
1840,587,143
520,183,66
150,37,31
165,36,29
2254,814,244
1527,741,259
1961,887,0
701,266,140
0,349,143
600,158,70
594,291,60
1592,744,150
141,39,28
495,101,144
2839,818,429
1781,560,0
2240,914,365
1083,0,162
250,46,52
367,67,107
340,70,0
338,74,80
448,92,61
2249,0,387
1535,642,274
940,216,208
749,181,172
726,247,113
385,182,0
2604,1112,516
0,190,374
296,0,0
1393,377,502
605,0,226
2038,780,247
1734,747,219
938,282,0
3135,1628,713
1765,587,384
0,237,227
2955,1284,288
3021,1292,1022
1915,923,371
1281,0,161
353,87,40
0,1007,481
2283,1217,0
978,260,96
202,35,27
594,245,128
406,137,91
2102,587,0
1062,464,299
3340,1653,335
489,142,115
0,281,104
2089,552,133
87,14,31
2437,885,279
1772,699,253
0,1054,552
0,939,270
1018,317,150
220,92,19
2876,1568,390
943,0,169
2102,757,298
159,60,28
1362,627,143
353,88,68
1745,1147,307
1286,559,182
0,50,37
0,347,325
1515,362,309
2239,1063,500
3221,1186,738
919,0,0
167,45,0
0,59,23
0,84,64
1089,435,187
412,135,0
1442,451,230
938,205,114
149,36,29
414,146,88
989,423,110
1525,0,153
2648,900,241
116,43,22
1222,533,350
987,301,264
465,140,53
2798,1371,158
127,15,20
2293,748,618
1411,455,415
732,257,212
99,36,22
0,1165,333
586,275,52
2361,1053,521
1684,707,401
2526,1262,548
1529,0,410
657,218,173
352,91,50
2207,984,286
1689,454,0
3040,1088,282
87,16,28
1190,399,0
1278,506,249
1064,334,294
1629,751,255
2225,528,169
2258,809,584
380,69,81
2557,1549,867
2658,1561,741
199,26,23
1132,345,244
2223,818,256
538,0,140
359,119,37
0,558,169
309,89,53
2287,826,149
475,107,126
1410,474,205
2785,1142,381
1842,839,158
1208,572,226
2081,813,196
746,206,83
1714,439,521
1715,783,449
0,1443,1008
2123,0,470
2596,1045,267
2130,925,599
1293,640,127
0,386,69
309,113,21
753,260,181
739,203,53
419,0,57
2359,1426,239
1594,493,190
0,73,57
2933,1041,655
1273,408,115
361,99,29
1729,664,496
373,101,35
1913,639,437
1572,661,0
1185,467,257
1477,465,113
2459,1339,661
2329,0,757
460,81,106
231,46,54
198,44,45
109,24,31
1919,550,357
2425,0,688
0,106,46
2091,779,164
0,0,91
1700,424,190
1355,497,360
2647,1178,621
1034,471,74
948,340,82
760,192,68
103,22,11
1931,1397,239
2419,926,543
544,198,149
1137,283,175
1292,393,272
1035,173,216
333,77,68
1732,692,0
952,224,216
473,203,56
1100,0,104
2078,0,744
2720,1119,763
204,24,38
713,0,188
509,132,131
209,39,68
0,105,18
685,255,127
634,145,75
3196,1791,385
1356,456,115
257,57,49
876,0,83
3071,1636,404
534,144,135
621,202,145
269,107,89
1884,496,668
774,156,208
2328,1337,0
2299,1442,354
1564,574,423
558,252,167
2291,1336,221
1970,921,0
166,46,42
2228,848,576
2222,919,353
532,147,107
1480,584,167
215,58,13
130,19,31
720,272,69
2189,621,222
2919,1726,911
1757,532,0
2217,792,339
1732,740,0
1075,491,99
2216,1443,273
689,0,78
1663,505,424
0,1209,594
2702,984,275
1650,639,494
228,0,0
2106,916,543
1664,0,337
99,35,29
803,362,296
592,165,51
1796,608,206
1310,432,370
2874,1570,411
588,228,46
1340,465,118
2244,1217,710
2702,1632,309
2306,814,322
1505,311,172
1421,907,152
2873,1394,667
761,261,126
1412,618,133
2579,1269,208
281,32,61
1940,780,323
0,464,141
2205,348,604
1754,852,356
2132,799,0
1124,469,260
2870,1564,675
1843,698,245
1886,588,130
1278,409,322
1056,298,125
1554,610,312
0,1470,605
2876,1434,278
1092,338,195
2375,1063,370
1454,426,220
882,372,71
1783,587,134
712,212,64
1863,735,693
2928,1746,771
1998,0,157
909,190,142
2946,1662,410
890,251,107
171,0,32
733,234,0
785,232,60
2216,889,348
215,119,56
728,264,146
2906,880,246
1137,262,361
3086,1162,310
1828,452,508
2677,1252,201
1541,597,292
2873,1290,519
1828,685,126
2279,1225,207
2560,794,618
1094,194,146
2259,876,549
1832,644,0
175,58,44
184,64,36
0,1624,1093
0,61,31
861,0,76
2716,1074,276
1836,1156,548
1426,429,168
1831,654,163
1939,646,178
2824,1293,951
2859,0,453
614,189,118
709,159,222
1516,505,365
2111,769,395
1064,294,157
746,318,201
2068,577,0
711,209,80
171,53,24
1278,551,222
1161,492,125
3050,2094,681
2027,905,433
1216,555,288
1314,540,424
850,202,75
2253,648,619
559,162,0
1227,538,345
962,339,75
579,89,128
2033,688,218
2209,0,290
1803,610,233
2959,1446,333
0,476,112
544,193,43
162,42,17
1247,545,0
773,345,113
0,910,606
0,1294,410
2270,800,220
1166,0,180
1166,0,130
0,112,78
911,487,202
0,0,133
335,71,81
239,51,61
56,10,14
457,143,110
0,508,0
231,125,41
0,534,0
1121,469,0
1611,459,132
292,118,52
2256,0,509
2919,1604,215
328,0,18
2702,979,240
1817,699,142
261,34,0
115,16,14
470,111,50
2109,946,192
2460,1425,201
1280,328,400
933,340,0
1664,0,223
2906,0,424
1991,674,281
2072,494,178
2647,1631,257
1441,503,164
709,202,71
1667,704,130
0,1190,734
239,69,51
99,24,20
1755,763,542
759,266,123
3043,1239,490
317,0,49
511,0,138
2221,1080,0
1614,478,507
2035,946,464
1632,437,335
131,58,18
70,22,8
3193,1401,529
1898,0,517
0,70,26
0,0,8
2966,2258,554
2463,1301,703
1794,372,288
0,1270,282
2608,1408,704
976,324,66
2881,824,445
952,374,111
172,53,45
2469,0,0
1054,0,182
0,16,1
2375,885,252
0,842,658
2385,898,477
1515,501,0
2025,769,191
968,386,243
627,226,89
307,38,79
13,5,4
2277,954,559
984,459,304
1052,296,191
406,115,0
2018,899,259
362,113,33
3039,2027,620
2149,988,515
1728,894,135
2411,1296,310
1687,651,215
1664,661,0
133,39,29
807,178,157
0,34,40
492,215,54
1808,788,155
517,234,50
562,92,49
2671,1329,705
658,189,135
1410,543,232
883,0,0
2499,1215,281
659,208,45
2540,1280,140
313,41,0
0,804,294
0,1057,0
1848,931,365
533,243,102
0,619,240
2005,768,268
2802,1419,303
2468,820,416
782,365,110
1764,656,348
1392,0,190
2324,867,251
265,0,61
732,0,219
977,711,181
1070,392,119
995,274,80
62,16,7
2361,1401,409
1397,294,0
1646,840,125
2172,1076,526
1362,483,152
0,136,184
576,185,99
488,151,84
1714,524,450
1568,712,157
2779,2078,419
770,222,77
1540,277,0
598,239,72
529,198,88
2489,1373,286
1971,856,0
884,323,88
1234,523,0
856,353,86
774,0,52
0,0,276
64,13,11
463,178,0
1549,461,156
1535,533,412
2297,558,152
297,79,86
90,35,8
2095,547,0
0,100,118
2763,1622,425
2427,998,360
399,130,88
2244,0,610
2256,1105,695
1471,531,129
2469,0,387
1112,355,0
0,688,461
1999,750,327
1032,436,177
1649,681,150
2103,933,209
1261,0,149
1401,0,241
542,209,74
1233,414,297
1869,803,170
2093,529,420
2062,774,171
2650,0,302
783,353,51
1280,535,368
851,370,252
764,0,118
1856,764,172
458,135,104
0,65,75
1685,783,196
1576,561,498
931,327,169
2091,600,218
2880,1268,327
313,87,97
893,273,212
839,240,147
141,88,0
653,224,135
955,249,178
1310,573,121
872,260,178
101,0,28
442,101,47
617,280,75
77,39,9
21,2,2
0,38,15
553,184,49
1416,669,296
685,268,158
1865,0,313
1323,454,0
766,0,118
2034,1115,174
1994,1191,442
0,655,142
211,72,18
971,205,350
1088,319,265
106,34,33
1382,0,128
0,512,79
1087,541,207
1966,780,172
1261,419,325
1635,455,231
1400,650,157
2112,1123,709
1799,555,160
1341,459,228
2061,699,612
1613,837,118
83,2,25
0,895,520
45,13,6
1376,570,425
141,25,42
792,440,116
2114,1017,659
258,115,62
84,0,12
920,355,270
0,281,0
0,165,177
1274,481,151
522,0,82
1792,603,498
1655,0,529
0,274,82
175,55,40
82,23,22
2127,1129,221
0,0,27
999,511,214
2121,1147,545
1009,333,227
1145,0,116
692,171,170
2082,1015,637
270,58,50
1706,676,181
1640,455,457
671,282,73
1804,599,300
2181,1189,213
0,120,72
1264,651,346
301,106,71
1002,271,126
0,172,61
2087,798,281
517,252,123
1404,436,171
357,84,26
0,0,128
608,165,59
171,45,0
179,0,25
2183,831,159
895,368,0
630,166,126
119,57,24
0,0,389
0,208,153
52,14,10
827,210,147
357,77,63
785,271,287
1706,589,173
1078,267,249
812,283,0
299,43,35
1925,842,433
1098,392,209
0,40,25
240,74,41
175,50,63
1669,455,0
2035,863,0
2109,705,363
94,0,14
2503,1309,519
2482,1920,460
566,87,115
369,145,104
730,0,137
1003,443,128
2058,822,366
0,295,145
418,184,32
1175,327,132
2546,1281,771
2003,990,235
997,376,80
38,10,0
1219,636,97
2160,826,176
887,326,70
250,0,80
2068,666,0
384,0,60
1289,534,138
2170,861,245
0,1227,686
1943,785,291
1967,363,888
1120,191,313
2248,923,0
1037,240,208
346,98,22
2796,1127,622
1146,643,212
1393,705,201
1876,680,516
2252,1036,0
1188,450,97
1414,290,404
625,194,90
0,937,656
2323,1018,828
2620,1076,284
437,0,49
2722,1296,945
2486,1055,617
2779,1038,423
2048,0,216
2349,1023,243
0,0,72
635,174,70
334,95,78
1078,506,0
0,1459,886
290,58,53
618,0,252
257,95,25
431,129,95
2136,1077,178
230,32,48
685,159,137
2151,786,238
900,0,157
2375,1135,554
1524,596,277
370,131,58
538,250,93
2426,784,733
1029,454,293
1134,306,336
447,0,32
2758,1177,404
1775,737,337
528,0,56
1575,756,119
936,347,127
809,247,238
1691,608,229
2184,1048,541
376,183,110
1840,665,175
378,85,46
1300,658,386
2278,687,304
892,270,264
185,56,0
770,160,195
360,125,60
2285,891,549
1221,229,115
963,253,155
1312,323,251
1457,538,141
738,275,63
2559,1008,917
2391,1463,344
1756,894,0
2076,531,319
482,190,89
2200,0,294
2435,1250,0
830,259,180
0,0,105
1916,933,430
61,19,15
112,40,0
2045,572,496
1773,564,175
186,28,38
429,112,125
1257,558,222
2266,911,470
491,161,145
643,302,77
663,217,155
1618,821,390
158,7,14
716,299,0
224,0,28
0,83,26
2193,1089,257
1419,587,229
2414,1167,437
2178,0,214
0,33,9
2094,0,0
1198,536,120
308,96,69
148,66,0
3017,1791,343
675,202,87
1016,339,119
399,81,149
0,416,104
488,164,128
1083,315,122
1970,859,0
639,350,133
2351,1069,558
395,183,114
533,194,87
279,99,0
335,60,103
2805,1382,380
1019,404,194
2777,1851,344
0,592,264
180,73,34
2800,1248,0
958,538,244
2666,1227,709
1478,618,0
158,40,22
236,97,23
2078,921,528
1538,665,0
2288,1257,643
112,30,15
1346,0,124
0,40,27
897,280,79
79,0,17
2187,720,235
1707,579,207
2482,1328,627
1506,499,136
373,140,44
215,76,52
1325,408,333
242,0,20
2171,1185,0
1207,211,305
270,94,26
527,206,122
987,532,74
1141,0,97
1667,677,136
2638,781,342
0,105,46
2214,0,203
1305,578,117
154,29,16
707,306,181
392,110,44
1006,0,129
830,301,0
982,508,290
1396,622,266
2490,760,529
588,173,57
337,99,63
465,176,34
1193,414,101
2059,915,168
1445,625,0
684,190,150
0,525,244
1765,939,228
2718,1417,476
1416,490,353
1049,399,282
0,537,523
406,87,93
1982,557,0
383,137,117
1122,461,318
1692,836,482
680,251,94
1407,666,0
758,353,99
2286,771,864
1831,573,159
2225,1107,0
0,1010,0
0,628,0
265,89,0
1382,539,264
397,176,33
135,77,8
1984,708,348
455,0,48
905,0,89
647,210,97
1051,312,176
504,201,155
0,167,42
1426,734,218
1457,533,190
98,38,26
2681,1446,919
511,190,70
1692,0,396
613,188,80
2454,1168,328
2981,2217,459
2369,1164,430
1274,425,258
2318,1156,544
0,509,416
1319,669,277
2493,1743,416
531,183,145
1173,632,104
703,241,142
51,0,9
1979,0,456
2820,946,1226
383,138,105
1444,0,192
1326,678,0
1233,0,146
0,147,0
633,295,107
2532,1228,731
1146,265,356
1916,660,328
137,0,37
1352,487,200
256,106,61
36,9,0
631,0,77
119,29,20
58,0,8
2045,845,385
2581,1258,506
2037,855,421
2045,785,591
897,299,272
1407,523,146
368,100,64
2573,1292,302
1730,606,500
1953,976,129
1914,868,294
1005,233,274
0,404,138
236,90,50
227,81,49
600,0,80
101,17,26
153,44,25
591,238,50
1545,496,224
625,224,81
1287,385,139
1808,523,222
2300,1027,530
1404,660,0
1573,501,277
1874,896,248
430,127,53
2228,1162,184
1641,541,121
1181,701,109
2455,1668,247
640,348,0
128,29,26
1494,605,143
1142,0,482
108,57,29
2969,1387,374
1149,499,0
831,465,76
0,49,27
858,280,194
1487,0,362
876,307,188
2014,636,0
1620,535,296
2008,1124,396
96,18,21
103,34,28
1672,0,117
986,0,89
1059,632,125
2115,887,255
0,375,492
2536,1155,220
1669,590,199
0,122,68
797,412,109
1471,542,494
1005,395,146
1412,463,352
2219,1035,169
699,0,171
2246,1748,747
1971,484,236
2700,2375,430
2804,1830,349
1386,485,233
0,827,585
2666,1314,1198
154,31,0
1694,835,581
2566,1213,225
741,261,110
0,122,150
1932,0,668
1265,426,143
1170,0,294
1313,410,174
131,69,45
460,124,98
835,343,218
156,36,31
0,175,50
1044,434,211
112,44,24
1708,606,335
205,0,0
569,351,0
2334,761,205
470,214,130
1333,511,314
2676,1879,302
0,914,253
1058,448,128
400,111,28
235,89,42
2852,1434,302
373,63,0
1266,0,312
764,309,250
1591,928,373
1395,687,281
2408,1070,395
486,132,111
113,22,8
1462,221,147
0,593,130
0,859,435
1055,305,181
1667,558,255
617,239,92
1181,546,0
1372,573,223
0,369,115
0,147,134
1001,217,88
665,0,152
1174,283,305
2152,0,202
1070,0,0
2750,1878,626
68,29,38
2338,948,521
199,29,26
0,392,97
584,207,177
2335,1243,0
639,262,112
482,85,163
771,381,84
2617,1164,481
1793,0,567
2176,1390,320
2083,0,277
923,242,114
0,43,33
653,283,120
2809,1816,0
40,14,10
592,181,49
1799,586,227
397,129,90
222,45,0
973,183,88
1137,527,122
2063,0,153
2157,1008,129
2335,999,415
1183,551,100
1330,387,495
366,106,47
1998,630,204
474,248,86
1228,412,132
1296,587,461
1040,316,311
0,408,99
89,11,15
1989,846,486
487,207,103
1534,638,214
1064,527,219
1782,851,178
1138,428,147
626,0,146
1123,392,295
842,305,187
671,217,152
1639,629,225
1998,574,304
2085,975,0
2178,1002,293
174,59,10
1732,0,179
249,78,24
1885,0,0
1158,440,235
0,191,130
1820,700,152
2374,0,492
627,230,29
1516,772,220
331,98,64
342,100,61
1229,496,439
2222,1067,291
675,210,84
462,160,48
99,20,12
2605,1075,515
1955,858,207
1811,984,222
236,71,16
2399,0,306
0,351,113
1286,711,373
76,39,22
0,122,52
1365,307,106
2569,2199,205
1658,586,247
458,142,49
408,124,0
471,98,82
1171,0,0
139,58,24
432,0,121
0,189,78
0,68,26
0,0,0
