5000 3
4627,6456,3056
0,4357,4434
3272,1852,2643
4377,3793,5335
0,4859,0
2160,1734,1564
3780,6350,5031
4026,5077,5088
5388,6978,5079
4225,6859,6926
5987,5502,5772
4203,3892,6035
5248,2462,7404
3108,1857,1908
6190,5373,6810
6000,6820,7142
0,3600,3467
3280,3863,2629
3651,3469,2004
0,3838,4490
8854,6095,2982
3704,3328,2272
0,2355,3826
5077,0,5755
1583,2524,1715
0,5456,0
5113,6155,6226
2555,0,3758
0,1056,2027
8020,0,7386
2158,2018,3256
5324,0,4567
7866,8551,8291
6335,4357,5020
2828,3763,3733
3286,2159,2577
4426,2280,4877
2451,2599,5356
3459,5039,4758
4739,0,4429
4718,6625,3460
5971,4280,6792
5324,6646,7659
3422,4225,3194
2800,4144,0
6545,5709,3133
6998,7538,6030
5520,5344,5277
6955,5985,4690
5410,6727,4698
0,3076,5517
4708,2891,3129
6522,6225,5513
6893,7150,6633
7440,6584,8077
6853,7550,6990
5327,6885,6988
3943,3296,3542
7080,5551,6943
4264,5838,3605
4903,0,4409
6698,7686,6678
3663,0,0
3570,0,8050
3771,4014,5055
5296,3207,7955
6479,5356,5327
6601,5593,4740
2648,1375,2242
6351,7530,5373
4851,6939,7985
4253,6472,0
5488,7324,6659
3142,3291,3494
5669,5716,5205
4610,4078,2725
4367,5162,4713
3119,3127,2327
8925,8007,7245
1534,1298,1979
2288,2274,2686
5332,2935,5328
3595,3054,1906
4220,5772,6432
5002,6738,5178
3593,2807,5638
7073,6093,0
7333,7987,4219
2689,5199,6559
1102,1312,1619
4992,5869,7587
6209,4639,5305
3867,2809,0
0,1508,3034
5254,4259,3285
6837,5640,7043
6745,7897,7688
3519,2136,4549
4475,5502,7811
0,6486,8125
5866,4047,6852
3688,2045,3980
0,8239,0
4198,0,4969
6543,0,7253
0,5142,8132
0,3351,3372
2517,5171,0
1720,3259,1590
6700,6006,5839
0,2195,5049
5111,5249,0
8037,7701,7508
7744,7784,5682
2500,2924,4112
1613,2670,3357
2912,4415,2333
3848,4731,5288
4678,3823,5183
7349,2935,0
3372,2572,0
6317,5173,0
1333,1171,554
3654,3787,2898
6910,0,4665
2108,4345,4251
6169,5722,5869
6379,0,0
917,1970,1356
5472,0,6359
5878,4857,0
3512,3293,3378
4606,4463,6334
5222,3294,2367
0,3974,6304
5104,7742,7191
6426,4885,4974
5689,5038,5678
6608,7943,7148
7280,7182,7130
6308,7874,5996
6638,5242,7457
5213,3886,4042
6567,5340,0
8501,0,7278
4955,6213,3311
4966,8242,6844
8377,5969,7340
6105,6965,0
5940,5826,3504
6616,5886,7060
3836,0,5831
2535,1369,4202
3828,3540,0
3239,701,2787
5165,0,6088
6189,6124,5913
6518,5219,5128
6937,6290,7583
9162,8755,8507
5850,7454,7085
5797,3615,5268
7092,4417,3923
1397,1752,2030
5829,6262,8127
7671,7960,7499
0,7675,7889
6520,3229,6573
2371,4565,4684
8707,5516,6530
4712,5526,4700
5598,8698,5191
7162,7184,6669
4979,6003,7113
7569,7498,7625
3538,5745,4766
4135,4770,3074
6637,8084,6946
7930,7692,6559
5762,6639,2280
2204,2980,2777
6489,4611,0
4944,3981,2268
5519,0,6214
1079,3807,5496
3233,2943,3048
2593,1650,3883
3090,3531,2221
0,5169,5311
5977,6918,5613
0,2817,5991
4068,5513,6827
6245,7193,7088
3022,2144,0
7994,8430,6983
5702,1664,5904
3875,6816,2871
4690,4730,3233
7920,6922,8201
5531,6877,7073
8137,2685,4230
3196,3209,2686
2594,3746,2909
1116,1399,855
6218,7618,6579
6487,6333,7526
7076,6329,5973
5985,4563,8117
4762,3269,3563
0,6523,6714
7318,8222,8058
2874,2888,3019
3329,2711,4707
6100,7164,6358
2964,6182,4929
0,7245,0
0,1400,0
5912,2605,2999
7724,8160,7003
5676,6081,6448
1279,2077,2570
8621,6845,6623
5130,0,4735
4927,2636,6061
8744,7028,8422
3747,0,4483
0,6627,5450
0,4801,2722
5862,6180,0
2353,2327,0
5810,0,6322
7635,4932,4901
5591,4603,3971
4785,6092,6768
2895,2762,2864
4241,5362,3437
7616,7733,0
4447,5948,5762
2340,1784,2625
4542,5520,5178
5637,5397,4689
2567,3780,2228
5332,6715,5377
8633,0,8923
6693,7168,6465
6213,7232,6164
0,3627,4981
7301,4897,7188
8874,8766,8442
5859,4073,5243
3894,5222,4330
0,4638,4686
5027,6054,4762
6216,6179,6347
4163,0,4931
4425,4376,2383
3697,6811,4403
4785,4390,2691
4429,3493,5046
2319,4190,4421
3797,4578,5202
5005,4070,0
6993,3273,0
3313,2508,5216
4445,6401,6763
1343,0,807
7105,5816,7240
6391,4514,4375
8210,8227,5409
1920,2309,3725
2284,1374,1552
2924,4366,5489
4471,3729,2969
0,0,7537
3456,3959,0
6059,7832,4671
4076,3262,5042
5082,6685,8582
6472,0,6425
5466,3867,4063
5650,6992,7909
0,6530,6300
3167,3207,2736
0,4450,4222
5268,5513,5220
2467,2071,2812
0,6811,7052
2828,4017,5092
3694,5826,4944
5796,3229,3235
3547,3834,2744
6909,5184,7243
4387,3518,5587
3474,1554,0
6644,4923,8224
7247,5937,8236
0,4546,4809
2770,4218,3061
2332,2765,3940
5127,4259,4352
5562,5427,4453
6000,6526,5071
7325,8042,6745
4853,9066,5649
1777,2730,1321
6556,7544,4867
4858,4017,5106
4944,4300,4114
7471,6725,5615
5884,5237,7026
7694,6274,7574
4741,5148,3528
8188,3829,6924
4174,3802,3405
2871,2532,3343
4945,3269,3595
8140,8489,7372
8503,8470,8400
3808,2074,3325
6798,6306,7374
1639,1518,2447
1024,1607,1086
5221,0,3352
1445,1944,0
6144,5611,4516
4162,5202,2989
0,6147,0
6820,8362,6135
7558,6798,6592
5349,6124,5506
3111,6132,4821
2417,1897,1851
6808,7612,0
4892,3211,0
2060,3296,3902
5959,5620,7971
2402,3483,3708
4528,5015,5370
0,6046,3239
4483,4084,4709
3408,5057,3853
0,0,6574
5213,3733,5342
3555,3869,6056
1776,2683,1545
8254,4636,7553
7916,4429,0
5131,2484,5750
6441,3543,3916
0,6985,4806
4864,3439,3624
6039,0,6327
3521,3605,3483
5896,6194,6158
6111,4059,7414
4806,7613,7013
2098,0,1552
2936,5362,6974
3013,3913,2450
7156,5830,7974
2975,0,2647
5719,5734,6692
4824,3331,5587
8054,7323,7740
2297,2645,3027
0,0,7591
2812,0,5169
4000,4587,5696
3519,3062,2693
2741,2569,3246
4354,6059,4594
3700,3470,3361
5521,5081,4406
7370,7647,7058
4390,5052,4904
3071,4471,2169
7433,7635,8113
0,2579,6774
5026,4410,4249
1440,3668,2942
7344,7925,7128
8260,9080,8521
4462,6158,4513
6847,7001,5097
0,4788,3300
5675,5730,3453
6448,6923,6011
4926,7339,5555
5507,6350,5600
6940,4954,6576
5274,5094,3146
7782,8276,7561
0,2813,5394
0,8551,8286
8433,7934,7425
5053,1191,3897
7343,7596,7038
2250,2695,1663
5858,5108,2297
3128,4856,6089
2836,5788,6592
8030,7241,7271
5723,5763,2766
7269,7503,7517
3630,5259,4601
3353,4054,0
4788,0,3308
3411,1922,2616
6105,7129,6057
0,5607,6014
0,0,2173
4118,2771,2577
4736,3958,5007
6421,0,3608
5294,6115,6523
1746,3470,2435
6016,4265,5735
8037,7835,8225
7295,7361,7824
5439,4006,6516
3607,5393,2293
0,7120,6322
8538,7963,7971
5188,8299,5667
3146,3670,5346
4896,2158,4278
3621,3087,1797
7650,7041,6285
3738,2220,3836
5567,3611,5735
8522,8955,8429
7700,7283,6296
4517,5469,6079
4352,0,5416
6758,7182,7050
4964,6234,2858
3200,2918,4160
4597,3959,3476
5893,3546,3874
7195,6125,0
3752,5099,4206
2782,1897,2462
6222,6542,6389
0,5090,4387
5362,6670,3950
7785,5558,4069
3743,5662,3523
0,0,4060
0,6669,7098
1612,0,1827
5232,5874,2911
8205,8705,8227
4513,0,2811
4765,4621,2394
7142,7722,8308
6775,8801,8786
0,0,1051
0,6785,5824
1388,0,4340
6209,4400,0
3825,4258,5076
2953,2852,0
5147,4966,2439
1391,2038,0
6888,6491,7263
5455,6832,0
5950,5346,7212
5471,0,7064
1694,6109,3998
5997,4312,3507
3824,0,0
4033,4360,3130
0,4479,3879
7114,6697,0
4618,2910,4268
9565,9240,8900
3467,2712,4101
3491,5917,6311
0,7280,7171
4985,6051,2957
7040,4493,6031
8416,7092,7379
3451,5642,4620
3802,5371,6634
4060,2027,3253
0,3439,5068
7296,7696,7759
7687,4168,6189
7558,8645,8291
3177,3532,2213
3706,6043,6147
7216,0,6023
0,4556,5920
4011,0,0
7789,0,8759
0,941,2649
8099,6080,4741
5789,3892,6712
5886,4270,5492
3099,0,4731
2851,4216,7531
3136,2480,3408
6092,3577,3726
4146,4177,5100
3356,4475,3319
2100,2681,1868
4855,3133,3984
0,5391,4536
4311,4227,5421
3151,4922,5279
6208,6293,5751
5455,5693,5662
5095,5938,7693
5602,0,6527
6612,0,8065
4206,4078,0
0,3571,1999
2714,3164,5777
3060,3206,3279
1574,1939,1719
4581,4998,6507
3687,2907,5385
2209,1149,3476
2040,2390,3014
3546,2071,2185
7005,3118,3633
5090,3062,4321
5491,5913,7305
2174,2069,1537
3841,7259,2518
5411,5243,3926
7365,7819,8208
5906,6859,2694
8893,7763,8208
3383,6760,3927
4281,4891,4878
0,2532,3858
2593,4463,2696
5954,2405,5840
4106,4042,5146
6236,4742,4383
3554,4279,4098
5317,4245,5036
8509,6850,8109
5998,5542,5879
5472,4916,5431
2520,3010,3447
0,3605,5283
1966,1532,2630
6180,7182,5913
9294,0,9227
5652,4343,6355
3225,0,4720
6582,6234,2453
753,1858,1278
5988,5852,6727
5098,4776,8059
8581,6827,0
6085,6374,7075
3554,3492,4523
2076,2981,0
6613,7457,6858
5261,6192,6306
0,1981,2067
0,5060,3989
2826,5473,0
3016,4557,6734
4623,3402,5934
2935,3634,4716
2900,4750,1825
7858,6654,7035
1356,2216,1342
3432,3405,2981
4176,3508,0
6779,4421,6663
6053,5960,6044
5299,4854,3855
6844,5857,2915
0,2948,5612
1846,5192,4188
0,4168,0
8171,8755,9036
0,3209,4322
1732,4837,6254
6004,6889,0
6512,6574,5896
5168,5280,5408
3111,3823,3431
8617,7413,0
5155,0,5494
4198,3259,4237
4040,4493,4630
0,6107,5622
6707,8075,7317
2636,2975,5673
0,1874,0
3793,4806,3447
5031,0,5210
5983,6510,0
5480,6864,3402
4742,0,4726
4700,5099,4826
1366,6928,5362
3204,0,4429
5614,6010,5715
4844,5315,0
5032,4047,4884
5439,2368,4875
2654,5202,4498
6065,6946,4464
8887,9279,7838
5802,4085,6906
2403,3407,4469
7335,6695,0
4823,6599,6695
3790,3642,2658
5222,5648,7617
6209,3635,6784
0,5012,6855
5912,6227,4485
7418,7207,7729
6678,7651,7379
5018,3815,5226
2731,2617,2956
0,5771,0
6625,6106,4859
2833,2845,3818
6106,0,7196
2947,2039,2333
2859,0,3650
7554,8031,7938
6773,4486,3979
5074,4706,6705
4010,3184,3390
3275,2376,2484
7255,6714,6044
0,2129,2707
4976,6387,6916
4750,5403,3326
6359,5896,5581
2514,5598,4241
7864,6738,5496
6104,6142,8194
0,2819,3237
8472,6318,6945
3555,4798,5336
0,2774,2676
6253,6905,3838
6338,7511,7649
5060,4530,3873
5676,6218,5712
3147,2620,2239
0,6306,5910
2612,2780,2201
4820,5990,4031
2687,0,1700
6161,6613,0
6535,6352,4084
2305,2980,0
4049,3067,5747
2829,5940,3462
2142,2340,1365
6078,3264,0
0,7214,3126
8343,6691,0
2170,1876,2223
2082,2602,4641
3065,5648,4540
0,0,3341
2580,3384,1644
5718,3942,8038
3603,6482,5594
6574,7436,7052
5071,5032,4895
6952,5019,6242
3790,6125,5151
4621,2440,3938
8649,8228,8574
4936,2761,6385
5094,4661,3084
4546,0,6704
995,1377,1303
4883,6276,6707
4795,2767,5322
5838,5109,4186
5783,3462,3668
4990,6122,5267
0,0,4719
3698,0,3871
7078,4884,7863
2743,3236,4051
6875,5909,5066
3390,3978,1370
8098,6767,0
6068,5879,6746
5506,5030,5844
3954,4278,0
6674,5804,5714
2432,2539,2694
3468,5676,3376
7732,7182,8209
2576,4324,5317
4979,0,7911
6504,8584,6731
8401,6044,7359
0,9036,7905
3453,3398,3749
0,4337,3079
2254,2773,3274
0,6677,5209
3601,0,5780
6061,4619,0
7192,7900,7200
0,1380,1477
6882,0,3047
6497,5285,6792
5854,6325,4002
4787,5170,2523
6733,6118,3556
4917,6805,0
6283,6168,4975
6121,5702,7433
2911,4158,0
4789,6042,6069
0,4471,4082
3707,4719,3264
4481,3480,4565
4079,3910,5042
0,4809,3656
9011,8246,8094
2325,0,3505
0,4280,3459
4716,2742,4440
2566,3761,4178
4305,2277,4427
3503,6030,4968
0,3470,4141
3333,3769,6451
3388,6915,4498
0,5992,4923
3945,0,3682
3597,0,2634
6890,7986,0
2976,4815,6804
5728,4531,5576
7028,0,5884
7902,0,0
3792,3759,5423
3436,0,0
6056,6118,7035
2591,2704,2155
5309,6657,6276
6053,5505,0
7694,2575,6435
4538,5588,4338
1198,1936,1499
4993,3247,7312
7169,5676,7678
2612,5347,6075
5340,6075,4338
1497,1598,3316
5546,6535,3011
6678,6070,6335
0,3914,4378
6561,5030,2977
4490,7015,3917
7541,5825,4792
6344,6582,7225
2178,2109,3292
5801,6558,5672
3938,2731,4855
6106,4773,4279
7181,6516,4862
6252,0,8023
4244,6008,6918
7519,2493,6298
2864,4161,0
5248,1768,4656
5258,2965,4865
8469,8238,7053
0,7013,6371
4606,2858,3363
4444,2384,4149
6044,6104,0
5546,3220,4437
7495,5788,6844
2976,2303,3194
4223,7325,3752
5310,3637,4694
3745,5594,6675
6950,5287,4460
3755,4073,4182
3565,3061,2893
0,7278,7293
4793,3093,5099
0,7448,7049
2344,4109,3378
4676,3935,2325
3520,0,0
6441,8233,7207
0,6045,5845
4335,4903,6921
7265,5846,6908
4501,4827,4307
2339,2918,3259
4383,4022,3102
6300,8134,7360
8273,8294,8286
4077,5005,3635
2469,0,3328
2672,3700,2210
0,7679,7289
3290,5662,4093
4572,6614,5634
3557,4283,4733
3791,4524,4360
6809,2376,5250
796,926,995
4339,4201,4492
4806,4116,1948
5281,0,3694
3425,4969,3604
8882,8768,9000
4393,4136,4058
5127,4473,3500
4198,3234,4730
6133,6936,4070
6611,6528,6238
4594,4392,5930
6254,6766,5662
3970,3071,6458
0,7301,6737
0,0,5133
1695,0,1531
2442,4394,5376
2960,3173,0
4286,5632,0
5671,4062,3197
3137,3646,3090
7406,7482,5738
2431,3362,3693
4215,7020,5823
3974,3848,1830
4098,7460,5466
5159,3606,7565
0,0,8402
4057,0,3017
6122,0,6442
9046,9127,9084
3083,1648,2395
3267,4706,3700
4455,2468,5243
5261,5306,3694
1651,1864,1377
2873,3863,0
5646,5877,5287
1276,3731,0
3732,7154,4682
4835,5927,3547
7576,6210,7709
5189,5355,3848
2765,3693,3128
0,0,6337
6440,0,5549
5699,5507,7695
6084,0,5387
7228,0,6737
3304,4853,4442
6794,5416,6903
7496,8469,5470
3863,2700,4296
4864,3190,3354
8379,9068,8625
3920,6016,3850
4789,3417,4335
6879,0,6981
4823,6359,5849
1463,1198,1766
4012,4958,5314
7082,7022,6289
7320,0,6897
3822,6033,6555
1922,4671,3626
4561,2483,4614
4255,4147,3134
4751,0,0
2020,1241,2275
6317,7861,5041
1829,3464,1457
6815,6231,5106
0,4773,6987
0,0,7649
4847,2962,5655
4427,5749,2957
4632,0,1672
6843,7940,8109
2369,3285,3705
6734,7627,7189
7012,6774,6680
6408,0,4407
2339,3891,4967
3306,4495,5218
2347,2440,2795
915,3220,2151
3780,3148,3226
2418,2235,0
6160,3291,3892
3542,3344,4410
5119,4953,4535
4248,4969,0
5772,3171,4780
6211,0,5498
4562,4645,4831
4228,0,2947
4316,6018,0
5685,6237,7048
6179,5450,5746
2638,3637,2949
4361,4298,4333
6159,6202,0
4469,6279,2427
5266,7175,5695
8089,7626,0
3954,5394,7531
583,538,857
6311,3849,0
7924,6650,0
0,5413,5463
6820,5355,5484
6432,0,3698
3487,3277,2970
0,7297,0
4396,3098,5645
5423,4341,6549
1156,1148,1074
7543,5413,0
2377,6602,3207
5125,0,4608
1264,2028,2983
3849,2510,0
3158,5417,4729
7327,8210,7506
4984,0,4906
6254,6572,5127
3734,3204,4760
7943,7887,0
6364,7623,0
4714,4612,4957
4473,3854,3580
3941,0,4740
6127,6864,5884
4399,3817,5973
2510,2787,3416
5119,0,7741
5791,5294,2153
6833,8336,7812
8371,8129,9060
6319,0,4034
7640,6239,5685
3555,4321,6075
2307,2074,3605
0,4846,4035
0,7774,6161
2576,4274,9713
7328,0,8035
0,4524,2853
0,4577,5877
0,4260,5456
6158,5434,3625
0,2783,2086
4365,3060,2685
0,6976,6424
4954,3089,5399
5576,5328,3286
6162,6314,5152
8813,8573,8810
7232,4649,6807
0,4675,0
0,6174,5845
6357,4717,4823
5685,5737,4188
5267,6844,3962
2962,5403,5308
0,0,6216
0,1404,1788
5384,5686,4149
2731,2068,2343
5532,4846,0
2680,3837,3470
5036,4411,4828
0,5897,4815
3535,6678,2963
5787,7088,6052
5709,7014,6641
0,0,6284
1826,2183,2513
5446,5944,4723
5688,4991,0
0,7485,6105
1331,0,1889
3632,2840,2389
5162,5212,7564
6340,5627,5123
5102,5331,5666
6284,7401,6555
5453,4690,5808
4952,5690,4541
7722,6810,6994
4068,6526,0
0,6854,6663
5718,0,4706
6322,5589,4526
5854,7838,6120
6137,4636,3323
3200,5714,6465
7293,7409,8229
0,7563,0
6212,4865,6626
3438,2101,4121
5468,7446,5625
5143,6585,5917
1986,1854,3337
6796,4561,3277
4399,5790,4062
5982,8196,0
1692,2462,1457
5997,3448,3466
9119,6933,8560
7055,8242,7375
4989,0,2996
7799,6384,7891
3357,4997,4493
3860,4240,4399
5641,6488,7304
6603,5867,6589
5184,3703,3331
3265,3926,1285
7175,8466,8146
6285,7046,3570
7799,6489,7504
0,4270,5979
7016,6434,6032
3444,4303,5766
6779,6230,7336
3737,4178,2167
0,7886,7457
7436,4562,3350
8332,7698,0
5764,6291,6377
3126,2241,3089
4260,6022,6590
6819,6286,6828
3815,7569,3825
0,6585,4889
5399,1244,4916
6043,7557,5514
4392,6698,6939
4397,3103,5364
2729,3411,4647
3426,2862,5357
4806,5147,4174
2109,2833,2312
2132,3367,5035
4332,5397,5358
6501,6943,4758
2559,3794,5164
2926,0,2587
4049,7052,0
5499,5572,6574
6889,8028,7756
6421,5591,6750
0,5147,5996
5359,6838,7225
1251,2249,2280
4527,0,4952
2027,0,5794
2378,1204,0
3720,3821,2973
8074,7688,6516
0,6428,5768
2980,2541,0
3467,3399,1897
6111,8057,6171
1766,2350,1879
3066,2208,3933
5863,7147,8280
0,7513,7187
5001,6650,5333
6343,4294,5474
6446,3462,4885
9279,9246,9056
2871,2381,4477
0,5968,0
2755,3881,2743
7890,8150,8443
0,6149,4810
1712,5819,7326
5569,5313,0
7277,7506,8195
2842,2295,0
3488,7538,5003
0,2523,2111
3585,5533,5793
3702,3387,3407
0,7117,7573
7828,8152,7368
4026,0,3861
3525,0,2138
0,5637,5460
6451,5381,7903
7484,4919,6118
0,4827,5369
7348,8510,0
3117,6454,5910
6958,7813,5945
6787,4845,7437
4771,7460,4853
9010,7865,7125
4478,5928,5230
4806,5636,4891
4938,5441,4508
0,2224,1304
5242,5755,2585
6343,6553,0
4888,3189,4841
2757,4303,0
5193,7737,5284
6385,6781,4264
4524,6781,5482
4686,3697,3763
5232,4411,4983
5121,7456,3819
4821,2988,4826
4567,6653,6964
7686,7567,7646
6598,6899,4764
9406,9303,9461
6753,0,5400
2393,3028,2611
6136,6977,7898
4381,6073,6621
3178,5799,4545
7388,5039,0
2868,3564,0
2591,0,4844
4465,4630,5924
5727,2566,5192
5899,3762,4115
5362,6562,6805
8960,8100,8967
4232,4824,2680
2321,3294,0
5210,3136,3950
4278,4233,4297
4350,2662,0
3826,4728,5610
0,1350,1838
4190,4934,5009
4541,0,6274
4868,3002,8339
4756,5208,6727
3510,4234,3532
4229,4287,4825
3315,5501,2153
6198,0,6207
6209,5935,6350
4592,2919,3461
1544,0,0
4523,6438,6692
5265,4604,4627
3921,6707,0
2306,5042,4187
3476,3414,2837
6153,5618,6400
4252,5423,4187
2253,7013,6005
4169,6282,3283
0,2994,2764
4204,2453,2958
5303,5949,5335
5971,0,2729
4525,4167,0
1786,1072,1656
3784,0,2727
2163,1252,1353
7737,7256,5418
4935,3757,4307
3626,7020,0
6131,3855,5641
5000,5088,8287
5616,5435,5514
0,7662,7051
0,8407,8186
0,7966,7312
5194,5295,5496
7591,7339,7838
3401,3559,3537
4946,6693,7275
3297,3106,0
3578,4153,3624
6626,7755,6137
5974,4269,5199
6202,6579,6152
4876,3623,6055
6611,6458,6218
7913,4453,7476
6132,6697,7441
0,3640,3113
5702,3892,4190
3065,4733,3317
5772,5000,6264
1984,2779,1564
0,5616,7664
8142,5559,6778
1405,2854,2428
0,7607,7009
0,6587,4543
6344,5225,5807
1930,0,2861
0,5027,3782
3952,5263,2932
3225,0,4792
7794,0,6355
7682,7766,8275
7943,5852,4305
7585,6657,0
7020,6888,0
5429,3238,0
8833,8173,8588
2463,6023,2680
4185,3137,2458
4207,4603,2516
6247,6083,6831
3899,4864,0
7123,6244,5907
2525,2467,3297
3448,5562,6565
6383,7670,6201
5460,6960,5960
6269,5105,3805
3674,4131,4731
8467,8949,9283
7015,0,4937
0,5473,5814
2254,0,4759
4409,4768,4826
3131,5060,7445
0,3544,3460
0,3491,3223
0,3609,0
4845,6437,6525
4273,4629,5101
7897,7003,6866
6617,6825,7481
1509,1851,3076
0,6881,6532
5036,2280,2656
0,6991,1411
0,6931,7513
3840,3198,2379
6017,3209,4668
9221,8897,0
7236,6748,6675
4965,0,6816
7131,7023,6215
9164,0,9141
5058,2103,4239
2073,6917,5725
4793,7654,5851
0,6592,3890
4579,6590,4422
3964,0,5702
9135,0,8694
4145,2693,4274
4677,5266,5130
5384,4995,4285
6928,0,3693
8109,8251,8490
2923,4660,3751
3755,2977,5459
6164,4454,8289
5274,0,4097
6150,5720,5472
0,8608,6606
2774,4154,2935
7579,7201,6503
8643,7511,7540
3814,3212,5096
6834,3439,6518
4376,6624,4443
5906,6027,6107
4573,3741,6615
3119,2791,0
7142,8349,8323
0,7460,7477
8580,8412,7769
3704,3205,2467
3646,4523,6888
5806,0,3831
5132,3876,4622
5701,3396,3295
1874,4088,2980
4982,6737,3650
7799,6813,7487
6374,5561,6074
3658,2348,4125
3080,2368,3586
3520,2474,4974
0,840,1184
4955,5205,5740
7316,6265,6635
6272,5365,0
8191,3113,4785
4775,5194,6244
0,5442,3041
3252,5984,6850
5474,3436,3162
4510,4239,4207
3330,3717,2091
1257,1132,644
4586,3210,3805
6453,6133,4993
3567,3432,3749
8553,8749,0
2270,3226,1763
0,3314,0
6713,5337,5958
0,6013,3855
0,6737,6789
2340,4676,2595
6721,4987,7283
3935,4195,0
3059,2849,3350
5227,5856,4908
3835,4147,4174
6412,3904,3496
3379,3072,4943
5547,4620,3767
2571,5507,3191
3485,0,1596
7809,6436,7657
4110,2806,3211
2679,4619,6042
6506,2243,5846
1583,1948,3132
1324,1603,791
7158,6215,6871
6895,8007,7516
8123,9107,8426
3540,4325,4276
5956,3005,0
1166,2430,1618
6535,0,7368
1857,2108,2786
2509,2773,5340
0,3346,7707
0,4109,4540
0,0,1872
0,6360,0
6367,6584,5299
4296,0,5701
0,3656,4012
4632,6561,5991
0,6064,4695
6546,5179,6287
6987,6267,6735
4395,3444,3938
6045,0,7972
3457,4465,3343
7940,4753,1701
2588,2868,2927
7851,8297,5660
5383,4341,4553
8503,8919,8533
7213,3549,7084
5011,0,0
5055,5012,6147
2755,3810,5690
3573,3162,2305
3299,7069,4610
8075,8430,7211
7508,7143,5322
2764,0,1996
4685,7513,4533
0,7550,6019
2659,1094,1535
3850,4168,4711
2912,4980,0
8901,6066,5044
4596,4007,0
3383,3949,0
0,8077,8673
1000,1697,732
0,1185,3386
3885,1584,3754
2537,2470,1349
5744,5333,3565
0,5625,6116
5847,0,5698
0,4189,7617
3781,3275,4731
0,6347,5502
3966,7587,3282
5855,6600,6899
6396,5730,6944
4622,8545,5789
7609,5838,6282
0,3434,4636
0,5439,0
5703,3610,4392
4652,3076,2568
5484,7824,6120
5698,0,2825
0,0,3392
2825,2111,1337
6623,5951,7333
3708,6711,5020
7839,7337,7265
6464,6980,3145
7961,4175,5118
8173,8655,7925
5927,4766,6358
3734,6560,6154
7974,7788,0
3071,3457,3904
3399,0,1733
7375,5778,2877
6725,4256,4102
4744,5368,3289
6979,6869,6184
4902,0,5319
6520,6369,7209
6812,7692,7291
4058,4124,6119
3843,4026,4025
8850,7767,0
4288,5478,4182
5939,7488,3296
0,0,3151
3498,7132,8348
6839,5177,3329
1418,2449,1765
4185,6607,4969
3586,0,4713
2634,1948,2825
4813,1868,5504
4217,4122,2657
4995,5834,4205
3949,5732,0
5566,6343,4774
7638,7484,7643
1682,3286,3359
7846,0,5447
6805,5125,7013
6615,7121,5681
7158,6600,7174
799,858,1354
6322,7962,7897
0,4413,4333
0,4644,4977
4676,3971,5583
3147,5418,3628
8785,8604,9226
2724,4010,4502
2634,4599,5096
5035,7334,6587
0,3395,5256
2151,1414,667
2621,1798,3379
5192,4911,3839
3160,6122,4305
8569,5712,6729
8359,8544,8360
6902,4498,6665
3980,0,4638
0,3055,5581
6973,0,7385
4215,5517,3970
6645,5249,2351
6050,2194,0
3112,4942,4783
7413,7170,4701
3063,5227,4702
0,0,2551
5208,3954,4463
4145,2832,3496
1784,3381,2532
3421,6995,4256
5356,0,7345
5376,6221,6633
5150,4993,4710
6769,6966,6349
3460,3281,6845
1686,2882,0
3725,3929,5652
3836,3896,4093
0,1673,5759
5225,2121,3708
0,6326,5925
3624,7325,6203
2245,2585,2756
6997,0,7193
1651,3231,3009
1305,1136,1329
3511,4086,3949
4737,6535,7938
783,537,0
1732,2320,1960
6347,6393,4730
2430,0,7013
8272,7872,8033
6620,8481,4660
0,3359,4953
7670,7732,7918
1632,1901,1796
5487,6513,4014
7429,0,5745
7415,7864,4233
5477,4719,6913
5835,5069,4948
4708,4666,3835
6834,5955,6726
5170,0,7080
0,2953,4626
2858,4891,5625
7607,5053,5607
1696,1964,587
3809,5089,4175
8448,8276,6512
5664,6626,5403
6230,7249,5774
4954,0,3434
5570,6461,4858
0,5566,2008
2428,0,6916
3190,5959,4902
6251,8136,6896
4006,0,3597
0,8555,7538
4412,4812,4662
6234,6626,5189
5673,2833,0
5418,2994,7769
4829,4860,4745
8186,0,0
2262,4569,5476
5023,832,4303
6005,6768,7943
5294,5039,3957
2768,2478,1862
1376,0,0
2562,5483,0
5220,7448,5797
2366,0,2194
6811,6175,6279
5050,6241,5569
1775,3290,1607
6322,7384,1549
3569,3298,5919
4598,4927,5376
7954,6688,6930
3317,5359,6262
6003,4085,3075
946,2474,2489
1456,3177,3138
2985,3260,2321
7636,0,6356
7334,4384,4971
6291,7286,4324
5047,4263,1764
5743,0,0
0,4225,3797
4631,6972,7029
4522,0,4311
4517,4878,6488
0,5671,6008
7826,7504,6700
7795,6507,5279
2569,5794,3756
4497,4337,6003
2700,2777,2812
5318,7100,6717
3405,0,5179
6740,4890,4677
4238,6153,0
7903,7076,6977
5136,4802,2773
4179,4647,2759
5247,6172,4595
3437,6741,3961
0,9574,9301
1058,1498,865
7368,6287,5488
3402,3869,4413
8253,0,5837
6380,6339,6839
2430,2455,0
4901,4708,6077
6253,0,3356
2349,3482,0
6359,7968,5824
8365,8857,7919
3052,5645,4325
4727,0,3353
5792,6061,6078
5127,3404,4537
4044,4977,4371
4798,4323,7135
2194,2721,2026
7024,5981,0
0,0,7605
5246,2281,4647
0,5898,5227
0,3771,2281
5876,0,6403
5295,4447,4445
7438,5671,5244
6139,6632,8010
5418,0,5519
7763,8733,7980
5893,6636,6120
5956,6893,5641
0,6017,6804
7924,6803,3970
3371,6161,2515
1644,1344,2599
0,4837,4772
5774,7740,0
5964,5953,4598
8065,5486,0
3714,6724,6024
7136,4220,6603
0,3203,4398
6935,7161,6622
5461,4088,3830
3467,5020,2954
7797,5456,6961
3073,0,5784
0,8821,8857
3445,2695,3370
2590,6413,6009
7521,8349,7745
5978,4704,5748
7926,8927,8356
5146,8094,5487
4835,3799,5846
2284,3404,1584
3868,3841,5742
4157,4591,4679
4867,5252,5333
0,6596,6301
6973,4985,7293
6216,4771,4490
3172,2541,1754
5059,5243,6560
5616,5661,0
3670,1870,1699
0,3778,3278
7372,6961,7571
8249,7557,7423
0,2024,4543
0,3172,2819
2959,4317,3535
4751,5398,4066
6262,4278,6727
0,8353,8773
6283,4134,6437
4153,2080,2616
6969,4430,6981
6451,7435,6906
3378,5415,3846
5921,4486,4977
5723,6314,5909
4205,3806,3893
3712,3468,4861
2635,3775,0
4781,4840,3288
2418,0,2605
5126,7253,6850
1746,1694,2857
2777,1461,3028
8165,9317,0
2906,3317,2575
3395,2222,1933
6225,6293,2896
2501,2490,5862
2890,6467,4228
3759,4566,0
6697,7735,6671
2869,4504,3119
6453,4096,4441
3773,6847,6030
4415,3275,2145
6822,0,0
3506,4184,4770
3478,6473,2571
5158,4278,0
7829,6893,7092
0,773,683
2760,4099,4894
5045,6879,4821
4817,2306,3001
6507,6178,6429
4208,4584,4761
2391,3302,3682
4441,6328,3019
2400,3102,2749
2417,4228,4774
5601,7380,7501
3408,5184,5738
7643,0,5496
6728,5562,6045
0,3114,4124
2974,5389,6243
6201,2880,0
4978,3741,6205
0,6769,7356
0,2396,5546
7082,6818,7489
7008,2386,6437
7750,4588,4286
0,3372,5214
4027,3601,0
0,2266,4149
6627,7960,8183
2637,3141,3890
8144,5750,6695
3960,3405,0
4080,6618,6215
8503,5819,0
4812,5756,5933
6768,5823,0
4415,3821,0
2835,2599,2534
0,5248,5259
5815,4151,5142
0,1594,0
4397,0,6304
4231,4835,0
3998,4004,4487
5822,4594,4179
4706,0,5810
0,2075,4574
4541,3000,4054
5138,3018,4302
3226,3717,0
6456,6454,6857
2370,3569,2776
4864,3636,2360
5598,3206,3981
8317,7898,8095
5562,6621,3828
2447,3247,2600
3357,5573,5160
6403,4218,2973
5232,4362,4810
4325,4338,3050
8704,8918,7464
5891,6416,3651
3846,4585,4505
4705,4323,3292
7595,6836,4701
6236,5757,6678
8016,0,0
5180,6397,2897
2694,6036,4440
2256,1031,1894
5847,0,6853
8419,7420,7544
4055,3691,5173
5261,3637,4081
2752,2348,1364
6181,7682,6906
4255,3346,4808
4852,5272,4674
6162,0,0
6542,0,6727
5157,3682,5411
2012,0,2549
0,5619,2129
7013,7327,0
6818,5592,0
6580,5276,5951
2386,0,4160
4435,3014,3558
6687,6839,7680
7365,4700,2744
2509,4540,2886
2529,3669,3511
7570,6182,7036
7126,6831,4881
6155,5737,6732
5247,3070,4762
6742,5488,4526
4696,4870,3043
5230,5957,3236
3177,6442,5178
3650,4918,5074
4003,4362,3501
5608,3627,4986
4719,0,2951
0,7879,6696
6359,5647,7210
7044,3806,3377
6319,4933,6208
5421,7455,5599
5622,7053,6111
3915,4723,3575
8079,7457,7743
2371,3452,4867
6353,4182,0
3616,3596,4581
3426,1786,1629
4166,6946,3322
6651,4617,0
3800,3900,4577
8608,9580,8548
4194,4334,3113
0,0,5018
4232,5076,4393
4182,3973,6078
5908,0,3830
3260,3986,0
5803,4788,4111
7605,6759,7758
5514,7494,4246
3630,3178,6189
0,3411,3719
3237,4279,2880
4507,4454,3214
6461,5301,5014
7010,5575,6391
0,5623,4380
2999,3342,2897
0,5104,8010
3134,1440,1931
5944,4168,7016
0,4841,3055
8036,7752,8227
3237,4509,3526
1909,2911,2858
6832,5916,8175
6437,4185,3946
7947,7367,7778
3691,4195,3133
5894,0,0
7231,6051,1852
865,0,2492
7219,6000,6305
5624,6074,5082
6191,0,3617
3198,4236,3072
8111,6261,6399
6596,6379,7666
6266,3994,4469
7006,6675,6294
4017,0,3905
5086,3626,0
3447,4870,3876
4175,1825,2633
7589,7417,6864
7702,7960,8831
8557,6623,0
1358,2025,2002
5739,6905,3629
5894,0,4038
7097,7793,6947
0,6264,6103
2114,0,2746
2694,3333,1625
4658,6148,5961
6833,0,6222
4161,4221,2588
5750,3983,1525
6714,4347,2916
3402,2575,2995
2786,3251,2719
7101,5766,4580
3544,0,7294
5411,4094,4686
0,7286,6757
2613,5673,4819
3288,4885,0
3943,3390,2390
3935,2605,4750
3976,3408,4583
8685,7321,7548
2402,3034,1768
6280,6777,0
2485,2829,0
1221,2426,1900
4380,3890,4917
6864,5745,5485
3012,6521,4095
7072,0,8645
0,9074,9335
6461,0,4074
2807,5347,6050
2627,0,0
7574,6270,4921
6184,0,6840
4009,3433,1306
4628,4620,7509
5238,0,5271
1955,0,3364
6286,8190,5819
7499,6373,5758
6190,3785,4641
2561,0,4000
6232,0,7592
0,5384,3988
0,1955,1620
0,8011,0
0,3162,2994
1802,2383,3574
7803,9004,7769
1279,1298,1274
4710,3569,4465
5350,0,3529
5734,7498,4193
6528,3921,4317
2652,3292,3282
3214,6571,3491
6722,0,6841
3337,3146,2858
6085,0,6429
5980,6777,7153
5548,4906,5670
7466,6740,7996
4351,5167,7079
3305,4074,3507
5033,2772,2610
0,7820,6534
3178,4304,5065
7444,5704,7699
0,6568,7028
7092,0,2897
3695,3031,4736
2717,1853,2058
5932,6758,5081
2661,4693,3156
7656,6256,8173
3563,6275,4895
5108,7976,2215
1356,0,1157
0,4940,6147
3313,2603,3645
6491,0,7638
2156,2321,1998
0,2963,3610
3675,3651,2292
5306,5934,6252
2132,4453,0
6021,0,3530
1399,1132,1397
2251,4715,3742
4121,5423,7275
3955,6797,6385
5292,5521,5868
4186,2850,4757
4183,4698,4525
3860,5216,1667
3873,5181,2999
0,6829,5387
4878,0,0
6690,4081,4458
3475,3406,2971
0,7310,5587
5137,4915,3719
0,6352,5892
3089,3508,3684
8795,8210,8661
5460,4982,6356
9196,9362,8784
5911,6834,4858
1442,2493,1713
6445,7272,6467
7064,6319,6962
3575,2842,2068
0,6622,0
3497,6597,7698
5050,7189,3875
6809,5932,6334
5308,0,7576
2276,2567,2971
5906,0,4569
6912,4225,6975
4140,3688,5615
2913,2177,1368
5998,4395,2868
5490,4177,3819
6407,8118,7024
7126,7252,6231
2016,1739,1604
6132,4480,3588
0,6086,6969
0,6282,6311
2810,4731,3846
3831,5073,4794
4951,4608,4278
3566,0,5758
4622,7473,0
0,2762,6452
0,8502,8307
2708,2380,1468
0,5973,4859
4402,4778,2951
6487,5259,2201
5833,6688,4984
9043,8933,9256
6786,7338,7647
3835,6203,4872
5227,5444,0
4614,3908,3926
0,2936,4588
2468,5433,4803
4621,0,7175
2288,5074,0
4201,7539,4195
4358,2706,3095
2013,2503,5108
0,6167,7242
6764,8578,7569
0,7245,6464
4739,4174,4894
2690,3440,1040
3799,5500,6796
3159,3691,3817
5693,4235,6761
3052,4776,4363
6556,0,5621
0,0,3579
5056,3668,3478
8532,0,7172
0,7850,5340
2864,2074,4157
3361,3319,2799
5604,5245,8149
4084,3863,3220
7155,5443,5312
4582,3036,3605
0,5808,6374
5427,2626,4790
7065,8257,6980
5415,5758,4951
4926,6862,2837
6648,5123,6076
2297,4083,4226
2428,0,2446
3008,2913,5346
1837,2022,2434
4218,6279,7344
2413,4909,5333
2811,1846,2001
6939,8457,8172
4009,4886,5692
5244,0,5454
3570,3565,3747
5675,6510,6864
2744,2418,3195
5850,4765,4830
4402,2849,2549
5582,6656,4556
3150,7026,3272
6705,3634,4977
2939,0,3669
7773,5997,5943
0,5404,5567
4826,0,6022
7117,6585,8855
5204,1901,4883
2431,0,7308
3652,3757,6225
5435,6029,6640
7098,0,6272
0,6502,5245
2695,5262,4462
4269,3392,1821
2288,2014,3849
2156,2551,0
3253,3755,3966
3541,5299,5536
5048,3953,5286
6273,5256,6170
3857,3276,3731
0,2943,3551
4909,4658,2934
2203,4016,3014
5075,3001,5750
0,3769,7818
3583,4063,4917
1180,1206,2659
6254,8147,7346
0,4319,5244
7177,6020,4026
4516,5242,4066
0,8704,8598
4890,4218,1920
5152,0,4923
5960,7070,5773
6060,7925,2551
6533,6439,5874
6478,4991,6211
6759,7777,7958
0,8907,8583
0,6410,7303
0,1081,746
5727,5570,7307
5331,2994,2147
0,1670,2583
7954,8434,7514
2145,4721,4991
6206,0,4858
2826,5845,4232
5645,4713,5997
5321,3243,4775
0,7819,6416
4954,6645,5456
6712,6424,4343
6056,6232,0
4934,2912,4312
0,3858,4077
4711,5319,3155
1852,2692,4436
7289,7170,0
5101,5340,5630
6746,6992,5725
4569,5976,4664
7506,8059,9205
5372,0,4726
3727,5371,5200
5790,4257,6089
3238,5324,6689
5984,5979,8238
4838,4591,3577
5745,7051,3155
3405,2503,2887
5840,5384,5285
6542,6462,5996
4568,3020,6640
6656,7098,7243
7402,6048,4617
2195,2840,1916
3007,2315,3169
4914,6490,4894
7130,7511,5326
5725,2126,5077
3890,5466,4029
6616,7316,6984
3495,2695,4415
8019,8392,8096
5454,5664,5154
5405,0,4485
1201,1957,1558
7737,7660,8306
3938,2294,0
2144,4078,3806
5409,0,6163
4388,7011,4115
1857,2212,2615
8442,6716,8003
3525,4571,6248
4786,4713,4847
4968,5869,5818
0,6478,6498
6451,4458,6357
5967,6614,7800
5658,0,4303
1411,2512,1550
8127,7751,8232
4728,0,5571
3480,5099,3860
6243,5764,4531
7488,7774,6666
4424,4789,4444
3125,5513,7582
2563,2151,1897
5974,3570,0
8344,7752,7706
3049,3724,2896
3113,2560,4849
3671,4591,4944
3460,3113,4763
7712,6416,5858
3001,3426,2806
3004,2693,3026
7139,4400,5372
3965,4435,2298
7520,6962,0
0,4936,2370
7200,7437,7776
6378,4993,6054
4138,4125,4219
6089,6076,3859
6517,4683,6537
7407,6968,7310
7661,7537,7638
7139,7706,6076
3897,0,3315
5366,4315,2364
2155,2261,0
8147,8112,7723
0,5810,0
0,6151,6623
4139,3105,4483
5711,4593,6666
5644,6202,6026
2472,3762,0
5645,3692,6337
7262,6855,6579
5397,6569,4720
0,0,4721
3815,4147,4584
4745,6186,7143
6312,6636,7639
7248,0,6181
1743,3167,3361
6239,2520,3475
4250,4667,3638
4500,2341,3256
4362,5508,5003
2360,1072,2506
3387,2107,0
5794,7487,8745
9230,9678,9573
4123,3063,3192
7164,8390,7027
3000,5168,5727
3981,6110,4957
2202,5597,5647
5345,4892,6542
0,6202,3805
5368,4053,3910
3273,4941,4845
0,4890,2968
5059,3452,3659
7209,5025,3758
4831,5699,4199
4207,4614,4434
0,3502,4629
2943,5353,5792
6068,7147,6758
0,1716,0
1575,1468,1337
3250,3373,4219
5517,5089,5296
2206,4133,3554
6979,6729,8289
4925,0,6910
5082,4877,3189
4393,7724,3856
6144,8190,5281
6651,6954,6975
3430,4430,4352
6943,7530,7130
5569,4732,5274
5185,5185,5362
8085,5808,6511
6311,0,8106
4586,4415,1968
3335,3017,5927
7020,3459,4522
3283,3835,7788
6920,7592,0
3742,1549,4742
4699,5345,0
4508,0,6594
6681,7231,8157
0,6240,7713
8616,8238,7971
0,5437,0
6624,4214,0
6864,5084,6131
6689,5742,5790
4990,0,6087
2006,2354,1010
0,6285,2546
8020,4487,6562
6196,0,5459
1399,1448,1374
6633,5952,3058
4639,4609,3900
3324,7227,4199
4748,5117,3784
2265,1460,0
4203,4857,2953
5661,4374,6626
6934,5704,4378
4954,5396,6175
0,5753,5414
8033,7986,0
2733,0,4010
6928,8046,7443
6194,0,7598
7362,8445,0
4973,3660,7610
6513,6138,6658
6785,5434,4944
4322,5424,5372
8129,8070,7218
5022,4115,3785
0,4585,0
7963,5698,7641
4784,6383,5379
0,4805,3395
0,8136,6006
8346,2886,6435
7931,7096,8578
6130,5491,7152
4252,2934,2920
3638,4520,5938
4791,7120,5728
2100,2163,0
7128,7386,8242
5294,6694,7448
6985,6162,0
5501,4311,4619
5286,6068,4012
4005,5564,5534
5376,7931,7687
9062,0,7072
2595,0,3635
5150,6156,6091
946,0,438
2774,4152,5454
5485,3964,6660
7074,5815,7166
1488,1314,1403
5441,7064,5826
6716,6195,7051
5079,3657,3632
0,4988,4643
5153,4238,2742
3736,4008,1978
6061,3852,4825
1648,2204,3138
5210,5384,5480
2282,3512,6919
6542,5615,5093
7393,8600,6416
7568,7645,7577
6601,7154,7035
7599,7682,7048
6666,6269,6482
2976,4351,3648
9081,0,9514
6072,7426,7372
6857,7086,7573
3749,3183,3774
7179,5071,3437
0,5786,0
3706,2594,3032
2254,2857,3106
993,1750,0
6797,0,4192
1666,1913,2720
5831,7632,7050
4738,7531,0
6567,4149,3267
6419,4217,5511
5386,3844,5268
7897,0,2453
8225,0,7005
5538,3210,4141
3935,4500,5720
4155,6094,4832
9187,8814,8416
3458,2707,3617
6264,3507,6890
0,3248,3304
5906,5482,4416
8175,7477,8023
3136,5145,3813
7671,8091,6035
2007,1450,1763
5117,3455,5550
3581,6004,3996
7358,2307,0
0,2827,4887
5137,5855,3268
7189,6949,7485
2128,1666,2693
3386,4685,5103
6590,0,2882
7636,0,7141
4285,5153,6390
5127,7265,5403
5354,5008,6180
0,5476,5390
2670,4276,0
4602,3685,6178
6130,8566,6153
5085,5381,6000
4344,3305,5866
3424,5089,4340
3853,5045,3796
2905,3546,2416
3201,3051,3656
2890,2803,3055
5954,0,0
6572,3812,5060
6989,6054,6212
7864,8918,8094
5963,4989,4060
2515,1861,3299
7764,5742,5497
4429,2856,2928
6189,4108,0
0,3660,0
0,3063,2886
5064,7108,5329
1686,2307,1358
7990,6442,8570
6014,6969,5470
8306,7624,0
4604,6704,4537
6989,3409,4959
8603,6480,5814
7807,6146,6568
0,7024,0
6957,4334,1322
6425,4591,7925
8802,8506,8657
6637,7325,0
0,4699,5160
7441,8795,8392
4472,0,3353
3031,6401,6135
2733,2488,3722
3336,2707,3456
4416,2218,2793
4714,0,5109
3935,4477,2876
7885,8096,7094
0,4200,5476
1831,2630,2363
2670,2680,2102
5375,7906,5107
6637,7307,5285
3036,7574,3028
5396,0,6042
5482,6533,6048
8477,7313,7139
4716,7395,4337
0,5893,5574
5627,7466,6656
2238,3580,6158
7356,7626,5875
4249,3862,0
4462,0,4429
0,3753,2361
5962,5337,4357
2419,2428,2177
4256,6349,9461
6750,4281,4559
2488,0,1655
3194,3157,1455
4284,0,3314
4315,3268,3210
1865,1666,1439
2957,4512,4115
7541,6166,6643
1272,1669,1847
0,3312,3224
4769,5909,3680
3819,6349,4556
4902,3325,4063
4673,5615,3998
3947,5064,1603
4022,1861,2326
4559,5329,4125
4220,4697,5495
2967,6368,0
0,5516,4003
0,2629,2728
4260,2150,4531
6525,6861,7477
6716,6139,7673
5731,5963,6111
4712,6361,0
6296,0,2576
7868,7172,0
4607,7323,5295
6410,6068,5813
6252,2207,5521
4520,5686,0
9523,9256,9337
8615,8473,7519
6946,0,4712
8784,8955,9068
7821,6514,6717
0,6037,5835
7287,5512,6061
3290,4880,5739
4882,7114,6158
0,4801,0
3762,5196,0
7056,6512,6838
6233,3116,3135
3292,4634,4207
4046,3250,0
7184,0,6948
3779,4085,8153
3524,6686,5221
6108,5857,4869
4091,3786,3837
3526,5780,3809
2060,1018,1999
2100,4026,2595
0,3548,4470
3432,5819,4665
3615,6409,7681
1387,2334,2364
5343,5791,2950
4960,7617,5418
6346,7616,4468
792,0,1165
4439,7277,5970
5065,6074,2000
7038,8301,7925
5698,6727,6846
6476,3650,5943
0,5085,5935
5181,7313,5679
6196,7876,9536
3525,0,4074
8343,5719,3504
2880,3579,5583
5819,5015,2570
7736,8573,8170
3317,3544,3746
6762,5507,3104
2706,2446,3565
0,4819,1935
411,991,0
3945,3641,4617
3303,3749,2657
0,7004,5050
0,5232,5995
3109,1129,1848
3968,3226,5003
8029,6637,6923
6789,4661,5305
1687,3114,1342
3835,6286,4200
7798,0,8672
6417,0,7233
5935,4424,6312
2545,0,5127
0,2347,0
5054,0,5408
2045,3063,3170
0,3795,2688
2991,5409,2490
3212,4651,2307
8064,8309,8103
2095,2847,2807
7545,7329,6566
7730,5930,7390
3848,4461,0
6992,5878,4282
6213,4815,6550
3785,2426,4434
5930,7115,7536
4035,5596,0
2825,3546,4190
1247,1567,882
4881,3513,5509
6933,7647,7240
3912,5343,3826
5419,8251,4355
3437,5431,5628
4212,4861,4137
2741,2673,1539
6862,3976,5332
5707,4671,4981
1677,2187,2097
1742,1310,1920
8072,8526,8072
6880,7070,7512
6599,3712,3905
0,6217,0
7018,8859,8582
3240,4409,7935
2257,0,0
2673,2632,2111
7796,5281,4384
1892,3388,5269
3974,0,3819
2558,4107,3573
5573,7393,5417
2420,2620,0
7387,0,5190
5533,6704,5608
0,5414,5046
5635,7683,5630
0,3398,1834
3974,6747,5544
2261,0,1515
2603,2299,2871
5494,5432,6305
894,1508,1235
6980,4254,6413
5738,6431,6542
5442,5816,5072
2261,1859,2303
5414,7658,4930
2943,6326,5231
3712,2663,3656
5037,3115,6161
7815,6650,6244
6137,4789,7330
3825,1993,0
3403,6797,4034
4922,5412,8323
5842,6858,5623
5801,4886,4698
8840,7311,7409
6200,7544,6110
3180,0,5533
0,5192,2922
5451,0,4463
6920,5964,7816
2350,4187,2262
3617,3315,4009
3245,7826,5608
7957,5562,0
4040,6592,7516
3801,3390,0
4958,0,4284
2820,4482,2402
8698,8936,8252
0,9472,9508
2928,3240,2389
2719,3038,4183
5307,6712,5785
0,8369,7755
8193,8002,8597
7970,7025,8076
5185,6349,0
4214,4949,4670
8334,6343,7013
2960,3736,0
6183,0,6671
4806,0,6732
0,3319,2144
7231,3508,7060
2438,2739,0
3244,3128,1026
5029,6609,2633
4176,5004,5611
5981,0,7137
6671,8880,4139
3072,3681,1860
6269,5351,7115
0,3418,1861
3943,6665,8334
5164,1862,4706
5932,6504,6917
7852,7596,6160
6861,6458,7655
0,7911,5448
6575,2899,0
5599,7584,5555
5513,3192,4180
7752,6591,7140
4679,3217,4280
5906,3408,5264
4108,0,4144
2263,2388,1450
6173,7013,6179
4506,0,5319
4799,5337,5722
3306,4635,4823
6063,3112,4467
3871,5881,4698
7553,7978,6894
4282,8012,3817
1405,2209,2431
2517,3410,2511
5302,3327,4020
6305,4253,2958
4795,2452,4983
7510,5312,5241
3743,4907,4323
5809,4621,5106
3032,2946,4440
7628,5651,5561
6848,7934,8325
6938,2244,5723
5411,4619,7849
5173,0,5965
4340,5047,2880
5822,2943,6260
2214,0,0
7110,7621,9159
6440,7562,8747
7411,6687,6643
4608,3183,2914
2815,4773,0
3443,2676,3844
5964,5566,1462
5433,4878,8346
2321,3278,3332
6273,4606,5488
3742,1679,1622
7068,7229,6357
4691,7705,3752
4278,0,6212
0,4572,6202
0,2848,0
7262,7260,7163
4961,5265,5183
0,6150,7751
4215,4194,4369
6852,7765,7944
2743,1410,2105
2983,0,2375
0,6125,5835
3869,5044,0
7851,0,4268
4475,2209,3997
8030,6046,6166
8715,0,8968
6904,6490,5985
1409,980,1172
0,4906,4010
4714,4384,5303
0,7932,0
6735,4286,5960
2304,6241,4492
5965,5312,4043
0,2593,2870
5080,4375,0
8643,8303,7565
3921,4456,8072
3603,5886,3782
6272,6993,8049
0,4487,5434
0,7363,5268
0,6582,6062
6796,8031,7233
4139,3774,3080
4676,6374,5524
5244,6120,5233
3540,3456,4030
6445,6143,7599
6198,4492,7032
4781,5255,4106
5501,4170,6788
7051,8147,7633
0,5004,5793
5119,4154,5802
4139,6660,5631
3975,0,1520
3146,2258,2805
7554,6193,7700
2082,2949,2783
7716,6322,5665
4611,4968,5897
7768,0,8295
7002,5580,7104
6892,5483,0
9068,9338,9236
6107,4868,2512
8848,8579,8723
5120,0,6742
2636,4536,3473
6751,7174,7228
3953,6395,4794
3287,5487,5668
3944,6208,5277
6332,8250,7066
5543,4355,4260
7611,0,4662
6059,6597,6071
3233,2166,2171
8404,0,5602
8527,8721,9064
8944,7712,7414
0,6313,8025
6428,4879,5177
7067,7060,7694
5877,5590,6893
3608,3676,0
5388,4420,3837
4988,2811,0
5244,5707,5064
5932,4776,7101
5692,4206,5834
6427,5023,4674
5414,4985,6387
3571,6138,4947
4513,6285,5555
6924,7723,7621
3477,0,2538
6562,5334,3730
6376,3528,4601
1709,3175,1974
0,6174,4354
7241,6758,6433
4711,6755,5218
6793,0,7359
6497,6416,5110
0,4431,4514
2906,3114,2112
8949,9313,8984
6304,4725,7182
7108,5392,7420
6165,7952,7502
6051,4648,4402
4304,4759,1871
3090,6044,0
2262,0,2727
5358,4883,6467
2894,2382,3492
5597,4803,0
2853,3925,4182
7386,7109,7709
4779,5021,5769
0,2142,6256
3898,0,3347
5999,0,4203
5273,8183,0
4756,4401,4703
7353,0,0
3089,4704,4663
6563,0,0
6816,5067,3406
3630,3900,4017
9396,9347,9051
5136,5480,4201
6916,7626,6811
4898,4959,6299
3012,6297,0
7927,7810,8232
9673,0,9144
0,5314,5413
3080,3201,2432
5225,5784,0
5342,2546,4449
5487,5532,4943
4795,3817,7399
6449,5700,6876
7572,8155,7394
2293,2524,2013
3617,0,5911
3563,5462,6811
7215,7952,6759
4797,0,3064
4232,4698,7844
4495,5518,5900
7022,0,7135
8347,4693,4537
6649,8762,5273
0,3397,2476
3997,6563,3286
5455,0,5469
4402,0,2969
4672,4178,0
5878,6117,3812
3492,0,3019
5948,6312,4374
6650,6139,6851
6163,6144,0
0,4985,4137
2168,3584,3515
6870,7009,6530
6214,7364,6228
8374,7453,7311
2011,5330,3780
4661,0,4204
4404,2131,2065
5175,5918,6783
2660,4578,3721
5161,4818,3263
3556,1693,5029
5770,5767,4286
6082,7044,7729
5945,5670,5834
5735,7265,6823
1532,1498,1790
2914,2089,2399
4517,7225,4946
8213,8048,8830
7140,6107,0
5353,7017,8068
7098,6228,6163
3970,4385,3412
4527,6752,6489
6430,4672,6805
4229,7250,6254
0,8037,6791
4684,7850,8064
8132,7940,7320
6783,3866,6164
6619,2675,4309
0,3925,6162
4844,5908,7232
4386,2867,2914
3164,3613,2921
3924,4977,4582
1198,5638,5134
2597,5237,2740
6206,4438,6529
4787,3533,0
3750,3905,2672
3774,3156,4545
1722,0,0
2144,0,3241
1815,1876,1940
5047,3665,6757
7356,6789,6301
5156,5419,5128
1837,2034,2177
3635,4082,4693
3046,2557,5905
5092,2932,4412
4828,2410,3424
3950,5744,0
3124,4284,3431
6609,6850,6551
4732,4580,0
4460,2299,3798
4345,4182,6478
6932,0,6138
0,7056,8020
0,0,3673
0,6632,0
3827,5754,5359
0,4530,6424
4844,3180,2926
5529,6747,5048
3781,4807,3552
5014,5886,7125
4758,7915,6886
5988,4445,0
4079,6834,0
4733,4499,7330
2676,4062,4465
1394,1111,810
4610,5298,6364
7194,5715,6292
7211,6402,7292
3795,5048,0
0,7606,0
5888,0,3328
8010,6157,7656
3700,4578,0
7503,8313,7254
6122,4252,0
1995,3434,4676
2357,2375,0
7184,5693,5816
6644,8682,6810
0,4401,3907
7574,7270,7263
7581,8394,7320
2228,3898,4861
6215,4960,6582
0,7347,7869
3003,2583,1881
7151,4828,5480
3540,4653,4291
3815,4148,3876
0,3522,2876
7617,5898,7627
3732,1957,4063
3391,3106,0
9062,0,8043
7467,5734,6027
2624,2175,1911
2126,2530,2131
5640,2789,4556
7490,7646,3918
7247,0,8183
2050,4037,3543
1682,1774,1947
7436,6083,0
5168,0,5757
0,4213,5907
3066,5449,3254
5957,4257,5122
0,6239,6152
6706,6356,8803
2111,7005,5234
6723,7082,8331
5374,7003,3996
6232,5462,5552
5303,3798,4821
7832,5924,6020
4275,2724,2533
4579,5460,3572
1509,1598,1428
3409,5621,4887
4190,3842,3799
4650,6647,3824
5349,5544,4379
0,4056,5268
5529,4742,5038
4055,3717,5799
3746,2282,3474
5766,3837,6977
3116,3087,3307
6154,3832,4129
5974,4893,0
5427,3203,6449
6311,6131,7301
4283,1687,4209
3131,4262,0
6391,4822,2923
2670,2771,2472
4040,2161,3601
6128,4525,0
3840,5573,3989
6688,3341,6139
6400,4655,4369
6015,5595,4776
8863,9117,9187
3485,5642,4246
7677,6296,8390
5396,3919,3127
6091,0,3166
5819,0,5873
4134,6390,0
5304,0,6730
6430,6502,5271
3916,2408,3654
5344,5581,6545
1548,2051,2606
4172,6292,4814
1916,0,1922
2108,4601,4457
7232,6256,6093
2272,2374,1420
3056,2875,2725
4020,4964,4076
3758,6225,2906
6861,7643,7552
5531,6454,2495
7114,4861,6865
1293,2874,2597
5442,0,3008
6598,5979,7370
2505,2246,3294
3501,0,3100
3626,6207,2485
1561,1663,1138
6308,5684,5616
0,6034,5892
3905,0,5761
2451,4188,4043
4362,2326,4505
2812,6836,4784
4478,4383,2688
5648,4587,0
0,3710,3526
6159,6698,0
7253,5019,7144
5229,2772,5031
3101,3371,6107
3110,6190,6066
6961,3425,2267
7027,7491,6401
4626,0,0
5931,7152,4416
7937,5913,5456
6179,5657,6238
5640,0,6942
7147,5999,5935
783,667,810
2688,5237,3468
6486,6136,7645
3238,3802,3039
5274,6065,6328
0,5148,4642
5853,2704,5813
6354,5196,0
5771,6230,8024
9124,9255,9019
7445,8404,7478
5528,4375,6121
0,2737,3338
0,4349,3862
4817,2920,5801
0,7196,6170
7061,0,5991
3102,2428,1085
4541,4168,6346
3096,3338,0
4560,7839,0
1844,1948,1619
5540,4736,4128
7689,6444,7102
3577,3875,6867
2849,0,3465
4837,8356,5767
1508,2155,2579
4165,6213,1975
3094,4636,6530
5379,3248,3876
6074,0,5509
4654,4664,5388
5475,4663,5674
4946,2984,4109
6421,4286,5984
7879,6622,7037
3492,4188,0
0,2067,3955
2379,1389,844
8644,8304,8028
7433,5187,6100
2208,1715,3317
7907,0,6025
7872,8433,0
6864,5230,6970
4546,7642,3308
3174,3938,3719
2641,2537,3243
4029,4071,4346
5319,0,6585
4116,2637,4535
0,6133,6838
1952,2850,0
8147,8085,8924
4472,2190,4763
6914,6205,5832
0,4971,4028
7524,7067,7902
3716,4243,3727
5253,7266,5445
6584,3845,4147
7046,5720,6164
7732,8001,8119
5437,5216,6767
2929,4405,0
2383,5897,2547
6511,6027,0
7872,5235,0
0,6269,0
4870,4489,3861
0,4583,5260
7850,7489,6285
0,3495,4285
8054,8398,8332
8613,3846,5538
4187,3460,5072
4883,3405,5460
2330,0,3645
8542,7008,7891
7073,0,6639
3633,4010,6437
2984,2054,2724
5897,5507,6730
4926,5008,4790
4786,5529,5719
3775,3061,2009
6887,4088,6222
800,1108,1061
7854,7900,7074
2687,2484,4080
3510,4510,0
6745,8387,0
0,4428,3964
4684,3770,5236
2784,4641,2959
6678,0,7870
4094,2820,4670
3226,4122,0
3709,3436,3072
4606,0,5653
4364,5952,5401
6506,6431,0
4647,5937,6304
2818,3408,2188
4953,2762,5856
4742,2179,4754
3719,5682,5433
3033,2416,1662
4562,7458,6237
2444,5137,6265
4881,6713,4134
4442,6518,3779
7541,5516,0
3087,1845,3102
1952,1919,589
7202,6193,7507
4767,0,7602
0,5725,5577
6893,0,5826
5488,7157,7103
4124,5392,3769
3748,4292,4684
2895,4180,0
3724,5207,5189
6698,5796,6225
5133,6959,7229
2844,4251,4879
8989,7335,8276
7261,7751,8365
0,0,3477
5226,5856,7322
2567,4458,3316
5510,6735,6859
0,7591,6819
7967,6862,8867
5816,6393,3961
5218,6846,6146
4990,5165,7513
3979,0,4172
4411,5613,4252
3247,7256,4614
0,7504,7429
8380,6518,5788
8704,7738,8469
4781,5482,5174
2635,3368,2904
2511,7242,3126
3942,7050,4137
4293,5252,6015
1460,2580,2965
3083,6763,6532
2530,1428,3746
0,0,5625
8331,6492,6309
5603,5785,4081
7018,6643,0
5708,6634,4722
5034,4494,6338
4828,3591,0
7171,6287,7176
2723,1739,1777
7669,4780,5820
8585,7034,0
6819,8784,8471
0,8260,7023
7473,6476,7689
0,3466,0
2861,2337,2767
4381,0,6180
4353,5072,4996
6248,7259,6828
6734,6085,6932
5672,0,5252
7615,7446,7978
6601,5474,0
7976,8039,7800
4520,7904,5310
6447,5075,6725
3192,1866,2670
0,7632,7456
7105,7914,7297
3634,4322,4343
6641,5009,5962
4613,5869,5143
8230,6466,7257
5847,0,3804
3908,3561,2980
4831,4295,5788
2774,3450,3904
3322,4115,4327
6229,6166,6146
2678,5033,4800
8157,8843,8209
6502,7628,7383
4525,4841,6251
0,7584,7910
1563,2082,1888
5411,5756,7286
5840,4816,6785
4098,5068,4480
3568,3453,2035
5080,4325,5098
5194,5444,0
2784,5790,0
0,4774,5800
2622,6260,4993
0,6604,7461
3938,4234,4657
0,3711,3590
1453,2747,6467
4683,7380,6285
6174,6829,6150
1960,2086,2418
5412,6764,4075
4799,3429,2576
7897,6378,6917
5602,4941,2264
4612,3455,3297
1314,0,2460
8060,4105,5283
3825,1412,4140
4467,5375,6916
4273,4900,2369
7242,8036,0
3031,2453,2111
2094,6232,7235
0,7026,7319
4081,2124,4827
712,573,900
3245,7186,0
4934,7687,4862
2264,7368,3416
2985,4318,0
3452,3874,4159
3790,2533,5289
7106,5855,5221
7151,5112,5019
3670,2920,3744
6979,6766,0
3330,3578,1702
5408,4730,4357
4705,2685,4409
0,6716,6345
1851,0,0
7168,5147,4261
3433,4200,4767
0,8466,7961
9071,9071,8952
1651,0,1756
2682,3089,4131
3215,3758,2603
6796,6082,3974
3661,3865,4214
2239,2072,2515
0,4755,3432
2295,2822,1858
3219,0,0
5263,2543,7049
7049,5737,5131
4942,2045,4537
3859,2282,6286
8328,8538,8260
5700,2900,4974
5184,2653,3153
0,7670,7642
6263,6264,7043
0,5260,4738
7243,5772,6217
5615,6808,6348
7494,7093,7098
3854,2930,3745
7302,8085,7408
1803,0,3020
6298,6496,0
5215,6649,4922
6114,5889,5716
6799,4874,7426
5542,6152,4906
4827,4148,3303
9136,8776,8644
4491,0,4657
0,4542,0
6988,7994,7034
4797,3012,4574
2706,3894,4249
5515,5181,5693
2305,2199,2864
0,0,6156
6613,5834,4343
4443,2664,2926
8244,8904,7253
2707,4749,3260
1166,2145,0
4376,3936,4222
7769,0,7278
870,0,1865
4069,5691,3237
1909,5863,4602
0,8350,7170
3574,6532,3603
3140,4502,4188
4994,3702,7054
5352,6323,5558
0,6147,3827
3831,4297,5243
3627,5408,7745
6194,5051,5495
4942,0,4971
6078,5657,5681
6299,6885,6583
1283,2861,2884
7123,7091,6978
3956,4453,3363
3243,2443,1272
7288,7663,5617
5386,3736,5663
3733,4426,3124
3842,3915,3103
7761,7449,8608
5624,6361,6155
7191,4964,5524
2443,4421,2886
6896,4970,2248
6089,5434,4637
4231,3440,3464
5615,0,0
4522,3451,5349
6278,0,0
3917,3287,3466
4562,6051,5980
6852,7888,0
0,4193,2949
6121,7380,6168
2098,0,1637
0,3191,3354
6055,1913,3624
3663,7329,3972
5423,3725,0
3032,5174,1995
6889,4904,4617
0,6464,6581
2730,0,3941
6829,4713,4408
3382,2740,0
8243,7997,7381
6609,0,3456
2807,2206,2286
2915,0,4719
6010,0,6403
0,5662,4010
6347,4405,4426
0,0,4963
3937,2655,2644
6598,0,4950
2471,6254,6869
6635,4675,5437
0,4348,6068
0,3341,5911
5647,4198,3606
3867,3236,2811
3743,3541,0
7306,6873,7583
7304,7032,8007
6025,3764,5184
4597,6524,5568
8010,6799,7616
6887,5854,0
6152,6501,4784
6620,6440,7700
3341,4811,4451
0,3450,3244
4712,1975,0
3809,7347,3696
4295,4980,5412
4890,0,7585
8050,8171,8232
2163,2087,1800
6174,7769,6484
5003,5407,0
6487,5259,3214
5259,4834,3823
7735,7499,7542
3926,0,6064
7155,0,5744
3910,3843,4866
5068,7551,7411
3446,6536,6680
5653,0,6507
0,6055,5882
5181,2689,3498
2380,3216,4321
5467,0,0
3896,6448,5508
2990,6056,0
4679,4965,5426
4955,6627,4398
5205,5300,5561
1749,3182,1539
4721,5184,7129
4084,5752,0
2361,1999,1770
4759,5421,3662
4491,0,4251
6766,6731,5862
6458,5372,7113
7571,0,5677
3465,0,5529
7934,5608,5410
5173,4963,5028
0,2925,4122
2713,3554,5667
5405,2475,3905
4669,5797,6138
4498,2251,3418
6237,2515,4519
4637,2901,7533
0,6668,6232
3284,3806,5075
4867,3795,0
1613,0,0
5508,0,6207
3614,4376,0
5006,6543,0
0,3620,2523
0,2488,2462
6855,5901,5896
5040,4068,3614
5009,0,2863
5280,3747,5769
3916,3099,2446
9474,9289,9323
6433,4688,0
5022,3919,4368
637,1580,2118
1904,3846,3401
3630,5567,2426
2419,2298,3384
3496,0,7063
7597,0,7496
4410,3917,2646
6040,6906,6488
4900,5292,4019
4755,2306,5983
6734,6868,7029
5441,7310,5096
7915,8173,7499
6169,4950,4496
4927,4305,5172
6258,6965,6968
5831,3118,5335
6465,5344,5417
1835,2238,3375
3911,4073,0
3402,7021,6644
6805,6106,3202
6108,6241,8114
7039,3978,6062
4113,2064,0
7374,7494,8035
1982,2511,1773
2241,4150,0
5049,6255,6745
0,6762,0
2304,5673,0
8332,8720,9058
4933,4473,3337
4716,5654,2586
5784,7011,5280
3573,0,3614
6255,0,0
0,2319,1803
6342,5373,7569
4223,6656,5442
6143,2687,3580
2561,3697,3182
2420,4209,2334
6635,4400,4256
8310,8054,6498
9337,8847,9127
6300,7024,5886
6387,6353,7434
6549,5942,7464
8212,7026,8447
3417,2212,3431
2907,1782,4230
8441,8736,8927
3147,0,4978
6402,7166,6051
6597,3551,4516
7458,6213,5796
6883,5467,5528
2520,0,2414
5069,3125,2459
2762,5602,5129
5130,7277,6595
8094,7476,8215
6768,3473,6602
7052,7132,6016
0,4329,5530
2142,3063,3912
4099,5188,4511
4605,2683,2836
4213,4452,0
3037,2969,4748
2462,6310,3667
0,4042,2745
3720,0,5028
4441,7426,5545
3140,5572,5754
4218,8645,5139
6688,8019,6740
5367,0,4592
2560,3409,1226
3367,2675,4019
2602,5359,4786
3424,7308,6018
3374,6307,4838
5751,4564,6659
0,7930,8726
2331,2485,2950
8462,8668,9403
2105,3171,1561
0,4009,4639
8260,5239,6577
2287,4020,2885
1888,5494,5349
4634,5487,8320
3701,0,4143
6058,6019,5088
6685,6166,7037
4440,5826,6337
4970,3920,5809
6706,8196,5545
2165,2583,2679
6021,6099,5084
3625,4800,0
8711,8648,0
3572,5087,4213
6707,0,5365
7811,7899,7689
3972,0,0
8015,8297,6606
6140,0,7115
5849,8166,7264
6843,0,6929
6871,3923,4809
7135,7561,5995
4256,4693,2994
6614,6596,4962
5298,4192,2523
3566,3904,3741
5276,6992,5972
3474,4964,3197
5930,5441,2300
3336,4428,0
2165,3684,0
3885,4086,2540
0,5153,4333
4554,8284,6981
3300,4104,2333
5299,2220,6563
6028,5158,5734
5857,0,3177
3873,6236,7442
1928,1810,1606
7460,6666,5936
5101,5965,6947
4376,3604,3889
6596,5689,5785
6841,3823,5222
7705,6940,8320
3376,5672,3676
7109,3912,0
5705,4720,6339
4433,4181,3524
5703,5768,5767
7153,6912,7444
2922,3529,2666
3264,3811,2565
8592,8816,8500
2538,2162,2373
7166,5133,7241
3588,5378,5234
3173,3852,4357
2937,7336,5101
3526,2881,2318
6890,8114,2752
4326,4803,3614
4948,4477,5852
0,2656,3271
3217,4432,7178
6370,6145,6296
5801,6048,6356
7667,5571,0
4321,5756,3878
5814,6329,0
6814,0,3527
5450,3675,4049
6274,6408,7935
3379,7201,5855
7557,0,7036
4815,5023,5977
3727,3921,2626
5327,4443,3740
3287,0,2598
4239,1820,3050
3596,2896,3412
7100,7165,6420
3008,4250,4238
7490,7729,5271
4485,6512,5353
6237,5655,6625
4951,4684,7676
4367,0,5008
0,6358,7772
1530,3957,2854
6171,7196,6322
4166,4585,2494
5360,2625,2087
4514,0,5416
7152,6605,5719
1871,1859,0
5013,3128,6338
2083,1657,2280
2495,1298,4571
3829,3152,2461
0,3726,2646
4194,4042,4496
6160,5657,5181
4054,3196,4350
0,6955,4732
7407,8428,6042
6437,0,7170
2152,2198,3110
6593,5885,7363
6176,7280,6350
5857,3653,3072
2969,1979,4703
5269,5354,6186
4301,6502,4271
8164,6708,4854
2435,4708,0
5219,7489,7115
0,3902,6515
5213,4595,6654
5011,5047,1913
2189,3062,1368
0,5042,2409
7636,6522,6522
4870,5594,0
4270,2855,4099
7374,5650,7250
4268,4869,6298
5005,4277,5386
4309,6777,6463
6417,6417,8190
7644,7199,6804
4450,0,4720
4477,5143,5990
5232,4891,3703
2268,4552,2714
0,5857,5282
7050,8086,7388
6639,7869,6336
4592,4333,0
5758,4407,3172
4321,3823,3514
0,4483,3105
0,5934,5471
2928,3698,2404
3241,3281,2455
5003,4434,4832
2386,3170,3160
4468,4017,3983
5016,0,3815
2671,3212,4326
0,6397,0
4426,2803,5711
7456,8095,7910
4738,5419,6408
2799,0,6620
3778,2909,4663
4876,5164,6430
5184,4843,6367
3393,0,2313
5991,4866,6625
5613,4230,5441
3734,6017,3408
8765,0,8661
3325,3300,7394
3334,4327,3902
5402,6459,5807
6462,0,2874
6722,6409,5846
0,5856,5789
0,3122,5270
2163,3287,4033
5158,4736,7569
3337,5604,4098
3813,4463,4182
0,3359,5611
4797,0,4598
8138,5868,3144
4993,2531,5660
0,7614,7605
0,6767,5275
6259,6279,7700
4955,1305,5062
0,5849,7417
7357,0,4692
3636,4153,3183
4134,1769,3291
5808,6178,6788
0,5406,4777
4991,5689,4422
5800,4530,6891
1551,1879,0
7692,2950,4949
6747,6393,5165
4497,4770,2802
6605,4029,4334
6321,7036,7210
5611,0,4106
5341,2967,6290
4576,4821,4051
5078,7266,6379
3906,6633,3491
3107,3039,3588
7132,7489,3789
6177,6398,6457
6456,7343,8452
5842,5311,2254
3900,3215,2728
7313,7132,8179
0,6486,0
5599,3135,4835
7029,4177,5961
2416,5660,6737
5355,2025,3755
8878,8176,8267
3302,4393,4492
6486,0,5288
1974,2677,2645
4886,7210,7689
4543,3132,5539
0,0,6864
1977,2320,2320
5170,5888,4945
4826,4158,2783
4240,3493,3912
2489,2110,2302
5952,0,3647
0,0,6950
6017,5948,5444
1535,2666,2991
2795,2539,3152
6826,0,6898
4761,2338,2911
2717,4713,4781
6221,6359,0
4306,3923,3136
1961,0,2507
956,710,830
5656,4576,0
2831,2026,2267
6205,7621,6011
3425,5358,3334
4325,0,3321
4338,3959,4111
7935,6594,7012
6896,6149,5326
3731,5683,5686
2770,3155,3394
6425,5891,5956
5406,5645,4965
5161,6035,0
4054,3227,2633
5447,4759,5688
3812,4975,3885
3355,1857,3193
4548,4085,3151
1999,0,5331
5187,3829,2036
7011,5419,4297
3803,2908,0
6536,7280,6380
6776,5754,4597
6291,3998,7091
4160,4153,5427
4834,5646,5517
5439,4481,4715
8241,7009,8261
4520,5253,5844
0,4778,2157
6516,6446,6128
7348,6337,4991
4593,5330,5923
6007,6509,8638
6157,7424,6508
4332,0,7206
8351,8117,8294
2589,2785,4492
7038,5864,1708
2406,4590,5201
6828,7304,7378
4796,7230,5034
4161,0,4653
6809,6919,6902
3538,4148,4124
3636,2716,5344
7929,7612,8696
4455,7853,0
7890,8775,6888
764,699,669
3575,4628,4745
7972,7232,7370
4351,0,5025
8791,8328,7662
0,5338,6853
3276,4012,4146
4707,5924,3299
4405,5312,5165
5179,6448,5588
6862,8005,6739
0,6163,6972
5480,5643,3000
1755,2677,1223
3891,0,2927
7306,6895,7994
6975,0,0
3505,4136,6192
4542,3754,7004
7554,6861,8478
8202,8061,0
4993,3136,4609
0,8349,7453
6297,3408,4485
0,4054,0
8499,7565,6387
4962,2276,2210
6198,5811,5132
2084,2191,1458
3294,3900,3918
5463,0,5806
0,5797,5346
0,7307,0
0,4079,4907
3408,4802,3929
5843,5293,6310
2615,5488,4010
6769,7389,5553
0,1903,2662
2083,3724,3754
6303,6908,3700
3560,3323,2868
5093,6072,5852
3954,4041,2333
4683,9075,4960
1830,2301,1449
4021,3079,4540
3598,3457,0
5122,6001,2034
0,8958,8242
0,3091,4997
4304,2247,3338
4387,3502,7315
5786,6607,6039
4222,2480,2905
7754,5819,7557
6345,7096,6564
4341,4927,4647
6449,7713,7373
7386,8187,8916
1746,1420,2117
5795,6046,7579
4484,6478,3705
3501,2891,0
5886,4286,5562
3128,3139,3733
5700,6616,0
6197,5526,6669
0,7420,5508
2727,6779,4245
3082,5689,4937
6091,6056,5203
3986,5862,0
2735,6085,7516
5384,4450,7312
4394,5895,2309
2665,2002,2093
0,6866,7803
6019,6668,5960
4904,4464,4255
6773,5833,4401
5113,4342,6214
2557,2699,0
8319,8549,7587
9424,8820,9175
8694,7701,8320
5979,5015,7027
0,3619,4759
7245,8055,6852
5197,6720,5131
4153,5053,4568
5049,4170,2828
5301,5441,5116
6437,5952,7281
5690,5197,7161
5173,0,3568
4845,4313,3089
4236,1527,3368
7737,6901,5165
5038,3928,5047
4674,7063,6316
0,5057,3036
5761,3395,6028
6800,7681,8257
2342,3132,2972
4475,4645,5319
6193,6005,6626
0,5476,4861
4869,7309,3940
7933,0,7693
3737,4797,4074
4085,5830,5532
6742,6547,3845
4640,3730,2719
5043,4416,3766
4315,3170,5004
6242,1723,3858
3343,0,5121
2923,4944,3729
2315,3155,0
5406,0,4350
5772,4190,0
7617,0,6474
4784,3233,3679
8534,7399,7142
6840,7048,7446
8399,8838,8661
3645,2954,2764
5926,2925,4864
2456,2709,2688
8152,7455,8980
3258,4959,0
5985,0,5366
3833,4249,0
1763,5324,2642
2679,2289,3004
4324,7533,4346
5686,2659,0
7606,7868,7899
2124,2853,4367
5566,2434,0
3465,3083,3371
1979,4189,0
0,3857,6845
4811,5612,5233
4426,3134,2585
6422,0,4280
8257,7436,7859
3898,3919,7295
4945,7647,8036
0,4036,5263
2107,2620,1742
5659,6867,5045
0,5716,6110
0,6759,4606
8790,9231,9325
5626,2109,4436
6291,5736,5808
1924,2597,2249
5831,0,5493
3615,4737,3563
8307,8781,7350
3145,3083,3772
4817,5333,5651
4858,3720,4514
6583,0,0
8704,8000,8179
6796,0,5096
1703,748,1560
1290,3205,3290
7012,6660,8336
4835,4649,3810
7703,8422,6765
4093,5702,3617
4548,5393,3581
5063,5406,5864
2481,2196,976
3061,0,2110
7646,7304,8316
8338,7601,8136
3780,4457,6246
2582,2894,4062
8764,7288,7745
4528,3161,5434
4046,4382,3805
6410,4792,6027
4092,5772,4812
4760,5751,4644
3479,4921,3700
4741,7073,5840
6663,7026,5341
3063,3291,2598
0,5271,6002
8213,8577,0
3516,5425,4767
5903,6326,6919
3523,4861,4453
0,3880,2916
3891,4462,2283
4191,0,2766
4448,2975,1989
0,3809,0
3180,4209,5215
5852,8272,6598
3990,0,4815
3319,4758,2839
1673,1507,0
6034,6819,8077
4069,0,4122
5163,5123,5885
6814,4324,4685
6492,4966,3415
4309,4405,5983
2811,2273,2989
7244,6500,4253
6141,0,6902
4613,3958,5078
5477,6705,6444
4323,4601,6866
0,7739,6875
6157,8000,7831
3822,4138,3320
8127,7404,6388
2454,3500,3170
4970,4908,4231
5453,5738,0
6738,0,4545
6272,0,6687
5375,4733,3277
6119,5596,7888
6588,7510,0
7678,6702,6835
3922,3866,4366
2371,2814,5518
6084,5879,3248
4836,5861,5732
0,5341,5732
7548,7930,5788
3593,2764,4353
4964,5979,5160
3601,5094,4972
4912,5514,5543
5706,6852,5650
6144,5478,6367
2978,0,4866
7269,6393,6367
8058,7239,7272
5076,5516,1907
0,7710,7596
5909,6111,6192
0,763,1789
2842,2543,3599
4594,7691,6271
5722,6189,5656
7262,6749,0
2693,1634,2726
5010,0,3708
3248,4296,3197
0,2771,0
4156,6130,2783
7022,6665,7346
1723,2775,2846
4116,2913,5641
4941,8142,7254
8308,0,7535
4578,7512,4718
6421,6481,0
7613,5850,6008
5898,6779,4307
4631,5950,2724
2448,0,4351
4696,3422,3665
4720,7000,3983
2438,3281,2305
7634,4370,6939
6545,5462,5901
0,0,5466
7468,0,7643
4257,6131,4994
5345,6553,5935
7247,6148,5504
7704,0,6189
3208,5959,3165
5834,6162,3994
4762,5596,5575
5514,0,7221
3773,3005,1902
7755,7774,7089
6503,6523,0
0,5914,0
7870,6974,7109
3168,3762,3319
4075,4397,0
6647,7183,5784
4737,6455,0
4093,0,4134
0,3444,3112
8382,7575,7393
2854,0,4144
7229,3921,3444
8014,6323,6231
3039,2437,2621
5562,5233,0
3222,2183,3776
0,7280,7180
5525,4635,2466
3360,4574,2645
5129,0,6841
0,6808,0
4530,4334,4604
0,6616,5978
4843,5009,6241
5440,0,6314
4369,0,3347
4721,5575,4412
5877,7546,6767
6764,6114,7365
2314,2103,2444
2159,1583,3985
1861,1240,2272
3556,0,0
2853,0,3987
4992,4649,7026
4469,7209,2653
5433,4187,5584
5068,2745,4701
4159,2408,4134
6119,7061,6140
6901,6909,5580
0,7553,5493
3170,2146,2969
4687,2783,4611
7586,7304,0
5290,0,4305
5549,4178,3905
5631,5975,5239
3537,4278,5123
2640,2853,2667
6888,7188,6034
7403,3983,5250
6380,6659,3505
1124,1070,2920
6790,4624,0
9175,8673,9136
6721,0,6778
7777,8885,6823
0,4661,0
3166,5796,5351
3376,2398,2468
6936,5333,6229
5311,9024,7374
6000,3743,5756
0,5670,5317
8580,9003,0
4218,4482,4160
4294,0,4193
5978,5553,5281
6999,6456,7154
8029,4704,8536
6899,3057,3679
6530,7381,5865
7356,7574,6809
3953,5339,6377
7603,6606,6669
5157,7086,5942
7060,5685,0
3706,4993,4883
5519,3559,0
3351,3053,2825
4564,6067,3908
4662,4255,4094
0,1784,2881
0,4106,4904
7404,8305,6587
4576,6200,6661
4332,5558,3789
8069,0,5672
2839,4261,2796
6491,8437,7877
5678,5756,6512
5408,5466,3788
5082,3491,4973
6528,3278,4501
3311,5453,3904
6343,6892,6140
6794,3138,7218
4787,3779,6174
6788,5814,5789
5421,2912,6142
6129,0,5132
4387,4595,4452
3542,4978,0
5557,7240,5192
5452,0,2488
6531,5363,5756
9057,7855,7457
5035,6621,5130
6320,7322,7636
0,4734,6338
4173,4267,0
5025,5040,3458
0,4330,7681
6219,0,5632
7605,8941,7984
5267,0,6653
4857,5773,0
4015,4708,4411
3936,4862,5588
6657,0,5089
6473,6298,6049
3204,2284,0
6628,7568,5026
2222,0,3427
4562,0,5535
5211,2321,2162
6220,0,5877
7004,3281,4395
3418,4009,2098
3684,5562,5721
4579,2876,2338
5153,5779,3945
5303,0,4315
5276,0,4534
4928,4626,5316
5296,7789,7524
5828,5098,5704
5982,6543,7251
4142,5008,6445
6920,7613,6845
2929,2935,4305
5280,4078,7965
2817,2451,4466
4194,3355,5104
7789,3957,5978
5953,4009,5784
4590,5786,4541
5456,2872,2845
0,7168,5950
3144,1685,2721
3882,6219,5546
7655,7018,6334
4674,2647,2526
3968,0,5794
6046,0,4999
4520,0,4332
2395,2207,2892
5069,5445,6008
5567,5810,7523
4526,3612,6022
4853,7000,7917
0,4490,0
6667,7875,0
4673,4028,0
3125,1886,2962
1710,3304,2717
0,4191,3869
4644,6351,0
5673,4169,3352
2849,3499,3187
4142,5711,4462
3011,2577,5346
4267,1958,3127
2545,2740,2535
4285,4905,6840
5492,7319,4747
2818,0,2307
8587,8898,9107
4444,2637,2958
4715,4531,4967
1865,1783,2265
3359,2996,5186
4450,5142,3382
6793,0,8314
1022,0,0
7293,7178,6949
2832,4124,3447
2905,3983,3216
7664,6734,7996
0,6088,6118
5135,4453,5783
4051,6484,6753
6506,7991,7445
3922,3996,5923
4350,6648,3148
4209,1780,3374
0,6028,6399
7275,7180,8019
0,6974,0
1323,1534,1125
3180,2355,3075
3375,1956,1771
5583,8601,6199
3682,2858,2986
5594,3126,4366
5386,6769,5137
0,6735,8218
6842,6306,3658
5717,6311,8133
2919,5766,2259
2586,0,4076
4062,6146,5047
6133,7711,0
0,6165,6025
6323,6308,3970
8315,7699,0
6675,5271,6575
4616,6364,5100
4549,5877,6405
6085,2954,0
0,5992,6435
6275,6597,0
4486,5538,3842
4667,5296,1842
0,6584,4483
3285,2663,5197
4605,3306,2077
5618,4673,6704
0,3126,3478
5365,3867,3351
1592,1975,2030
3980,6726,6423
5918,6193,6207
3699,5265,5506
5344,0,4546
5631,7416,6192
0,8288,0
5067,0,0
2599,2501,1389
5048,6742,4857
6664,6428,0
4032,5460,6019
0,4776,5069
5153,5967,7268
2117,2052,2390
4059,6793,5624
5854,4682,7051
0,0,8194
0,7481,6827
4075,4267,3073
5869,3055,3357
4243,3321,3262
0,0,6052
4115,5121,4516
2515,6959,6551
2649,0,3133
8040,3723,5817
7350,6929,7537
7447,0,6518
0,6113,6192
2887,3816,3517
5607,6853,5370
4390,3371,0
3707,7099,3969
5501,4540,6382
6504,4585,3530
3421,4391,3416
5060,4371,3434
4138,5429,7093
4205,6131,4619
3472,2444,2409
3367,3667,4071
0,5504,6864
2788,1452,2331
3825,3385,1722
5415,3824,5239
3742,5238,4139
5280,3362,5316
7653,7897,8455
6273,7524,7157
6170,6624,6276
4294,4708,7289
5186,8438,0
6556,6837,4739
0,2248,4462
3722,5760,0
4580,0,5672
5736,6287,6001
6106,5982,6785
5457,4610,2086
0,6818,7685
3138,3601,5047
3638,3131,4596
6547,4637,6806
0,8681,8314
3630,3097,2930
4611,0,0
4587,3242,2662
8104,6548,7150
5060,4555,6366
2374,1952,2339
4111,7296,6498
8514,7742,8348
0,3471,3606
2622,0,3528
3875,2048,4245
6359,0,0
6792,6944,7511
0,2455,3502
3559,2036,5451
6758,0,6399
3902,0,2800
6426,0,2325
6607,6773,3961
3520,1082,2155
2798,2303,3899
5784,4055,4645
6417,5192,3986
2637,3181,3917
7002,7617,6664
3925,6428,6168
6915,6962,5352
8362,5575,4022
5974,6399,0
3419,3597,2530
2179,3326,3348
0,5037,4876
5071,2517,2768
4469,4623,7297
4495,4306,3296
6072,4889,2693
2676,4311,2805
5085,0,4667
1415,0,4386
6743,4756,4860
7042,0,3893
4003,4727,5723
8398,7012,6797
0,1643,3325
5588,4674,4078
6262,6451,6991
4914,6841,3429
3940,4259,4444
5799,0,4261
7285,4099,5230
2724,5473,6375
6829,5007,4111
5362,5054,6078
6144,7393,7081
3610,4762,4852
6977,8382,8029
0,520,659
8167,8066,8647
3412,4049,2392
4864,2572,3812
4630,3770,3891
6765,4863,3605
6999,6316,6770
5112,4546,6682
4079,6955,0
4686,4113,5561
5192,0,3587
6590,7788,7350
4722,2531,3006
6051,5842,4462
7169,6174,7083
1944,1825,2156
4663,3624,1767
4039,5125,4374
6286,0,6672
5285,5994,4068
2329,3022,3445
0,7118,6948
5902,3877,5234
4055,5220,3417
6183,5391,7638
2941,4140,3855
0,6704,6071
5966,5727,6207
4227,4084,5099
7314,8948,7054
8019,0,6629
4389,2063,3367
6813,6482,0
4444,4540,4827
5563,5585,2782
3360,2242,3305
3626,0,2445
0,8201,7056
2080,3308,0
5787,7394,8996
4580,4071,4394
7298,0,7266
4228,0,4847
7330,6711,5571
8271,7245,7841
4355,4853,3999
4087,0,4959
8160,5926,6573
5696,5601,7402
6363,6378,4919
2726,0,7194
4004,5124,7017
5283,5067,4979
5546,3257,0
4202,6670,0
3942,4888,2266
4390,1863,0
0,7120,7177
4054,4146,5494
3082,4528,3960
3377,5133,3557
5434,7639,5780
1743,3784,3486
3948,4038,4120
0,2857,2836
4779,0,839
8486,6750,4587
5874,2998,4142
6315,0,3612
5221,6846,3904
3510,2513,2572
4901,4891,5098
0,5509,3962
6300,6271,7244
7528,3983,5751
0,2098,2302
3439,0,3780
7283,4271,4310
5619,4288,1990
4418,5951,4203
5614,4072,5097
2339,0,3733
7606,6656,7590
2355,2577,4140
7349,5679,6932
4534,7160,6312
7150,0,6318
5548,4310,5270
6768,4802,7504
5954,3986,1883
4764,7913,3324
6914,5648,3648
1878,2184,2740
6154,0,5899
4478,6352,7987
4828,5481,4612
3784,0,3098
0,2366,2740
3930,2320,4581
3614,3413,2585
6213,5621,4124
8931,8891,8569
7362,8069,6289
0,6902,7360
1769,1095,1933
0,4268,0
8853,5509,4389
2009,2624,2205
5263,5206,6100
5149,5081,5771
6354,0,0
3240,3932,3353
6437,6248,0
1776,3513,3102
2346,1579,1799
5481,4303,7404
4568,0,3293
2899,2821,3460
3941,2847,3117
7524,5933,6822
3935,5562,5256
5745,7603,0
2263,2085,3013
6304,4953,6300
0,4029,0
2132,2567,3879
5593,4838,5214
2964,3344,3690
6232,6646,0
7249,0,5400
0,0,5615
6183,3242,6197
5012,5474,4406
3808,5202,4336
5343,4662,7721
4587,4027,0
3284,2195,2778
4619,5271,0
6797,0,4794
5325,4034,2975
4728,3847,5541
956,1110,992
3808,4384,3749
1510,1645,1658
0,3374,5325
6201,6055,8191
6344,5236,4522
4156,6569,3360
6003,3072,7160
8100,7231,5862
3612,3621,2932
3299,3469,5885
7303,3735,4457
6570,6847,6815
6190,4006,4252
5984,4217,4361
5127,8752,2794
7246,0,6190
7582,7656,0
2110,1865,0
2996,5091,6442
3982,3240,5620
6082,4666,2790
4796,8161,5931
6734,5005,7312
7575,5206,6456
5442,7349,5873
3740,4133,5056
5390,6042,6404
2511,1866,3952
3100,5627,4804
6230,6262,4144
1958,1911,1541
5567,0,0
3145,4748,7432
3067,2226,3355
6143,0,6434
3886,5452,4099
8616,8748,0
7070,6601,7276
5886,6660,2582
1398,0,1710
2121,3421,4212
6947,7558,7122
7526,8247,7933
3374,6008,4141
5205,3497,2391
3203,4614,0
6181,4552,6585
0,0,5921
0,7328,6578
2628,3903,2800
5764,3916,5317
3173,2407,2030
4449,5402,6181
5490,5224,4522
3066,3670,3576
6313,8456,6617
7212,6463,6299
3450,0,3746
3645,3973,3319
1690,0,3903
3804,3173,1967
7172,5058,5114
4693,4613,3723
6392,3707,4082
6480,6440,4841
3427,6773,3004
7028,7968,7616
1483,1146,1142
4481,6947,6362
2810,4218,2241
4446,0,4329
3760,1997,3161
9382,9395,9276
7592,6652,7701
7750,7171,6655
5690,6783,6266
2685,3170,5182
4357,4975,6805
1804,2913,2528
3406,2767,5258
4399,3798,1641
2853,0,2877
5459,3255,5693
5130,6913,4525
4617,6298,6077
7481,7184,5153
7310,6226,7334
0,4288,0
3137,4044,2405
4462,4618,4795
2505,2424,3700
4645,5445,5685
4808,6659,5193
0,6749,6908
5099,3860,5746
4193,1793,4562
0,5896,7821
0,6713,5597
5768,6425,8252
4516,2349,5871
0,5336,0
3304,3704,2930
3137,2611,3396
4456,6083,5290
4301,5053,4267
2707,4300,3169
6647,7090,5042
3863,3684,6527
1137,1402,1042
6416,2442,3276
8399,8051,7697
5728,4863,3785
2814,4268,5933
1548,965,1196
7640,7358,7971
6204,6743,5297
4139,3955,0
4017,6260,5154
7104,5492,6799
7556,8517,7067
2208,2919,0
8332,5382,7484
0,4565,6651
6467,8173,6175
1572,2317,1433
5921,3702,4650
6645,3580,6325
4919,0,5725
3595,1232,2036
5051,3361,5125
3287,2357,2880
8439,7131,6967
8329,7208,7545
5135,3368,3877
0,4634,0
3614,2306,2044
3745,4516,7277
7221,7088,0
6538,7805,6948
5193,3899,4133
5954,6541,3886
2833,2851,2861
5579,5491,4383
4249,0,4024
0,3404,0
6001,3887,3235
6250,5256,5583
8568,0,0
0,5061,4727
4732,0,6260
5114,6719,4691
3689,7474,0
6653,4707,4006
5658,4921,0
4138,4067,3453
4494,4516,3167
5364,6920,0
5782,0,5745
3772,3384,5667
7395,5290,6287
812,1942,2229
2610,1375,1236
7305,0,6518
0,4876,3182
2783,0,4573
3499,3323,3657
6132,0,7521
6354,4730,5466
4870,6535,5388
0,1323,3557
5893,5749,4197
6582,6867,8561
0,7412,6524
6813,6697,7561
6033,4089,5369
1628,5314,7350
1992,1851,1848
4672,3693,5507
5461,3294,4002
5669,4933,5784
5029,0,6487
4842,5722,5841
0,6701,6439
5999,7337,7954
2853,3614,2253
3593,7901,3476
6669,6837,7297
4607,3735,5785
5617,5434,0
3904,6368,4789
4829,6055,5243
5607,4974,4543
3238,3441,5950
6203,3697,4991
3108,3317,0
0,6544,8456
3285,0,5589
4072,4104,2978
0,7752,7697
2303,0,4639
7104,5369,6119
2500,1505,1453
5321,3543,4013
7194,0,7543
4615,4219,2280
6943,7594,7918
3533,3753,6029
3410,4768,0
2810,4800,3694
6927,2614,7088
2699,1870,2627
3042,4495,5218
6616,6176,4865
5315,4719,2715
6819,0,3618
5767,7482,7724
0,4639,3812
1934,2643,2245
5767,6917,4170
3727,5044,4504
4389,4112,3901
2459,4916,0
0,2571,3260
2022,3748,3453
4753,4980,3429
1617,2712,0
0,6004,5521
4420,3683,4077
5437,7439,2696
6985,8721,6428
2375,3026,1847
4342,3952,4710
0,4534,2446
4547,3987,6675
5186,4258,7459
1902,1631,1643
2911,4219,0
5150,3767,0
4332,0,5433
2780,3675,5725
4915,6237,5779
3946,2245,5111
3010,0,6165
5744,7706,0
6284,0,8479
3833,3738,3893
7612,6852,0
0,4839,0
4034,7347,3374
4559,7958,6298
5133,5584,7076
3485,4944,4471
3070,3083,3628
8076,6604,7643
6500,5505,4271
4631,5810,2040
4990,2698,6100
7258,6792,8356
0,6467,6345
7140,7797,6101
5244,4745,0
7707,8361,7925
1583,2544,2156
4367,0,4010
2721,0,4520
4130,5175,6703
7373,6807,5372
6481,0,7774
6869,0,6309
6903,4396,5249
5288,5962,0
3916,3657,4010
3133,2351,3153
2678,6543,4687
5234,6253,3568
3518,5552,3767
7637,7392,7852
4625,3070,4098
6543,7731,7796
291,335,363
4001,4552,2760
3931,4579,3902
0,6776,4508
3946,3379,3784
7187,7317,8187
4843,5380,6342
4922,5184,3862
1586,0,4029
6378,5637,5599
3695,5577,4165
4586,3938,5440
4784,3264,6982
2866,2868,0
6195,7508,4716
4992,4610,4542
8349,6323,6649
6159,5635,7093
7006,0,5657
4932,5278,6454
7692,4489,5880
6990,7018,0
8551,9125,8391
6069,5304,5756
5115,3700,3000
3831,4606,5399
3375,5904,5717
0,5763,5261
6588,6081,0
0,2676,3449
2152,4744,3396
5379,4786,4169
2006,2029,3131
4185,5240,3621
7281,7266,7309
0,5762,4244
2233,3577,3143
5593,0,7053
4556,3707,3919
5013,0,4341
4112,5209,4757
2950,2050,3935
7672,8542,7594
5230,4123,4077
6117,7828,6526
4332,2764,4759
5920,6338,6979
7780,1662,5333
6949,6788,3924
6102,7206,7576
6918,3632,6797
7897,6211,4638
0,6422,0
3304,0,3304
5355,6820,5661
