9000 3
3548,2191,0
2298,759,448
618,182,69
2388,1268,291
0,617,85
1982,769,519
1689,884,222
2918,2009,540
2134,805,389
2059,876,567
2440,1011,740
602,0,213
1463,551,146
2813,1150,0
1862,0,524
335,117,0
3100,1775,289
2258,845,378
2942,1668,388
0,386,339
913,0,166
436,199,46
499,146,0
3352,1518,1257
989,247,0
2521,1341,479
2477,0,0
0,431,224
2699,1282,0
930,281,0
2910,1234,219
697,0,199
462,214,78
2831,799,890
2033,963,414
649,0,108
2179,885,714
3338,1643,536
265,106,54
1674,559,159
326,0,0
0,157,70
1423,0,0
0,766,0
2003,0,0
3061,2076,250
0,90,21
0,132,40
0,110,50
1822,0,0
3091,1716,487
2761,0,0
0,909,522
3602,1735,0
3039,1761,1007
571,186,57
2889,1239,947
2588,0,350
186,60,37
1051,0,175
238,54,61
0,1130,515
1448,592,454
1876,723,0
1304,449,326
298,85,0
0,559,552
2091,1010,383
830,189,43
573,141,124
985,400,237
701,231,217
3107,0,1055
3047,1822,1074
980,447,113
327,124,0
845,216,0
1642,320,598
3292,0,0
698,0,0
0,455,374
112,48,25
2903,2107,374
1102,502,106
812,393,136
3185,2261,1117
439,149,128
2056,511,361
0,1525,610
516,311,146
1754,750,439
1251,496,142
2079,651,281
0,1218,864
0,573,121
0,279,284
2498,0,0
2922,1652,188
281,106,74
0,609,494
0,943,345
556,239,70
2591,0,262
1178,589,0
1910,593,619
2386,728,0
0,1771,208
0,684,285
2339,1134,0
2628,1263,378
1773,0,0
500,210,141
1361,684,128
591,0,177
170,62,0
48,9,7
3230,0,0
2060,933,701
2477,0,279
0,878,515
540,186,103
2599,944,915
2860,1018,556
2922,1015,906
878,246,0
1019,424,0
458,197,125
3227,1961,0
1727,328,517
2832,1389,221
3041,1526,393
2863,1142,377
0,1381,837
0,1437,204
1356,425,380
790,299,0
2519,728,735
1424,496,182
1216,494,0
0,668,103
967,629,116
0,588,143
3238,0,351
2853,1684,684
2483,1213,0
0,173,115
0,1269,344
433,0,43
0,212,166
0,256,227
1055,317,46
449,155,0
1450,629,488
2747,1949,912
1376,299,244
613,175,55
121,30,0
2353,1260,278
0,2170,0
2837,810,704
446,122,82
2239,0,553
0,769,179
1238,0,128
0,0,316
1213,380,327
465,156,105
252,85,38
1400,677,0
876,427,87
3222,1499,286
1175,337,380
1362,465,89
2787,1048,251
1991,0,509
307,56,94
276,162,0
1101,447,254
1639,594,147
0,0,343
1986,815,434
0,0,572
1270,284,236
3046,1686,0
2208,0,370
2869,1681,0
2427,1044,677
0,1071,235
0,882,329
952,381,161
157,69,41
2820,0,315
1421,520,0
3031,0,551
1964,0,0
0,426,237
2289,1442,836
756,0,145
445,165,102
270,90,62
137,60,23
0,604,0
1136,503,110
3204,0,465
1183,533,247
2797,0,689
2280,860,0
0,0,109
2089,588,0
0,759,946
1026,0,198
0,1887,1004
2529,0,630
2131,902,212
0,126,116
380,0,47
568,96,0
802,182,69
775,174,0
2285,841,600
939,243,133
1731,887,366
1439,364,574
0,1290,501
0,340,177
0,161,66
2086,778,697
1424,517,137
0,285,182
121,0,0
232,0,39
413,90,119
754,151,0
1801,808,0
3378,928,1149
1783,0,0
353,125,24
0,523,170
2279,415,687
0,65,31
2401,1342,385
431,217,97
0,202,59
2853,1700,422
2147,953,363
0,571,0
139,64,13
3539,0,0
1853,709,119
101,0,15
1749,781,497
0,634,214
889,0,88
2814,1633,327
1066,0,330
2278,1007,0
432,124,43
1269,370,329
2688,1058,940
0,0,209
133,33,38
1030,435,0
2589,943,152
339,191,43
1755,411,403
483,152,107
1016,507,85
2191,0,284
995,442,0
0,1015,585
103,0,22
0,629,115
1059,418,253
2592,1680,273
2661,868,1025
0,347,344
2577,953,538
2636,1302,407
0,283,30
2341,804,810
3001,1456,0
2129,851,642
0,173,55
1668,721,246
57,10,20
2389,0,226
1983,780,181
0,632,904
87,43,0
1472,675,276
623,0,111
2419,1124,189
2843,1508,278
2590,1050,328
0,482,339
274,116,0
2452,1461,0
1070,302,146
3122,0,239
905,269,193
949,0,350
2056,557,262
1347,615,346
2554,889,490
1338,258,104
247,100,0
1581,0,163
2515,1164,671
1945,1129,337
814,502,0
526,148,0
425,276,52
271,85,0
1722,485,112
223,86,76
3379,2275,1383
2656,1519,727
2388,1119,214
614,227,0
0,418,88
3122,1701,0
105,26,28
255,0,43
1449,503,267
1586,0,176
1772,0,179
275,96,71
617,0,32
2709,914,234
2913,940,0
1646,700,294
1468,0,125
2516,1757,317
0,592,403
0,0,130
1203,558,0
279,72,73
1282,658,132
2992,1549,0
1731,264,520
2247,817,219
2952,1590,320
2741,1298,739
1589,600,137
2835,1000,354
0,491,419
319,90,100
172,31,0
0,274,147
411,160,84
165,0,0
112,28,3
1207,502,349
1364,450,112
2351,1660,660
1456,521,0
0,0,390
1850,744,332
259,92,69
918,272,0
2427,1126,400
1121,590,0
1480,689,0
540,269,117
216,0,42
866,335,106
2646,1459,214
2139,914,0
1474,515,0
793,164,63
0,81,16
515,83,0
651,273,179
1145,431,187
737,350,54
0,1289,0
0,0,30
2975,1585,0
2747,0,0
1527,496,0
2558,0,0
364,81,77
1461,480,343
0,677,249
0,744,0
1697,752,332
1485,647,292
0,0,758
2150,821,357
1133,378,0
819,414,75
1346,527,528
93,20,25
967,341,259
882,324,234
2335,1032,787
2823,1448,510
2373,0,300
1909,847,0
1631,0,212
3328,2427,965
0,0,110
2946,1769,967
0,1172,0
1613,797,510
1418,410,151
0,830,516
0,531,0
3039,1129,662
2267,1043,207
2889,1574,273
2320,1056,585
1004,444,229
918,202,0
0,38,28
782,164,200
2557,1363,168
1326,0,381
687,240,44
2401,796,0
2184,0,0
1650,492,376
790,278,47
1943,653,187
709,0,0
2055,919,0
2998,1280,697
1961,1232,345
0,874,183
146,62,37
773,176,224
2435,957,507
222,0,48
0,71,41
1046,0,314
2338,1101,341
2809,1218,893
0,1641,376
3167,1787,417
2274,1037,0
1602,576,0
1114,408,161
1051,507,145
2382,798,0
136,0,0
0,346,0
260,48,71
2912,1465,666
1091,0,0
2922,750,1036
1870,747,137
0,818,186
1340,603,389
1280,370,182
0,823,681
2968,0,606
249,64,38
3044,1505,0
562,168,251
1935,0,0
2795,1416,249
99,31,38
700,170,56
1710,0,371
0,1139,251
969,241,296
1136,0,78
1760,411,356
1909,946,471
795,0,186
1114,614,285
1354,476,0
989,510,253
0,1723,422
0,0,641
1082,0,163
1170,0,0
2639,825,0
0,85,0
0,678,143
1070,302,312
0,1818,321
1083,446,306
1027,288,103
0,0,416
1487,0,0
891,365,0
596,282,59
1405,0,236
612,267,117
0,347,0
1803,796,551
0,646,270
743,236,144
1438,727,96
207,95,16
0,309,0
0,0,49
0,486,117
49,21,16
864,157,0
2408,496,330
2487,913,168
2378,1055,688
2369,0,548
2501,0,440
2816,1564,587
552,159,95
1451,634,126
342,104,100
752,296,193
165,81,29
700,239,218
856,361,240
1772,689,372
2688,1790,675
1682,569,0
0,490,361
648,310,168
949,321,144
2940,0,0
487,248,74
2539,0,270
1165,463,329
2687,1323,293
2598,843,273
215,98,0
383,0,0
592,240,117
0,1895,0
1913,604,475
1283,397,297
2877,0,1070
1639,634,293
643,287,107
996,0,186
1306,527,178
1645,425,495
2232,935,394
289,157,59
0,1395,382
945,361,261
1481,1006,154
0,1942,0
1021,513,280
1363,446,440
2791,0,239
1568,0,0
1223,457,115
1825,489,143
2302,0,693
2453,1176,253
2224,1119,210
1745,968,129
2081,321,564
0,565,186
1196,559,141
1667,749,302
0,467,611
1055,296,400
1738,0,266
2847,1400,828
1386,537,0
2419,1238,678
1239,435,284
2709,1042,0
1505,524,587
277,65,51
3117,2075,0
480,174,47
2050,759,669
1513,852,494
908,384,199
0,869,0
1165,0,92
555,159,154
765,326,47
1849,836,299
552,224,47
1174,433,0
496,171,73
228,131,38
2531,911,219
2863,1599,899
2506,1083,1072
0,1083,1071
3041,2273,374
2798,1861,926
767,0,264
2002,589,229
2029,771,183
0,0,911
270,0,0
1222,528,317
0,663,307
230,146,75
254,43,26
0,485,341
1958,791,0
1586,748,124
2084,477,636
2764,0,172
1960,0,865
955,397,0
0,0,9
888,346,63
0,1043,204
1647,583,292
1949,853,449
462,188,0
119,64,34
889,379,173
2694,1280,687
996,0,236
0,717,98
111,0,0
2018,631,0
0,79,27
209,0,0
2777,1462,828
1328,656,0
1449,806,462
1594,773,474
176,100,11
1645,848,518
2190,800,0
2583,1344,294
0,403,223
0,0,80
0,955,0
2601,0,701
356,209,32
0,0,363
0,1698,457
2005,1071,234
551,231,146
1051,0,97
526,269,71
1680,0,0
1249,638,236
2488,0,238
1548,301,211
1751,665,387
545,228,46
3001,2125,334
997,268,374
587,0,0
3130,1753,684
1535,599,117
1425,444,184
3097,0,370
135,0,27
438,180,0
1216,403,160
0,1210,0
678,0,51
1342,0,0
0,1069,698
1657,711,0
0,59,24
1505,0,404
1276,0,484
0,153,69
3333,1609,0
1552,526,0
0,224,101
0,124,67
1776,0,306
2481,1495,193
1426,875,119
549,0,0
2717,0,231
1403,0,253
986,293,0
924,275,76
1421,612,98
158,63,50
134,55,35
2265,1600,801
0,493,265
0,1082,0
2147,0,0
409,174,33
676,322,50
0,293,0
449,155,82
0,372,0
2775,1258,610
1377,566,348
0,0,449
1979,745,0
1735,871,0
0,285,173
0,572,333
285,74,93
2518,743,251
1878,0,0
2653,1448,269
0,463,288
0,102,19
933,374,115
1798,396,495
130,54,12
1965,1192,188
1594,0,303
1236,491,280
2072,759,247
2547,686,249
1370,416,215
2556,980,557
621,250,62
748,174,0
835,0,116
2770,1553,230
0,874,121
154,84,0
0,0,122
2933,0,620
948,0,0
1985,1088,404
0,0,35
1722,0,555
493,204,97
273,136,49
1876,589,358
37,9,20
2203,0,511
1660,392,287
119,53,10
768,237,147
251,89,46
155,49,0
576,0,102
723,370,0
1213,338,304
0,372,420
2429,1528,481
2582,861,268
1945,612,353
0,271,250
1664,825,209
827,472,107
2091,0,0
0,415,160
85,0,14
805,0,146
2857,0,0
2327,693,0
3067,1879,1071
0,441,79
0,1304,177
1382,583,359
250,107,55
0,0,304
0,340,116
449,0,0
1853,432,0
2163,914,400
2797,1322,332
3246,0,0
1765,920,0
2099,0,652
0,857,193
2530,797,231
0,847,577
1220,590,338
2884,1361,294
2741,1285,277
0,1123,188
0,123,240
2851,1746,830
654,153,0
2118,0,421
0,523,0
2411,703,779
1823,0,310
1812,813,0
38,6,5
2765,1557,847
1704,695,0
2440,1088,636
66,26,14
1042,511,0
0,1909,0
2155,0,383
1169,507,321
1215,0,0
2152,829,693
626,195,91
2131,664,642
868,306,214
1075,0,324
926,345,301
57,0,10
498,182,32
678,209,0
566,179,119
0,1352,178
0,0,75
0,0,379
1802,735,332
3182,0,1010
1020,303,112
727,0,75
694,0,181
1683,676,416
0,0,289
1277,475,372
2416,1178,537
1819,757,297
110,16,21
2557,0,0
2369,1354,182
800,0,169
1174,0,373
0,0,52
53,15,3
353,212,0
216,0,14
0,0,239
0,198,119
1773,646,373
0,832,541
438,0,134
1969,1025,0
2479,0,675
626,232,0
1323,0,279
107,0,17
2813,1234,214
1929,723,0
839,390,101
1163,299,162
0,692,758
1849,585,359
0,153,108
1598,775,351
0,1862,1288
0,816,539
1795,610,552
0,1060,0
911,312,203
0,1398,0
643,224,111
400,0,74
1538,0,0
1080,504,101
0,0,226
0,1219,580
698,275,0
2760,1182,682
590,224,128
2170,958,554
2238,876,678
311,146,23
0,477,666
584,177,75
277,0,52
0,485,0
0,0,207
1996,1009,678
2940,1612,300
3314,2021,310
660,280,49
0,1436,327
1132,0,113
1859,0,205
3025,2172,390
0,495,0
1419,301,0
2524,572,284
2496,733,294
1003,440,0
1929,1097,766
1264,362,76
0,664,614
751,288,279
866,376,335
2231,1000,654
523,210,142
611,209,125
1641,0,180
2780,0,474
1490,660,380
2002,530,137
2572,0,256
1249,0,0
434,211,90
815,514,114
1550,756,209
2731,1777,227
1079,0,219
86,0,12
2751,1594,250
3157,1903,1025
0,1369,705
413,0,0
0,63,45
746,129,151
1552,639,450
2528,1191,650
0,53,30
329,102,0
2566,1082,0
165,66,0
126,0,31
0,0,244
0,0,46
0,1778,354
1583,608,145
2201,840,538
1176,0,0
1297,623,0
1611,308,475
1301,251,370
310,57,0
1963,1269,297
1265,388,0
1064,533,259
0,0,210
97,28,17
927,0,281
0,480,191
530,189,0
1332,0,0
2714,0,290
1149,533,292
332,144,45
948,0,302
659,195,0
1074,384,141
0,0,254
0,0,20
2850,1102,0
2390,752,225
795,297,0
0,175,147
2517,1127,652
879,285,60
2629,0,447
298,78,17
233,59,0
2971,1444,191
2035,1018,631
1487,0,315
108,56,23
2410,1795,522
684,0,86
0,589,128
2546,0,693
282,123,56
269,113,62
1264,334,0
0,1248,274
108,33,18
1243,298,315
2954,0,301
1686,0,167
1110,0,0
576,286,71
0,659,186
465,0,98
459,0,97
2888,2365,400
3265,1940,1043
1347,570,214
0,0,82
2130,938,183
431,179,40
809,232,68
1856,1009,232
1398,303,391
0,843,360
1456,453,310
0,223,45
3105,1789,0
1338,816,0
0,395,0
2081,754,163
81,40,10
1050,339,102
2527,838,164
1618,547,431
1967,976,0
154,0,45
113,59,41
91,49,0
1417,727,0
794,0,0
0,1270,374
2413,1245,170
2058,517,616
2779,1972,0
1734,650,0
2304,965,531
1215,458,328
2260,1015,215
2859,1769,669
2095,1131,347
1119,556,173
976,575,174
2667,1363,548
0,0,337
1684,524,569
1604,961,430
0,0,742
0,1253,494
1779,755,126
997,0,59
1346,534,168
948,420,0
398,114,55
0,0,96
465,111,0
3095,1324,247
2462,0,716
0,2031,1444
1824,1105,121
2969,0,791
403,0,64
2698,1337,215
1242,0,85
0,83,0
1705,826,118
640,219,184
1053,391,225
1979,1058,162
0,0,37
221,85,0
1307,523,206
0,1404,231
323,161,32
1885,0,429
2411,1304,916
2122,912,625
153,0,22
1337,507,0
649,202,68
1917,568,608
759,357,109
736,355,108
1218,0,0
1763,818,513
849,370,254
914,448,259
105,46,19
2537,1456,0
756,417,225
0,0,285
0,683,588
1222,354,242
479,264,0
216,132,51
0,544,360
0,947,210
279,0,47
76,32,19
1703,795,347
2958,0,1013
2171,1266,183
0,424,96
452,202,35
527,0,61
1650,805,206
3111,1678,295
1479,527,0
125,56,9
131,58,13
2825,1404,301
831,300,85
571,183,61
1488,518,171
1233,0,125
160,68,37
2753,1338,228
2670,1825,274
2144,0,0
2641,0,572
771,304,55
0,667,119
0,0,648
0,843,830
1998,0,382
0,107,40
0,0,76
1753,553,198
969,394,0
1381,375,0
2764,927,800
1139,502,294
0,0,103
0,1134,454
0,678,655
2498,1338,0
2338,947,200
883,358,72
152,38,50
2022,771,405
2425,0,414
2915,1524,609
273,122,0
0,746,98
2266,1457,0
0,1401,0
2451,1643,196
1658,677,140
3143,2034,886
1222,362,191
2168,1118,609
2864,0,0
560,86,0
180,0,28
287,64,0
1891,698,453
1389,492,333
869,244,63
2035,739,208
2955,0,852
2885,1858,0
2392,1004,227
125,56,39
1555,700,328
0,546,133
2027,0,223
1016,194,257
2815,0,214
2316,1423,0
385,112,71
272,95,72
2499,626,233
194,63,27
0,909,165
0,929,588
57,0,17
0,913,571
117,32,19
0,1781,726
1366,233,410
523,0,73
0,0,78
470,202,43
380,124,35
2394,869,0
254,75,19
963,0,94
904,362,0
0,722,0
1781,871,507
1794,671,116
1457,783,246
268,83,17
1782,567,0
1331,624,0
1841,564,324
502,162,0
875,512,225
0,2100,0
381,157,75
1246,0,107
2115,816,181
0,155,98
0,1328,0
27,10,3
2585,2055,238
404,177,42
1718,0,0
2934,2585,403
0,855,432
459,162,113
0,0,187
0,420,399
1135,0,0
1853,761,496
3183,1859,0
0,406,0
0,479,138
1209,528,89
413,199,20
796,329,69
1208,219,326
0,1951,719
194,65,24
0,472,394
2937,1540,414
2622,1465,0
0,585,602
1938,768,584
2533,915,426
2795,1387,0
0,1566,681
0,121,55
2125,0,450
2771,588,950
278,127,72
1170,533,296
1545,0,0
2657,1087,270
1839,702,515
1466,569,397
373,133,118
2798,1565,775
0,82,40
419,176,88
2052,673,0
2945,1549,493
100,29,14
302,0,112
0,186,0
2412,0,645
1164,382,312
1324,403,352
1510,614,0
1136,453,450
374,161,163
0,1210,552
1392,802,373
739,408,179
2123,0,184
1167,292,123
364,67,33
2763,1010,220
1176,0,325
0,335,212
526,183,49
3140,2119,0
0,80,86
277,0,58
964,589,78
522,290,0
442,299,38
0,0,704
1298,0,0
1012,422,50
0,171,49
0,1072,0
1424,0,462
1333,520,86
2204,955,448
0,1820,591
1543,937,0
113,29,0
0,654,338
1549,629,104
1467,599,0
633,378,36
0,1082,1216
2857,1553,691
811,0,178
0,1634,264
3226,1446,229
189,40,0
0,792,418
2119,1223,783
2849,0,464
0,444,321
628,180,0
1512,881,185
971,554,115
541,327,70
577,228,45
298,142,0
0,991,441
3060,1254,0
1661,951,506
2670,0,658
2286,932,0
2588,1334,837
1331,747,225
1303,350,228
2243,1035,582
1636,1056,316
0,391,214
2793,1175,0
0,1365,0
135,74,0
1988,819,0
1552,792,146
2677,1441,256
736,309,76
496,259,54
1051,0,121
2673,1161,242
0,0,26
2754,0,188
3029,0,329
1834,880,358
0,55,34
1159,406,89
1594,0,0
2670,1005,627
2399,561,429
0,712,0
844,326,170
337,0,126
2657,1073,0
1092,440,276
0,88,0
2347,1290,386
2052,770,181
2146,503,409
3111,1644,525
2118,1526,192
2969,1816,275
2582,0,412
771,496,54
603,349,45
59,8,3
2623,1292,223
1286,558,122
298,0,48
259,59,40
276,59,65
0,1106,176
2375,1061,427
1956,0,0
1112,335,74
3239,1741,895
0,1747,258
1146,406,84
757,287,75
1107,0,0
1452,642,0
904,0,53
2001,713,430
2479,1202,0
580,182,166
2359,953,440
0,0,298
1095,0,84
657,0,61
2615,1230,835
655,0,83
2919,0,759
672,0,0
536,169,69
2925,1646,613
1635,327,473
2562,882,0
0,94,41
1845,931,268
1184,597,187
0,334,81
0,148,0
1980,904,236
0,0,467
2625,763,336
1420,489,440
0,857,0
3417,2452,0
1686,626,0
0,1094,0
817,0,119
2182,0,200
2088,1065,545
0,0,243
0,371,265
980,0,309
0,472,384
2075,0,383
67,15,0
451,247,44
0,168,39
1609,777,118
1427,371,301
458,71,35
2375,1266,571
1320,550,0
925,206,208
3093,0,646
2874,2014,657
911,320,87
0,96,62
0,0,128
1638,427,0
252,0,0
2765,0,419
2832,1469,828
1506,672,88
1579,0,419
0,0,116
2710,1179,724
1934,0,328
1584,0,206
111,51,19
0,149,0
714,356,0
434,218,43
0,377,348
1411,352,0
1689,562,145
1750,677,228
1738,0,159
1599,572,458
2289,1161,586
0,55,127
1892,899,99
542,174,0
0,1749,676
1108,553,0
0,0,468
2693,0,179
1935,408,602
0,919,0
1371,798,0
2118,1023,0
372,202,55
2311,0,366
2046,0,0
1574,615,0
0,524,263
0,393,98
239,0,18
207,68,42
666,238,93
654,308,120
2161,1088,398
0,38,9
2914,1771,551
2385,1436,410
0,335,0
100,0,12
1934,0,569
2228,567,584
2460,791,693
475,0,90
1753,961,413
0,341,0
2186,637,454
1750,1044,0
1919,0,0
1682,0,230
696,0,215
2266,977,0
1161,552,67
1105,425,72
321,0,67
153,93,26
0,205,48
0,0,528
1645,818,359
2166,818,184
1032,293,74
1564,0,295
1514,560,393
0,2012,0
1327,0,264
1815,568,418
0,1122,406
0,497,168
2014,0,87
2809,1278,1017
1109,415,110
493,165,49
616,0,0
2473,870,478
2408,0,471
1787,859,361
1843,835,456
1659,599,391
2269,1180,246
431,140,41
0,777,629
2577,1086,0
838,157,217
2963,1301,583
999,449,174
1313,538,176
3175,1293,545
1569,740,390
0,1543,789
1932,970,0
2116,860,0
0,757,414
1044,278,286
726,219,56
2865,1292,0
484,215,132
1423,444,268
0,235,138
440,182,78
0,1269,391
0,0,88
0,165,0
2055,1326,231
2578,785,994
0,1279,0
1803,0,144
0,56,0
2312,810,151
0,1549,287
2620,1967,0
2790,0,686
1264,603,208
1768,0,0
2549,1100,567
2032,0,673
123,84,0
1426,300,0
1376,588,270
93,0,25
0,234,102
1796,689,315
821,206,48
2120,831,0
0,800,0
1708,423,465
2902,0,433
1078,601,68
236,0,21
208,61,11
165,39,11
688,0,0
782,0,106
1083,326,223
271,0,64
1976,1585,129
2742,1560,321
1976,885,416
112,42,7
949,380,97
0,335,88
2393,0,586
1468,955,249
0,0,56
0,659,391
180,66,48
1037,458,214
0,380,226
1229,0,108
2467,940,0
0,0,254
546,226,41
339,152,38
937,325,0
0,170,264
1724,913,111
924,511,125
2035,573,339
1027,0,0
1785,922,140
1988,884,274
2156,906,0
30,5,6
0,688,394
444,207,137
1296,455,150
2627,1289,633
0,442,79
923,302,0
0,229,356
2682,1392,561
1609,790,0
2090,0,155
1298,391,301
1818,682,550
118,37,5
2189,0,629
840,360,0
0,28,41
0,0,245
3222,2457,514
2614,0,226
575,206,133
2664,0,178
1124,528,305
0,0,79
0,222,0
221,73,15
1710,661,490
1031,447,90
1093,172,290
2040,1298,375
1973,874,149
0,520,104
1056,272,0
291,150,27
2539,1288,581
3015,2082,0
202,0,0
1952,0,0
2796,1789,248
1793,421,189
0,230,94
2817,0,392
2796,1517,835
833,376,61
740,335,186
2822,1202,243
2914,1200,786
2164,945,195
459,88,95
2597,1582,305
1377,427,259
1892,0,0
845,219,186
1974,0,266
0,142,34
787,390,53
1317,456,320
3032,1318,747
75,23,0
412,117,100
723,145,52
0,0,25
480,0,0
194,57,13
0,57,0
0,894,0
1372,527,395
1839,0,473
0,520,0
2409,806,150
478,196,63
65,25,12
1979,0,571
0,842,147
1578,0,454
2991,1447,751
1934,0,454
0,820,451
0,223,125
1741,0,459
0,544,159
0,517,144
2181,1095,0
2446,641,708
2040,0,507
802,375,207
608,222,43
0,0,34
0,0,61
1892,639,497
183,97,39
558,240,154
1694,918,0
2609,967,523
1803,998,257
550,221,82
0,0,66
670,161,0
0,155,103
493,142,127
271,65,51
617,250,64
0,0,388
2150,864,168
0,278,155
0,0,213
95,57,0
1047,287,163
1139,493,195
1940,666,166
0,554,0
2845,1163,261
2664,0,0
3398,0,1188
837,0,58
2590,0,499
1187,0,0
746,392,159
335,95,100
349,134,17
352,191,49
1341,354,398
0,1117,556
237,67,29
0,875,142
1792,0,336
380,125,0
0,530,141
2090,1196,449
868,216,208
523,123,122
345,93,86
2294,741,275
70,45,4
1204,0,61
1186,529,256
575,262,0
1322,589,0
1085,337,0
3024,1440,0
2018,0,0
2098,941,439
0,34,24
1599,780,372
0,1590,866
899,280,177
807,212,180
1037,289,229
0,556,154
1698,540,411
0,0,29
1131,295,348
0,1253,0
0,74,112
338,53,0
1040,351,118
3044,1469,0
1186,454,295
2175,1258,609
1229,769,322
946,489,287
651,323,144
257,144,63
0,488,98
2358,0,236
1740,0,294
2667,1204,509
1782,1095,266
800,212,0
3049,0,1038
1447,748,109
0,211,0
2042,848,186
1446,634,0
596,214,69
0,821,0
1938,940,142
1274,443,96
2838,0,312
0,1642,921
115,0,27
1996,661,301
0,1760,0
1207,0,254
2626,1732,565
0,375,0
1965,0,305
418,100,117
0,506,490
1638,591,304
2214,996,664
1805,0,250
2274,765,0
2825,1268,1005
2876,1875,0
2277,942,605
2732,1674,0
1073,357,308
1475,539,264
493,132,0
930,454,0
692,362,90
2331,1304,247
145,83,13
1188,548,227
2784,1979,508
2048,791,214
1154,463,282
1274,0,0
1811,695,0
990,0,0
0,996,474
50,20,6
2840,1401,508
304,123,0
0,178,119
0,1867,870
0,0,293
532,184,78
0,338,173
563,240,0
1855,1007,246
0,1002,521
0,0,97
743,276,0
305,0,88
2055,812,277
0,0,187
1436,391,191
2331,0,589
883,333,137
2988,0,688
1716,849,150
2468,1290,590
0,242,408
2665,1391,519
2465,990,0
1575,765,210
1333,375,335
551,163,129
782,0,0
333,90,86
275,73,0
2148,639,274
2496,0,717
1014,324,274
0,31,48
2317,1014,668
0,0,744
2081,1151,260
2323,915,0
0,560,213
1465,685,128
2491,1521,197
0,968,420
224,0,52
0,0,235
2690,1510,0
1619,613,134
0,0,107
1266,542,0
0,325,155
382,184,96
285,141,59
0,0,238
369,81,104
0,2326,601
2421,1542,491
0,0,180
1248,612,137
494,226,42
1447,477,96
1938,1309,157
1411,469,406
1124,534,0
1255,601,382
1130,350,301
2787,0,0
1422,415,163
1547,500,236
140,37,41
42,14,10
1416,400,0
556,170,133
1058,237,236
775,313,0
1551,671,124
789,259,69
1155,0,150
1953,780,471
2716,0,0
2431,1726,0
1309,0,179
0,709,524
1216,493,0
2933,1621,0
0,852,178
461,64,0
2297,0,545
153,0,0
1001,564,224
0,0,245
1541,590,291
992,0,201
549,160,90
0,0,46
0,7,0
137,24,0
1749,665,344
0,776,668
1164,0,309
0,219,195
491,156,0
0,677,448
1036,409,271
878,340,263
0,94,26
309,0,43
1507,667,403
770,280,147
2447,1346,456
995,281,240
2262,0,0
0,102,0
1232,253,231
0,1167,195
1437,0,172
2020,633,225
879,346,232
53,8,12
1885,674,568
0,687,260
818,334,125
386,145,29
2586,1269,799
2922,1908,1194
1187,442,91
2252,942,422
1019,703,0
505,163,119
381,156,53
1559,668,121
0,78,76
1706,0,424
1128,288,260
642,0,0
1423,816,74
0,1370,710
2879,0,0
1643,364,485
1515,426,404
311,66,0
803,308,0
1817,698,358
0,74,0
1666,688,228
725,207,186
695,204,167
125,25,33
2740,1756,174
0,152,77
1528,532,281
0,0,531
1607,840,147
1074,411,145
1002,395,150
147,101,17
2426,770,657
2472,620,0
2862,1536,871
2284,912,635
1638,619,449
1222,0,255
702,233,154
0,1016,495
2397,0,354
2435,727,155
1433,413,0
1238,0,0
0,645,102
722,0,0
2428,936,230
1548,615,141
880,321,0
39,21,9
0,245,0
0,0,36
1708,761,194
514,88,99
2856,0,0
520,122,120
987,383,375
526,168,130
0,366,0
395,0,91
516,247,0
0,1536,264
1298,587,117
63,15,13
0,2186,0
2726,1513,592
2054,0,425
2251,797,373
0,0,443
0,634,208
503,209,0
905,0,0
1702,519,242
2552,1571,343
0,0,19
0,1434,0
2307,934,596
210,92,17
0,1600,0
346,147,38
1533,627,393
1146,343,201
1062,319,190
84,24,11
2426,0,248
1627,939,0
1970,1033,0
1452,670,319
2900,2330,0
0,384,116
311,122,63
1380,663,0
28,0,3
1174,646,294
2600,1049,582
3028,1908,796
2168,0,0
1428,561,0
0,0,109
992,413,63
210,65,13
782,348,50
2431,1220,332
1405,530,342
785,0,181
2455,0,642
2045,977,153
688,0,86
2487,1310,0
1156,144,0
2570,1483,532
2494,0,205
127,54,17
957,440,129
446,218,56
1950,471,484
23,5,9
354,166,82
2492,1045,0
0,1854,0
2449,1491,235
2665,0,187
467,231,103
2546,1557,202
2417,1357,541
1174,455,188
2525,969,649
0,0,338
2139,461,595
1034,356,0
521,346,70
101,64,0
832,155,165
360,80,0
2683,0,532
1687,0,138
402,83,0
2555,1291,271
2020,0,137
2375,1669,217
1529,0,331
478,188,0
267,131,77
229,53,66
2034,0,662
1655,621,433
2650,1636,338
1119,398,121
1469,434,205
0,305,270
994,402,260
253,0,62
512,46,66
1858,437,499
216,0,22
1799,863,0
2041,0,96
1532,395,310
0,455,398
2665,1053,0
0,886,0
2920,0,455
2567,1178,491
818,346,138
594,290,166
0,1063,237
0,801,582
1770,826,449
1674,388,490
2086,0,470
1885,963,255
119,28,23
324,104,87
2864,1422,1003
660,0,63
335,53,119
2007,978,455
2009,947,117
2010,788,218
1746,583,545
1955,626,603
0,0,18
133,48,18
2514,0,289
1238,324,122
1807,689,180
2402,832,186
2701,739,738
1976,982,0
2613,1609,0
0,121,59
96,0,4
520,129,0
611,208,155
923,387,95
1294,572,0
1037,388,317
1501,480,353
332,119,113
838,255,166
3075,1654,528
829,0,0
2638,1277,476
960,174,222
2284,0,513
3053,1391,203
1157,0,257
1191,430,175
2160,759,445
870,259,233
486,0,113
458,142,33
1280,0,135
65,20,10
78,30,16
989,0,214
858,185,182
1730,674,0
1937,760,127
0,0,33
197,0,51
1531,573,304
0,1301,0
2135,701,545
162,0,29
1022,393,93
3082,1665,922
1420,581,433
2101,850,381
2497,917,171
1297,600,0
2436,818,0
363,0,0
857,430,122
2426,970,562
0,507,91
1498,0,0
601,271,0
897,474,83
291,77,31
1219,455,149
349,240,44
1915,826,709
2648,0,0
1731,742,312
475,151,98
2556,0,0
19,8,0
17,6,0
2493,1618,306
1602,0,285
2734,2295,373
327,0,61
1421,672,247
0,644,167
378,0,0
1476,668,477
254,63,22
1290,0,366
916,327,0
202,37,46
865,412,43
0,186,74
1734,632,455
3003,0,1000
2279,0,0
0,804,194
0,500,339
1375,472,326
936,303,193
1838,1027,175
2544,1444,369
2415,1185,515
2630,1735,622
2136,1202,500
2699,2055,477
1114,0,270
457,149,0
520,210,88
2401,804,291
0,385,344
0,1212,525
0,0,531
0,509,330
2347,0,703
0,478,0
2834,1598,300
0,0,656
746,287,58
1083,413,256
0,0,3
1115,385,260
814,195,0
1610,533,392
0,316,89
397,0,43
1279,0,95
653,78,166
2616,1025,217
562,0,69
0,0,150
2258,640,246
0,473,92
0,109,104
848,214,210
45,17,9
0,702,255
2031,969,631
2069,997,0
1642,0,419
0,1262,0
1971,0,323
774,358,0
746,351,149
1920,941,119
972,527,181
0,0,272
2392,929,668
463,308,82
2373,1075,164
2555,1377,476
0,169,31
756,300,124
0,794,927
1787,1044,387
189,87,0
1314,667,238
2924,2262,458
0,816,119
2486,1126,323
0,1598,202
290,44,27
1123,418,286
0,0,234
682,259,0
0,102,0
2431,1000,189
1061,0,151
646,0,70
1673,621,207
2218,790,199
825,241,0
0,1201,0
1950,609,173
1761,624,132
2062,703,0
1334,411,304
156,30,29
0,381,275
1684,0,331
875,270,221
2367,1193,0
3029,0,407
0,107,185
756,264,164
2781,1406,476
1659,743,437
667,174,184
0,166,178
447,213,109
888,245,238
0,290,350
958,473,206
860,537,0
2063,1809,0
860,167,122
424,0,89
189,76,22
611,0,0
0,145,86
0,1438,0
278,89,0
2559,1051,411
2017,727,566
1158,0,85
1670,842,557
2613,1436,206
190,70,0
1523,443,67
1495,633,0
1254,0,295
1584,0,398
0,1183,539
93,0,17
132,47,22
2653,0,0
1547,616,210
273,112,0
210,79,0
0,211,143
171,46,44
2853,1824,417
2734,1585,391
2202,1211,0
2657,0,610
2894,1395,0
2914,1692,974
2277,823,513
0,0,840
370,82,96
2253,1218,0
2317,0,605
1001,323,227
702,0,0
129,41,18
1656,532,0
1617,0,0
1689,724,0
1763,713,0
1531,443,0
3127,1649,0
2126,974,214
0,567,186
873,450,151
1685,0,265
0,4,9
1492,0,453
0,0,410
377,0,40
418,215,0
2305,1295,210
0,367,267
0,0,398
1808,771,114
304,91,60
0,1767,427
2497,887,869
1292,500,227
1278,526,114
486,253,0
2315,1126,0
1490,0,105
349,175,0
344,0,43
2543,1341,270
461,231,69
183,0,17
115,29,8
52,0,7
0,1720,361
0,885,261
535,197,76
2458,965,854
0,1451,618
942,453,158
227,106,0
1918,1052,556
1304,446,99
2237,0,177
1819,653,188
1491,414,216
2004,950,423
2278,872,219
2502,1616,228
2163,0,436
703,199,170
2489,1103,0
1647,676,600
1127,499,159
888,255,251
0,253,250
1385,349,101
1106,378,195
234,129,36
2536,1026,622
761,347,94
3023,2217,557
917,298,262
0,631,366
0,1491,1005
2960,1578,195
2557,1375,634
413,163,0
459,0,57
488,144,106
867,417,168
1785,765,522
267,99,31
92,22,13
0,325,131
1168,406,73
0,1203,279
1998,1329,198
2816,0,435
2696,0,511
2407,855,235
1676,707,0
0,621,248
1792,662,417
0,601,0
2952,1603,1026
1344,0,376
3113,2115,0
2395,1214,202
409,124,0
2787,1762,291
2090,298,477
842,0,95
570,211,53
552,204,53
311,78,54
1161,0,123
219,54,0
154,28,33
0,117,51
1566,0,417
1292,0,0
0,199,0
2801,1677,670
36,0,10
1092,494,272
2019,1223,431
273,122,0
3270,1266,235
1868,706,177
413,144,0
1965,629,177
0,0,86
2112,1021,0
128,0,30
1007,0,280
2669,1627,694
0,687,504
723,569,68
0,764,146
1014,417,55
612,273,0
1075,556,0
441,143,0
2241,573,664
1971,890,0
1957,769,0
2401,412,377
2551,676,0
1491,657,0
199,98,46
1086,508,168
3024,2414,405
1389,0,101
1771,998,451
2870,1136,0
2764,0,297
704,202,58
1197,340,275
2065,1325,215
161,48,40
2395,1184,600
573,0,57
772,239,163
2525,1333,668
704,312,68
423,0,118
1542,521,381
221,109,38
0,932,0
1910,538,531
1402,412,206
2032,710,244
1982,988,264
0,963,226
482,0,57
397,89,0
2568,1071,187
332,98,51
94,22,12
0,1606,0
0,716,117
640,262,120
866,356,0
2733,905,260
1208,345,65
669,0,132
345,0,0
1069,261,255
2732,1213,268
862,394,75
615,315,46
815,263,243
2578,0,426
0,1525,416
1574,0,0
1828,983,462
1519,492,169
1609,312,321
742,0,193
1011,513,0
451,408,0
324,74,0
1217,672,293
464,83,128
783,332,191
1321,608,200
701,276,121
0,332,79
1190,583,67
1197,431,351
222,67,10
2616,1080,0
1945,752,0
1812,0,0
0,1386,0
1176,620,98
2120,1006,143
2426,703,178
2992,1795,0
2475,1203,718
2706,1759,872
0,255,0
691,332,102
0,1075,624
609,294,103
461,0,30
0,1404,655
204,0,0
1213,587,140
627,171,203
0,0,131
2970,0,0
0,143,139
2567,1471,334
0,304,115
160,55,25
0,249,90
1391,768,115
0,41,0
0,1474,618
0,0,32
0,10,7
101,39,0
2226,896,453
1946,805,393
2138,0,180
1031,350,0
1772,0,664
2467,1597,781
1276,387,306
2567,1305,770
0,981,0
1570,0,0
2626,1234,685
1664,505,396
880,0,89
1132,353,0
74,21,11
1214,562,0
2704,1146,399
1573,408,517
330,153,97
0,986,301
2224,0,0
1604,0,250
1571,612,162
2878,1392,516
1781,0,458
2321,917,642
1114,569,320
0,0,879
1644,905,273
969,0,198
0,1174,0
682,198,0
2427,1632,329
2441,740,856
0,0,110
0,603,99
2344,796,170
471,214,0
1331,498,139
0,1076,0
2158,1165,0
0,163,70
69,0,8
0,517,141
432,179,63
1323,336,290
1675,742,420
1754,696,121
2277,1192,584
2626,1622,348
1788,0,169
1324,0,201
650,0,137
1651,674,313
0,456,125
0,0,72
483,200,53
2791,1962,216
0,54,60
1994,0,368
432,0,48
2023,838,0
1546,606,544
0,0,69
1229,616,123
1402,634,192
0,189,0
1172,280,322
107,35,14
343,173,0
195,0,29
2025,1013,208
1126,352,272
0,130,127
3070,1301,0
110,69,0
2770,1549,0
827,355,86
367,0,0
397,164,0
2300,0,704
2760,1043,0
1749,0,244
2248,1448,350
2454,1500,387
1901,568,120
1690,756,338
2663,2056,427
312,144,79
2182,768,0
542,282,0
2155,1116,432
0,0,308
2740,0,994
979,0,0
2230,828,586
895,329,0
1567,988,302
0,14,18
3005,2076,682
160,53,36
1552,251,362
0,80,33
900,0,102
219,138,0
1467,600,350
0,176,0
404,0,0
418,175,52
2922,1255,922
332,138,0
0,342,156
1443,528,499
1989,1016,445
2149,1025,560
3018,1909,545
0,0,15
473,131,0
0,293,0
2253,0,0
0,0,215
732,275,119
1056,423,312
0,520,83
2736,1742,0
1582,577,0
2646,1867,244
0,57,0
1682,835,169
731,0,125
724,236,0
0,889,973
128,0,43
3114,1782,0
875,352,0
122,45,31
753,307,192
1932,272,0
0,608,697
304,168,60
890,0,161
3073,2041,447
195,58,0
17,0,8
48,7,16
130,40,33
3085,2345,0
1918,1005,264
1567,817,128
2206,1356,555
498,229,117
0,980,334
3064,1541,268
1104,404,270
2405,0,579
2272,1179,630
836,349,110
2240,852,615
172,0,28
2090,0,163
1792,0,0
2587,916,783
1843,1142,227
1453,696,203
1990,952,256
2556,1230,199
3064,1874,392
1174,613,170
0,71,70
0,0,175
1890,738,166
323,122,34
0,631,237
2489,1059,488
479,191,38
1561,424,0
2579,923,260
845,278,0
1051,0,0
2457,0,353
2904,1909,504
234,74,43
2166,1228,257
858,323,104
114,0,0
744,286,0
1578,319,0
0,284,0
3281,3041,430
936,0,194
2088,1009,496
1291,582,214
0,9,9
745,123,0
1658,0,483
1684,463,0
2854,1263,955
870,412,251
0,1552,729
1848,657,533
688,396,0
0,1218,217
1250,376,113
1278,384,375
2857,1779,0
2488,1760,824
284,83,39
0,22,28
286,147,41
532,0,47
1968,0,435
836,332,184
2817,0,611
3136,1170,0
279,80,58
3031,1890,0
942,401,77
1972,0,331
972,228,227
1600,509,140
0,0,10
0,482,0
922,0,0
626,0,138
698,232,95
0,1242,181
141,71,39
155,66,0
2569,1552,599
980,223,284
267,76,83
0,293,70
277,96,0
0,1192,1074
1002,0,185
2995,0,851
1798,874,0
2689,930,0
0,1186,616
2403,924,557
469,182,50
0,837,580
2714,1045,337
2057,846,296
913,310,176
1217,464,117
1421,705,465
2594,1029,289
963,404,173
2590,0,299
1079,402,190
2697,1435,424
1586,815,307
1155,0,332
468,189,77
669,238,170
511,0,55
1463,431,296
0,672,372
1655,0,271
0,649,380
1711,756,303
753,344,0
1751,0,373
341,0,56
1658,0,182
168,0,34
1951,608,0
0,648,0
1405,561,0
44,0,0
1650,922,175
3013,1671,0
331,0,0
2166,912,687
0,938,412
282,71,56
2956,1547,819
668,0,57
778,315,51
2159,1174,475
0,549,85
936,248,115
1003,378,197
801,0,190
1930,0,0
3029,2122,0
0,168,180
44,0,7
1386,678,210
374,171,0
534,0,87
385,132,101
532,0,60
102,27,0
78,20,9
560,157,129
0,507,0
1816,618,194
1545,0,194
937,373,262
788,355,133
454,139,107
2758,1527,294
2976,1472,1023
2526,0,543
1773,0,366
789,210,81
1733,557,120
2638,1551,367
2819,1594,466
138,52,53
52,8,7
2308,0,478
1151,287,270
2778,1137,223
2610,1932,434
0,0,249
769,0,160
197,59,23
1984,0,513
1297,416,0
85,0,13
234,52,0
2774,981,257
869,288,210
2804,1604,0
0,713,0
2171,860,530
2965,2275,703
1882,730,167
658,162,134
2580,1325,0
1628,393,136
1136,176,275
0,0,127
308,0,0
2227,0,483
591,197,159
312,171,27
2660,1046,938
204,74,13
2004,0,489
408,217,93
1676,0,384
0,746,397
2680,1674,490
2871,1086,253
0,593,350
0,296,177
1513,484,173
1361,447,155
399,132,38
359,51,106
0,532,228
0,625,350
1148,0,220
591,232,0
0,804,527
258,87,0
946,339,0
0,1621,553
1128,0,271
1499,787,0
1282,901,0
0,1480,665
39,0,0
1951,0,159
655,0,76
3060,2185,533
513,170,144
0,0,19
1377,673,335
328,141,77
1709,563,274
0,103,98
2818,2000,373
656,344,48
157,61,18
154,0,0
2733,1111,364
0,1155,296
680,381,0
682,374,44
0,101,63
1767,792,494
0,28,4
1827,622,447
0,937,710
1116,393,80
0,642,642
1236,385,300
313,0,0
0,395,0
1796,0,187
1334,350,171
3032,1393,246
1084,535,126
199,83,0
885,0,105
351,0,35
1505,595,107
1436,581,97
0,34,10
2188,1054,293
845,335,169
1747,843,348
1445,629,0
0,232,0
642,222,174
607,211,167
0,587,143
1557,634,151
760,0,59
0,378,168
723,0,174
2670,0,240
2177,0,318
1917,0,191
2637,1408,449
1778,334,408
1593,0,216
2044,1188,0
977,205,0
0,0,579
2897,1110,832
405,0,63
0,461,627
718,297,138
1963,717,0
2655,1641,206
0,0,66
848,270,179
601,179,0
1513,0,323
2689,0,631
2039,0,0
1003,0,128
886,524,112
2390,1446,536
0,126,31
265,0,0
1070,261,96
1501,919,198
1428,603,180
0,0,14
2033,1213,205
89,0,11
2383,0,0
0,142,222
919,316,153
1435,569,0
2825,1805,959
2312,1061,628
801,347,45
263,103,18
0,1066,601
2807,1341,536
965,0,83
1650,625,298
2484,0,0
2626,1279,180
845,0,268
1779,0,437
1161,498,160
0,1134,366
2110,1178,0
2147,953,715
0,62,0
1765,336,0
705,303,172
0,446,290
0,162,47
973,484,198
1587,698,279
3048,1754,0
447,0,81
8,2,3
2212,777,250
1949,1159,222
2923,1352,0
760,0,66
899,443,103
2170,841,138
499,127,182
0,841,247
191,95,30
1358,0,217
2692,0,0
1024,421,48
958,0,0
2653,1574,0
2927,0,0
2007,925,489
3072,1704,0
701,298,55
354,194,33
2378,0,491
522,211,0
139,57,0
99,35,8
0,470,236
1185,0,242
1038,747,0
953,0,103
0,121,117
0,8,15
0,18,0
0,310,127
0,826,389
91,42,13
174,0,55
0,633,118
0,490,146
2098,0,523
0,149,0
352,178,62
581,261,31
462,218,28
1221,407,321
2948,0,502
0,1279,834
0,748,469
2106,843,506
1084,502,127
0,365,118
2091,871,547
0,0,101
2412,823,170
909,0,57
0,352,0
0,1478,374
1695,748,334
0,137,146
0,1511,386
0,0,235
1068,558,151
1349,714,154
1028,567,101
1141,0,255
906,0,72
2618,1330,406
0,1508,417
0,500,144
0,0,33
3088,2037,986
1672,779,140
0,1299,696
1406,706,0
1355,609,0
0,259,115
799,350,152
0,1534,273
1755,0,165
1769,314,462
438,155,56
0,0,132
1822,0,406
1051,300,258
0,280,179
2536,825,765
787,0,130
1488,582,274
1996,902,0
3002,2085,684
2219,1267,187
2298,824,0
1539,0,0
703,295,177
1425,0,182
1119,438,234
0,507,107
386,161,0
1864,520,619
0,466,281
2824,1829,650
2047,0,488
813,571,104
1722,1114,204
2422,0,317
0,1475,718
0,185,0
258,127,0
0,0,151
0,569,171
2662,1432,635
2408,1186,0
1254,555,231
2349,1094,262
2990,2175,0
828,286,0
231,100,41
2552,0,0
2788,1162,306
0,0,61
0,152,52
337,67,19
375,0,42
1499,0,0
2120,1176,541
2739,0,0
1924,846,238
2809,950,681
1220,440,286
0,81,35
871,0,69
1277,517,394
1403,466,402
0,0,164
0,1135,330
70,21,0
964,341,128
701,201,93
0,0,231
2577,1196,0
0,425,68
1204,529,89
0,500,384
2487,1054,266
2220,844,189
796,180,132
2477,1219,341
2309,721,0
0,1504,306
2886,1730,607
2073,1130,255
196,76,28
65,12,8
131,64,20
307,129,0
1279,202,300
1154,136,257
516,110,140
0,2633,652
1341,484,304
2716,1330,629
331,169,56
2559,0,384
729,112,190
1411,0,0
913,313,0
1531,345,453
2472,0,610
2640,1106,776
176,60,34
779,319,0
0,0,259
781,138,0
0,734,498
2657,1495,377
0,657,0
110,30,0
738,0,142
476,0,114
2435,976,0
919,372,77
767,323,66
842,310,0
1795,522,496
1354,0,209
2418,1651,179
3126,0,853
0,1637,956
0,0,171
2065,0,202
0,854,514
2027,1038,189
2804,0,0
0,113,0
0,0,50
0,118,47
1594,752,0
2096,1074,397
3093,2176,483
270,95,33
230,81,23
2526,1259,581
353,151,78
500,0,29
258,30,78
94,11,0
228,0,64
0,1293,206
3020,0,0
2604,1061,861
327,141,58
2840,1486,996
0,492,74
1738,0,94
2860,1171,688
614,257,132
1633,671,413
2078,1317,197
0,918,0
1334,625,301
678,293,148
0,0,27
68,23,16
0,1431,367
2170,813,262
2257,981,0
2728,1414,226
2233,832,703
1308,0,287
737,428,100
2717,1741,468
0,0,24
440,134,0
2462,1032,0
1251,417,0
2208,735,772
536,181,64
72,23,8
1458,467,335
1086,393,307
0,764,307
1918,969,500
774,0,165
0,0,395
0,353,166
1005,475,0
1962,0,549
1732,551,227
484,187,153
944,357,232
1157,0,179
2587,1068,623
0,1155,465
0,289,0
1597,0,330
2041,956,500
2613,1000,216
244,103,0
0,1400,248
1358,721,160
2517,1296,0
2924,1458,273
0,62,0
2329,1059,0
1276,0,0
0,413,326
1994,0,467
1108,613,299
117,40,0
1824,687,176
0,337,287
1057,386,209
617,0,0
1086,366,103
432,251,35
502,248,36
646,249,0
95,32,18
551,217,0
1703,0,190
2565,714,507
0,411,0
1219,319,123
1074,300,286
2019,594,551
0,158,70
580,168,129
408,0,0
2997,2099,553
584,289,148
2414,1161,244
0,777,0
1567,578,396
903,0,197
2125,948,477
433,175,50
114,34,20
358,127,27
1303,642,179
1120,291,80
704,173,54
0,1046,194
1491,0,270
2960,1657,489
952,297,0
0,0,225
746,235,138
1291,529,0
0,931,0
604,231,127
0,1288,372
1221,626,362
1291,452,102
0,206,112
3085,0,909
729,242,124
246,0,58
0,959,0
990,338,188
0,98,0
481,83,99
0,505,140
2743,763,207
918,284,118
1879,722,417
554,204,0
1325,518,290
1438,0,327
1397,512,373
635,219,72
128,37,26
562,168,0
0,798,821
331,0,109
1727,949,322
803,335,149
924,614,0
1002,403,250
719,0,193
2462,0,563
1762,945,179
753,244,73
591,293,0
0,49,15
977,0,176
2355,648,0
0,515,227
1176,301,339
0,0,604
1300,662,172
1438,690,373
1292,0,93
429,0,81
0,1207,179
1858,739,0
362,115,40
1611,701,512
2265,665,630
0,0,206
92,22,0
307,0,87
2462,0,509
684,0,203
657,114,0
1696,1055,0
0,395,601
1889,727,251
2283,1189,345
2211,0,282
2894,1102,439
2032,810,297
2033,0,0
866,271,196
2211,1433,286
2630,1000,198
1762,735,0
1762,574,214
0,251,65
0,1271,599
2659,1112,687
678,0,0
560,116,0
466,0,0
94,15,14
1427,548,217
2709,1061,712
1860,761,0
205,60,78
0,733,166
559,196,51
1026,336,282
805,321,168
2174,0,229
3007,1473,244
1367,798,206
262,154,48
166,0,32
335,108,31
50,14,0
18,0,1
1993,909,422
1055,407,53
135,40,36
2551,0,279
236,51,0
374,202,0
0,1237,269
488,258,74
0,809,318
575,0,43
2036,531,201
0,1080,246
0,54,28
2782,1665,270
259,117,53
242,117,50
1972,804,256
87,46,23
74,35,21
885,173,230
2240,256,504
1120,525,346
1061,383,218
1664,520,98
2843,1310,0
0,701,253
0,365,137
2687,1837,404
1777,728,384
1515,230,377
438,113,71
381,112,76
956,334,361
1011,258,0
764,331,0
127,32,0
2832,1443,734
1706,516,319
2522,1340,347
0,630,151
0,522,0
1856,686,402
1030,0,83
1744,187,163
938,0,90
2271,0,568
2567,1820,206
3122,2540,911
0,0,812
2269,1154,422
162,51,24
1695,905,221
0,37,34
0,714,228
62,26,12
116,30,27
2432,0,447
2722,1712,677
2748,1254,489
104,18,12
190,102,63
0,55,30
3192,0,295
449,151,99
516,118,52
2449,1187,0
402,146,0
2830,1956,463
0,680,564
751,244,96
543,198,68
0,0,516
2277,1032,191
314,90,61
0,889,0
181,72,30
1283,460,0
2365,819,0
0,1206,572
612,254,0
967,583,111
0,1359,167
1082,0,225
3148,1351,0
1085,360,300
0,628,172
2706,1430,0
193,40,28
1904,462,525
448,146,120
1456,316,405
1995,1001,0
1202,414,151
85,0,8
0,0,143
0,858,323
0,1048,0
0,938,217
2799,1720,360
1526,598,200
2599,1153,0
1565,0,308
0,1993,983
674,0,153
412,81,120
0,0,112
112,50,29
746,387,137
850,273,55
182,0,39
0,510,230
1194,551,342
2573,1267,620
2593,1197,242
700,0,89
587,0,0
0,0,19
0,1072,0
496,121,19
469,118,19
0,986,492
519,171,69
2732,1645,524
0,943,157
1747,688,0
620,327,100
1644,875,300
2404,1271,512
107,21,34
1756,487,138
0,1345,206
0,0,126
1648,758,589
0,51,11
2376,0,367
2350,0,221
2142,867,551
0,0,630
1883,706,477
592,123,133
2947,1401,734
1481,744,0
2404,1232,322
1725,667,0
315,156,50
1105,308,0
387,160,41
131,0,0
563,258,53
0,214,62
0,124,36
2883,772,714
2184,751,201
142,0,0
814,270,0
2399,0,728
0,237,173
1852,1024,286
638,229,52
2888,0,521
2609,1191,371
2776,1381,663
632,0,0
329,156,0
303,151,0
743,320,0
133,60,15
542,218,60
68,0,8
2273,0,645
1856,527,195
0,370,232
972,0,0
1393,383,122
290,135,89
1505,942,121
1313,285,0
0,1752,0
2006,1104,374
1710,890,205
659,214,237
1971,990,0
2340,0,0
2592,0,351
877,379,253
1731,0,149
266,86,68
52,19,9
0,1017,407
339,0,96
750,418,71
1863,1078,159
945,0,176
263,96,53
682,243,123
562,272,131
0,982,0
0,1164,509
2965,1590,0
2585,1017,249
0,250,161
1505,429,345
1912,942,426
980,424,0
1391,390,337
1928,915,262
2141,522,558
343,77,100
0,205,0
380,144,96
96,0,24
2273,760,486
1459,745,355
730,519,0
2147,0,173
110,43,18
320,68,79
1355,401,153
1008,260,0
489,145,57
519,115,55
0,307,0
1515,802,199
2946,1645,830
1426,0,118
1483,924,181
0,0,123
0,819,0
2562,1352,209
2852,1767,0
1560,434,511
3046,1629,187
217,52,42
1611,576,201
0,832,388
624,406,81
1443,616,147
1748,763,254
3104,2154,0
0,255,68
443,0,0
1165,475,179
0,0,214
0,0,159
606,236,151
475,177,0
2706,1281,267
1702,564,198
949,0,0
594,192,47
743,425,110
1944,906,263
2644,1242,598
1695,748,0
606,0,102
2105,0,209
2641,1000,0
1422,0,246
2248,793,137
1099,443,0
0,430,90
50,17,4
811,0,96
3215,0,332
2879,1519,233
392,123,37
2024,776,0
464,225,63
1192,0,0
843,0,42
112,0,30
0,1350,321
1595,630,197
202,113,0
505,0,0
105,28,37
217,79,21
2279,991,330
2085,1354,0
312,203,46
1773,0,225
2772,1710,271
2933,1531,551
228,0,57
2390,958,0
905,271,37
1259,0,336
2401,1817,319
2225,0,588
792,339,71
1383,463,578
1122,0,295
378,94,87
0,230,208
265,66,30
99,34,7
86,29,0
1013,314,225
2878,1478,410
860,405,112
0,428,0
256,0,32
2439,0,0
2281,0,418
0,0,206
1334,523,131
161,82,0
2870,1397,238
2145,915,178
2561,844,560
0,1046,476
2503,1115,423
0,338,251
53,17,10
540,187,141
3121,1197,520
1096,337,128
0,357,103
3315,0,0
1063,0,255
825,268,0
0,1537,686
573,123,151
85,21,0
2062,1187,770
0,504,118
85,0,21
0,0,856
444,166,66
2244,0,243
972,307,336
587,193,126
2566,1474,417
834,0,200
1015,623,0
882,543,92
1327,0,117
0,366,341
3014,1461,595
2092,778,0
0,397,0
0,381,0
64,35,0
2665,1381,282
0,271,45
773,243,65
900,0,266
2467,902,502
1843,1034,299
3154,0,286
3027,1840,452
2586,1197,253
2114,888,0
2598,1098,459
3095,0,1063
425,139,0
0,56,23
0,0,71
2747,669,0
202,36,42
0,544,327
348,0,111
43,13,9
0,463,0
398,158,121
2630,1191,246
2171,0,709
2772,0,370
1940,0,0
2978,1421,697
2714,1357,270
2699,1380,163
1923,0,709
389,218,56
1885,1044,389
0,234,71
1690,828,357
0,24,26
70,10,19
2375,0,186
3103,1413,237
2076,800,0
1498,815,181
2955,1510,0
108,0,0
1657,0,160
1481,499,312
1946,0,563
3039,1435,846
2066,1013,99
0,660,253
470,0,0
1194,463,105
1841,609,172
2420,1226,180
0,0,107
2305,0,498
0,230,157
2197,1003,174
1455,437,340
824,294,136
1901,695,504
668,279,180
1832,747,357
1293,505,290
508,0,111
527,220,131
1706,813,176
354,171,59
563,136,75
0,74,33
125,53,11
1823,0,361
2034,581,242
3008,1670,356
0,54,45
897,283,75
934,432,260
2795,1408,310
1175,444,165
0,0,236
1086,0,127
2432,0,278
1889,0,0
1510,447,136
1875,0,0
0,498,0
843,219,0
2505,1094,420
112,0,35
1742,524,0
1777,829,0
0,1730,0
1637,779,112
92,32,0
46,18,7
363,0,63
1941,0,513
833,195,162
831,193,161
2527,1374,239
189,0,22
2548,996,269
0,730,235
2287,740,485
0,1062,578
1605,605,162
1556,740,344
270,105,39
1082,417,99
0,135,76
883,363,79
1783,632,476
0,192,69
655,271,84
254,103,28
401,168,56
140,33,22
121,29,0
1278,0,223
1585,762,244
356,187,34
2461,0,728
1471,0,324
725,0,152
545,260,54
817,251,187
1976,816,189
0,0,69
115,34,34
0,77,101
2207,0,472
344,158,69
1863,622,403
0,114,41
2020,1209,259
98,31,12
2643,1566,760
2149,0,672
2815,988,0
905,437,272
0,285,0
994,273,0
509,117,96
2222,880,497
1902,460,739
0,266,0
1840,819,211
3120,1338,439
0,1272,253
1665,886,168
0,0,921
0,82,61
937,346,0
1662,744,150
548,213,145
140,0,26
2496,1108,286
2209,0,190
549,137,56
374,98,41
112,29,9
612,306,182
2223,0,580
1037,418,105
2771,1367,660
0,0,260
1718,791,231
25,10,11
2049,609,184
891,225,69
2902,1116,762
256,141,0
1127,367,0
984,0,185
0,0,77
769,165,73
3332,1893,310
2252,1152,170
3144,1495,447
421,58,0
386,150,41
535,255,85
616,291,102
0,276,0
1886,0,593
555,238,24
1314,0,206
0,741,206
3078,1632,407
318,131,51
2261,991,184
1280,486,98
866,0,112
463,135,35
0,1386,292
2899,1536,292
3047,1576,899
1350,0,0
3102,0,511
1808,994,0
847,0,78
2553,971,633
1197,410,314
0,112,32
213,88,49
1268,551,205
1479,228,402
991,326,296
631,243,46
1848,0,429
2234,783,451
0,37,66
141,28,44
1965,622,0
716,196,206
307,120,35
712,231,63
1020,311,227
3070,1703,0
0,446,0
293,102,92
1081,0,249
3063,1212,0
0,281,257
0,224,0
2304,805,220
2922,0,0
0,1279,744
2904,0,0
0,573,573
0,1372,243
255,99,0
215,0,0
40,9,0
129,30,0
2106,0,468
1398,780,330
1757,0,0
1652,0,0
3120,1695,318
0,742,453
313,131,0
782,355,82
2394,879,494
270,106,26
216,92,19
478,0,54
429,98,110
545,233,145
2716,1177,870
2880,0,670
2309,506,0
367,108,0
252,96,27
2510,0,0
0,332,97
2285,0,705
1946,555,96
0,144,0
1007,350,312
437,126,39
66,13,7
371,113,32
2923,1497,0
169,0,45
3027,1691,0
65,31,8
2658,1690,233
26,7,5
2784,0,255
759,151,95
136,46,11
190,0,24
381,90,0
1257,560,317
1159,555,0
2922,1350,0
3095,1803,319
122,30,19
1657,641,147
0,769,257
2463,1010,350
2124,1016,416
2564,1578,829
2220,0,0
0,0,1530
0,252,124
0,684,296
117,47,26
633,221,96
81,0,8
0,194,88
0,0,118
2800,1296,934
226,102,42
1423,495,204
436,175,0
0,320,135
2895,1336,634
2377,1057,202
1310,714,301
0,671,391
2735,0,177
708,247,81
800,0,256
877,310,116
1806,729,188
820,0,76
1772,1024,417
489,0,28
471,124,0
1481,405,435
2118,1139,191
2053,787,265
601,0,47
1602,0,183
156,0,22
2918,1445,0
1299,0,381
91,31,19
76,29,0
3056,1420,862
0,90,55
415,155,37
871,284,90
956,467,88
1541,387,0
2724,1231,223
2540,1116,257
1436,501,372
1021,0,236
569,211,0
0,204,81
0,1179,295
2519,901,704
2040,859,454
2432,952,607
646,0,145
565,252,129
2750,0,0
0,1474,0
690,214,247
0,1480,1258
0,35,15
64,0,15
2108,1075,0
1023,280,75
0,0,66
159,64,37
1152,514,0
269,64,67
0,58,61
2499,0,240
1164,428,132
2163,947,214
1753,809,420
2010,927,226
2920,1574,0
1263,561,0
560,0,57
0,459,170
2492,1009,0
76,0,11
1053,384,0
2112,1021,0
1276,525,215
0,1944,0
1243,0,107
448,209,0
306,126,0
1712,0,392
109,34,23
642,0,68
2833,0,298
1578,0,0
0,601,455
2092,0,556
107,32,28
2075,1115,405
571,227,81
1516,519,0
1186,0,232
2254,874,246
1551,465,391
1726,567,212
1287,437,195
451,204,70
885,0,167
0,606,332
1062,0,155
1253,354,233
0,453,303
1723,892,345
1300,749,0
0,362,194
332,142,51
2759,0,852
2232,855,166
422,74,0
0,0,50
2555,950,519
34,11,0
70,22,17
76,27,19
166,0,49
0,701,216
2691,1432,726
2264,727,723
0,955,701
1598,655,136
1931,983,291
1526,543,163
1932,618,162
0,46,0
0,245,0
3094,1809,148
1320,757,223
0,21,0
0,177,0
1134,556,121
2559,949,403
1757,0,216
2604,1207,322
1701,852,0
1736,839,191
1461,0,279
0,710,169
867,0,86
0,0,159
0,1093,0
1004,391,108
0,648,320
1475,0,353
554,214,120
2430,1167,340
251,93,85
996,0,67
1025,423,157
2819,1051,711
81,62,0
329,93,118
202,53,71
127,0,0
0,1187,781
215,0,64
0,248,127
2609,0,263
2108,1126,123
670,156,137
2977,1643,346
719,213,55
1800,605,454
1425,0,193
0,240,68
1267,393,294
2860,1511,342
1274,0,315
1295,439,212
0,690,143
0,610,0
0,131,0
938,457,122
2030,656,146
1287,478,195
356,0,48
0,1177,272
1122,332,113
1643,791,0
3067,2541,522
106,44,0
1549,542,432
0,56,39
481,134,0
440,122,38
430,223,76
1129,257,346
41,17,1
2823,1472,0
149,59,53
1861,386,0
635,289,59
630,287,0
881,328,89
1585,628,335
752,331,102
2728,1061,568
1045,319,240
324,86,35
1141,358,103
1077,291,279
3099,2217,0
0,50,46
836,0,97
2482,831,640
520,231,164
1503,424,118
787,341,53
1536,495,282
1500,565,205
0,222,158
2215,1111,489
1656,762,358
1977,546,0
2183,0,472
1383,750,147
1402,584,248
2302,1086,454
2644,0,805
2437,1138,0
0,147,83
2753,1268,668
0,69,64
229,46,48
79,23,16
0,119,0
0,764,143
0,0,571
29,13,10
26,0,6
990,366,106
1579,0,160
307,158,0
124,60,44
2146,994,740
2548,0,281
1656,802,0
998,341,287
2351,0,0
1589,673,379
762,363,145
0,1309,433
3123,1510,621
737,281,173
1299,486,0
268,79,0
2380,1365,201
781,168,221
0,97,55
0,97,55
283,71,55
1887,780,0
0,653,0
3082,1554,424
2396,0,267
1886,0,192
941,279,132
3211,0,0
33,15,3
2410,468,1132
1636,706,295
0,24,29
1124,0,249
0,66,0
3098,1567,0
1677,792,0
0,858,0
533,135,83
568,191,205
1603,498,257
0,0,495
3086,0,290
0,1003,0
0,347,96
1546,639,106
833,85,268
1610,766,197
0,0,87
0,1155,432
0,187,0
407,187,80
1296,0,324
2477,1397,0
1823,796,383
865,347,124
35,22,8
0,0,237
2474,1069,0
339,156,115
0,0,232
730,0,178
2357,923,0
0,1235,273
1838,583,0
909,356,0
1479,0,252
0,1280,589
51,39,10
2335,1000,193
149,53,0
1433,618,0
0,72,35
641,0,56
0,2121,482
192,158,0
2498,678,690
0,492,0
844,348,228
0,36,0
2661,1151,273
2722,1341,428
1369,422,0
1673,1001,265
0,1435,0
340,143,49
1471,440,174
174,68,14
1555,698,185
836,188,47
159,64,46
0,849,183
859,413,116
1555,0,131
1624,0,571
0,1277,476
356,96,53
0,44,0
2488,0,242
1994,628,189
0,85,0
0,1212,394
201,72,69
1371,389,338
695,245,0
0,583,215
0,1402,727
0,0,196
0,445,0
814,338,0
0,0,90
1070,358,260
2915,1118,424
116,0,18
1385,0,306
0,0,159
2094,935,404
1441,0,0
653,0,0
1225,381,102
2867,1192,300
0,450,0
0,273,112
1441,442,315
218,106,32
725,226,84
767,244,132
0,518,225
1708,378,444
2253,0,0
1214,555,186
379,157,60
835,398,126
465,0,0
1122,0,134
1838,893,326
0,1094,146
1365,450,371
0,335,271
391,0,0
1515,672,235
2778,1559,870
579,0,139
378,163,0
201,70,50
169,31,24
0,62,56
0,62,56
0,168,56
0,103,0
0,132,31
1732,626,505
2292,0,718
1333,0,0
286,56,74
759,342,68
0,773,0
1507,639,0
2685,0,0
2789,1040,193
0,132,170
1485,456,325
86,14,24
2591,1410,0
44,6,14
2322,953,329
107,43,18
2727,0,281
923,424,153
0,1215,682
680,221,0
1178,344,242
419,0,45
2972,1939,885
1155,513,0
965,350,141
0,200,0
959,188,220
1296,0,397
1644,592,358
70,22,7
2435,1111,268
1969,970,500
309,86,74
255,0,59
889,338,0
1533,588,142
2112,0,0
2570,1057,769
382,157,0
1096,0,191
2825,1204,753
126,73,12
332,149,34
2795,0,728
131,47,33
893,0,55
1311,466,0
2856,1508,460
1165,418,157
247,70,59
186,55,55
2648,0,377
1447,603,499
428,136,95
826,394,0
2370,803,440
866,196,194
1619,561,127
2172,843,189
0,0,34
187,80,17
2332,890,176
1460,836,224
1773,468,605
763,273,201
0,1431,851
136,0,24
33,0,10
66,33,0
884,0,233
78,41,0
1053,385,241
537,0,132
1808,814,0
2428,1173,602
248,108,56
1608,504,313
1163,362,0
1947,555,283
285,109,0
274,100,56
0,58,22
48,19,0
0,788,495
1502,528,433
989,324,295
513,204,138
1762,681,410
0,163,41
0,59,54
2560,0,199
3329,2063,940
618,294,226
2520,0,465
1595,994,296
2896,1513,0
626,248,199
2571,1023,229
1971,928,400
2613,911,402
1786,636,476
2638,1574,212
2022,743,401
1358,661,156
367,0,81
363,94,80
1349,544,228
2018,1287,610
2324,1040,345
650,0,192
820,434,111
909,370,227
1697,832,0
429,0,58
1268,598,122
0,979,500
2932,0,0
0,2184,955
540,216,0
749,218,0
2738,1186,640
1382,631,0
397,117,126
2170,999,366
2336,0,0
2029,894,0
1531,598,0
1022,739,83
0,486,456
1052,303,353
2074,1010,215
0,1316,228
2303,1208,577
635,164,189
1344,0,220
2999,1708,434
0,370,110
2415,1313,315
499,143,39
3241,2383,855
673,276,78
2989,370,1367
1406,640,226
0,76,96
1255,536,259
1357,547,248
1121,334,181
1910,582,407
363,85,0
230,49,45
0,68,89
0,696,110
623,285,118
2410,1088,740
2702,0,562
2303,815,0
1105,447,165
1617,473,122
1684,698,349
2209,906,138
877,332,0
829,301,0
316,0,99
2776,1346,352
1617,645,195
349,159,73
63,21,12
286,138,61
1930,673,415
2210,677,658
0,1720,401
35,0,7
2853,1023,349
1131,444,281
1750,0,159
282,0,75
0,1149,0
2278,0,153
2557,1319,0
640,187,108
1536,451,271
1397,351,289
386,0,38
0,0,44
2182,1056,231
1236,382,295
1004,0,0
320,115,83
339,72,29
2635,1923,481
948,727,0
0,783,843
2660,1040,575
725,191,127
716,110,0
0,108,0
2654,1065,392
638,289,181
1356,638,235
2867,1531,0
1221,466,273
1095,415,245
1182,322,239
1955,937,298
1714,0,204
1597,812,181
506,256,114
0,0,106
0,188,29
1776,656,242
1237,502,291
0,299,219
622,148,0
2689,1267,250
2588,0,0
556,185,55
1721,0,181
2362,1053,368
1066,258,0
3361,0,0
2382,1561,756
3318,1686,274
280,116,0
1598,675,440
1841,740,368
3069,1373,393
239,97,27
1126,0,262
1261,427,139
1225,306,288
340,128,34
0,0,66
622,245,0
814,249,189
2466,651,487
1086,317,108
658,244,161
605,217,98
1554,597,0
2040,407,564
2076,913,0
1128,469,0
1677,746,265
430,69,87
1882,0,211
2029,1261,464
1240,0,0
1468,731,113
2651,1293,321
1021,308,0
2207,679,191
752,196,59
2064,815,426
1019,295,97
1273,520,0
0,143,124
1718,0,168
604,208,63
0,185,56
1030,0,0
2346,0,696
1261,498,298
2807,1277,829
613,110,107
2048,954,170
1428,0,234
0,749,246
2245,447,764
2544,0,158
167,0,29
898,0,95
208,66,45
1112,0,130
507,220,65
605,239,0
266,75,43
0,196,37
552,0,0
496,113,42
0,710,0
0,1466,287
656,252,88
58,24,0
127,43,3
607,231,88
1290,614,143
0,123,84
831,0,54
1144,0,259
0,0,54
1039,464,155
280,55,18
1223,566,122
1931,448,168
0,796,0
1712,617,413
2472,1212,613
1771,683,284
2693,0,0
2687,916,669
226,0,53
1324,435,297
1018,0,0
167,45,45
117,73,27
0,0,222
424,0,53
0,1247,0
2716,919,0
1536,530,180
1331,415,278
46,10,7
735,268,0
2397,963,765
0,0,122
2696,0,210
2074,652,324
1996,1101,167
258,132,55
944,314,75
2402,624,306
1722,589,148
3011,1101,208
0,199,289
1352,0,115
3234,1525,585
2385,825,844
668,457,117
2679,1530,893
1839,674,119
83,20,17
2668,922,430
792,266,165
968,0,259
708,199,0
665,181,58
287,83,59
2770,0,613
2340,794,456
75,43,5
0,0,236
2641,939,606
0,923,595
1001,358,263
721,0,76
0,1281,375
149,0,46
0,822,276
0,612,68
2086,0,0
0,0,331
2496,765,650
2038,854,164
802,402,147
1430,587,300
534,96,0
0,1075,394
827,293,129
527,189,152
1558,0,475
2814,986,366
871,329,117
1377,0,243
587,0,153
395,167,58
2941,1643,761
890,476,115
0,0,214
0,0,59
203,88,22
1896,634,173
2923,2315,0
0,0,445
1655,422,313
0,576,143
1352,0,350
3015,1689,281
2356,1043,398
1800,814,0
2500,0,265
1208,566,133
673,338,64
0,0,725
0,757,112
194,44,12
195,0,34
1566,0,393
3014,0,378
0,1867,0
0,0,249
0,321,109
942,302,100
223,80,34
2725,1601,423
3074,0,877
2958,1755,0
1539,651,0
0,438,278
0,0,385
0,61,95
2405,868,0
1798,663,217
1841,635,279
1494,0,486
319,0,23
1955,547,0
823,0,208
0,0,23
1528,802,151
1499,802,146
1064,327,196
586,206,151
2077,805,159
236,120,57
2150,966,324
826,320,144
1736,567,486
0,1305,276
0,1264,0
1024,340,107
2381,1400,601
0,132,65
905,317,260
2771,1420,256
346,0,67
2329,911,268
2867,1206,251
2267,1211,0
690,263,56
182,75,0
1354,691,449
246,0,23
453,112,89
1188,479,322
982,243,170
809,195,0
1435,523,93
673,0,74
0,1373,0
956,363,0
1380,378,0
0,500,408
424,0,43
0,1370,401
0,187,0
2641,929,507
982,363,425
2383,0,690
2198,993,329
0,491,0
2739,1259,345
89,42,36
147,47,0
81,46,30
0,428,241
1028,292,111
329,114,22
362,108,25
0,452,302
0,0,52
344,0,100
0,0,203
1042,473,0
2717,1134,415
2060,742,246
0,136,60
2096,967,174
0,1012,184
1725,582,218
1897,0,324
1586,0,355
0,1729,0
0,0,22
0,1649,821
1898,800,168
404,0,0
1492,0,0
66,0,5
0,0,49
0,661,383
571,221,44
0,0,9
1078,308,0
41,0,0
334,105,106
0,839,0
369,131,0
986,339,151
716,352,41
2019,705,441
1591,695,136
162,26,0
2942,0,560
0,611,351
0,278,111
460,174,60
0,263,98
495,0,109
858,0,0
545,182,111
2631,490,0
327,0,110
2699,1143,623
1532,580,200
590,240,102
1044,0,248
0,1055,239
651,200,156
0,85,19
1036,415,154
818,322,120
0,0,260
733,228,59
958,395,177
0,0,179
0,38,49
617,0,54
1777,645,445
2371,1192,264
783,211,0
0,201,80
542,255,0
0,719,501
2617,0,709
571,188,0
501,137,117
1807,922,224
171,73,22
0,59,39
2018,1016,143
0,1029,492
87,0,9
2335,0,180
0,792,157
1924,404,720
0,793,138
739,241,99
0,776,115
1238,474,148
655,316,129
0,860,201
2773,1043,0
519,0,87
274,0,40
1758,669,256
1385,499,155
2901,1537,396
2626,1204,315
1269,471,0
74,0,8
1431,0,0
2783,1711,806
591,202,0
2680,1090,309
134,0,21
117,40,18
1747,590,0
0,90,24
0,276,178
2588,0,450
292,81,27
0,791,417
862,426,242
0,365,175
2349,866,649
1683,656,232
1265,0,189
0,192,43
0,0,8
56,21,6
311,65,55
235,43,0
57,18,13
2398,1120,545
596,232,52
527,83,0
280,45,21
2394,709,361
2113,612,0
0,0,354
2534,1217,0
1487,735,131
1047,482,98
1886,594,213
821,204,200
410,98,0
0,106,0
2823,1281,297
393,85,81
916,351,92
115,18,23
113,18,22
85,32,9
2588,1247,209
2634,853,0
3072,1617,0
276,86,0
3294,1789,0
2138,679,194
1059,220,0
2643,806,0
3084,1071,206
1002,475,153
1519,446,0
0,16,74
0,0,233
0,0,52
1708,499,455
2631,1550,904
0,688,110
1620,0,0
3034,1348,0
868,279,110
156,38,0
663,164,132
2103,1065,323
1518,792,302
977,425,236
2365,832,455
1815,657,334
550,175,0
0,44,34
1775,0,0
323,176,52
189,75,29
647,133,251
598,197,64
0,107,33
325,90,0
0,564,318
1012,291,0
868,0,0
1107,625,205
0,0,305
3113,2106,804
816,441,143
1039,571,0
0,342,0
1149,0,82
402,0,0
747,254,44
1463,539,0
804,296,186
653,188,143
0,1020,572
2440,879,0
0,275,210
0,0,319
123,36,25
2516,0,562
3060,1205,443
1656,769,352
1761,746,257
676,188,0
0,442,352
573,291,61
2671,1623,727
151,37,0
118,31,0
33,6,3
1480,585,155
2242,0,728
0,650,246
2458,1325,352
2713,814,871
1092,276,140
639,184,0
453,0,67
2690,0,200
770,304,132
1253,399,168
139,33,32
1775,604,460
2797,0,784
661,208,175
985,286,200
0,0,411
0,590,286
594,218,125
1084,560,132
1086,290,303
869,250,216
1608,710,137
1396,413,0
2169,970,367
1668,697,136
0,52,35
2609,0,321
2530,1051,261
0,0,103
1404,737,136
1710,0,0
1031,328,282
679,150,176
2825,1496,496
0,985,764
2042,810,228
1305,341,297
2460,1021,570
833,279,79
415,0,39
997,263,203
1313,427,255
643,208,123
0,219,132
405,0,44
0,103,42
191,56,0
3142,1710,378
2946,1872,269
2594,1470,309
0,0,138
317,122,47
795,356,162
2478,718,0
1627,649,0
0,90,78
1950,774,0
215,93,51
963,337,153
0,778,132
577,174,90
1735,1058,588
673,185,140
191,0,43
181,58,33
297,111,78
2200,0,0
1601,712,240
1813,776,499
1679,496,224
26,0,0
1716,609,362
890,0,160
1617,580,96
1384,0,389
528,189,56
1901,1164,433
2701,1384,0
2491,1024,237
2810,1119,400
2915,0,0
2865,0,0
1150,422,135
465,190,35
773,85,199
2841,0,0
1152,672,214
305,82,51
1219,518,238
192,47,28
2513,1099,181
610,186,55
523,153,48
787,244,102
3096,1300,0
0,300,60
645,244,40
1065,376,0
0,39,23
2104,1009,264
1639,465,161
682,150,133
335,0,0
738,188,65
571,138,90
0,132,82
1652,455,372
1806,198,521
817,0,0
193,40,46
2169,995,319
0,658,207
0,479,420
0,315,218
695,223,56
1065,291,187
1047,291,185
0,19,6
1164,279,124
0,664,356
298,181,57
2802,0,0
1454,577,123
943,228,98
251,64,33
144,40,52
2163,0,304
1066,386,179
0,616,0
0,0,74
1010,411,76
0,239,98
822,233,98
1773,384,0
292,90,49
650,189,0
1881,0,478
3159,1637,804
708,300,0
965,285,99
3056,1354,413
1009,241,0
154,0,15
2288,961,611
1228,479,325
1060,482,286
255,81,34
0,170,0
0,82,0
83,16,25
2592,761,670
1057,341,111
1103,539,132
1018,0,212
939,294,0
0,151,79
457,0,79
465,148,53
1405,549,301
0,0,56
1897,0,394
539,325,50
0,445,82
279,86,53
1833,898,181
2076,605,191
3127,1176,0
0,574,0
2305,666,294
0,370,183
1217,318,119
1052,0,0
310,98,43
282,92,39
1789,0,136
0,486,0
438,216,0
0,57,82
2335,0,598
230,65,22
623,181,40
0,639,0
2277,1178,330
1065,0,298
1053,470,95
0,886,210
0,63,0
0,764,193
0,80,76
2271,1114,373
132,36,22
1840,317,0
2923,1158,191
278,86,16
227,72,14
500,188,0
457,0,85
43,26,11
477,190,43
0,214,110
1083,368,84
0,909,0
1393,582,190
0,1361,0
2002,1203,386
125,15,26
0,0,8
2887,1751,834
624,151,214
2790,1249,372
921,309,97
2650,1174,394
0,0,249
0,307,0
2995,1309,618
1665,542,495
1283,891,370
1191,0,348
246,57,15
3199,1789,499
2050,691,497
1188,387,84
576,190,38
197,93,0
2496,845,600
316,91,38
2492,597,656
311,0,0
3131,1672,0
318,83,56
1758,506,401
133,42,0
0,1210,263
0,0,277
813,293,71
326,80,31
236,75,18
301,85,0
3147,0,721
0,955,736
572,224,81
2592,0,0
1395,423,237
719,220,119
676,0,118
3324,1570,652
418,0,0
69,0,9
3023,1166,233
3045,1787,312
0,374,132
2831,1226,411
1155,512,0
945,0,81
306,147,40
607,277,98
2599,582,0
0,1410,0
0,4,13
2998,1374,326
0,616,0
0,2431,0
130,40,0
915,235,0
0,1516,807
59,4,8
1861,662,130
1766,476,363
1964,599,0
0,217,90
1173,382,159
0,1347,319
1156,342,319
1610,754,261
3140,0,720
0,171,0
126,34,36
50,0,0
981,0,94
1166,0,222
370,129,40
1059,342,261
904,292,0
733,0,0
218,56,0
1264,390,0
2998,2249,809
2386,767,160
2134,1040,469
128,44,23
73,31,16
255,116,30
0,175,70
0,444,276
0,893,0
1189,428,179
0,568,517
1952,410,0
109,0,22
1207,0,143
1170,346,318
2565,0,537
1477,0,330
117,65,6
1449,400,0
1625,0,221
850,263,128
798,0,118
259,78,49
836,180,0
316,114,73
2966,1751,286
547,220,80
2044,766,326
0,0,236
1214,447,0
2320,1310,0
2733,1143,317
1295,549,233
1814,817,253
321,0,62
850,0,204
2060,715,186
42,15,0
809,235,148
634,0,0
175,46,36
458,185,124
1941,0,640
2873,864,0
0,559,565
0,625,454
0,724,392
592,177,0
1782,771,146
1185,0,86
0,229,0
0,0,89
961,252,195
0,1785,378
1918,565,638
1976,889,300
1595,562,124
0,0,105
1250,659,121
600,0,0
650,324,68
273,66,65
0,568,0
1238,465,217
874,0,211
1207,0,0
0,1213,610
1432,0,119
412,152,32
3125,0,319
2563,1223,0
378,171,91
681,0,71
0,0,321
147,0,51
3114,0,502
1309,572,112
508,176,0
126,45,10
107,40,14
1397,551,304
735,265,163
1188,0,0
0,218,154
320,70,58
737,189,234
732,189,234
0,873,0
1762,0,547
0,37,25
540,133,125
116,34,0
2192,1022,394
0,823,0
2456,1079,238
2615,1277,701
395,0,92
0,203,95
329,88,65
3086,0,679
1518,0,361
775,199,0
1539,368,0
12,0,3
2896,1183,228
0,1634,330
153,0,37
2004,699,519
218,84,0
77,0,13
0,113,107
1055,445,96
0,445,0
140,0,34
2661,1036,0
334,70,24
72,7,9
1918,882,428
2937,1206,226
298,81,95
766,181,168
2970,1435,0
602,214,147
0,38,58
0,938,0
1041,402,107
340,78,0
0,33,18
211,0,0
2949,1003,679
783,280,129
1920,531,0
2202,848,173
563,203,143
1496,465,397
2435,0,329
184,39,31
2137,541,0
1432,550,553
177,49,0
264,45,0
0,76,31
0,71,24
2647,0,367
1992,0,326
1964,842,0
929,236,74
525,95,112
240,57,27
1936,0,471
288,91,0
530,227,37
1298,488,0
0,165,47
3287,1602,405
1839,770,187
0,88,118
1858,746,173
1701,890,297
680,240,157
1236,442,159
443,66,68
1445,403,235
1371,659,330
895,396,227
2243,1036,794
256,56,35
374,0,37
1506,0,0
738,0,90
197,0,0
1123,420,203
799,282,141
0,138,62
1547,0,122
2216,893,190
0,328,77
1029,253,298
1554,341,131
1305,340,174
1822,0,0
1784,0,176
312,79,30
1202,387,183
1719,658,152
2362,707,635
1147,288,94
622,0,56
2056,1220,242
1110,291,244
608,198,77
0,27,9
710,268,0
713,315,171
1201,106,308
2002,765,466
1784,816,455
0,504,0
363,0,0
0,333,149
364,203,0
2135,0,587
1471,0,123
103,0,14
209,0,46
256,150,0
243,76,45
379,96,32
1185,467,283
0,234,135
971,0,101
1978,543,98
2656,0,715
0,579,143
2191,0,0
0,626,611
599,184,47
2378,898,169
906,282,158
0,0,480
0,439,392
0,781,172
1647,773,170
1805,667,518
0,639,135
858,0,275
623,277,55
0,872,217
135,59,20
1939,934,184
344,164,50
2575,1083,544
0,0,109
893,0,137
561,206,85
848,540,0
450,102,124
461,94,47
1034,291,114
1760,474,193
0,983,358
656,165,184
613,227,196
0,493,234
3222,1518,0
2632,598,644
1359,656,334
0,885,0
2733,1087,391
2114,921,439
2212,751,0
359,105,48
0,227,45
0,823,356
635,145,131
1140,0,271
26,6,6
625,311,0
1761,566,103
2284,764,290
671,0,52
2000,0,442
516,170,91
3294,1712,0
2064,571,0
530,245,93
2460,1139,0
2192,0,542
2848,1509,274
2559,0,449
2505,862,247
2379,1139,723
0,1758,0
1788,657,227
166,80,0
2266,574,171
2674,766,150
1490,633,153
1290,476,0
2412,1087,401
91,0,9
352,120,102
3181,2357,475
0,149,97
0,620,0
2769,1442,0
47,4,6
0,0,5
1119,376,77
717,0,135
3118,0,510
0,723,253
0,482,365
0,984,327
2282,1020,487
140,49,8
80,26,27
44,6,11
42,24,18
102,19,12
1703,663,341
0,0,362
707,141,0
1928,0,268
3030,2190,834
2217,669,142
1794,947,392
3112,1450,230
1729,723,236
894,396,232
0,291,57
467,0,44
2340,788,364
180,25,31
2441,1225,613
0,451,0
1211,247,259
1316,359,211
1813,332,231
472,109,68
1341,223,163
279,62,40
2662,1221,280
0,0,70
0,401,400
0,1578,232
2183,776,408
782,212,152
0,345,150
2239,1000,385
691,0,199
337,67,0
354,71,107
538,0,114
1395,507,0
2227,0,277
1664,691,160
249,58,69
2176,1089,141
0,64,33
808,269,201
2175,1699,681
1633,772,0
1288,297,374
2953,783,0
277,62,0
196,72,26
3145,1571,376
1193,469,123
991,390,103
1491,394,535
1675,0,255
0,0,108
0,409,204
0,1204,363
1887,642,216
0,760,236
317,89,74
0,550,439
1786,0,168
0,570,313
1861,652,426
2527,1207,585
994,238,175
1109,384,210
0,339,100
0,0,353
1252,0,96
2569,1623,229
2786,1458,346
544,139,133
1328,457,363
414,162,46
143,54,13
271,108,33
2457,1574,775
0,1308,307
1231,541,111
2856,375,1201
376,0,0
351,108,65
0,1149,424
37,0,0
425,139,118
2219,738,326
1272,406,0
2290,0,247
0,707,197
493,181,50
188,44,0
1641,0,219
1636,746,393
152,0,36
1530,372,0
1028,251,151
502,0,0
0,132,0
196,54,46
237,78,0
1662,625,0
292,119,0
260,109,19
2344,1155,0
1645,0,0
699,309,133
1053,251,306
0,69,100
706,182,206
0,1464,309
2085,1216,0
918,209,81
813,162,226
2545,1249,266
748,0,76
1797,896,190
1761,375,0
718,0,65
1858,770,166
2839,0,0
2033,952,217
806,273,0
847,0,0
0,1349,0
1638,0,427
942,267,94
232,59,58
0,38,0
0,148,47
139,62,10
535,151,106
368,108,70
167,43,36
0,59,0
121,33,10
2197,752,537
355,159,104
2325,1219,0
489,162,0
161,0,49
265,75,0
996,195,263
3268,1840,836
1027,365,302
1124,205,0
235,80,0
2325,736,594
1035,331,258
2809,1555,674
0,128,68
2845,1054,213
0,23,15
150,57,11
1073,422,115
757,296,147
1071,324,0
864,283,60
140,0,15
738,202,183
2343,837,883
0,410,379
111,0,0
161,64,14
1314,0,0
365,136,92
1470,608,200
594,0,82
0,1401,446
0,1305,0
546,150,0
1205,454,0
778,261,74
1719,856,212
0,409,109
1010,412,103
1581,701,277
1072,427,0
470,134,97
0,690,180
0,0,237
543,181,94
736,213,96
0,45,28
320,118,40
1043,346,80
1488,624,96
1763,640,224
162,32,46
368,68,105
714,183,73
432,0,93
1294,420,392
0,0,134
505,203,53
1192,0,174
1377,549,103
1139,0,132
1896,996,264
1204,407,232
0,274,0
413,117,42
418,168,44
0,308,0
945,329,253
325,126,96
445,207,0
81,23,12
624,0,49
1760,0,283
545,0,150
0,163,85
1183,459,104
1266,385,141
697,166,117
1297,0,133
1768,760,207
0,93,96
1178,486,328
1066,0,0
784,288,90
249,92,45
1011,454,0
162,6,28
161,6,0
372,78,51
864,0,85
1146,244,108
0,220,54
902,308,173
1271,0,344
0,398,416
1378,457,86
557,209,0
578,126,139
1102,371,255
258,75,63
844,296,0
291,83,24
271,74,22
1093,281,102
1177,0,0
630,246,54
1761,714,501
842,247,0
685,0,193
0,428,68
1963,0,571
0,455,137
1232,495,0
539,204,109
0,34,19
0,177,286
1131,296,91
1417,0,581
458,118,83
944,0,89
0,129,194
936,0,222
205,51,21
538,217,75
0,84,65
58,0,0
1606,588,0
0,281,126
1525,550,0
798,146,110
1660,443,351
337,146,28
924,246,0
1563,729,381
1772,0,0
0,0,67
1107,392,180
1114,408,214
160,45,0
0,516,201
203,36,25
0,474,0
1517,454,197
0,97,0
307,65,62
0,59,54
0,1053,355
0,325,287
517,146,134
587,0,153
102,30,12
90,25,11
0,169,55
42,24,17
1027,256,320
1639,587,0
1881,780,194
724,0,76
0,0,44
699,145,130
63,23,14
1186,373,131
525,156,128
1654,828,310
0,0,93
377,0,40
190,82,16
145,47,25
933,339,221
1315,356,279
577,242,0
1250,530,0
331,133,79
1106,458,278
244,0,41
959,240,140
0,70,0
1344,561,182
1456,0,111
121,0,37
577,95,139
0,507,160
0,315,0
949,0,75
958,385,162
165,56,0
0,90,0
1633,348,374
72,13,7
68,12,6
174,64,17
1118,266,243
284,114,65
990,303,0
0,0,323
1481,368,425
927,0,0
806,0,0
1627,560,407
0,271,0
123,34,13
1579,0,276
280,0,27
1770,0,266
143,28,14
1765,752,0
206,43,20
0,191,38
0,588,354
1271,728,275
1716,413,0
1686,690,163
313,127,0
0,0,107
1632,690,212
0,223,161
841,214,102
0,207,101
593,0,134
1802,826,113
1576,916,358
103,34,34
568,229,143
0,628,241
1556,378,172
761,205,89
0,0,81
0,242,360
1154,355,349
0,15,19
1044,0,143
815,0,102
0,697,0
3070,1809,359
0,439,280
1548,514,133
1173,397,282
484,154,40
2849,1311,0
620,289,209
130,64,21
862,370,88
305,112,34
1731,410,135
118,29,31
0,0,40
311,0,36
261,0,26
0,0,167
602,190,77
1625,379,144
1024,382,138
1336,451,256
0,852,482
0,27,81
1548,601,0
1166,0,0
1092,492,160
3126,2107,476
2064,1147,462
957,348,80
601,120,131
1675,376,147
1850,694,0
820,0,179
2347,1239,632
1924,0,172
668,252,99
398,184,0
1793,706,184
309,76,50
1195,420,86
0,168,73
31,11,8
2479,910,696
2127,743,729
1817,0,0
682,296,88
3103,1496,279
0,0,334
459,55,136
0,0,918
2096,0,170
351,125,0
0,465,295
1326,463,238
1803,0,143
718,203,107
1473,534,198
1654,420,0
2776,1388,409
399,134,110
345,0,75
0,195,38
1929,0,486
0,485,372
0,177,172
372,0,101
2253,1015,347
1672,696,0
137,41,0
2775,1083,571
47,0,11
597,0,52
2776,1906,490
0,815,625
2853,1989,267
1034,0,153
1691,513,181
2767,1317,394
1556,841,0
0,18,21
637,154,51
423,92,39
2129,383,648
2281,750,380
330,104,103
604,135,136
0,1463,725
1310,321,0
132,34,34
1060,0,250
1896,807,225
0,830,273
2443,1002,0
38,6,0
32,3,5
0,674,0
1081,381,130
1417,452,323
781,292,124
528,206,146
0,42,23
2881,1640,240
1260,520,0
2071,910,0
893,402,44
0,0,27
989,0,79
879,229,0
0,180,72
1952,0,246
860,318,138
0,1148,0
969,470,98
1088,323,261
0,548,0
1227,427,138
0,242,76
2365,1175,423
1831,813,271
2984,942,1157
1532,0,121
859,273,0
2431,548,540
1049,455,274
1606,0,0
0,374,301
919,0,0
386,103,109
0,57,27
803,317,61
825,381,71
1712,654,222
1613,641,191
424,141,37
0,0,435
0,35,25
333,109,77
602,150,0
2530,1272,327
0,0,213
51,10,15
1001,309,0
0,1457,387
1341,496,335
0,159,250
1263,369,106
775,179,201
198,52,0
82,30,10
202,75,47
181,41,36
0,0,243
2025,0,0
663,284,0
0,37,32
1797,594,437
2093,0,332
447,0,0
90,33,33
65,29,23
0,1275,311
2782,1535,676
1986,528,228
0,0,182
581,0,71
779,292,85
1378,489,156
1501,651,250
1488,520,448
1859,827,0
2238,866,308
0,266,25
3241,1663,0
1382,618,143
0,458,80
0,0,428
1710,650,0
2859,1269,0
2396,710,333
2363,971,0
0,0,222
1079,478,94
845,260,233
0,193,74
3190,1301,304
0,760,0
1305,313,400
0,248,231
293,112,72
0,1250,298
0,676,742
142,26,9
0,1938,399
820,0,157
2337,0,608
126,0,0
0,169,44
0,76,83
559,0,106
166,75,26
0,0,138
2939,0,355
0,640,434
968,413,248
0,0,387
177,60,0
0,429,0
1485,356,121
1038,0,250
209,0,52
2729,1069,787
3192,0,408
903,0,236
526,177,51
2288,1005,0
2618,1142,0
1398,0,273
634,160,82
936,0,0
1229,409,170
1331,0,366
2107,760,585
149,0,56
0,448,223
0,1765,425
0,249,389
0,1591,553
0,288,196
73,0,29
831,177,217
0,842,391
542,213,139
593,182,110
929,338,0
2390,0,545
377,93,87
540,109,0
112,39,18
1615,623,242
1815,665,0
0,480,289
0,185,99
0,183,0
1810,0,0
961,0,90
2858,1459,0
2974,1462,572
0,357,0
2002,825,169
616,281,0
1140,0,0
1410,633,361
1660,635,0
197,45,35
0,66,21
650,181,35
3065,0,0
1457,333,0
256,0,53
1597,721,259
979,386,0
0,728,365
733,330,0
0,1151,541
1565,550,234
457,170,0
1359,690,291
2557,1598,205
478,131,81
2007,729,224
193,28,35
987,145,176
595,262,79
2535,1202,0
1154,359,316
306,177,101
588,257,81
453,0,59
2591,749,1015
0,164,0
431,131,95
2387,1092,223
184,54,35
1654,544,0
2767,0,741
925,216,95
1491,363,0
1260,479,0
2126,0,192
851,0,0
58,0,18
999,242,168
3120,2071,522
2133,721,333
1658,498,465
2255,0,431
169,0,25
1901,0,495
0,10,8
1216,598,109
1206,0,0
2371,0,691
0,179,139
2183,998,359
2943,1478,0
0,0,308
879,119,262
2473,933,0
116,20,0
0,104,78
1610,301,562
113,39,35
3215,0,315
0,756,284
2905,1529,434
830,0,128
0,120,0
409,140,76
0,252,161
517,201,120
202,51,41
1020,401,0
1684,586,227
1312,391,284
2856,1145,447
777,216,213
0,800,0
2086,954,313
0,133,92
947,256,242
143,30,34
3106,1414,224
2394,802,0
1745,0,207
1182,372,382
1272,403,364
1238,467,0
1686,801,0
1988,881,535
1325,0,148
586,175,109
553,172,44
1155,511,132
307,76,71
1710,774,350
582,193,57
3040,0,0
0,139,96
3097,1125,418
954,302,70
1426,259,368
585,162,110
1699,412,162
962,397,93
817,258,198
2563,0,786
0,125,68
885,253,173
350,105,47
1007,322,322
1050,198,0
0,0,154
2798,972,374
2185,915,603
693,149,55
0,350,301
131,53,25
886,360,81
1150,483,272
1912,329,168
2978,1113,0
774,185,74
1447,597,0
299,101,56
124,0,12
109,25,17
1174,437,219
609,171,0
1684,469,287
901,390,263
1963,938,427
2216,864,899
1786,467,556
0,264,198
183,36,57
0,116,28
50,5,5
0,415,229
1896,642,416
848,324,0
1601,652,124
325,134,27
0,576,276
0,596,349
92,0,13
162,38,46
422,143,0
810,209,274
2140,550,0
2914,1567,0
2635,1185,612
0,684,390
976,501,0
0,0,245
516,189,97
0,690,334
495,0,128
169,0,43
326,102,85
227,89,26
366,94,29
1200,481,64
126,26,36
3156,1480,0
2142,0,490
775,0,0
2601,1102,275
1151,371,109
429,98,104
0,404,301
1668,759,379
787,292,200
434,0,67
490,144,43
581,0,80
1502,604,0
0,40,14
1549,699,461
552,165,0
0,96,75
0,1086,388
1601,858,242
0,403,324
2912,1948,597
0,1184,213
0,735,178
1503,673,0
0,62,0
1391,608,401
726,244,82
2168,795,0
1912,0,291
1357,400,342
1273,0,222
724,198,49
2249,665,246
2891,1779,0
999,379,176
1146,304,128
577,0,56
0,245,0
1928,376,364
1768,0,335
1295,0,285
0,63,58
1881,509,0
0,363,347
1230,407,230
238,0,69
0,26,0
1417,767,224
606,172,47
173,93,33
2303,951,647
653,262,78
2346,1366,406
1725,0,492
0,16,51
1998,636,295
560,189,0
343,112,52
1107,224,281
0,73,28
110,55,0
2225,738,215
248,29,50
3326,1575,298
884,285,270
2566,1102,263
2649,0,373
618,203,0
2771,1143,747
0,491,0
2496,0,254
757,357,0
900,296,250
430,173,89
0,326,127
0,1322,0
2487,951,143
129,0,0
2171,833,152
0,0,63
1642,727,271
823,421,131
0,0,140
600,308,111
1683,1003,218
446,139,0
1731,687,254
69,24,4
1173,230,145
819,303,133
2327,1199,273
0,281,183
2049,810,0
996,0,157
1314,338,409
1731,543,476
1503,0,0
666,145,140
1514,450,216
0,1201,397
0,295,176
869,343,0
685,0,0
1827,0,514
2351,0,284
471,173,0
0,602,450
0,154,59
516,102,48
104,36,29
1992,858,0
1571,0,353
1889,856,0
87,29,0
943,0,215
0,0,574
1984,771,320
3181,1884,1043
0,466,214
2243,744,186
0,0,157
0,0,174
601,119,75
2181,681,323
760,169,197
2584,868,306
0,548,108
961,387,0
1329,616,295
544,259,160
2641,846,837
1890,664,461
447,129,100
2003,0,0
2343,522,0
122,29,30
2432,1390,611
3485,2262,344
559,121,57
1309,0,0
1467,382,176
2254,946,0
1147,0,0
766,276,216
1379,490,0
666,197,59
0,156,31
1170,152,294
2255,0,0
222,53,59
2989,1495,504
487,169,83
1929,898,212
0,0,60
131,0,40
1497,363,0
812,299,0
781,174,159
0,1073,0
223,54,35
2628,1283,640
0,466,0
0,415,0
2954,2407,0
0,432,97
1671,556,154
0,618,363
2270,0,603
2186,1011,341
1826,806,286
360,0,55
2117,882,172
0,160,129
0,205,0
514,138,153
2864,1600,0
2535,1841,742
1679,0,326
1127,303,99
770,0,83
1976,397,0
342,85,37
2774,1269,0
3208,1634,334
2245,0,241
0,103,106
2518,893,426
435,0,45
2518,706,607
2316,1241,0
144,52,0
1532,556,0
1676,546,508
1355,364,200
504,132,0
502,132,0
0,123,0
0,94,73
141,81,31
1594,441,554
760,279,85
1315,409,155
3081,0,0
513,182,165
0,197,0
0,1134,0
2358,1066,389
2237,566,260
1175,447,188
2026,912,208
0,248,225
1385,0,82
0,0,1126
0,220,128
1465,0,177
2622,1542,704
1052,355,67
762,277,46
0,0,21
364,85,41
1597,0,331
2638,1027,245
2350,746,382
167,0,18
276,92,0
872,0,193
840,297,226
334,128,53
1381,406,162
1956,1065,495
2152,0,0
2581,838,226
905,262,81
1974,635,222
2995,1725,498
256,32,0
2247,840,226
0,897,0
0,249,0
1416,397,174
1500,550,123
724,171,151
501,136,118
977,272,0
1947,669,0
766,251,187
132,41,31
762,171,68
2980,1506,277
1392,0,117
756,0,206
2402,843,589
1787,498,0
1849,839,0
154,40,39
627,234,130
2239,805,0
2753,836,690
1634,733,317
782,213,0
2067,603,260
843,271,192
0,387,243
1039,477,146
2570,708,671
509,197,59
2317,800,463
685,231,189
949,0,196
893,292,167
1457,0,129
875,218,203
1280,217,408
2778,0,0
1769,0,152
1961,497,610
0,0,56
0,1310,0
1260,424,346
2458,1381,600
0,539,0
0,0,344
2041,827,226
1465,556,0
178,64,29
767,364,0
819,0,187
304,68,56
263,93,53
473,169,0
172,68,0
1134,502,0
660,0,79
783,0,164
2504,0,0
2706,915,0
1804,530,0
0,392,272
1188,409,0
2877,1376,570
2061,1148,326
0,689,174
3119,1033,487
577,103,70
2196,753,234
1913,464,0
637,212,33
3331,1367,385
2016,573,170
1508,397,126
1037,0,112
328,132,79
2233,1038,200
65,16,7
2931,0,518
0,572,155
2777,1119,847
0,0,367
3254,0,263
1839,931,146
2580,0,709
0,0,617
789,251,188
1900,605,0
0,0,82
2112,689,253
1442,563,343
0,195,49
391,152,140
159,48,43
2838,0,366
3229,1260,362
0,592,474
938,345,267
518,197,90
1494,363,437
720,0,156
847,234,65
2788,1566,778
1401,341,170
1011,216,85
0,49,18
0,175,27
2577,1099,237
1391,431,153
284,83,18
2148,678,261
3099,1836,522
2451,1126,403
3067,1626,851
3021,1776,407
2936,1461,524
2338,1121,414
1024,343,104
0,80,50
270,61,47
529,0,64
1968,810,0
1256,529,0
130,29,0
928,0,173
86,0,0
1376,0,262
1577,589,411
168,64,31
929,358,81
178,44,41
3118,1099,308
282,0,37
707,199,103
1528,0,0
622,0,88
3018,1359,0
2548,890,662
533,0,128
28,8,5
1574,0,343
2126,0,247
708,287,58
2390,0,459
0,0,6
730,174,0
216,54,0
0,207,154
831,430,200
404,158,61
0,0,296
865,261,0
0,541,165
0,450,294
1886,712,0
267,0,0
260,81,0
0,0,17
2714,1333,385
0,492,0
1151,255,190
736,196,185
1382,0,0
988,0,115
0,461,104
742,246,46
706,215,58
663,193,99
1145,372,126
0,164,133
1742,601,190
1230,372,138
2516,792,413
1461,514,107
2866,1316,271
2130,771,397
262,82,58
1772,909,457
3017,1361,718
2162,1015,143
3001,1622,770
908,292,206
2817,886,737
2689,1819,392
1522,432,208
219,73,12
2746,1195,450
475,238,102
0,683,661
1433,522,0
430,0,0
742,0,69
1525,432,0
0,640,775
0,807,0
529,119,54
961,213,164
1396,463,376
74,0,7
249,30,27
0,589,542
0,545,216
1843,0,428
1307,284,375
1663,711,322
1054,507,119
0,321,0
1184,382,0
0,597,238
2177,487,213
2570,0,435
54,27,16
0,27,25
139,29,19
939,248,201
1649,0,326
1233,416,201
2222,877,0
1594,0,550
2978,1663,450
146,44,0
3121,1817,1108
955,324,124
1790,997,410
1021,269,112
2523,0,753
1136,263,257
1066,437,0
0,151,146
297,95,65
0,313,121
0,0,464
1203,273,348
1317,528,325
1396,451,268
2446,958,484
1624,0,346
0,1345,382
0,0,87
1046,348,227
0,42,23
997,352,154
1806,953,0
768,212,0
1330,395,241
1859,0,208
0,535,122
692,336,86
0,493,161
0,733,240
0,1400,0
649,233,0
2839,1018,0
1830,577,398
356,118,128
2667,942,0
380,115,89
0,44,0
0,1457,388
814,222,89
601,88,128
0,1569,915
244,76,56
2272,1087,511
699,196,163
0,2003,484
2852,1113,338
2089,876,0
2278,0,300
2447,1465,669
2388,0,229
1933,731,586
120,28,37
1178,0,246
702,282,198
457,187,127
918,371,164
883,345,98
1212,0,426
610,175,118
575,179,125
2573,1165,249
1612,689,193
1530,1068,388
0,368,324
214,29,53
0,809,273
2541,873,236
548,0,176
841,324,79
0,0,189
865,191,205
27,0,8
428,136,76
1858,488,0
1731,304,0
928,339,184
121,41,16
132,21,38
0,174,95
157,90,0
882,275,142
862,317,227
613,217,114
1659,397,210
0,0,89
0,307,172
104,26,18
0,127,52
1859,782,152
0,813,541
750,314,65
2450,0,0
1617,0,0
1089,429,102
2534,1329,285
2762,1277,310
2889,2080,0
0,1253,0
1330,460,104
0,993,188
356,92,36
2167,908,535
1344,530,308
0,409,0
278,78,56
220,50,0
0,34,0
1149,471,83
1502,696,0
818,342,165
684,354,129
1410,373,107
360,80,92
403,101,62
2687,1145,644
2370,0,612
0,328,165
0,0,229
0,0,139
1840,587,0
0,175,65
677,293,89
1005,426,228
278,81,25
150,37,31
165,36,29
0,6,6
1056,518,178
712,176,220
2287,771,613
570,161,155
638,0,81
601,121,144
3384,2346,280
290,99,81
1161,491,75
385,71,53
400,0,0
119,36,33
0,494,120
2959,1162,253
1781,560,146
175,65,38
2240,914,365
1157,429,203
0,341,106
1064,281,149
250,0,52
0,537,0
2751,1572,647
652,88,88
246,54,22
3277,2832,425
340,0,26
0,1318,0
1857,716,668
1275,594,157
2653,1345,0
2019,871,193
2555,1128,248
1148,408,0
1460,689,164
378,0,51
2874,1080,558
0,62,0
1031,486,229
1137,470,78
2155,647,220
2784,1485,881
2578,932,399
1139,0,163
788,242,276
971,252,85
82,0,13
2038,0,247
2589,0,211
276,87,78
1581,372,0
342,108,33
659,0,0
0,282,108
0,845,665
117,36,17
0,587,384
248,61,57
1235,254,145
0,320,0
824,347,154
2491,0,634
2514,710,216
0,147,179
2955,1284,288
3021,1292,1022
2537,0,535
1281,0,0
0,421,271
3086,1007,0
3103,2377,0
1599,526,0
202,35,27
0,0,217
3361,2478,0
2102,587,233
3059,1521,0
1951,0,0
1981,691,168
81,15,24
524,153,122
2089,799,376
0,932,750
665,207,71
1492,0,0
2351,871,0
2563,939,270
2469,1080,513
238,99,28
220,92,19
0,570,169
0,0,353
2102,757,298
398,189,109
1362,627,143
0,604,373
1286,559,182
767,266,151
2937,1126,351
336,75,51
2516,1035,743
0,196,132
1027,377,0
405,126,49
2796,1489,333
1515,362,309
2239,1063,0
424,0,54
3089,2151,0
752,193,179
807,146,225
355,75,77
2452,911,613
1376,441,0
0,274,61
2715,1510,261
2808,1258,0
3140,0,381
1282,353,0
1179,481,163
596,191,74
771,0,218
1914,0,319
1974,755,0
2545,0,592
3130,2028,342
291,75,29
1303,0,219
0,0,211
1236,557,129
1010,0,271
2059,619,220
938,205,114
0,1002,0
429,0,101
0,103,127
208,80,16
989,423,110
1454,779,250
0,0,95
1236,589,116
1344,0,0
0,140,53
1210,422,0
0,1371,158
131,38,14
0,15,20
0,0,415
86,0,20
2615,1165,333
0,321,159
0,2040,430
2199,1000,0
1895,836,412
2780,1209,547
724,278,144
975,347,86
866,0,111
2418,836,0
1529,626,0
657,218,173
348,0,39
99,0,15
692,197,166
2307,864,194
1531,0,143
324,0,110
0,310,78
132,0,32
2015,793,398
3040,1088,282
89,16,0
248,72,66
1278,0,249
0,78,25
1813,746,350
203,65,41
162,42,43
0,0,74
2382,0,762
2225,528,0
583,120,45
653,0,0
669,254,0
380,69,0
2658,1561,741
877,472,63
675,260,75
450,94,40
2223,818,0
0,637,484
0,0,167
0,690,904
1844,0,316
2378,790,666
1915,537,566
0,571,151
2268,709,317
1177,284,110
1926,778,158
683,288,73
698,200,155
1435,0,86
2726,1599,0
0,603,0
2638,1272,243
309,89,0
0,826,149
2243,1047,236
1879,832,218
147,0,24
0,684,395
1239,0,0
1283,381,0
2060,0,327
2238,885,681
165,45,21
0,0,109
2763,0,282
1965,894,353
1208,572,226
0,0,270
220,67,38
846,249,98
746,0,0
2483,0,0
936,442,0
1715,783,449
136,0,16
185,64,31
2596,1045,267
2130,0,599
79,0,11
0,468,41
2121,0,0
0,592,178
138,48,10
122,45,9
2479,1161,222
1186,521,95
2662,0,562
1956,897,240
753,260,0
562,152,0
2359,0,239
1033,332,129
870,297,82
138,0,0
666,189,136
0,73,57
967,369,97
2049,0,0
0,100,70
0,1342,396
175,56,31
1703,529,492
2748,1210,213
3010,1403,785
0,334,186
554,184,0
1729,664,496
379,138,21
1913,0,437
773,286,0
2082,0,403
44,4,9
1852,698,414
667,231,157
1532,696,253
2682,1412,269
2331,1000,236
1406,0,301
1365,349,0
2202,890,547
198,44,45
2353,0,280
0,0,335
109,24,31
0,116,88
289,104,69
986,361,0
179,58,54
2425,0,688
1675,0,259
1621,636,0
2091,779,164
37,10,0
862,0,91
0,108,23
810,192,175
271,17,62
0,0,264
1027,216,0
534,126,107
0,85,0
1523,294,385
72,0,14
1503,553,400
148,0,40
700,0,134
1615,804,145
2419,920,216
1034,0,74
0,1671,786
900,0,0
103,24,0
1578,479,108
1246,0,377
0,331,377
1208,308,379
2243,925,240
258,0,64
1932,547,545
760,192,0
0,319,0
2419,0,543
2152,726,185
544,0,149
1277,486,288
2219,0,208
0,50,0
0,170,54
688,262,70
1315,0,163
1514,0,435
1337,620,221
43,12,0
1137,283,175
190,67,21
1292,393,272
0,173,0
2649,1350,578
333,0,68
2624,1273,0
1373,494,0
425,252,0
1269,430,113
569,239,45
310,125,20
259,0,25
889,0,0
554,0,55
103,41,26
0,667,160
473,203,56
0,618,425
1542,0,263
1773,0,509
0,0,844
2425,1496,583
660,114,100
1803,0,292
2088,914,218
110,48,18
608,264,56
509,132,131
204,52,0
209,0,68
2314,1180,0
875,252,100
1008,460,0
0,0,236
975,0,105
2783,929,0
0,0,178
629,238,109
679,0,110
508,206,0
1546,606,212
322,0,62
1928,0,359
1040,352,97
0,158,270
668,263,75
1334,581,101
876,0,83
1384,422,286
2651,1508,881
2953,1565,0
2768,1624,348
3071,1636,0
813,210,200
621,202,145
1879,425,611
2204,826,254
2249,956,170
2096,971,264
2351,1246,0
465,168,0
821,194,137
154,38,22
149,38,22
2299,0,354
0,325,0
279,0,31
2434,1033,0
1564,574,423
0,252,0
41,0,16
358,147,62
222,51,37
1374,622,240
2190,1102,0
702,229,118
0,47,39
931,334,230
2380,862,244
532,147,107
2540,821,0
1480,584,167
2757,1513,532
2020,827,230
1210,491,143
925,397,259
215,58,13
2222,1029,682
130,0,31
1389,553,181
720,272,69
537,0,52
3061,1689,806
2919,0,0
1325,269,243
1647,566,344
549,179,94
764,221,0
1531,387,137
1121,0,98
0,0,367
206,81,35
0,78,140
2083,878,711
71,30,14
1895,577,412
657,249,73
291,65,67
3076,1476,437
2089,791,250
151,0,38
0,229,0
156,41,30
184,57,46
1702,574,256
2020,1114,206
2285,683,666
1410,242,96
0,661,460
0,1209,594
228,69,73
2106,916,543
1660,738,260
1961,755,0
0,0,11
0,1080,342
2769,1817,659
0,1094,819
2390,0,556
2186,1092,0
0,123,47
944,322,248
592,165,51
327,102,64
1796,608,206
1310,432,370
0,472,242
588,228,46
2244,1217,710
437,111,89
223,48,0
1841,527,315
1223,393,94
2306,814,0
0,0,186
512,88,79
2024,847,525
844,0,238
1547,727,353
1421,0,152
1107,340,230
761,261,126
81,34,12
0,227,114
1412,0,0
2564,917,235
0,436,0
98,14,18
295,105,70
2579,1269,208
0,32,0
524,126,138
1940,780,323
1293,464,0
3026,1602,471
1316,0,228
2080,0,217
386,98,97
1954,1254,214
2205,0,604
2346,979,511
1754,0,356
0,1564,675
806,0,97
3059,1545,243
854,313,101
36,10,12
2765,1185,457
414,109,107
0,0,22
376,151,99
1104,347,220
1554,0,312
199,72,24
97,34,10
182,70,30
856,348,83
1999,729,0
1464,422,346
412,98,24
2375,1063,370
206,0,18
1705,993,181
0,1202,416
1202,372,278
1454,0,220
1783,0,134
712,212,0
1863,735,693
70,0,10
207,79,41
1272,0,202
485,0,91
1928,0,386
2928,1746,771
2605,1111,300
0,0,52
675,245,36
477,202,44
909,190,142
1199,481,126
2946,1662,410
1445,397,0
0,57,70
890,251,107
1831,584,489
2508,895,0
0,1280,0
0,1064,176
100,40,0
733,234,55
0,733,248
111,42,34
320,107,67
0,690,0
538,183,0
851,213,82
215,119,56
142,92,39
0,1871,0
892,474,108
977,0,229
1840,574,0
1137,0,361
3086,1162,310
0,814,188
1828,452,508
941,271,0
98,0,0
1772,899,0
2521,975,605
0,1493,437
1795,586,155
0,1092,392
0,0,266
2677,1252,0
794,239,286
0,1728,341
1828,685,0
155,50,28
2279,1225,207
2380,1407,427
2494,1470,231
1094,194,146
0,224,107
705,245,165
2445,985,405
2242,0,624
2821,0,1093
1479,640,0
1765,838,0
181,61,31
0,211,76
1310,296,231
0,0,126
0,188,142
921,373,247
2886,731,500
1141,445,253
442,157,81
1939,646,178
190,62,26
2501,1068,665
1679,0,0
1071,370,111
116,6,18
838,192,187
189,94,40
0,1254,183
301,93,69
3120,0,308
465,246,47
1181,545,154
2072,0,428
105,36,0
1354,513,344
365,151,29
456,116,106
0,18,20
0,199,72
2482,1041,861
1975,974,168
319,79,67
171,53,24
1309,702,0
0,0,681
255,101,0
2027,905,433
0,350,145
2252,1333,633
0,142,142
1314,0,0
2316,885,0
2246,1034,331
1473,481,0
0,1581,223
217,60,63
3035,1658,0
2140,668,362
3057,1163,476
0,448,0
962,339,75
1445,540,222
771,273,117
1757,1041,0
388,226,137
0,1212,319
1894,733,319
1225,356,130
3000,1361,317
979,476,112
735,194,123
2173,0,0
0,0,277
1460,0,284
2245,1233,297
712,263,64
544,193,43
1948,1134,430
2517,1058,275
121,39,33
1527,517,232
2095,738,127
306,80,0
0,545,201
0,0,606
2815,0,410
2306,694,581
0,1264,520
0,461,135
1883,0,192
1776,448,183
2982,1593,646
269,43,56
0,135,82
636,218,0
1919,1039,165
2834,1443,279
512,186,153
0,112,78
207,74,75
0,1145,377
29,0,5
0,427,129
0,448,0
0,71,81
405,104,98
0,109,0
2799,1376,493
0,716,445
232,82,77
134,36,0
918,375,0
1304,630,120
1121,469,95
157,60,21
2195,730,0
763,166,259
2490,1427,0
2256,1143,509
1045,0,0
2482,0,0
328,145,18
0,399,124
2835,1970,391
930,410,145
0,140,62
0,111,0
1557,439,384
0,328,0
0,1230,0
106,23,43
1442,635,171
3239,2472,623
2647,1631,257
1317,453,0
1474,591,131
0,615,170
0,49,81
1667,704,0
2747,1221,398
761,0,114
1068,355,73
1030,408,316
725,0,0
2229,1045,0
759,266,123
115,40,17
1553,638,129
317,99,0
17,2,2
0,113,55
2430,912,445
0,1148,799
2843,1503,1082
827,0,112
131,58,0
70,22,8
0,36,10
1339,474,345
865,385,79
2243,931,0
74,20,8
0,0,20
3129,1667,401
0,0,366
412,0,0
0,511,395
2881,824,445
0,688,264
952,0,111
172,53,45
0,639,383
1415,839,286
1318,0,124
3019,1640,0
130,10,0
986,0,0
1651,0,247
165,101,52
0,226,0
307,38,79
240,30,61
0,39,35
0,16,18
241,74,32
2344,1050,737
0,157,115
2660,1333,0
0,818,0
1925,687,0
1477,635,0
51,19,11
650,83,105
0,0,191
806,255,74
0,661,248
891,256,178
53,14,0
183,34,40
1808,788,155
2485,0,404
0,567,110
517,234,50
0,200,39
2963,1110,360
562,92,49
301,54,27
261,38,0
2491,774,346
0,9,6
2348,489,387
1732,674,214
977,0,276
658,189,135
592,0,157
2871,1269,705
1410,0,232
855,358,100
2838,1896,732
2499,1215,281
405,134,45
719,0,67
582,169,41
334,0,31
2540,1280,0
321,0,64
313,41,86
1872,0,211
872,207,191
944,250,191
2477,1023,0
2792,2045,0
768,329,88
739,321,83
3119,1386,762
1024,490,212
144,0,18
2005,768,0
0,1541,605
2813,1322,0
0,451,0
0,493,126
872,269,93
1764,0,0
1496,510,235
2324,867,251
0,29,17
59,6,14
0,0,193
0,457,267
286,0,23
1774,1259,382
977,711,0
0,153,266
1070,0,0
488,0,131
0,15,17
995,274,0
989,229,306
2757,1178,225
1395,0,0
1020,356,228
183,0,40
0,115,92
496,236,52
2285,688,195
1674,526,143
2310,1208,190
1734,0,565
1581,319,156
2297,830,720
1432,0,239
1063,346,0
1882,0,0
2809,1217,0
1510,552,175
0,0,23
1781,503,0
576,185,99
0,524,450
0,612,508
618,145,0
50,10,8
0,10,8
153,0,12
310,84,0
664,333,0
2059,748,692
1759,838,303
0,272,155
392,0,84
0,329,0
2872,1107,247
2309,0,699
1637,482,277
529,198,0
1269,552,120
3208,1430,476
2778,924,414
1757,571,0
1971,856,244
1234,523,142
2156,1022,0
1181,410,0
0,1929,281
463,178,97
798,132,345
456,106,108
2541,797,521
791,326,116
940,187,350
463,118,135
166,39,49
301,111,38
0,35,0
2104,970,305
1671,0,0
2586,951,569
2152,1069,336
973,297,0
2426,1393,295
2032,817,631
0,0,118
586,202,84
531,129,171
0,41,15
612,0,86
1674,672,161
1535,767,366
2189,998,255
2254,1079,169
1724,811,129
530,268,40
0,321,140
527,165,37
2148,884,199
2409,1056,338
2157,737,182
686,206,0
2061,0,0
1145,360,0
1505,571,365
0,0,173
2940,1528,794
2459,891,310
0,74,116
858,255,70
1112,355,248
277,110,36
0,0,32
822,271,142
94,0,7
2069,709,240
135,42,25
528,139,0
1999,750,0
1649,681,150
434,160,130
336,106,97
0,357,207
2103,933,209
810,304,106
0,364,184
991,0,216
2611,1476,0
158,0,61
488,173,120
208,0,40
542,209,74
1233,0,297
319,75,43
1869,803,170
2093,529,420
1686,574,0
760,174,199
0,382,222
0,0,368
0,370,0
0,165,116
2222,751,601
1042,255,165
458,135,104
372,69,44
0,1106,260
0,561,0
197,93,23
752,341,178
2639,1180,710
0,64,30
0,40,15
2528,1368,0
0,0,12
887,359,193
313,87,0
893,273,0
839,240,147
717,0,61
445,55,121
590,305,160
2715,1249,331
2159,840,199
983,388,89
2527,721,0
1754,607,217
701,288,158
88,20,8
2412,1352,606
2133,0,255
101,0,28
2645,1274,657
1158,383,106
0,280,75
506,0,66
199,74,12
0,57,23
0,53,75
82,0,0
1748,663,0
1069,393,156
1775,933,0
1030,574,127
1141,267,207
2540,877,356
1648,656,0
1594,636,182
2606,1131,317
1238,154,350
1567,343,182
69,28,10
1094,453,147
0,0,271
1747,1027,149
1323,454,0
0,188,118
1994,1191,442
1525,568,233
1477,0,0
1876,1245,0
1349,219,250
211,0,18
1408,532,0
106,34,33
946,0,79
0,42,67
1966,0,0
0,299,0
0,327,0
1363,0,0
364,136,100
2007,1025,452
1368,484,115
1287,525,150
2232,1616,313
1298,558,217
1871,753,230
453,110,66
1799,555,160
1352,287,530
277,43,34
348,107,0
0,699,612
215,75,41
2174,0,156
0,31,23
989,0,122
1950,1160,703
1613,837,118
1124,333,246
130,28,27
1752,775,168
1226,237,102
2546,1850,527
396,97,54
755,370,73
16,2,1
102,17,14
1037,471,352
1508,350,121
416,131,39
191,51,18
0,25,42
793,291,0
1351,628,202
1864,0,0
2422,0,417
1284,484,0
0,0,116
1398,648,121
781,400,108
922,404,80
0,285,133
84,0,12
318,80,51
1039,172,0
0,0,106
1110,535,291
1274,481,151
551,194,186
82,33,0
1237,316,101
362,0,56
991,372,158
0,42,47
2162,855,681
1655,0,0
2151,1118,408
1748,578,219
580,199,76
729,170,152
893,297,68
1468,556,308
93,32,18
298,0,58
2127,1129,221
1052,346,117
268,88,44
292,0,58
96,6,17
1798,486,0
0,58,25
243,62,26
895,348,209
1919,670,465
940,0,181
0,682,106
1771,0,210
0,227,246
146,0,0
2100,1061,563
331,110,33
118,24,22
1227,467,279
0,747,127
0,239,179
1961,772,186
1206,557,118
1706,0,181
1945,652,629
0,477,104
781,266,213
0,282,73
1804,0,300
2181,1189,213
527,120,72
1744,0,426
2087,798,281
735,324,225
0,215,123
1192,570,100
1957,630,257
1404,436,171
0,84,26
122,0,21
0,0,128
1006,430,127
0,80,55
0,165,0
1345,526,374
1121,549,306
960,148,101
766,161,177
179,36,25
2183,831,159
2000,950,149
0,749,168
0,1,3
1657,583,443
0,826,161
882,208,153
279,51,0
52,14,10
827,0,147
1080,348,102
370,81,67
357,77,63
785,271,287
1503,0,277
98,23,27
1140,324,0
2331,1558,0
1098,392,209
481,152,122
1418,0,0
149,88,19
0,0,294
42,0,12
550,213,102
181,54,28
369,159,74
1729,0,133
0,665,0
0,808,325
342,116,77
713,209,196
2307,1057,239
388,100,120
213,50,57
175,50,63
0,76,0
307,115,0
0,0,59
369,0,104
159,39,61
122,0,43
0,181,0
713,228,109
851,0,0
0,186,245
0,256,239
0,179,140
711,166,100
0,0,74
2134,705,328
1219,0,97
1273,500,106
887,326,70
0,1088,334
330,0,52
1583,412,333
0,55,18
2289,1280,746
2230,1255,128
1127,0,135
2010,695,408
2983,1786,314
1087,438,300
348,122,63
328,125,60
920,0,138
3013,1485,320
1289,534,138
0,0,48
2581,1134,0
820,133,0
0,65,0
1661,0,166
0,119,37
229,77,15
0,882,127
477,134,119
710,0,0
2022,1004,0
1541,723,249
2541,842,0
644,181,99
0,1377,0
1061,227,260
0,625,335
119,51,27
0,0,230
2233,905,0
0,0,299
0,216,290
2133,1055,250
0,194,90
1659,766,407
1764,459,158
2756,1289,757
1191,375,365
2012,962,0
0,131,131
862,273,72
291,81,21
878,276,145
2642,1170,218
0,88,31
338,116,45
2010,724,594
0,704,455
2034,791,0
376,148,52
0,0,293
147,71,18
1876,874,483
0,1459,886
0,78,39
792,285,121
3167,0,0
2640,1095,247
0,0,512
1322,402,311
2010,0,525
2136,1077,0
1789,498,409
572,0,28
1326,387,256
387,0,78
1487,401,0
0,242,188
0,618,171
475,165,0
2151,0,238
0,118,0
0,281,157
0,596,277
0,131,58
0,164,30
256,0,49
1627,636,142
638,232,209
1616,330,480
2052,765,0
444,200,0
0,151,0
655,265,49
0,193,116
0,100,36
0,375,132
0,275,143
0,325,155
68,2,21
0,33,28
198,67,70
2607,1169,854
2379,0,171
936,347,127
1056,333,315
809,247,238
247,86,77
0,522,212
1239,467,0
196,58,28
1721,721,0
0,305,136
2293,720,330
378,85,46
876,0,186
288,110,27
1158,284,122
1209,307,261
682,413,0
892,0,264
1507,0,150
392,99,0
499,188,95
795,275,68
185,56,16
2124,799,159
701,121,152
1312,323,0
1457,538,141
0,263,78
0,275,63
1482,0,372
0,8,9
601,126,0
1092,467,241
2559,1008,917
2076,0,319
857,0,145
1521,543,145
0,388,105
1727,529,263
1149,541,260
1783,0,302
786,152,201
0,1330,262
1072,303,311
0,38,55
2982,2112,622
0,28,38
0,1107,475
0,280,378
429,112,125
368,0,37
387,166,74
2956,1070,0
1686,666,145
268,101,40
643,302,0
831,436,172
663,217,155
309,72,28
1072,222,0
0,0,390
1416,763,202
0,7,14
841,346,0
177,0,26
395,115,0
2193,1089,0
0,587,0
821,374,158
598,213,71
480,0,126
1173,347,137
0,925,192
252,101,24
1973,967,284
2178,716,214
0,480,0
768,0,143
184,47,39
172,25,0
265,153,32
2298,1614,831
100,33,9
0,536,120
1254,356,194
238,83,46
575,144,109
0,1394,673
956,357,260
0,58,0
860,0,158
1016,0,0
2158,1119,721
393,0,43
399,81,149
2178,1096,684
2485,1068,0
161,0,23
0,273,0
2531,1457,0
0,258,149
2351,1069,558
0,104,155
395,183,114
2057,988,165
847,338,133
1797,511,0
2330,0,275
2805,1382,0
869,273,78
244,62,0
1019,0,0
0,312,0
2777,1851,344
317,93,76
653,173,0
2470,1053,0
754,132,0
0,33,0
2800,1248,391
1856,779,497
2409,871,538
2434,0,283
2116,666,0
0,0,709
2040,588,293
2496,1478,259
248,84,55
2553,1594,0
2728,0,244
741,0,0
956,0,166
0,97,23
156,37,16
2400,1291,255
0,850,282
0,0,187
0,221,49
1469,540,138
1923,844,412
642,302,158
971,268,0
1974,0,246
0,2010,0
2862,1417,369
2409,791,497
870,329,110
633,137,0
2177,0,203
260,74,22
0,82,0
196,40,27
476,201,48
0,0,17
0,73,27
723,200,52
789,257,147
2482,0,627
1800,796,319
2153,1115,485
1426,636,0
952,341,225
0,67,32
247,122,60
313,102,0
2179,820,231
1174,0,255
2820,1007,900
111,26,11
212,67,54
2487,1106,329
1325,0,0
1533,0,0
1118,437,243
2171,1185,268
0,646,0
319,78,57
1132,213,105
1283,0,0
95,20,0
1339,530,129
866,457,81
998,350,164
311,0,32
2159,0,0
2638,781,0
418,79,44
1089,350,254
0,403,163
584,178,165
1399,626,391
1584,383,220
2214,1021,203
1305,578,117
909,443,86
664,250,81
2337,0,303
392,110,0
1006,261,129
0,1080,0
1007,159,226
270,89,15
443,107,40
0,586,527
620,320,74
0,149,174
1886,0,322
0,0,139
776,197,191
1775,1028,241
0,1289,306
161,12,15
2059,915,168
0,570,297
388,0,59
2718,0,0
0,399,282
215,60,77
752,264,0
957,443,315
0,93,0
976,338,338
2512,1661,726
1037,0,189
1982,557,748
383,137,0
0,10,8
0,430,127
2318,827,453
2271,764,302
983,397,162
0,568,157
393,105,127
0,56,56
1583,422,543
1556,928,310
2087,917,297
549,122,70
338,69,0
2513,1301,379
838,243,106
0,0,255
1091,384,0
2471,0,475
69,0,0
76,0,20
1148,0,0
683,278,51
0,1107,209
1956,943,0
0,0,264
0,176,33
135,0,0
0,142,0
44,16,10
904,294,169
0,129,0
268,103,61
1984,708,348
905,432,89
1675,0,210
2699,0,190
1051,312,176
2690,0,416
529,167,0
509,178,40
1870,549,293
200,0,17
98,38,26
151,51,24
91,53,22
2158,0,775
864,277,223
0,946,343
2356,1469,0
674,0,0
0,665,135
1926,802,540
1411,0,452
657,254,0
1223,646,431
2116,917,499
1319,669,277
2241,0,0
2268,1117,327
1398,641,201
158,44,39
531,183,0
0,432,183
0,0,456
0,0,11
2791,1154,384
262,74,39
0,190,0
631,184,76
383,0,105
2135,1163,671
1688,923,221
1348,0,426
633,295,107
1865,470,176
233,89,34
1468,461,183
1638,566,394
208,0,31
1101,276,202
198,36,0
1697,0,187
137,62,37
321,0,43
195,88,48
36,9,3
1462,663,104
622,0,76
0,1218,570
2137,1098,704
502,197,119
1012,261,113
1193,543,129
0,744,0
824,0,199
2573,1292,302
0,606,500
2857,1564,376
739,213,162
720,208,158
1148,0,320
1743,717,512
540,134,0
227,81,49
1197,274,119
795,201,80
628,190,83
126,24,38
101,17,0
25,0,12
416,172,66
153,44,25
1319,0,0
2092,0,226
0,323,47
1133,307,233
0,386,163
1545,496,0
625,224,81
0,434,99
0,169,22
1399,586,359
0,480,0
363,0,79
619,261,58
0,586,160
896,367,202
0,432,245
0,127,53
2228,0,0
0,339,194
735,204,0
1641,541,121
1490,443,195
1776,0,198
2455,1668,247
0,482,236
272,80,44
2383,0,502
128,29,26
1494,0,143
2096,0,693
0,940,192
786,0,57
1422,595,135
1422,570,163
1895,769,449
2302,1886,488
108,57,29
0,1242,151
0,964,174
0,341,0
0,49,0
105,0,18
1620,535,296
0,105,98
2008,1124,396
2823,1350,612
0,142,43
659,325,52
1667,0,152
2190,758,420
2448,1046,0
0,872,0
496,133,157
0,61,57
986,254,89
0,632,125
1451,375,0
1632,0,0
2536,1155,220
1669,590,199
200,55,0
429,122,68
797,412,109
2024,544,229
786,286,122
1649,623,276
1373,628,157
0,0,143
2552,1225,313
2219,0,0
1761,857,164
2308,1038,373
476,242,57
2164,0,0
279,0,48
2804,1830,0
2666,1314,0
2098,638,0
147,63,23
1615,586,174
282,143,35
1694,835,0
1983,0,503
1642,474,156
272,51,39
446,196,93
556,122,150
1632,325,245
1134,555,146
1932,557,668
1114,505,0
0,1131,0
709,293,91
304,125,62
1280,0,138
0,932,220
2513,1116,0
1610,669,342
903,447,168
1035,340,244
960,397,0
1878,481,398
2524,894,298
1513,645,451
76,5,12
1831,1089,195
773,239,90
510,176,63
2280,976,835
74,29,32
295,134,71
2500,983,533
1881,767,403
447,178,121
156,0,31
2709,1920,565
1096,562,0
480,178,0
416,0,46
0,577,505
101,26,15
863,0,109
463,178,50
1044,434,211
573,156,47
2598,980,1059
0,606,0
95,23,26
0,152,121
0,318,50
1482,529,423
1041,465,290
1411,373,120
845,250,87
903,427,305
433,213,175
0,1879,0
2851,0,365
1058,448,0
0,321,105
262,117,0
256,68,31
1443,0,148
2852,0,302
1464,753,0
1662,690,0
1646,777,362
917,0,0
926,0,62
547,230,109
1326,0,337
0,872,0
1266,349,0
600,203,0
0,747,542
2408,1070,395
1980,857,0
395,84,50
486,0,0
1231,417,186
870,314,232
1102,0,337
283,77,31
170,55,23
1211,331,99
1107,341,107
0,205,41
0,171,0
2097,1080,0
2323,766,326
2259,1054,0
469,134,61
1621,879,204
1758,480,334
0,331,96
263,91,72
0,43,42
2239,972,305
1622,0,213
2362,955,0
0,546,219
1809,0,0
73,0,28
0,25,21
0,1239,0
1686,965,0
1313,484,131
2154,758,0
0,60,54
2666,1771,0
1341,383,229
0,854,397
0,0,547
665,319,152
2037,1181,0
2258,1409,302
2885,1689,0
2784,1531,379
656,142,66
169,31,25
421,90,41
0,554,309
41,11,12
0,1675,291
68,29,0
2232,502,403
0,0,173
145,0,38
212,83,43
229,103,37
0,1102,660
510,209,107
0,105,158
1914,643,391
114,28,31
710,329,149
2538,1659,436
2803,1518,397
410,114,0
0,292,129
1163,365,333
0,801,231
0,0,78
2058,639,394
1793,483,567
923,242,114
0,322,69
0,285,47
2809,1816,470
40,14,10
0,0,42
1551,0,526
1882,638,275
643,0,0
0,129,90
222,45,20
2197,1117,459
0,527,122
2397,1205,0
128,33,30
0,98,52
0,0,585
2119,864,436
442,267,34
0,898,178
1183,551,100
238,58,60
0,504,0
199,0,73
0,432,164
146,0,0
788,411,137
0,248,86
1186,476,305
0,54,12
375,114,35
1989,846,486
1502,639,383
487,0,103
1291,517,157
2298,0,0
0,1217,201
189,57,22
538,262,0
0,442,262
2154,1143,224
2947,0,659
0,1321,0
130,31,36
1123,392,0
682,221,154
1888,866,269
2374,0,307
381,127,33
0,675,452
1593,748,202
1998,574,0
62,15,16
1614,448,202
1802,577,0
1428,496,152
1232,299,273
1843,715,242
810,186,181
545,168,0
1264,584,303
774,209,67
2570,1029,1114
2003,740,235
1533,1033,482
1140,595,118
0,425,0
174,59,10
0,889,0
1477,576,440
1560,613,0
1237,468,0
752,144,101
0,523,0
0,0,124
0,1539,403
1158,440,235
0,35,17
505,206,82
384,0,40
141,38,34
0,759,142
0,1246,533
1820,700,152
2374,1063,0
479,150,101
0,435,240
512,218,0
483,188,150
1424,769,353
1391,662,467
0,358,260
397,0,62
2222,1067,291
0,678,360
52,0,0
0,426,410
1728,1025,314
1599,445,291
1921,1104,0
462,160,48
320,106,31
277,0,48
484,113,95
626,165,0
2164,1196,475
1333,0,0
74,42,5
225,0,27
1614,0,168
416,0,0
560,241,223
1955,858,207
0,559,0
719,0,83
189,0,11
0,312,0
0,483,160
1955,758,235
0,683,248
1286,711,373
0,39,22
1365,307,106
968,275,0
561,0,0
3030,2061,0
2236,0,472
0,401,343
2541,1173,587
1123,444,95
92,18,27
1384,729,154
2836,1805,326
2802,2558,864
486,179,0
804,304,0
0,1078,132
2295,849,498
557,0,69
44,13,10
432,146,121
220,68,26
