5000 2
0,3634
0,2406
0,8754
0,1042
2475,9163
0,3437
3481,0
4014,0
470,8178
6720,2894
4868,0
7424,0
7909,2340
2196,0
1719,8777
0,2022
9372,0
8812,1164
5581,0
1483,7945
7414,0
0,4294
5449,4450
1695,0
8044,0
0,5679
0,3992
0,248
4583,4637
5291,0
0,8518
0,1237
5065,3491
5636,4761
6902,0
4907,0
8673,0
0,6869
0,9579
4250,0
3589,5493
6377,0
0,2988
3727,0
3245,0
0,6534
0,9722
0,2482
6664,3175
5222,4296
0,6822
5155,3961
3646,7002
0,456
1601,9169
4956,0
4801,5470
0,6834
5803,0
0,5903
2708,6106
5447,5577
3579,7682
3567,0
366,8701
0,8698
0,5962
0,8020
0,1161
0,5549
0,1799
0,2388
0,255
0,1064
8329,0
890,9262
3486,6828
5949,4083
7881,0
460,9399
843,8050
0,5479
6242,5000
0,5752
4057,5680
3868,5990
8461,2613
8422,3004
0,7489
0,1656
4061,6695
3504,5393
1769,6490
7614,0
9815,0
0,8598
0,4143
8274,1754
0,2585
3110,5677
4391,0
8204,0
0,2388
6502,4305
5835,0
6719,3140
9948,0
4859,5729
0,6641
6108,4562
0,6243
0,6127
6723,0
5675,0
0,4064
0,6455
6601,3551
6050,0
5183,5090
8202,1630
8428,595
0,6833
3548,6479
4616,6799
5259,0
3714,5890
0,2784
0,5968
8291,2775
0,3984
3204,6475
0,6220
8208,2288
2722,8152
3877,7123
2983,6449
4337,0
1924,0
0,7852
3349,7459
0,7448
1157,0
8091,1681
1107,0
273,9346
3049,7362
0,9779
6378,0
6171,6457
2499,6761
7660,1704
5178,0
6009,5070
6875,0
0,1635
6948,3037
8004,2142
0,6554
5603,4866
0,6644
0,4400
7929,3364
0,7818
0,4604
4608,4251
6166,0
367,9926
3511,4844
5405,0
0,1789
1852,0
0,2763
0,6541
0,6156
4380,5909
5178,4025
0,7885
7219,2291
8450,0
0,3630
5698,0
0,8718
7967,596
5316,0
0,8696
0,7011
8098,3498
0,7998
0,6398
6979,0
3895,5931
0,7712
0,1734
1221,0
1934,7850
0,3199
0,5784
4613,6033
0,3506
0,7274
0,8668
0,3613
7504,0
0,9164
5674,4562
2331,8553
3452,0
1853,9370
6217,0
0,8403
0,5645
6211,5010
3907,0
0,3336
9369,0
8120,1660
6989,0
0,5692
7954,1918
3767,0
4622,0
6368,3336
4584,0
9105,507
8640,1714
2285,0
0,8343
5623,3126
7769,1445
6049,0
0,6871
7750,3004
9264,363
7652,2561
0,2347
0,1516
9502,195
0,2083
0,3310
0,9063
5620,0
5617,0
4799,0
6027,4561
4254,4722
2816,7000
6531,4770
4821,0
6968,0
0,3826
3070,7085
9602,681
5862,3376
7090,2383
5250,0
0,5499
0,4197
0,4389
3967,0
3678,0
7053,0
2785,6844
0,7988
0,8223
0,4788
0,6659
6952,3508
9614,1506
1091,0
0,6889
0,1876
0,7933
5812,4245
4936,0
0,2794
0,8784
7686,0
5619,0
4231,0
3098,5924
2668,0
2485,0
5419,0
7281,0
1324,8859
3881,0
0,3703
3357,4986
2736,0
0,4314
340,0
0,1213
7285,0
0,2291
1593,8600
4585,5131
0,6467
0,9924
5197,0
0,4968
7639,1621
0,4564
2555,0
2310,0
0,6228
5613,0
3984,0
0,4439
0,7989
0,7091
0,4999
0,6615
0,6952
3547,4869
0,6659
2872,0
0,4116
9697,71
952,8746
5141,0
4317,4909
8489,970
0,2152
0,9781
1958,0
6957,2562
3675,0
3003,0
7928,0
0,3207
0,2829
0,6099
3138,0
7848,872
6031,0
2223,0
7681,2343
0,9073
1843,8333
686,0
9817,0
1017,9226
980,7052
0,2883
1449,8294
5825,0
219,8341
695,9603
2620,6653
2825,6624
9864,541
9054,0
0,2926
7568,2354
6766,0
0,4174
0,4666
1910,7639
7602,0
4680,5628
8647,0
3367,6701
6257,2627
8904,0
0,7467
959,0
1602,9435
7558,0
2438,7664
2272,8001
0,4725
6909,0
0,8459
0,3893
2113,0
0,4175
0,5717
0,4852
0,4959
39,7962
0,909
2933,0
6565,3552
3288,0
6994,0
7567,2118
5608,4863
0,7951
4556,5587
2177,7377
7812,0
0,4099
5766,4299
6147,0
9582,59
0,4640
0,5420
2138,0
6145,0
0,2405
5462,4753
3563,5615
0,4573
2757,7217
6139,0
0,6801
3083,6828
3775,0
0,4824
2950,8303
3089,0
2424,9267
3396,6840
5498,0
6538,0
3278,0
5451,0
3622,0
0,5101
9788,0
7420,0
6065,4936
4112,6642
6395,3349
5359,0
4463,0
4370,0
9216,1246
0,4565
4624,0
0,4722
3798,4636
0,3690
5518,4443
4929,5226
0,7484
6115,0
0,2944
3626,0
1431,7751
1529,7905
7738,1273
0,8257
5938,0
0,5405
4233,0
0,3018
3826,6400
6251,3811
1971,8761
4057,5108
0,4383
6028,5021
4949,4122
8119,3149
7594,1566
0,5529
6644,0
9039,1288
2525,0
2006,8338
0,7545
123,9764
3941,6342
3405,7297
3255,0
3910,7199
6351,2812
740,8013
2283,0
1026,0
4486,4580
9684,1708
4392,0
0,543
0,8215
7515,0
993,9239
4546,4480
1726,8515
1447,9678
8972,16
3211,0
7198,0
0,2775
7070,3924
7507,3931
8499,0
1611,0
0,9960
0,8729
0,2511
94,0
5244,0
5228,4317
2167,7585
4619,6900
0,4514
3322,0
5851,0
0,3873
4593,6005
6783,4035
0,5230
0,8957
5579,0
0,6016
5737,0
5021,0
3284,6164
4242,6140
2720,0
5057,0
0,2764
1717,8146
0,8704
3227,0
1269,7784
0,1826
0,1932
0,5573
5803,0
6240,4712
0,7580
3457,0
6947,2592
0,444
3978,0
4188,0
6454,0
6200,0
8915,895
213,9347
5047,4959
0,8876
438,8347
8694,760
0,6461
0,4016
7321,0
4460,0
0,6891
5147,0
3051,0
3502,5894
0,8102
3225,0
0,8711
0,7740
8457,0
0,7478
4208,0
8438,0
3583,7016
1852,8516
8115,313
4970,0
6303,0
4940,0
0,8765
9988,59
3051,6582
0,3071
0,4634
8816,0
6579,0
9042,1606
3681,0
7100,0
0,1638
2178,8396
0,4016
6386,4283
0,2887
365,8555
5689,0
0,5957
4475,0
9202,648
0,983
6406,4321
4625,0
7926,0
3378,0
979,9251
6546,0
5718,5206
2308,6880
4343,5168
6862,0
0,8378
1674,0
0,7346
8126,636
3589,8246
5842,0
8256,0
1689,0
7948,0
9313,198
8661,2322
3153,0
1165,9033
3382,0
7996,560
4222,0
5410,6021
1786,8245
2843,7412
7860,3121
1784,0
7446,1852
6129,5100
4440,0
0,8129
0,4938
3409,5093
7703,1639
3425,5994
4230,6459
2820,6957
0,688
0,5432
0,5925
5628,0
9845,0
0,7273
3316,7092
3206,6761
0,8669
4164,5357
6859,4821
8409,2561
2063,0
0,8688
5415,0
722,9587
3733,6216
9523,255
0,1519
0,4219
718,0
9920,0
0,8126
696,9352
0,5300
6813,0
3305,0
4069,0
0,3539
0,6762
0,6553
3263,0
8048,0
2841,0
1226,0
4533,6757
6012,5151
8001,2420
0,3224
5985,0
2468,0
1714,8109
3954,7445
0,7459
2052,7910
4477,4785
1894,0
7254,3901
0,971
3238,7171
1522,0
5256,0
1104,9148
0,8552
0,5021
1597,8155
1692,0
0,7505
2124,9197
2002,0
0,6972
1841,9109
0,9301
5795,4282
0,5292
5783,4885
4376,4310
6913,2745
7418,2306
0,1128
1123,0
5375,3865
0,1093
1933,0
5901,5646
0,7638
3792,0
0,7019
3722,0
7134,4357
0,1879
0,9117
4899,0
0,5706
9223,1202
2800,7696
0,462
106,8257
6179,4195
5989,4184
0,2518
6818,0
6554,0
0,3870
4836,5123
5964,5168
0,7787
0,4579
6242,3679
5880,0
993,7825
4449,0
2059,8159
5337,0
0,1741
2011,8467
5685,5267
0,4319
0,6766
6161,5556
9470,869
7514,0
2208,7844
4010,0
2299,7536
1706,8973
8977,278
1064,0
1249,8919
0,4514
4143,0
0,5049
8969,1163
9621,1008
452,9894
0,3468
3013,6838
1247,0
3779,5732
0,8560
5611,0
6704,0
6866,3660
3520,6865
7979,0
3840,0
2599,0
8687,1329
9877,554
0,4533
0,6890
0,5782
4260,0
7368,0
0,2657
2428,0
0,6995
8578,1646
4089,5874
7561,966
4884,4052
2165,7639
1033,0
5620,0
0,6843
1901,7124
883,8861
8751,1544
0,4194
7818,0
4716,0
1747,0
9953,0
2828,7359
0,3236
2113,0
6124,4598
2218,6814
0,8982
6521,0
6351,0
0,7846
0,4135
6311,0
8751,1329
2582,0
0,6375
3454,6689
0,8652
3825,6006
0,6542
0,2363
0,4925
7102,0
6340,2981
7074,2691
5111,0
0,5531
0,765
2024,7844
6882,2656
0,4794
0,6219
8015,2049
4937,0
0,5258
0,1020
755,0
5519,0
6516,2162
5933,0
0,4061
0,3458
0,6273
7891,2689
3144,0
0,370
2144,7644
0,2486
0,1968
5925,0
6473,0
0,2821
7212,0
6340,6128
8108,0
7801,2610
0,5930
2199,0
0,4488
5376,0
4349,0
8020,3218
1113,8097
4176,5832
4825,0
5757,3531
8205,0
5393,0
4408,5938
6986,0
506,9645
6208,0
7575,0
8339,0
2796,6606
0,5671
8565,751
6526,0
2495,0
4447,0
0,9592
7626,1407
0,8512
5183,5755
0,5827
0,4354
477,9685
8316,0
5004,5209
1603,7740
0,6649
0,2946
9415,1225
0,1042
6336,0
4067,6530
686,8817
4951,0
7668,0
8200,0
6463,3921
8881,0
8948,1107
0,4718
0,265
9786,513
0,4389
1380,7522
0,6315
0,2897
5631,0
3836,0
0,6127
8509,1868
5863,4184
7632,2452
136,9732
5467,0
4666,0
2785,0
0,6421
1265,9815
663,0
46,0
6075,0
9826,0
9164,0
3560,5872
0,527
7984,2068
9071,661
4853,0
6294,3715
6165,3830
6392,3841
4185,5976
4494,5763
2328,7349
4629,5859
5011,0
7487,0
0,7845
0,5912
0,4793
5755,0
5005,5217
4799,0
6955,0
5834,2799
4521,0
4529,5761
5471,4578
4847,0
6747,3852
6736,0
0,6966
2210,0
7181,0
0,4436
0,6011
8942,0
4234,5819
3177,0
8194,0
2508,6447
2523,9104
0,5075
7076,2412
1157,8964
3695,0
6356,0
778,0
0,8747
5991,0
3231,5871
5395,4873
8298,1366
9667,675
1638,9134
9021,21
0,9996
3426,0
0,5231
3569,7514
2415,6630
3251,0
1274,8289
0,3122
4743,4426
6950,0
4873,4473
6316,3406
0,6913
0,3944
0,5256
984,0
4101,6067
0,7486
5840,4598
0,6760
6759,2481
2822,6523
3295,5445
0,8975
2619,0
9625,411
5417,0
1858,7728
8864,1053
4905,4830
7976,0
5970,3434
8460,1286
5137,0
0,3524
1661,8333
3197,0
4038,0
9098,6
9071,0
4605,0
9269,2350
5016,0
0,2312
8771,0
7644,3308
0,4408
4947,4316
4955,4222
0,7584
4253,0
2922,0
5964,3202
0,4668
3877,0
6078,4174
0,7408
3466,6889
4142,5489
7689,0
0,1250
0,7976
2273,0
5386,0
3821,0
0,5896
6121,4532
0,8818
7893,0
0,4724
8551,1800
5313,0
0,5294
0,8080
5281,5193
2189,0
8494,1779
0,3098
3964,0
0,8132
3565,4966
297,0
5571,4541
6003,0
5378,0
4108,5801
5024,4871
3257,0
9151,0
0,5741
8459,1551
0,6309
5795,3656
7871,2392
985,0
7982,1761
0,5773
0,3148
0,1273
9532,1398
0,6417
1698,8667
3486,6230
7380,0
7845,0
0,8846
1177,7337
4874,0
7540,0
0,5517
7699,2429
6408,0
4420,5384
0,4997
0,3754
2474,7348
7359,1815
0,8273
5775,5284
1570,0
3611,0
4850,5885
2728,0
3998,0
6204,4782
0,9770
0,9328
4902,3546
0,7628
5276,0
0,5779
4722,4943
1245,0
0,5569
1725,7778
6770,0
9554,1105
644,8763
8731,0
0,2010
0,6202
1143,8764
4530,0
413,8289
1038,8425
2965,7229
3985,4601
0,388
6267,5672
2376,0
0,8098
5289,5102
7502,1694
762,0
0,2447
6295,4878
6303,0
6991,2767
7460,0
0,5756
7025,0
1654,9459
2220,0
4611,4905
3536,0
0,2396
0,4426
803,8894
9451,1066
8905,470
6137,0
7448,3195
462,9724
908,9450
2328,6562
0,8217
6538,0
9371,0
4313,5662
6301,0
8803,0
1171,8540
4509,0
78,9536
3572,6979
361,9253
8007,0
9066,1217
207,9474
4479,4948
5705,4390
0,5969
9344,0
2072,7295
648,9876
2202,7096
5481,5816
5557,4031
2476,7225
0,6984
0,6348
5820,4456
4222,5319
4198,4753
6340,0
7180,1872
946,6973
0,4296
615,0
3822,0
1572,7681
0,6358
2685,0
2299,0
829,0
6710,0
3233,0
5229,0
5126,4514
5868,4420
5688,5300
314,9224
0,4471
4216,6078
3166,0
4537,4797
2484,6801
1568,8369
0,3656
4478,5966
0,7936
5332,5431
0,1076
229,8720
6811,3267
6377,3367
5773,0
2215,7579
1741,6841
9386,1923
2386,8007
0,4440
0,5427
3915,0
0,6773
4991,0
1341,8697
7817,2143
4918,0
5164,4389
5141,5119
0,4481
0,7357
5579,0
1619,0
2419,0
4218,0
6934,0
5184,5713
3937,4791
8674,1260
4475,0
2892,6179
8497,2759
8425,2268
5213,3921
5427,6476
2853,0
8333,3010
3144,0
2206,7706
6144,0
551,8064
7514,1424
5924,4345
0,2300
8148,0
0,7587
2019,0
4272,0
0,4512
0,5004
6236,0
0,3459
5325,0
1291,0
0,9507
5184,0
4169,0
8850,1199
7889,1362
6653,3651
4285,4639
0,4270
5489,3887
0,2771
0,2916
0,3703
7637,2472
4877,4760
5360,0
1982,9962
7307,3866
3824,0
1998,0
1862,8140
7197,2527
8445,2649
3752,6505
6849,0
3828,6026
6233,0
5073,6078
2470,7483
2132,0
0,3794
5028,5443
7050,3274
0,4712
4882,3650
0,6228
0,922
2399,5836
7638,0
0,4797
5679,4192
5679,4744
4547,4644
5776,0
7275,0
1621,9224
141,0
0,5991
7464,2001
0,1841
7261,2572
4391,6580
5718,0
0,2935
0,2141
5654,0
7597,0
801,9723
4565,5961
4303,0
3710,5778
5278,0
0,2853
6627,2365
0,5499
0,651
445,8182
0,9348
1844,0
4805,0
2915,7945
5857,0
8084,0
8036,3526
9085,0
7361,0
3488,0
0,7856
556,0
9551,0
5218,0
0,5289
9887,0
0,2373
7653,3043
0,7397
1446,0
0,1094
0,5031
4227,5663
8165,2742
1604,0
0,2155
4321,0
233,0
5947,4109
3443,5318
3936,6186
4533,5197
0,8279
2686,0
5234,4655
3038,0
0,2459
8594,0
9005,2008
0,5915
0,3300
5247,0
0,4999
7413,0
0,3118
7420,2116
2242,7701
0,4782
0,6566
5624,0
3992,0
6544,2315
8013,1986
7876,0
6907,3138
2094,8485
7873,0
1653,9370
7814,1796
191,0
0,5218
2275,0
6693,0
8134,0
0,4400
4484,0
5591,0
2163,8089
0,3484
2873,7897
4980,0
4695,0
6999,2950
2777,8122
1633,7753
0,7455
8667,684
6999,2454
0,6300
2822,6900
3595,0
6554,3309
4835,6059
0,5097
5956,0
0,4160
995,9065
2146,8030
3846,6154
0,9047
0,3875
5209,3882
0,6874
0,3812
0,6050
3026,6359
0,838
6728,1664
6758,2830
0,7143
0,2640
9170,2048
8550,0
0,4801
4218,0
8918,0
5484,4228
5694,0
0,7808
0,8070
0,3588
6116,0
6964,0
0,5053
7535,0
4826,5990
8287,0
4361,5394
0,6136
0,5030
0,6894
4832,5559
3175,0
1500,8544
4794,5879
3156,6810
7267,3678
1983,0
3001,0
0,8806
4303,5798
0,1660
219,9500
0,7379
3286,5508
2292,0
1221,0
5335,0
2247,8879
1177,0
7244,2350
1962,8125
5328,4556
3728,5570
5014,4311
483,0
5895,0
6215,0
4392,0
6084,3606
3968,7663
3119,6128
4730,0
0,8915
8337,0
2800,0
7205,0
0,4386
2099,7972
9409,380
6511,0
0,638
0,1618
5084,0
6525,0
349,7993
4294,5863
9025,1639
0,3988
0,6187
1642,0
7560,0
3000,0
0,5240
0,7305
5137,4037
2140,0
0,8936
9451,0
6396,4866
0,293
9254,0
1028,0
0,7226
0,875
6671,0
4648,3827
0,2423
0,5992
6854,0
1870,0
0,3753
6638,3203
7824,2240
0,5436
845,9047
4018,4999
5334,0
1875,0
2526,0
3160,0
6693,0
4900,4888
285,9691
0,4500
0,7111
4661,0
7592,2456
6047,0
0,2544
569,0
9312,543
6914,0
3891,6350
6005,0
5577,4788
0,7336
3182,7924
0,1847
0,1512
2794,6678
1807,8909
0,4535
6064,3045
4214,0
5466,5451
3415,0
7236,0
6108,3060
0,7169
5274,6245
616,0
6317,3523
9216,594
3699,5209
0,5669
6848,3076
0,6834
5578,0
0,2845
0,2683
6813,0
0,1204
7090,0
4438,0
3663,4640
1771,8027
7056,0
0,3046
0,7319
5568,3296
6800,3677
0,6721
0,5533
8325,912
4052,4748
0,9372
6425,0
0,6040
0,863
6296,0
4811,0
0,2284
2444,6948
6343,0
1815,8122
4639,3230
6549,3735
6359,2418
0,6723
2782,0
1189,8844
2012,7717
3199,7345
0,4643
3078,5313
1889,9399
5433,0
0,8498
7167,0
7816,0
9539,38
2223,0
6485,0
0,2301
1158,6932
1522,8018
3577,6062
7903,3063
0,1144
533,8553
1979,0
0,4331
7675,1119
7906,0
4330,4656
0,7649
0,6029
8896,1931
3216,7408
4987,0
0,722
6110,0
0,3130
0,7946
7091,0
1721,8097
0,3317
0,3217
1518,0
9935,0
8736,0
5360,4996
1765,0
7069,0
2969,7174
0,9994
0,4303
0,6981
0,4300
0,3057
0,6372
1773,0
0,5730
3279,4309
3451,6104
5007,4956
3762,0
4105,5069
4241,0
0,7273
6670,0
0,4526
0,6498
3271,6622
6899,0
4883,5528
2949,5766
0,4972
3612,6438
9571,0
7929,0
3860,7660
1225,0
7905,1922
0,3801
3410,5636
6886,2605
3926,5572
9664,0
0,4516
8591,0
893,8363
0,3769
4045,5087
0,12
7386,0
0,2439
3719,6691
7058,1046
5521,3855
1315,0
6216,4690
5934,3406
8943,613
6024,0
5200,5443
3788,5160
6090,0
0,7147
2883,5854
0,2969
0,6965
5621,0
0,2677
2804,0
681,8044
6868,3309
4784,5612
3359,7831
0,3302
4775,5388
3532,0
9667,0
5758,4266
6049,0
4019,7100
2915,4981
0,1699
6925,3248
9098,0
0,6912
7247,3228
0,6871
0,5926
2825,0
0,643
9051,0
5785,4888
5611,3791
0,7685
1027,0
5065,0
0,3598
7706,0
3938,6288
4584,5268
3174,0
0,3570
3176,7580
0,627
2111,8911
0,4857
7937,1592
7304,1836
1136,8517
2347,7557
8133,2973
8341,3684
0,7333
0,5748
3550,0
1604,8216
0,1261
0,7523
8558,708
4312,7351
2191,5902
8269,0
3607,5477
1748,0
0,2477
6207,3351
311,0
8979,0
7261,1954
4079,0
5414,4482
0,1242
3428,5641
1854,7410
4453,7115
0,2526
8599,0
2221,6638
4980,0
2275,0
9101,0
0,7927
0,3752
7559,923
7204,3243
8401,0
6346,3028
0,2084
5516,0
0,4925
2795,0
3223,0
4883,6161
8196,2529
0,2961
0,2490
7523,0
0,1241
4474,5743
6928,3461
7669,392
0,4116
1952,7859
9785,0
4458,5227
2776,0
3138,6434
9715,1132
3841,6774
0,3160
8354,0
9220,0
0,5989
0,1717
0,7010
6944,0
0,878
7363,0
7529,0
0,2327
0,1476
0,604
865,9157
2575,5262
4493,4984
1263,0
0,5041
7109,2242
7810,1662
8818,876
0,5443
0,5175
4506,0
9624,1653
0,8495
5264,0
5994,4159
0,6804
3985,6815
4004,4808
0,5956
3646,0
5637,4286
7875,0
7107,3725
0,7737
0,6502
0,5146
7610,1726
7800,789
7644,0
278,0
6065,6577
7374,0
4758,5650
0,6758
6352,3960
5029,3069
5032,5944
0,9377
9644,0
0,3412
0,3314
1368,0
8147,2803
3922,0
0,2975
0,4255
9034,0
9770,295
6864,0
3672,0
5500,6740
0,1557
0,9798
229,0
0,2084
0,571
5661,2836
5210,5025
9801,37
4830,0
4759,0
2625,0
5373,5006
5421,0
9552,1890
0,3673
9051,0
0,5317
4497,5476
6264,3180
1525,8588
3486,0
3645,6311
8428,852
9811,0
0,6411
4530,0
6112,0
3226,6425
7647,0
2177,8443
5683,0
5347,0
5410,0
4352,0
5797,4270
6796,0
4832,3987
8968,0
3502,6199
5182,0
3857,0
0,489
4507,5998
0,3515
0,9220
5530,0
6743,0
0,2722
0,426
0,3447
0,4604
6631,0
4435,6107
0,398
132,9028
6473,0
0,2570
3634,4820
0,1443
2656,7716
4560,0
0,5477
0,3538
5734,0
862,8593
5285,0
6803,0
0,4762
8052,1737
6160,3917
3171,9094
4606,0
5669,0
6416,2978
0,5249
402,0
1903,9067
6998,0
1569,0
0,2310
0,3167
3212,8160
5883,0
8836,977
5941,0
3401,7244
2297,0
0,9931
0,7832
8861,2143
3495,0
0,4540
0,5446
783,8384
5750,3689
4578,0
6424,0
3202,6740
0,8040
3080,4855
881,8562
0,7994
5969,0
9884,0
2372,6560
3632,6801
5901,5891
6264,3069
7622,0
0,3292
1171,8814
0,5586
4788,0
0,6467
0,4722
1332,0
7200,3252
5590,0
3636,6309
3612,0
3931,6179
4042,5514
0,822
5138,0
8376,752
0,3264
0,2991
3041,0
5623,3586
4994,4806
0,5628
3042,0
3313,6489
6913,2899
0,4087
7358,0
3470,0
2634,6843
1546,0
1749,0
0,5203
3127,7805
3973,0
3139,0
5395,0
1164,7364
0,5698
0,4125
0,4681
9745,0
6228,3575
4221,4296
0,4352
6813,3276
0,1151
3444,6728
0,4627
0,2940
0,2900
2214,0
0,2902
7893,0
0,5107
5902,4209
0,1174
0,6102
0,6184
0,8790
6162,4210
2827,0
9245,0
0,6558
7807,399
3953,5489
4864,0
6783,0
6864,1986
2689,6320
3750,0
2462,0
0,4981
7516,0
0,2713
0,1628
8090,3030
0,2993
3186,6692
5409,0
0,5697
5747,3685
0,3103
5645,4219
0,929
6420,3626
0,6629
5446,0
5141,4901
6954,2316
7075,3206
8472,162
1784,0
7271,0
0,1028
5337,4628
7001,3392
0,2781
0,9672
7764,0
2089,0
4602,3859
3010,0
1633,7692
7311,3915
1683,8534
3766,4245
4070,5634
0,1158
7425,0
2308,0
0,2127
0,5150
0,2817
4162,0
3160,7271
371,9980
0,2725
7175,0
1149,7637
6686,4651
3860,6990
0,5923
6647,0
2225,0
1393,8353
0,3799
7580,2075
5710,0
9057,1015
0,4837
717,8744
0,8311
7179,0
6002,5177
0,9003
2789,0
7512,1315
3590,5147
8109,2578
6106,4590
6142,3900
6683,0
4277,6287
9439,0
5496,0
5917,3816
0,1132
0,2332
933,0
0,7038
9016,0
2595,0
6064,5671
0,2620
5472,0
5285,4634
6284,0
0,307
7079,2246
4983,0
4644,6680
8118,1522
9496,828
5713,0
0,1405
7898,0
3324,7270
4483,0
0,4754
4748,5580
532,0
6291,0
0,5645
7434,0
3080,0
3135,5592
4168,0
4383,0
0,1899
2547,7928
0,7427
8048,0
0,4538
4535,0
0,6965
6393,2850
1517,8932
3196,0
7654,1208
0,7293
1953,0
7783,3911
7487,2281
7961,0
6264,0
0,7155
1581,8904
8214,0
6682,0
4143,6838
0,2474
6223,3346
2520,7203
0,8227
9879,0
4382,0
7680,3121
4132,0
0,5400
3565,5014
4374,5265
4796,0
5576,3801
0,2842
325,9605
0,4557
1927,0
9153,0
0,5378
1451,0
2115,0
8237,0
2380,7362
0,4942
0,7049
5484,0
0,4339
0,4118
3044,6826
4460,0
5001,0
0,3744
0,5743
9755,1451
6838,2710
0,8067
0,4753
7606,0
4279,6509
3486,7310
1857,0
0,7289
7184,0
2069,0
0,3823
0,153
7470,0
0,4288
1719,0
5223,4183
5564,4263
0,8181
4943,4770
9535,393
7634,2895
398,0
9425,1935
8664,0
7951,4542
4490,0
9628,0
6622,0
4865,4751
0,6634
2044,0
0,6912
0,979
0,6134
4592,5266
6462,3405
5868,5181
0,5358
9416,0
0,7190
0,7543
0,1876
4183,0
0,2953
5353,0
2806,6926
3468,5601
1153,7782
6467,5058
4095,6436
8265,0
7222,0
4304,5110
4422,6304
7889,1574
1767,7051
0,3787
3784,8234
4420,3622
4755,4637
4177,5100
0,6531
7933,1408
6707,4300
3386,7058
2060,0
4093,0
0,1827
6325,2951
7248,1541
0,3716
5177,3864
5805,4958
8622,0
9020,3655
4474,5493
4803,0
1211,8499
0,5842
0,6464
5003,5714
3633,0
4595,0
4128,6204
0,9499
3773,0
6316,0
3112,0
6364,4676
5439,0
7042,0
7147,3097
5414,4652
1845,8415
0,2874
2527,0
0,5285
0,6191
491,9874
222,8114
5534,0
6250,0
7043,0
5997,0
1811,8621
5454,0
9028,0
4832,5280
6634,0
4682,5887
0,883
4920,4875
4707,6583
0,6366
0,957
1982,7451
1192,8638
5462,5245
8392,0
7641,2469
8942,1769
8724,1068
3775,6279
5234,5062
8786,616
1711,0
7499,2111
7588,3221
5488,4830
0,6675
3164,5284
2913,5558
3304,8415
5258,3613
0,4446
1602,9023
0,4083
0,2289
5723,0
0,3713
459,0
4454,5994
8791,0
2901,6664
4196,0
8974,0
4522,0
8254,0
2654,0
3601,6850
2422,7659
0,8553
0,4700
2824,6102
3346,5712
0,5624
1221,0
9722,0
3013,0
4897,0
7515,2628
5597,4328
2002,9701
466,8995
0,2841
1343,7252
1208,0
0,1687
0,3565
0,5503
1393,9064
2979,6797
8395,2522
9065,0
5712,0
8983,0
2542,7582
0,7069
0,8190
3586,0
3995,0
3746,6010
2010,0
0,1781
0,3092
9032,399
0,2134
0,7699
0,5135
0,1116
3845,0
258,0
7567,0
8003,978
5566,0
7348,1955
9601,405
6161,0
9352,1856
5440,5979
0,3640
6800,3116
1828,8919
0,4973
0,4808
6530,3920
5253,0
3852,6612
5842,3799
2218,6298
664,9210
0,3192
9638,0
3598,0
6873,3790
7009,3068
2578,0
6971,3645
4240,0
4349,6212
2853,7266
9512,0
3155,0
0,5893
5824,0
8891,1533
0,3066
0,7587
6081,4384
825,8598
1073,0
7559,0
3049,0
9078,0
1256,0
0,9344
0,8307
8514,3699
5723,5461
7773,0
7363,3782
3557,0
0,1922
2885,6742
1509,8662
8969,0
481,8677
0,3179
2321,0
0,3544
3840,0
3826,0
0,7383
8600,0
0,476
0,6297
6602,4025
0,7080
221,0
0,7739
3784,6063
4689,5423
9263,1870
3373,0
4784,4542
6636,0
5389,3848
6551,0
0,3227
6260,4699
6495,0
2561,0
5433,4739
8451,1987
0,5579
8915,0
6773,3253
4918,0
0,2012
0,4145
9992,168
2228,0
0,9681
2701,0
0,4516
7424,0
3381,0
6495,0
0,3430
0,4527
6287,0
0,9626
9839,0
0,1674
2720,7365
0,6456
3897,0
0,8854
3357,0
2604,0
453,0
8180,2384
0,1542
6522,2759
0,7830
2292,7598
542,0
0,9945
0,1511
3903,5490
7547,0
3298,6144
1681,0
0,789
1949,6673
0,2069
0,6272
6932,1844
0,1740
0,3826
4242,5915
4517,0
0,4461
5720,0
7975,0
5060,0
2586,8263
4320,6203
4715,0
1241,0
5160,4955
4507,6448
0,757
4823,0
5281,5042
0,4173
1820,8759
870,0
9612,0
2675,0
0,1214
0,7326
4112,0
9603,0
1959,0
9814,0
5982,4208
5676,3495
8028,0
0,5946
7849,0
0,5011
9368,0
0,2628
5688,4489
3748,4650
0,5463
4709,0
0,3948
5086,6422
3597,7732
1970,8215
7788,0
2838,0
7317,0
0,5861
7938,2478
6208,0
0,2680
0,3817
3279,7920
0,9398
4798,0
0,8090
8745,0
465,0
7166,0
3307,7442
6164,2523
5175,6437
2846,8030
4665,0
6773,1950
2503,7418
3394,5769
6971,2112
0,6732
8571,0
7422,0
3808,0
7223,2174
8268,3091
0,4487
0,1650
977,8391
4203,0
5033,5181
0,3605
3646,5697
7061,0
0,8536
5229,0
0,4867
8647,2811
0,6197
0,6401
0,5965
4811,5963
0,4048
4202,0
2560,6825
4904,0
5581,4835
0,3937
0,8458
8401,3153
732,0
0,6050
5927,5331
0,5585
6449,3944
9553,520
3221,7940
0,4289
756,0
0,9318
7258,4134
0,4665
6654,0
0,7875
7168,0
7481,0
9235,1127
5570,3886
748,0
3705,0
7370,0
3318,7596
3906,0
6815,3595
2501,6236
4599,4888
1396,9841
3466,6311
6203,0
0,9989
0,8230
0,8915
0,5864
4324,5297
7761,1857
9458,0
6818,0
4005,5718
1662,7236
5731,5212
6370,0
2334,7643
0,8430
0,4611
4535,0
8672,2439
5590,3711
3904,5655
7775,3267
2118,6407
6532,4074
3225,6857
4315,0
7932,2391
6628,4807
0,6771
0,8061
5799,0
0,7053
0,7857
6767,0
0,9934
7747,2522
0,3576
2307,7752
6973,0
0,8463
2911,0
5635,0
3251,7391
2695,0
8439,1563
7762,2599
0,6451
3611,6962
9015,2283
8372,1431
888,8312
2737,6630
2260,7656
3657,5424
0,3591
4031,6544
0,2360
0,2337
3742,7369
8804,1319
4798,5346
5987,0
0,5508
3977,5454
1819,0
1799,0
4126,0
0,3152
4557,0
4954,4062
0,1705
4664,4232
7655,3759
2078,8229
2627,0
4646,4803
2816,6207
4334,0
0,7570
9194,788
4816,4713
6484,3055
6261,0
0,5579
0,9164
0,5345
3413,0
8740,0
0,9042
1008,0
2555,0
6249,0
0,5781
2658,7684
7326,2559
3767,7351
7411,0
6120,4407
1289,9555
0,3028
3876,7229
8709,1876
6860,2174
9368,1159
5954,0
0,1589
4350,6748
4597,0
0,4162
4104,5830
0,5574
7016,0
0,5297
3376,7078
0,5536
3117,0
0,1234
6794,3860
0,7333
6912,2941
1558,7387
0,364
5299,0
5305,4772
0,3779
8901,0
6156,4838
623,9236
2867,6036
4906,0
5498,0
0,4278
2354,0
0,2345
8033,1535
6347,3957
7524,0
6245,3095
0,3962
9,9969
7196,0
0,3962
5557,5226
6961,2160
0,6360
0,9247
7915,3592
2323,7393
8406,0
3127,8018
6201,3279
4042,0
3143,6935
6395,2485
1322,0
0,8329
1470,9502
2131,7204
4390,6049
0,4636
5527,3710
1822,6149
6489,3556
3244,7433
8844,0
0,501
0,3041
0,4948
6696,3026
0,2839
9107,557
0,923
3671,5054
4499,4677
4043,5018
7213,3416
0,2563
7455,3718
6012,0
8607,1439
0,3044
2587,7929
4302,4905
5019,3983
2012,0
0,8565
0,6216
927,0
4681,0
6933,0
5146,7651
3742,0
8035,0
0,7280
3748,7747
3554,6762
0,4205
0,7313
7761,0
0,1420
0,5275
7195,0
0,1441
3712,0
4388,4690
7802,0
6888,0
6347,0
0,6031
1853,8646
4120,5455
2090,7982
5815,4373
0,9341
3537,0
2558,8781
9665,801
0,605
481,0
8164,0
0,3867
9534,0
9010,1249
7434,0
3071,9159
4411,6222
7905,1979
6279,5022
5080,0
7384,0
5832,4157
0,1468
6261,0
6577,0
6418,4143
6524,2661
0,6455
0,374
1837,0
8200,2478
5550,0
2208,6532
4579,5033
8391,759
3055,7983
2553,0
4424,6388
7354,0
6976,0
6915,0
3581,5631
0,2641
7773,1885
6328,4339
2382,7409
0,9709
7179,0
4539,6300
1104,0
2254,6887
0,4806
0,5622
5837,5012
2930,0
0,2099
7425,0
7943,0
7316,0
650,0
0,8200
1009,0
7573,1092
5521,4416
0,6664
1641,8225
5681,3884
377,9849
6727,2547
2557,6805
5230,5424
445,7862
4197,0
6818,0
7924,0
8537,0
6802,0
7569,1255
3031,0
3086,7444
7376,2619
0,7416
0,4453
5936,4547
0,3748
0,4136
0,8511
6077,0
1442,8727
8389,185
6921,0
4207,0
0,3197
4863,4820
4044,5866
5441,5452
6100,3809
88,0
4175,0
792,0
0,8346
6775,0
9627,769
1591,8441
7438,1988
2628,6355
0,9600
0,6823
5159,0
0,5687
5054,4143
7111,0
3289,0
8836,2016
0,8893
6677,4377
0,6371
3014,0
7926,1744
6320,3756
7784,1925
3529,6536
5682,5427
0,600
0,9293
5151,3762
3754,6876
0,7804
5119,0
6397,3375
6146,4222
948,8600
1512,0
0,2452
3671,6399
7443,0
4595,0
0,6439
0,4754
1059,9042
7262,0
4693,3897
2615,0
2248,0
7732,1598
2262,7363
1424,7884
0,3824
0,8570
2543,0
5426,0
2931,6273
2063,0
0,5723
0,6047
5760,4012
0,9522
3083,0
0,2803
8162,0
4524,0
1090,9158
2214,7675
0,5850
3959,7156
0,1683
4458,6389
4062,6153
680,7888
0,6472
8628,1667
0,2071
0,5370
0,2559
0,4079
3767,0
0,4381
0,4198
3906,7753
0,9918
3337,0
5351,0
8245,0
5792,0
198,9700
5069,0
7621,0
1628,8889
0,2306
3270,0
0,6754
3128,0
5336,4961
6128,0
6064,3556
7781,1939
5183,0
8209,0
0,5645
0,1506
6534,3104
0,1155
0,1024
0,808
4962,4803
4772,0
2675,6224
0,1441
2199,8531
8716,0
3077,0
9202,0
1462,0
7858,2040
0,1397
4560,0
3708,0
260,0
5588,0
0,3314
3510,5814
3458,6083
0,5155
0,9549
4602,0
2740,0
3982,0
780,0
1129,9873
7712,2086
6974,3667
3515,5872
1204,0
8142,0
0,7772
2854,0
4241,0
4651,0
7678,3412
0,7680
5291,4036
0,4079
7051,0
3149,4461
9261,0
0,8167
7784,0
2661,6529
8135,1874
3735,0
2333,8363
0,7201
9562,520
2322,0
0,7096
2918,7326
4290,4873
5979,4713
0,4386
2741,0
2162,0
2578,0
6495,3069
7468,0
0,2034
5918,3762
4186,5653
8718,1619
7751,3516
1295,9678
7763,1351
5720,0
2724,6598
0,1160
0,5548
1651,9069
3057,5428
0,4000
4680,6114
1508,0
3558,6803
9616,0
0,7998
4276,5177
9182,2321
0,7072
0,4867
2076,0
6499,0
6437,0
5662,4187
5116,0
0,5077
2986,0
3176,6202
1883,6985
2154,0
0,9669
8601,0
0,4535
8319,0
7475,2149
8610,2559
0,7372
1094,7709
0,3496
0,5508
9931,295
9211,691
3250,6880
0,7607
6492,4352
5305,3551
7653,2505
3720,0
2662,6489
5668,0
705,9685
9461,964
0,3765
0,5046
2342,8603
4170,4891
0,3069
4732,5164
676,9200
7893,1981
4858,0
0,3267
0,3650
0,5322
7173,3327
4370,0
5378,4315
4227,0
2709,6601
4772,5716
1688,0
0,6152
6017,0
8908,970
7293,0
7732,2922
0,1973
0,5456
2890,0
1865,9153
1572,8081
5227,0
0,2706
4351,0
0,8148
9053,519
7586,2121
4216,5216
0,859
3261,6880
0,3156
0,8251
0,6170
3667,0
8996,2693
5607,4546
0,9290
5153,0
0,6766
0,1324
3676,6106
4967,5074
0,6722
8429,0
4177,5909
1508,8534
0,5399
0,593
0,3655
3236,5896
8135,2358
3645,4528
0,361
3793,4244
0,2520
1098,0
7432,0
0,4981
0,1870
0,5884
0,1371
0,3338
0,5067
4882,4687
0,2023
0,4845
9160,1203
0,7607
1852,9045
0,5366
3194,0
0,52
6068,0
0,7346
0,3752
9739,0
7315,2407
0,5552
7760,0
1828,0
5172,0
8029,0
4116,0
0,3831
5879,0
5391,5097
1017,0
6939,2908
0,5557
7225,3136
916,8976
881,9796
0,2882
0,7079
9634,119
5658,0
4633,6003
5891,4433
0,1674
0,5801
0,1483
6460,4490
6479,2836
1178,7405
0,4172
6591,3055
6788,3536
0,3884
0,8575
3878,6807
1977,0
2767,6304
0,3778
0,6559
9695,577
5329,4573
971,9279
4452,6046
2015,7992
1955,7153
3398,0
5517,3901
0,4055
7685,0
2052,0
4838,0
6067,3016
793,7448
5023,5111
698,8367
5655,3666
0,8434
1155,8040
4975,0
0,1692
5370,3853
0,4797
0,2706
4032,0
0,1071
5208,0
5932,4067
0,3011
0,1354
5657,5539
140,9646
759,0
8441,2564
0,4165
2238,7734
6032,0
0,2823
4167,3842
391,0
5414,0
0,7993
4630,0
0,2202
2749,0
1971,8562
0,6284
6310,3028
0,2581
2601,0
3854,7180
0,8716
0,4442
2100,8381
0,4321
6416,4249
0,8003
7430,0
468,9416
0,4490
4870,3787
0,2978
0,5239
4845,0
0,8421
2865,7649
0,5341
0,3431
0,7330
2212,0
8352,1820
0,7086
7288,3236
3571,6357
4969,0
0,7715
5567,5504
749,0
0,4659
9386,306
1577,0
5029,0
1709,8567
0,10
0,5150
4130,0
0,2784
5804,3744
0,5598
0,8499
1024,8847
0,1777
2301,0
1682,0
0,5979
7051,3003
253,0
2774,7563
4212,0
3504,7334
6070,3412
2182,0
7842,583
9753,1495
2617,7057
5456,5124
7763,1844
3808,5066
1732,0
9716,1156
0,5589
5704,0
4912,3914
0,2688
0,5267
0,2911
3133,6090
5624,3562
6818,2944
0,4239
0,385
4902,5033
4456,0
5608,4870
5384,0
0,6168
6432,4952
1514,7908
9654,742
3383,0
3182,0
5181,4925
5903,5514
7610,2168
0,6319
8823,1382
0,5267
0,4887
3878,0
3201,0
0,7643
4617,5563
1350,7781
2212,0
9311,0
945,0
0,6461
5658,0
931,9351
1500,0
0,6386
0,7513
4205,4553
6202,3660
1031,8160
4383,0
3612,5369
0,4264
7185,5214
0,4067
7827,0
956,0
7673,2488
0,2395
0,5861
2002,0
9627,1549
4538,4557
5731,4061
0,323
5331,0
0,4854
1383,8397
823,0
6569,0
0,3858
3587,4827
0,2824
6959,3579
0,3809
0,9251
1526,7883
0,6974
6178,2141
7550,3163
4787,4278
1753,0
7343,3623
6773,2320
5809,5575
7207,0
3646,0
0,585
6049,0
4071,5249
0,3336
0,4409
1804,0
9884,0
0,1302
7397,2495
0,5141
3402,6989
0,9549
8556,0
379,9258
7534,3573
0,4671
0,789
4966,4601
3249,0
1896,8979
1676,6845
2727,6171
4494,4367
6160,3219
0,7974
7964,1915
0,2330
2682,0
8453,337
1746,0
5316,5298
1941,8898
0,7508
0,9632
0,8249
0,1948
5072,0
4273,4705
9567,403
0,2991
2975,0
0,6622
0,4703
0,8006
3778,0
3287,0
9070,787
5797,3249
6735,2405
3101,7383
0,401
0,2462
0,6081
27,0
4579,6557
0,4124
4926,5585
3019,6424
0,4356
7954,0
7071,0
0,6303
2431,0
4874,0
0,8038
3506,0
6296,3838
8015,2070
3656,6713
0,8031
2373,0
2265,6554
6375,3850
9651,0
7819,0
0,6812
175,9349
6712,3713
0,8478
0,7800
6943,4445
6925,0
0,3502
0,8269
7062,3637
1501,8806
0,6548
6308,4440
1452,0
508,0
6641,4483
0,3383
0,3818
0,3763
5784,3579
3622,0
0,7403
9221,2185
9301,0
4977,5244
5221,3333
0,4625
3476,8228
7313,3648
4267,6830
3564,0
7418,2249
7702,0
7431,2121
4831,0
0,7985
2403,0
5686,3781
0,8673
0,1059
3368,6280
4029,0
194,0
3563,0
858,9188
5909,3016
0,2619
0,2649
0,5573
9090,0
2973,6524
0,2803
0,3501
0,5123
1234,0
2868,0
1286,7147
0,3126
486,9205
342,0
3728,0
6599,0
5721,0
6966,0
4858,6461
0,7766
6393,4252
5054,3425
0,8037
0,4648
6641,4077
0,3045
0,736
5435,4006
0,3764
0,8332
5259,0
0,6461
5535,4787
9367,0
6231,5487
0,3306
160,0
0,5515
5881,0
3887,0
8002,0
0,7830
7130,2681
2285,0
8277,1564
7245,0
7089,0
107,0
0,2973
0,2896
4703,4683
5771,5018
5652,0
8548,1492
8284,2013
5629,0
3759,7069
8333,1385
6831,4127
0,4078
2327,9423
4664,0
8334,0
9228,1499
7324,2649
0,4491
0,8795
8024,0
946,7903
8010,0
8045,2283
0,3168
5708,4436
1650,8320
8013,1598
3560,0
5474,4187
2502,0
7397,0
0,5351
2654,0
0,7989
0,4675
0,1796
0,4850
7732,2180
9857,1231
970,0
4101,0
6750,3707
2105,7461
1716,7487
5854,0
0,5173
2161,7187
4089,0
7814,2423
5115,4463
8953,1365
4290,4419
0,4242
0,2812
0,5690
9536,1558
2705,6961
3545,7002
0,8093
6468,0
0,5016
2261,0
8675,0
0,6295
0,973
0,5284
4542,0
0,252
5985,4272
0,4787
0,4377
9059,1807
0,5424
1703,0
0,4688
0,7167
7407,1448
1631,9562
0,2983
5596,0
3490,5795
0,3393
3309,6773
8032,0
5969,0
2125,6590
2909,0
2385,8005
8607,0
2348,7066
1728,8465
3369,0
1164,8430
4840,5462
5417,0
7677,837
0,6150
6017,0
8352,0
2217,0
9509,1432
0,239
0,7286
4859,0
5125,4973
76,9203
9471,158
6510,0
3115,7063
8417,0
8796,0
2963,8472
6742,0
8935,1777
1067,9913
0,5470
690,8851
0,3840
0,2072
7657,1810
4083,5193
2504,0
5374,4823
3633,0
3948,4375
3784,0
4437,6320
0,5006
0,3763
762,9632
6904,0
8216,0
7900,1627
2852,7824
7483,3261
5102,0
537,0
1671,0
0,3399
1733,7457
5170,0
2727,0
8499,2068
9705,1262
0,7361
0,2251
9327,1602
0,4923
2466,6312
1852,0
6838,3032
3154,6637
3767,0
5930,0
998,0
5471,0
9655,0
4804,5667
1210,9467
8393,0
0,7465
3030,5988
0,692
6852,3741
2396,0
0,8328
9085,0
445,0
7755,1788
0,3097
4688,4909
9377,478
3635,6142
474,9426
3195,0
976,7584
6092,1999
2543,0
0,6129
6357,0
3324,0
4267,5155
1838,7819
3861,0
4961,5354
7657,0
2293,7833
3520,0
1611,0
0,1183
151,0
5106,0
0,4820
0,8810
5527,0
0,7736
3847,7365
3043,7534
1654,0
0,2859
4772,6171
3517,6037
0,4622
5768,4548
5380,6355
0,5777
904,9209
0,311
0,8833
9511,0
0,1877
8575,1314
7460,2992
0,6641
3748,0
1950,8572
0,3502
5787,4710
0,5298
0,3436
0,4148
5628,2863
6338,4298
3230,4920
7114,0
3928,0
0,2471
7588,0
0,4902
5603,4694
0,6731
0,6194
0,3019
0,5326
0,8290
8149,0
3003,0
8743,1070
7108,0
7458,0
2094,8056
0,3482
5583,4711
0,6466
4426,0
4490,5301
6026,0
0,2370
2809,6644
7555,0
7662,3167
2358,0
846,0
4996,0
0,5494
5822,2483
0,6093
0,8028
0,4121
5180,3163
1326,9873
4143,0
6063,0
2958,7659
0,3779
2465,7384
4647,3821
1712,8300
2956,0
1263,8801
0,6494
0,7263
331,9102
0,4875
3401,7782
7076,2504
2606,7039
3268,6966
6020,3308
362,9772
8283,1464
3866,0
0,4880
1680,0
7331,2906
6650,3116
0,7396
3028,7028
0,4317
3176,7007
1580,8683
6998,0
2175,0
9268,737
2129,8937
6149,0
0,8249
0,7989
0,4277
8176,0
0,1804
3992,0
6480,0
5032,3647
1684,7301
0,3296
1141,0
0,5499
2376,7232
1529,0
8655,246
4469,0
0,4508
1953,8644
5021,3242
0,4066
2806,6918
9395,811
5408,0
2360,7251
1807,0
2720,5744
1566,7856
1308,8912
2812,0
9288,497
3775,6044
0,895
0,6113
6083,0
0,2182
2705,0
3933,0
9533,728
7243,1980
6959,2568
0,7242
4884,0
0,4954
0,4077
4657,0
5359,4750
3397,0
3355,0
0,4290
0,7310
7609,0
3790,7430
1176,0
0,9856
4245,4522
0,6873
0,4800
0,7996
3445,7577
1467,7347
1866,7744
8128,2363
5084,3970
0,7677
8147,1100
5328,0
2425,8506
0,2018
3443,7279
2067,9964
0,6147
3971,0
8258,0
0,3084
1207,0
7112,0
6282,0
6294,0
6735,4397
9844,57
0,2197
864,9779
4130,4619
9309,0
4022,6828
8997,1426
3021,5728
9430,1079
7027,0
4798,6796
4748,5820
6656,5035
2392,0
7052,0
5390,0
9641,0
3225,0
6752,3115
0,7572
2107,6973
6662,0
7284,2226
580,9233
1806,7065
6839,0
2854,8000
3123,6628
4526,6099
7352,0
3104,7767
1229,0
9409,0
0,3120
0,5501
6968,0
1315,7927
5247,0
3433,0
7061,0
9795,703
0,5221
5387,0
5744,0
6190,0
1971,6674
0,1905
4364,0
0,7335
0,2352
6063,0
3056,0
0,4226
0,8434
5398,4462
2547,7984
0,3902
5530,0
4087,0
0,4661
8038,0
2219,0
3780,0
0,3707
7232,0
0,3386
0,1095
3682,5762
4998,5262
0,5173
8757,190
3692,0
0,9240
7642,4502
0,3992
0,1870
6490,0
0,9712
6492,2848
1208,8793
0,2730
5798,3547
8304,733
9056,2680
0,5009
8017,1681
5532,4882
8065,0
0,3011
5592,0
2843,0
7678,2278
3432,6556
3034,0
2576,0
1454,7664
9112,1787
0,5978
2312,7197
0,3796
0,6789
9854,1021
4307,4963
0,4825
0,1791
8197,1877
5433,5372
804,9631
8918,617
5256,4628
2930,0
0,791
8507,2555
0,3255
0,5900
5070,0
0,4928
438,0
6147,0
0,2361
5143,0
6194,0
4258,4800
135,9721
0,2044
7330,2989
0,6279
3851,6735
7846,1565
5927,0
3132,0
3555,7157
2311,6965
4814,0
6852,4241
3661,0
0,8767
4216,0
4640,0
0,3916
0,4404
0,5107
3760,0
3016,6737
8490,0
3622,0
2862,0
0,8451
0,634
1741,8400
0,3556
1103,8530
9168,0
0,6613
4004,4246
7106,0
7388,1971
6746,0
7909,1014
4115,5217
4084,6925
0,2224
4153,6103
7026,628
0,7519
2316,7287
9347,0
1895,6781
6931,2942
3713,0
4870,0
0,1405
0,3458
0,8084
501,0
0,6464
5036,4800
5003,6115
3052,0
769,8916
0,932
6706,3092
7777,850
2642,7350
2588,7552
6778,3305
3239,5161
7675,1972
0,8582
3505,6166
0,4486
6017,5935
5774,0
4129,0
8785,0
8006,1205
5266,2979
9515,0
0,2254
1762,0
36,9434
8471,0
0,6814
3950,5147
6002,0
2335,0
3279,7015
9015,1319
2943,5555
0,6903
3031,0
6248,0
4144,0
7011,0
8281,600
0,1709
3231,6423
8713,1877
0,6533
0,4929
8126,0
0,168
2761,7541
4590,4563
0,2215
0,1156
4598,6573
7493,0
5144,0
0,3271
6170,3439
6784,3701
0,4297
1134,0
1796,8015
0,5408
8529,0
6661,3727
0,5166
0,3934
6841,4765
9938,2075
2003,0
1635,0
5537,4347
0,4934
9805,61
8854,0
9258,0
4067,6566
0,2348
690,0
0,9343
3869,0
6955,2724
6501,4110
2976,0
2314,0
4801,0
4351,4054
5916,4316
8183,1496
9455,858
8865,2065
0,2806
8711,0
3998,6494
9155,1256
1763,0
1409,8166
0,6179
3816,6761
4163,6192
0,9235
3171,6373
0,7139
3448,7406
9033,279
0,7093
6898,3699
3308,5405
3325,0
5788,5477
3618,6934
8096,2120
2147,0
5224,5348
3798,6784
3025,6924
0,7940
7314,0
4353,0
5191,4252
0,1460
2704,7369
5794,3967
0,2716
6656,0
5065,6237
6899,0
3569,5707
0,6003
0,5193
0,4620
2345,0
4111,0
5318,4017
3245,6081
9454,0
5625,0
91,8872
4154,0
0,9536
4378,0
4820,0
7075,0
4156,6393
3535,8005
1919,8658
6713,3120
0,2344
3641,0
9317,0
6219,0
0,2744
2325,0
4577,0
3522,5024
5825,3894
6230,0
1950,8821
8011,1515
0,4031
4944,0
0,1693
2605,7552
0,5629
2715,7934
0,6100
0,7116
0,1317
0,2259
1043,8186
9330,747
5539,3082
5629,3267
6755,0
6286,3501
0,9172
0,8163
4618,5073
8107,3443
0,4134
5667,0
8322,0
6252,0
0,6981
3231,7689
0,9954
0,6265
0,7251
7990,46
0,3915
0,757
4392,6146
0,8065
3189,7721
3928,6166
0,8079
0,2629
2913,0
4826,0
0,4655
0,5058
0,7578
2776,0
2308,0
2181,7193
9490,1691
3610,0
0,4672
6236,4447
0,8468
5314,3654
6074,0
1256,7803
7555,3059
0,7155
6168,3023
0,1290
0,7005
8485,1582
2689,7149
2585,0
0,2274
2153,7966
3359,0
6798,2262
6981,0
7548,0
4117,5305
5187,5978
3118,0
5308,0
4842,4722
6176,2917
7665,0
967,0
5280,3716
5705,0
1258,9352
5520,0
2757,6908
5240,4423
0,7552
0,3397
0,6017
2071,6864
7553,3338
5780,3255
5550,4334
5823,0
0,1632
2558,6900
6788,0
5320,3970
6074,0
0,1982
0,5546
2718,6796
1752,0
0,2704
4067,0
3649,6495
6006,4308
3949,6493
5237,5795
7517,0
2772,9405
0,6147
2675,0
6078,0
4756,0
680,9398
0,2724
3053,6990
6928,3835
2641,7044
3942,0
7914,0
3212,0
882,8787
0,5850
2935,0
2373,0
6065,3383
0,3951
3181,0
5616,0
8139,0
8677,1240
8995,1086
0,1767
4620,5869
0,5082
2377,6555
0,8244
6276,2605
6644,1689
0,2710
7121,4521
0,808
0,8574
0,4712
0,4514
3690,0
0,5909
2368,0
3714,0
3757,6593
74,0
1813,7010
5072,0
7996,1458
0,4670
8774,0
0,4002
9667,1018
4749,0
3774,7474
4330,5019
294,0
0,5282
2360,0
0,7262
5617,5303
1042,0
7594,3166
0,8823
3480,0
1437,0
0,2426
0,5089
4856,0
7387,2619
8362,2863
5355,0
4440,0
0,1962
0,7938
7009,0
0,1529
0,1509
0,5335
407,0
2987,0
2042,0
9555,0
0,4840
5729,4201
0,4281
0,7037
7245,0
5713,0
6469,3541
9277,0
1760,9475
2084,0
4904,0
0,3273
2524,7003
807,7558
3756,0
0,3752
0,8070
6117,3227
5029,4302
729,9677
6629,3485
6232,5123
8436,1097
5361,4377
0,6875
6850,3130
0,5250
3429,6222
7393,3291
4585,5025
1536,8909
4072,5935
2861,5828
954,8876
4287,6151
6630,3869
5078,0
6540,5028
4151,7552
7669,0
418,0
0,1536
0,4703
7450,4154
4330,0
0,6477
0,2845
4604,0
9526,0
7506,0
2919,8053
5072,0
5193,4513
6285,0
410,8896
0,6097
0,3128
0,5864
2592,6357
3576,7004
3720,4804
9036,0
3372,0
4955,0
1579,0
7060,0
5967,4624
0,7493
0,1542
2207,7401
8044,1743
6847,3633
0,2702
8074,1807
8766,0
4287,5109
6599,3439
0,7093
2813,0
5779,0
5321,3828
5917,4847
0,3607
6515,3352
0,1873
2298,0
3529,5857
5229,0
0,561
6405,5209
8812,0
8858,602
0,5818
9078,0
0,6731
1889,9135
8483,1883
0,390
2373,0
8461,0
0,5468
0,2755
0,8848
0,1156
6037,3804
9412,124
0,9502
0,4331
1304,7941
3922,5442
0,5533
0,8193
1748,8697
0,7309
0,1462
8637,1740
5904,0
4428,4583
7712,0
7512,2203
0,389
2033,6683
6433,0
0,6896
5832,3173
3063,8327
4888,0
3175,6390
4949,0
0,6490
0,5483
4750,0
0,6744
1178,9575
0,7175
4215,5359
6236,3320
0,7356
6817,0
0,7695
0,5792
0,5649
3991,5667
5308,3380
0,1278
7134,4515
8271,1951
7261,1598
7322,0
3942,5557
0,4528
0,4662
9536,181
8699,0
936,7407
7465,0
735,8600
7807,3214
0,6362
3308,4971
8894,0
5590,0
6932,0
5359,0
1114,9098
901,0
3800,0
7458,3028
0,9377
4394,6432
5817,4790
4810,0
5632,4646
0,2857
0,7004
0,5513
5163,5446
0,4490
0,6844
810,7777
9756,0
0,3360
9379,0
4073,5120
0,4562
7817,0
6281,3609
0,6699
4925,0
6676,0
4898,0
6341,3309
0,3279
2257,0
0,3907
6391,0
0,1507
0,4287
5868,1558
0,3545
4467,0
5170,0
5606,0
0,9051
0,4593
4869,5576
2268,0
1221,8870
7977,1834
7499,3442
3289,7411
0,7486
7255,2639
0,6697
0,5578
0,9730
5994,0
2951,7487
5320,0
0,3933
3500,0
7105,0
7297,3708
8929,2392
1815,6735
7561,1378
0,3689
4623,5010
0,7202
4601,0
3436,6313
3818,0
0,7176
0,6384
7461,2060
691,8864
3841,6656
0,7286
3540,6357
3121,6549
0,5791
1392,0
842,8886
4115,6477
8419,0
5466,0
0,6531
0,3588
0,3846
0,9350
0,3585
8268,0
3201,0
4579,0
9907,1065
0,9665
8980,2664
8424,832
7081,4691
0,5764
5678,0
0,1264
0,2691
6615,0
7471,0
9425,0
2165,6538
0,6911
1687,7712
1544,0
5393,5685
3288,0
7255,4095
2024,0
0,2645
3258,7571
7225,2532
5481,0
0,9017
0,8755
3202,0
9067,0
3892,6607
1524,7492
3474,6078
6314,0
0,2568
5310,0
0,9009
3358,0
6869,0
6402,0
0,8667
0,8806
6804,3218
0,3605
9798,0
4241,0
8556,1513
1547,8738
6923,0
5415,4580
7698,0
4649,4188
679,0
1531,8590
6056,0
6009,3279
4696,0
0,5832
3188,7307
2652,0
8253,0
0,3190
8280,0
4514,5593
2037,8521
5568,5344
0,3334
8427,1292
0,643
0,5800
6130,5435
0,7013
3819,6074
3189,0
3953,6396
0,5526
0,4234
8696,1087
0,6267
4432,0
1699,7806
7983,0
0,991
4543,4513
6442,0
0,5382
5064,5329
0,5486
0,9199
2643,7667
8828,0
5428,0
2859,6099
6313,2989
4004,5952
5477,0
651,8538
1904,6898
4869,5906
0,6314
7988,0
0,9377
0,4944
7266,0
4420,5564
3459,5734
0,6713
7263,363
7911,0
9272,0
9200,1151
575,8866
4300,6064
0,4111
0,5150
0,7385
0,1984
2310,7026
8601,0
1288,8643
9016,1804
4193,0
7088,0
4992,0
0,2079
4122,0
0,3637
0,5618
0,6835
0,3457
6164,0
0,1167
6129,3260
4120,0
1845,0
5282,0
0,8665
0,763
3992,6714
9538,0
6082,0
3338,0
9472,654
0,2210
0,5282
5909,5468
4256,5380
5169,3792
0,9823
4386,4578
1385,9002
0,5722
7059,1313
0,1919
8613,0
1757,8208
5390,0
0,9431
3602,7364
6923,0
6175,0
0,4654
7185,0
2972,5999
0,4411
0,4722
0,6828
6141,6351
321,9399
4297,5935
5276,4226
0,4979
3654,0
0,7947
3275,5981
4549,0
0,3147
4818,4977
0,1918
0,3134
7371,3472
3069,0
6256,3246
7389,3655
0,768
0,7838
8800,155
1550,7859
737,8366
5641,0
4399,6614
4077,6265
0,5589
5825,3917
1921,0
4366,0
7604,0
5891,5277
0,7470
5971,4549
5668,4794
2881,0
0,4976
3068,6118
