7000 3
2298,759,448
618,182,0
1272,617,85
0,184,174
1689,0,222
2918,2009,540
2134,0,389
2059,0,0
2440,0,740
986,0,0
3124,1520,0
0,714,0
0,158,213
1818,713,0
1463,0,0
1862,500,524
1812,548,0
717,438,146
0,258,167
2501,0,401
0,634,0
335,0,36
3044,1666,371
367,153,80
0,0,378
2942,1668,388
0,565,230
0,199,46
3352,0,0
947,324,293
167,78,0
1012,0,224
462,214,78
0,140,0
2831,799,890
0,963,0
2059,0,0
649,278,108
0,106,0
239,0,26
0,0,70
0,0,223
2003,0,267
3061,2076,250
0,296,350
315,90,0
1007,0,60
0,132,40
0,0,1040
1822,899,222
0,1716,487
2761,999,0
0,0,43
229,106,32
3602,1735,0
0,1761,0
0,1239,947
186,0,37
398,0,44
1051,426,175
0,54,61
1718,495,324
0,592,454
1876,723,184
298,85,0
1592,559,552
0,0,124
985,400,0
340,109,106
361,0,0
3107,0,1055
3047,1822,1074
0,124,33
1642,320,0
0,1785,0
698,287,170
0,0,374
0,48,0
2903,2107,374
1102,0,106
3185,0,0
0,149,128
0,0,139
2056,511,0
516,311,0
1251,496,142
2969,1218,864
0,573,121
0,279,284
0,0,200
0,1250,276
0,106,74
1517,0,494
556,239,70
0,728,703
2800,1771,0
2339,1134,0
2628,1263,378
500,210,141
0,124,121
2499,878,0
0,1322,222
124,46,25
0,944,915
878,0,0
2670,1338,0
458,197,125
2648,785,310
499,0,0
0,328,517
0,0,221
3041,0,0
2863,1142,377
2549,1381,837
2920,1423,202
1356,425,0
2519,728,735
1216,494,0
1708,668,103
0,0,136
2853,0,684
2483,1213,0
2513,1269,344
728,0,227
0,0,29
449,155,17
2747,1949,912
0,114,0
0,30,14
2353,0,278
2011,1093,0
719,226,0
0,586,128
3235,0,456
0,0,316
0,85,0
1400,677,0
876,0,87
3222,1499,0
939,432,232
57,27,18
882,405,214
0,0,380
1362,465,0
2787,1048,0
0,685,509
0,162,0
0,447,254
0,594,147
1378,0,269
528,0,153
1690,600,164
2869,1681,292
0,882,329
0,69,41
2176,622,549
2820,1453,315
1421,520,441
759,166,0
0,0,551
0,170,37
1964,766,464
1078,321,285
903,0,321
1859,0,0
445,0,102
0,75,40
277,0,47
2183,0,0
0,503,110
1766,676,0
424,196,61
0,1630,219
2089,0,0
3132,1573,484
0,325,0
1026,346,198
618,297,92
3465,1887,1004
2529,1525,0
2148,742,666
568,0,104
775,174,67
2285,841,600
939,0,0
1731,0,0
2171,863,311
1439,0,0
0,0,501
1667,501,0
1424,0,0
413,0,119
754,151,140
3378,928,1149
1783,648,0
2456,0,757
2279,415,687
139,0,0
0,1342,385
431,217,97
139,64,0
3539,2831,1155
0,168,0
0,709,0
1749,0,497
753,0,164
2177,634,0
0,883,191
889,0,88
0,1633,327
1055,279,328
1141,0,123
2278,0,687
0,1109,469
2709,1137,260
72,48,12
0,33,0
0,435,0
2589,943,152
1870,803,198
2563,0,459
1755,0,403
0,152,0
1016,0,85
2191,1138,284
339,0,0
2787,1015,0
0,45,22
754,0,0
1059,418,0
962,268,264
2661,868,1025
0,347,344
538,283,30
2341,804,810
519,0,89
0,851,642
0,173,55
0,10,0
1983,780,181
2756,632,0
87,43,22
1472,675,276
0,119,111
1125,482,339
0,366,262
274,0,77
0,302,146
0,0,239
1153,448,0
0,444,390
905,269,193
674,0,197
949,246,350
0,615,346
0,889,490
214,99,0
247,100,63
214,88,55
0,242,114
3220,1502,311
3162,1778,877
0,420,120
2515,0,0
1040,371,0
1945,1129,337
526,148,43
0,607,0
271,0,92
223,86,0
2656,1519,727
614,0,0
126,61,0
3184,1935,213
1376,359,293
262,0,50
0,576,0
68,21,23
0,0,368
3122,1701,0
105,26,0
255,97,43
1449,503,0
1772,732,179
163,56,29
2045,648,0
275,0,71
617,177,0
1646,700,294
0,1757,317
1816,0,0
2992,1549,299
0,1298,739
1589,600,137
2835,1000,354
443,0,70
0,491,0
2995,1600,0
3101,1479,0
2735,1571,540
408,0,148
0,160,84
339,191,27
0,28,0
1207,502,0
1364,450,112
2351,0,660
1456,521,0
2066,757,390
0,139,122
1850,744,332
259,92,69
2198,0,291
918,272,0
2427,0,0
0,590,0
1480,689,0
0,269,117
0,764,552
0,335,0
1644,688,220
504,0,60
0,515,307
793,164,0
515,83,47
1145,431,187
737,350,54
2598,1289,314
0,485,497
1360,0,479
0,610,445
0,126,0
0,0,209
0,1585,878
0,0,869
2558,1375,0
1745,400,627
1697,0,332
212,0,40
1485,647,292
0,821,0
1133,378,131
584,115,82
967,341,0
882,324,234
2335,1032,787
2363,0,746
853,250,0
1570,655,219
1421,0,453
948,284,263
242,91,0
1134,383,110
2946,1769,967
708,0,186
2610,1172,390
0,797,0
313,137,0
174,73,52
139,0,45
0,0,151
0,720,115
1589,531,445
2267,0,207
0,1574,273
2320,1056,585
943,477,0
2030,823,202
0,1523,336
0,386,0
1004,444,229
0,0,45
918,202,0
0,947,684
2557,1363,168
1326,0,381
2184,564,776
813,289,50
1049,268,304
1943,0,187
709,188,233
1327,603,355
2913,1443,358
2435,957,0
222,0,48
1224,0,0
617,223,116
2809,1218,0
2793,1641,376
2274,1037,0
1898,718,259
0,0,449
2382,798,292
1393,0,415
0,0,71
0,747,0
0,603,389
0,370,182
492,123,0
0,1679,259
249,0,38
0,1552,313
0,1505,712
2716,1461,720
562,168,0
1935,1039,360
856,437,0
214,0,0
2795,0,249
99,31,38
700,0,56
3016,2152,0
1710,561,0
0,0,80
0,241,296
1354,476,401
1224,285,130
0,687,641
480,0,0
1170,516,431
911,314,237
2639,825,273
162,85,27
1070,302,312
0,446,306
0,467,90
1027,288,103
2672,689,762
0,1179,0
1487,647,123
891,0,64
0,1236,232
1405,441,236
2095,681,0
608,347,66
1803,0,0
2947,0,270
743,236,0
1438,727,96
207,95,16
0,309,31
625,323,0
2643,1091,631
1112,486,0
0,96,0
49,21,0
2408,0,0
0,0,299
0,662,548
2037,1062,0
0,0,27
1634,530,76
126,39,0
2816,1564,0
0,159,0
1451,0,126
1094,400,293
342,0,100
700,239,218
1772,689,372
2267,0,184
1626,0,526
2688,0,0
359,154,34
1219,471,221
0,310,168
0,0,695
487,248,74
1324,601,187
2539,1005,0
1782,597,353
0,0,329
2687,0,293
0,84,39
0,843,0
383,155,0
0,240,117
0,1895,454
630,207,178
1665,744,0
1639,634,0
996,347,186
1928,746,0
918,450,177
0,527,178
2232,935,394
289,157,59
945,361,261
3364,1942,1029
0,0,280
0,0,440
1223,457,0
1825,489,143
28,21,5
0,131,34
2081,0,564
0,1765,696
0,255,229
1059,565,186
0,559,141
1667,749,302
1055,296,400
2847,1400,828
1386,537,212
2419,1238,0
2023,494,0
1239,0,0
1065,344,296
1505,0,587
277,65,51
2936,1705,879
3117,2075,582
0,174,47
860,0,209
908,0,0
2595,0,734
0,159,0
2446,1616,0
552,224,0
1025,401,210
1174,0,198
0,171,0
2863,0,0
3041,2273,374
869,365,0
0,0,437
0,474,264
2002,589,229
2029,0,183
2769,1690,911
1492,644,0
2158,663,307
230,146,0
0,60,26
137,86,49
0,0,26
2068,820,596
1958,0,376
2084,0,0
0,397,255
888,0,0
2119,1043,0
1647,583,0
0,853,449
119,0,34
0,697,0
889,0,0
2694,0,687
2200,0,458
0,0,98
533,0,77
2018,631,0
1116,358,262
0,0,25
0,1462,828
1328,0,0
1449,0,462
176,100,11
2190,800,563
2109,1158,419
0,1344,0
337,0,80
0,894,0
0,955,633
0,0,701
0,209,32
0,582,0
0,850,181
0,995,363
789,0,208
0,1557,0
1685,759,0
551,0,0
1680,835,188
1548,0,0
0,0,143
0,228,0
241,112,18
3001,2125,0
997,268,374
587,0,0
1937,765,0
0,444,184
2398,737,460
3097,0,0
135,62,0
0,180,75
627,0,108
2264,1210,0
171,0,0
0,0,69
0,1069,698
2627,1028,0
152,59,24
1505,652,0
2743,1248,506
768,153,69
0,0,190
0,109,0
2642,1238,0
1552,0,0
2579,0,578
867,0,0
556,124,0
1776,974,306
0,1495,0
1426,875,119
1055,620,74
549,193,170
2717,0,231
1403,616,253
986,293,81
0,275,76
1421,612,98
158,63,50
24,8,15
134,55,35
0,1082,565
409,0,33
936,372,266
0,686,0
269,0,91
1377,566,348
3024,1898,0
0,348,404
1735,871,513
571,0,173
285,74,93
1288,532,0
0,56,59
2653,1448,269
798,0,99
0,374,115
1481,0,0
1594,0,303
1236,491,280
2072,759,247
0,653,482
2547,686,249
1370,0,215
2186,1011,187
748,0,250
133,31,0
702,0,105
520,188,24
937,0,102
2770,1553,0
1935,874,121
2777,1450,442
0,1697,620
334,82,35
2188,874,0
493,204,0
273,0,49
0,204,50
0,34,0
37,9,20
1993,863,582
768,237,147
251,89,0
155,0,0
1682,892,435
1327,372,0
0,790,395
2429,0,481
887,271,250
2050,0,212
827,472,107
2327,693,509
3067,1879,0
947,0,79
1017,0,0
0,0,304
449,151,71
1853,432,0
2797,0,0
0,0,50
3246,1598,1075
1765,0,442
2315,0,0
0,590,0
2884,0,294
0,1285,277
2283,0,188
0,123,240
2851,0,830
654,153,0
1299,0,155
492,199,62
807,324,93
0,1031,294
1823,0,310
1812,813,0
38,0,5
2765,0,847
0,1484,738
0,434,570
0,561,119
0,1672,0
1169,507,0
1215,377,0
2152,0,0
2131,664,0
1075,311,324
0,24,10
0,0,32
1928,1004,254
112,0,26
0,179,0
2933,1017,0
2119,0,0
0,1352,178
0,269,0
1213,528,0
0,735,0
3182,0,1010
293,0,37
0,236,181
0,1587,810
0,676,0
1977,0,289
940,469,202
873,0,188
110,16,21
0,364,0
0,0,1029
406,0,52
53,0,3
216,83,0
1181,584,120
2779,1107,239
611,198,119
0,88,54
0,934,389
2479,1266,0
534,0,130
0,742,0
107,36,17
1216,706,0
839,390,101
0,0,162
0,0,758
1849,585,0
547,153,0
929,0,70
3638,0,1288
1277,454,352
598,196,173
679,0,179
0,610,552
2423,1060,802
0,312,203
789,315,0
643,224,111
243,74,37
400,150,74
109,25,0
1538,0,357
2473,1064,249
1080,504,0
2319,1219,0
0,0,128
2172,477,666
739,340,82
1551,606,0
0,0,52
1581,846,207
378,0,36
0,466,106
2522,0,0
663,351,90
1859,0,205
1222,0,98
849,0,0
2644,607,955
2524,572,0
0,0,294
0,483,219
1003,0,202
0,1097,0
1617,664,614
751,288,279
0,1000,0
561,229,156
0,19,14
523,0,142
1584,530,0
809,250,81
775,0,98
0,0,125
0,1144,1035
0,2014,164
1641,0,180
0,1083,673
1490,660,380
0,530,137
434,211,90
1550,756,209
2731,1777,227
1079,0,0
0,0,12
2751,0,250
1466,642,0
0,422,216
2364,0,0
224,63,45
746,129,0
247,0,47
499,0,0
1552,0,450
2528,1191,650
131,53,0
0,0,83
796,309,0
2132,1006,584
0,1002,244
413,85,46
2201,0,0
245,96,46
1297,0,0
1611,0,475
0,251,0
2454,1078,229
1757,581,210
97,0,17
0,435,281
0,291,97
530,0,94
2714,1394,0
0,1497,589
289,69,98
659,0,204
1074,384,0
2409,0,254
0,297,280
0,1127,0
0,146,63
879,285,60
0,275,63
2629,0,447
298,78,17
0,0,66
2971,1444,191
0,1868,373
2035,1018,631
0,0,664
0,118,86
0,589,128
1828,614,344
0,1366,0
282,0,56
0,113,62
1264,0,402
0,1299,0
2802,1803,0
108,33,18
2629,1215,0
2954,0,301
2121,659,186
465,218,98
0,0,400
3265,1940,1043
1347,0,0
1171,0,82
1602,377,424
2130,938,0
265,104,0
0,232,68
1856,0,232
0,843,360
0,0,59
1456,453,0
463,0,0
2205,0,591
3105,1789,0
1023,605,206
0,395,351
2527,0,0
2483,1031,0
1967,976,0
0,59,41
91,49,34
2742,1380,738
1070,374,178
1417,727,0
794,240,0
2413,1245,170
2058,517,616
2171,0,0
1521,709,191
0,0,790
0,0,669
0,556,0
0,0,174
0,1363,548
1684,524,569
1604,961,0
575,0,0
0,647,742
0,376,59
948,420,113
398,114,55
0,111,96
0,111,0
2498,1319,266
3390,2031,1444
0,1105,121
2969,1518,0
0,0,141
2552,1715,864
0,609,0
0,570,332
0,826,0
1693,610,0
0,219,184
0,391,0
1576,855,329
1434,786,125
545,272,37
0,787,74
221,0,64
2006,846,701
0,0,32
0,755,429
2411,0,916
0,1199,0
2122,912,0
0,80,22
0,397,123
0,202,0
0,357,0
0,498,258
1763,0,513
849,0,254
914,448,259
1781,1039,577
2179,1098,638
1900,683,0
2539,1224,865
0,354,0
2859,1623,503
0,0,110
0,132,0
2617,0,0
0,0,468
0,92,47
76,32,0
2958,1281,1013
0,0,96
527,0,0
643,281,86
0,805,206
332,156,106
2288,1172,212
0,1678,295
1479,0,146
131,58,13
571,183,61
1488,518,0
0,0,125
732,221,146
572,0,109
2670,1825,274
2144,0,604
771,304,0
1753,553,198
0,0,177
1381,375,104
161,0,48
1139,0,0
2027,678,0
2641,1941,0
0,947,200
0,0,128
0,771,405
0,911,414
2915,0,609
1195,746,0
2370,1401,291
0,1561,177
0,362,191
560,0,0
180,38,28
0,0,197
0,64,77
0,0,333
0,206,0
869,244,63
2955,1745,852
2885,1858,331
2286,0,0
0,56,39
0,903,442
0,546,133
0,700,167
0,194,257
1701,960,155
385,0,71
0,754,516
1690,0,238
0,95,0
2499,0,233
194,63,27
134,36,13
0,1781,726
1366,233,410
523,0,73
850,326,78
2394,0,0
1535,444,0
904,362,0
0,722,0
1781,871,0
1142,427,0
826,225,270
160,0,0
1794,671,0
900,468,238
0,1903,516
0,83,0
225,76,15
776,316,125
0,0,363
1782,0,501
0,0,100
1841,0,324
2314,1287,0
722,307,0
915,0,257
2401,1318,0
0,0,380
431,0,96
999,308,185
2621,1328,172
0,0,238
0,1055,194
1106,0,138
2934,2585,403
285,55,62
0,855,432
0,470,242
0,0,259
459,0,113
2791,1334,0
1818,912,0
1581,538,249
0,0,232
1116,333,107
0,420,399
0,0,496
0,0,83
1551,0,0
1121,409,173
2092,0,138
708,198,180
0,0,320
0,219,326
923,219,58
2938,1951,719
1541,472,394
2622,1465,200
2119,0,0
1938,768,584
2647,0,681
0,121,55
2125,1053,450
1448,660,0
0,127,72
0,533,0
0,438,381
2657,1087,0
674,0,0
373,0,0
0,1565,775
2945,1549,0
0,0,151
100,29,14
302,126,112
2412,743,0
1136,0,450
374,0,163
2131,0,552
2123,843,184
1167,292,123
0,67,33
803,0,90
681,234,0
526,183,49
3140,0,1190
277,0,0
964,589,78
522,290,0
2744,1350,704
1528,593,99
1012,0,50
516,171,0
1424,0,462
0,0,86
0,463,220
1565,582,0
1543,937,290
1557,654,338
2860,1082,1216
0,1553,691
811,511,0
2510,1634,264
3226,0,0
0,40,0
0,792,418
2337,1250,573
2849,0,464
0,444,321
0,443,109
0,0,92
541,327,70
577,228,0
1494,0,82
1683,490,466
298,0,0
0,991,0
1966,0,386
988,0,123
3060,1254,0
486,177,109
0,942,0
1661,0,0
2670,1255,658
2286,932,115
2123,731,774
0,1334,0
0,747,225
0,1035,0
1636,1056,0
1337,579,0
228,87,70
0,101,79
777,391,214
0,0,908
1595,0,436
2123,0,259
1988,819,245
1552,0,146
2677,1441,256
736,0,0
442,198,54
225,85,26
0,1056,188
3029,1660,0
0,567,0
2670,1005,627
2973,794,1094
0,0,429
2422,712,287
337,194,0
0,270,91
0,1073,842
0,391,208
298,0,80
0,0,187
225,59,70
2381,1033,316
0,0,275
556,266,0
0,845,99
0,535,0
0,1292,223
59,14,14
298,0,48
259,59,40
0,0,546
276,59,0
607,102,108
2539,0,0
2610,1271,580
2375,0,427
0,0,157
313,105,93
1956,924,400
2593,0,258
0,406,84
757,0,75
1867,657,193
2595,802,198
1452,0,0
548,217,0
0,0,442
1986,0,0
0,953,0
2384,1092,298
1095,297,84
0,561,0
0,208,0
2919,1547,0
2925,1646,0
1635,327,473
2415,763,245
2562,882,657
0,597,187
661,334,81
329,148,29
2192,0,467
2625,763,336
1420,0,440
0,857,636
0,626,0
1084,595,292
0,2452,509
1686,0,151
2536,1094,170
817,374,119
2182,1402,200
2088,1065,545
1243,371,265
2075,0,383
0,504,120
1609,777,0
1427,371,301
925,206,0
0,0,646
0,0,657
911,0,87
2723,728,163
996,222,0
2370,1565,0
248,60,42
1112,371,0
0,179,0
1638,427,264
0,52,38
0,0,419
1077,422,0
1307,422,0
1934,641,0
1259,396,153
111,51,19
509,115,133
461,149,93
0,218,43
2931,1439,789
1631,377,348
0,636,0
1750,0,228
1738,375,159
624,0,0
1114,0,0
2154,0,191
331,32,77
2641,1749,676
1643,582,468
2693,1431,0
930,0,278
0,808,358
0,1053,0
2046,1096,435
0,0,813
1574,615,0
950,524,0
0,298,0
0,393,98
0,87,18
987,306,80
0,68,0
0,0,441
0,0,120
2161,0,0
247,80,0
106,38,9
1065,335,0
0,0,569
2228,567,584
0,1122,0
2460,791,693
483,154,93
0,390,0
1829,341,220
2186,637,0
0,1044,197
1919,555,154
1682,638,0
1666,635,229
3245,0,0
1161,552,67
2730,1234,0
815,443,155
168,0,41
153,93,0
680,205,0
0,776,264
1815,0,0
1578,0,196
0,0,168
0,1278,1017
2111,994,431
149,59,0
0,415,110
0,250,61
2962,0,232
2408,1012,471
1787,0,0
1659,599,391
2701,1354,211
2269,1180,0
461,0,0
0,777,0
0,190,0
3175,1293,545
1569,740,390
0,1229,481
3088,1543,789
1592,643,0
2016,1003,533
0,0,520
1044,0,286
0,219,56
2865,1292,353
186,88,21
484,215,132
0,444,268
0,235,0
0,182,78
0,1269,0
450,93,0
0,1530,852
2578,0,994
2199,1194,0
1803,0,0
212,0,18
2620,1967,287
2032,507,673
123,84,0
1426,0,202
1376,0,270
0,34,0
1172,234,102
1796,0,315
0,119,84
1708,423,465
236,83,21
208,0,11
0,39,11
118,0,28
562,155,183
782,350,106
1083,0,223
1058,0,0
1976,1585,0
112,42,0
1145,349,227
0,380,0
2677,1818,659
2393,1196,0
0,955,249
121,15,14
1468,659,391
180,0,0
2946,1486,633
979,380,226
0,940,653
2923,0,837
1979,0,254
331,137,65
937,325,87
1616,625,166
0,170,0
2319,0,161
595,444,50
1027,0,120
0,0,624
1785,922,140
1260,470,364
0,884,274
2156,906,250
30,5,6
1482,0,394
444,0,0
2627,1289,633
923,0,95
2060,1037,0
0,229,0
2682,1392,561
0,0,248
1298,391,301
0,907,269
2189,0,0
1392,0,82
0,360,44
174,0,0
2614,0,226
0,0,133
2664,0,178
1182,794,103
1124,528,0
356,92,0
0,150,133
999,222,188
0,0,490
1031,447,0
2040,1298,375
0,874,0
146,72,15
0,520,0
2539,0,0
2100,0,0
3015,0,558
2789,0,557
2796,1789,248
0,230,0
2817,0,392
2796,0,835
833,376,0
0,0,423
2822,1202,243
2914,1200,0
0,945,0
459,88,95
2597,0,305
0,0,182
845,219,0
0,0,266
787,390,53
1317,0,0
0,1009,422
0,833,152
0,145,0
1372,527,395
0,806,0
412,170,51
0,25,0
0,1211,191
1578,0,0
187,59,18
2991,1447,0
1900,990,0
0,377,189
1295,544,159
1191,517,0
0,641,0
802,0,207
746,268,202
608,222,0
248,81,0
741,0,193
183,97,0
558,240,154
0,434,180
2609,967,0
550,221,0
549,143,108
0,0,66
909,0,210
493,142,127
1986,996,388
0,864,168
0,278,0
2252,870,213
0,362,387
95,57,16
1047,0,163
0,0,195
2671,1263,0
0,44,18
0,1163,261
0,0,704
3398,0,1188
837,0,58
0,1151,0
1187,0,218
746,392,159
0,95,0
0,0,398
1963,875,142
0,125,88
0,1196,0
1235,541,0
345,0,86
2980,1581,0
0,741,0
70,0,4
1204,655,61
0,262,192
2599,0,613
0,705,91
3024,1440,0
2018,909,305
124,34,24
0,280,0
807,0,0
2756,1552,221
1037,0,229
566,0,71
0,0,83
0,540,0
637,192,80
0,295,0
2418,1253,0
0,1035,0
145,21,35
3044,1469,0
0,1258,609
1229,769,322
946,489,287
0,1414,721
0,323,0
257,0,63
501,187,23
0,488,98
0,0,721
0,0,762
0,0,294
2667,0,509
3049,0,1038
0,748,109
858,0,182
0,0,813
2033,0,155
1938,0,142
0,0,210
1274,0,96
2838,1508,312
3129,1642,921
607,219,126
3077,1772,443
0,815,493
0,0,149
1207,349,254
2626,1732,565
1075,0,198
0,456,150
418,100,117
313,109,75
1638,591,304
2214,996,664
2906,1734,393
862,314,159
2274,765,611
2876,0,0
2277,942,605
1073,357,308
1521,0,227
1475,539,0
0,967,0
930,454,134
0,92,0
0,0,90
0,144,65
145,0,0
2186,0,0
0,548,227
2554,1722,592
0,1979,508
1202,0,294
1154,463,282
1811,695,0
2722,1206,612
599,208,155
1885,0,0
0,1326,0
0,0,173
1964,0,0
1401,597,0
0,1007,246
371,104,59
0,0,62
1432,814,97
1048,0,266
0,123,0
0,0,277
1565,570,187
2331,981,589
1716,0,0
2468,1290,590
0,990,209
0,369,0
2625,0,240
1333,375,335
551,0,0
0,90,0
0,73,0
2496,1146,0
2317,1014,668
0,249,269
1161,0,0
2093,0,0
0,28,52
1789,728,0
1206,0,235
0,1510,0
49,18,3
1619,613,0
1433,369,107
309,112,0
667,325,155
975,248,238
2988,2326,601
0,1542,491
699,261,180
1248,612,137
754,0,0
1610,0,103
2638,1743,201
2797,1479,0
0,534,90
0,601,382
1130,0,301
0,1115,0
756,0,0
2787,1709,304
1547,500,236
42,14,10
0,0,228
556,170,133
1058,237,236
775,0,183
1551,671,0
0,848,0
1844,0,128
0,0,471
0,974,159
1309,492,179
0,216,0
2551,1093,335
0,1621,0
2907,1326,683
2853,1714,0
2053,1097,494
153,67,25
0,564,224
1541,590,0
1544,0,398
2511,1296,353
137,0,0
1749,665,0
0,375,309
673,219,0
491,156,114
0,105,0
1345,402,404
2761,0,860
1507,667,0
0,1346,456
995,281,240
2262,1370,324
0,0,62
0,0,993
356,98,128
978,417,0
2602,1167,195
2020,633,225
879,0,232
53,8,0
0,674,568
206,0,46
818,334,125
1171,441,0
1836,0,165
3023,898,779
2252,942,422
155,0,26
375,123,89
381,0,53
2345,1159,553
1559,668,121
1364,504,217
1706,618,424
0,1591,537
792,341,136
642,210,0
1423,816,0
2879,1630,599
311,0,69
803,308,114
1817,698,0
0,74,47
2459,1509,0
820,229,200
695,204,167
2740,1756,0
599,286,84
0,0,77
265,85,35
170,63,31
0,532,281
0,202,47
292,0,0
1806,0,531
1607,840,147
0,0,295
1074,0,145
855,245,0
2601,1387,0
0,0,657
711,284,0
0,620,0
0,1464,0
0,183,0
393,183,0
2284,912,635
646,293,186
702,233,154
1139,0,224
0,1016,0
2435,727,0
1433,413,0
0,454,0
1438,0,0
722,272,84
2428,936,230
1548,615,0
39,0,9
0,245,0
0,0,78
321,95,36
0,761,194
0,88,99
2856,1953,300
0,1854,328
2155,0,0
482,152,0
0,0,91
2252,0,264
1830,655,216
0,990,540
0,587,117
63,0,13
527,195,96
2054,567,0
1388,346,136
0,797,0
727,172,69
1472,442,443
1793,0,0
1290,634,208
503,209,74
0,798,0
0,324,0
0,400,261
0,34,19
2961,1396,1027
210,0,0
2761,1600,0
0,1315,583
346,0,38
1385,806,0
1146,0,0
1822,825,236
0,939,298
1970,1033,0
30,2,8
2900,0,469
1380,663,406
28,12,3
0,673,156
2009,692,464
2701,1188,0
2600,1049,0
3028,1908,796
2168,1365,0
1428,561,143
992,413,63
210,65,13
0,348,50
0,1220,332
785,0,0
317,118,80
0,324,137
2455,1283,642
0,1639,636
0,0,153
688,342,86
2487,1310,649
127,0,17
0,471,484
2387,739,262
0,1004,575
23,0,9
354,0,82
0,1045,658
0,0,777
0,193,0
0,0,235
0,0,448
413,90,101
1797,1430,338
0,1194,146
2705,454,574
1034,356,0
521,346,0
654,0,0
1059,0,250
0,80,97
2870,2167,464
2683,1727,532
0,0,86
0,0,137
0,1669,217
478,0,71
2584,1967,313
229,53,66
0,446,81
2650,1636,338
1119,0,121
419,148,48
1469,0,0
1135,0,270
1153,0,220
994,402,0
253,57,0
512,46,66
216,59,22
2041,808,96
0,395,0
0,1506,0
176,55,0
0,455,398
2073,1056,460
2567,0,491
2715,0,480
0,346,138
0,0,252
0,1063,237
1761,619,323
1770,826,0
473,0,0
1674,388,490
0,1165,388
2086,0,470
119,0,0
0,0,6
324,104,87
660,318,63
335,53,0
2010,788,218
0,583,0
1955,626,0
0,1458,0
2514,1334,289
1807,0,180
0,1609,0
0,121,59
520,129,115
611,0,0
0,0,193
2577,0,0
0,388,317
0,0,353
332,0,113
3075,1654,528
1650,595,178
0,1451,678
829,0,0
2638,1277,476
960,174,0
2160,759,445
870,259,233
2867,1520,857
0,89,113
0,1722,0
1280,685,135
65,20,10
78,30,16
989,321,214
0,185,182
1730,0,0
0,168,266
1937,760,127
1936,895,341
1571,0,165
0,757,0
197,81,51
1531,573,0
0,342,198
2402,0,753
0,701,545
340,0,58
162,0,29
3082,1665,0
586,223,0
1420,581,433
1637,0,164
2101,850,381
2945,1803,0
2993,0,0
0,0,179
2436,818,189
0,124,61
857,430,0
0,0,78
0,271,46
291,77,31
0,0,327
1915,826,709
1731,0,0
730,257,0
0,6,1
2493,1618,0
0,481,130
1602,722,285
327,117,0
1421,672,247
2174,669,0
1476,0,0
0,63,22
0,290,366
0,327,0
202,37,46
0,412,43
2159,668,197
372,186,74
2123,1018,0
1734,0,455
0,1497,204
0,1029,0
200,0,13
1434,0,0
0,0,326
2236,1160,275
1838,1027,175
2544,1444,0
2630,1735,0
0,971,0
1114,377,270
457,149,82
0,210,88
2481,1212,525
2091,778,445
2347,0,703
1232,358,134
0,413,256
0,33,3
245,0,18
1586,544,288
0,164,241
0,0,61
0,533,392
0,0,43
1279,548,95
1049,203,262
653,78,166
2923,1739,579
0,169,0
0,32,19
1462,556,0
2258,0,246
0,473,92
1288,0,0
2189,702,0
2031,0,631
0,0,716
0,496,0
2101,1262,0
1971,1462,323
2539,0,193
774,358,153
0,941,119
0,308,82
433,0,31
0,794,0
0,1044,0
189,0,25
1314,667,238
2535,0,414
535,195,84
0,1126,323
2873,1598,202
0,44,27
0,1597,0
0,0,61
0,0,189
740,0,246
1182,476,0
0,0,344
825,0,159
0,22,34
2648,1062,0
0,1201,596
2496,871,186
2062,703,164
0,381,275
875,270,221
2976,1254,317
2367,0,0
756,0,0
0,600,297
885,142,0
0,166,0
0,213,109
418,0,0
1276,0,350
0,1432,724
958,473,206
860,537,159
0,88,89
800,0,0
0,76,22
611,311,96
308,145,0
716,306,184
536,228,37
2091,798,647
2128,0,0
1158,536,85
1670,0,0
2072,483,608
2613,1436,206
2957,1941,0
1254,0,295
3001,1183,539
0,15,17
132,47,22
0,774,0
535,165,0
210,79,0
1061,339,263
565,0,0
171,46,44
0,165,0
2853,1824,417
2734,1585,391
2689,1046,378
0,1211,0
0,1817,610
1117,0,250
0,438,166
2914,1692,0
0,0,513
2253,1218,222
1259,486,0
2317,903,605
0,433,117
1001,323,227
129,0,18
0,532,473
1617,0,528
1689,724,130
3127,0,457
0,0,265
1870,1003,546
1492,0,453
1436,700,410
268,0,76
1238,276,0
87,20,0
0,2186,0
0,1259,0
304,0,0
0,1767,427
1490,700,103
2292,781,169
0,500,0
1278,526,0
1150,0,70
344,0,43
2543,0,0
183,51,17
115,29,8
0,15,0
3089,1720,0
0,0,261
2458,965,0
1918,1052,556
0,0,218
0,653,188
1491,414,216
1429,0,218
0,950,423
2278,872,219
2502,0,0
366,123,63
2163,440,436
2489,1103,278
713,215,0
882,0,250
1106,378,195
0,298,262
3182,1491,0
0,0,195
267,99,31
175,77,0
1260,325,0
1168,0,73
2545,0,279
0,1767,435
2696,1410,511
2005,0,0
139,0,6
1469,0,248
1792,662,0
2139,895,360
1405,0,0
2952,1603,0
2088,878,0
1344,469,376
2395,1214,0
409,124,91
2787,1762,0
2090,298,0
1132,0,327
842,195,95
552,204,0
0,0,54
0,0,123
219,54,49
218,41,0
154,0,33
0,0,51
760,199,77
1557,613,0
2801,1677,670
36,12,10
0,494,272
2019,1223,0
3270,0,235
0,165,46
1868,706,177
413,0,62
1965,629,177
373,89,86
2269,0,0
2112,0,610
0,64,0
1709,640,0
128,0,0
1007,487,280
2669,0,694
2017,687,504
1971,764,0
2239,0,203
1075,0,183
441,143,131
2241,0,664
1971,0,125
0,1389,0
0,769,119
1491,657,0
1314,0,301
1086,508,168
3024,2414,0
1389,773,101
1771,0,451
1120,499,203
2870,1136,386
2535,1754,218
0,1325,215
0,0,40
0,1184,600
772,0,163
704,0,0
221,0,38
232,92,35
1910,538,531
1402,412,0
2032,710,244
0,988,264
482,257,57
0,0,77
2568,0,0
0,22,0
128,47,24
0,23,7
0,1606,639
0,0,120
866,0,113
2733,0,0
669,0,132
345,105,77
0,1213,0
2514,1530,0
862,394,75
615,315,46
402,0,28
0,983,462
1978,0,226
1519,0,0
1437,0,0
1609,312,0
742,200,0
0,513,207
451,408,64
324,0,81
0,335,168
1998,1047,366
0,0,128
1321,0,200
701,276,121
620,332,0
1190,0,0
0,0,420
1812,0,592
2444,1386,324
1176,620,0
2120,0,143
0,785,566
1442,395,0
2992,1795,288
0,1203,718
0,0,872
673,0,0
691,332,102
1853,817,131
0,1075,0
609,294,0
461,157,30
0,65,0
1213,587,0
430,0,36
863,326,113
1131,417,0
2970,1921,409
521,143,139
2567,1471,334
1012,0,0
2484,1474,0
0,0,32
0,39,25
2226,0,0
1946,0,393
1031,350,0
0,1597,781
2567,0,0
1570,395,94
1664,0,0
1132,0,246
0,406,373
0,1146,0
0,408,0
0,586,116
0,0,97
2157,0,301
629,177,0
0,1460,0
2321,0,642
1114,569,320
2864,1491,879
1654,658,439
0,397,0
0,0,143
0,1632,0
2790,1371,748
0,259,41
0,740,0
408,108,0
471,214,81
0,498,139
0,1076,623
350,126,57
2158,1165,235
2919,1503,0
531,231,75
2790,1609,0
1281,517,0
2377,1024,770
432,179,63
1754,0,0
2626,1622,0
1788,818,169
2292,1097,0
1217,456,0
483,0,0
2791,0,216
432,184,0
0,301,0
156,27,28
1546,0,544
562,189,0
1172,280,322
107,35,14
3049,2366,0
0,1013,208
604,222,145
110,69,12
0,0,710
367,0,45
0,17,0
0,0,350
1901,568,120
2441,1366,523
0,0,79
0,363,151
0,768,252
1579,579,340
2740,1564,0
804,0,0
2230,828,586
1586,0,0
1567,988,302
0,2076,682
2758,1676,278
0,0,102
0,600,350
404,146,0
0,175,52
0,0,214
2339,0,0
0,0,922
332,138,58
695,342,156
0,0,499
1989,0,445
0,452,288
57,25,15
0,0,108
473,131,0
0,293,0
1420,0,145
2253,0,254
1561,549,473
732,275,0
438,129,0
1056,0,0
1105,0,0
0,325,78
2695,1253,0
1682,835,169
3028,889,973
1566,0,103
122,0,31
0,307,192
0,931,0
0,272,265
17,0,8
130,40,33
0,2345,0
1918,0,0
1567,0,128
0,229,117
883,0,148
861,381,146
2549,980,334
0,1541,0
1104,404,270
2405,934,0
0,0,110
1130,0,126
456,110,129
2240,852,0
172,0,28
2090,781,0
1843,1142,227
1453,696,203
0,952,256
2556,1230,199
0,1874,392
0,71,70
1890,738,166
323,122,34
1497,631,0
2489,1059,488
2147,846,140
0,191,38
2083,0,388
2579,0,260
845,278,173
520,0,0
0,246,277
2933,1062,261
0,217,46
0,1516,0
0,74,43
2345,1330,566
858,0,104
114,0,9
1609,0,356
936,289,194
2088,1009,0
0,622,483
1004,0,239
1175,412,61
688,396,48
0,0,217
1358,753,125
0,376,0
1278,0,375
2857,0,855
0,1760,824
286,147,0
532,208,47
1968,809,435
1132,0,251
0,0,578
0,80,58
3031,1890,0
0,353,183
0,2008,763
972,0,227
1600,509,140
122,27,10
0,482,130
0,509,103
626,150,0
1234,474,0
0,66,0
0,1552,0
0,223,0
630,293,70
0,0,187
811,295,133
0,1192,1074
1002,254,185
0,173,0
1798,874,139
469,0,0
0,1540,266
604,164,0
0,0,337
2057,846,296
1217,464,0
1514,446,453
0,705,465
2594,1029,0
0,0,173
1396,0,143
0,1053,299
1155,500,332
468,189,77
1463,0,296
1326,0,372
0,0,271
1556,649,380
0,344,198
341,127,56
2374,707,917
168,78,0
2761,0,670
0,1600,0
3013,1671,319
0,111,31
0,332,171
0,912,687
0,0,412
1210,605,276
0,333,136
0,0,56
2956,1547,819
668,265,0
778,0,51
2159,1174,475
936,0,115
0,393,190
1930,760,328
1759,726,0
0,2122,0
44,10,0
1386,0,210
534,85,0
385,0,101
1600,616,129
532,223,0
560,157,0
1333,507,339
0,618,0
1545,0,0
788,355,133
2969,0,0
0,0,107
2976,0,0
481,138,0
703,319,83
0,0,75
0,1304,0
789,0,0
1612,0,0
2049,900,0
657,358,0
1733,557,0
0,1262,162
2638,1551,367
138,52,0
1482,352,0
52,8,0
2308,1165,478
1151,0,0
0,0,365
2778,1137,223
3018,1270,249
769,0,160
1984,957,513
1350,448,0
1297,0,0
1097,0,216
0,0,13
2774,981,0
2804,0,0
3170,2264,951
1227,713,113
298,0,65
1922,1272,0
0,730,167
658,162,134
2580,0,246
0,393,136
1136,176,0
0,0,127
0,423,0
2258,0,551
133,43,0
0,197,159
0,171,0
2660,1046,938
0,74,13
2004,976,0
408,0,93
1596,0,396
0,746,0
0,0,253
0,0,350
657,297,173
431,153,81
1361,0,155
1122,418,218
359,51,0
1793,0,228
946,0,0
2629,1621,553
0,299,271
1282,901,0
2144,0,0
0,537,102
0,104,41
39,0,0
0,1217,159
2179,1027,0
2523,571,0
0,0,17
513,170,144
2732,1161,200
0,571,717
414,0,19
1377,0,0
0,563,0
399,103,98
2818,0,0
656,344,0
0,1653,676
154,52,29
0,1155,296
0,381,91
1834,0,205
682,374,0
893,265,211
0,101,63
0,0,148
2961,0,0
0,0,320
1767,792,494
0,134,0
1052,0,0
0,395,323
1796,777,187
1334,350,0
3032,1393,246
1084,535,0
199,83,21
885,0,0
0,595,0
1436,581,97
145,32,19
0,117,0
2188,1054,293
2592,1178,517
0,0,169
1747,843,348
1279,436,149
607,211,167
0,587,143
1809,683,174
1557,0,151
0,120,174
2177,0,318
1917,0,191
1043,0,72
874,352,119
2637,0,449
0,0,242
1935,1002,231
1778,334,0
1313,197,325
3311,2868,449
86,19,0
0,205,240
0,46,15
0,279,0
1050,359,231
0,1110,832
2150,0,0
3061,1546,665
0,83,0
405,0,63
0,461,627
2022,1034,0
0,743,0
3198,2268,986
136,0,24
2114,841,467
601,179,0
0,662,0
2703,0,518
0,575,128
393,126,0
0,694,328
581,0,0
265,67,64
1840,822,190
1070,261,96
868,196,75
1501,919,198
848,251,0
1428,603,0
50,0,14
2383,1280,607
0,0,213
0,0,222
1435,0,263
0,18,4
2825,0,959
0,1061,628
0,244,27
2499,0,601
965,0,83
0,337,330
2991,1222,378
0,983,0
845,277,0
980,393,125
1161,0,160
2502,1134,0
0,450,0
2110,1178,405
0,62,27
1765,0,459
2003,701,402
0,0,462
958,446,290
417,162,47
0,0,333
455,140,84
447,138,81
0,0,709
760,223,66
2170,841,0
499,0,182
0,841,0
191,0,30
1044,260,0
992,250,0
2842,1204,237
0,0,48
2307,0,959
2653,1574,232
2927,1577,278
1257,550,0
0,925,0
3072,0,837
354,194,0
2378,0,491
82,42,20
1248,0,119
1011,470,0
1038,747,109
1755,0,309
953,378,0
0,0,28
260,0,0
174,57,0
0,490,0
0,48,24
125,63,0
2098,802,0
1183,459,281
0,343,242
462,218,0
1221,407,321
2637,1279,834
2091,871,547
373,0,26
0,545,101
1137,320,187
0,400,0
0,352,51
622,312,91
949,243,75
58,0,0
1695,748,0
0,0,235
1068,558,151
2377,1281,255
1028,567,101
0,0,255
0,359,0
2401,0,0
0,0,231
2618,1330,406
1642,500,144
2777,0,447
130,74,33
1672,779,140
0,0,696
1406,706,0
1355,0,267
0,259,115
108,37,0
0,68,44
0,423,0
0,155,56
267,72,0
0,200,135
0,0,94
274,92,29
803,0,0
140,56,28
2536,825,765
1996,902,0
0,0,234
2532,0,0
0,161,48
0,0,191
0,479,0
1096,0,0
0,532,488
1722,1114,204
2422,0,317
545,0,114
1857,1267,151
3064,2123,615
2662,1432,635
544,185,157
1459,917,180
1254,555,231
2349,1094,262
0,2175,326
0,0,202
0,0,41
2552,1084,0
2788,1162,306
245,0,61
337,67,19
0,187,42
2661,0,0
2120,0,541
0,177,92
1924,846,238
1193,396,163
783,0,245
0,81,35
0,1088,739
871,291,69
501,163,0
1277,517,394
0,294,0
964,341,0
0,201,93
2851,1526,409
1206,386,231
2577,1196,225
0,425,68
1551,788,202
112,42,22
0,1054,0
2220,844,189
1850,642,0
65,0,8
131,64,0
1154,136,0
0,26,16
0,212,0
0,0,304
2559,0,0
942,150,243
0,38,53
1411,484,0
498,0,137
1531,345,453
0,1106,776
176,0,34
0,261,200
0,159,147
840,271,0
781,138,87
2184,734,498
336,136,61
0,1495,0
1806,657,545
110,30,32
476,233,114
919,372,77
1795,522,0
1354,467,0
2418,0,0
3126,2326,0
950,434,0
2065,927,0
0,0,261
2435,854,514
2385,1677,433
2027,1038,189
0,1758,0
2804,1305,0
0,532,388
318,113,0
0,0,292
353,123,50
690,165,187
1594,0,0
3093,2176,483
270,0,33
0,81,0
353,151,0
0,66,0
500,114,29
258,30,78
2336,1293,206
3020,1450,0
3024,0,1105
0,141,58
1138,492,74
190,0,0
614,0,132
1633,671,413
2078,1317,0
1334,0,301
2413,1048,445
835,0,0
2170,813,262
1308,583,0
737,428,100
2717,0,0
91,0,24
0,134,0
1251,0,209
2287,1122,384
416,0,75
2208,0,0
583,136,139
536,181,64
72,23,0
1458,0,0
2102,764,0
0,969,0
774,358,165
1005,475,0
2605,0,302
1732,0,227
2301,0,376
1157,482,0
2161,1155,465
0,568,0
0,279,0
3145,0,0
1897,0,652
1597,803,0
0,193,0
244,103,32
1358,721,0
1338,709,0
591,328,218
368,144,34
1569,1002,263
0,1296,242
2924,1458,0
2273,0,572
1276,646,0
3135,0,0
1220,544,117
1108,0,299
1824,687,176
0,337,0
473,162,36
502,0,36
0,0,110
95,32,18
0,0,92
1163,419,230
1219,319,123
843,246,193
0,300,286
90,34,16
0,158,0
434,158,70
622,0,134
0,111,47
2414,1161,244
2446,959,0
0,578,0
0,1120,573
547,0,70
433,0,50
114,0,0
1303,642,179
0,137,37
0,0,80
704,173,54
0,386,271
2259,0,0
1491,715,270
0,0,489
952,0,74
0,362,0
0,168,0
1785,931,316
604,0,127
2089,926,295
1221,0,0
1291,452,102
0,230,89
589,0,0
1630,782,0
1477,654,0
2944,1820,712
0,98,108
0,1552,0
2743,763,207
1310,146,0
0,998,690
0,0,417
554,204,127
1325,518,0
1438,0,327
1397,0,0
562,0,0
331,0,0
3164,0,0
1727,0,0
1721,761,443
1002,0,250
0,811,465
2462,1435,563
0,0,167
0,244,73
591,293,0
99,49,15
977,361,0
2355,648,265
1851,515,227
1176,0,0
0,0,10
3011,1203,0
0,470,93
429,130,0
2865,1162,247
0,739,198
362,0,0
2265,665,630
2470,1155,206
0,0,15
0,418,0
2683,1703,0
2462,1327,0
0,0,203
2281,0,601
1889,727,251
2894,1102,0
400,243,0
0,1176,0
891,0,111
871,0,0
339,0,65
2426,0,599
267,143,0
2159,1128,0
1529,575,195
0,1071,629
560,116,0
0,101,0
0,548,217
2709,1061,712
927,244,0
205,0,78
559,196,0
1084,361,0
1026,336,282
805,321,168
2174,617,229
2663,1162,310
3007,1473,0
0,798,0
262,154,0
1105,644,158
166,42,32
0,1515,304
0,135,0
50,14,4
18,1,1
0,0,59
2278,1179,313
0,1237,269
488,258,74
0,0,24
2428,0,0
575,140,43
2036,531,0
1811,1080,0
0,54,28
2782,0,270
2937,0,0
259,117,0
0,117,50
0,804,0
0,35,0
0,195,82
885,173,230
1061,383,0
1664,520,98
2843,1310,690
1615,701,0
1777,0,384
1515,0,0
0,113,71
0,112,76
2675,981,780
956,334,0
0,258,271
764,331,192
127,32,0
1706,0,0
1326,630,151
590,0,110
1030,404,83
1744,187,163
2244,0,430
3122,0,0
0,1528,0
0,1154,422
162,0,24
1351,433,159
0,714,228
1118,340,0
65,22,6
3238,1358,669
0,1471,447
0,0,36
2748,1254,489
104,18,0
0,523,0
0,0,30
3192,2016,295
2493,680,564
2065,1011,516
503,104,138
2277,1032,0
314,90,61
0,1128,470
2196,0,0
3124,1995,0
2396,0,796
0,819,0
216,0,26
884,294,214
2714,0,445
592,0,160
0,0,111
1709,1359,167
3148,1351,547
1400,628,0
2706,1430,251
0,146,120
2757,908,0
0,0,151
85,31,8
1817,858,0
0,1048,0
2799,1720,360
0,857,311
674,0,153
412,0,0
1061,486,112
0,50,29
0,387,137
0,0,39
0,510,230
0,0,342
2573,1267,620
0,1197,242
700,264,89
113,47,19
2213,0,248
496,121,0
469,0,19
2250,986,492
519,171,0
2732,0,0
0,668,0
0,688,120
0,255,37
1300,222,452
1644,875,0
107,0,0
2915,0,0
1019,429,126
1121,0,0
0,758,589
0,0,11
2376,0,367
2993,1492,0
2126,0,630
1883,706,477
592,123,133
0,616,363
1725,667,174
315,0,50
1105,308,227
0,0,41
459,0,62
1657,705,0
0,357,119
2184,751,0
198,65,0
0,0,36
814,270,198
378,0,70
1852,1024,0
972,371,265
0,1191,0
632,0,136
329,156,32
102,15,23
0,15,0
133,60,15
0,1006,645
1325,0,232
972,394,88
459,0,0
1313,285,359
2346,0,256
2006,1104,374
587,244,117
236,151,24
1971,990,0
2340,1198,367
0,0,253
0,720,149
266,86,68
0,19,0
0,1017,0
2498,0,680
2236,982,723
1337,581,469
899,0,0
0,0,64
0,0,509
0,568,216
1916,0,480
1505,429,345
980,0,72
1391,0,337
0,272,190
0,232,141
2141,522,558
0,1678,346
2273,760,486
1459,745,355
0,519,150
320,68,79
1355,401,153
0,58,26
1008,260,112
519,115,0
1121,0,326
746,147,0
0,300,266
1044,728,0
2310,0,0
2562,1352,0
1031,259,0
2852,0,0
3046,1629,0
1616,868,128
0,409,667
1611,0,201
1903,0,277
2766,832,0
644,0,0
624,231,109
3044,0,0
1424,857,173
624,406,81
1942,0,585
1748,763,254
0,255,68
0,249,63
1661,697,0
0,0,159
0,0,151
0,83,0
0,0,267
949,260,0
1552,0,379
743,425,110
0,494,0
0,0,364
2196,0,582
1405,572,381
168,0,0
2105,0,0
2641,1000,659
1422,521,246
2164,0,516
0,443,313
0,239,221
1005,430,0
1178,0,356
1023,0,0
811,229,0
0,1519,233
1383,0,188
392,123,37
2024,776,354
0,300,79
0,0,37
742,241,56
2279,991,0
312,203,0
0,1151,225
2772,1710,271
2933,0,551
0,0,57
1499,0,359
2442,1214,0
905,271,0
2359,0,0
1004,429,0
0,258,244
1931,313,375
0,58,0
0,904,737
0,463,578
1152,311,0
0,230,208
265,0,0
99,34,7
2878,1478,410
1171,507,221
0,491,483
2514,0,0
256,0,0
2439,711,621
2281,0,418
2466,1282,206
3302,0,967
1912,869,0
0,1159,0
987,545,0
0,523,131
0,0,58
1070,343,118
689,252,165
2561,844,560
2634,1373,0
2105,1046,476
2067,0,0
2503,0,423
0,338,0
2972,0,0
3121,0,520
257,57,0
1096,0,0
2553,1042,0
1207,357,103
3315,0,0
0,13,14
0,0,169
2927,1537,0
573,123,0
0,0,497
0,21,0
0,853,920
261,54,49
0,1187,770
2441,1207,856
0,588,243
2504,983,0
587,0,126
2566,1474,417
834,279,0
0,0,92
2167,1598,0
1165,366,341
3014,0,595
0,0,553
64,35,14
2665,1381,282
571,0,45
773,243,65
0,0,145
0,226,0
2325,875,678
0,902,502
37,0,0
1843,0,0
2646,1342,381
3154,1401,286
0,1840,0
0,888,281
0,1098,0
170,56,0
2747,669,0
202,36,42
0,544,327
0,74,111
0,463,185
0,870,535
2632,0,0
0,0,246
2336,0,0
0,1050,0
0,0,370
0,802,441
2703,1480,608
1923,268,709
0,218,56
1885,1044,389
0,831,186
0,466,0
0,1413,0
2076,800,219
171,102,0
0,815,0
0,776,160
0,499,0
0,1435,846
1371,500,275
0,0,67
0,463,105
1683,0,363
514,0,0
2420,0,0
975,406,107
2305,0,498
771,230,157
2197,1003,174
1455,0,340
1957,629,0
1901,695,0
3078,2101,732
0,279,180
2164,938,0
0,933,0
1293,505,0
354,171,59
1542,0,247
337,0,98
0,136,75
0,74,33
1421,432,246
171,0,13
125,0,11
136,0,37
897,283,0
1538,837,114
0,1408,0
1175,444,0
1582,851,0
0,784,148
1350,589,0
0,744,300
1496,498,0
1742,524,0
2104,951,485
327,122,78
0,779,0
92,32,16
0,18,7
363,114,63
833,195,162
0,434,296
1662,0,434
0,64,22
2548,996,269
2287,0,485
1605,0,0
0,363,281
1556,0,0
1082,0,0
381,135,76
1783,632,476
0,168,56
290,70,52
0,29,0
2461,720,728
0,1307,286
0,881,346
1471,512,324
2430,0,0
2291,0,0
725,462,0
0,1128,0
0,270,0
817,251,0
0,287,0
344,0,0
0,48,36
0,780,472
1863,622,403
741,255,78
328,114,41
2020,1209,259
2643,0,0
429,0,33
2149,693,672
0,457,70
905,0,272
0,405,247
1075,285,289
994,0,0
509,0,96
0,1903,0
2222,0,0
3192,1635,0
1463,0,0
1437,698,202
0,776,307
2191,1272,0
103,43,0
2511,0,0
1665,0,168
1598,0,210
937,346,0
0,726,0
548,0,145
140,46,26
852,389,0
374,98,41
112,0,9
1037,0,105
2906,1622,0
0,1367,660
1718,791,0
0,0,184
891,0,0
834,224,65
2388,1155,432
0,739,0
367,106,24
256,141,42
1127,367,342
394,76,95
984,0,185
809,173,77
3144,1495,447
3013,1536,271
0,150,0
0,191,99
1886,0,0
555,238,0
1314,743,0
1304,741,0
318,131,51
2461,916,0
866,418,112
1235,386,80
0,135,35
772,0,45
0,685,0
2366,1386,292
3047,0,899
1365,86,317
3102,2404,511
0,0,78
0,971,0
213,0,49
1268,0,0
0,228,402
991,0,0
631,243,46
2234,783,451
0,28,44
1965,622,546
307,0,35
0,0,63
884,347,161
1176,0,118
0,102,0
2304,805,0
2511,0,0
2117,1361,208
2198,0,0
2700,0,243
0,99,0
0,9,1
129,30,0
892,338,0
2106,677,468
2344,1125,460
3120,1695,318
1714,0,0
0,131,33
0,355,82
270,0,0
216,92,0
3346,2074,450
478,0,54
429,98,110
545,233,145
2880,1375,670
505,0,111
2009,929,448
2309,506,700
367,108,74
279,81,30
2510,1141,639
2285,1115,0
353,144,54
2549,764,0
1007,350,312
437,0,39
66,13,7
0,113,32
2483,982,551
3027,1691,0
65,31,0
0,0,233
0,613,564
26,0,0
136,46,11
190,0,24
0,41,27
374,145,62
1968,729,393
1257,560,317
0,555,149
0,1765,394
3095,1803,319
0,30,19
1118,573,0
2463,1010,350
2124,1016,0
2564,1578,829
3301,0,0
0,51,47
0,684,0
108,22,30
633,0,96
81,27,0
552,194,0
726,240,168
400,110,0
0,1218,0
608,359,66
226,102,0
436,0,0
2895,0,634
2377,1057,0
1310,0,301
0,671,0
0,1137,0
0,0,81
800,104,256
877,0,116
1806,0,188
820,275,76
0,127,0
1481,405,0
2118,1139,0
3002,0,270
601,246,47
0,880,183
156,0,22
2918,0,0
0,394,381
0,29,0
3056,0,862
3070,1240,0
310,0,55
415,155,0
1591,530,0
0,467,0
1687,0,512
0,0,265
2540,0,257
0,204,81
767,177,0
1601,1179,0
0,0,704
0,0,607
2750,1188,282
2623,1474,405
64,0,0
2127,638,0
2113,0,260
159,64,37
0,0,300
2710,1553,225
269,64,67
1164,428,132
1056,503,152
2163,0,0
0,809,420
44,21,0
1263,0,184
1699,459,170
1129,411,161
0,0,150
2112,1021,287
2285,806,512
1276,525,0
2859,1944,928
552,0,0
0,0,209
0,209,0
0,126,96
109,0,0
0,161,68
2820,0,0
2833,808,298
1578,0,196
1764,601,455
0,32,28
2075,0,405
0,391,232
2254,874,246
1551,465,391
1396,476,0
1356,0,222
2156,499,0
0,606,0
1947,932,388
1253,354,233
262,0,46
1211,453,0
1723,892,345
510,126,42
834,362,194
0,0,51
2759,0,0
2232,0,166
0,0,49
104,33,19
0,11,2
76,0,19
0,58,49
2264,0,723
0,0,56
2462,955,701
0,0,136
1931,983,0
0,543,163
2525,1050,729
0,21,29
1932,618,162
1671,0,0
1762,0,0
1398,0,0
3094,0,148
1320,0,223
78,21,14
0,1382,382
0,0,322
2731,1366,0
2749,1205,744
1701,852,433
31,6,6
0,839,0
1082,0,0
0,391,0
1475,0,353
554,214,120
380,122,27
0,1167,340
0,0,142
0,296,0
251,0,85
1508,0,0
1624,0,139
0,1339,0
0,235,34
202,53,71
127,0,47
2795,1187,0
0,51,64
0,205,0
0,1126,123
2970,0,0
1425,571,0
1267,0,294
2330,0,392
0,104,60
0,690,143
1769,610,0
350,131,39
938,457,122
3117,1181,388
2030,0,0
0,332,113
1643,791,104
0,1810,864
1206,0,277
3067,0,522
106,44,19
1549,0,432
2582,1388,0
167,0,39
481,0,45
440,0,38
0,155,91
430,223,76
1059,408,0
640,89,0
1129,257,346
888,315,64
0,513,279
2823,1472,0
149,59,53
0,289,59
1585,0,335
0,331,0
1766,0,0
0,86,0
267,0,48
674,407,122
0,0,279
3199,1388,383
3099,2217,919
2761,1800,520
520,231,0
2251,982,221
1503,0,118
787,341,53
1500,565,0
1019,222,158
0,762,358
2439,1034,327
1977,546,306
1069,0,0
0,1736,0
2183,1199,472
1383,0,0
1402,0,248
102,55,12
2437,0,0
0,272,83
336,147,0
229,46,48
0,764,143
3071,1893,0
26,8,6
3242,2140,1068
0,366,0
307,0,50
124,60,44
1030,0,48
154,84,24
0,802,179
998,341,287
1589,673,0
0,0,145
2104,731,0
2985,1309,0
139,93,0
151,0,0
0,1476,0
37,17,8
822,0,0
248,0,0
240,97,0
1887,0,456
0,1554,424
0,987,0
1886,0,0
1488,599,0
2006,618,269
1065,0,0
941,279,0
3211,1916,956
33,15,3
1585,672,159
0,468,1132
0,31,60
2087,970,536
1636,706,295
1422,423,313
120,24,29
0,66,0
0,1567,0
672,0,0
2456,1232,846
533,135,83
1603,498,257
2172,1003,432
2422,1065,160
0,639,0
833,85,0
752,330,87
2741,0,0
2477,0,204
865,347,124
2863,1239,237
0,1069,337
339,156,115
0,1391,0
2357,0,0
2893,0,273
0,0,412
1479,0,0
0,0,48
511,80,58
0,72,39
0,1000,193
149,53,52
1558,436,458
0,618,370
995,263,0
2079,890,0
2498,678,0
571,158,146
2055,738,0
844,0,228
179,0,55
2661,1151,273
2722,1341,0
1369,422,0
0,1435,1028
340,143,49
0,68,14
1477,655,0
78,43,9
0,1221,247
0,1437,0
2337,0,183
0,0,116
1555,606,131
1318,0,308
0,491,571
3135,1538,0
176,0,26
0,955,242
1690,727,184
319,0,82
0,0,394
1371,389,0
0,245,154
676,144,184
2560,1105,621
2298,1402,727
2519,0,196
1817,718,499
1070,0,0
0,0,93
2915,1118,0
0,835,313
116,8,0
559,176,61
556,223,0
1385,0,0
0,19,56
653,0,125
1225,381,102
2867,1192,300
1921,299,447
1950,450,493
1041,273,0
0,442,0
218,106,0
725,226,0
143,56,30
767,244,132
697,0,0
0,378,444
0,0,519
379,157,60
0,398,126
465,0,51
780,0,0
0,440,134
674,182,186
1602,1010,344
0,0,326
2025,1094,146
1365,450,0
0,335,0
391,115,100
0,1559,0
1726,0,159
0,233,139
378,163,89
0,70,50
203,62,0
201,62,0
0,0,389
467,117,44
0,429,297
0,0,508
0,626,505
2292,771,0
286,56,74
1343,475,0
2127,0,0
759,342,68
0,773,0
0,1123,0
2334,0,445
1485,456,325
2591,1410,151
1149,0,247
0,210,65
0,0,181
0,885,263
2590,0,0
680,221,0
0,0,45
2972,1939,885
0,0,129
965,0,141
1053,358,0
737,0,70
1644,592,358
0,22,7
1969,0,0
0,338,0
2570,0,0
0,455,191
2825,1204,753
0,149,34
0,0,728
131,47,33
0,301,199
0,1313,439
2204,791,0
0,0,55
1311,0,86
247,0,59
186,55,0
547,195,82
0,603,499
428,136,0
2820,0,279
826,0,67
2370,803,0
866,0,194
53,31,16
2172,0,0
187,80,0
280,117,118
0,0,167
877,91,235
1773,468,605
0,0,67
0,0,201
0,0,851
103,0,14
0,0,331
66,33,0
884,247,233
537,172,132
516,213,109
309,34,70
848,285,193
0,595,0
0,593,103
0,173,123
0,814,297
2428,1173,602
0,108,56
0,656,128
0,555,283
274,100,0
126,58,0
48,19,0
0,788,0
989,0,295
513,204,138
2487,0,467
0,59,0
1657,808,0
0,2063,0
1595,994,296
925,409,0
535,111,117
0,248,0
0,1023,229
2613,911,0
0,0,283
2638,1574,212
0,0,401
0,1381,0
0,96,0
0,544,0
2018,1287,0
0,1257,261
196,73,55
1268,598,0
2539,979,0
3224,2377,1072
0,969,965
3277,0,955
540,216,46
749,218,0
1382,631,123
1987,866,542
2881,0,269
923,423,0
667,176,0
2170,999,366
0,719,404
2029,0,0
1022,0,83
1524,394,478
0,789,0
0,486,0
2386,1316,0
2303,1208,577
635,0,189
2999,0,434
1022,0,110
2897,1823,0
0,0,315
350,0,0
2853,1647,550
673,276,78
396,131,0
0,0,24
2989,370,0
384,76,96
1255,0,259
0,334,181
1910,0,407
0,49,0
133,0,34
0,1212,0
623,285,118
0,1088,740
2037,0,0
2303,0,189
1105,447,0
1684,698,0
2209,906,138
48,0,0
0,76,0
1617,0,0
2113,0,0
349,159,0
63,0,12
286,138,61
2057,1120,0
2853,0,349
2969,1236,258
1750,856,159
282,70,0
0,1149,0
640,187,0
1536,451,271
2700,1099,238
1397,351,0
3147,1506,832
0,0,694
0,542,0
542,183,44
1236,382,295
1004,292,0
2635,1923,481
0,0,176
774,0,182
19,0,0
2654,1065,0
2867,1531,963
1221,0,273
1095,0,245
1182,322,239
0,812,181
0,0,114
0,0,106
2082,1165,137
0,188,29
0,656,242
0,299,219
0,1267,250
943,0,0
1721,703,181
3361,1451,0
2382,1561,756
3318,1686,274
74,30,0
3069,0,0
1261,427,0
2365,778,0
622,0,0
658,244,0
2014,0,368
2040,407,0
0,469,0
1677,746,0
2207,679,191
1389,0,262
1019,0,97
0,935,168
1030,0,280
1697,0,110
1261,0,298
613,0,107
0,283,0
2544,1214,158
0,0,62
852,0,94
0,220,0
212,67,48
496,113,0
0,252,0
127,43,3
0,614,143
1144,385,0
1931,0,0
1712,617,0
0,0,290
2472,0,613
0,0,62
470,205,35
2568,976,572
1324,0,297
956,410,222
2716,919,194
1695,751,220
633,209,0
0,0,327
0,0,893
1839,674,0
0,794,0
0,225,0
75,0,5
776,0,0
2641,939,0
0,49,46
1050,475,0
2127,741,455
1744,474,82
827,0,129
527,0,152
2514,0,558
871,0,117
0,377,137
587,180,153
395,0,0
1720,730,0
2556,0,354
0,170,37
203,88,22
1270,318,139
1896,634,0
2853,2005,775
0,814,201
2534,0,725
158,43,11
195,44,34
3172,0,0
0,1532,249
434,177,0
989,321,0
1017,438,278
2142,0,385
0,0,208
102,39,0
2886,1572,0
1064,0,0
0,567,486
2381,1400,601
368,132,65
2771,1420,256
0,102,0
2329,0,268
2267,1211,317
0,441,375
690,263,56
1384,558,124
0,0,518
2328,0,227
0,1370,0
0,757,669
0,100,62
2739,1259,345
2390,1154,732
81,0,0
1028,292,111
0,1095,0
329,114,22
560,0,42
1564,0,186
0,0,60
2096,967,174
3319,1729,808
0,22,0
712,0,63
404,181,0
0,547,0
66,0,5
230,85,49
0,221,44
0,183,0
1078,308,123
2329,0,638
334,105,0
1995,839,532
986,339,0
162,26,37
671,185,66
740,0,111
460,174,60
858,237,118
0,0,248
2408,1002,0
0,101,0
542,255,0
0,0,501
0,789,123
0,137,117
1807,922,0
1636,0,202
2766,1191,272
2335,890,180
0,1005,373
1924,404,720
2193,0,138
0,0,99
2481,860,201
1431,365,451
0,52,21
0,0,18
0,90,0
0,276,178
2293,0,0
1427,791,0
565,365,175
1683,656,232
56,21,6
485,0,42
2398,1120,545
527,83,34
280,45,21
2113,612,554
0,1261,690
838,272,98
0,1780,0
0,1217,229
1047,482,0
2893,1149,0
821,204,200
2823,1281,0
393,85,81
916,0,0
2007,1047,221
2322,770,737
1708,499,0
1620,0,0
0,232,125
3034,0,553
1288,0,272
0,832,455
367,116,0
0,0,34
598,0,64
273,107,33
0,291,209
402,161,38
669,422,97
2467,0,229
2280,1020,0
2259,0,304
0,275,0
0,769,352
676,188,0
0,0,128
1673,647,169
0,1325,352
2713,814,871
639,184,73
770,304,132
1775,0,0
1982,0,411
1084,560,132
3162,1563,0
17,0,4
12,7,4
2169,970,367
254,71,48
2530,0,261
784,301,0
1710,478,0
2441,985,764
2072,773,212
1305,341,297
418,162,40
0,208,123
405,0,0
845,303,74
0,0,158
1235,0,138
0,0,33
0,31,15
0,306,0
2821,1251,0
1617,580,96
2856,1446,326
0,298,95
1901,0,433
2491,1024,237
2526,1256,297
655,0,50
1655,666,0
0,0,28
2966,0,808
787,244,0
0,544,0
2104,1009,0
1672,0,404
0,138,0
1806,198,0
189,55,0
122,49,0
193,40,0
0,995,319
609,297,114
0,291,185
0,279,124
1434,664,356
0,577,123
144,40,0
2163,757,304
1020,389,74
0,233,0
1773,384,271
2009,1016,716
1094,442,110
2064,0,166
0,522,141
0,961,611
251,59,0
674,0,0
1057,341,0
1103,539,0
0,139,0
939,294,158
482,151,79
0,148,53
204,29,0
1460,603,0
1714,967,182
398,197,0
0,0,53
2102,0,573
0,370,183
1052,0,294
438,0,0
0,858,0
623,0,0
2277,1178,0
2243,886,210
138,0,33
867,332,99
2316,764,193
1840,317,0
2923,0,191
227,72,14
500,188,0
457,162,85
1393,0,190
2002,1203,0
59,20,0
0,151,214
2650,1174,394
0,0,249
246,57,15
197,0,0
0,316,256
2492,0,0
268,76,60
86,0,0
1740,480,193
813,0,0
0,75,18
501,199,0
0,0,92
572,224,81
0,0,241
3324,1570,0
418,176,0
0,0,233
1676,0,227
2472,0,147
0,235,216
0,1516,807
0,476,0
1173,0,159
0,0,114
1194,274,278
180,111,43
0,34,36
0,34,0
516,87,168
0,326,222
0,2249,0
0,0,184
1022,444,0
2164,822,294
3143,1186,829
2565,0,537
0,433,221
775,170,93
0,78,0
2966,1751,0
3167,0,0
0,857,377
0,220,0
1849,777,481
348,156,67
850,0,204
2060,0,0
220,0,39
634,0,112
0,559,565
1185,542,0
597,229,0
3213,1785,378
2375,866,0
0,0,68
3095,0,0
0,1025,0
0,465,217
1876,0,0
874,0,0
384,0,31
0,132,101
3125,2095,319
378,0,0
681,188,71
0,1224,321
0,1689,502
0,265,163
0,218,0
0,34,22
0,1277,701
3086,1493,679
1291,346,94
1518,887,0
3166,1679,0
2042,1061,205
2896,1183,228
153,62,37
0,1410,335
2004,699,519
218,84,0
778,0,120
0,1206,0
2838,1220,817
2970,1435,741
129,0,0
2949,0,679
2806,1445,743
1920,531,0
959,0,186
2137,0,562
1317,362,397
1964,842,561
929,236,0
0,95,112
0,488,146
0,890,0
0,442,159
0,659,0
2243,1036,794
0,561,0
738,191,90
197,63,53
1123,0,0
799,282,141
324,138,62
2216,0,190
1029,253,0
1554,341,131
224,75,26
0,0,183
811,0,62
908,0,90
1147,288,0
1190,466,146
43,27,9
0,268,173
1784,0,455
1420,0,306
740,232,168
243,0,45
1978,543,98
2656,0,0
0,34,0
0,0,47
2378,898,169
906,282,158
0,489,0
2619,0,695
0,0,135
2473,1287,346
858,0,0
487,0,0
135,0,0
0,633,0
2575,0,544
848,540,265
450,102,0
0,816,448
0,53,0
0,68,0
685,152,67
2114,921,439
2649,600,0
0,823,356
1140,0,0
625,311,76
0,170,91
3294,0,623
2064,571,608
2505,862,247
0,657,227
2413,678,322
2674,766,150
0,44,9
2910,1349,302
352,120,0
0,2357,475
2235,0,0
739,0,150
0,0,341
1414,616,0
1928,519,268
1794,0,0
2611,1123,628
0,1225,613
1316,0,211
1813,332,231
279,62,0
1628,401,400
691,138,0
538,233,114
2177,927,0
2579,1220,0
2734,711,724
1633,772,460
277,62,14
3145,1571,376
1491,0,535
1675,580,255
1740,760,236
0,841,227
317,0,74
1430,597,0
0,0,210
544,139,133
1328,457,363
0,1308,307
1231,0,0
2856,0,0
376,112,0
351,108,65
2499,1149,424
425,0,118
1272,406,242
188,0,59
1641,591,0
0,0,357
152,42,36
0,61,0
433,0,77
196,54,46
237,78,31
32,10,0
813,162,226
547,299,0
748,353,0
2188,1059,230
847,349,0
942,267,94
752,248,154
0,38,13
368,108,70
2197,0,537
0,630,338
489,162,0
0,642,274
1539,0,0
2845,1054,213
688,157,82
0,0,15
0,422,115
0,380,0
0,608,200
876,0,118
2819,1401,446
2528,0,0
0,150,79
621,0,126
0,1152,374
0,134,0
1181,412,144
0,0,80
0,640,0
0,0,151
432,120,93
1217,501,134
505,203,53
712,298,81
0,0,132
706,0,119
0,168,0
325,126,96
1134,490,301
0,913,0
0,151,150
0,0,382
0,0,255
258,0,63
0,0,102
1177,513,272
630,246,0
0,547,83
441,118,32
0,0,137
1509,0,0
849,0,286
1058,0,102
2051,1009,0
944,0,0
0,0,222
494,188,0
668,0,126
0,246,228
0,45,39
903,400,0
399,0,0
517,0,134
587,179,153
0,30,12
90,25,11
524,169,55
0,0,44
0,373,0
1475,0,388
374,0,0
1186,0,0
377,119,0
0,489,296
933,0,0
0,472,95
661,319,62
1234,725,80
1250,530,342
855,0,146
1143,481,257
959,240,140
348,162,50
1344,0,182
1317,612,195
0,541,610
0,315,114
0,0,525
1784,945,478
0,0,7
68,12,6
174,0,17
2008,1084,0
789,238,0
259,0,82
0,0,170
1385,0,196
1554,775,0
1579,865,276
0,98,72
0,542,154
608,0,182
731,0,0
88,15,21
1194,320,107
0,119,0
593,169,134
0,0,93
0,0,34
1549,0,359
568,229,0
1231,0,384
451,0,0
0,0,360
1154,355,349
46,14,14
1216,504,0
815,200,102
1135,319,361
3070,0,359
583,201,47
0,163,0
1281,0,159
3155,0,0
167,62,40
589,131,114
0,334,0
657,0,91
0,852,0
1859,0,199
3126,0,476
2899,1506,0
2064,1147,462
601,0,131
347,73,79
1675,0,0
941,219,165
0,0,50
495,167,134
1523,486,165
22,4,0
2127,743,0
0,217,100
0,544,439
2875,0,918
2217,590,249
1199,0,295
2241,459,755
856,419,366
0,0,198
1654,420,0
0,0,283
782,333,209
2688,612,591
0,49,25
1929,0,486
1373,0,129
1672,696,150
2042,0,0
2677,1076,563
0,13,13
0,0,490
2155,815,0
845,0,0
2133,953,182
0,1226,349
1018,501,0
681,255,0
214,62,12
2129,383,648
416,165,39
1754,602,193
0,109,129
916,398,143
2443,1002,0
244,0,60
920,203,234
0,1640,0
0,0,637
0,0,44
0,46,0
1048,0,0
1408,0,152
2093,914,280
2748,1718,753
2984,0,0
2767,0,0
2493,783,0
1606,367,482
0,271,192
0,168,183
1012,0,262
825,381,0
0,1427,396
0,662,317
0,0,26
0,1285,0
0,471,184
355,0,0
1001,309,248
0,496,335
0,159,250
2392,929,352
0,305,216
0,774,0
0,0,45
0,0,315
0,30,10
0,75,47
0,41,0
0,253,84
1749,877,276
0,1009,288
477,0,75
90,33,0
65,29,23
2782,1535,676
3003,0,0
0,489,0
1488,0,448
1859,827,0
1679,604,0
2238,0,308
0,266,25
0,1269,363
0,38,25
2767,1189,343
2363,971,173
0,47,56
1778,589,211
0,193,74
1790,713,158
1305,0,400
933,0,246
0,181,174
0,140,77
696,0,113
2906,1490,746
339,102,54
265,78,0
101,19,0
737,193,94
573,0,74
1000,354,0
0,1022,608
0,0,23
0,0,44
2709,1381,290
384,76,0
0,75,26
153,0,20
1859,0,202
901,0,110
209,0,52
0,0,33
0,1069,787
2162,580,0
2618,1142,229
0,974,673
0,490,273
0,449,89
0,0,74
3174,0,997
0,0,366
1457,342,405
698,0,196
73,16,0
62,16,22
1579,0,0
152,39,9
540,0,0
1139,0,166
1615,623,242
72,0,14
2363,728,687
1140,400,145
197,0,0
511,0,44
232,66,21
1290,310,85
1313,397,0
1415,461,124
0,181,35
706,0,129
1663,728,365
2457,0,607
1116,389,89
0,124,0
301,49,66
1108,380,0
0,170,74
76,0,0
0,369,117
2989,1528,576
0,233,210
478,131,81
907,335,118
39,0,0
1434,505,419
3181,1527,285
0,180,93
0,96,55
81,13,29
1154,359,316
1556,512,173
184,0,35
1654,544,198
0,0,754
0,582,619
178,48,0
2126,0,0
0,0,63
499,0,46
0,2071,522
2133,721,333
1658,0,465
1147,440,189
2255,666,0
169,59,25
270,0,0
1832,622,0
0,0,8
544,179,0
116,20,0
0,847,491
0,0,562
123,0,0
2905,1529,434
0,260,128
421,0,0
409,140,76
0,201,0
1371,498,140
0,97,0
0,0,108
0,586,227
0,1145,0
598,103,122
3089,1619,0
411,0,37
157,54,50
0,1477,602
1492,433,159
2774,924,796
2836,1898,777
0,0,15
0,583,521
0,838,590
1745,535,207
1238,467,0
1059,413,309
305,75,46
441,0,84
0,411,0
2730,1015,319
275,81,0
2285,957,0
307,76,71
228,58,18
3040,1164,441
954,0,70
793,0,81
2659,0,222
585,162,110
0,412,162
1686,364,299
757,215,0
0,21,0
65,0,9
403,0,42
0,125,68
0,56,44
2185,915,603
0,0,509
802,284,0
886,360,81
0,51,0
2447,0,688
877,0,0
0,0,56
0,43,12
155,58,3
774,210,72
299,0,0
2216,864,899
0,467,556
320,0,62
1485,379,384
0,28,47
31,8,10
2406,884,338
809,345,0
1759,0,303
1156,0,169
2256,673,575
0,0,229
2203,1260,216
0,959,0
162,38,46
0,143,97
810,209,274
2914,1567,252
2635,1185,0
0,501,222
516,189,97
1750,896,251
280,57,27
169,84,43
0,0,85
2367,686,0
227,89,26
3033,1619,556
176,0,39
1917,0,293
0,94,29
0,535,0
913,277,118
0,340,0
0,1375,339
2601,0,0
429,98,104
0,209,0
0,813,0
1868,417,231
0,300,0
0,1788,686
0,1674,266
1601,0,0
236,0,0
784,119,127
1503,673,155
213,62,0
2263,1032,621
0,0,401
0,489,190
0,244,82
655,116,140
2455,1178,0
0,227,53
2249,665,0
2891,1779,755
2707,1371,0
1383,0,343
1378,435,366
1723,462,184
1146,304,128
2568,885,711
130,39,12
221,55,79
518,152,50
1988,0,0
1996,659,0
426,87,73
2238,782,429
1128,0,283
0,260,0
653,262,78
0,714,124
1998,636,295
560,0,52
343,112,52
1107,224,281
37,16,7
71,0,0
110,0,0
0,321,0
0,0,298
1134,325,0
93,0,25
2649,1506,0
0,606,0
88,0,0
618,203,181
2484,1015,516
1075,389,122
0,810,363
0,357,85
964,231,0
0,951,0
1346,383,444
0,56,0
0,592,0
980,366,107
907,305,0
0,1057,264
1135,0,132
689,0,87
69,24,4
2350,0,295
287,121,26
862,212,0
682,262,0
819,0,133
152,40,0
1403,401,308
0,0,109
996,223,157
111,0,23
71,0,11
3401,2461,564
184,0,0
1471,884,188
2700,1536,342
1247,0,0
1827,0,0
2351,700,284
0,0,48
0,0,7
1992,858,185
0,0,155
1555,236,0
1978,673,543
0,738,0
1327,365,0
647,270,0
969,0,0
784,0,0
2642,0,402
809,0,216
573,0,103
760,0,197
2148,0,238
0,387,130
1373,325,264
1890,0,0
0,161,53
0,11,0
1850,0,0
1613,611,409
0,501,404
1494,394,398
0,203,267
0,0,124
3108,1845,231
2600,1123,183
0,64,0
0,121,57
286,0,0
273,55,32
1041,0,0
1722,607,149
115,23,9
222,53,59
3031,1640,497
0,0,83
3044,1396,503
80,20,0
1986,647,149
812,299,196
89,0,18
223,54,35
0,1283,0
2763,0,523
1949,498,288
70,11,0
2954,2407,488
2186,1011,341
77,0,11
2864,1600,796
0,714,326
0,231,83
1800,378,368
1976,397,235
648,0,132
435,137,45
1910,724,323
0,0,26
2698,0,378
1355,364,200
1344,297,216
256,83,25
724,0,141
900,250,0
0,120,77
2275,884,201
2570,0,721
0,320,95
0,401,167
0,667,529
0,197,137
0,1570,563
2622,1542,0
479,0,104
1881,627,171
2317,1068,362
1956,1065,495
256,0,0
2066,0,0
2247,0,226
1544,538,93
724,0,0
501,0,0
1947,669,0
132,41,31
271,148,40
2758,0,276
756,207,206
1787,0,317
0,345,280
2592,1162,857
2510,861,0
773,219,173
0,289,0
0,0,37
141,0,0
2162,622,727
1634,733,317
2785,1645,0
782,213,270
0,0,329
843,271,0
1732,482,316
2220,0,0
0,155,0
2154,1070,451
1229,204,87
2403,913,887
0,477,146
0,0,287
2474,1140,358
0,230,317
685,231,0
949,0,196
2527,0,859
2336,0,0
0,157,0
738,360,0
261,44,53
469,0,0
0,424,346
2458,1381,600
157,0,17
1435,0,164
178,64,29
2134,914,516
1106,223,0
304,68,56
515,93,131
872,258,177
783,239,164
345,98,0
68,0,21
0,924,121
0,1148,326
406,125,0
0,0,67
0,1237,653
0,103,0
2940,1450,370
3122,0,432
0,753,0
0,165,58
0,84,29
3133,1515,464
1913,0,0
1598,450,0
1843,0,461
65,16,7
0,1421,518
1617,572,155
1246,259,272
2628,0,0
2777,0,847
3254,1639,263
2988,1205,0
730,396,117
1900,0,239
2675,0,402
1269,465,94
516,195,0
1330,482,413
0,0,167
2621,1014,743
2254,800,188
417,102,113
385,128,82
610,0,0
0,0,143
300,142,63
1245,254,155
0,80,30
1580,682,0
925,278,245
1606,379,342
1011,216,85
220,49,18
0,0,27
2577,1099,237
0,201,73
473,153,55
2451,0,403
0,0,289
3067,1626,0
2664,672,614
273,91,58
0,66,49
2338,0,414
0,141,97
0,0,50
270,0,0
733,92,0
1244,0,97
0,0,196
0,29,52
0,0,173
0,200,92
0,830,0
2966,0,0
976,0,0
3264,0,0
622,285,88
3018,1359,336
1901,0,0
0,1006,750
1255,490,104
1606,0,343
708,0,58
0,105,112
2390,1088,459
425,0,48
1669,460,178
1872,0,0
0,851,0
0,559,305
1337,0,294
513,243,0
1637,0,475
407,77,128
0,117,0
260,81,0
0,164,0
506,0,134
201,0,29
1262,492,221
0,255,191
736,196,185
988,264,115
412,142,0
0,33,0
1553,0,285
859,200,224
3017,1361,0
3001,1622,770
55,12,0
0,437,187
0,0,208
1203,0,151
475,238,0
2015,683,661
1433,522,225
1525,345,177
1501,604,0
1396,463,0
74,23,7
0,0,203
249,30,0
1785,589,0
2026,843,169
1412,545,216
593,340,67
0,172,222
0,667,130
2090,887,180
2177,487,213
2203,1342,732
2570,1057,0
472,0,95
54,27,16
139,29,0
1428,415,90
0,230,179
1881,387,736
0,877,218
1783,0,674
0,1817,1108
306,110,0
0,1235,215
667,151,146
0,0,191
2584,0,0
1128,0,0
16,8,7
1560,0,227
2446,958,484
1624,585,0
0,42,23
0,672,0
1806,953,250
0,335,100
3388,2175,588
0,475,0
2576,955,231
116,23,0
1349,0,255
243,69,32
380,115,89
933,164,0
0,270,205
0,1569,0
1645,747,0
0,1087,511
699,196,163
353,98,61
390,0,40
0,735,0
254,0,43
2089,0,521
0,1134,0
726,0,0
414,142,147
0,95,71
0,445,0
610,175,0
2573,0,249
0,90,46
2492,1669,760
0,975,653
0,0,134
0,202,61
0,324,0
1340,0,189
0,117,78
1856,0,289
1603,871,442
0,174,95
157,0,0
882,275,0
485,169,104
0,0,276
1475,0,0
0,0,227
1262,111,332
877,390,79
993,236,0
0,0,446
941,233,0
2050,715,0
750,314,65
1844,322,155
0,608,344
0,833,183
1089,429,102
72,15,5
1336,472,257
356,92,36
1344,0,0
220,0,0
1149,471,83
0,1473,695
2128,0,497
2671,0,902
2147,780,386
768,198,142
525,0,122
0,0,165
677,293,89
1005,426,228
0,159,0
0,719,0
2254,0,244
0,33,0
1056,518,0
1961,887,357
465,0,0
1194,449,130
594,291,60
1228,0,116
141,39,28
400,118,117
119,0,33
1781,560,146
0,914,365
0,622,255
0,768,0
1710,583,284
2751,0,0
0,0,107
1978,536,0
0,54,22
0,44,0
0,349,0
0,716,0
589,0,0
333,98,0
2121,417,714
0,73,14
1535,642,274
2555,1128,248
0,408,0
0,35,0
1971,967,236
1747,0,187
1460,689,164
1137,470,78
2784,1485,881
0,932,399
0,403,0
605,135,226
971,252,85
0,0,265
0,1089,0
0,84,30
0,0,574
0,345,424
2174,845,0
1581,533,244
2782,0,0
2491,757,634
516,196,0
1879,575,467
531,127,0
1182,0,242
1421,0,132
800,342,44
619,188,157
0,87,0
3086,1007,481
2283,0,591
237,0,56
1599,0,160
1775,808,223
0,35,27
420,99,64
594,245,128
2910,1329,312
3288,0,0
2102,587,233
924,354,96
81,15,24
2089,552,133
1772,699,253
0,207,0
0,0,60
2975,1065,0
2469,1080,513
220,92,19
2465,752,0
2193,0,175
241,71,31
118,16,0
203,0,0
767,266,151
2937,1126,351
1949,1271,581
1389,493,0
0,0,743
0,196,132
0,1489,333
1784,905,0
353,0,56
0,0,500
0,45,41
0,941,271
1792,858,244
0,1374,381
1282,353,0
228,0,0
3084,0,530
997,325,0
0,0,438
2625,0,235
0,670,167
0,146,0
0,88,0
0,779,250
1236,589,116
987,0,0
1555,805,0
1174,561,123
465,140,53
0,0,158
131,38,14
666,300,131
99,36,0
86,0,20
2615,1165,333
1090,472,0
0,219,0
2361,1053,0
818,270,183
2890,0,923
1333,345,0
0,278,0
975,0,0
603,0,72
2893,0,0
1070,404,130
0,42,0
791,0,0
692,197,166
352,91,50
1874,0,0
1952,0,0
362,126,0
1604,674,208
805,379,124
2486,1881,391
669,0,94
2988,829,338
2848,0,238
0,783,762
0,1191,0
0,206,0
0,809,584
653,275,0
2464,510,223
0,1642,0
450,94,40
0,345,0
202,73,21
0,0,439
313,0,59
3126,2070,492
1054,0,81
1844,169,316
777,0,104
1915,537,0
800,320,82
0,0,137
0,1374,315
3071,0,579
1480,190,438
1435,0,86
359,119,0
0,446,187
0,350,336
0,179,73
1090,0,119
475,107,126
1237,497,157
147,0,0
1239,321,173
0,276,92
2275,0,407
2238,0,681
2704,1753,258
0,1142,381
0,839,0
0,152,68
0,813,196
846,249,98
2483,844,654
1626,585,210
0,872,252
0,442,0
136,51,16
3023,0,1008
0,450,335
0,925,599
2761,1709,193
0,640,127
0,113,21
1307,0,238
1301,0,101
1671,583,153
1033,332,0
0,730,180
0,0,97
0,0,492
170,51,31
554,0,47
718,0,43
379,138,21
2966,1075,352
0,300,104
2326,0,230
1852,698,414
0,0,157
1658,497,310
2682,0,269
2820,1916,693
0,690,297
234,0,48
460,81,0
1532,645,217
1710,0,0
0,0,280
0,324,372
0,104,69
0,1171,429
701,84,168
2036,1416,196
244,33,0
2091,779,164
278,0,48
0,10,0
955,0,122
0,501,292
118,0,0
0,0,107
1523,294,385
1471,819,143
1929,342,188
563,0,0
0,10,11
1615,0,145
0,467,139
2846,1350,231
0,395,377
1412,331,0
0,836,378
0,925,240
258,54,0
0,30,40
1087,383,259
2144,629,279
760,0,68
935,313,107
2640,0,518
2152,1045,0
0,0,185
544,198,149
352,73,35
1900,0,424
333,0,115
0,0,8
0,0,454
0,276,137
0,0,196
763,261,0
1373,0,0
2526,969,260
498,85,93
115,36,0
0,156,84
0,191,0
1861,792,0
0,514,167
1100,464,104
2198,711,0
1773,575,0
204,24,38
2827,1708,844
274,141,0
713,184,0
240,114,20
3192,0,0
520,0,65
440,124,96
1274,616,136
702,118,116
0,0,75
1530,781,0
1755,440,539
2161,0,203
1928,738,359
1295,226,0
668,263,75
257,57,0
1334,581,101
876,354,83
0,664,0
1879,425,611
0,107,0
0,826,0
0,66,0
3000,1632,0
1765,605,134
831,325,96
0,0,221
41,0,16
2253,838,0
1970,921,0
0,0,22
0,0,91
1805,589,443
773,123,0
931,0,0
1575,0,427
1287,552,178
2228,848,576
0,557,135
373,0,73
2222,919,353
2380,0,0
2540,821,0
2757,1513,532
2020,827,0
0,0,682
0,19,0
3424,2164,243
891,325,110
2855,0,318
3061,0,806
0,221,235
1121,283,0
0,104,39
3343,1779,367
222,84,0
1336,437,72
922,0,132
1530,580,120
1011,0,188
0,792,0
1889,0,0
1075,491,99
812,0,200
0,0,38
286,0,89
805,0,59
2315,0,0
0,229,179
1708,724,130
0,1427,339
1663,505,424
0,1398,0
0,149,93
347,0,0
527,0,0
2780,1371,282
1486,552,342
0,188,125
2769,0,659
2186,1092,376
944,322,248
2312,0,221
0,102,0
588,228,46
1819,371,649
2244,1217,710
437,111,89
2702,0,0
2306,0,0
450,137,58
1107,340,230
1726,778,401
0,559,265
1412,618,0
0,917,235
2711,0,0
0,317,118
402,0,0
1081,436,129
1060,317,0
0,0,342
2158,1005,0
1293,464,141
1458,516,0
1320,321,399
1139,306,74
0,98,97
0,632,154
0,46,0
90,27,10
0,979,0
1124,0,0
269,0,48
1739,828,433
1862,920,167
854,0,0
2410,1137,230
1278,409,322
414,109,0
0,151,0
640,223,117
0,72,24
0,156,0
2876,1434,278
1044,0,270
0,0,450
166,42,15
1705,993,0
0,426,220
1783,0,134
2315,0,243
70,25,0
2719,1375,229
0,79,0
995,258,258
0,93,49
0,328,119
0,202,0
136,58,0
2960,2201,0
2585,1392,414
0,410,75
0,190,142
1199,481,126
475,139,0
0,40,37
422,57,70
171,74,32
1833,686,189
320,107,0
0,232,60
2216,889,0
719,206,86
1036,170,0
0,114,0
300,115,32
585,216,50
728,264,0
0,0,246
0,1450,800
495,0,68
0,474,0
1192,416,117
0,824,218
2521,975,605
2614,1092,0
918,0,266
0,1290,519
120,48,47
0,50,0
0,277,0
0,1469,0
2380,0,427
2560,794,618
498,149,52
176,43,25
2445,985,405
0,773,624
1479,0,157
2821,0,1093
0,114,70
1765,0,0
0,56,8
0,939,165
1575,511,126
1310,296,231
1421,525,326
0,1688,0
921,373,247
0,731,0
1831,776,319
0,705,258
1939,646,0
838,192,0
0,0,33
0,769,0
1143,489,294
105,36,34
1034,333,264
2356,722,0
0,0,761
456,0,106
1515,676,199
1214,473,0
0,537,606
1278,551,222
0,316,0
2027,905,0
811,0,0
2252,1333,633
0,0,637
0,0,827
850,0,75
0,857,0
1053,305,127
217,60,63
1445,540,222
0,0,367
579,0,0
2410,1212,0
2033,688,218
0,0,15
0,0,290
470,130,0
1164,265,0
83,15,24
1453,389,0
0,194,123
84,29,16
0,314,0
1460,746,284
0,1233,297
1102,374,263
691,0,163
411,0,0
2421,1073,0
0,812,264
121,0,33
2095,738,127
2491,0,177
0,0,201
0,95,46
1035,289,187
2095,0,520
1293,461,135
0,795,0
636,218,70
2505,0,195
170,42,46
0,4,0
2819,0,0
889,330,145
0,371,346
0,439,130
457,0,0
0,14,23
1546,0,146
2168,534,0
2195,0,184
1494,638,526
0,0,69
0,347,0
2673,0,874
2526,1678,0
95,19,0
2919,0,0
0,399,124
1977,977,0
1817,0,142
0,1244,293
261,34,62
0,946,192
2460,1425,201
707,243,160
0,0,356
1280,328,0
0,349,174
2906,925,0
1730,657,198
1442,635,171
2072,494,178
0,2472,623
1317,453,154
1474,591,131
2643,968,0
408,0,90
2227,615,170
1189,484,149
255,49,81
0,0,398
2204,735,0
0,0,119
2229,1045,160
1088,0,341
759,266,123
1738,753,244
17,2,2
2177,771,629
1773,0,465
1033,0,0
2355,704,715
0,0,208
0,357,0
2481,805,260
0,473,109
0,58,0
70,0,8
0,297,110
906,356,283
0,474,0
236,70,26
74,20,8
300,0,0
2829,0,366
0,1235,0
1595,840,362
2520,994,356
2232,741,478
2886,1619,353
675,207,144
1137,336,352
0,0,16
172,53,45
2375,885,252
796,0,78
0,620,0
359,77,121
165,101,52
1550,0,401
331,123,70
968,0,243
1497,622,0
1950,719,399
0,0,559
241,74,32
413,0,89
0,636,0
0,109,38
499,200,83
1089,333,0
0,0,78
1728,894,0
1712,0,191
0,255,74
1664,0,248
681,123,238
0,0,149
807,0,0
0,37,59
2963,0,0
2671,1329,705
855,358,0
883,136,91
0,45,0
2540,1280,140
678,0,183
872,0,0
1975,0,597
144,36,18
0,898,187
2359,0,206
0,0,331
0,259,144
2145,926,350
0,867,251
265,114,61
2890,1321,274
691,200,185
373,134,84
223,0,0
977,711,181
0,153,0
0,755,0
726,0,70
0,15,17
2757,0,225
1980,854,424
2522,0,0
0,651,165
2361,1401,0
0,236,0
171,0,0
2097,541,176
2285,688,195
664,368,65
1581,319,156
1461,0,148
0,0,239
1063,346,0
1882,1033,565
2809,0,0
1781,503,262
473,0,27
0,524,450
0,765,281
867,436,118
215,81,0
310,84,0
2051,1022,0
1387,689,185
0,610,0
0,447,146
392,134,84
0,0,24
0,17,0
447,193,0
2309,1143,0
0,1077,130
867,423,0
0,198,88
938,0,113
1269,552,120
0,208,0
0,207,0
2140,0,0
3038,2161,0
0,0,108
610,134,115
463,178,97
798,132,345
0,701,173
2737,0,269
456,106,108
2541,0,521
983,0,77
791,326,116
0,616,103
2541,976,513
463,0,135
1671,764,229
2220,1056,631
3037,0,0
0,1069,336
1742,0,0
2426,0,295
0,547,0
1636,717,0
1535,767,366
640,193,0
241,63,55
2254,0,0
345,0,106
1661,653,207
2244,0,0
0,1091,571
0,0,129
2901,0,0
2704,0,718
0,1784,1098
330,59,86
2405,1240,0
403,110,85
138,0,0
2169,1019,0
0,255,0
277,0,36
699,0,118
94,0,0
2069,0,240
2047,566,0
0,397,225
1999,750,0
336,0,0
2008,903,347
2103,0,0
1014,364,184
0,76,34
0,35,0
208,45,0
0,75,43
2093,0,420
1387,390,395
0,574,251
0,174,199
1686,606,0
0,1029,302
1015,0,222
783,0,0
1042,0,165
524,163,121
1576,561,498
2287,745,684
2358,756,325
0,31,11
2091,0,218
868,328,200
0,0,327
163,41,12
0,1511,430
0,283,76
839,240,147
445,55,121
1169,374,212
590,0,0
127,35,40
463,270,0
2724,1504,914
134,44,8
0,483,111
1919,766,0
2527,0,297
635,154,152
159,0,0
329,74,42
0,1082,0
0,223,0
77,39,0
230,57,23
21,2,2
83,17,6
0,38,15
373,53,75
1141,267,0
2540,877,356
438,158,61
784,0,122
484,91,67
1416,669,296
1091,405,94
1094,453,0
2847,0,379
0,180,90
456,0,55
391,104,48
0,198,0
1577,572,187
2086,943,197
173,0,48
1525,0,233
1964,0,471
1349,0,250
1350,0,0
0,34,0
0,0,172
1868,738,365
1087,541,207
0,0,176
364,136,0
1948,991,0
2007,1025,452
1287,0,0
239,37,0
0,650,0
939,425,132
596,142,0
1825,627,0
0,0,612
2174,788,156
0,0,703
1427,566,331
1424,0,0
1018,272,195
656,237,0
1226,237,102
2546,1850,527
1365,811,127
217,62,0
771,104,271
1101,0,0
416,131,39
0,94,31
191,51,18
0,712,0
798,234,99
1284,484,332
252,56,58
1398,648,121
0,0,659
1522,603,228
0,0,717
84,20,12
0,162,144
456,173,70
0,281,324
0,0,106
1244,452,335
0,0,158
0,535,291
1378,499,0
0,161,155
0,0,212
0,89,0
1792,603,498
1655,782,0
500,0,81
2326,1683,0
0,0,585
1748,578,0
0,379,143
580,0,76
175,0,40
93,32,18
82,23,22
1561,566,0
0,1129,0
196,61,0
1057,473,199
0,0,159
2121,1147,0
0,507,327
0,0,18
895,348,209
726,369,0
374,41,113
1264,682,106
1009,333,0
752,0,128
0,165,28
0,18,22
0,772,186
56,17,0
0,0,418
1027,332,208
1483,490,0
0,1189,213
0,120,72
1264,0,346
1744,329,426
2087,0,281
0,0,123
0,324,225
1591,629,0
1750,639,141
1404,0,171
0,634,251
0,292,0
2067,1025,428
914,203,128
0,0,55
669,0,0
0,396,0
2329,1239,632
1345,526,374
0,108,23
766,161,177
119,0,24
1657,583,443
95,0,0
1780,952,188
882,208,153
0,0,58
568,205,140
370,0,67
357,77,63
1706,0,0
0,0,246
980,0,269
0,800,0
1140,324,168
922,193,100
0,956,155
1500,579,294
0,0,99
107,40,25
0,213,102
369,159,74
1650,0,278
1729,879,0
2307,0,0
2790,0,0
161,32,47
571,0,0
2239,0,0
0,472,165
2807,1047,412
1765,693,176
0,0,211
549,0,57
713,228,109
0,24,0
1408,311,120
909,288,129
0,0,104
250,42,80
1079,560,0
0,445,130
0,4,8
2757,0,0
276,82,43
0,1255,0
0,246,0
0,313,0
1289,0,0
0,614,166
985,396,0
346,98,0
967,0,71
477,0,119
1029,321,91
2022,1004,530
0,1366,0
0,842,0
919,250,60
0,517,0
0,0,201
151,0,0
2201,0,244
1080,421,0
2598,1440,662
235,69,87
200,0,18
1974,625,335
108,5,17
1414,290,404
0,198,0
2104,1017,0
1659,766,407
0,0,14
2722,0,945
2779,1038,0
2012,962,520
2048,1325,216
0,341,155
150,30,11
2897,1397,246
1035,452,266
878,0,145
635,0,0
803,233,0
334,0,0
388,126,52
1363,693,0
1078,0,304
1817,0,0
2640,0,247
827,0,0
0,95,25
1322,402,0
2010,812,525
702,0,42
1219,369,0
0,0,46
685,159,0
0,0,171
694,0,0
0,166,195
383,164,0
542,174,145
366,108,0
1428,0,337
0,645,0
1661,0,363
0,454,293
0,0,209
444,0,61
2758,1177,0
556,193,116
0,108,112
1278,0,114
2631,852,364
1457,527,209
68,0,0
1324,0,97
2086,1074,184
0,608,229
1840,0,175
1110,421,321
0,1446,425
544,182,33
499,188,95
185,56,16
57,15,0
360,125,60
0,0,115
701,0,152
1457,0,0
601,126,122
1092,467,0
2391,1463,344
2076,531,0
296,146,0
489,194,89
482,190,89
829,96,87
830,259,0
380,146,51
2530,929,372
272,91,28
0,155,123
961,362,306
1278,495,208
185,38,0
0,564,175
2309,0,300
0,0,142
2982,2112,0
186,0,38
925,352,0
2723,1107,475
1161,401,210
368,0,37
1257,558,222
2204,0,311
0,298,0
911,0,0
0,911,226
1498,378,159
0,1042,632
2609,998,207
716,299,62
0,895,0
821,374,0
1054,0,99
1173,347,137
2468,925,0
252,101,24
1927,846,0
768,257,0
2069,911,0
0,1256,213
2094,1282,158
0,890,0
238,83,46
0,58,0
301,112,0
1353,0,203
3023,1560,295
0,0,23
463,241,45
0,910,416
0,1457,437
2898,1737,0
2351,1069,558
395,183,114
2057,988,165
653,242,105
194,96,0
0,273,78
0,0,194
818,0,85
754,132,210
0,1248,391
1856,779,497
1859,814,0
2434,0,283
1500,696,0
958,538,244
0,1478,259
2252,0,223
2277,1047,313
107,15,10
146,28,0
158,40,22
236,0,23
0,216,114
736,404,0
156,0,16
233,76,0
2222,1090,215
642,302,158
2054,890,187
2797,2010,0
260,74,0
215,0,24
196,40,27
807,184,119
2556,0,194
292,73,27
789,0,147
1800,796,319
167,0,32
0,102,0
2179,0,231
111,0,0
2487,1106,329
0,0,61
242,0,20
1118,0,243
2098,0,0
1964,646,626
0,94,26
0,78,57
0,74,0
1948,454,234
0,20,0
0,532,74
0,0,136
418,0,44
0,350,254
1482,767,284
154,0,16
1962,495,308
2337,0,303
0,54,14
392,0,0
0,0,296
1231,346,124
2752,1080,558
0,622,266
2497,1465,210
1742,461,247
2594,961,754
620,320,74
606,149,0
1886,939,322
0,0,714
776,197,0
306,93,78
751,202,0
684,190,150
388,139,59
0,1417,476
957,443,0
1648,539,280
937,259,268
358,0,72
406,87,0
0,356,0
0,574,100
982,467,0
1929,866,0
1717,598,211
505,212,89
894,298,0
1727,0,237
1196,0,368
1529,0,137
1407,666,203
0,0,166
0,216,107
0,457,198
0,0,50
67,22,0
938,432,0
2149,0,353
0,295,0
2013,1421,747
1647,628,293
0,539,264
2613,1900,341
209,105,29
44,16,10
2455,1656,696
0,26,0
0,216,295
1984,708,348
455,0,48
2640,0,274
905,432,0
0,0,704
913,686,178
353,0,28
266,90,0
1817,393,0
529,167,42
281,0,26
617,169,191
1426,734,0
1457,533,190
200,0,17
0,38,26
511,190,70
91,53,22
2453,0,717
1377,411,0
0,0,343
687,0,92
0,219,134
493,0,0
0,0,430
0,1463,373
1228,470,312
0,0,179
441,137,103
2318,0,544
1223,646,431
56,18,8
2116,0,499
1673,396,175
0,632,0
527,207,140
0,54,26
2245,753,0
0,138,105
1233,0,146
0,923,221
0,0,107
2665,1143,0
2354,777,178
847,0,0
1907,832,196
833,0,79
2024,0,222
1697,806,0
1352,487,0
321,109,43
0,9,0
0,72,45
1462,663,104
0,355,153
58,12,0
2390,0,0
0,27,0
1148,486,319
492,194,82
2049,485,646
795,182,118
2489,0,349
815,0,0
981,0,0
1005,233,0
189,61,0
0,90,0
1197,274,119
628,0,0
571,168,97
2304,1143,747
0,291,0
1286,228,255
0,480,109
0,238,50
798,0,303
0,182,165
1319,426,0
271,30,41
1133,0,233
0,42,0
586,196,166
1659,0,0
1123,529,0
1545,496,224
920,272,143
0,169,22
0,0,139
0,523,222
0,80,79
832,338,100
155,37,0
619,261,0
896,0,202
0,501,0
0,57,34
892,339,194
735,0,0
0,0,121
0,491,530
0,380,86
1432,482,236
0,402,0
2260,779,0
2096,0,0
678,403,0
786,345,57
286,35,0
2969,1387,0
2016,0,151
1980,964,0
259,0,0
0,238,110
0,0,17
0,280,194
0,386,166
0,833,0
876,307,188
0,909,266
366,92,89
1245,0,0
0,18,21
1516,527,0
1178,0,414
519,142,43
659,325,0
1079,433,117
1342,0,285
1505,0,141
2083,0,379
0,255,98
2108,1048,187
1632,463,452
1108,491,101
1863,1161,247
0,55,29
2474,0,358
2024,0,229
0,1105,282
0,286,0
0,395,146
1880,0,410
0,236,0
1761,857,164
0,832,0
0,120,38
0,299,60
0,911,443
1386,485,233
2098,638,0
703,222,83
147,63,23
329,159,0
0,110,25
1839,0,281
0,0,793
1632,325,245
1936,627,504
1134,0,146
0,82,85
2253,939,0
709,293,91
1610,0,0
436,206,132
305,137,87
631,137,70
510,176,63
2280,976,835
1434,589,282
0,342,151
0,410,128
416,157,46
452,175,50
857,0,132
0,287,0
863,314,109
1044,434,0
2046,677,210
205,89,45
0,0,260
0,0,146
1751,566,180
0,0,228
235,64,0
1489,0,0
903,427,305
0,1523,493
0,567,373
2048,0,253
0,1634,0
1816,660,507
400,0,28
834,415,81
2644,977,0
1274,231,0
475,137,47
1606,493,0
397,125,123
0,1434,302
173,0,35
0,765,0
0,380,62
0,230,0
244,0,0
1499,476,120
823,0,201
635,124,255
0,263,175
1591,928,373
1395,687,281
0,67,40
0,857,176
0,1446,0
2145,778,261
870,0,232
0,399,273
283,77,0
113,22,8
0,919,829
0,182,122
2259,1054,274
1621,879,204
0,464,206
0,311,0
2239,0,0
0,955,217
0,23,9
692,369,0
0,0,28
2644,0,243
0,87,80
0,0,229
2627,1503,0
1367,619,332
665,0,152
2037,1181,576
0,296,0
2784,0,379
0,142,66
167,70,12
0,1028,169
0,948,0
212,0,0
2389,0,615
1914,0,0
0,532,451
1228,532,0
2845,0,700
0,0,31
1538,616,0
405,106,46
0,419,104
1777,527,0
0,0,481
808,303,99
0,79,0
1835,894,334
159,43,33
653,0,120
539,141,74
0,80,42
0,818,0
1799,586,0
1421,0,0
2197,1117,459
0,59,56
0,183,0
2397,1205,246
2254,845,0
0,1008,129
1419,0,284
0,87,73
1283,0,158
146,60,41
474,248,86
314,163,0
1040,0,0
1642,0,221
1627,792,0
487,207,103
1291,517,157
184,0,0
0,0,201
0,0,544
163,48,36
0,1143,224
2567,0,416
0,31,36
171,0,0
960,317,0
727,0,103
0,609,281
62,15,0
2525,1816,0
1424,0,0
931,535,0
1614,448,202
1608,0,365
1371,339,189
0,1002,0
0,0,718
545,168,79
2003,740,235
0,25,18
1754,919,0
1753,678,187
894,305,90
1419,470,0
0,0,126
612,289,162
0,0,251
0,681,179
293,126,52
739,472,244
889,426,123
479,150,101
1237,0,240
331,98,64
0,687,192
342,100,61
1047,0,294
0,0,144
483,0,150
0,253,0
1424,0,353
397,120,62
0,496,439
1134,0,0
1587,638,113
675,0,84
462,160,0
170,0,0
0,82,53
0,1075,0
2164,1196,475
157,64,0
134,14,11
80,31,14
74,0,0
2054,889,0
1426,419,245
560,0,0
0,299,68
461,184,139
0,71,16
189,0,0
1937,0,0
859,229,0
1392,483,160
0,835,306
1955,758,235
0,756,226
2569,0,205
0,540,0
1627,401,343
609,139,129
2163,0,779
408,124,0
1792,0,271
2739,1830,308
1643,543,0
108,0,0
708,0,0
804,304,130
1994,1421,202
591,343,70
2295,0,498
557,0,69
418,127,0
432,0,121
2237,814,449
