7000 4
0,2191,1178,0
0,0,0,141
1272,0,0,266
2918,2009,540,0
0,0,389,300
986,0,0,0
1777,0,0,0
0,0,93,249
1862,0,0,149
0,0,499,148
717,438,0,56
0,258,0,0
1715,0,441,114
2207,0,407,0
0,0,0,52
0,1775,289,305
0,0,0,443
0,0,80,37
0,0,378,176
693,229,65,54
0,1668,0,239
1244,0,339,0
0,0,141,0
1642,565,230,227
0,388,0,80
436,199,46,0
499,0,146,54
0,0,1257,0
989,0,93,0
2477,949,0,0
167,0,54,0
2699,0,757,253
0,0,219,663
697,0,199,54
462,214,78,0
2831,0,890,189
2033,0,414,205
2059,0,304,0
0,0,108,0
2179,0,0,227
0,1643,0,0
265,0,0,0
0,101,40,23
1423,0,343,0
2003,874,267,355
0,0,0,43
315,0,0,36
0,0,0,133
0,0,565,407
0,0,0,23
0,1735,1463,0
2588,1651,0,213
0,0,283,0
186,60,0,13
0,0,246,94
398,0,0,0
0,913,0,134
0,426,175,102
2287,0,515,0
1304,449,0,142
0,559,552,73
0,189,0,0
0,141,0,25
0,231,0,0
0,0,106,25
0,0,0,18
0,0,1055,299
0,447,113,97
0,124,0,51
845,216,0,25
1627,0,374,230
2903,2107,0,0
1782,863,228,167
174,17,0,4
0,244,0,0
0,0,0,24
0,750,0,0
0,0,206,148
946,0,284,65
633,211,0,0
0,1652,188,0
0,239,70,0
0,0,0,363
1910,593,0,165
0,0,703,0
0,0,208,315
0,0,285,32
0,0,0,469
2632,0,977,0
0,210,141,30
0,0,0,8
421,124,0,0
0,9,0,0
3230,1290,380,0
0,0,515,0
0,186,0,47
0,0,0,45
0,46,0,13
0,0,915,186
0,0,906,0
0,1267,0,0
2670,1338,306,265
1019,424,174,0
458,197,125,25
0,785,310,323
3227,1961,717,0
0,0,0,33
1727,0,0,159
2832,1389,0,324
2863,0,377,0
0,1583,406,200
0,1437,0,0
0,0,0,303
1405,0,0,71
0,0,0,67
0,0,0,156
0,0,0,19
0,496,182,0
1216,0,0,38
967,0,0,0
1165,0,0,0
0,1488,0,448
2853,0,684,0
2483,1213,277,0
1130,0,0,153
433,107,0,0
0,0,488,0
2747,1949,912,0
0,0,244,0
0,319,95,0
340,114,0,0
2011,0,247,0
453,0,29,0
0,0,0,557
719,226,199,0
446,0,0,59
2239,1021,553,159
0,0,0,176
1238,586,128,0
0,0,0,492
2521,0,316,0
0,0,105,0
876,0,87,0
57,0,0,0
0,405,0,44
1362,0,0,0
340,0,0,52
307,0,0,0
0,0,0,99
1639,0,147,221
1888,0,572,0
108,0,0,0
0,0,0,75
0,0,107,154
2208,0,370,0
0,0,0,132
0,0,235,0
0,0,0,76
2176,622,549,0
0,1453,315,0
1421,0,0,0
2632,0,958,296
759,166,0,0
0,1593,0,0
0,0,37,0
0,0,0,90
0,165,102,0
0,0,47,0
0,604,0,0
0,127,112,32
0,503,110,0
0,0,0,474
0,821,0,163
0,196,61,0
0,1630,0,0
0,0,0,163
702,0,0,0
0,297,0,0
0,0,0,137
2131,902,212,0
0,126,116,24
0,0,47,0
802,0,69,0
775,174,67,93
2285,0,0,0
1439,364,574,67
291,143,0,20
1667,0,243,110
1159,0,0,0
0,0,66,0
0,517,137,0
797,0,0,0
0,112,0,0
754,151,140,0
0,808,631,108
3378,0,1149,0
1783,0,194,188
0,0,70,0
0,415,0,97
0,0,31,0
0,202,0,177
1372,0,408,69
2132,0,0,0
753,0,0,0
2177,634,214,397
1995,0,191,201
0,0,88,0
0,282,0,0
1055,279,0,82
1141,539,0,153
2513,1455,0,0
2052,0,0,0
1898,806,0,0
72,48,12,4
0,370,329,0
0,0,940,0
0,33,0,2
1030,0,0,17
2589,0,0,0
0,803,0,286
0,0,459,259
1755,411,403,0
1578,0,380,0
0,1138,284,0
339,119,0,0
995,0,301,0
0,0,585,0
0,629,115,0
0,0,253,0
2592,0,273,311
2661,868,1025,0
0,347,344,0
2577,953,538,0
2636,0,407,0
0,283,0,0
0,804,0,145
0,0,344,534
2129,0,0,0
0,721,246,46
0,10,0,2
2389,0,226,0
0,0,181,225
0,0,0,328
0,0,22,0
0,1677,613,0
623,119,111,30
0,0,249,0
0,1050,328,0
0,366,262,101
0,0,0,22
2452,1461,0,0
3122,0,0,0
0,602,0,0
1579,444,0,111
0,0,193,0
674,175,0,0
949,246,0,0
0,0,0,499
0,0,346,51
0,0,0,129
214,99,0,0
0,0,163,235
785,242,114,0
1161,420,0,235
0,371,0,0
0,0,179,78
526,0,0,71
0,276,0,36
0,0,126,134
0,0,456,0
271,85,0,0
0,485,0,340
223,0,76,16
0,0,1383,413
0,174,0,73
0,0,0,357
0,61,13,6
3184,1935,213,615
853,285,0,0
1026,0,0,90
0,0,496,0
105,0,0,0
0,600,310,218
255,0,0,0
0,503,0,173
0,760,0,0
0,19,0,0
0,0,176,0
2945,0,0,0
617,0,32,80
0,172,0,0
0,914,234,247
0,700,0,157
1468,633,125,0
0,1757,317,0
454,72,0,12
0,72,73,13
0,0,132,122
0,0,299,372
1731,264,520,0
0,1590,0,0
1589,0,137,0
2835,0,0,0
0,171,0,0
0,1479,1246,0
165,90,49,3
0,191,0,26
0,502,0,0
0,0,660,150
0,36,8,20
0,92,0,0
2198,0,291,0
918,272,235,0
0,0,0,351
0,0,125,0
540,269,0,17
0,0,220,0
0,914,0,0
0,0,60,27
1474,0,0,0
0,0,0,28
0,83,47,0
651,0,179,0
737,0,54,0
2598,0,314,278
1411,0,497,115
153,0,30,0
0,0,209,0
2975,1585,878,121
0,1549,0,0
0,0,511,126
2900,1154,0,374
0,800,0,306
0,1375,0,0
1346,677,0,0
1745,0,0,82
1697,752,0,217
0,0,40,0
2390,0,0,0
0,821,357,0
584,115,82,33
0,341,0,0
0,324,0,0
2335,1032,0,155
0,0,102,16
2363,0,0,217
0,655,219,55
0,309,453,59
2823,1448,0,0
2373,1604,0,0
889,0,0,72
0,0,263,0
0,2427,0,0
0,91,74,15
0,0,135,68
1134,0,110,0
0,1574,273,304
0,0,0,216
2995,1722,209,0
943,0,0,0
0,0,336,0
650,0,45,53
136,38,28,0
782,0,0,0
2557,1363,168,0
1326,0,381,90
0,0,295,0
687,240,44,0
0,0,379,260
2184,564,776,0
1650,0,376,96
0,278,47,0
0,653,187,122
0,0,355,60
0,1280,0,183
0,0,0,80
0,0,0,341
0,0,507,119
0,84,0,0
0,71,0,0
0,0,0,127
930,0,0,62
2662,866,1025,0
0,313,264,0
0,223,0,0
2338,1101,0,155
0,0,0,97
0,0,376,362
3167,0,417,0
0,0,259,0
2382,798,292,0
0,77,36,0
1393,0,0,0
260,48,71,26
1133,298,0,0
1091,0,229,50
0,747,0,140
0,591,722,0
0,64,0,19
0,102,38,30
0,1461,0,167
0,0,251,0
0,0,159,240
1935,1039,360,107
533,184,107,0
2795,0,0,0
0,0,90,0
0,1296,652,0
0,561,0,150
1277,0,80,254
1136,0,78,0
1760,0,356,182
795,0,186,0
0,0,285,0
989,0,0,45
1224,0,0,0
0,687,641,109
0,0,0,8
0,0,143,0
0,0,306,0
2672,0,762,195
2410,1179,416,205
0,0,64,0
612,0,117,48
2095,681,0,372
0,0,66,0
0,796,0,0
0,0,270,0
0,323,49,115
2409,0,240,0
2643,1091,631,181
0,96,24,0
875,390,0,0
0,0,16,1
0,0,168,295
0,0,0,294
0,662,548,0
2037,1062,0,0
1888,0,0,248
0,1564,587,144
552,0,0,0
0,0,293,0
0,104,100,0
752,0,0,0
856,361,0,63
1772,689,372,0
1626,617,0,0
2688,1790,0,0
1682,569,296,347
949,321,144,0
2940,0,695,306
0,248,0,0
0,0,187,0
1782,0,353,0
2687,0,293,403
2253,0,237,266
0,0,273,0
383,155,72,20
0,0,100,0
0,240,0,0
0,0,0,238
0,0,297,0
0,0,0,170
1639,634,0,0
0,527,0,0
289,0,59,0
0,361,0,0
3364,1942,0,158
1021,0,280,50
1363,0,440,89
0,518,124,0
1223,0,115,212
2302,0,0,0
0,0,253,253
2224,0,210,0
345,152,0,42
1745,968,129,0
0,0,0,98
0,255,0,85
0,559,0,91
1652,467,611,104
0,0,400,0
2847,0,828,195
0,0,0,105
2419,1238,678,0
877,0,194,0
0,0,0,80
2709,0,0,189
277,0,51,0
3117,2075,0,260
480,174,0,39
2050,0,0,0
0,0,92,177
0,0,154,0
0,0,0,44
552,0,0,56
0,401,0,0
496,0,0,0
0,0,38,4
2506,1083,0,89
0,1083,1071,89
869,0,0,0
2798,0,926,205
2031,1387,0,140
2029,0,183,0
0,0,389,0
270,116,72,16
2158,0,307,139
0,0,26,3
0,0,0,3
1262,0,0,0
0,0,376,152
0,0,0,243
0,477,0,0
0,0,0,108
0,397,0,58
49,35,9,0
2119,1043,0,0
1647,583,0,0
1949,0,449,119
0,0,45,0
462,188,0,18
119,0,0,0
889,379,0,59
2694,0,0,0
0,256,236,41
2200,1033,0,0
2117,0,0,0
1384,0,184,0
533,0,77,43
0,631,0,112
0,58,0,19
2777,1462,828,142
1594,773,474,0
1966,0,0,0
2190,800,563,107
1051,0,0,0
0,70,80,38
0,0,191,196
2601,0,701,159
0,0,32,0
1959,0,0,0
0,0,0,152
0,312,231,0
2880,1557,0,328
0,1698,0,0
1685,0,149,0
2005,0,234,0
0,0,146,0
0,404,97,0
526,0,0,0
0,0,0,118
0,301,211,288
1751,665,0,103
0,0,143,39
3001,0,0,337
0,268,0,0
587,0,0,27
0,0,684,0
0,599,0,0
1425,0,0,0
438,0,75,32
0,403,160,0
2264,0,934,0
0,229,51,141
0,0,428,53
0,59,0,0
1505,652,0,51
1276,539,484,0
2600,1726,190,0
0,1609,0,492
0,0,41,35
0,1343,0,0
867,224,101,132
0,124,67,0
1930,0,233,0
1776,974,306,0
0,875,0,0
1055,0,74,0
0,293,0,142
924,0,76,0
1421,612,98,0
158,63,50,10
0,0,15,3
0,1600,0,269
0,1082,565,0
0,0,0,128
449,0,82,0
0,1258,610,0
0,0,439,0
1377,0,348,117
3024,0,449,446
1979,0,0,0
571,0,0,0
0,1156,175,0
0,56,0,0
2653,0,269,0
0,0,19,0
798,0,99,54
0,0,0,98
1594,0,303,0
1236,491,0,0
2072,759,0,456
0,686,249,0
0,0,215,0
733,323,208,0
0,0,174,0
0,0,112,0
0,250,0,62
0,246,0,66
0,215,105,0
0,0,0,73
3215,0,0,0
0,748,0,285
948,0,0,0
334,0,35,83
2590,0,484,273
1722,820,555,0
273,0,0,11
220,68,0,10
606,204,0,0
0,34,30,5
0,9,20,0
1993,0,0,0
2203,1623,0,141
0,0,0,409
0,0,0,28
0,45,9,0
0,237,147,45
0,0,46,0
0,49,0,12
723,0,0,0
1327,372,420,80
0,295,117,0
2582,0,0,0
0,612,353,0
0,271,250,0
0,0,212,306
0,372,0,0
2857,0,0,0
0,1879,0,263
1017,0,250,0
0,583,359,76
0,0,304,0
0,0,116,149
1853,432,510,172
2163,0,400,254
2797,1322,332,0
0,0,690,190
343,163,0,0
0,0,0,149
1765,0,442,0
2099,0,0,132
1966,0,577,102
0,0,239,53
0,1361,294,0
0,1746,830,0
1299,523,155,130
0,0,62,0
38,0,0,0
0,1557,847,190
0,1484,738,267
2440,1088,0,0
171,50,11,32
0,0,108,0
2869,1672,773,0
2155,0,0,161
626,195,0,50
0,664,0,0
868,306,0,0
2311,0,715,0
0,0,10,3
0,0,0,108
678,0,0,0
566,0,119,0
0,1113,621,173
0,1144,886,0
0,0,178,0
0,735,0,0
727,0,75,0
293,91,0,0
0,236,181,44
0,0,0,292
1977,0,0,205
0,0,202,47
1767,834,0,232
1277,475,372,58
0,0,0,174
110,0,21,7
2557,0,209,356
0,0,164,0
0,671,373,81
406,227,0,34
2779,0,0,553
0,0,0,33
0,0,54,0
1773,0,373,0
1969,1025,680,0
2069,0,389,155
818,0,0,0
107,36,0,2
0,0,214,0
0,0,260,0
1090,333,0,158
0,390,101,102
2268,692,0,147
0,0,0,121
0,153,108,30
0,0,0,21
929,0,0,103
0,0,1288,0
0,816,539,0
0,454,352,0
0,0,0,40
1795,0,0,79
2423,0,0,0
911,0,203,0
0,0,0,46
0,0,21,18
1538,0,357,88
0,0,249,0
1080,504,101,143
0,0,131,43
590,224,0,58
2172,0,0,0
1323,517,0,0
0,0,52,33
0,0,172,0
0,1009,678,0
0,2021,310,0
378,0,36,0
0,280,0,56
0,0,106,0
2522,1173,295,0
663,0,0,70
1859,0,205,0
0,452,0,0
849,495,0,32
1820,667,134,244
0,607,0,0
2496,0,294,0
384,178,52,0
1104,0,0,0
1003,0,0,0
0,288,0,0
866,0,0,0
2231,1000,0,118
561,229,156,0
0,0,0,1
1584,0,179,294
611,209,125,0
0,1144,1035,0
0,1435,0,201
1641,681,0,0
2002,530,137,0
0,211,90,34
815,0,0,0
0,0,0,214
0,0,0,8
0,642,102,260
0,0,1025,0
1219,0,0,0
0,157,46,0
224,0,0,0
0,760,0,324
0,129,151,69
499,0,104,0
131,0,30,6
329,0,83,0
796,309,0,0
0,0,584,0
0,1778,0,281
0,0,145,0
0,645,0,0
0,96,0,17
1297,0,0,0
1611,308,475,87
0,251,0,0
310,0,0,0
1265,388,238,104
0,533,0,0
0,28,0,0
0,0,281,50
0,640,0,356
0,291,97,61
0,378,238,0
332,0,0,0
0,0,302,0
289,0,98,18
659,195,0,0
2390,752,225,0
0,297,280,0
532,0,0,0
0,0,0,242
298,0,0,0
2437,1868,373,339
2035,0,0,0
2215,0,664,0
1486,0,0,0
1828,614,0,103
0,1366,693,92
0,0,56,0
1264,0,402,0
0,1803,0,357
2737,0,0,374
0,33,18,0
0,1260,0,0
2954,0,301,0
0,0,96,0
576,0,0,0
1347,570,0,83
0,0,354,0
0,179,0,0
809,232,68,140
0,0,0,138
205,76,0,0
0,0,310,65
0,223,45,0
3105,1789,994,0
2361,0,0,0
0,0,206,0
81,40,10,0
1050,0,102,141
0,0,164,0
1618,0,431,91
1967,976,0,0
113,0,0,0
0,0,0,141
1086,0,0,0
2742,0,738,255
1070,374,178,0
1417,727,248,0
0,751,202,177
2779,0,586,234
0,0,0,163
2171,0,0,151
0,1131,347,0
0,1363,0,0
0,0,13,0
1604,961,430,88
2627,0,0,0
575,253,0,0
0,0,0,43
1835,0,0,0
0,0,59,0
0,0,168,0
948,0,113,0
0,0,55,0
0,111,0,32
0,111,0,0
2498,0,266,121
3390,0,0,0
403,148,0,0
2231,1487,520,0
637,0,141,40
0,0,864,0
1242,0,0,0
278,0,39,0
0,610,409,79
0,219,184,0
0,391,0,48
1269,691,0,121
0,1058,0,331
0,0,125,249
545,272,0,0
0,787,74,0
2941,0,0,0
0,523,206,0
2006,0,701,140
1828,0,0,0
323,0,32,24
1885,0,429,211
2791,1520,740,0
2411,0,916,115
0,0,444,291
0,0,22,15
1337,507,0,0
3064,0,209,1099
1207,397,123,0
1917,0,0,136
759,357,109,0
0,0,108,57
1598,0,385,0
1218,469,0,0
1763,0,0,0
849,0,254,53
0,448,259,0
1781,0,0,0
0,0,225,39
0,1098,638,104
1219,386,285,97
0,683,588,0
1222,0,242,0
0,0,0,35
2859,0,0,0
0,264,110,52
0,1023,468,110
1957,0,575,0
0,424,0,0
527,0,61,0
0,0,42,0
1650,0,206,0
332,0,0,13
3111,0,295,395
0,0,0,208
0,56,0,0
2825,1404,301,450
831,300,85,0
0,0,0,142
0,0,121,0
0,0,228,429
2144,1074,604,0
0,1408,572,137
771,0,0,0
0,667,119,0
0,0,648,0
0,843,0,315
0,538,0,180
0,107,0,0
0,553,0,321
0,0,177,69
0,0,0,125
161,38,48,7
1139,0,0,47
0,0,103,243
0,0,0,135
2027,0,0,0
0,0,386,0
0,0,0,529
0,589,0,214
883,0,0,0
0,0,405,126
2425,911,0,0
2915,1524,0,0
0,0,0,504
2575,0,0,383
0,0,886,0
1222,0,0,0
2168,0,0,0
2864,1131,0,0
0,86,0,40
180,0,28,0
726,0,0,28
2438,0,0,159
2330,908,0,0
1816,866,0,268
0,206,0,0
0,244,63,139
2955,0,0,0
2286,0,216,0
0,56,0,0
522,203,0,46
1555,0,328,115
2815,0,0,216
0,1423,301,0
0,960,0,0
2328,754,0,144
0,95,72,0
2499,0,233,0
194,63,27,0
1595,0,0,150
134,0,0,3
3150,1781,0,165
0,233,0,0
523,167,0,0
0,0,0,47
0,0,0,40
0,444,0,248
0,0,241,0
1973,722,0,0
0,0,0,42
0,0,156,80
0,0,0,63
1457,783,246,0
0,1903,0,191
268,83,17,0
0,0,0,45
2541,1178,0,0
776,316,0,77
0,0,501,0
0,1559,471,0
1036,410,0,0
2314,0,578,0
722,0,0,53
1526,806,0,142
0,0,576,0
431,175,0,0
999,308,0,0
0,0,98,0
0,153,0,29
2621,1328,0,0
27,10,3,0
2585,0,238,283
2122,0,194,0
1474,441,152,312
1106,0,0,145
0,385,0,0
2934,2585,0,0
0,55,62,0
1254,470,0,0
0,441,66,85
0,162,0,28
2791,1334,0,182
1812,520,0,0
0,0,0,228
0,333,0,0
1135,523,0,0
0,761,496,144
3183,0,896,0
0,406,0,0
0,473,0,0
0,479,138,424
708,198,0,47
1209,528,89,0
1189,0,0,70
923,0,58,0
0,1951,0,198
0,737,0,95
2119,585,602,0
0,768,0,157
2686,1671,566,273
0,0,0,54
0,1053,450,0
0,588,0,0
278,127,72,0
0,0,0,67
1839,0,0,0
2798,1565,775,0
0,673,0,0
1910,0,361,0
2945,1549,0,150
0,0,151,0
451,0,0,0
1164,0,0,91
0,0,352,56
2131,0,0,0
1392,0,0,122
0,408,179,0
2123,0,0,0
0,67,0,67
0,0,90,0
2763,1010,0,602
708,0,212,0
0,183,49,0
445,80,86,0
0,589,0,83
0,0,0,54
0,0,0,199
1012,0,50,162
0,171,49,65
0,0,448,0
2802,0,591,93
1543,0,0,149
0,0,104,0
633,0,0,67
2046,0,513,0
811,511,178,0
2510,1634,0,0
3226,0,0,642
2119,0,783,122
0,0,0,254
2193,763,586,188
1213,0,0,0
980,319,265,0
0,0,109,0
541,327,70,32
577,0,0,0
2349,731,0,131
0,142,52,0
2304,991,441,0
1918,0,530,92
0,951,506,98
0,0,770,142
1917,925,526,62
2670,0,0,0
0,731,0,0
2588,0,0,0
0,0,225,173
0,0,228,98
0,639,0,0
0,1056,0,0
0,579,363,84
0,0,70,0
777,0,0,0
0,74,0,0
0,819,245,93
2677,0,0,363
809,0,79,92
736,0,0,85
0,0,54,0
446,0,0,0
0,0,188,0
3029,1660,329,515
0,0,358,109
0,55,34,12
1159,0,0,116
2399,561,0,247
0,0,287,0
0,194,0,0
1243,0,91,0
0,0,0,55
0,1290,0,0
0,1792,187,416
225,0,0,6
0,0,97,0
2969,1816,0,0
2582,1714,0,512
0,266,0,36
1374,0,99,126
603,0,45,39
0,0,0,72
0,0,223,362
1286,558,122,222
0,14,0,0
0,0,0,19
2054,0,546,344
0,0,0,618
0,0,0,98
0,1061,427,240
0,105,0,0
0,0,400,0
1112,0,0,0
3239,1741,895,0
0,1747,0,0
0,406,84,0
0,0,0,37
0,0,193,0
2215,0,0,234
0,0,0,208
1986,0,0,233
0,1092,0,384
0,0,94,0
0,0,84,0
0,561,177,113
0,0,61,0
580,192,0,0
0,1230,835,0
655,248,83,0
0,1547,759,0
672,301,0,52
0,1646,0,0
0,0,245,0
0,931,268,190
1184,0,187,115
0,334,81,75
2625,763,0,332
1960,857,0,0
1708,0,100,0
0,595,0,62
0,219,155,25
545,0,0,60
0,2452,509,0
1686,626,151,385
0,1094,0,0
0,0,119,47
964,314,0,0
0,0,0,79
67,15,19,0
1427,371,0,0
0,0,35,0
0,550,261,0
2874,2014,657,0
911,0,87,167
279,0,62,10
0,728,0,295
0,0,0,580
0,60,0,0
0,371,0,169
636,192,52,99
0,0,47,70
1638,0,264,132
0,0,67,15
123,0,29,0
0,0,0,9
0,2221,0,260
1506,0,0,0
0,737,0,72
0,0,0,83
2710,1179,0,0
2616,1289,219,300
0,502,0,0
1934,641,328,251
0,595,0,205
0,0,0,168
2931,1439,0,0
1631,0,0,0
0,352,104,307
0,1094,211,0
1689,0,0,408
0,677,228,202
624,120,0,118
1114,0,0,174
159,0,50,11
2434,1073,138,394
1108,553,0,0
1643,0,468,144
0,0,363,291
2324,0,0,312
1371,0,0,0
0,1541,0,346
2311,0,0,0
2046,1096,435,0
0,0,813,0
950,524,0,0
0,0,18,46
207,68,0,0
199,0,67,5
0,0,120,0
0,118,0,45
247,80,24,35
2914,0,0,0
0,0,0,157
1065,0,232,88
100,30,12,9
1934,1024,569,62
2228,567,584,0
2670,0,665,237
0,0,93,0
1086,0,377,0
0,0,134,384
1829,341,220,0
2186,637,0,159
0,0,154,464
0,0,575,173
1469,663,0,0
0,552,67,199
2730,1234,0,0
0,0,0,63
0,165,67,0
0,72,0,0
0,93,26,0
680,0,0,0
0,818,359,55
2166,818,0,360
0,0,502,0
1815,568,418,0
0,0,0,373
1406,0,0,228
2014,0,87,222
0,994,0,159
149,59,15,0
0,415,0,0
0,0,49,80
0,250,0,0
0,870,478,0
0,0,194,0
1659,0,0,0
2701,0,0,0
1472,0,0,0
0,37,37,11
597,190,60,0
0,1301,0,0
0,0,545,627
0,1229,481,0
0,860,0,0
0,0,85,0
1744,0,414,0
0,0,0,140
1044,0,286,0
2128,1108,634,161
2865,1292,353,0
0,215,132,0
0,0,268,114
586,0,138,27
0,1269,0,249
527,0,0,0
0,0,852,248
0,1326,0,285
0,1279,156,0
2199,0,193,357
2317,0,0,232
0,1967,287,0
2790,0,686,284
0,0,208,0
0,0,143,273
0,84,0,0
0,0,202,129
1376,588,270,0
1796,0,0,0
0,0,48,0
0,0,686,149
307,119,84,16
0,0,0,113
0,0,0,226
0,601,68,148
236,83,0,0
0,39,11,18
118,0,28,0
562,0,0,24
0,326,223,0
0,188,0,11
0,1827,435,235
0,199,0,30
1058,261,0,0
2742,1560,0,0
0,885,416,0
112,0,7,17
2677,1818,0,0
0,1196,586,356
0,955,0,164
2167,0,116,541
121,0,0,0
1468,0,391,65
2946,1486,633,0
2016,0,0,0
0,0,214,0
979,0,226,46
0,832,0,111
0,0,653,0
0,1091,0,0
0,137,0,0
0,0,161,188
0,0,0,67
1724,0,0,0
2750,0,0,236
1785,922,140,0
1988,0,0,0
0,895,0,0
1482,688,394,63
0,207,0,0
0,442,79,0
2060,1037,0,87
0,0,356,0
0,0,561,146
0,881,248,667
1609,0,196,0
2090,0,155,0
0,682,550,0
118,37,0,9
0,0,629,0
1392,595,0,187
552,0,0,0
1132,505,245,99
174,52,0,13
0,0,226,0
0,0,0,31
0,1396,0,0
0,0,103,0
1124,0,305,0
0,0,133,0
0,222,0,0
0,172,0,35
0,874,0,419
1315,0,104,227
2519,0,559,188
1056,0,0,0
291,150,27,45
2539,0,0,0
0,735,0,100
0,2082,558,0
2789,0,0,0
0,57,0,8
0,713,105,451
0,230,0,76
2817,0,392,187
0,0,0,136
0,335,0,0
0,0,423,0
0,0,0,262
2164,945,0,0
0,1030,182,0
0,142,0,20
0,0,470,0
1433,464,339,54
0,0,0,4
412,117,100,24
0,0,422,64
0,833,152,0
1696,569,0,0
723,145,0,106
194,0,0,0
2257,894,187,0
1372,0,395,0
0,843,473,0
0,1852,608,179
0,196,0,27
412,0,0,0
0,0,12,7
0,747,0,0
0,1561,0,369
0,690,0,0
0,0,0,380
0,225,0,79
187,0,18,29
2991,0,0,743
0,990,364,0
0,0,0,215
0,61,22,10
0,0,137,0
783,377,0,0
0,544,0,0
0,27,15,0
2040,0,0,0
802,0,0,40
0,81,0,14
741,0,0,0
0,0,180,65
1694,918,312,142
2861,0,0,0
550,0,82,23
549,143,0,0
237,49,66,0
821,0,210,33
650,0,0,73
0,312,210,0
0,0,0,37
0,65,51,13
0,250,0,0
1134,0,0,0
0,996,0,0
0,864,168,0
0,57,0,6
0,287,163,67
2671,0,0,0
0,0,0,14
0,1163,0,384
3398,2520,0,142
0,0,58,139
2590,1151,499,183
0,0,0,32
0,0,100,0
0,354,0,0
0,67,29,0
0,875,0,338
0,0,336,0
0,0,88,0
2090,0,0,43
0,123,0,0
0,0,0,11
1204,655,61,0
0,529,0,82
575,0,0,0
1507,0,91,170
0,1440,176,0
0,0,0,202
0,34,0,0
0,780,0,127
899,0,177,89
0,212,0,0
2756,0,0,276
1037,0,229,0
0,308,83,0
369,0,0,0
0,192,80,0
1131,295,348,56
2418,1253,186,555
145,21,0,0
0,0,77,0
1040,0,0,109
3044,0,0,572
1186,0,0,0
0,0,322,71
946,0,0,0
2745,0,0,0
0,323,144,49
2018,483,611,0
0,0,98,0
0,1134,0,0
2214,1183,0,0
2358,0,0,0
0,0,0,146
1740,486,0,149
0,0,1038,0
0,748,0,0
858,0,182,0
2042,848,186,0
0,0,117,0
0,214,0,74
0,940,142,0
1755,0,0,206
0,0,224,0
1274,0,96,0
0,219,0,0
115,0,27,0
0,815,493,126
0,144,0,0
0,375,0,56
1861,456,150,0
0,694,305,218
313,0,0,15
0,0,0,19
0,504,0,52
0,716,0,237
0,1875,0,549
0,1674,0,488
0,357,308,38
0,831,0,0
0,0,264,0
0,132,62,0
0,0,0,58
0,362,90,47
342,0,65,9
145,83,13,16
0,33,0,0
2554,1722,0,0
2048,791,0,0
1202,480,0,67
1811,695,0,0
2722,1206,612,279
0,123,0,0
277,0,0,14
558,178,0,0
0,208,0,0
2982,0,0,458
0,0,150,239
0,1326,293,0
0,184,0,0
683,0,105,106
680,338,0,46
0,0,144,0
1855,1007,246,0
371,0,0,70
466,0,0,66
0,0,0,262
1432,814,0,242
305,0,0,9
0,0,0,186
0,0,0,116
0,0,0,71
0,0,0,169
1554,0,0,77
0,990,0,0
1416,369,0,0
551,0,0,0
0,212,206,44
0,90,86,0
275,0,0,0
0,0,0,315
2099,775,0,0
2496,0,717,154
0,1151,260,280
0,915,0,0
1161,560,213,0
0,1521,197,0
1206,0,0,0
49,0,0,0
1433,369,0,200
0,0,0,112
309,0,0,22
0,542,85,0
382,184,0,13
0,0,238,39
369,0,0,11
0,0,0,263
695,263,58,113
0,261,0,47
1248,0,0,0
494,226,42,0
1610,524,103,290
1447,477,96,0
700,0,44,89
0,0,0,201
2797,0,984,0
1124,0,90,0
1255,0,0,61
0,0,301,0
0,1115,0,0
0,0,216,0
0,1709,0,0
0,83,66,0
140,0,41,0
860,0,228,0
2302,0,616,158
0,237,236,0
775,0,183,0
789,0,69,138
0,0,0,175
0,264,150,153
2022,750,122,0
1844,758,128,373
1309,0,0,0
0,493,0,0
0,1621,501,0
0,64,117,0
0,951,0,0
0,0,683,0
0,0,494,255
0,0,0,48
0,160,0,0
2511,0,353,301
1749,0,0,0
1164,375,0,62
0,156,0,0
0,677,0,89
0,0,177,0
0,105,0,0
0,402,404,0
780,0,0,0
1507,667,0,97
770,0,0,0
2447,1346,456,0
2207,1486,0,195
0,281,240,0
0,0,0,192
458,0,88,37
0,1119,0,0
2602,0,0,0
0,0,0,332
2020,633,225,426
0,346,232,0
1885,0,568,0
0,145,29,0
2586,0,0,0
0,441,0,71
1836,808,0,0
3023,0,0,0
1187,442,0,0
0,942,0,186
505,163,119,0
130,0,0,0
0,123,89,20
0,0,53,0
0,0,0,288
0,504,0,76
182,0,76,0
1706,0,0,0
2803,0,0,0
0,350,0,70
792,0,0,68
0,288,0,0
589,162,122,0
0,0,0,73
0,1370,710,197
2879,0,0,0
1515,0,0,0
2711,1191,0,0
0,66,69,24
0,698,358,0
171,74,0,0
1666,0,0,0
725,207,186,0
2459,0,827,0
0,229,200,61
0,25,33,4
0,0,0,231
416,0,0,29
265,0,0,14
0,63,0,0
2331,0,0,0
1528,532,0,207
0,95,44,0
1607,840,147,0
2076,806,0,0
1074,0,0,0
1002,0,0,187
0,245,0,65
2601,0,0,0
0,101,0,21
0,0,657,0
0,0,138,0
0,1536,0,0
0,912,635,205
0,0,255,0
702,233,154,32
0,0,0,27
0,0,0,97
0,395,149,0
0,1437,0,228
2435,0,155,0
2564,0,0,0
515,225,0,52
0,413,485,46
722,272,84,78
2428,936,0,0
0,0,0,238
0,321,89,0
0,21,0,0
774,0,78,0
321,0,0,0
0,761,0,150
521,0,0,0
3093,0,328,634
0,122,120,0
987,383,375,33
1107,366,242,0
0,0,151,31
395,0,0,19
2474,1598,225,365
0,247,65,0
0,0,0,195
1298,0,0,293
0,15,0,0
527,0,96,32
2251,797,373,199
727,0,69,126
1793,843,0,0
1290,634,208,86
0,798,0,439
0,324,105,30
0,0,343,0
0,0,17,10
0,0,583,0
2170,0,327,0
346,0,0,0
0,0,136,361
0,0,201,64
84,24,11,0
1822,825,236,134
1970,0,399,132
2622,1717,0,211
0,0,0,219
0,0,469,0
1380,663,406,193
1712,0,156,0
1174,646,294,0
0,692,0,129
2600,0,0,0
1734,579,0,130
0,0,796,520
0,0,0,288
472,168,109,17
0,0,50,44
2431,0,332,265
0,602,0,194
785,0,181,29
0,118,0,0
0,324,0,214
0,0,116,0
2962,0,0,0
0,342,86,71
1156,0,271,0
2570,0,532,133
2494,950,205,0
0,0,17,0
0,440,129,0
0,0,56,38
2573,0,0,0
1870,0,156,356
1950,0,0,123
0,739,262,0
23,0,0,0
0,166,82,22
2449,0,0,254
2984,0,0,0
0,896,187,561
0,925,0,0
1174,455,188,0
0,0,101,0
0,969,0,90
1408,628,0,153
0,191,0,0
1034,356,0,0
622,0,88,0
521,0,70,27
1059,0,0,0
0,0,0,11
2870,2167,0,406
0,1727,0,309
2020,572,0,0
1424,664,0,0
2375,0,0,0
0,0,77,0
0,0,0,220
0,681,104,171
0,0,0,748
0,0,0,25
0,1636,338,283
0,469,0,0
0,402,0,0
1577,500,0,0
512,0,0,0
0,592,0,116
0,0,22,62
0,808,96,0
0,0,310,95
176,55,0,14
1721,455,398,0
1893,886,0,374
0,1794,0,0
2073,0,460,195
0,1178,0,0
1487,0,0,81
0,479,252,0
0,619,0,187
2506,801,582,0
0,0,115,0
0,0,0,157
2667,2027,0,0
2086,602,470,0
197,65,0,7
40,3,0,2
324,0,0,7
2864,1422,0,0
0,0,0,51
2007,0,0,0
0,947,117,0
2010,0,0,0
1746,583,0,109
1955,0,0,110
2578,1458,0,0
0,48,18,0
0,0,18,14
2514,1334,0,205
0,0,0,269
0,1195,0,0
2613,0,950,0
469,0,59,47
388,150,27,83
292,100,0,62
0,955,0,205
1425,0,0,0
0,0,610,0
0,0,199,73
0,0,317,0
0,480,0,0
1650,0,178,0
829,311,264,0
2638,0,0,0
0,0,175,95
2160,759,445,192
870,259,233,0
0,697,228,61
0,1520,857,139
0,0,0,251
0,20,10,0
989,0,0,70
0,0,0,252
0,0,266,0
1937,760,127,483
0,0,0,217
0,576,0,0
0,81,51,0
0,0,304,0
2402,1301,0,0
0,0,545,0
0,92,58,20
162,47,0,6
0,393,0,0
0,0,0,192
3082,0,922,0
2693,1720,913,163
0,0,438,246
2497,917,171,457
0,1563,0,0
0,0,0,82
2624,1266,179,377
363,0,61,30
857,430,122,0
1284,0,91,0
897,0,0,0
0,77,0,0
0,240,44,13
2648,1240,688,0
0,0,312,0
0,148,0,0
730,0,0,24
0,0,98,0
0,1588,0,373
0,8,1,1
0,0,306,0
0,0,130,0
0,0,0,76
1893,0,0,0
2734,0,0,0
0,669,395,132
1040,277,227,0
0,644,167,0
612,0,92,55
0,37,0,0
0,668,197,0
0,16,8,1
2123,0,328,187
0,1294,0,214
0,1750,0,0
3003,1274,0,0
0,0,554,215
0,75,13,43
1924,0,194,0
0,0,0,62
1375,472,326,0
258,105,50,0
0,0,0,56
2236,0,275,0
0,1027,175,0
0,1185,0,207
2564,0,268,0
0,149,0,21
0,0,88,34
2401,0,0,0
0,1212,0,138
1404,0,330,0
2347,0,703,155
0,0,300,0
2216,0,656,215
1232,358,134,0
746,287,0,122
81,0,0,6
245,114,0,0
0,385,0,0
2042,1115,0,171
814,195,0,0
1586,544,0,0
860,0,241,0
858,180,87,0
0,218,0,0
0,0,392,0
0,499,0,0
0,0,323,0
1279,548,95,167
0,1739,0,0
2616,0,0,497
0,0,0,243
2258,0,0,369
1063,0,92,160
1288,0,314,62
440,0,0,0
0,0,9,0
2189,702,255,0
2031,0,631,0
0,701,422,0
2722,1861,0,228
0,0,419,83
2101,0,0,191
0,0,0,581
0,0,153,51
972,527,0,0
2392,929,0,0
463,0,0,0
0,0,476,441
0,169,0,0
0,0,385,153
0,0,124,0
0,0,26,10
1787,1044,387,0
0,0,0,26
0,0,238,0
0,0,0,344
2535,1561,414,0
0,1598,0,0
290,0,0,0
0,1597,0,0
1123,0,286,67
2091,1524,0,0
2418,1036,0,0
0,102,0,15
0,0,189,0
1182,476,0,94
2776,0,0,243
0,261,70,0
0,621,207,210
0,241,159,0
0,0,34,0
0,0,190,0
942,0,0,73
2496,0,0,0
0,1201,0,0
2062,0,0,0
1334,0,304,0
0,30,0,0
875,270,221,0
925,0,0,0
0,0,0,22
0,0,428,0
0,875,0,0
2093,0,0,325
0,0,297,155
667,174,184,0
638,166,0,0
0,0,171,0
322,0,0,18
0,0,109,0
0,129,0,15
0,2313,0,481
2449,0,0,0
0,473,206,63
0,76,0,0
611,311,96,59
0,0,86,0
0,0,184,0
0,228,0,0
0,1051,0,613
0,0,566,0
2091,798,647,127
1670,0,557,0
2018,0,0,0
0,0,608,0
2957,0,0,0
1523,0,67,354
1495,633,0,102
3001,1183,0,355
0,0,165,0
0,112,0,0
1061,339,263,27
0,165,0,0
0,1824,0,0
0,0,410,99
0,0,0,816
0,28,0,4
2202,1211,536,159
0,500,0,183
1119,0,166,102
0,1692,0,111
0,1007,0,134
1259,486,0,215
2317,903,0,0
702,0,134,26
1656,532,473,0
0,0,429,0
1617,430,528,0
0,0,457,0
0,567,0,0
0,450,0,0
0,0,546,0
35,4,9,3
0,611,453,0
0,700,0,162
0,0,0,66
0,0,853,224
542,0,0,0
268,52,76,0
1238,0,161,0
0,367,0,0
0,1259,723,0
304,91,60,26
0,1767,427,0
2497,0,0,96
1490,700,0,0
486,253,57,36
2315,0,0,0
0,458,0,0
0,0,70,0
0,173,0,14
0,231,69,0
0,0,0,4
115,0,0,0
52,0,7,3
0,1720,361,0
2059,0,0,0
2458,0,854,130
0,0,556,111
2237,1245,177,363
1819,653,188,0
0,835,0,0
0,950,0,0
2502,1616,228,106
2543,0,0,0
0,440,0,152
2489,0,278,408
1647,676,0,156
713,0,0,0
1127,0,159,0
1385,0,0,381
1575,0,235,0
0,0,557,200
0,0,0,16
1505,631,0,0
3182,1491,0,0
2960,1578,195,608
119,0,0,0
0,0,0,252
0,0,0,61
0,147,0,0
0,765,522,36
1998,0,198,0
0,0,0,135
2005,841,477,324
139,40,6,0
2501,1670,0,339
0,0,235,405
0,707,274,0
2358,0,493,153
0,0,360,251
0,601,0,0
1344,469,0,80
0,0,0,271
0,298,0,0
1132,0,0,0
0,0,0,107
1161,0,123,0
0,45,16,14
0,41,0,0
0,28,0,0
0,0,0,45
258,0,52,0
0,0,492,70
36,0,0,5
1092,494,0,0
2019,0,431,0
273,122,0,0
469,0,0,0
0,706,0,257
0,0,62,0
0,0,177,390
356,0,81,21
2269,0,0,0
2112,1021,610,0
174,0,0,0
2669,1627,694,0
723,0,0,67
0,0,203,0
0,778,0,0
0,0,0,109
0,716,795,96
2241,0,664,84
0,0,119,390
0,412,377,171
1314,0,301,0
199,98,0,0
1086,508,168,0
0,2414,405,0
2474,1340,370,248
1771,0,0,0
1120,499,0,79
0,0,386,0
2764,1410,297,746
704,202,58,121
0,1754,218,0
161,0,0,0
0,239,0,0
2525,1333,668,133
232,92,0,6
0,0,658,139
1910,0,0,90
0,0,206,119
0,58,38,0
0,710,244,193
2150,963,0,0
0,257,57,0
0,0,0,26
2568,0,187,0
332,0,51,24
0,23,0,0
0,1606,0,0
2733,905,0,526
0,191,132,0
345,105,77,0
1069,261,0,0
0,0,419,214
615,315,0,114
402,0,0,76
264,0,60,13
0,0,243,0
0,0,0,907
0,1525,0,0
1574,616,332,217
1828,0,462,95
1519,492,169,126
1609,312,0,76
742,0,0,0
1011,513,207,45
451,0,0,0
0,672,0,0
1180,414,373,46
783,332,191,0
0,0,121,64
0,0,79,53
0,752,534,0
0,0,592,101
1176,620,98,82
1442,0,0,0
2706,1759,872,90
2458,1075,624,215
0,294,0,35
0,681,0,0
2610,0,520,0
0,0,655,193
0,0,38,9
204,65,0,6
0,0,140,0
2397,1448,551,181
0,0,36,23
0,0,0,41
1131,417,0,0
0,1921,409,0
0,0,139,30
2007,0,436,0
126,49,0,7
25,10,7,0
101,39,0,5
0,979,0,0
0,1597,0,137
2567,1305,770,145
0,981,0,0
2626,0,0,0
0,0,396,0
0,1127,0,0
1602,681,308,0
1132,353,0,58
74,0,11,4
0,0,0,198
0,0,0,623
1504,0,116,252
0,153,97,0
2157,0,0,0
0,0,80,0
0,794,251,0
469,216,80,27
2563,0,0,0
0,917,0,0
0,569,0,159
1644,0,0,0
339,259,41,31
408,0,110,0
471,214,81,49
1935,0,0,0
350,0,57,17
2158,1165,0,0
0,0,304,788
531,0,75,28
385,163,70,15
69,0,0,0
1281,0,0,0
2377,1024,0,168
0,1204,0,0
432,179,0,0
0,0,290,43
1675,0,420,84
1754,696,0,193
0,1192,0,0
2626,1622,348,0
1324,0,201,0
650,0,0,0
0,1097,0,55
1651,674,313,0
1217,456,0,0
0,256,0,139
2791,1962,0,187
202,0,60,16
432,184,48,0
156,27,28,8
2023,0,220,0
0,227,69,115
658,217,0,0
0,616,0,337
0,0,0,21
1172,280,0,20
107,35,0,23
0,875,181,0
0,173,44,53
0,531,159,0
195,0,29,0
0,0,0,161
1126,0,272,0
0,0,986,0
2284,0,0,0
0,1549,0,174
573,0,0,0
0,0,0,111
0,17,0,0
0,0,704,0
1749,0,0,0
0,1448,0,0
2441,0,0,203
711,359,0,45
2499,1053,0,400
0,503,0,74
0,363,0,54
2182,768,252,0
0,1116,432,102
1822,0,0,0
0,1564,994,331
0,381,0,124
0,0,246,0
2230,0,0,0
895,329,0,0
0,988,0,0
3005,2076,682,566
0,0,36,13
2758,0,0,266
163,80,33,0
219,138,53,16
0,0,350,47
0,176,116,17
0,0,0,12
83,0,19,5
0,258,214,24
0,138,58,19
0,528,499,83
2724,1720,589,0
0,0,445,96
0,0,560,56
2624,1061,215,0
0,0,15,0
1322,0,108,210
0,0,0,373
732,0,0,0
1056,423,0,0
0,0,0,70
0,271,225,52
924,520,83,79
0,0,332,0
0,0,647,0
2646,1867,0,364
0,0,0,2
1682,0,169,0
122,0,31,6
2439,0,167,352
0,0,265,0
2505,0,697,105
0,168,60,0
0,0,0,92
0,2041,0,238
0,0,57,0
48,7,16,3
0,0,0,4
0,1005,0,191
0,0,0,185
0,1356,0,0
0,0,117,0
0,0,148,61
861,0,146,60
2549,0,334,473
0,116,19,30
1104,0,0,0
2272,1179,630,0
0,349,110,0
456,0,0,0
0,0,199,609
0,0,392,0
1174,0,170,100
256,0,0,13
0,805,175,0
0,738,166,439
1497,0,237,0
0,1059,0,0
0,846,0,0
479,0,0,73
0,923,0,0
845,0,173,0
0,0,0,40
0,1062,261,0
0,1516,353,251
0,0,33,0
234,74,43,0
2345,0,0,0
0,0,257,0
858,323,0,73
0,0,0,7
744,286,0,66
0,319,455,0
3281,0,0,0
0,0,194,53
2088,1009,496,194
0,582,214,103
31,0,9,0
745,0,0,27
1658,0,0,0
1684,463,0,31
2854,1263,0,151
0,1552,729,654
2265,1218,0,0
0,0,125,0
1120,0,0,0
1278,384,0,0
2763,0,0,298
0,83,39,45
146,22,0,9
286,0,41,35
532,0,47,100
0,809,435,0
0,0,184,0
0,1033,0,0
0,0,0,434
279,80,58,23
3031,1890,705,207
1284,0,183,0
0,0,0,198
942,0,0,0
0,373,331,0
0,482,0,335
0,509,103,38
992,460,0,121
1234,0,0,250
0,232,95,0
2569,0,0,233
0,0,83,4
811,0,133,0
0,0,1074,296
2760,1755,0,220
1798,0,0,0
2687,0,0,0
0,0,0,144
167,0,24,0
0,0,337,715
0,0,117,0
1514,446,0,63
1421,705,465,0
0,1029,0,0
963,404,173,106
2590,0,299,0
2697,0,424,421
0,0,307,89
0,500,332,0
468,189,0,0
669,0,0,39
1326,672,372,0
0,0,380,0
0,0,286,0
0,0,0,102
950,0,137,0
0,448,0,0
1658,0,182,0
2374,707,917,95
233,0,0,0
0,648,0,0
44,21,0,0
0,0,175,0
3013,0,0,0
0,0,31,0
0,912,687,0
1210,0,0,0
0,0,136,28
2956,0,0,201
1446,580,108,259
0,0,51,0
2159,0,475,0
0,0,85,0
0,0,0,166
0,0,0,102
1003,378,197,60
0,0,0,220
0,0,180,43
0,10,0,2
0,0,27,0
817,0,146,0
2020,0,0,0
0,0,31,0
0,0,0,16
532,0,60,167
0,624,194,0
0,373,0,24
2969,0,0,261
454,139,107,6
2976,0,1023,0
481,0,0,0
0,1101,543,0
2714,1168,0,0
1612,680,156,0
2049,0,0,0
0,1551,367,261
138,0,0,0
1482,0,113,0
72,13,8,7
2308,1165,478,0
0,0,223,0
0,0,434,278
197,59,0,0
0,0,0,79
1350,0,303,112
0,416,0,108
85,34,13,0
298,0,0,0
2171,0,0,0
1882,730,167,222
0,0,0,35
0,1325,246,0
0,393,0,0
1136,0,275,0
0,423,0,0
1432,0,126,0
0,968,551,0
0,0,44,13
0,197,0,0
312,0,0,0
2660,0,938,0
0,143,27,0
204,0,0,0
1483,705,289,0
408,0,93,0
1676,0,384,0
2680,1674,490,212
2871,1086,253,0
1498,593,0,0
0,0,173,0
841,296,0,0
0,153,81,0
0,484,0,0
0,447,0,235
0,0,218,65
0,0,38,0
359,51,0,14
0,0,0,289
0,286,0,30
1148,0,0,56
2328,0,527,0
258,87,0,0
1128,299,0,0
2144,1380,0,0
0,537,102,0
39,12,3,0
655,0,0,0
0,0,0,66
0,105,25,0
74,0,0,0
0,170,0,23
0,0,0,92
1377,673,0,0
399,0,0,15
2546,1653,0,125
0,458,335,53
0,0,0,10
0,0,364,568
0,1155,296,0
0,381,0,0
0,774,0,0
682,374,44,0
1807,0,0,72
0,101,0,0
521,0,0,12
0,0,0,139
0,792,0,84
1827,622,447,0
807,224,250,44
2636,937,0,93
0,395,323,0
3032,0,246,634
0,879,0,0
1436,0,97,218
0,183,49,0
81,0,10,12
145,0,0,29
0,0,0,26
2188,0,0,188
2592,0,517,99
462,232,0,44
1279,436,149,0
0,211,0,30
0,0,0,395
1557,634,0,354
252,49,23,41
0,1114,0,868
0,157,0,0
0,0,240,598
0,0,121,0
0,732,0,437
0,380,0,193
0,352,0,0
0,334,0,0
1313,197,325,59
0,51,0,0
0,0,0,485
0,1188,280,192
86,0,0,2
977,205,0,45
0,46,0,0
0,0,333,19
1050,359,231,50
0,1110,0,199
2150,0,0,0
3061,1546,0,0
2135,819,504,71
0,0,51,14
1812,461,0,0
2022,1034,0,0
0,0,159,392
2655,1641,0,237
3198,0,0,199
0,0,884,0
0,0,51,55
136,0,0,14
706,0,66,138
0,0,144,0
1513,0,323,92
1003,0,128,71
0,524,0,58
0,0,0,171
0,0,31,0
0,0,338,702
0,0,0,23
0,261,0,228
0,196,75,0
1501,0,0,68
0,0,221,0
0,603,180,204
50,0,0,6
34,0,0,5
0,112,0,48
0,437,213,0
0,0,96,47
0,0,222,49
336,0,82,0
0,43,73,16
1589,773,159,0
0,0,0,53
0,569,0,78
0,0,0,2
0,1014,0,248
0,1805,959,163
0,0,0,49
1888,640,104,303
0,0,601,118
1793,0,0,106
0,606,83,73
0,0,230,66
0,625,298,0
0,0,0,831
0,0,375,523
0,0,369,185
0,1279,0,480
0,0,268,0
1779,1002,437,0
0,393,125,0
0,0,162,0
168,62,0,3
1765,336,0,0
2003,701,0,113
705,303,0,37
883,0,0,56
0,162,47,26
2166,0,0,106
447,138,81,0
0,0,0,141
760,223,66,0
499,0,0,0
1549,841,247,155
1044,260,72,0
0,250,0,0
2692,0,0,0
0,1204,0,1128
2653,1574,0,0
2927,1577,278,678
0,550,0,0
2007,925,0,66
593,0,0,0
0,147,0,0
1055,0,0,0
0,0,0,107
0,1268,0,0
259,89,55,0
0,47,0,0
522,0,0,0
99,0,0,0
0,410,0,0
0,747,0,71
0,0,49,0
0,121,117,36
0,0,28,1
0,310,0,0
0,0,75,6
174,57,55,0
0,633,118,0
1347,490,0,337
0,48,24,0
0,0,281,50
0,0,242,24
0,0,31,59
0,218,0,49
1221,407,321,0
2948,2397,502,0
0,1279,0,0
0,748,469,98
0,0,444,232
2091,0,0,0
420,0,0,69
0,823,170,0
0,0,187,0
0,400,57,174
0,352,51,0
2655,0,374,289
0,243,75,0
58,30,13,0
0,137,146,19
0,1424,0,490
2597,0,0,0
1529,953,235,189
1068,0,151,89
1028,567,101,0
868,0,0,0
1082,0,0,0
1642,500,0,391
0,2037,0,0
1672,779,140,0
0,0,197,0
0,0,0,77
556,0,115,20
0,0,152,57
0,116,0,0
108,37,0,9
0,0,44,12
0,0,273,288
0,423,165,620
1769,314,462,0
438,0,0,0
0,0,106,36
0,498,0,0
0,200,135,22
0,0,94,0
0,0,0,41
365,0,44,26
274,92,29,21
0,0,0,33
140,0,0,0
0,388,130,0
1488,0,274,0
0,966,0,90
2077,822,572,75
3002,0,684,231
0,1267,0,0
0,0,0,77
703,295,0,17
1425,534,0,225
0,0,234,0
0,0,107,0
0,0,59,84
0,0,0,43
1864,520,0,78
1483,0,315,0
1096,0,0,0
2824,0,0,0
1395,497,0,0
0,185,0,31
0,481,0,0
0,2123,0,0
0,185,157,0
2408,1186,172,390
0,33,60,0
1459,0,0,123
1254,555,231,0
2349,0,262,0
0,2253,342,164
0,2175,0,0
0,100,0,0
2552,0,310,494
0,1162,0,0
313,152,0,0
337,0,19,67
0,187,0,0
2661,0,328,0
1499,454,156,0
84,25,23,0
0,0,0,52
0,0,0,138
0,105,0,34
1193,0,163,79
0,0,0,117
200,0,35,0
2510,0,0,0
1277,0,0,0
0,0,402,96
491,172,0,41
0,1135,0,0
2968,0,0,0
2577,1196,225,0
0,856,376,160
0,0,0,71
0,0,84,138
1419,0,0,0
0,42,22,0
2220,844,189,405
0,0,132,0
2477,1219,341,0
291,68,0,73
2309,0,0,472
0,0,607,988
2073,0,255,0
196,76,0,17
0,12,8,0
0,64,20,13
0,0,140,0
0,26,0,7
3255,0,0,650
1341,484,0,102
331,0,0,0
729,0,0,29
0,0,53,0
1411,484,0,67
913,0,241,0
498,171,0,32
1531,345,0,0
0,179,53,127
0,319,0,0
0,734,0,0
0,136,0,15
0,0,0,218
1806,0,545,54
0,0,32,0
0,0,0,66
738,269,142,49
0,323,0,0
0,1651,179,0
0,0,853,219
0,0,261,54
2385,0,0,134
2027,0,189,0
0,0,637,172
0,0,388,0
353,0,50,0
0,0,47,20
690,165,0,36
1594,0,0,188
2096,1074,397,0
0,95,0,0
0,1259,0,159
0,0,32,0
0,89,18,0
258,0,0,14
0,1450,0,0
0,0,1105,149
0,141,58,0
0,0,74,0
0,0,0,11
2860,1171,688,0
0,0,132,18
3012,0,516,289
0,671,0,81
0,1317,0,0
0,0,445,256
835,0,206,0
0,1431,367,0
0,981,0,174
2728,1414,226,631
2233,832,0,159
1308,0,0,49
0,134,43,0
0,1032,286,525
0,417,0,0
0,0,0,393
416,212,75,32
0,0,0,99
583,0,0,19
0,23,0,0
0,0,56,0
0,226,0,0
0,0,0,75
0,393,0,0
1918,0,0,0
1005,0,0,0
0,0,0,55
0,551,0,99
944,357,232,22
0,703,0,0
1157,482,179,107
2587,1068,623,289
600,289,0,60
0,279,86,68
3145,0,226,621
1597,803,330,140
2041,956,0,0
2613,0,0,429
244,0,0,16
0,709,87,137
0,328,0,17
368,0,0,43
1569,0,263,0
2273,0,572,0
0,1059,718,0
1276,0,392,44
0,127,0,15
0,0,117,238
2434,0,0,0
0,0,0,53
2302,0,267,224
1824,0,0,0
0,0,209,40
617,219,0,0
934,499,71,69
0,0,35,0
0,0,0,27
1703,656,0,335
1065,411,0,226
0,300,0,0
0,34,0,0
436,158,0,17
0,0,70,17
0,0,134,19
0,168,129,17
2997,0,553,0
584,289,148,7
0,1161,0,274
2470,0,0,0
0,0,396,88
0,0,477,0
0,0,0,356
0,0,0,53
0,175,50,36
114,34,20,0
0,0,0,70
1303,0,179,103
1120,291,80,111
704,0,0,0
1450,386,271,113
2259,0,194,206
2960,1657,0,0
0,297,74,123
0,0,374,0
746,0,138,23
0,0,0,124
0,926,295,143
2788,0,0,0
1291,452,0,199
1095,0,89,0
0,782,0,205
0,118,0,4
0,338,0,0
0,0,0,562
481,0,99,0
0,0,280,0
0,0,276,0
0,284,118,96
0,0,0,13
1339,545,0,0
1397,512,373,47
128,0,0,0
562,0,146,0
0,23,0,10
0,798,0,0
3164,0,451,213
0,335,0,53
0,0,0,66
0,761,0,97
719,358,193,54
0,0,240,453
1766,545,167,0
0,0,73,0
492,0,0,27
99,49,0,0
977,0,0,0
0,0,265,385
0,0,227,215
1176,301,339,44
0,74,10,0
0,0,93,0
2821,1818,677,219
0,662,0,80
1438,0,0,0
1292,470,0,242
0,130,81,0
1635,1207,0,0
2865,1162,0,0
1611,0,0,0
2470,0,206,0
92,22,15,3
0,418,0,217
2683,0,0,432
2462,1327,0,0
1356,350,0,39
672,0,0,0
0,114,138,43
2032,0,0,154
0,1293,0,0
0,1433,0,0
2876,1176,0,610
2630,1000,0,0
0,0,385,85
0,574,0,0
871,304,0,0
0,0,599,99
0,143,0,0
0,0,0,91
0,0,687,0
1529,575,195,442
0,208,0,0
0,0,0,131
2753,0,0,227
466,101,131,0
0,15,14,0
927,0,0,182
0,60,0,12
559,0,51,80
0,361,0,0
1026,0,282,22
1605,500,207,186
0,1162,310,0
3007,1473,0,609
0,0,0,49
93,0,10,1
50,14,0,0
0,376,0,22
1055,407,0,0
2551,1251,0,151
2278,0,0,0
0,0,108,0
892,0,0,0
0,0,269,0
0,140,0,162
0,531,0,0
1811,1080,246,107
0,54,0,64
0,256,0,0
0,0,565,0
0,525,346,0
0,0,218,0
1664,520,0,248
0,0,253,88
0,230,377,76
977,198,0,23
0,113,71,21
2675,0,0,0
0,334,361,0
0,258,0,21
0,331,192,19
127,32,27,0
0,516,319,80
0,210,110,62
0,686,402,0
938,0,90,0
3122,2540,911,226
2269,0,0,0
1695,0,0,121
0,433,0,0
1118,340,141,146
62,26,0,0
65,22,0,0
0,0,42,45
0,0,0,377
0,1471,447,0
280,0,0,16
2722,0,0,172
0,0,0,7
0,0,295,0
0,0,0,82
0,146,0,0
2830,0,0,0
751,244,0,135
0,0,0,35
543,0,0,0
2065,1011,516,161
0,1032,0,0
0,0,26,5
0,1128,0,160
0,0,727,146
3124,0,0,234
0,0,16,0
0,1243,0,0
0,72,30,10
1283,460,0,137
0,0,119,335
2668,0,572,0
0,1351,0,0
1904,0,0,0
0,0,0,28
0,908,0,101
85,0,0,0
0,0,143,0
0,0,0,138
2799,0,360,223
0,0,0,147
0,0,559,445
3002,0,983,0
2377,719,792,0
412,0,120,20
1061,486,112,0
112,0,29,0
0,0,131,0
0,0,0,43
0,273,55,177
0,0,84,28
182,0,39,0
0,510,230,0
0,1197,0,274
0,0,0,78
587,0,0,0
0,47,19,1
1557,0,0,56
2213,1072,0,145
496,0,0,0
0,0,0,92
0,0,69,103
0,1645,524,0
2421,0,0,445
674,0,0,142
1644,0,0,0
0,1271,0,0
2915,1345,206,0
2140,0,0,0
0,758,589,0
114,0,0,0
2126,0,630,0
1883,0,0,43
592,123,133,0
2947,1401,0,261
2937,0,0,0
0,0,322,224
0,308,0,0
0,160,0,54
459,214,0,18
259,0,36,0
0,0,0,354
937,0,0,0
2883,0,714,652
1595,0,0,49
0,0,0,4
0,0,198,41
378,0,0,0
0,0,728,0
0,0,52,114
0,371,0,0
0,0,0,330
0,1381,663,168
632,0,136,84
329,156,0,0
102,0,23,0
743,320,0,0
0,0,645,0
1325,0,0,0
0,788,0,0
0,383,0,0
2006,0,0,0
0,0,117,45
0,151,0,0
247,0,0,0
659,0,0,12
0,990,0,106
0,1198,367,115
1731,0,0,301
266,0,0,0
52,19,9,4
750,418,0,111
0,1078,0,217
0,339,0,62
0,243,0,47
562,272,131,0
1337,0,469,0
334,0,0,0
0,1164,509,431
0,0,0,26
0,0,0,669
0,250,0,0
1912,942,0,131
0,627,0,0
0,0,182,344
0,390,337,0
781,272,190,0
1928,0,0,107
2141,0,0,0
0,0,100,0
0,144,96,0
2527,0,0,0
0,37,0,0
1459,0,0,0
0,0,0,69
730,519,0,35
0,1511,0,194
0,592,173,435
0,0,18,2
320,0,79,0
2602,0,0,0
0,0,112,0
519,115,55,107
1121,0,326,0
0,1472,0,0
0,0,33,4
0,0,0,253
0,431,118,0
996,0,0,0
0,819,0,0
2562,0,0,624
0,0,0,89
0,0,187,0
0,0,128,0
0,576,201,0
2000,955,0,0
3044,1301,456,238
624,406,0,31
0,791,0,0
0,0,0,177
1748,763,0,105
0,255,68,38
0,0,0,38
1165,475,0,0
1661,697,0,0
0,177,84,0
226,83,0,0
0,0,267,256
0,0,0,317
949,0,127,223
0,650,379,0
0,425,0,0
1944,0,263,0
2644,0,598,105
0,0,364,78
606,0,102,0
0,79,0,0
2105,590,209,0
2641,1000,659,178
0,793,137,0
0,0,313,52
0,0,0,52
0,430,90,37
1178,0,356,0
1023,0,0,43
811,0,0,0
3110,0,310,299
464,225,63,35
0,390,383,0
0,64,0,0
0,0,0,3
0,0,0,24
0,0,0,32
0,320,0,0
0,79,0,0
742,0,56,153
0,0,0,142
2085,0,271,111
0,1151,0,0
2772,0,271,0
2390,0,0,0
0,2580,0,0
2359,0,0,227
473,0,100,0
0,0,319,0
0,0,0,65
0,395,0,59
0,0,0,21
1931,313,0,0
0,904,737,157
1383,0,578,0
1152,311,303,27
0,94,0,18
744,0,0,0
265,0,30,34
99,0,7,7
86,0,15,12
0,0,0,56
0,1478,0,201
0,0,221,64
0,0,112,72
1552,0,483,0
0,0,217,75
2514,734,0,0
0,0,0,18
0,711,621,0
2281,1051,0,0
2466,0,206,143
3302,0,967,270
1912,0,667,0
0,0,0,196
0,523,0,0
0,0,238,0
0,0,0,32
0,0,557,187
2067,0,480,126
1434,338,251,371
0,0,0,16
540,0,141,0
0,0,0,104
1207,0,0,0
3315,0,0,0
825,0,0,0
0,0,18,0
2927,0,0,0
2477,1371,0,188
0,0,17,0
800,0,0,88
1181,0,118,90
85,40,0,0
2441,0,856,0
1971,0,91,297
444,166,66,16
0,0,0,528
587,0,0,0
0,0,417,0
0,623,110,0
0,0,0,66
2167,1598,0,0
1327,1037,0,96
840,561,0,0
1165,366,341,45
3014,0,0,511
64,35,14,2
0,1381,0,649
0,528,0,0
0,0,45,0
773,243,65,81
1011,319,145,53
0,0,266,64
0,902,0,0
0,0,0,238
2586,1197,253,340
0,0,0,135
2598,1098,459,444
3095,2101,0,208
0,544,0,70
0,0,111,0
43,0,9,1
0,0,45,9
398,0,0,0
2632,0,0,301
2630,0,246,0
0,1284,235,134
0,1050,709,0
0,0,134,0
2772,0,0,0
1940,0,441,0
2978,0,0,0
2703,0,608,134
0,1380,0,554
0,218,56,0
0,1044,389,169
70,0,19,3
0,831,0,0
2099,572,641,25
0,102,55,0
1498,815,181,82
108,0,0,0
0,776,160,446
1481,499,0,111
0,288,228,0
0,1435,846,0
2066,0,0,0
0,0,0,111
1683,0,0,97
0,0,55,0
1178,399,349,0
0,406,0,0
0,0,51,4
0,0,7,15
0,0,0,417
824,294,0,0
0,0,504,0
0,279,180,0
0,0,0,275
2582,0,0,97
1832,0,0,0
1293,0,0,0
0,0,0,16
0,411,0,0
1706,813,0,0
354,171,0,46
0,0,98,0
0,1051,0,0
0,0,0,25
355,74,33,0
0,539,0,0
0,432,0,94
0,0,13,15
125,53,0,0
0,1330,361,0
0,1670,356,275
0,54,45,0
1538,837,0,192
0,0,252,0
2795,0,310,594
0,784,0,0
1350,589,0,0
0,0,941,0
0,450,127,203
0,0,300,302
0,498,233,0
843,0,142,0
0,0,420,0
0,524,161,0
0,0,0,78
0,619,81,0
92,0,16,4
0,114,63,0
1941,879,513,0
0,193,0,0
2790,730,0,0
1267,0,222,22
1721,758,245,163
2179,0,0,186
0,740,0,0
0,417,99,205
0,363,79,0
0,0,476,81
0,0,0,59
401,0,56,0
0,0,52,23
121,0,28,0
0,0,223,0
0,762,0,123
2441,1307,0,229
1867,881,0,63
0,1154,549,0
0,462,152,0
567,0,0,0
0,260,54,0
381,0,0,0
1420,287,0,294
0,0,0,33
0,0,403,0
741,0,78,0
0,114,0,0
2149,0,0,102
2643,1566,760,0
0,457,0,0
0,0,0,567
0,405,0,0
1075,0,0,0
994,0,0,0
0,0,0,172
2222,0,0,0
0,0,491,0
1840,0,211,0
0,776,307,0
1677,0,0,174
0,1272,0,0
103,0,24,0
0,0,0,190
0,886,168,143
3150,1970,0,0
0,82,61,6
0,346,0,0
0,726,0,266
140,46,0,0
0,1108,286,0
0,0,190,0
612,306,0,16
0,1042,0,0
0,0,105,0
0,0,402,0
0,0,65,0
2388,0,0,0
394,0,0,0
984,0,185,36
3332,1893,310,807
2252,1152,170,0
421,0,0,0
566,0,99,27
0,255,85,0
0,291,102,0
580,276,94,0
0,426,275,0
555,238,0,54
0,743,0,102
2261,0,0,0
0,0,0,194
2461,916,305,0
0,0,0,1
0,0,80,266
772,251,45,0
0,0,0,158
0,0,0,292
1350,0,182,0
0,86,317,0
3102,2404,0,489
1808,994,665,0
0,112,0,0
0,88,49,12
0,0,0,44
0,0,0,32
0,66,0,0
1489,0,0,132
0,37,0,17
0,0,35,0
0,231,63,0
0,0,161,107
293,102,0,0
0,224,85,0
2304,805,0,168
0,0,0,274
255,0,0,0
215,90,0,32
892,338,0,0
0,780,330,82
1652,0,252,359
3120,0,318,0
1714,0,453,84
0,825,473,0
313,0,33,0
782,0,0,48
0,0,494,197
3346,2074,450,286
0,203,0,92
2716,0,0,156
2880,0,0,0
505,160,0,0
2009,929,0,125
0,108,74,7
279,0,30,20
0,0,639,188
0,0,0,140
353,0,0,0
1007,350,312,80
2332,1041,0,0
437,0,0,0
66,0,0,0
371,0,0,64
2483,0,0,0
2923,0,0,0
169,0,0,0
0,0,258,252
65,0,0,4
0,0,233,0
1917,613,0,62
0,0,630,572
0,613,536,0
26,7,0,3
0,0,255,477
759,0,0,142
136,0,0,0
190,74,24,0
136,0,0,5
381,90,106,0
0,145,0,26
1968,0,393,107
1159,555,0,151
3007,1765,0,184
2922,1350,301,685
0,0,19,0
1118,0,0,39
0,0,219,446
697,0,171,0
0,0,124,0
0,684,0,116
0,0,0,4
81,0,0,11
400,0,0,0
0,1380,770,312
0,1218,0,0
0,0,934,0
226,0,0,0
1399,473,415,0
0,175,69,89
0,320,135,0
0,0,301,56
0,671,0,0
0,0,0,99
877,310,0,57
0,0,28,83
0,405,435,53
2118,1139,191,276
0,0,0,120
0,0,270,0
0,246,0,91
1602,0,0,0
2918,0,0,0
91,0,19,8
76,0,18,0
3070,0,0,0
0,0,0,106
0,0,90,177
0,0,0,12
1687,601,512,0
1516,662,265,250
2724,1231,0,0
2540,0,257,281
209,0,21,34
0,204,81,0
0,0,0,166
2040,0,454,94
0,0,0,196
646,0,0,12
0,0,282,647
2623,1474,0,0
2962,0,1258,0
2127,0,269,247
1160,0,0,0
0,0,0,152
0,0,37,0
1152,0,0,17
2710,1553,0,344
0,0,0,5
0,58,0,5
2499,0,240,526
1164,0,0,0
1056,0,152,105
2163,0,0,260
1753,809,420,0
0,21,14,3
0,0,0,449
1129,411,0,0
0,384,150,0
0,0,79,6
0,0,0,61
0,541,107,151
497,0,0,54
754,0,209,0
0,0,96,0
0,0,392,0
0,580,0,157
642,161,0,72
2833,808,298,711
855,0,0,18
1578,590,196,0
1761,618,0,0
0,717,556,0
0,0,179,302
0,0,0,6
0,0,0,196
0,0,232,51
1726,567,212,196
0,0,222,110
1551,0,332,0
0,0,388,0
262,0,0,5
1211,0,0,35
1723,892,0,101
0,0,88,116
0,0,0,107
0,362,194,64
332,142,0,53
0,0,0,276
0,855,0,0
422,0,0,65
0,156,0,0
0,0,0,173
104,33,19,3
0,0,2,0
0,1227,0,0
0,701,216,0
0,0,0,312
2264,0,0,69
815,0,56,83
2462,955,0,68
0,0,0,339
240,0,0,0
0,1050,0,232
0,0,29,0
1398,245,0,16
0,0,0,308
0,0,0,60
78,21,0,4
0,177,0,17
2729,0,382,214
1134,0,121,120
1757,708,0,0
2731,1366,312,107
0,1205,0,0
31,0,6,1
0,0,169,224
298,125,83,21
1082,453,159,113
0,0,108,0
1248,648,320,0
0,0,472,0
0,0,0,77
777,0,139,0
251,0,0,0
1508,650,190,0
1624,0,139,0
996,0,0,0
1025,0,0,0
2819,1051,0,0
329,93,0,0
127,0,0,5
2795,0,0,306
0,51,0,17
0,0,0,24
0,0,263,699
2108,1126,0,334
2970,1443,0,360
0,0,137,0
719,0,55,0
1800,605,0,61
0,240,68,66
2860,0,0,0
0,0,0,191
0,439,212,67
260,0,60,0
0,690,143,317
0,610,140,328
0,131,39,35
3117,1181,0,0
0,0,0,561
356,157,48,0
1206,88,0,0
0,44,0,3
0,686,406,0
0,0,76,18
640,89,193,0
0,0,0,145
1975,0,427,140
1362,513,279,0
0,1472,0,0
1933,687,419,127
0,386,0,0
630,0,0,46
0,331,102,52
1766,0,276,127
0,0,568,182
0,0,35,0
267,142,48,15
0,0,122,0
0,358,0,0
3199,1388,0,311
104,0,46,0
0,521,97,0
2482,831,0,170
0,231,0,0
0,982,0,0
0,341,0,0
1536,0,0,68
0,0,489,0
0,762,0,0
2439,0,0,0
0,546,306,384
0,0,275,0
0,0,0,111
1402,0,0,0
2437,1138,0,0
0,0,0,10
0,23,0,0
0,0,37,57
0,0,1122,152
0,565,0,126
0,8,0,0
0,2140,1068,291
990,0,0,157
1201,0,264,0
0,158,0,0
0,994,740,0
154,84,24,18
0,0,0,399
998,0,0,0
2351,0,0,156
1589,673,0,128
762,363,0,28
0,1309,0,343
0,1564,0,0
0,0,17,0
0,32,43,0
737,281,173,0
0,79,31,0
859,262,0,0
781,168,0,52
240,97,0,0
283,71,0,0
0,0,70,24
0,0,386,0
3082,1554,424,0
2396,0,267,573
0,0,0,221
0,599,0,0
2006,0,269,263
941,0,0,0
0,1570,0,182
0,1916,0,301
0,0,3,3
0,468,0,0
2087,0,0,95
1636,706,0,0
120,24,0,6
1189,454,0,0
1124,322,249,0
166,0,36,5
0,0,8,0
2456,0,846,100
0,0,83,0
0,191,205,0
1603,498,0,0
0,0,495,0
0,0,290,0
1266,0,0,0
1524,634,0,0
2422,1065,0,0
0,639,0,0
1610,0,0,0
0,0,80,0
280,104,62,8
0,1182,271,295
0,0,204,0
0,347,0,0
76,0,19,3
35,22,8,0
2863,0,237,987
0,1069,337,559
730,237,0,0
2357,923,589,181
0,1235,273,0
0,1263,0,0
1838,0,0,91
0,0,71,0
1479,528,0,0
0,0,0,54
2654,0,0,0
2335,1000,0,0
995,0,91,0
0,0,0,81
0,2121,0,227
0,0,0,2
2079,0,0,183
0,678,0,0
242,0,0,23
571,0,0,0
0,0,415,152
0,34,44,0
2722,0,0,0
1369,422,0,0
340,0,0,0
0,0,0,183
165,0,0,5
598,155,0,0
0,68,14,0
1477,655,0,0
0,43,9,3
2359,1221,0,0
0,64,46,3
0,0,116,104
1555,0,131,0
1318,602,308,0
0,491,0,51
0,0,0,784
0,0,0,294
356,0,0,17
176,44,0,0
1994,628,189,0
2770,0,170,0
0,727,0,194
0,85,0,13
0,0,394,0
0,72,69,0
1297,0,215,54
2560,1105,0,163
2298,0,727,296
0,0,0,424
0,0,146,0
814,338,0,0
0,0,0,76
2915,0,424,789
0,198,0,0
2746,835,313,0
116,0,18,1
0,0,0,88
0,320,0,102
0,0,0,47
0,606,159,277
247,19,56,8
2094,0,0,0
0,282,125,0
0,0,102,149
0,1192,300,347
1921,0,447,0
1950,0,493,93
0,106,0,0
767,244,0,0
0,371,136,39
1321,0,0,0
1708,378,444,0
2253,0,519,86
0,0,0,82
0,157,0,0
0,0,126,0
0,0,0,57
0,0,0,192
0,0,186,11
0,893,0,0
2025,0,0,0
974,0,271,0
391,0,100,15
1515,672,0,136
0,0,0,262
0,0,139,0
378,163,89,28
201,70,50,6
0,0,0,4
201,0,56,0
2149,659,0,0
0,0,56,0
177,65,0,6
0,0,31,77
0,1335,0,221
0,848,508,149
0,0,505,0
374,0,0,22
2292,771,718,0
0,966,310,138
0,0,0,320
1507,0,0,0
2685,0,851,0
0,0,0,31
0,1303,445,0
2591,0,0,0
1149,410,0,0
44,6,0,4
2322,953,0,0
107,43,0,8
0,210,0,22
2147,0,0,0
2590,1170,255,80
923,0,153,0
0,0,242,0
419,0,0,38
2972,0,885,179
1053,358,123,0
737,0,0,101
2096,0,0,217
1644,592,0,0
0,22,0,5
1199,521,0,32
128,0,12,13
0,0,351,0
2570,0,769,0
0,0,0,24
0,0,0,62
2825,1204,0,137
0,73,0,0
332,0,34,0
131,0,33,0
0,301,0,34
2204,791,0,0
1311,0,0,0
2856,1508,460,0
247,70,59,0
0,353,0,37
0,0,0,36
1447,603,0,46
428,0,95,32
0,0,279,0
1994,0,212,0
0,0,120,100
2172,843,0,390
0,80,17,27
2711,0,0,678
2332,890,0,433
280,117,0,0
0,0,82,0
2449,0,0,0
0,91,235,0
0,1431,851,207
0,14,0,0
0,709,0,0
0,33,10,2
884,247,233,19
1053,0,241,58
0,172,0,0
0,213,0,0
309,34,0,4
1438,595,0,197
0,173,0,35
0,814,0,252
0,0,0,307
248,0,0,14
0,0,0,51
0,0,128,0
0,0,0,39
1947,0,0,0
0,109,0,0
0,0,0,15
0,0,22,11
48,0,8,6
0,270,150,62
2201,0,495,170
0,528,0,0
0,0,0,46
513,204,0,63
1762,681,0,96
126,36,0,11
0,59,0,5
3207,0,0,275
0,0,199,0
0,808,0,66
0,2063,0,328
618,0,226,0
1595,0,0,176
0,0,0,10
0,928,400,0
0,0,0,327
0,1574,0,0
0,1381,0,0
0,96,0,15
0,1287,610,0
2324,1040,345,0
0,0,261,546
650,304,192,0
2853,986,971,127
1697,832,180,0
1268,598,122,0
0,979,500,0
3277,2184,0,0
540,0,0,0
1987,866,542,82
0,0,126,34
432,0,0,0
0,719,404,0
0,0,253,0
92,0,0,1
1524,0,0,0
1052,0,353,0
0,0,215,0
1035,400,0,0
0,164,0,32
155,58,0,11
1344,0,220,0
2999,1708,434,184
0,0,110,237
2415,1313,315,0
499,143,0,100
0,1647,0,0
0,2383,855,381
2989,0,1367,0
384,76,0,0
1255,0,0,49
1357,547,0,61
0,0,0,54
0,0,0,275
1197,696,0,0
0,0,218,0
623,285,118,0
2037,0,350,0
2702,1129,562,305
0,815,0,503
0,473,0,0
0,906,0,0
0,0,84,0
316,0,0,4
0,645,0,0
349,0,0,0
63,0,0,0
286,0,0,19
1930,673,0,0
2210,0,0,0
0,0,401,385
0,1120,185,0
0,1023,349,199
2969,1236,258,1031
0,856,0,0
0,70,0,0
0,0,870,0
0,0,153,0
2557,0,560,139
640,0,108,0
0,0,271,0
2700,1099,238,0
2118,0,0,0
386,0,0,71
1371,542,353,70
1687,1196,0,114
948,727,0,55
2768,0,303,0
0,0,182,28
0,191,0,97
982,0,205,52
2206,971,0,0
2654,1065,392,0
0,310,0,0
0,322,239,51
443,188,0,0
0,1267,250,0
556,0,55,52
0,1150,0,0
2362,1053,0,197
0,191,49,85
74,0,7,0
0,675,440,38
0,238,240,60
290,107,32,0
1126,0,262,80
0,889,186,363
186,0,13,22
622,245,53,0
0,1236,0,0
2466,0,0,135
0,812,164,96
2076,0,445,92
0,469,0,0
0,746,265,0
2029,0,0,0
0,0,321,177
0,358,0,66
0,0,0,219
0,679,0,416
604,208,63,0
2360,938,192,0
0,0,0,14
2048,0,170,0
0,0,0,362
0,82,29,0
852,0,0,0
898,395,95,0
208,66,0,2
466,196,0,27
552,0,48,95
0,252,88,0
0,0,17,0
1083,375,309,34
370,123,0,0
831,197,54,126
0,385,0,39
845,281,205,23
0,0,0,119
1931,0,168,0
0,0,290,192
2472,1212,0,0
775,0,0,0
470,0,0,93
0,683,284,82
226,0,0,18
0,410,0,0
0,530,0,0
1695,0,0,132
2731,0,314,262
2678,0,0,0
944,314,0,0
0,70,0,0
0,0,289,16
3234,1525,585,369
0,457,117,0
792,0,0,26
287,0,59,26
623,225,0,0
776,0,236,0
2641,939,606,0
0,358,263,0
0,276,76,0
0,612,0,0
0,0,209,48
0,854,0,0
1744,474,0,276
827,0,129,0
0,986,0,0
587,0,153,0
0,977,214,0
0,0,354,133
0,0,0,14
0,946,1029,113
1567,506,0,0
0,0,775,0
1704,576,0,246
2296,0,502,246
0,0,0,335
194,44,12,0
2147,1133,573,111
0,1831,0,192
0,1867,357,0
942,302,0,154
3074,0,877,0
0,1755,0,0
478,61,0,9
2405,868,0,97
0,663,0,0
0,0,486,0
0,283,141,34
318,88,0,15
0,802,151,108
1499,0,0,0
0,778,214,0
586,0,0,0
0,805,0,452
0,842,155,0
0,0,486,0
0,102,67,18
2329,0,268,0
0,1206,251,1011
0,937,0,0
1435,523,0,0
2067,1085,0,256
0,0,117,0
2641,0,0,0
0,1259,345,0
0,0,0,3
1302,0,102,0
2096,0,174,0
2262,1012,184,401
1897,0,0,0
0,0,808,212
123,22,0,15
0,0,192,306
1896,0,0,0
404,181,103,16
1492,0,0,0
66,0,5,8
0,85,0,0
0,0,0,478
715,0,0,0
41,24,10,0
1995,839,532,55
2019,705,0,0
495,0,109,0
545,0,0,0
0,0,729,53
0,0,102,43
2628,1656,536,0
1036,0,0,117
0,0,0,92
2615,0,0,0
733,0,0,0
930,0,0,0
1777,645,0,0
0,0,80,0
1773,789,123,0
0,59,39,9
0,1191,272,0
0,1020,679,0
0,0,138,265
1238,0,148,86
0,1043,0,212
0,287,0,146
0,1204,0,0
0,471,0,74
1431,0,451,0
0,81,0,0
2293,835,0,0
862,0,0,0
0,656,0,260
613,240,57,0
311,65,0,13
0,1120,545,0
0,612,0,0
838,0,98,0
3260,0,0,0
85,0,0,0
0,1617,0,0
1519,446,433,0
0,1047,0,0
1708,499,0,0
0,279,0,0
2495,0,0,197
977,0,236,68
0,44,34,1
0,0,140,136
598,197,64,0
1641,0,0,0
0,0,205,0
0,120,110,16
0,0,77,118
208,77,0,0
0,422,0,0
0,0,0,30
0,0,0,18
1705,422,90,302
0,1020,572,0
0,0,210,0
0,0,319,0
0,0,0,219
1656,769,352,0
0,0,257,0
1424,691,0,77
573,0,61,0
33,6,3,1
1673,647,0,327
0,1104,0,56
0,650,246,84
0,184,0,0
1946,1434,596,0
0,0,137,118
17,7,0,1
2169,0,0,0
167,52,35,0
679,0,0,0
1984,1043,0,83
833,279,79,0
0,117,0,46
0,303,74,68
191,0,0,0
0,734,0,0
0,0,0,5
0,1660,504,293
0,0,286,167
215,0,51,0
0,0,0,269
577,174,0,0
0,0,328,0
3041,1431,309,0
1716,0,0,0
2821,0,0,79
2856,1446,326,224
410,0,39,0
2701,0,265,278
0,0,400,0
2915,0,0,0
746,0,0,32
0,252,50,102
0,666,439,46
2513,0,181,509
0,0,0,95
1462,0,100,0
1065,376,174,46
0,0,23,2
0,0,264,0
122,0,0,0
571,0,90,27
0,721,803,0
0,55,23,31
817,241,122,74
1381,658,0,165
0,337,112,0
2135,794,638,0
642,182,133,27
0,19,0,12
1164,0,124,0
0,0,0,16
251,0,0,43
2532,1102,0,210
2163,0,0,0
1863,616,0,407
1020,0,74,126
838,0,98,0
0,233,98,0
0,0,138,56
0,0,804,211
0,0,716,248
3056,0,413,463
0,0,0,13
251,59,68,7
0,0,0,28
0,160,48,0
0,16,0,0
0,0,0,92
703,0,0,60
0,294,158,74
0,101,0,0
0,967,0,0
0,445,82,149
0,118,0,20
0,837,0,0
0,605,191,398
0,0,573,193
1183,311,0,149
1614,0,0,104
2335,858,598,0
0,1178,0,117
1065,0,0,0
1053,0,0,0
2840,1024,725,301
389,80,76,0
0,36,0,6
1840,317,593,41
0,0,0,22
0,188,0,20
0,0,113,0
0,146,0,26
2790,0,372,0
0,309,97,119
953,307,0,0
0,1789,0,0
2050,0,497,0
197,0,0,11
2496,845,0,0
316,0,38,25
0,0,0,41
3131,0,702,0
0,40,0,0
0,80,56,14
268,0,60,7
0,0,18,12
0,753,0,0
1740,0,0,191
0,0,18,0
2592,0,241,0
2681,1197,0,179
0,176,85,11
0,143,38,146
1155,0,0,160
2001,541,0,641
0,0,81,0
913,0,0,0
0,4,0,2
1766,476,0,0
0,0,159,296
103,0,0,1
848,168,203,35
365,78,0,12
453,0,0,23
3140,1486,720,223
0,0,278,25
180,0,0,12
0,0,222,39
0,0,40,21
0,56,53,6
201,0,0,3
0,0,16,0
0,175,70,0
1189,0,0,111
3143,1186,829,0
0,658,0,109
0,346,318,0
798,0,118,140
0,0,73,0
1828,0,518,0
0,0,236,0
0,314,162,0
0,1066,0,110
0,156,67,0
0,64,0,0
634,0,112,0
0,0,124,0
0,0,565,27
0,161,89,0
0,889,0,103
0,0,245,233
273,0,0,6
1876,0,0,0
0,439,256,0
0,516,119,0
0,132,0,0
0,172,0,0
378,171,91,9
0,0,386,0
0,0,121,0
0,0,164,32
0,70,58,0
0,0,0,10
116,0,0,4
0,1022,394,266
1867,0,194,0
0,0,104,0
0,91,92,31
0,1493,679,0
2526,532,769,0
1539,368,410,0
3353,1938,0,0
0,0,205,0
12,3,0,0
1788,774,0,133
0,62,0,1
662,0,165,0
0,0,0,9
1918,0,0,0
2937,1206,226,0
0,0,95,0
2838,1220,817,0
0,1435,0,0
0,0,58,0
0,409,0,0
129,0,0,10
0,227,186,0
1117,430,104,182
1945,0,402,0
929,236,74,0
1009,390,186,0
376,0,86,0
288,91,0,0
530,0,0,58
0,0,0,213
1701,0,0,119
0,442,0,0
0,631,171,0
0,0,0,21
1506,544,351,60
799,282,0,0
0,0,113,0
920,0,77,97
0,0,0,11
30,0,0,0
908,378,90,101
1147,288,0,0
713,0,171,31
2002,765,466,111
363,0,0,5
990,536,0,60
2263,1082,173,0
0,1050,324,0
740,232,0,0
0,1040,0,145
243,76,45,0
1978,543,0,137
2174,0,611,70
2378,0,0,0
1705,323,0,0
1721,513,152,0
0,0,0,94
0,943,0,0
1968,0,217,0
487,150,0,39
1012,0,0,0
0,0,184,89
561,0,85,0
1811,816,0,0
0,0,0,90
0,0,0,28
2733,1087,0,200
359,0,48,0
1140,346,0,0
0,311,76,0
3031,0,299,672
903,0,0,0
0,170,91,22
3294,1712,623,0
0,536,542,163
53,0,0,3
2505,0,0,0
3150,0,296,0
0,678,0,713
166,0,0,5
0,476,164,0
91,0,0,0
0,0,102,0
3181,2357,0,0
0,4,0,0
3118,0,510,745
2814,1328,362,176
692,0,0,0
140,49,0,5
102,19,12,0
1928,0,268,157
3112,0,0,0
0,0,218,0
0,332,0,175
279,62,40,0
0,0,280,0
0,138,0,11
0,233,114,24
2227,0,0,84
0,233,0,0
0,0,160,262
0,0,0,216
2348,818,582,0
3145,1571,0,679
0,0,123,0
0,409,204,0
0,89,74,9
0,550,439,107
0,0,107,0
1454,548,142,0
994,0,0,26
0,339,0,61
0,0,70,0
1252,0,0,226
0,0,13,10
429,0,0,19
2219,738,0,0
0,406,242,0
0,0,554,341
0,372,0,0
196,0,0,0
1662,0,0,0
0,0,8,0
347,0,0,0
2857,0,0,0
2085,1216,505,101
0,0,76,67
0,40,31,0
0,3,0,0
806,0,0,0
0,511,161,0
847,0,0,0
1638,736,427,0
0,0,0,36
272,77,37,9
167,43,36,4
2197,0,0,222
0,159,0,14
3268,1840,0,0
0,38,15,0
0,0,127,0
2325,0,0,89
0,0,0,34
0,0,213,0
105,0,15,2
207,0,21,0
1333,0,312,0
111,0,0,0
0,348,0,69
0,0,679,0
1205,0,186,0
0,1152,0,172
978,0,109,0
0,319,0,100
874,0,0,0
183,37,0,29
0,0,136,325
0,0,224,0
494,0,52,28
0,420,392,40
0,0,0,309
0,407,174,0
0,549,0,143
418,168,0,0
0,308,0,18
1134,0,301,0
152,47,0,9
0,0,0,23
0,23,12,7
545,151,0,0
0,459,0,0
0,0,96,0
0,0,45,10
1011,0,0,58
0,423,85,0
1102,371,255,0
0,75,0,10
0,0,0,95
0,547,0,0
780,0,148,20
1291,0,137,89
0,0,0,53
2051,0,0,0
1417,0,0,32
614,129,0,0
494,188,114,0
58,21,5,6
0,0,244,0
0,0,470,0
337,0,28,12
0,0,201,123
331,0,47,22
307,65,62,0
1852,0,355,300
0,30,0,3
1435,587,160,192
524,169,0,0
0,582,0,0
42,24,17,1
1027,256,0,0
724,0,0,0
0,0,388,101
0,373,0,302
337,121,54,24
386,80,0,0
1624,337,0,0
0,0,0,201
0,0,0,23
1007,0,0,76
659,0,115,0
1245,0,0,79
1937,1061,537,82
0,0,278,0
244,0,41,0
0,698,0,0
0,70,0,7
121,0,0,0
1753,0,507,74
1269,0,0,0
165,56,34,0
0,0,97,0
0,1289,0,0
1633,348,0,0
0,945,0,0
0,203,0,56
0,266,0,0
0,114,0,15
0,65,0,0
0,270,0,0
0,90,138,18
0,0,138,0
1394,499,332,75
927,0,238,59
0,0,0,113
708,222,77,0
1029,369,212,0
657,49,0,30
1765,752,370,184
738,0,0,0
0,0,92,0
0,0,350,0
1271,0,0,52
199,0,34,5
0,0,286,55
0,259,0,0
103,34,34,0
0,229,143,6
0,0,384,18
0,628,241,0
0,143,0,0
0,81,0,0
0,0,125,13
191,0,58,0
0,158,0,0
0,29,0,0
0,14,14,1
1205,563,0,72
0,1663,825,271
0,1809,0,0
2593,0,225,420
0,0,280,0
0,514,133,208
2590,1330,270,501
692,203,0,53
1173,397,282,74
2849,1311,0,0
1505,541,410,0
0,26,30,0
0,0,32,7
0,0,0,10
2999,0,810,0
673,0,54,0
0,1485,0,323
0,0,174,0
657,0,91,0
1024,382,0,63
0,0,256,72
1092,492,160,0
185,66,47,2
0,73,79,16
0,376,147,0
0,0,285,321
1924,0,0,290
0,0,81,0
31,0,8,1
1523,0,165,0
464,0,84,38
3103,1496,0,0
0,420,0,162
0,487,0,59
373,0,108,0
2035,0,604,58
0,1855,0,0
856,0,0,0
0,1388,0,0
770,416,205,31
345,0,0,12
0,0,0,210
446,195,38,27
1322,459,344,64
0,0,486,80
0,0,0,10
2253,1015,347,0
2042,0,0,270
63,0,12,0
0,0,159,38
0,513,0,100
1107,0,0,0
47,12,11,3
0,815,0,0
845,279,0,85
0,1614,0,0
0,501,159,75
1306,0,0,0
0,0,0,118
637,0,51,0
423,0,0,0
2571,0,158,491
0,0,0,34
132,34,34,1
1060,0,0,0
2443,0,553,186
2435,1006,641,97
1081,0,0,0
0,114,39,24
1175,327,64,0
1217,0,208,73
0,0,240,0
0,402,0,0
109,0,27,3
0,0,0,70
0,157,0,0
634,139,0,0
0,0,0,104
0,914,280,0
0,548,390,0
1227,427,0,0
2496,0,0,208
1831,813,0,72
1305,374,0,0
432,120,88,25
0,0,222,0
0,0,499,77
2397,0,0,185
1112,471,184,0
0,929,0,0
0,179,0,0
0,0,0,209
0,0,349,0
0,52,45,0
82,30,0,11
0,867,323,211
2216,1009,288,0
0,0,6,0
0,11,5,1
0,0,0,113
0,945,0,0
0,0,0,5
2950,0,311,0
0,0,228,300
0,14,19,0
0,152,0,43
1627,642,134,313
76,14,25,0
0,520,0,28
1859,0,306,157
0,866,308,0
137,0,0,0
1710,0,268,0
849,0,0,0
169,38,25,0
2396,710,333,0
1182,311,0,98
845,0,222,0
2129,0,0,0
3190,1301,0,685
0,0,400,0
0,0,245,0
208,46,0,0
101,19,0,3
820,0,157,0
0,193,0,0
0,0,723,52
0,169,44,0
0,0,180,268
0,245,0,236
0,640,434,0
0,318,0,37
1050,0,89,141
0,822,387,0
0,42,0,4
69,20,19,3
0,0,154,0
1261,371,109,61
526,0,0,0
0,0,69,0
634,160,0,0
0,0,0,295
281,101,0,9
1948,0,0,0
1688,0,223,0
3443,0,0,0
0,0,313,0
3194,1591,0,517
0,177,217,24
0,0,0,51
0,0,0,19
2390,0,0,121
540,0,0,0
1139,307,166,113
1615,0,0,102
0,0,289,36
0,31,0,0
0,243,0,0
0,633,361,59
0,0,0,8
0,0,189,32
0,181,0,57
243,0,45,0
3065,1299,0,0
0,124,47,0
1507,0,0,0
0,0,74,0
2649,686,590,139
1359,0,291,82
0,0,117,0
3254,0,0,248
0,0,0,20
0,0,0,39
0,729,224,279
0,0,0,74
308,0,48,0
287,0,31,0
2848,1296,360,657
113,0,0,0
3002,0,397,195
135,0,0,0
0,0,173,19
1154,0,0,0
1716,0,693,54
469,0,92,0
0,0,223,0
0,54,35,6
1654,0,0,283
1545,0,0,72
764,194,72,121
0,0,0,192
0,314,130,0
0,2071,522,0
0,59,25,0
0,152,0,0
1800,621,0,0
0,0,257,0
0,0,334,0
0,498,0,0
631,199,0,36
584,160,168,18
686,254,0,0
1610,0,0,0
1740,491,0,369
0,0,0,2
0,699,0,0
280,0,109,0
0,944,227,713
0,260,0,95
0,201,120,0
202,0,41,0
1312,391,0,0
0,528,0,77
2086,0,313,0
947,256,242,0
0,1259,0,600
0,0,150,0
0,54,50,0
0,30,0,5
0,1477,0,212
0,433,0,0
0,583,521,20
0,0,106,0
2336,0,590,88
0,0,212,407
0,720,185,416
0,241,0,32
0,131,0,13
1272,0,0,0
1238,0,0,190
0,0,0,61
0,411,0,0
0,907,0,228
600,177,72,0
262,72,0,7
1514,0,0,282
0,185,0,0
582,0,57,78
408,0,0,0
0,0,52,114
0,259,0,44
0,0,0,4
0,0,0,88
761,0,54,145
0,215,0,20
520,0,0,0
0,0,173,0
0,591,0,0
0,0,47,16
2156,0,0,0
0,0,312,0
1389,0,0,0
0,0,160,198
0,350,0,81
177,0,68,5
0,0,0,698
1231,365,0,0
877,0,0,0
299,101,56,35
124,43,12,0
0,210,72,101
1174,0,0,0
0,0,0,307
0,171,0,0
452,164,0,0
0,0,0,127
0,467,0,70
0,1234,0,0
722,0,0,32
0,8,0,0
0,0,184,100
0,0,169,0
1383,415,0,106
607,244,44,0
1601,0,124,278
0,0,27,0
1313,0,0,54
0,38,0,0
1266,0,322,29
422,143,97,11
70,36,0,0
1408,0,0,0
0,550,0,232
0,514,110,0
976,0,222,76
2622,1883,269,331
169,84,0,7
1917,0,293,0
0,581,0,179
126,26,36,0
1083,340,0,140
2142,671,490,0
1232,0,288,0
1668,759,0,60
542,0,0,71
989,285,0,41
0,40,14,4
1615,0,231,112
0,859,0,101
1247,403,0,26
0,0,0,4
0,119,0,45
1503,0,0,118
0,569,0,24
3023,1335,0,0
0,16,25,4
0,0,291,0
0,0,49,0
0,379,176,171
1723,462,0,291
1928,0,364,0
0,0,73,83
518,152,0,54
1765,839,0,107
0,1815,396,737
1294,399,0,0
0,0,0,30
0,0,224,0
0,0,176,27
173,0,33,0
0,917,0,112
1254,0,0,0
0,0,295,0
0,189,0,108
47,0,9,0
110,0,14,0
0,738,0,400
2685,1629,0,0
884,285,0,16
1134,325,0,116
0,22,25,0
0,1102,263,0
2294,0,232,0
0,0,0,275
2967,0,0,0
0,0,374,23
1970,810,0,0
0,0,254,478
0,357,85,113
2465,0,609,0
0,609,0,0
430,173,89,27
1346,383,444,0
0,833,152,0
823,0,131,0
0,767,0,54
1683,1003,0,164
0,305,0,32
689,233,87,121
446,0,45,77
0,121,0,0
1398,0,96,0
862,0,0,0
0,0,20,0
942,0,0,29
1248,481,0,0
0,0,433,0
575,0,109,0
1321,0,0,0
1503,0,0,164
1773,593,0,58
2609,0,0,147
196,0,19,36
869,343,181,51
0,0,428,0
0,0,0,163
2710,0,0,0
0,173,0,0
516,102,48,56
0,673,0,58
0,251,72,0
0,0,43,0
943,0,0,43
0,0,72,89
2642,1331,0,205
0,0,239,0
1787,440,0,37
0,868,306,0
0,0,161,0
0,548,0,70
1890,0,0,86
0,161,0,9
2640,1612,318,0
2467,0,0,0
0,611,409,0
0,134,78,0
0,501,0,0
1494,394,398,0
0,0,0,122
0,857,308,205
0,130,0,0
1676,0,0,0
1041,0,0,37
1722,0,0,246
3226,1822,578,0
0,0,0,22
0,784,405,112
952,299,60,0
0,216,0,0
287,60,0,14
0,898,212,0
0,647,0,0
1497,363,0,0
812,0,0,0
35,0,7,5
2006,1073,0,123
0,0,724,0
0,1806,0,654
2119,0,416,209
0,732,335,0
792,0,0,0
0,0,488,411
0,955,603,0
0,0,0,170
0,882,0,170
262,0,50,0
0,0,0,137
0,0,11,0
0,0,234,0
2337,0,0,0
0,0,796,0
1366,0,335,0
0,378,0,112
0,1269,0,432
0,188,0,21
3208,0,334,663
0,1084,248,0
0,0,241,244
435,137,45,24
0,0,371,117
0,52,26,0
0,0,281,0
1676,546,0,0
2591,1436,0,0
1209,0,0,142
1025,0,0,0
724,180,0,0
1381,0,366,19
141,81,0,0
274,0,0,0
2859,0,285,332
251,0,55,6
0,320,95,215
138,0,28,7
0,913,241,0
513,0,0,3
0,197,0,0
0,0,12,0
1320,0,0,91
0,1570,563,0
0,296,0,0
0,1340,0,0
2396,0,394,0
762,277,46,124
0,0,21,21
0,171,0,0
2638,0,0,416
712,255,0,138
0,297,226,0
334,0,53,12
0,1384,639,0
0,0,495,127
0,0,144,0
0,0,286,0
0,0,0,35
1810,0,0,0
0,29,0,0
2247,0,226,0
0,249,48,95
0,531,280,0
1803,0,204,342
977,272,0,0
0,0,31,5
271,148,40,0
762,171,0,112
1392,0,117,209
2402,0,589,75
2592,0,0,148
0,0,0,78
0,0,0,18
1849,0,143,295
2670,0,714,227
0,0,0,39
627,0,130,33
141,0,0,7
0,0,0,126
675,304,61,0
545,0,0,17
0,129,0,0
1211,0,0,44
1919,342,342,0
0,126,0,34
1029,325,265,0
0,231,0,0
0,0,442,220
510,0,0,0
0,580,152,0
1961,0,0,0
261,44,0,14
3194,1310,0,493
2458,0,0,0
0,0,0,89
0,987,0,0
0,0,164,80
0,0,516,89
1106,0,233,0
767,364,65,53
0,68,0,0
263,0,53,4
2772,1375,0,310
0,0,0,13
2095,699,0,176
0,296,0,97
0,0,0,63
0,0,140,0
660,177,0,81
1484,537,0,0
0,392,0,101
1188,409,0,0
1799,924,0,99
661,117,0,85
2040,1266,0,324
0,0,174,105
0,1033,0,226
2940,1450,370,244
1828,0,0,0
3122,0,432,465
1684,0,0,0
512,0,58,0
3133,1515,0,315
0,0,424,0
0,212,33,111
2998,1401,0,258
0,0,0,14
2450,0,0,0
0,330,111,0
0,284,232,0
65,16,0,2
2332,799,0,0
0,259,272,28
0,0,0,163
0,708,0,281
0,0,99,28
2534,0,0,0
0,93,28,23
1900,0,239,124
927,290,0,36
0,152,0,0
391,152,0,0
1191,531,192,82
1611,0,474,36
385,0,82,0
2021,0,204,205
0,363,437,0
0,138,0,0
0,0,633,0
446,154,0,73
2915,1680,670,0
3003,1371,0,0
925,0,245,24
1606,0,342,90
0,194,0,13
547,0,0,0
1211,0,102,0
479,207,0,0
0,0,4,0
2825,0,0,449
0,0,0,120
0,0,73,0
0,0,0,27
0,459,289,53
347,0,0,0
273,91,58,6
3021,1776,0,185
1024,0,104,58
1336,698,189,57
1409,539,0,137
0,0,0,273
0,529,320,0
583,0,92,0
929,0,81,0
0,909,298,158
1511,0,178,92
0,0,71,90
0,0,326,0
707,0,0,89
956,397,223,0
3018,1359,336,437
0,1006,750,111
0,592,205,0
1378,0,136,303
0,0,0,154
0,8,5,2
0,0,0,206
1574,769,343,0
0,1151,684,369
0,20,0,2
0,0,0,170
425,119,48,0
868,261,204,0
0,886,0,0
404,158,61,0
1468,0,0,104
0,0,297,0
513,0,0,0
714,0,0,0
0,77,128,11
0,0,0,11
0,0,0,64
506,0,0,0
0,194,0,18
0,111,0,7
1239,0,0,143
412,0,0,65
1087,442,0,0
0,0,0,42
2516,0,0,126
0,0,226,0
0,0,0,4
119,0,0,0
885,0,0,0
152,54,0,0
0,0,0,133
0,0,102,0
464,229,0,0
340,118,82,16
430,224,0,17
0,0,0,61
0,432,416,40
2189,0,775,65
2376,807,0,151
0,345,0,0
0,213,0,61
0,511,0,0
2688,1241,0,0
0,0,0,15
0,589,542,35
0,0,0,51
0,340,0,129
2696,0,0,0
0,882,0,346
0,382,90,0
0,597,0,0
0,0,0,179
0,230,179,11
2358,0,0,0
0,0,429,56
0,0,0,20
0,0,14,7
0,15,3,0
0,0,0,466
0,997,410,0
0,269,0,0
0,0,0,372
0,0,0,6
0,0,65,13
0,269,89,74
0,706,0,0
2675,0,726,108
1203,0,0,21
0,528,0,0
2338,1317,0,220
550,0,0,0
873,278,0,0
224,0,0,3
0,2175,0,0
1859,0,208,0
692,0,86,0
0,0,161,303
0,0,0,24
3240,1400,0,0
0,0,69,0
2268,0,0,196
1830,0,398,0
116,0,0,0
1491,688,0,61
227,0,12,45
814,0,89,0
601,88,128,0
244,0,56,8
2272,1087,511,0
455,0,0,0
1118,152,172,0
1699,809,0,0
0,1113,0,569
0,0,521,0
0,0,147,0
0,0,37,0
0,6,0,1
0,20,0,0
1137,0,0,65
0,0,0,28
0,689,0,0
0,0,757,240
942,0,0,0
0,1331,0,0
2541,873,0,469
529,0,0,57
0,149,176,21
0,264,83,39
0,0,340,169
0,0,79,0
0,1769,539,0
0,636,0,0
865,0,205,0
0,1206,0,0
0,21,0,0
328,0,48,0
599,0,0,0
882,275,0,0
1475,0,0,0
0,0,0,18
91,12,0,0
0,0,0,88
695,0,0,0
510,0,0,0
1668,0,0,114
0,0,0,39
0,0,0,317
0,0,0,2
431,0,93,0
2401,993,0,0
0,0,36,17
0,0,244,20
117,26,0,4
0,111,0,0
0,908,535,152
0,378,0,75
0,0,0,257
220,0,0,10
158,34,0,0
0,0,0,75
684,0,0,34
648,0,0,0
2955,0,0,265
2128,0,497,194
827,0,198,0
0,0,0,4
0,123,122,17
2370,0,612,0
1489,721,0,0
1125,415,0,84
0,361,85,0
507,175,65,0
0,0,0,44
531,236,0,36
0,0,228,38
0,0,122,399
1056,518,178,43
2431,0,0,0
0,0,143,0
0,0,60,0
0,126,0,0
0,121,144,0
0,0,0,77
385,71,53,0
1592,744,150,0
0,0,0,8
0,118,117,0
281,0,0,0
0,36,0,0
2959,1162,253,0
0,560,0,306
1157,429,0,0
848,341,0,45
0,0,52,0
2751,0,0,181
652,88,0,0
215,0,20,0
0,0,73,16
1875,685,0,40
2121,0,714,0
2249,742,0,0
2019,0,193,0
1730,0,333,97
0,642,0,0
0,634,0,0
0,0,36,0
0,1080,0,0
371,98,0,8
1137,0,78,0
0,1485,881,253
0,932,399,0
394,101,33,69
0,560,277,0
0,403,163,0
0,0,226,15
2038,0,0,116
0,878,311,473
0,372,0,50
1734,0,0,0
0,0,230,0
2825,0,256,275
0,218,0,0
0,0,0,27
0,0,0,79
1421,0,0,0
0,0,371,0
2537,942,0,0
0,0,40,0
0,0,0,195
0,547,0,227
1062,0,299,0
3340,0,0,0
0,651,170,0
0,0,0,37
0,1054,552,299
519,213,116,15
2351,0,0,0
2469,1080,513,88
0,317,150,0
0,639,0,115
0,0,19,23
0,0,390,0
0,0,169,66
2193,0,0,0
1546,0,353,79
0,0,0,97
159,60,28,3
1362,0,0,0
1733,638,0,90
0,266,0,0
0,37,0,0
2268,0,397,0
1389,0,418,0
583,154,130,27
1302,509,0,11
0,0,0,197
955,0,306,4
152,50,37,0
0,0,333,826
3089,2151,728,226
1806,1181,0,0
0,0,0,443
1153,0,189,0
1056,0,154,0
0,344,0,67
0,1258,400,611
1332,354,404,69
1282,0,296,0
353,0,64,0
3130,2028,342,229
706,250,0,0
1303,422,219,0
0,0,211,181
0,0,129,0
0,0,259,0
0,105,0,0
2538,1002,333,0
0,0,197,0
944,0,228,0
429,88,0,0
0,542,0,0
590,147,0,8
2601,0,415,136
1147,511,0,0
116,0,0,4
1222,533,0,0
987,301,264,8
0,805,0,0
0,561,123,101
0,0,36,0
0,0,120,0
2798,0,0,306
0,0,14,9
0,455,0,0
0,0,212,13
760,219,0,19
0,0,91,0
0,0,86,11
724,278,0,0
0,0,158,289
1684,707,401,0
657,0,0,18
243,42,27,0
2307,0,0,0
0,91,0,0
1952,672,383,0
370,70,0,12
0,0,395,0
0,0,77,13
2219,1454,0,0
0,0,282,0
89,0,0,1
2486,0,391,0
0,0,338,443
0,176,149,10
0,0,0,60
0,0,0,138
2848,1110,0,247
1642,408,124,324
2557,1549,867,0
0,0,0,117
199,0,0,0
1662,670,251,0
202,0,21,10
0,60,0,5
0,0,467,233
0,637,0,94
313,127,59,31
2525,0,0,0
82,13,11,8
1018,0,0,0
2849,0,571,0
0,879,733,0
1915,0,566,44
1761,0,151,290
800,320,82,0
0,0,315,385
0,166,0,0
0,243,0,0
0,490,85,0
2580,0,0,0
0,0,187,0
309,0,0,18
0,0,221,74
1090,320,0,0
2832,1093,0,0
0,497,157,0
0,0,205,0
1239,321,173,56
2060,1240,0,0
1319,503,248,0
165,0,0,0
0,167,0,53
1355,0,0,98
2081,0,0,296
2223,512,243,203
0,439,0,0
1740,0,477,47
0,872,0,194
973,0,189,0
1025,408,192,0
1186,0,0,114
0,386,0,0
1301,355,101,201
0,152,0,0
0,0,239,0
0,0,57,0
0,0,153,0
1173,0,0,0
0,189,0,0
0,0,588,0
0,0,0,81
967,369,97,41
0,584,329,0
1273,0,115,296
352,0,0,8
2291,1266,0,0
0,529,492,0
2748,1210,0,0
0,1403,785,134
1360,566,0,46
0,165,0,35
838,416,233,0
0,0,43,90
2966,1075,0,625
2740,1293,378,0
2082,0,403,0
44,4,0,0
667,0,0,60
1185,0,257,66
0,0,0,13
0,0,310,64
0,1916,0,263
2459,1339,0,167
0,890,547,270
0,199,0,0
234,40,0,5
460,81,0,16
2457,907,206,0
1534,604,158,105
1503,358,132,201
0,104,0,0
0,84,168,12
2036,1416,196,0
0,0,261,0
0,203,0,51
0,0,152,90
0,247,0,0
534,0,0,0
376,85,106,17
0,0,14,0
2647,1178,621,236
425,0,0,11
1501,467,0,0
0,0,250,0
0,126,0,45
103,24,28,5
0,925,240,0
0,84,104,5
1087,0,0,0
0,0,293,0
2144,629,0,112
760,192,0,0
0,319,256,0
935,313,0,64
0,0,543,127
1982,0,302,257
352,73,0,37
0,1106,629,82
0,0,141,322
688,262,70,0
0,839,337,0
0,0,83,22
0,0,0,55
0,0,21,0
970,0,0,52
1373,0,168,0
2526,0,0,0
0,141,0,0
425,0,51,0
0,0,84,36
1269,430,0,219
0,0,0,2
0,0,324,0
952,224,216,0
2421,0,0,0
0,191,47,0
0,0,347,0
1628,0,167,210
2646,889,274,168
1100,0,104,215
0,796,744,0
1542,581,263,41
0,0,0,233
660,114,0,25
0,0,218,0
0,264,56,0
0,0,68,10
240,114,0,17
875,0,100,36
1008,0,0,61
2016,0,226,73
1960,0,0,388
1274,616,0,0
0,929,928,0
2274,898,373,0
0,145,0,89
0,0,0,113
0,224,0,24
1755,440,0,63
0,725,0,317
0,456,115,251
305,168,85,0
2768,0,348,192
0,1636,0,0
0,202,0,0
0,425,0,65
0,0,89,11
2972,0,236,0
0,0,0,11
2351,0,0,0
0,0,342,0
0,194,137,0
1765,605,0,0
0,38,0,0
0,0,0,21
0,0,354,0
0,325,96,62
279,0,31,16
0,0,0,31
0,0,22,5
0,0,173,0
0,386,0,0
0,0,443,0
1287,0,0,0
1379,0,135,138
0,862,244,0
0,112,109,47
0,584,167,152
0,57,0,0
0,827,230,181
0,491,0,0
3242,0,0,391
0,0,0,160
0,0,234,0
0,0,0,76
0,107,65,20
0,2250,592,0
537,215,0,0
549,179,94,13
1531,0,137,262
410,0,39,60
0,40,27,0
0,78,140,10
922,0,132,0
1276,463,161,34
0,0,0,530
2217,792,0,285
1889,0,0,0
1674,0,0,328
657,0,0,0
0,491,0,68
303,0,53,3
2356,876,0,0
0,0,0,196
0,0,59,0
0,0,0,98
0,57,0,0
0,574,256,121
2020,0,206,162
0,0,666,89
1410,0,96,220
689,0,0,53
0,505,0,0
1664,464,337,95
0,896,0,0
1534,488,416,0
264,0,0,6
0,1817,0,266
99,35,29,0
0,0,430,0
392,123,47,0
409,122,0,0
0,0,321,925
1188,0,128,82
0,0,0,47
0,0,44,0
556,98,135,0
0,0,0,208
0,137,0,0
0,219,136,19
0,0,0,64
0,917,235,252
0,343,0,26
549,238,0,0
1736,861,217,104
0,205,81,35
1940,0,0,0
0,0,306,0
0,0,0,409
0,321,0,0
0,0,0,72
1729,0,291,218
3059,1545,0,862
0,0,0,253
362,0,98,8
176,52,0,0
161,0,38,0
148,0,37,0
0,0,0,1
182,70,30,0
716,0,115,0
255,0,36,7
2447,0,0,0
0,0,346,43
2375,1063,0,0
1705,993,181,0
857,208,94,0
0,436,285,137
1454,0,220,0
2009,1123,439,0
1783,0,134,0
0,1400,0,0
1703,0,378,118
1197,0,0,79
0,0,771,0
219,0,0,9
920,399,0,37
0,0,52,0
0,0,36,0
0,0,0,54
0,0,20,0
2614,922,0,75
1446,0,398,71
1199,0,126,26
475,0,0,0
2946,1662,0,0
0,0,228,0
2735,0,0,170
422,57,0,0
171,0,0,0
0,1280,193,288
1174,0,166,150
1836,454,565,0
0,234,0,0
111,42,0,1
0,968,0,0
785,0,0,82
0,206,86,0
142,0,39,0
584,114,0,19
2074,748,0,0
0,264,146,0
2906,0,0,0
977,200,0,0
1993,815,207,159
746,0,140,24
0,0,255,0
1795,0,0,132
0,1092,0,135
0,0,0,279
2424,1728,0,0
0,48,0,0
0,0,427,0
0,0,549,149
0,644,267,54
0,1123,598,108
444,0,0,7
0,0,94,0
0,0,70,10
0,73,0,0
181,61,0,9
0,939,165,0
1484,532,200,143
0,0,0,8
2339,0,0,0
0,0,548,0
0,1607,0,0
0,0,326,0
0,0,346,455
0,429,168,0
921,0,0,46
1824,813,0,64
0,445,253,29
1679,0,189,0
1588,0,282,92
0,0,222,22
954,0,0,62
0,246,47,0
0,0,294,0
0,0,113,6
263,96,0,0
1354,513,344,148
2290,1028,0,0
2589,1514,761,0
365,151,29,12
667,0,72,38
0,676,199,0
1975,0,168,158
0,0,67,0
1214,0,0,0
0,40,34,8
0,0,145,0
0,1085,0,53
2637,0,317,269
0,1781,432,0
0,191,0,0
0,102,95,0
703,0,0,0
0,226,0,0
579,0,128,0
0,0,319,0
491,0,58,36
253,107,0,0
0,0,130,0
160,0,0,0
0,54,0,0
504,136,0,18
0,389,0,0
735,0,123,0
0,0,297,0
0,608,293,0
162,42,0,12
2089,0,264,0
343,86,89,0
1527,0,232,82
306,80,66,0
1404,0,0,0
2175,857,0,0
2303,910,0,0
1696,470,0,166
2270,800,0,342
0,1264,520,137
3048,2386,0,589
0,0,0,44
0,0,56,19
2093,0,0,81
512,186,0,12
2452,1181,0,0
0,0,0,86
1168,371,0,31
1695,0,0,0
0,1072,403,0
0,508,97,193
91,14,0,0
786,0,0,64
0,0,77,8
648,0,0,19
134,0,0,0
0,0,141,0
700,0,0,74
1121,0,0,0
157,0,0,10
2195,730,184,310
0,1427,0,409
0,586,0,0
0,0,118,203
762,198,69,177
2229,1095,0,0
1045,253,315,29
2482,1066,279,0
0,0,0,154
0,501,180,151
0,0,213,0
519,215,0,0
0,145,0,0
93,0,15,7
660,0,177,22
0,667,183,108
2835,0,0,0
930,410,0,0
0,699,142,404
2314,556,0,186
0,0,29,0
795,209,0,0
859,0,89,0
1931,792,349,0
1807,0,0,0
0,993,348,138
0,111,50,44
0,223,82,43
0,0,356,0
933,340,205,35
499,158,0,39
915,0,174,0
106,0,43,0
0,0,198,0
0,1450,0,0
2227,0,0,0
0,0,130,228
0,1221,398,135
575,202,66,0
1068,355,0,0
2150,1237,0,370
2210,0,0,124
1030,408,0,26
0,855,119,166
0,0,0,71
0,0,0,10
1106,232,0,50
0,350,0,0
2355,0,0,0
1614,478,507,18
2035,946,464,0
0,97,0,7
0,147,114,13
2843,1503,0,0
918,446,0,48
0,58,13,4
70,22,8,0
0,0,0,5
0,297,0,0
1323,0,397,0
300,149,0,0
2406,0,555,0
2463,0,0,137
2520,994,0,0
332,0,65,18
0,0,478,0
0,0,229,150
0,207,0,0
0,28,18,15
172,0,45,6
0,113,0,0
1714,0,0,136
0,101,0,0
2385,898,0,107
114,0,0,0
0,501,0,137
0,769,0,0
1866,0,0,81
968,386,243,14
67,0,18,3
0,179,127,44
0,0,99,0
486,169,72,22
0,622,0,0
71,16,0,4
1052,296,0,49
1860,818,0,353
0,163,89,0
1991,950,486,0
0,109,38,0
2289,0,231,0
0,841,0,0
0,263,0,0
0,791,595,80
0,56,16,0
0,256,0,45
0,39,0,0
0,0,117,16
492,215,0,39
1808,0,0,158
1759,0,143,0
0,54,27,0
0,1398,0,0
0,122,0,0
2499,0,0,0
0,0,45,16
0,0,0,114
0,0,0,12
321,75,0,0
313,0,0,15
0,0,0,47
678,0,0,0
674,0,102,0
0,0,0,58
2166,0,578,0
1848,931,0,53
768,329,88,40
739,0,83,0
3119,1386,762,161
1500,528,169,196
0,0,401,0
0,0,249,0
2802,0,303,798
2359,1092,206,0
0,0,0,223
0,639,0,0
340,143,78,0
0,200,0,17
732,0,0,0
0,56,0,0
286,94,0,0
0,0,408,162
305,0,0,0
0,36,0,0
0,0,15,0
0,0,176,0
1734,674,0,77
1581,0,0,170
2172,0,0,144
1841,0,0,0
0,483,152,77
0,0,51,0
0,0,99,33
488,0,0,0
0,0,0,127
0,482,0,0
0,81,43,7
0,26,0,26
464,0,101,9
392,134,0,0
2872,0,0,0
598,239,72,20
938,271,113,0
0,0,156,391
1446,537,274,0
0,0,40,0
1757,571,0,0
884,0,88,50
0,0,0,51
0,867,318,0
0,682,276,0
0,0,281,450
610,134,115,33
531,0,0,0
0,0,11,0
1549,0,0,45
0,0,345,0
947,0,0,35
1091,0,0,0
0,0,108,0
0,0,0,182
0,79,0,0
0,0,49,0
0,0,305,104
0,764,229,82
0,560,0,0
0,0,836,273
2152,1069,336,153
973,0,0,0
0,0,0,18
0,1622,0,203
1674,0,161,74
3112,0,0,0
0,130,0,20
0,0,0,92
345,0,106,0
2079,582,0,202
1125,406,0,0
0,737,182,0
1182,0,186,26
2935,1784,1098,0
0,139,0,23
0,0,771,84
2216,808,622,22
0,360,0,0
0,0,16,0
3063,2111,0,0
0,1019,0,0
123,42,0,14
81,0,0,11
2069,0,0,148
0,283,65,0
528,0,113,0
0,630,351,0
0,0,0,192
0,0,0,63
0,672,0,100
0,0,0,92
0,0,0,42
0,479,0,0
2889,1673,488,0
0,0,0,500
1233,0,0,109
0,0,0,198
0,0,0,20
2758,0,0,0
0,574,0,0
0,0,199,0
1597,533,382,150
1015,0,222,145
838,228,0,51
2222,0,0,0
0,0,0,68
524,163,121,15
458,135,0,0
288,0,0,0
0,69,0,0
215,104,0,0
0,93,23,0
0,0,30,19
112,0,11,7
2880,1268,327,782
0,41,0,7
0,174,232,26
0,87,0,16
0,273,212,44
0,0,0,33
689,283,76,0
734,188,0,28
795,0,0,0
0,0,25,0
0,0,0,7
0,1504,914,0
0,0,13,0
1513,593,0,102
2715,0,331,0
2527,0,0,0
1754,607,217,0
0,0,178,16
0,45,28,3
0,0,0,79
0,969,322,175
0,344,210,0
0,278,201,0
0,383,0,0
963,361,102,0
2564,1293,153,334
0,0,75,0
0,32,0,2
0,0,356,0
630,237,100,0
1910,0,256,285
438,0,0,69
0,0,0,48
0,0,0,132
1238,154,350,72
0,1113,569,173
0,749,394,116
0,91,0,0
1413,545,153,104
0,135,0,0
0,0,0,670
0,0,271,0
676,180,0,0
456,0,55,153
0,21,0,0
1788,0,0,0
195,83,0,5
0,0,431,0
766,188,118,0
0,0,0,75
0,572,0,71
1525,0,0,0
1477,399,0,0
0,0,34,26
0,0,265,0
106,34,0,0
0,0,95,16
0,0,0,5
0,0,365,55
0,541,0,45
0,103,0,0
0,79,176,16
0,221,150,28
1948,991,564,0
0,525,150,0
0,37,0,0
0,0,230,0
0,110,66,19
0,0,0,107
0,0,0,75
1542,0,0,0
1825,0,0,222
2061,0,612,0
0,0,0,404
0,0,63,10
0,311,0,0
1753,0,0,0
130,28,27,6
0,0,195,0
0,0,0,23
0,182,0,0
1752,775,0,0
2546,1850,0,231
83,9,12,4
1037,0,0,0
831,406,61,0
1958,798,370,0
0,484,0,0
2114,0,659,59
813,191,0,27
697,0,66,84
0,0,0,6
84,20,12,0
0,910,0,0
0,0,112,316
479,0,0,22
1589,385,0,42
0,0,230,0
1831,0,225,126
1937,0,0,0
1110,0,291,0
284,0,0,0
82,0,31,0
0,0,0,104
2326,1683,0,387
0,0,585,134
2331,1260,226,0
82,0,22,1
1469,0,0,0
292,0,58,0
1379,0,198,264
2129,847,211,251
0,529,159,112
0,0,258,0
0,0,214,38
940,0,0,0
895,0,209,0
0,0,0,131
881,0,125,0
0,41,0,0
1919,0,0,0
0,0,58,10
0,904,0,0
0,0,227,29
837,273,154,0
1809,0,221,441
146,0,19,24
2100,1061,0,0
123,18,0,5
331,110,33,0
0,747,0,0
0,0,0,12
0,676,0,325
570,125,0,0
0,332,208,83
0,266,213,24
187,45,39,5
0,0,61,0
0,1095,0,463
301,106,0,0
0,0,61,0
0,55,0,6
0,0,225,48
0,0,0,107
866,215,123,38
1750,639,0,252
357,0,0,58
0,0,214,354
0,0,127,0
0,563,0,164
0,98,81,15
0,0,67,0
608,165,0,0
0,156,0,19
947,0,0,34
1543,0,367,52
1644,0,0,0
0,494,0,0
0,137,0,0
0,0,0,22
0,0,0,10
58,6,0,5
0,14,0,1
370,0,67,0
0,0,80,0
1792,0,234,0
98,0,0,3
0,474,0,200
2331,0,301,362
0,0,209,0
0,152,0,12
0,0,100,44
1682,956,155,221
0,685,99,160
0,159,0,0
0,0,36,0
0,114,0,0
135,0,0,0
0,116,77,0
2307,0,239,0
0,0,585,0
0,0,0,11
161,32,0,3
0,44,58,8
0,0,172,0
307,0,0,0
970,362,169,33
369,0,104,15
122,28,43,0
0,693,0,264
1882,702,0,148
713,228,109,117
0,0,0,14
2186,386,0,0
1553,0,0,0
909,288,0,36
887,0,0,40
0,1281,0,0
0,0,0,50
711,166,0,0
0,376,80,114
959,366,0,108
3013,2133,0,0
0,0,145,0
1219,636,0,231
887,0,70,0
1111,0,0,0
2093,1088,334,194
0,666,0,0
2164,0,0,62
100,14,0,5
1590,0,130,164
0,0,60,0
1846,0,0,0
1631,623,460,63
1087,0,0,55
676,247,0,42
0,122,63,0
3013,1485,0,204
1709,0,254,180
376,135,0,58
2581,0,0,0
3119,0,0,374
0,614,166,0
0,77,15,31
0,494,0,0
2796,0,0,318
1541,0,0,0
0,0,212,0
0,0,603,327
0,0,0,6
513,119,133,0
1080,421,141,0
200,57,0,21
0,51,27,0
325,0,0,0
0,0,299,112
2269,937,0,113
2620,1076,284,355
0,459,0,0
0,0,216,0
0,170,0,0
2349,0,0,439
993,374,0,122
1636,712,362,0
0,0,32,44
2897,1397,0,0
892,0,185,0
284,117,0,0
635,0,0,0
381,88,0,0
0,0,105,0
0,0,62,0
276,104,65,15
1363,0,0,51
0,810,0,146
1941,612,0,0
0,1459,0,279
0,78,0,0
0,0,53,0
618,330,0,42
2010,0,0,0
702,143,0,143
0,270,0,0
0,0,95,8
0,0,291,361
1487,0,0,0
0,786,0,484
0,0,78,0
656,0,50,0
0,166,0,26
366,108,0,0
0,0,336,0
2174,0,198,0
0,737,337,0
0,544,0,0
0,103,0,32
0,0,114,0
0,0,44,0
68,2,0,0
0,0,854,108
936,0,127,51
2086,1074,184,358
2278,672,207,0
0,613,0,0
0,30,0,3
1840,0,0,286
0,421,0,25
0,85,46,0
2678,0,425,0
579,262,0,0
0,0,33,35
2278,687,0,0
0,307,0,30
1726,0,181,91
0,121,152,35
0,0,26,0
1312,323,251,43
0,0,361,0
0,0,122,28
0,0,241,0
2076,531,0,0
489,194,89,0
0,0,145,161
2200,869,0,0
0,1903,0,607
1095,388,105,91
1418,592,110,0
2530,929,0,112
1411,0,130,84
693,155,123,42
184,0,0,0
0,810,300,149
1897,0,339,0
0,352,0,58
1939,930,0,0
0,240,0,60
0,170,0,0
368,0,37,32
0,250,59,0
0,403,0,0
268,0,0,0
2530,0,0,243
0,0,0,42
0,122,0,102
690,0,130,0
2531,0,0,87
2609,0,0,135
0,0,140,0
0,299,0,0
841,0,78,0
0,0,0,4
2262,895,208,0
1419,0,0,0
598,213,71,26
480,0,0,0
0,925,192,0
2414,1167,0,0
0,490,0,0
70,0,16,2
0,0,19,0
2094,1282,0,0
0,0,194,0
0,0,334,0
0,0,0,38
2358,1394,673,0
1662,0,0,0
115,0,20,0
0,97,127,5
0,1011,361,183
265,88,0,0
0,0,0,19
0,164,0,0
0,68,59,0
161,0,0,6
0,0,122,63
0,352,0,0
639,350,0,0
2351,0,0,91
0,0,202,293
0,104,0,0
653,0,105,0
0,96,28,8
1651,618,0,104
2330,1295,275,0
0,0,78,50
2863,1930,0,309
0,1851,344,446
0,893,424,0
1666,0,0,176
0,0,208,0
575,0,163,0
0,47,0,0
2116,666,192,286
1143,0,0,0
0,0,0,8
0,0,259,433
2252,0,223,0
0,28,0,3
0,0,22,0
0,0,0,609
392,0,55,20
236,97,23,9
1469,540,0,0
0,1257,0,0
1248,272,257,24
0,329,110,33
2177,0,203,121
2780,0,289,0
0,109,86,0
0,82,39,0
215,0,24,0
0,0,15,0
0,0,119,0
0,0,27,0
0,0,0,52
789,0,147,0
79,0,0,2
1800,0,0,88
1426,0,0,59
414,189,92,0
0,820,0,0
2820,0,900,431
2628,1735,498,0
165,0,19,8
0,349,0,25
2783,0,409,0
0,555,0,0
0,0,268,0
0,78,57,0
0,0,108,0
0,0,74,0
763,0,62,0
0,0,35,0
2159,0,252,79
2638,781,342,704
1584,383,0,94
0,0,0,134
0,0,14,0
250,75,55,0
0,261,129,179
2752,1080,0,359
1950,1012,169,0
0,107,0,0
0,586,0,53
0,961,754,0
1121,0,124,47
398,146,109,8
470,104,113,10
1812,811,626,104
2157,0,222,97
2472,1118,0,223
0,0,297,0
0,525,0,0
0,0,0,5
0,0,191,0
0,0,28,16
215,0,0,0
0,0,0,47
976,0,338,0
2512,0,0,0
1648,539,0,86
0,412,342,59
358,74,72,28
406,0,0,0
2930,0,0,209
988,0,0,0
0,580,134,0
0,0,302,114
0,397,162,81
0,0,398,0
1717,0,0,0
1324,390,0,78
2107,0,241,194
0,0,157,0
894,298,216,48
0,0,0,42
1529,0,0,288
0,700,0,68
1583,0,543,180
0,0,115,47
0,0,0,95
1556,0,310,95
0,251,94,0
1407,666,0,0
1885,954,166,0
568,0,36,0
781,216,0,0
0,0,198,0
263,0,0,0
0,0,10,2
938,0,87,0
2189,0,372,0
2149,966,0,0
0,613,254,0
758,0,99,140
2471,0,0,134
69,0,0,8
0,27,0,0
0,44,0,0
0,0,3,0
1476,0,0,0
0,0,0,90
1956,943,0,105
135,77,0,5
379,126,73,0
0,656,600,94
0,710,0,0
0,51,22,0
0,1275,274,350
0,0,185,0
1838,0,0,114
0,0,97,0
1051,312,176,48
1817,0,0,0
0,0,155,0
0,0,42,67
617,0,191,16
0,0,26,0
511,190,0,19
1692,0,0,0
0,686,0,0
797,243,0,33
0,411,198,0
0,0,328,0
1093,0,0,0
0,0,0,354
0,0,0,21
674,0,106,25
1274,425,258,0
0,0,0,2
0,0,312,59
0,552,0,57
0,0,0,220
1874,841,0,0
0,377,121,148
0,433,0,0
0,604,257,0
0,957,0,373
0,0,0,248
1992,1082,0,0
531,183,145,16
2791,1154,0,0
889,0,0,36
383,138,0,0
0,0,671,55
0,0,66,0
1587,598,0,77
347,147,0,49
1348,419,426,0
268,93,0,0
2354,777,178,151
824,0,0,46
2925,1720,0,0
2100,1236,535,50
0,265,0,0
104,20,0,0
1697,0,0,0
1916,660,328,0
195,0,48,1
0,942,0,0
0,12,8,0
2390,0,0,0
1806,790,0,0
0,785,0,55
0,0,0,25
702,0,66,0
0,656,303,0
0,27,0,0
795,0,118,85
738,0,0,42
0,1037,0,0
0,0,433,0
2857,0,0,838
0,208,0,0
0,731,349,533
0,0,0,144
0,0,50,9
795,0,0,0
416,0,0,38
0,0,255,70
261,73,0,11
798,0,303,0
2092,807,0,0
1047,323,0,53
271,0,0,0
1133,0,0,55
976,278,0,0
625,0,81,78
1399,0,0,0
0,480,194,0
677,0,0,152
0,0,0,72
0,428,252,0
0,319,88,67
0,0,329,45
0,432,245,37
380,248,84,0
0,896,0,0
0,0,0,22
892,0,0,46
1181,0,0,0
0,443,195,0
0,626,198,0
0,0,86,0
2260,0,0,449
1494,0,143,220
2096,0,0,0
636,0,170,0
678,0,149,19
628,175,82,29
0,0,220,318
0,245,0,25
0,57,0,6
0,1387,0,170
0,617,202,50
1980,0,0,0
0,0,0,41
86,0,0,8
402,0,0,0
0,0,0,123
96,18,0,0
0,1025,366,0
0,304,0,0
0,696,117,127
0,0,157,16
218,0,57,0
0,254,0,0
1451,375,492,0
0,1155,220,158
0,0,63,18
599,0,0,0
982,363,0,0
0,679,0,0
0,0,109,0
0,0,174,137
0,0,0,64
0,0,171,0
0,0,0,99
0,0,0,19
0,255,0,0
0,569,0,0
2220,827,0,143
1262,531,143,157
0,638,286,0
0,0,225,213
0,1036,0,0
0,627,504,0
1134,0,146,177
0,0,142,118
1557,0,0,0
0,293,0,40
0,125,0,0
343,0,89,0
864,326,0,51
379,0,0,0
1610,669,342,0
131,69,0,0
2524,894,0,259
1513,0,0,0
0,239,0,56
0,63,0,11
0,0,154,43
2541,0,267,0
0,0,0,263
869,0,0,0
0,343,0,0
74,29,0,7
0,767,0,0
0,589,282,55
0,1041,0,249
2709,0,565,0
480,178,57,35
0,340,0,0
2703,0,0,0
0,671,224,0
463,0,0,0
2046,677,0,0
0,44,24,0
0,0,56,0
0,529,0,33
0,566,180,342
0,0,175,30
0,0,0,92
0,0,365,0
879,355,106,0
0,60,0,0
0,493,0,367
0,0,0,9
1443,0,148,0
195,99,20,0
397,0,123,10
2852,1434,302,0
1464,0,0,63
1662,0,0,0
2314,1210,0,0
0,335,158,0
0,0,0,372
0,80,0,0
0,349,0,44
0,0,83,0
0,299,115,0
1499,0,0,0
0,0,0,110
0,747,542,0
0,928,0,0
2379,0,345,282
2004,650,718,128
0,67,40,16
0,84,50,39
0,132,0,29
542,0,128,31
0,417,0,0
2084,749,0,0
870,314,0,16
0,1028,526,0
283,0,31,0
2286,919,0,0
0,0,72,0
1636,0,0,0
617,239,0,0
0,733,213,348
0,23,0,11
0,0,108,0
0,0,28,0
1915,834,0,0
179,60,0,0
1109,0,0,0
224,0,0,19
120,47,9,26
496,138,141,35
0,0,0,24
0,296,0,84
2885,1689,0,421
499,107,53,0
0,0,296,75
0,0,169,0
2232,502,0,0
0,0,43,6
0,103,37,0
0,0,97,34
871,177,0,57
1228,532,0,66
122,25,31,3
0,215,0,0
1777,0,0,194
410,0,91,0
0,0,0,206
1963,0,231,0
0,0,239,267
1778,780,0,0
264,115,78,0
2058,0,0,281
601,330,0,0
0,79,0,0
0,1726,249,268
0,767,213,0
0,150,95,0
0,141,64,0
0,0,47,0
1799,586,227,0
0,297,0,0
0,0,90,26
0,0,0,66
0,0,0,57
0,0,415,0
0,387,495,44
0,0,0,193
0,425,295,74
2620,2020,386,290
0,0,278,0
0,0,0,121
841,0,0,0
0,0,513,300
0,60,0,0
0,0,0,66
0,163,0,0
1040,0,0,0
1700,0,217,0
1120,0,0,0
0,0,15,6
2744,0,1035,0
0,776,0,0
0,0,224,182
2947,0,0,906
0,0,0,136
130,31,0,0
0,254,0,0
0,83,45,19
0,1601,0,252
0,0,0,29
682,221,154,0
1888,0,0,0
0,0,0,44
1639,0,225,0
0,0,452,0
62,0,0,0
0,581,260,0
0,0,317,166
0,0,196,0
0,0,375,0
0,1221,0,359
2570,0,1114,0
1016,0,0,69
0,0,0,139
0,681,179,335
249,78,0,0
2474,0,0,0
0,468,0,0
0,389,151,139
234,0,85,0
0,1539,403,0
1885,1142,0,116
555,173,150,19
0,0,0,23
0,0,130,0
558,165,162,8
80,0,19,2
0,0,82,0
293,126,52,0
0,447,130,0
0,0,49,13
0,0,130,51
0,0,0,50
889,0,123,0
0,0,384,75
0,0,152,0
1104,401,264,0
1442,449,0,96
0,70,0,0
0,445,0,0
397,0,0,0
0,0,0,58
2222,0,291,176
1605,0,0,47
0,426,0,0
1587,638,0,0
0,0,48,0
0,106,31,0
2148,0,606,0
0,245,0,0
484,113,95,21
0,165,0,12
0,0,0,97
134,0,0,18
74,0,0,0
225,0,27,28
0,0,0,140
560,0,0,31
1843,0,0,461
2082,1154,246,283
1207,559,139,0
1263,410,227,131
2469,0,0,0
314,82,25,20
1811,984,222,303
1632,0,0,0
0,0,0,13
859,0,0,17
2188,0,0,0
118,0,27,0
2657,0,331,0
1133,0,162,48
0,2199,0,449
0,275,142,0
752,0,0,0
561,0,0,0
2649,1742,285,0
1477,0,239,0
0,0,0,220
0,540,0,99
0,0,343,73
1123,444,0,226
0,0,2,5
1792,0,0,229
0,1830,0,435
0,0,326,0
0,335,157,0
0,0,102,274
0,0,0,28
0,0,159,30
0,0,0,0
