7000 4
2706,5587,0,0
2319,3935,4201,3130
3151,0,0,0
4757,6202,4406,4876
3880,0,5285,0
0,0,0,4504
2738,2848,0,2637
0,0,6163,6957
3884,0,6127,0
4255,5604,0,6391
1038,518,1699,0
7657,0,0,8336
3169,0,0,1394
6131,5132,0,2585
0,3861,0,0
0,6484,0,0
8104,5117,7019,5478
5542,3559,0,4372
0,0,4033,0
4947,0,0,4723
0,5933,0,3137
4725,3385,5526,0
3999,0,0,5272
5517,4600,5829,3985
4558,2537,0,0
4814,0,0,4632
0,0,3600,0
0,0,7154,0
0,0,0,5633
0,0,6948,0
0,7722,0,0
7500,0,0,6329
0,0,0,6009
0,3915,0,0
0,0,2787,4238
4179,3917,0,0
0,4109,5666,0
7496,6375,6154,6866
5628,0,0,0
0,0,2875,0
0,0,0,7426
4844,0,6910,7400
0,0,3877,0
6288,2345,4695,5023
0,5961,3422,0
0,0,7573,0
0,5346,4250,2885
0,3824,2225,0
4480,7425,0,6058
0,0,0,4918
0,6167,6824,0
6579,6198,7111,0
0,1193,0,0
3730,8690,5446,0
0,3415,4372,5040
6067,0,3367,0
1327,2923,0,2528
4518,0,4497,3459
0,0,0,7846
0,4536,6302,5257
0,0,7038,3826
6098,0,0,6858
5943,4099,0,0
0,0,2758,4127
0,0,5863,4804
0,0,6239,0
3205,0,4564,5881
3294,0,0,0
0,0,0,3562
0,6371,3575,0
4880,3644,0,0
0,4453,4061,0
0,2837,0,0
8376,6830,8553,0
0,0,5421,0
0,0,0,7594
9268,0,0,7981
0,4925,0,0
5977,5814,0,0
0,8539,0,0
0,5877,0,0
0,4208,0,5596
0,0,7269,0
0,5243,0,0
4482,6176,6103,3428
3964,4879,0,0
0,0,8698,0
1325,2296,2572,0
6160,0,0,7248
0,5582,0,5089
4446,3961,4864,0
0,0,5392,2463
0,0,3277,0
0,5052,0,0
6390,0,6308,5504
5469,5810,0,0
3136,0,3313,2725
0,6510,5353,6536
3736,0,0,0
0,3894,0,0
6440,0,7422,0
0,0,2312,0
0,6200,3908,0
0,4794,0,0
4508,0,0,0
5422,0,0,0
0,0,4277,3976
0,0,0,3553
8880,0,0,0
0,0,4659,5700
2174,0,4563,7921
3140,0,0,0
0,6536,0,0
5556,3750,3868,3054
4207,7833,0,0
0,5744,0,6421
7556,0,0,0
3913,0,2603,3842
0,6458,6434,0
6214,3728,0,0
0,0,5055,5622
0,2600,1540,2423
6256,5362,0,5459
6082,4369,0,0
0,3753,0,0
0,0,5180,3707
0,2744,3895,0
0,0,0,6170
0,4277,0,0
6449,7144,0,0
0,0,7194,6298
2866,0,3335,0
0,3543,0,0
3919,2200,0,4391
4339,0,0,0
0,5162,6054,0
0,5365,0,0
0,0,0,5284
7345,6571,0,0
3397,5962,3923,3887
2950,5616,0,4020
4243,0,3021,0
0,5543,6159,0
0,5054,3074,0
7065,6956,5722,0
0,0,5650,0
0,6083,6447,0
4045,4152,0,4500
5822,6961,6245,0
0,0,2814,0
0,5659,0,0
2811,0,3834,0
4438,0,0,0
0,5211,3810,5648
3670,3055,3712,0
4508,7055,0,0
0,2745,2843,2150
5496,0,0,5151
0,7452,0,6009
4528,0,5316,3757
0,0,0,1251
6512,0,4796,0
0,0,0,3678
0,6440,4317,4832
3898,0,0,0
4541,6426,0,7153
0,0,5213,6959
5492,5547,5392,3241
7451,0,8169,0
4772,3490,4272,6675
2565,0,1998,2207
0,2363,0,0
0,5379,0,2640
6158,0,0,3316
1110,0,1950,2653
0,6936,0,0
0,5096,0,5239
0,0,3020,0
3295,0,3967,0
3600,0,4351,0
0,0,5587,9104
0,5004,0,0
0,5152,0,0
0,4664,0,4620
0,5259,4724,3220
0,0,3352,0
0,4510,6479,0
7457,0,6458,7747
4622,5329,5632,5835
0,0,3038,4043
4547,3836,0,6358
7988,3883,0,0
3599,2217,0,0
7130,0,5348,0
2571,0,3972,0
6684,7031,0,0
6267,5680,0,0
5206,0,6818,7398
2979,4570,0,5159
6415,2306,5758,0
6268,5789,0,6316
0,0,3936,0
3525,0,0,0
7533,0,7002,0
6928,4596,0,0
6212,5023,3253,4317
0,4393,0,0
0,0,3536,3282
4703,4346,5435,0
0,0,0,3965
0,0,4385,3718
2820,0,0,2102
1817,0,1744,0
5423,0,4546,0
0,5960,7412,4463
0,5740,0,0
0,0,0,7007
0,2084,3022,3461
2567,2731,3116,0
0,0,4578,0
3453,6235,4056,3359
7012,0,0,0
0,3807,0,0
7599,0,0,0
0,0,2583,0
0,0,4704,0
5913,0,0,6048
5121,0,0,0
0,3851,4009,4758
5871,5027,0,5915
0,4557,0,0
6615,0,3930,0
3946,0,0,3711
0,0,3984,0
4872,5575,2464,0
5496,6188,5909,8629
4917,0,5306,3778
0,4704,3706,5169
0,2572,4709,0
0,0,7268,0
5835,0,0,7005
5493,6363,1791,5365
3029,5354,0,6217
0,0,2657,0
0,0,0,5216
0,0,2171,4303
3910,0,0,8382
0,0,0,2968
0,0,7286,0
6695,5839,0,0
7923,5837,7952,5635
7178,7196,6406,5627
5121,0,6526,0
7795,0,0,0
5609,0,0,0
0,6913,5917,4873
0,4633,6158,0
5339,4381,0,0
0,0,0,4598
0,2348,0,0
3741,5003,4517,0
0,0,3715,3838
6822,4903,3996,4512
0,0,7689,8039
2716,0,0,0
4054,0,3437,0
4389,3996,0,0
2273,6692,0,0
7906,0,0,7267
4003,3005,0,0
5745,6952,5581,0
4161,0,0,0
0,2492,4582,0
5548,4086,0,4544
1703,0,0,1869
5523,0,4812,0
0,6568,3401,0
4590,5770,6503,0
0,5487,0,0
3541,0,0,3592
1845,1994,2727,0
0,6046,0,8147
0,2325,0,4759
0,0,0,6639
0,4235,2428,4614
0,0,1727,5289
0,3800,0,0
7199,7049,5977,0
0,5255,0,6643
5079,6003,6658,0
5951,0,5533,0
5778,0,5795,6304
3860,5629,0,0
0,2717,2418,0
0,5048,4334,0
2812,0,0,0
0,0,0,6430
0,2482,4413,3003
3700,5230,0,0
775,0,2277,0
6916,0,7317,0
2170,0,3036,0
0,0,2937,0
0,0,3058,5547
6774,0,0,0
0,0,0,2294
0,4635,0,0
6036,0,5271,0
0,0,0,4427
7306,5399,5644,0
0,2712,0,5217
7913,6848,6768,6337
0,4169,6547,0
0,0,7250,0
7241,5119,4912,5197
0,0,3585,5065
0,0,3652,0
2112,0,0,0
5513,6401,0,0
0,8420,0,0
0,0,2580,0
4181,6650,7009,7182
2533,5769,0,0
3339,5118,4032,0
0,0,2966,0
3694,4556,0,0
0,0,4868,5436
1973,1439,1774,1993
3549,0,5065,3403
0,0,0,3713
3625,2988,0,3714
2681,0,4007,0
0,0,6086,7251
8810,8293,8830,8725
7244,6053,0,7097
3950,0,3095,0
0,0,0,2423
0,0,0,9298
7538,0,8727,7481
4530,0,0,3985
0,2376,0,0
3710,4568,0,0
0,0,4211,0
0,3828,0,3460
0,5926,4803,3058
2726,3926,0,4356
0,5392,3570,7340
0,6465,3457,0
0,3249,2895,0
0,4352,0,0
3640,4153,3741,2457
3609,0,0,0
0,2794,4345,0
0,0,0,3594
7271,0,0,0
0,0,0,4132
4285,0,4926,2405
5240,4364,0,3738
4354,4411,0,0
0,4347,4389,0
0,6512,7063,0
0,5853,6278,6560
0,0,2756,0
4828,0,4792,0
3759,0,0,0
6746,6029,0,4848
0,2924,3401,0
0,0,4432,0
4347,0,5772,7344
3606,2640,3754,3942
0,0,6858,0
7904,7862,0,0
1069,2130,1263,2426
6027,7339,2811,4856
6224,0,6234,0
3462,2783,3620,0
0,0,0,4555
0,0,6418,0
3798,5486,0,6626
6647,6390,0,0
6997,0,6579,0
0,0,4739,0
6309,6149,4909,7422
4819,2679,0,3629
4288,7611,0,6871
0,4238,0,5000
4679,0,3025,0
0,0,3868,5761
4458,4246,0,0
0,5438,3286,0
0,0,6053,4329
2382,0,3307,3814
7821,7053,0,0
7530,6192,6331,4577
0,4081,0,5113
0,6099,0,0
0,6744,5527,0
4426,0,6148,3526
0,6662,0,0
0,0,6151,4020
5385,0,8093,4981
8273,0,0,7357
0,3599,0,0
5352,7624,0,7739
4946,3720,4902,0
4409,0,0,0
0,5933,0,5983
0,1155,1525,0
0,6482,6600,0
5668,4153,0,0
3422,4822,0,0
0,0,0,2650
3942,3848,6059,7158
6569,6103,7807,0
6225,0,5435,5149
6247,0,7432,0
0,3961,0,0
0,0,0,2956
0,3559,4293,0
0,0,3264,2743
0,0,3047,6005
7890,0,0,0
3958,0,5242,0
0,0,5034,0
5251,0,4336,4238
1671,5350,0,0
0,0,0,6793
0,3512,3772,2448
4493,0,1702,5097
8096,6302,6225,6569
0,4987,2462,0
6504,0,5937,4488
0,3464,0,5302
0,2731,0,0
0,7059,7459,5542
9286,8307,0,8325
5581,5692,6083,4455
2505,5822,0,3834
3818,0,6030,6869
0,3859,0,0
6815,4020,0,6994
6813,5874,6642,6137
6585,0,5777,6982
0,0,2099,5005
0,0,3760,1879
0,4077,0,4079
4840,3153,2873,0
3833,3679,4949,0
0,0,5921,0
0,3446,4164,3739
6453,0,0,0
0,4961,0,0
1792,2224,0,0
0,0,0,2726
6460,4340,5704,7812
1890,0,4034,0
7285,6686,0,7311
0,7183,8524,0
1863,2204,2188,2893
4364,0,2074,3691
2944,0,0,4639
0,7977,0,8666
0,5772,4802,0
6069,4601,0,0
3547,4692,4255,4879
2257,0,2786,0
0,4299,2849,0
5115,0,0,3036
5688,4177,5214,0
0,0,4091,5011
7572,0,5782,0
0,4814,0,3374
3314,0,2664,0
4705,0,5058,5203
0,3014,0,0
4452,3229,2326,4060
0,6927,6519,0
0,0,5983,0
0,2516,0,3041
0,4586,2259,0
0,6561,0,0
6470,6123,5749,0
2066,2014,0,2305
0,2644,4251,0
8254,5024,7544,4986
0,9396,8923,0
0,6243,2042,0
3907,5396,0,7017
0,3132,0,3013
0,0,5304,0
0,2235,0,3420
0,5873,6252,0
0,6031,4709,0
6285,0,0,0
0,3113,0,0
0,2657,3135,0
3636,0,4500,3767
0,0,0,4652
0,5048,0,4291
0,8535,6521,0
5597,3771,5159,5524
4472,4161,2217,2072
0,0,0,6934
8022,0,0,6168
0,4624,0,4228
0,8505,0,0
0,0,3273,4194
3271,5633,4014,0
0,0,7956,5696
0,5400,5382,0
5513,5724,3586,6102
0,0,4915,3984
4518,6749,0,5377
0,0,3320,2273
3932,0,0,4308
4042,4479,0,0
7132,0,0,6997
7131,7702,6344,0
2868,3797,5154,5517
0,0,5036,6616
0,4008,3612,3427
4316,0,4671,2867
6556,5232,4752,0
0,0,0,5302
0,7234,0,7064
1546,2935,0,2217
3614,0,4438,4428
3659,0,0,0
7125,7748,0,0
6721,2948,5101,0
3122,3372,3335,0
0,5819,5339,6524
0,0,0,4887
5618,0,0,0
2956,4947,0,0
0,0,0,3305
0,0,2710,0
7654,6400,0,7222
3753,3392,0,0
3378,0,0,0
2824,0,3685,0
0,0,5399,6461
0,5976,0,3569
2823,0,0,1577
3147,0,0,0
0,0,0,5679
0,0,0,4981
5600,0,0,6139
0,2291,0,0
6990,6359,0,6653
0,4011,0,3476
0,6551,0,0
0,3953,0,0
4806,0,4347,0
0,0,0,6361
3585,0,2072,0
0,0,1577,0
4338,3399,0,3292
6625,0,6366,2323
0,0,3620,3537
3640,2302,0,2489
6222,6461,6586,0
6657,4586,0,0
4689,0,0,0
8457,0,4146,0
0,0,3461,7456
0,3835,4777,0
3342,3365,4550,3642
7064,6920,0,0
2028,2842,2379,0
0,4263,0,0
0,0,0,6535
0,0,5511,0
1563,1237,1277,0
0,5743,0,0
0,0,5021,3683
0,0,3355,2922
4722,0,0,4268
6143,6786,0,0
0,0,2759,0
4614,0,0,0
0,3565,5440,0
0,6355,0,6304
6860,0,5180,0
0,684,0,702
7968,9171,0,0
4452,4358,6638,3612
0,0,5602,0
0,8372,0,0
1830,0,0,0
7652,0,7546,7287
0,5622,2740,3135
0,0,5238,5219
3965,0,0,0
4682,0,5847,4552
4382,0,0,3396
0,6936,7599,0
7645,0,0,2364
0,0,7260,8597
0,7261,0,4773
0,1580,4060,4397
7434,0,7061,0
0,0,0,6843
6997,0,0,0
0,6254,0,0
0,2956,0,2315
0,6939,0,5496
0,0,2495,0
0,4762,7116,0
0,0,0,2891
5052,0,2975,0
6712,5639,3444,7555
0,0,2120,0
2818,0,0,4746
0,0,7708,0
0,0,0,7381
4592,4573,0,0
6083,0,0,0
0,7206,5701,0
5650,7422,4834,0
3325,7805,4477,0
7264,0,6554,3526
3741,0,0,0
0,0,6582,0
0,5175,0,0
0,4824,5145,0
0,0,4227,0
0,7653,0,0
0,0,0,4911
5778,0,0,4162
0,0,5444,7005
0,0,1910,0
0,5636,5349,5529
0,0,5722,0
3433,3622,5317,2610
3302,0,0,0
4585,0,4270,0
0,0,7551,0
3093,0,2510,2511
0,0,0,3247
3732,0,3055,4160
0,0,4717,6491
5807,5930,6962,4613
2338,6010,0,0
4320,0,5241,4553
2597,3098,0,0
0,6219,4393,0
4719,0,5511,5950
5838,0,0,0
0,3188,2907,4763
2594,0,3533,3037
0,3482,5448,3562
2426,0,0,4185
7701,8259,0,0
4730,0,0,0
5265,0,3275,0
3931,3436,0,0
3795,5708,0,5507
0,0,2979,0
6031,3194,0,0
5359,0,6264,0
0,0,0,8014
5373,5493,0,0
0,3471,0,0
4990,0,0,0
0,0,0,6437
0,0,8921,0
5818,0,7933,6133
7452,0,0,0
0,5826,0,0
0,0,0,5405
4201,0,3773,4498
1863,0,0,2705
0,0,5056,4468
2854,0,0,0
5104,0,3868,3322
7359,0,0,6264
0,6376,0,0
0,4917,6076,0
6994,0,7560,0
3007,2337,0,0
2849,0,0,0
0,4373,3284,0
0,0,6176,0
0,0,2511,0
5116,5363,4471,4569
0,4022,0,3415
3734,4739,3159,3565
0,3029,0,0
6583,0,0,0
7650,8989,0,8583
0,0,0,6666
0,0,4597,3799
3597,0,4276,4016
4226,3506,3144,2861
0,0,3610,0
0,0,0,5117
0,0,0,4307
5031,4804,0,0
1327,0,2380,5190
5382,2739,3634,2536
0,4375,3400,0
5167,0,4040,0
4565,2355,0,3380
0,0,0,6941
6628,0,5484,4723
4568,0,0,0
0,0,0,973
4674,6312,5916,6790
0,0,8159,6923
6316,5452,0,5907
0,7024,0,0
0,0,0,8492
0,0,5782,6100
0,6279,5752,0
0,2534,0,0
0,8026,0,8294
0,5141,3024,4631
0,0,0,6882
5826,0,6386,6369
2468,0,2583,4299
4076,3426,0,0
6068,4772,0,0
0,5738,0,0
5516,0,0,0
0,4794,0,5285
0,6557,0,0
0,0,3347,0
5909,3709,0,2975
7731,5746,0,7000
3523,3268,4123,3181
0,0,0,3373
0,0,5499,0
2851,4990,0,3802
0,0,2753,4727
0,0,0,5602
6001,0,3269,0
0,0,4967,0
0,4243,0,0
3052,0,0,2898
3249,0,0,3835
4438,0,6142,0
8045,0,7177,8058
4403,4932,0,0
0,5460,0,4745
4636,5877,0,0
0,8292,3848,7035
2205,0,0,0
0,4617,0,0
5518,0,0,7481
6569,4876,5372,0
2168,0,0,2771
0,2246,4444,6892
0,5637,6272,0
6323,6872,5876,0
5052,0,4620,3773
0,0,0,5304
2697,4288,0,0
0,6558,8018,5211
0,6295,3644,0
0,6195,3253,0
0,0,3743,0
0,2076,0,2927
4323,0,0,0
5998,3193,0,2832
0,4952,6313,0
0,4617,0,3859
0,0,7883,0
0,0,0,7154
0,3499,0,5875
1643,1056,2001,1170
0,5463,0,0
0,5724,0,5307
0,0,0,6588
2690,3000,3462,0
0,3292,0,0
4571,0,5528,0
0,7271,0,6730
0,4430,6339,4050
4879,1503,0,0
4181,0,0,0
0,0,0,6650
2782,5493,0,0
6021,0,0,3891
4509,0,0,0
3276,0,3365,2290
4254,0,3978,4828
3594,0,3568,0
0,0,4234,0
4509,0,5717,7506
0,6741,0,0
7062,0,0,0
0,0,0,4425
6341,0,4936,6067
6334,0,0,3386
4855,0,0,4929
3980,0,0,5517
0,0,5075,0
0,0,3967,5974
2944,3162,0,0
0,6480,0,0
4395,0,0,0
3380,0,2037,2889
7761,4358,0,0
4118,0,0,5474
8231,8484,0,0
0,0,6465,0
4543,0,6155,6862
4919,0,0,0
4041,0,0,0
0,6196,7607,6923
0,5202,0,4745
0,2567,4246,0
6556,0,7663,6528
2264,0,0,0
6706,3625,0,4692
6654,0,0,6401
0,0,3720,0
4826,0,0,0
0,3945,2509,0
0,0,5096,6738
0,6437,0,0
2536,0,0,1230
6970,5326,5160,0
3409,0,0,1705
0,0,0,5163
0,2916,2480,2454
0,5898,5682,0
7022,0,0,0
3784,0,0,6364
0,0,4583,0
0,6307,5232,0
3463,2716,3457,0
0,0,0,3883
9004,0,0,7984
0,5416,2270,4915
6545,0,0,0
0,3081,5370,4426
5348,6767,0,5726
4778,0,4467,0
0,5853,4146,0
0,6407,0,0
4339,4151,4018,5030
7428,6881,0,8275
0,0,6413,3751
0,0,0,2193
0,5185,0,0
6193,5245,0,4862
0,6034,4984,7265
0,0,9107,0
4391,5587,5073,5034
0,7766,0,7522
7400,0,0,0
0,0,3546,0
0,0,0,6379
3877,4047,0,0
0,0,6085,0
0,7847,0,0
0,0,3572,0
0,0,0,6839
0,0,3960,5374
3158,0,0,0
0,2836,2028,2245
1690,0,2780,3441
6288,0,0,0
0,2497,0,4847
3520,5805,0,0
3426,4401,0,0
2052,4006,0,0
0,0,2528,2247
4850,1735,6321,2656
0,6416,7156,0
0,7907,7734,8817
3747,0,0,5940
0,5977,5632,6510
0,0,0,3891
0,4147,0,4490
3250,0,4834,6498
7854,0,6867,0
2402,3333,5393,3036
4701,4130,0,0
5004,5542,0,4022
0,5058,0,4697
0,0,0,8421
0,0,0,2379
0,2239,2776,1778
0,0,5596,0
0,0,0,5503
0,0,4025,0
0,5338,0,0
6569,0,0,6675
0,0,0,5624
0,2385,0,5468
0,3858,0,0
0,0,1593,0
3284,0,0,4441
7652,0,0,6209
0,1967,3485,3093
4674,0,0,0
0,2300,2130,0
6234,4140,4339,3838
4904,3619,3853,4528
0,7951,7365,7970
3026,0,0,0
3972,0,0,0
0,0,8914,0
4785,0,8131,0
5063,5345,0,0
3819,6066,0,0
0,4605,5081,4717
0,0,0,5290
0,0,4815,5418
2827,0,2806,0
5518,5843,5922,7480
7386,4705,0,5666
2553,4575,3014,0
8304,0,6987,0
0,7837,5644,6203
6500,5895,6713,5544
0,6009,0,0
0,8062,5294,0
5042,0,2448,5042
0,0,5436,0
0,8089,0,6351
0,0,0,2809
2143,0,0,0
0,2725,0,0
0,0,3012,5098
4319,3750,0,0
0,0,6251,6011
0,0,0,7149
0,4500,2992,0
0,4393,3029,4791
7318,7155,7708,0
5930,6814,5206,6313
3226,3212,0,0
5838,0,0,4937
0,0,3851,3308
0,7066,0,6419
0,0,5423,5694
4624,0,3606,3744
3950,0,0,0
0,3644,3456,0
5433,0,7237,0
0,0,0,6038
7884,7145,8753,7140
2326,0,0,0
0,0,6648,7382
6373,0,4400,5066
0,0,5048,0
6548,7175,0,3545
7273,5075,4944,0
4313,0,0,0
0,1673,0,1145
0,4786,0,0
0,0,0,4682
0,0,4617,0
0,5820,4817,6842
0,6498,0,0
2880,2065,0,0
0,6111,4078,0
3800,5788,0,0
1907,1435,0,0
3750,4139,0,3892
5190,0,6333,0
0,0,6263,0
3447,3779,5319,0
0,5227,4763,0
0,6447,5577,7300
0,7561,0,0
0,6434,5799,5096
0,0,0,5762
0,5458,6162,5469
7334,6244,0,0
0,0,0,6013
7164,0,0,0
0,0,2562,3063
0,0,6166,4386
6815,7466,0,7239
3040,5030,0,0
0,0,5095,6838
0,0,0,4021
0,3586,4895,0
3760,0,0,2659
4100,0,0,3055
0,4760,2400,0
7500,4113,4727,3356
5501,0,8631,0
7669,7907,0,0
3904,0,0,0
7206,5151,7390,0
4705,0,3512,0
6416,0,0,0
5151,0,0,0
5779,4361,7498,0
0,5412,4289,4363
6021,0,4995,6757
0,0,2809,0
5431,0,7586,5374
5120,0,0,0
2995,0,0,0
0,0,7030,4630
0,0,0,3494
6481,0,6590,0
0,0,5710,0
0,0,0,7192
0,0,3637,0
2676,0,0,0
0,0,2367,0
0,0,0,3402
4977,0,0,0
0,7964,6385,5291
6518,0,0,0
5679,5483,0,0
0,4550,0,0
0,0,0,3339
4545,0,5443,7264
5507,0,0,0
7423,7314,6960,0
0,4902,3346,6530
0,7518,0,0
0,0,0,5626
6685,7026,6945,5499
0,4927,0,4798
0,3504,0,0
0,4695,0,0
7141,0,0,0
4091,5175,0,3394
5216,6769,0,0
2549,3348,2170,0
0,0,4607,0
5245,6037,6588,0
0,0,4242,2896
0,2754,0,0
0,0,6383,0
0,0,5814,0
3872,0,0,0
0,0,8089,0
0,3226,5452,3381
0,0,5733,0
4889,3841,0,2510
0,0,0,7712
5656,2968,6685,5847
0,4430,7037,3451
0,0,0,3092
0,0,3001,0
6787,6198,0,0
5257,0,0,0
1998,0,0,0
6649,0,0,0
0,6892,0,0
0,0,3446,5542
0,0,0,5845
0,2743,0,4121
0,5917,3314,0
3743,0,0,0
3571,3349,0,4353
0,5280,4823,2830
0,5624,3907,3776
0,3860,0,0
5125,7268,0,0
0,0,0,5982
3644,0,4275,2353
2787,0,0,4751
3460,0,3506,0
5176,3913,0,5422
0,2946,0,0
0,0,0,2685
0,4551,3470,4330
0,5896,3549,6872
0,0,5335,0
4317,0,0,0
2609,0,0,4955
1998,0,3326,0
0,0,0,3187
0,0,5734,0
0,7357,0,5272
3037,3105,5246,4135
7456,7146,7591,5763
0,2226,0,2855
2957,3470,0,3196
2841,0,3026,0
0,1748,2117,0
4344,0,0,0
0,0,3419,0
2792,0,0,0
0,5418,0,5165
0,6066,3860,0
2879,0,0,0
4363,3749,3475,0
0,3225,0,4432
5909,0,4907,0
7443,0,0,7460
6638,0,5632,0
6732,0,0,7468
3518,4119,5093,0
6051,0,5956,0
2187,6295,0,0
9219,0,0,9266
0,0,0,4880
4963,0,4976,3196
6359,3947,0,0
2743,2284,0,0
2315,0,0,2806
0,2539,0,0
0,2030,0,0
0,4919,0,0
3497,0,0,4981
4442,2227,3873,0
6557,0,6735,0
0,0,0,6655
1492,1297,1576,0
0,4184,0,2843
0,6709,0,0
0,5770,4687,0
4084,0,3411,0
5260,8165,0,5789
0,6070,5795,5966
0,0,7558,0
0,0,7433,4811
5572,4827,6446,0
7547,0,7220,7918
4228,3245,4289,2519
7088,0,6542,3064
4714,0,0,0
6525,8275,6315,0
4422,4871,0,0
5678,6554,7499,6703
3512,3777,0,3847
5690,0,3823,0
4583,0,0,5242
0,0,2874,0
5658,0,0,3233
0,7011,5506,0
4949,5074,0,0
6204,6077,7370,0
0,0,6609,0
2821,0,0,5921
0,0,6177,0
0,0,4821,0
0,0,6800,7590
0,5629,0,0
0,5744,6419,0
0,7614,8562,0
0,0,5432,0
0,5418,0,0
5993,5662,0,0
0,4121,2826,0
4363,4629,0,3515
2581,0,0,0
5008,0,0,0
2916,0,0,0
0,0,6271,0
0,3849,0,6886
0,2939,3800,0
2089,0,2472,0
0,3477,2107,2473
6484,0,0,0
6020,2258,4477,0
0,0,0,3831
0,2974,4347,2660
7437,4580,5087,0
6599,0,0,0
0,0,1894,0
4678,0,0,3957
5940,0,0,4514
4222,3063,2648,0
1593,2531,0,0
7350,0,7458,6743
7348,0,4984,0
0,2280,2733,0
5835,0,0,0
5513,0,0,2705
0,0,2928,0
8066,0,0,5506
7171,3856,5166,5086
7001,0,5071,0
0,6127,5611,6693
0,0,3980,0
0,0,0,4709
0,6700,0,5191
0,0,2132,0
0,0,3456,0
4686,2068,0,0
6296,7327,0,0
4731,6886,5590,5521
3507,0,0,7160
0,0,0,3173
1716,0,1254,0
0,4351,0,5469
3299,1942,2702,1282
0,0,7205,0
8766,8642,0,7735
0,4379,0,0
0,0,0,4348
0,6157,6064,4272
1748,3173,0,3464
0,3192,1613,0
0,5844,6109,0
0,0,0,4302
0,3185,0,0
4549,4157,0,0
0,5976,0,5407
5348,0,5732,0
0,3221,4962,0
4086,0,4445,0
0,3936,2273,4730
0,0,7814,0
0,0,7800,7562
0,0,0,2574
3936,5790,4688,0
3881,5763,7906,0
4214,0,6298,0
0,0,0,3525
1317,576,1480,0
3262,0,4160,0
5874,4459,0,5998
0,0,3565,0
0,6038,0,0
4156,5928,5550,5603
5081,0,0,0
0,5996,0,0
0,0,7646,6249
0,0,7862,6386
7536,6081,0,0
0,3538,5246,0
0,0,5377,5734
0,4763,0,0
4486,0,0,0
0,2042,0,2522
0,0,0,6476
0,0,0,2127
0,5455,5466,6014
3597,0,0,3966
0,0,0,5491
4989,5946,0,0
0,0,3034,0
5198,0,6582,4816
4481,0,5243,4190
4929,3799,0,0
4496,2164,4174,1449
5808,5095,5048,0
0,0,0,6049
0,2996,6814,5287
0,0,5581,0
0,7012,0,5047
0,7092,7014,4725
5182,0,0,0
2108,0,4990,0
4362,2864,5772,0
0,4900,0,5354
5144,0,0,0
0,2895,2594,0
0,0,0,7670
8180,0,0,0
5957,0,0,0
0,3595,0,0
0,0,0,5873
0,0,5194,0
5221,4839,3341,0
0,0,0,4869
7138,0,7042,0
0,5027,4532,7013
3895,5116,3804,5448
0,5825,3897,5009
2624,0,0,0
0,0,5011,0
0,6790,6052,6312
0,0,7925,0
0,0,7026,0
0,3916,0,3574
0,0,9095,5949
3707,5271,0,4009
6706,0,7228,6530
0,6405,5510,0
3473,2376,0,0
3528,0,0,4915
0,5865,4428,0
3925,0,2103,0
7245,7609,0,0
0,5981,0,0
0,0,0,3917
4991,0,0,0
6681,0,0,0
0,2709,0,0
4814,0,0,3891
5359,0,4262,0
0,0,2975,5844
7070,6134,5854,6346
6881,0,6330,7136
4552,0,2688,5317
6053,4926,0,5674
0,8941,0,0
5042,4779,6434,3834
1952,2819,4054,0
5756,7334,5537,0
5651,6487,0,0
963,971,0,0
0,0,0,4693
4036,4247,4756,0
3166,0,3121,3268
0,5059,4901,6413
5889,0,0,0
1853,0,0,3119
0,0,0,6332
8023,0,5518,4390
0,6653,5998,5948
0,6477,0,0
0,0,3971,0
0,7689,0,0
4856,7273,0,0
0,3575,3235,0
0,0,4879,0
0,0,2295,0
8143,6605,7331,0
3937,0,3610,0
0,2436,1692,1644
0,0,0,4015
0,4557,0,0
5240,0,0,6030
0,0,0,5825
0,2978,3539,0
3235,0,0,0
4777,0,0,0
0,7111,0,0
6960,6125,8022,6652
0,2400,4293,0
0,4681,4291,5435
0,0,0,7960
0,5828,0,0
1802,0,2406,2989
0,6074,6495,4808
0,3267,0,5716
0,6882,5974,0
0,4120,0,0
8024,0,7951,8368
4224,3020,3899,4848
0,0,5101,0
5288,3394,3638,0
0,0,4309,5152
3216,0,3437,1455
6637,0,0,5176
4009,3109,6078,0
0,4553,6678,4524
0,3278,4753,0
4275,3969,0,0
8713,8664,9152,8117
8186,0,7727,0
3527,2872,0,3379
0,4285,6535,4920
0,7893,0,0
4919,0,0,0
0,5660,0,2805
0,0,4302,2601
1401,0,745,576
0,5925,0,0
0,2549,1418,0
2001,3949,0,0
0,3406,2657,0
0,0,4535,6558
0,0,0,6619
0,5723,0,4312
2665,0,2914,4499
0,0,0,8041
4091,5755,5774,4181
0,3017,3285,4023
0,0,0,6053
0,1982,0,0
0,3333,0,3531
4782,0,0,0
0,0,4029,0
7327,4227,0,0
0,0,7938,0
0,3784,0,0
0,2789,2679,2283
0,0,0,5957
0,0,2922,4692
0,0,0,4020
2457,0,0,2544
0,3366,4571,4195
3632,3617,3130,0
0,3121,1446,0
0,6332,7770,5919
7285,0,6151,8353
2634,0,0,3097
0,0,0,7825
2387,3945,0,0
0,2796,0,0
5881,0,0,0
0,4916,0,2851
7476,6899,0,5624
0,4892,0,0
7039,0,6030,6956
5029,0,4387,4153
0,3808,0,0
6214,0,0,6888
5255,4653,6920,6496
0,0,4150,4389
3745,2535,0,2943
3335,3171,0,2945
5872,0,5529,4789
5521,3475,6419,0
0,0,0,7506
0,3281,0,0
0,0,2384,3939
0,0,0,3703
0,0,0,3896
0,0,0,8658
7557,6351,8102,6984
7601,0,0,7369
0,0,5996,6659
6248,0,0,0
0,3553,4699,5181
4495,3913,0,0
5121,0,0,0
2784,3905,0,0
5092,3792,6168,5943
0,9049,8026,0
5695,4516,4458,0
0,0,5487,0
1550,0,833,2093
2986,0,3458,0
0,0,5462,4786
3371,0,0,4481
6987,4800,4683,6892
4269,3344,5862,5319
6448,9299,5378,6770
3220,3723,0,5658
0,3936,0,4138
2483,0,0,0
0,0,3306,2033
5399,5961,0,4106
0,1738,0,0
7949,0,6354,7056
0,4473,2869,5073
0,4388,0,3531
0,7837,0,0
0,0,5827,5488
5570,0,0,0
0,5928,0,0
8664,0,0,0
0,0,0,2762
0,0,3242,0
5069,0,4931,5384
0,6638,3047,4431
0,0,6949,3700
0,4506,7612,0
0,0,1448,0
3415,0,0,0
7512,7793,0,8204
0,5020,0,4059
0,4519,4372,4627
0,0,5910,4224
5395,5330,0,0
0,5696,0,0
3338,5304,0,5442
0,2296,3358,3003
0,6268,0,5051
0,0,0,1990
7744,3955,0,4098
0,0,7402,7429
0,6920,7140,5783
0,4203,0,0
0,0,0,4512
0,4052,3609,0
0,1290,5571,3643
0,0,0,3841
0,3934,0,0
6090,4670,0,0
1637,0,2315,0
3479,4336,0,3730
0,3906,4322,0
0,0,5235,0
4244,0,3661,0
4137,5857,3630,4145
0,0,4001,0
9218,0,8625,8517
5836,6825,0,5680
3246,3358,4053,4754
4800,4836,0,0
5190,5316,5818,0
0,6502,5997,0
2410,1384,1418,0
0,0,4797,0
3869,0,0,6108
5931,0,0,0
0,4152,5760,0
5810,6337,0,0
5670,0,7768,5248
0,0,2998,0
8470,0,0,0
6912,0,5671,5925
0,0,0,4186
0,0,0,3940
3778,0,0,0
4738,0,0,5252
0,5757,5960,0
0,5368,0,0
5401,0,0,0
0,4464,0,4436
4936,0,3961,2803
0,0,4884,2938
6306,0,7134,0
0,0,6960,0
0,2986,0,0
6424,5651,5656,3973
0,0,0,4107
4148,6430,5875,0
0,0,5441,0
0,6129,5679,0
0,0,0,4210
0,0,6452,6882
0,0,0,5388
5602,6945,0,0
3473,0,5540,0
0,0,6491,7354
0,0,3741,0
7014,3785,6049,0
6062,0,4903,0
5390,4336,4874,4521
7690,0,0,7302
4803,0,5161,6168
0,7555,7490,7360
3464,0,0,1974
0,0,5633,0
4327,0,3831,0
4384,5427,0,0
5786,7282,0,7004
0,0,8226,0
0,0,6504,0
3610,0,4537,0
0,6537,0,5531
5591,6841,0,0
0,0,6209,0
0,0,0,3743
0,4003,0,3600
6215,0,5950,0
7476,0,0,0
0,0,5012,5059
0,4767,5376,0
0,5972,0,4688
7784,3760,7626,4912
0,5818,0,0
0,0,3363,0
0,2684,0,0
0,6795,0,5023
0,0,0,4304
3240,0,4436,0
0,3848,6862,0
0,4584,4553,0
0,6586,0,0
4941,0,0,0
0,0,0,8705
6672,0,0,5717
3859,6257,3689,5289
0,0,0,8363
6442,0,5297,6905
4859,6402,5914,5384
3702,3218,0,0
4624,0,3373,0
5432,5335,6314,5635
7144,6525,7166,6422
0,2214,0,5437
0,6684,0,0
0,6639,0,6603
7248,6454,0,0
6600,0,0,4362
5073,0,4510,4681
0,0,4311,0
0,5050,0,1732
0,5067,6888,5993
5302,5005,0,3420
0,0,5392,0
4945,4956,4747,0
0,5071,5873,0
2381,3533,0,2383
3850,0,0,0
5853,0,0,3124
3794,5368,0,0
0,0,4094,0
5684,5453,3217,0
0,0,7700,0
0,7660,0,0
3690,7962,4921,0
3703,4618,0,0
0,7397,3936,0
5564,0,0,0
0,0,0,6162
0,0,4517,3536
0,0,3659,0
0,4949,0,5235
0,5055,0,0
5503,0,3575,0
2805,3479,3487,2721
2775,0,0,0
8477,7109,7261,0
0,0,0,1644
0,0,5644,4751
0,0,0,3958
7147,0,0,6694
0,6057,0,0
0,0,5532,0
5399,0,4213,0
0,0,0,6627
7097,5955,0,5069
0,0,6032,7879
3876,0,0,3056
0,0,4035,6969
7063,5555,0,0
0,0,3315,0
0,6911,0,6929
0,6028,5558,5654
0,3353,0,4527
4252,4366,1921,4163
3407,3009,3735,3051
5969,0,5075,8735
6674,3652,5514,4083
0,0,3233,3613
5556,1241,4396,3750
0,6683,0,0
4178,0,0,0
0,9158,8786,0
0,2218,2561,0
3135,0,3750,0
0,2726,0,0
3868,0,7829,0
0,0,1896,0
0,6095,0,5783
0,4792,5174,6920
5905,0,5569,0
0,7116,0,0
5796,5242,5440,0
7437,4765,5571,6292
0,0,7837,0
2614,0,0,2286
7413,0,8040,0
0,0,4110,4408
4591,0,0,0
0,5551,3997,0
7178,0,7811,5946
0,0,7355,5846
6954,0,8570,6801
5447,4696,4963,3262
4130,4564,0,3262
7025,0,0,0
4049,2967,0,3389
7295,8005,0,7608
0,5264,5488,5625
0,7802,0,7347
6675,6502,0,6116
6661,4874,4815,0
0,0,5746,7421
6208,0,7136,6483
8063,5247,6209,5181
5554,0,3193,0
6685,6401,0,5604
5010,5385,0,0
5121,0,3562,6269
5309,6905,5347,5925
0,3720,2234,3234
0,0,5942,0
5524,3689,6126,4536
2806,0,4095,4644
0,0,3912,5260
7360,6009,6662,6636
0,0,3419,4024
7213,2466,4596,0
0,4520,0,3076
0,0,3667,4990
3309,0,3591,4579
3358,6018,0,4937
0,0,6162,0
0,0,0,2801
4597,0,0,0
0,5681,0,0
7046,0,0,0
8100,8635,0,8615
0,0,4212,5259
0,3441,4070,0
0,4848,0,7453
2020,0,0,0
0,0,2644,0
0,7204,0,0
0,0,5694,7365
0,0,1082,0
0,0,3978,0
0,3708,0,0
2171,0,2609,0
4117,4874,0,0
0,0,0,3264
0,0,0,1802
4615,0,5730,0
0,0,6165,4566
3820,6535,0,0
0,0,3399,0
4296,0,4520,3127
5289,0,0,7462
6273,2642,0,4367
5496,0,0,0
5852,4427,0,0
3575,3966,0,0
0,4287,4915,6611
0,2973,6090,5090
5034,0,0,0
0,968,1446,0
0,1448,0,2185
0,0,7922,0
4962,0,0,0
3252,0,0,5005
0,0,3874,0
0,7564,0,7035
0,5151,0,0
0,0,5797,6507
0,5392,6072,6099
5847,0,0,3603
0,0,7427,0
7437,7070,7302,0
5712,0,0,4733
0,0,0,4922
0,0,4055,7957
0,1279,5571,0
7371,0,0,0
0,0,3953,0
0,0,5760,0
4657,4212,0,5067
0,4574,3996,0
0,5147,5029,5343
3592,0,0,3946
0,8215,0,7949
6428,7414,5787,0
0,0,4710,0
0,7716,5922,6326
4258,0,4694,5095
7270,5243,0,0
5395,0,0,0
4287,4258,0,7601
0,0,2862,2759
6614,0,6894,0
4409,0,0,0
0,4578,0,4338
2250,0,0,0
6007,0,0,0
0,6720,3847,0
6005,7013,4108,0
4448,0,6886,0
5741,0,0,6332
0,5093,0,0
0,5157,0,3667
0,6239,5827,8479
3499,5424,0,5466
0,1892,5929,0
4583,5894,3778,5196
0,4586,4283,4365
5290,7702,0,0
2727,4122,4496,4461
0,0,6336,0
0,0,0,2421
7320,6940,0,0
7057,5246,5090,6220
7471,0,0,4263
0,0,0,4818
0,0,4056,3535
0,1589,0,2857
0,4482,4594,0
0,0,5029,4479
8359,7457,0,7637
0,0,0,4973
6131,5437,0,7736
0,3763,3194,3958
2719,2868,1293,0
3008,0,4806,5693
0,5201,0,0
6611,3979,0,3563
0,3014,3252,4753
0,4511,4462,7629
2724,3081,0,3833
4493,5600,0,5752
0,8559,0,0
0,6915,7636,7325
3308,0,0,0
0,0,1544,0
0,0,0,4835
4956,4906,0,4839
0,3960,6015,0
2349,1832,0,1971
4773,0,0,5698
6708,6098,0,7558
0,0,7903,0
0,2719,0,0
0,8798,3433,4968
4410,0,3750,0
0,0,5299,4826
0,0,5702,5955
0,3802,0,5448
0,0,3525,0
4485,0,0,3977
4379,7841,5273,0
0,5577,5225,4386
0,0,6765,0
7459,0,0,0
0,0,7232,6322
0,0,5444,4471
0,7161,3908,7244
0,5527,5532,5085
0,0,0,4199
6647,2929,0,0
0,0,4568,0
0,0,0,2619
7039,0,6690,6238
0,0,0,4154
2440,0,3396,3670
6160,0,6232,0
6163,6928,5768,5093
0,0,6584,0
0,0,2940,3883
3496,3169,0,0
6519,0,6525,0
0,0,8055,7750
2012,0,0,0
5399,2772,0,0
6917,4885,0,5693
0,5670,0,0
0,5102,0,0
7238,0,0,0
0,0,3398,0
3638,2868,0,3031
3538,3884,0,0
6446,5929,0,0
2891,0,0,0
7317,7144,5790,7126
0,0,2861,0
4276,0,5719,0
0,4586,0,3434
4923,0,0,4240
6016,7033,0,0
0,0,4490,0
0,0,5400,5285
5971,0,0,0
0,2535,4140,2873
0,0,0,5759
0,0,2823,0
0,0,4951,0
0,0,0,3295
6054,6118,0,6290
0,3648,0,0
6049,0,0,4988
1717,4308,0,6937
4942,0,5207,0
0,0,7519,6357
7999,0,7779,8301
6418,0,0,0
0,0,4598,0
5889,7994,0,0
4203,0,0,2545
6659,6302,0,0
0,0,0,5562
6897,6010,0,5176
0,4070,7028,6816
0,0,0,2417
6872,5803,0,5092
6261,4475,0,6361
3084,0,0,0
0,0,0,8383
6090,0,0,0
8009,0,0,8119
3867,4973,3346,0
0,0,0,6261
2379,0,2118,0
0,5763,5618,3320
6021,5764,6690,4865
6172,0,0,4841
0,0,5866,0
5213,4234,0,2276
0,0,0,6229
0,5516,0,6281
0,4999,5398,6169
0,0,5141,3872
0,3997,4232,0
0,7719,6300,7072
3521,0,0,0
0,0,6258,0
0,5735,0,0
4271,6436,0,4197
0,0,6273,0
4774,5592,6184,0
4623,0,5309,0
0,0,0,1520
7542,6046,0,5975
0,4793,0,0
0,0,6501,6338
5727,0,0,3056
0,2344,0,2619
0,5615,0,4359
3764,0,5561,0
0,0,0,3131
0,0,2718,0
0,4911,2608,0
0,2373,3702,0
7923,0,0,5957
0,0,8352,5926
2036,0,2132,2110
0,0,7666,0
0,2811,4818,0
4254,3682,0,0
0,0,2355,6856
0,0,6317,0
0,0,4818,5936
7623,0,0,6751
0,0,6907,0
0,5019,0,3433
3473,0,0,6214
3213,0,3632,0
0,0,3947,2257
4884,4002,4916,2662
4245,4044,6605,0
2866,2846,3612,0
3821,0,0,4438
2632,0,0,3855
6728,0,5552,0
0,0,0,4279
0,0,5792,4843
3363,5183,4547,0
0,0,0,6924
0,0,3167,0
0,6415,0,0
4089,0,3553,3680
0,0,2897,3414
5744,4898,0,6460
0,4035,3010,2870
5467,5300,0,0
0,7206,0,0
7034,4225,0,0
0,0,0,6962
0,6770,0,0
0,6037,6010,0
0,0,5010,6250
3539,5037,0,0
3103,0,0,0
6867,0,5766,2974
5725,0,4398,0
6470,3746,0,2552
4279,0,0,0
6980,4716,0,5094
5941,0,5813,5639
4490,0,0,5721
0,4342,0,0
0,3588,3106,0
0,0,3663,0
0,7636,0,0
6086,0,0,0
7457,0,0,0
3503,3632,2597,0
0,0,3522,4091
6751,5096,0,0
0,6421,5764,0
6148,6680,6432,0
4992,0,5897,0
0,0,0,7812
4903,3234,4221,3635
5407,4675,3662,0
0,1558,0,1767
0,0,0,3397
6571,6992,6502,7172
0,0,3088,3975
4772,6943,4986,0
0,8225,7109,0
0,8235,8224,7726
6185,0,0,0
0,2819,0,0
0,1792,0,2514
3747,4650,3314,6983
0,0,0,3241
5544,5012,0,5491
0,6095,0,0
0,0,6461,0
0,5496,5421,0
0,4606,3632,4154
0,0,0,5207
0,0,6517,0
4021,0,3719,4020
3791,5421,4072,7041
0,0,5216,5278
4323,0,3719,2823
7562,0,0,0
1917,0,0,0
0,5442,0,0
3689,0,2214,3495
0,6653,0,5509
5899,6266,0,0
6508,4580,0,3839
3876,2481,0,0
1865,0,1947,2296
4071,0,4575,0
7600,0,0,0
3226,5004,0,4281
0,2218,4283,0
0,0,5234,0
0,0,3274,0
0,5561,6019,0
0,6084,2856,0
3409,5067,5766,6090
3014,7328,6106,4947
6226,0,0,0
0,0,2006,0
4418,5822,0,5183
0,6849,0,5793
2192,0,0,0
8483,7393,8574,0
4581,0,0,0
1828,0,0,0
0,0,5648,0
0,7019,6728,8013
5056,0,3934,0
2849,0,0,0
5138,5811,0,6144
0,0,5167,0
3216,0,0,0
0,0,0,6119
2180,0,5405,0
3280,0,0,3908
0,4042,4550,4941
0,5362,3618,3122
0,0,7095,6878
0,5098,0,0
0,0,0,7094
0,0,6172,0
0,0,0,5297
5469,3987,5302,0
5311,0,4670,0
0,5399,4541,2351
0,2779,4919,0
3168,0,0,0
4559,0,0,0
5712,0,0,0
0,0,6405,0
3471,5149,4001,0
0,4105,0,0
4736,4182,5319,4659
0,2913,2260,2612
5749,6805,0,0
0,3025,5275,0
0,0,3084,0
4587,3277,3098,6186
0,6475,7715,6789
6849,6333,0,7189
4326,5632,5878,0
3482,5267,5026,0
4847,0,6020,6860
6730,0,6957,0
0,0,5787,0
1188,4661,0,0
0,3629,0,0
0,5868,6801,0
0,0,1802,0
1525,2044,1957,0
3697,2069,0,0
6845,5628,6167,0
3998,2708,3624,4367
7622,0,0,6663
3676,0,0,0
0,4249,0,4676
5704,4008,4678,0
0,5150,0,6244
2075,1649,1205,0
0,0,7219,7283
4202,3739,6363,0
0,0,0,6336
4488,4772,0,3986
5704,0,4210,4477
0,5254,6412,5816
0,0,3086,3266
3763,6209,0,6770
3654,4731,3635,3921
0,0,3960,3538
5117,0,0,930
0,6465,3588,0
0,6934,0,0
3381,0,5270,0
0,0,0,4658
0,5907,6164,6792
0,2764,0,0
5498,4397,4674,3138
0,0,0,6616
0,5855,4277,5057
0,6487,0,0
7028,0,0,0
5236,5892,0,0
0,0,3209,2291
6007,3967,5768,3827
6195,0,0,3937
0,5433,3534,7790
0,3447,0,0
0,0,0,5783
7238,7532,6599,7340
2878,4371,3245,3453
0,6353,6675,5061
0,5038,6907,0
0,6065,4230,4846
3804,0,0,0
6529,0,0,0
0,0,0,2879
7419,5895,0,0
4299,0,3154,2215
5606,4227,5266,3948
0,6892,0,0
0,4591,0,0
1806,0,1215,2063
0,0,4100,0
0,0,1506,0
7890,6352,7099,5906
6842,0,0,5772
3792,4204,0,5532
4205,0,0,6310
0,0,0,6254
1648,0,0,0
0,3611,0,0
0,3645,0,0
5028,5430,0,0
0,0,5618,3813
2444,2701,2138,3620
6434,0,0,0
4970,0,5545,6795
0,1492,2997,0
0,0,2986,0
6195,0,0,3107
7081,0,6024,3485
7136,0,7406,0
2633,3096,5459,0
2953,0,0,0
0,0,0,3701
3130,0,2189,2570
0,0,0,5810
6445,0,4167,5751
5409,0,7416,0
5192,2523,0,0
3083,3632,0,3697
3739,5260,0,0
0,0,0,5861
0,4343,0,3845
6351,6664,6280,0
4095,0,0,0
3539,0,0,3927
4683,2577,0,0
0,5864,6597,7384
0,3619,0,0
4177,0,0,2845
5122,4702,0,3711
0,0,0,6208
0,6193,0,5079
0,6810,3624,3854
3777,0,0,4321
7709,0,0,0
0,6016,5777,6328
0,0,1194,1056
4012,0,0,0
0,0,2983,3401
5597,0,0,0
4148,0,0,1814
0,0,4621,5234
0,6274,5821,7557
0,0,7135,0
0,6848,6385,5611
3203,4474,0,4989
4955,0,4989,6488
5341,7793,0,5258
5542,4373,0,7104
5877,3203,2513,4708
4475,0,2695,3362
7009,5698,0,0
0,0,3302,4214
0,0,4661,0
5973,5284,7098,5030
0,4400,5671,0
0,3937,0,3518
0,0,5316,0
0,2071,0,0
0,3155,4852,3681
4377,0,4019,0
0,0,7622,5265
6465,0,0,4558
0,4250,3803,4268
0,0,3432,0
0,0,0,4219
0,6003,0,0
0,3437,0,0
0,5933,6806,6617
3204,0,0,0
7119,0,0,0
4407,4239,0,2382
0,0,1373,2660
1422,0,0,2816
0,2590,0,0
3774,4913,0,4257
0,6893,6885,0
0,0,7293,5373
0,4767,0,4509
2447,0,3262,0
0,7084,5879,0
0,3656,0,6200
0,0,0,6423
0,3172,3436,0
3598,4845,0,0
0,0,0,6551
2567,4915,2833,0
6085,4746,6736,4462
0,0,3127,5707
3206,0,0,0
0,0,6027,0
6123,5298,0,5144
0,4453,0,6045
0,7184,0,0
0,2396,0,4237
0,3674,2581,1780
7040,0,0,0
5855,6580,6407,0
0,4199,4141,0
0,5049,0,0
3380,0,3103,3599
0,5852,0,6291
0,0,0,2923
6063,5483,6734,6024
5698,0,5008,0
0,4956,0,0
0,4658,0,0
4362,0,2588,0
0,3652,4530,0
5004,0,0,0
5249,3309,0,2904
4249,1530,4473,0
6584,0,0,6465
3163,0,4857,0
0,0,5548,3404
0,7557,8052,0
4138,0,3182,0
2680,2847,4797,0
0,0,0,4778
0,4309,5216,0
0,0,0,6620
5020,5703,0,5331
0,3253,2467,0
8060,0,0,5947
5828,0,0,6519
0,2922,3024,4296
0,0,0,3605
0,4086,0,4508
8116,6455,0,6984
0,0,3091,3454
0,2535,2109,2142
5259,8241,0,0
3471,0,0,0
3824,6268,0,0
3898,3733,4688,3929
0,6112,0,0
0,2370,0,2065
3567,5817,3300,5822
0,0,0,5181
3776,2544,0,0
0,0,5562,5291
0,0,0,3038
3957,5068,3087,4590
4731,5805,0,4592
0,0,0,4504
4487,0,3746,4009
0,5540,2078,3395
0,0,5516,0
0,0,2529,0
3857,7324,0,0
0,0,5502,3951
0,0,6658,0
0,0,7599,4791
0,5897,7574,0
0,0,3801,6453
0,7628,0,6325
0,8072,0,0
0,0,0,3746
4850,4173,5209,4417
4012,0,0,3432
0,4043,0,0
0,3071,0,0
3162,0,0,5021
0,6353,0,3669
0,0,0,5035
0,6475,5588,0
0,6998,7133,6243
4574,0,4862,2503
6993,0,0,0
4450,0,3153,4486
4397,0,2633,3840
0,0,6735,0
0,7800,0,0
0,4022,7165,6200
0,0,3867,0
4637,0,0,6873
0,0,3105,0
6747,6402,0,6529
1595,2042,0,1878
0,0,7585,0
0,7017,6717,0
0,0,0,5448
0,1467,4014,0
6002,2748,0,0
0,0,5446,5842
0,5016,0,4327
0,0,4483,0
7782,4003,4013,4062
6858,7899,8545,7480
0,5988,0,6223
0,4148,5786,4624
0,0,7732,0
2298,3707,0,0
5865,0,6344,6124
0,4439,0,0
8505,7575,0,0
0,0,5791,6871
0,1776,0,0
0,4796,6791,0
0,0,4070,4835
0,0,3748,0
7822,0,5677,0
0,3248,0,0
0,0,4126,3318
0,0,3540,0
7736,5192,0,0
4344,0,0,4168
0,5944,4020,0
0,6910,0,0
0,0,0,3897
4855,5043,0,3678
0,7228,0,5107
0,0,0,4657
7132,0,0,0
0,2938,3892,5186
2984,0,0,3339
7470,0,7314,6756
4419,3120,4106,0
0,4601,5329,5843
0,0,0,4384
2029,3850,3498,0
0,0,6404,5913
0,0,4698,0
4311,0,5934,0
5036,4392,6699,2240
5650,1605,0,0
7753,7242,0,0
0,7818,6657,0
6778,0,7356,4458
0,0,6465,0
0,0,4865,0
0,0,0,5687
4813,4548,4787,4793
2619,4113,2569,2421
0,6546,6590,0
0,3551,0,0
3222,0,0,0
0,0,5508,4769
4062,6790,6671,0
5958,5001,0,0
5531,3520,0,6015
0,3921,2734,0
3879,0,0,0
0,4041,0,5212
0,0,5021,0
0,0,1412,0
0,0,0,4914
4800,0,0,0
2506,2895,0,0
5342,1601,0,0
0,0,3007,5077
0,0,0,2665
0,4475,5987,4584
4155,0,0,0
0,5734,0,0
0,5221,3140,0
0,0,0,2231
0,3915,4444,0
0,6844,0,7420
2839,0,0,0
1476,0,0,1792
0,9348,9074,0
2227,4294,1748,0
4329,0,0,5555
4376,4117,5291,3631
0,0,6011,0
0,5557,0,4457
3446,4787,2822,0
5590,8022,0,0
0,0,4171,0
2623,2169,2324,0
0,0,3928,3502
0,0,0,6323
3334,0,1857,3109
3542,4978,0,0
0,0,4343,0
0,5193,0,0
7214,6314,0,6767
6022,0,0,4473
4978,0,0,0
6296,7963,5820,0
5350,0,0,0
6817,0,0,8467
8129,7769,0,0
3603,3428,0,0
0,0,5105,0
0,2351,0,0
6518,0,0,6461
6752,0,6360,0
0,0,5097,5720
3700,2215,5597,0
3131,0,0,0
0,5093,0,0
0,6899,4882,6049
0,4163,0,0
0,3087,0,4465
2828,0,4393,0
5437,3990,5695,0
5516,0,5953,0
0,0,2286,0
5599,0,0,0
3491,3472,0,0
0,6351,2604,7667
3021,0,0,5492
4912,0,0,2881
5676,0,3420,3582
0,0,5714,5145
4108,0,5400,0
0,0,6891,0
6624,6287,0,6080
0,0,8422,0
0,0,6770,5769
0,0,2615,0
6209,0,5644,6660
3038,2337,0,2147
0,0,0,2889
6561,4186,5614,0
0,0,3308,0
3311,3567,0,2715
1676,709,1381,828
4797,7603,3758,4200
0,5732,4637,0
4627,5550,5098,0
0,6438,7857,5313
0,0,0,1534
0,2756,4065,2193
5614,0,4974,5469
4687,5624,6471,0
3240,0,0,3329
3262,0,0,0
2765,0,0,3165
0,0,8035,3332
6257,0,0,6286
2697,4043,0,0
0,2547,2666,0
0,0,5998,6448
4327,0,0,4979
3212,0,2774,0
0,0,3711,0
4993,0,6275,0
6683,0,0,6938
0,0,0,5089
7628,0,8326,6602
0,0,0,3537
0,5088,0,0
0,0,0,5002
0,5594,0,3736
5987,7627,0,6679
5088,0,3567,0
3377,0,3239,0
0,0,4587,5963
2304,0,0,7745
3656,0,0,0
0,0,3199,0
0,0,6094,2807
0,0,7867,0
0,1281,3552,2255
0,5312,2351,4490
6854,8758,6775,6498
1987,0,0,0
0,0,0,4920
0,0,6841,0
7166,0,7778,0
4326,0,2800,0
5891,2490,5264,4157
6503,5176,6778,5532
0,5440,0,3256
0,3255,1965,0
0,6447,5217,0
6314,5184,0,7201
0,0,0,5858
0,3725,3361,0
4329,0,0,0
0,3569,3572,0
0,4450,2527,0
0,5160,7195,0
5828,7677,8616,7117
8184,0,0,7964
0,0,6848,7442
0,0,7399,6608
0,0,2780,0
7984,7866,8550,7599
0,5027,0,2688
0,0,2597,2157
8664,8247,0,0
0,0,3761,5983
7726,6965,0,0
0,3611,0,2853
4623,0,0,0
0,5824,0,5676
0,3308,0,2271
6670,5196,6253,0
0,0,4988,0
0,0,0,6633
6998,7676,0,7774
2447,0,0,3107
3887,3855,3472,0
1865,0,0,0
2872,0,0,0
0,2418,0,4768
0,6302,0,0
5055,0,3481,4400
4468,0,0,0
5357,0,2648,0
2843,0,0,2525
4250,0,0,4174
0,6987,7092,0
5688,4551,0,4139
0,0,6535,0
2898,0,0,5173
5994,0,0,0
0,0,3859,0
0,5612,5338,6771
6411,0,0,0
0,0,6333,0
0,3588,0,0
6847,0,6119,5588
0,7112,0,0
3917,3605,0,4065
0,2738,0,0
0,0,0,1932
0,4679,0,0
3424,3531,1918,3829
2105,0,0,0
5339,0,4948,3009
0,4450,5286,4304
6410,3500,0,3797
0,0,1711,4970
9040,8113,0,6519
2308,3621,0,0
0,988,6640,5754
4056,0,0,0
0,0,5638,0
4891,4788,0,0
6697,0,0,0
0,6579,5915,4349
5340,0,0,0
0,4129,0,0
0,0,2769,0
0,0,5674,3646
0,2747,0,3213
3595,5423,684,0
0,6084,5190,7198
0,3706,5492,5415
3767,5287,2914,0
6039,4467,0,6647
0,4684,4566,4178
0,4285,3719,0
0,0,8122,0
3744,0,2587,0
0,0,0,6014
0,6650,7704,0
0,0,4411,0
7900,0,0,0
0,6670,0,0
0,0,6698,0
3944,0,0,0
5765,0,0,0
3520,0,0,0
8076,6938,7510,6455
0,3050,5855,0
6351,4799,5179,6061
0,6659,0,0
0,5680,4539,5281
0,3945,0,0
5303,0,5287,0
4025,0,0,0
0,5828,6498,0
0,0,4442,4056
0,0,5428,0
3791,3702,0,4242
0,0,4356,2739
0,2889,0,0
0,0,3798,0
0,6700,4422,0
0,6765,5602,0
4104,7032,0,5419
0,4374,4165,0
3347,0,0,0
0,0,5567,0
0,3225,2953,3296
0,0,3247,0
4163,0,5480,0
6781,2293,5552,705
0,1557,6036,3197
3511,4539,4150,4356
3321,0,0,0
5620,0,0,0
6742,0,6775,6780
0,4686,0,6547
0,8744,0,0
0,4610,0,0
6044,4617,0,0
5461,0,4460,5949
0,0,7057,5535
6560,4641,0,0
2181,1524,0,0
7711,7364,0,7292
0,4211,3758,0
6124,5274,0,5702
0,5041,3854,6871
5026,3261,4940,0
3083,3759,0,4523
5598,3325,6125,3655
5612,0,0,0
4825,6344,0,4686
5269,0,0,0
0,5859,0,4444
0,7234,0,0
6554,0,0,0
0,2727,5614,0
7219,8425,7395,0
2096,0,0,7582
0,0,7171,0
0,3288,0,3520
0,0,0,3525
3236,4006,6050,3719
0,0,5430,4464
0,0,3980,0
8613,0,8565,8867
5917,0,4122,5906
0,7862,7581,6798
0,6076,6407,0
8333,5721,6443,5741
0,0,6107,0
0,5067,2333,4104
0,1999,4752,0
0,0,0,5275
2120,2065,0,0
3141,0,0,0
4650,0,0,5438
6607,5390,6696,5217
7812,0,8554,0
5053,0,5307,0
0,2353,0,0
4598,0,6192,5507
4717,0,3980,6032
4983,0,0,0
0,5990,5911,0
7008,0,0,9023
0,0,5777,7322
0,5212,0,5550
0,5151,0,4982
0,0,4525,4285
0,6318,0,0
2384,2451,0,2263
7679,0,0,6537
5406,6817,6250,3288
6626,0,6902,6956
1944,0,0,2244
0,4433,6253,0
2619,0,0,0
0,0,0,4833
0,0,2888,0
0,4535,0,0
0,0,0,1703
3277,0,0,3615
0,0,5411,6661
6489,6164,0,0
0,4398,0,0
6294,6455,0,7157
4544,0,0,0
0,0,0,2282
2295,0,0,0
0,5734,0,0
0,0,0,2273
3528,4174,0,3590
3648,3237,4189,0
6429,7135,0,0
3736,0,0,0
2618,0,2298,0
0,5930,0,7497
2979,0,0,2204
0,2139,0,0
3981,7461,5128,5566
0,0,0,5261
0,4649,2907,0
4051,0,6542,0
4015,3829,4271,3795
4795,0,3910,3450
0,0,0,5688
2805,4092,2451,0
6904,4747,0,0
5168,0,0,3521
0,0,7065,0
4963,2926,0,3377
0,2357,0,0
3846,0,4702,0
0,6321,0,4968
0,3873,0,3045
0,0,0,3214
0,5952,0,0
6006,0,0,0
2047,0,0,0
6689,0,0,0
0,3834,4862,0
0,3617,0,4366
4508,4290,4903,0
0,0,2067,2983
2531,0,3609,926
0,0,7467,0
5462,6917,0,0
0,6756,0,0
3971,0,0,0
0,0,5067,0
0,0,0,2707
0,0,4101,0
6147,0,0,0
4629,0,0,0
0,6591,0,0
0,0,6917,0
0,3891,0,2753
0,0,5743,6258
4806,0,3884,1793
1054,0,0,1458
0,0,3517,0
0,1560,0,0
0,0,6812,0
2699,2237,1803,1827
3495,4431,3910,4071
0,0,2527,2909
0,0,0,5122
0,0,3554,0
4953,0,3944,0
6516,0,0,4766
6769,6680,0,5527
7364,0,6417,0
5139,0,0,6777
7944,7678,0,7482
0,5991,6848,0
4586,0,0,0
0,0,6469,6989
4144,0,0,0
4283,2476,4239,0
0,2546,3952,2981
4255,5369,0,6995
0,3328,0,5118
0,0,0,7446
0,0,2459,3676
4995,0,4216,0
0,0,0,5456
0,0,5187,0
0,0,5436,5655
0,6610,0,0
0,0,4454,8044
3958,0,2563,0
5961,6773,0,0
5976,0,3338,4307
0,0,3107,0
6493,0,0,6690
0,1917,0,3976
4423,4349,7437,3112
0,4899,3123,0
4831,6406,0,2593
4820,0,0,7319
0,3852,0,0
4800,1727,0,2488
4564,0,6447,0
0,2822,0,2877
5740,0,3650,4732
5010,0,0,0
0,5148,5647,0
0,3999,0,0
4396,6229,0,0
0,5602,0,0
3418,3701,3993,4320
3297,0,0,3180
7069,5192,4381,3664
5446,5917,0,6954
0,0,5402,0
0,0,0,8213
0,0,0,7284
2969,3691,2327,3266
0,3546,1670,0
0,0,1943,0
0,4247,0,0
5058,0,0,1258
7231,0,0,4211
0,5585,0,0
3728,3185,4526,0
0,0,2756,0
7041,7178,0,6155
5222,0,5924,0
0,1835,3795,1938
0,7372,6917,6760
6278,0,6564,5144
6421,0,5310,5847
7136,0,6259,7417
0,4166,0,6586
0,0,0,5577
3853,0,4306,0
2359,0,0,2722
0,3545,0,4209
0,4793,0,0
3146,0,2972,0
0,4112,0,0
0,4936,0,5241
4362,0,2975,2473
5990,0,5087,0
6720,0,4735,0
4185,5217,0,5868
0,0,0,1841
5415,7017,0,7469
4933,0,0,4491
0,0,2732,0
0,0,5401,0
0,6665,5661,6727
0,3551,0,0
0,0,6826,0
0,6167,5647,0
0,0,7534,0
0,0,6610,4948
0,6190,0,6287
0,0,0,2961
0,2906,0,3126
0,0,0,4013
1741,0,0,1673
1371,4582,0,0
5686,4601,0,0
0,0,7057,0
4331,0,0,3407
0,0,2602,3436
3193,0,4683,0
0,0,2534,0
0,3199,2849,3733
0,4912,0,4638
0,4866,5963,5050
6882,6408,0,5353
6548,7720,0,0
0,0,3376,0
0,4072,0,0
0,0,3313,0
0,0,4717,0
0,2059,0,3613
0,0,0,5973
0,3783,0,2847
0,6372,0,0
8310,0,0,0
4367,0,3829,6936
4322,2894,0,0
7607,0,7142,7709
4419,1766,4481,1701
0,0,0,7536
2822,0,2854,1776
2936,0,0,0
5116,5630,6734,6027
2547,0,1769,0
0,0,5093,0
0,2336,1041,0
7340,8119,0,7608
6194,5433,0,0
3362,0,0,0
0,0,7077,0
2567,0,2382,0
0,0,0,4867
0,3349,3918,0
0,0,0,3283
0,3299,0,0
4345,4444,0,0
0,0,5126,7245
0,0,7615,0
7137,5287,7103,0
0,0,6480,0
4404,0,0,0
0,0,0,7094
0,8916,3954,0
6394,6831,8613,6243
0,788,0,0
0,6243,6736,6201
0,3049,3456,0
6823,0,7339,0
8229,0,0,8041
0,2206,5523,0
6177,4649,0,0
6719,0,7716,5101
0,5112,7047,6627
4139,3557,0,0
6331,5245,5885,3257
2182,2642,0,0
4415,4079,5676,5142
4566,4487,0,0
0,0,5961,0
8649,0,0,0
0,0,2355,0
7932,0,6274,0
6349,0,6919,0
0,2147,4898,0
0,0,0,4446
4386,2922,4480,0
0,5042,0,3132
0,6223,0,0
0,2498,0,0
7438,6707,6598,0
2658,3596,0,0
2586,6349,3237,0
6461,6013,0,0
0,0,0,4094
3630,6910,3731,0
0,0,6964,0
6968,0,0,0
0,0,5282,0
6145,0,7266,0
0,3383,0,0
7680,0,0,0
5871,0,7399,6751
0,5380,4446,0
0,5169,5798,0
2666,3116,0,0
5021,0,5332,4052
0,3675,6307,0
3973,0,4608,2801
0,7272,0,0
0,4728,0,3003
4723,5014,0,0
0,973,0,847
5464,4285,0,0
6618,6317,5429,0
7154,8004,0,7468
7446,0,4888,0
0,0,0,6653
6678,6812,7315,0
0,4530,0,6767
4106,0,7420,0
0,2204,0,0
0,0,0,5208
0,0,2905,2877
0,6259,0,6410
4949,0,0,6572
5183,8351,0,0
0,5947,0,0
8131,0,0,0
0,0,0,5854
5141,0,5094,4689
5019,2845,0,4079
4134,3857,0,3857
0,5232,5564,4572
0,5896,2877,6067
0,0,0,3220
1960,4562,0,0
4543,5314,3871,5017
0,0,0,7041
0,5470,0,5912
2028,0,0,0
0,0,0,3922
1553,0,1458,3280
0,6368,4928,5055
2566,3668,0,0
0,6287,5248,0
4926,3370,0,0
3262,0,0,3538
7246,0,0,0
6300,0,0,0
0,4271,0,0
4993,0,3836,6723
4809,0,0,0
3681,2723,0,1950
0,6082,3633,5356
0,0,0,4581
0,5566,0,6475
0,6566,5728,0
0,6495,0,0
5606,5986,0,0
0,4861,5312,0
0,0,5576,0
4979,0,0,6085
3934,0,0,0
0,3087,1342,0
6930,0,0,0
0,0,0,8788
0,6920,0,4496
0,0,5825,7650
0,3845,4254,0
0,4128,4863,6047
5468,4346,3332,3254
0,0,7055,4352
0,6793,7419,7415
0,5925,4048,5187
0,0,3994,5597
6313,4776,0,0
0,6784,0,0
0,0,5514,0
834,0,537,929
0,4637,0,6944
4057,0,0,9855
2328,0,5541,4338
2176,0,0,0
5704,2955,0,0
6083,4738,0,3488
5789,7028,0,7894
4673,4023,0,4606
0,0,3818,0
4564,3649,6590,0
0,4167,0,4783
0,0,0,5485
6152,0,0,0
4281,0,0,3105
0,5496,5280,3509
0,0,0,1889
2306,0,2883,3412
0,0,0,6103
5346,0,3300,0
6059,6076,6421,6922
4578,2700,3286,2353
6653,0,8541,0
0,0,2836,0
0,4209,0,0
4890,0,5728,0
0,7443,0,0
557,3469,0,0
0,0,4959,4993
2480,0,2843,3163
5075,3058,0,0
0,0,0,3573
2494,3110,0,0
4112,0,0,0
3727,0,0,0
0,0,8104,0
6982,0,5825,4295
0,6651,6025,0
0,0,1903,0
5498,0,0,0
5245,0,4950,5224
7386,0,0,5841
0,7489,7069,0
0,5421,4550,0
6376,0,0,0
0,0,0,6955
0,5333,0,3985
3852,0,5602,0
7030,6595,0,0
5369,0,2572,0
0,0,2233,0
2430,0,2889,0
0,5852,5179,0
0,0,4250,2866
5088,6960,3676,8067
4114,0,0,3833
4409,0,0,0
4702,0,5039,4452
0,0,0,4108
0,4534,5033,3867
0,0,0,4334
0,0,0,3793
0,0,6640,4717
7145,0,7875,6291
0,3801,0,0
0,0,0,6134
4697,0,0,0
2488,0,0,4063
0,0,0,5800
3897,0,0,0
3546,0,0,3011
0,0,4878,6352
5059,5895,3987,4349
7822,5326,5938,6918
7347,4455,5572,0
3691,7052,0,7062
6045,0,0,6317
0,6038,5044,3796
0,5217,0,4448
1989,0,0,1969
2486,0,2944,2361
6563,7582,0,5034
4447,4688,4622,0
0,0,5132,0
3784,0,0,0
0,0,7028,0
0,0,5257,6918
4751,0,0,0
6368,0,5826,0
5535,5147,0,3714
5234,0,5972,5028
0,0,0,3333
6507,0,0,0
0,0,4883,0
0,2252,5586,2642
2447,0,1866,3120
3722,0,4275,3356
5066,0,0,0
4306,1498,3939,4656
0,3825,4337,0
0,5675,7132,5792
3262,3785,0,0
0,3862,6399,5155
7859,3706,0,6317
6821,6125,6228,5517
2931,4767,6613,0
0,0,6685,4296
0,0,3075,0
0,6069,0,0
0,2179,0,5369
4298,0,0,3039
4460,0,0,0
6403,3467,3858,0
0,4087,0,0
5934,0,6391,7684
0,0,6549,0
0,3087,0,0
6598,0,0,0
0,4289,4683,0
8893,0,0,0
0,3835,0,0
0,0,6325,6411
7835,6687,0,0
0,6877,6107,6894
3807,6038,3086,0
0,7371,7040,7138
3747,0,0,2683
0,6030,4698,6645
5405,7008,0,0
3949,0,0,2671
0,0,2423,5981
0,6008,6611,6893
6211,6677,4329,6305
6245,0,0,6982
0,0,6944,0
0,7695,6458,7135
0,1177,0,2486
2676,0,2044,0
2918,0,2268,0
0,6526,0,0
3670,2873,4227,0
0,2541,1336,2805
3907,0,0,3793
6680,5606,0,0
0,0,0,3180
0,0,2696,0
0,0,2093,2382
0,7051,5275,6109
7817,0,0,7085
6015,5538,5146,0
0,7324,6992,0
0,3387,4830,0
4068,5773,0,0
0,5477,0,0
4634,0,0,1988
7379,0,6822,6437
2821,2239,1401,0
0,0,3900,0
2881,0,0,3201
0,0,6498,0
4401,0,0,0
8316,8634,8657,8593
6129,0,0,0
2527,0,0,0
0,0,0,4326
0,3025,0,3328
2436,6653,0,4999
0,0,3291,0
6271,0,3497,0
6694,7359,0,6962
6129,0,0,0
0,0,7051,4475
0,0,4753,6368
5427,6251,0,4332
0,2637,2818,0
0,6614,0,0
0,4785,0,0
6879,7437,0,5903
0,4062,0,5191
0,4469,5455,0
0,6411,0,0
6859,0,0,6756
4353,0,0,3212
6853,5586,0,0
0,3589,3822,4716
3667,2934,3838,2638
0,5329,0,3725
0,0,3798,0
0,2676,1864,0
0,7852,0,8523
0,0,0,3691
0,0,0,3005
4441,0,0,0
0,0,6372,0
5705,5882,0,0
3775,0,0,0
0,0,7364,5688
3726,0,4837,0
7374,0,7417,3626
0,0,0,3076
7241,0,0,6664
7286,7492,6415,6712
0,5222,0,0
4160,0,5561,4843
5805,5009,5301,0
0,0,3653,0
2225,4336,0,2952
0,0,7148,4540
8092,0,6682,3080
0,5930,0,6008
4712,0,6587,5975
0,0,0,2470
6897,2519,0,5387
2845,1565,0,0
6965,0,5389,0
1148,0,2400,2441
6039,0,3887,0
0,0,4545,4546
2909,0,0,0
0,5097,0,3609
5166,0,5377,3316
5796,5562,6268,6969
3483,0,6527,0
5989,0,0,0
6489,6717,4791,4967
4477,2369,0,0
0,7080,6464,0
5357,0,0,5807
5866,4633,0,0
0,5658,0,0
5485,4284,4074,2985
4836,5864,0,0
0,3697,0,7995
0,0,6909,7878
0,0,0,2465
0,1509,0,1806
2980,0,2292,0
0,0,4966,5224
0,3736,0,0
0,6006,3943,0
0,6427,6774,0
6623,0,6219,0
0,0,0,6108
0,0,0,2648
0,4543,0,0
6526,0,6640,0
3500,0,0,0
0,5892,3961,0
3357,0,5389,0
0,0,6378,5713
6300,4188,5877,0
5247,3498,0,0
5127,0,4300,0
1781,3382,0,0
0,4683,0,0
6242,0,4861,2268
0,4964,0,0
0,3379,0,0
0,2240,0,1288
3644,0,4735,5594
7482,0,6802,8062
3753,3763,3578,0
2742,0,0,0
0,2676,4381,3215
2993,3517,4560,5650
0,0,3377,3897
7303,6342,7630,6947
0,0,5232,3414
5712,0,2413,3953
0,0,6480,7163
4255,4802,5972,0
0,3633,4893,2588
0,0,0,6138
5095,0,0,3711
2964,0,0,3650
0,0,0,6409
4869,0,0,0
6823,0,5046,7019
8522,7676,0,7332
4144,0,5367,0
5807,0,4662,0
5883,0,5826,7785
0,0,4630,0
7359,5514,6066,6452
0,0,7335,7007
7708,0,5993,6235
4535,0,5679,0
6628,8028,0,0
0,6057,6705,6175
3143,0,4492,5645
3804,0,0,0
0,3543,4051,4555
0,2942,4415,3294
7390,0,0,0
6111,0,0,0
6035,0,0,0
5028,0,0,0
7281,5650,6069,4418
0,0,0,2665
4064,6981,5808,5253
3107,4651,3625,0
8072,0,6789,0
0,0,4311,0
7636,6026,6985,0
4466,0,0,3261
0,7185,4268,0
6618,0,0,0
7209,0,0,0
0,2479,3369,0
4908,0,0,3134
0,8033,0,0
6378,5065,5979,4608
0,0,0,4273
0,7551,6983,0
6611,4487,8847,5162
1770,0,1688,0
3302,3536,0,4316
0,0,3970,0
0,0,0,6659
5164,6913,0,3088
2056,0,5676,5984
6246,0,0,0
5310,4161,0,5641
5010,0,0,0
5001,0,5333,0
0,4570,0,0
7299,0,8329,6648
0,0,0,8087
6053,4981,6684,0
0,0,0,4286
0,0,5257,0
5592,4293,4714,4230
0,0,3869,3730
4453,3017,4902,0
0,5853,0,6832
7435,0,0,8590
4794,0,5572,0
7875,0,0,0
0,8525,0,0
0,0,6275,5956
0,7794,6531,0
0,0,3722,0
0,0,8474,0
0,5807,6679,0
0,3566,0,3493
0,0,0,5334
0,0,4321,4708
3980,3909,0,5527
7874,6461,0,5700
5636,0,0,6113
0,0,0,4348
5001,5077,5336,5979
7613,0,0,7963
0,0,5055,0
4854,6609,0,0
5907,0,0,0
5066,7500,6362,0
7334,3907,0,0
0,2160,0,0
0,0,5826,0
5151,2784,3303,4223
0,3122,4593,0
0,0,5760,6796
3106,0,0,0
4060,3830,0,3880
6826,4898,5895,0
0,0,7452,8696
5592,6508,5992,0
2932,0,0,3851
5407,0,6824,0
0,6238,8203,0
0,0,3132,3677
0,3007,0,0
0,0,3076,0
2831,3868,3073,0
5260,0,5244,5598
0,2516,0,0
0,6033,0,0
6530,8168,6856,7806
0,0,0,6961
2036,0,3195,0
6686,0,0,0
7088,0,3766,4519
3237,0,0,4629
0,0,4753,5322
5489,0,0,4683
4031,5972,4635,5065
0,0,7473,6533
5624,7325,6808,6537
0,2461,0,2695
4145,7539,0,0
3969,5821,0,0
0,0,0,6732
3228,4826,3667,0
0,5029,4929,6447
4661,0,6268,3915
0,6895,0,0
6347,6066,0,0
3285,0,0,2745
0,0,6056,0
0,8244,0,0
4647,0,4907,4873
7399,6840,6849,6981
0,0,0,6383
5776,4777,0,0
0,0,0,2769
4242,3696,7617,0
0,4651,0,5867
0,6697,0,0
0,0,3714,0
4188,0,0,6645
0,4895,0,0
5210,0,6160,2898
6200,0,0,0
0,0,7348,0
6460,0,5509,0
6576,0,6264,7117
2284,0,1564,2163
2090,0,0,6235
0,6469,4151,4702
8301,0,7267,0
0,4549,2220,4425
3372,3246,3379,0
0,0,0,3759
0,4245,7121,5319
0,3991,0,6309
0,0,1945,0
0,3508,3489,0
6601,0,0,6620
6496,6815,6659,7524
0,6293,4638,0
5780,0,4639,0
4936,0,0,3652
0,4068,6029,0
4936,5508,5414,5123
3498,0,0,0
0,0,0,3901
7477,0,7236,0
2448,3414,0,0
3421,0,0,0
0,3531,5614,0
6394,7044,0,0
0,1274,0,0
6169,0,6967,0
6054,3160,0,3104
0,5084,0,3580
3229,4224,0,4376
4216,1395,0,3611
3382,0,0,0
0,0,8651,0
5850,4026,0,0
0,2233,0,2151
8345,6777,7975,0
3393,3436,4406,2657
8504,0,0,7691
2481,2842,4337,0
0,3367,0,3782
5995,0,6733,4520
0,3952,0,0
0,5342,0,0
0,0,4595,4067
0,1921,0,0
0,4480,0,0
8264,0,7956,0
1802,2318,0,2378
4458,0,0,0
6669,5839,6611,6281
0,2901,1111,2792
0,6072,0,0
4806,0,0,4159
0,0,0,4086
6496,0,6584,0
0,4904,0,0
0,1937,0,0
0,7556,0,0
5034,0,0,0
0,0,0,1585
0,6978,5765,0
5286,5959,3949,6348
4131,0,0,0
0,8512,0,9075
7183,5839,0,4848
8281,0,0,0
9090,0,0,0
6110,0,4238,0
0,0,0,6789
0,3067,0,0
7706,0,5591,0
6612,6243,0,0
5768,0,5456,0
0,3587,5003,0
4727,0,0,5153
0,0,3213,5716
0,6939,0,0
4893,0,0,0
4348,0,0,0
4294,0,0,4646
0,0,0,4068
4392,3591,3926,0
6177,5841,0,5908
0,0,4637,0
6613,0,3288,0
0,0,2436,3090
0,4283,5404,0
4564,0,3493,5576
0,4954,5895,3835
7405,0,0,6077
0,0,4376,0
3534,0,0,0
5371,7837,6104,6485
0,0,6448,5835
0,0,7611,5995
6357,0,6772,0
0,4139,0,0
0,0,5477,5282
0,0,5619,0
0,4120,2289,4518
3340,0,0,0
0,0,2783,0
6864,4927,0,0
5147,0,0,0
0,2484,0,0
1978,2488,3207,0
0,8097,0,7834
0,6530,0,0
0,0,7643,8647
6255,6092,0,0
0,3085,0,0
3844,5634,2034,0
0,5519,2224,5956
7912,7519,7168,0
0,3661,6702,0
3785,5528,0,6227
0,0,4415,0
0,0,4841,0
5396,7460,5205,6005
4714,0,6663,0
0,0,7124,0
0,0,0,8205
5866,4866,0,0
2924,0,2731,0
5696,0,0,4398
5036,0,5269,6673
0,3853,0,5379
4838,6905,4875,4346
5598,5597,6741,0
6505,6408,0,0
0,5390,0,0
7307,5632,7058,0
2972,0,0,3598
0,3957,5327,0
2436,5249,0,0
3063,4153,0,0
7319,795,0,0
3230,6989,0,6825
3231,5890,0,0
0,3273,0,4569
0,6815,7231,6917
0,0,0,6014
5694,0,7810,5308
5397,6642,0,0
0,1950,0,0
0,5133,5976,0
7115,0,7447,3490
0,7732,7080,0
0,3494,0,0
4305,4208,0,0
4207,0,5242,5983
0,3311,0,0
4869,5703,5348,3600
0,4171,4639,0
0,0,0,6816
0,4648,6632,4948
5138,0,5559,6477
7033,4648,6159,0
5984,3443,0,0
0,2603,0,0
0,0,6787,0
0,0,0,5325
0,4343,0,0
0,7037,6272,5444
0,5534,0,0
6298,0,4163,5299
0,4207,2507,0
0,5433,0,4919
3989,0,3872,0
0,2791,0,3573
6610,4021,5326,4622
2247,0,3354,3142
2683,3612,3706,0
5663,0,0,3282
0,6309,4783,7732
0,0,6735,0
0,4955,5378,4350
2676,0,0,0
0,6736,0,0
3193,4491,0,4888
4372,5837,5843,5141
4858,0,0,0
7888,0,0,6411
0,5654,7806,0
2466,0,4911,0
5624,5940,0,6135
0,3094,0,0
4786,0,0,0
4853,6286,0,0
2316,0,0,2334
3486,0,0,0
2859,0,2297,2733
0,0,3528,0
0,0,0,5614
5361,0,0,0
0,1975,0,2368
1955,0,0,0
2669,3004,0,3640
0,3162,0,0
5079,0,0,0
3632,5151,3615,4886
4386,4923,0,0
4390,3142,4700,0
2176,0,0,0
0,0,5276,0
0,4196,5817,0
5156,5932,0,7307
0,0,5003,0
0,0,0,4789
0,2852,0,0
0,5519,0,7080
2356,1422,2353,0
7806,0,8078,7944
0,2253,0,0
5951,0,0,4171
5987,0,0,4540
6158,0,0,6159
5454,0,0,4202
7799,8739,0,6946
5735,0,0,3409
0,0,6014,0
4076,3893,0,4824
6849,0,0,0
5371,0,0,0
4011,3424,4902,2807
4262,3887,0,2878
4137,0,0,3228
6004,0,0,4502
5138,3632,0,3356
0,6232,0,3174
2820,0,0,0
7232,0,5645,0
6424,0,0,0
0,0,4790,3480
0,3896,0,0
0,6791,6095,0
4880,0,0,3235
0,5705,0,0
0,7255,6144,6725
0,0,0,4608
0,0,3941,7132
0,0,8080,5977
0,0,3657,0
0,0,5792,5319
0,0,0,5881
0,0,5924,0
0,3318,5522,4549
4794,3446,0,0
8682,0,0,0
6514,2692,3201,0
0,7743,8030,0
4822,0,0,3441
4414,0,5347,0
0,7622,5840,5504
4498,4018,6577,4457
0,0,2528,0
0,9034,0,8025
7266,7304,2963,2885
0,5982,4333,0
5981,0,3483,5997
0,0,0,3976
6601,0,0,4632
5719,0,4932,0
0,0,0,3219
0,5112,4499,6645
0,5237,0,0
3494,7507,0,2904
4190,0,0,0
3603,0,0,3321
0,4769,4144,2888
4402,0,3144,4075
0,0,5858,0
1640,2114,1462,0
7301,6563,8331,0
7780,0,0,0
2706,0,0,0
5676,0,3988,0
2672,0,3087,5170
4799,6844,0,5092
0,5393,6446,5960
0,0,6139,4551
3884,4689,5793,2862
0,4405,0,0
0,5284,4394,0
8327,3169,0,3729
3292,0,0,0
2289,0,3165,0
0,5472,4337,7487
0,5849,0,3889
0,0,5402,0
0,0,0,4639
0,0,3332,3041
0,3407,0,0
0,6062,6135,0
0,5391,0,0
6579,0,0,0
0,3512,0,0
0,7526,7468,0
0,6657,4533,0
0,5312,0,4909
4303,0,4037,0
0,2867,0,1729
3148,1853,0,2255
0,5316,0,0
5160,0,0,0
0,4394,5222,0
0,0,5459,3621
6852,0,6822,0
1920,0,3992,2845
7419,0,0,0
0,0,2618,4241
0,0,1725,0
0,0,4344,0
7260,0,0,0
5673,5599,5714,0
0,6883,0,0
0,6728,0,0
0,0,3573,3096
6466,5216,0,7734
0,0,4317,4254
6207,0,0,5169
0,6177,0,5918
3678,4095,5238,0
7393,0,8507,0
6243,6330,0,6025
0,0,0,5726
5601,0,0,5910
0,0,5988,5953
2757,5930,0,7236
0,0,2777,1996
3899,0,3367,0
0,5975,5884,7273
0,0,6690,0
4124,0,0,3329
3122,0,0,0
4649,3273,3767,4272
0,0,0,8555
0,5171,0,0
0,6942,0,4681
5645,4444,0,5383
8035,0,7540,7989
0,3513,3992,0
4250,4450,0,0
0,0,0,2818
0,0,5682,0
0,0,0,4537
5268,6359,0,5906
6090,0,0,7116
0,0,6936,0
5112,3029,0,5693
2138,3839,0,0
0,5767,0,0
2237,0,0,1455
0,0,4335,0
4104,2481,3951,3966
0,2812,0,1152
0,0,2436,3068
5181,4683,0,0
0,0,0,6021
4581,4488,0,0
5485,5706,0,5016
5216,3357,3791,3352
0,4099,0,6732
5166,0,5583,7233
0,0,0,5722
0,0,6698,0
0,0,0,4511
0,2942,0,2545
2358,1188,0,898
4530,0,3872,4621
0,0,6824,5022
6223,0,0,0
0,3775,0,0
0,0,5027,6796
3726,0,0,0
4689,4171,0,4270
2474,0,0,0
0,7519,5191,0
0,0,2373,0
4722,0,3841,0
7780,5462,7534,0
4306,0,0,0
0,3034,3198,0
0,3546,2195,4289
0,0,5179,0
6400,0,0,0
0,0,7280,7374
0,0,5874,6293
0,0,0,4517
0,0,5394,0
0,0,6815,0
7040,4180,4909,5960
0,7052,5857,0
0,3308,5303,0
5068,3476,4898,3552
0,0,0,6853
3202,5019,3206,0
3693,3906,3425,2190
0,0,0,4702
7261,8586,0,0
0,0,6783,0
0,4940,6491,0
0,0,0,7547
0,8625,0,0
0,9098,0,0
0,7635,5360,0
0,0,0,7279
3438,0,3599,0
0,4699,0,4253
3176,0,0,0
3996,0,3414,0
0,5335,0,0
0,0,5509,3088
3092,5770,3298,0
4192,0,0,0
0,0,3888,0
0,0,0,4426
0,0,2910,7278
5226,6491,0,6588
2950,0,0,0
0,4025,5671,0
5202,0,6291,0
8150,0,5789,7636
0,6849,0,0
0,0,7376,0
0,7058,5359,5732
4175,3844,0,0
0,6361,0,0
0,2305,3457,0
0,2693,0,0
6637,6504,6109,0
6300,0,6177,0
3241,4363,4822,0
0,0,0,6089
6537,0,5724,0
4195,6943,3971,4520
5952,6052,0,5535
7004,6269,6946,6621
0,0,8376,5726
5656,5400,0,5773
0,0,0,2469
0,0,0,3985
7078,0,0,0
0,5010,0,0
1152,2885,0,2581
4218,2806,0,2409
2921,0,1721,0
5022,0,0,0
6070,5022,0,0
0,0,0,6408
7388,6408,4839,0
0,5741,6722,6481
0,3405,0,4041
0,0,0,8002
5900,6345,5995,0
0,0,7253,0
5178,0,6543,3414
2736,5926,0,5930
0,0,0,1744
0,2356,5347,0
0,0,0,3592
3548,5094,0,0
0,0,0,4066
4170,0,0,0
5106,6048,0,0
0,6252,0,7603
6209,6134,4602,7018
0,5993,3595,6412
4414,6953,0,0
0,7599,6271,6353
1464,3427,0,3275
4147,6592,0,0
0,0,5087,4532
7587,0,6440,6018
7269,6854,7203,6196
6199,0,0,0
0,0,0,5043
0,0,0,4222
0,4180,6453,3743
0,3749,3520,4030
0,3711,0,0
0,5704,3269,7383
6271,7880,0,0
6033,0,0,0
3431,3480,3385,4413
0,0,4648,0
2146,1993,3216,2193
0,0,5578,0
1372,0,890,0
7729,1828,0,2160
0,3056,0,0
0,0,0,7551
7472,0,6462,0
7308,0,0,0
2797,5954,5270,3600
0,2986,0,0
5896,3884,0,0
4790,0,5856,4551
3313,0,0,5724
0,0,0,1636
0,0,2701,0
6410,0,0,0
0,7838,0,0
0,4005,5442,0
5416,0,5005,4397
0,0,4525,0
2514,5641,1948,6564
3056,7703,4020,5532
5509,0,6105,0
0,3646,0,1812
8193,0,5865,0
0,4325,0,4485
3985,4324,4393,5382
0,6253,0,5013
0,0,0,5836
0,0,4154,5515
5969,0,7806,0
3518,5367,0,0
0,0,0,7251
7488,0,6759,7255
8206,0,8843,8960
0,0,5728,0
6271,6730,7888,0
1891,0,0,0
5414,5551,0,4767
0,0,0,4061
0,0,0,4390
3726,0,0,0
3438,3925,3703,6268
5845,7611,5622,0
0,6279,0,0
3877,0,2851,0
0,2730,0,0
0,0,3648,0
4864,4477,0,0
0,4327,2463,3960
0,5389,0,0
0,0,3080,2799
0,7192,0,0
5249,3695,5876,5894
0,0,7923,5461
5552,0,0,0
2626,3177,4796,0
0,0,6138,0
3176,2673,0,2716
0,3555,0,0
3965,0,0,0
0,0,6903,0
0,1298,0,0
4366,5094,0,6337
6382,0,0,0
6070,6892,0,6298
8155,0,0,0
0,0,0,5767
5101,0,6800,4914
0,2402,3342,0
0,0,0,2385
4889,5436,0,4344
0,1842,0,2465
0,0,0,7446
4910,0,5439,0
2274,0,0,0
4259,0,0,0
5088,5830,0,0
0,0,0,6499
0,3224,0,0
1115,0,1455,0
9255,0,9278,9422
9457,0,0,0
0,0,2888,0
4471,0,0,0
0,4359,4033,0
0,4109,4649,0
0,0,0,3762
5004,4340,0,6169
0,0,0,5452
4632,7285,5624,6601
0,5195,0,6938
0,3538,1826,0
4412,0,0,0
2547,0,4509,0
5050,5943,5988,0
0,0,3824,6586
0,0,0,4423
0,6885,5287,6975
5897,3929,0,0
7424,0,6201,7995
950,2597,0,0
4424,5804,0,5328
4832,0,0,4095
0,1871,2245,0
0,0,4020,0
4818,2860,0,3711
5135,6987,0,7066
0,0,4387,4273
6304,5096,0,8527
0,6271,0,0
0,0,0,6844
0,5665,6473,0
0,0,3978,0
5144,0,3057,4589
0,6289,0,0
6999,0,5834,7369
0,8316,4439,0
0,0,4064,0
0,0,2966,0
3107,4917,0,4858
7102,6434,6565,0
2825,2915,3296,0
4888,5178,0,3208
0,0,2991,2585
4971,4922,0,0
5386,0,5284,4530
0,0,0,3593
1664,3538,0,4005
7409,0,0,7174
5777,5441,0,0
0,7062,0,6934
0,3532,2979,2183
6908,5262,0,3365
6656,0,0,2956
5209,6415,6296,0
0,5093,0,0
5994,3268,3847,0
1600,1999,2034,1027
0,0,0,7044
0,4506,4740,4473
0,7224,0,0
7760,8835,0,7705
2480,0,3109,0
0,4262,0,4526
0,0,5759,6937
6636,0,0,0
5093,0,2472,4679
2053,5295,0,3973
0,0,0,6173
0,0,1672,2996
0,6740,0,5544
6495,0,0,0
4022,6784,4993,5566
0,0,3763,0
5520,0,6491,0
0,0,3949,0
0,3033,0,0
5696,5623,6705,4492
0,5042,6589,0
0,0,3286,0
6190,0,0,0
3915,4415,4166,5240
2931,0,2337,0
0,6092,4206,0
4432,0,4529,2823
0,0,0,4516
0,0,0,6112
6713,6387,6694,8136
0,0,0,4726
0,0,4664,4959
5330,4729,0,4947
2174,0,5194,0
3011,2624,0,2523
0,6052,8168,0
0,0,0,3543
5089,3029,0,5114
0,4642,5009,0
5417,0,5440,6259
4591,4710,0,0
6699,0,5234,0
7203,0,7457,0
0,3744,0,4299
0,0,5419,0
4233,0,0,5609
4831,5718,5184,4330
4652,4022,0,3754
0,6118,0,5144
0,8556,5292,5650
4986,0,5156,0
3203,0,5034,0
7139,0,0,5596
0,6002,8327,4953
0,6251,0,0
0,0,0,6699
1355,4341,2715,0
0,4374,0,0
0,0,5849,5223
0,4397,4118,5175
0,3008,0,0
0,0,5900,4096
0,0,6495,0
5698,0,3461,3529
7469,6770,0,0
8158,0,7075,0
0,0,6886,6067
0,2570,0,0
0,0,4992,0
3779,0,3666,0
0,0,0,9428
0,2061,1760,0
0,0,0,5496
5757,5063,0,6178
4912,6674,3240,5120
0,2973,3519,2607
0,4583,0,0
0,0,0,1229
4911,5146,0,6946
4882,6227,5533,0
5201,0,0,5729
4842,5099,4647,0
0,0,7728,0
5827,6382,6499,0
0,3945,0,3068
0,4238,6424,5811
4208,0,3330,6252
0,6916,6737,0
6159,5668,0,0
0,2938,0,1909
0,0,3156,0
0,0,0,3402
2862,0,1151,0
0,1567,0,0
0,0,0,3321
2673,0,3582,2212
2123,0,0,0
4625,2629,0,4605
0,6487,0,0
3047,0,4598,0
2879,7321,4305,5788
5503,0,0,6091
4532,0,4465,0
0,0,0,3293
4814,5512,4779,7127
6711,0,0,0
0,0,7523,0
2744,0,0,4277
0,4209,5713,3951
0,0,0,5819
0,0,7490,0
0,0,0,3514
0,6571,4710,4274
7543,0,0,0
4063,0,6304,0
5090,0,0,5020
2509,0,0,0
0,0,6147,4815
6070,0,0,0
0,0,4375,0
7596,7246,6915,7662
3974,0,0,0
4256,4188,4788,5054
0,0,3779,0
5403,0,4640,0
0,5414,0,0
0,3440,4567,4818
7797,0,6437,0
0,0,3606,0
0,3232,5976,5728
0,7942,0,0
8607,0,9141,7930
0,5298,4227,3364
7644,0,6021,0
0,4052,3953,4774
2334,4491,2658,3546
0,0,0,3118
3226,0,0,0
6595,0,5291,4873
4705,0,6506,0
6740,4594,4834,5722
0,0,3547,0
6740,0,6492,6575
0,5596,0,5670
6161,3567,0,4791
0,0,4013,3234
3754,0,0,0
0,3490,0,0
0,0,4781,3716
0,0,6078,4172
5571,0,5005,7091
0,0,0,5157
0,0,0,3412
5326,6301,2557,6170
0,3370,0,0
7652,0,0,8372
0,5176,0,0
0,0,0,4578
3100,6435,0,4938
0,7538,0,7905
3222,5647,0,3294
6342,0,0,7139
0,4490,3438,4956
0,0,2970,4269
0,0,0,6894
4578,6958,5388,0
5740,0,0,0
0,5626,5916,5515
0,0,0,4007
7262,0,0,0
5575,4918,0,5570
0,0,5738,6158
0,0,6611,0
0,0,6664,0
0,1125,1349,846
0,4905,4379,3770
0,0,4828,3838
4115,5979,0,0
0,0,7138,0
7696,0,0,7590
4955,6532,5945,6180
5946,0,0,0
4141,0,0,5580
0,4536,0,0
4180,0,0,5600
0,0,0,1948
0,0,6307,0
0,0,0,4360
3313,0,4280,0
5393,4080,0,0
4454,0,0,4737
3266,6661,3866,0
1708,4746,2602,0
0,0,5302,3427
5982,7918,6774,0
0,6932,3096,0
3021,0,0,0
3938,5989,4928,0
0,0,0,7312
0,4913,5579,0
3884,0,0,5448
3337,0,3195,0
0,4789,0,0
6981,5324,0,0
6458,0,0,0
3412,0,0,0
3487,0,0,2310
0,0,5937,5067
6591,2902,0,4325
0,0,0,4659
3736,3279,3902,3799
5705,0,0,0
0,5950,0,6910
4994,7620,0,0
3716,0,0,0
0,6006,5893,0
0,0,3469,0
0,3499,3547,2359
0,7548,0,0
0,4742,0,5662
0,0,0,7203
8269,8455,0,0
0,5703,3517,6085
5551,6458,5272,5446
0,3808,0,4509
5553,5900,8190,0
4702,6756,6502,5593
6289,4230,0,0
0,0,0,6059
0,6544,5274,0
0,0,7340,6586
6804,0,0,0
0,5329,6235,0
0,0,0,4121
5781,7648,0,7310
6223,0,0,0
0,7200,0,4758
0,3362,0,0
0,0,2051,3147
5212,4262,4406,5443
6258,0,0,0
7530,0,0,0
3710,3953,0,4091
0,3092,4611,0
0,4065,5806,0
8368,7797,8123,7457
4648,0,0,6523
0,4739,0,0
0,2260,0,0
4873,6025,4100,5004
0,0,0,7327
7017,7006,0,6536
0,4430,4040,3285
0,0,4718,7791
0,6231,0,7277
6477,0,6194,0
0,0,0,3658
0,0,0,6231
4640,0,0,4410
0,6576,0,3848
0,6568,0,0
0,4511,3290,0
0,5950,0,6510
0,0,0,3356
0,0,5282,5050
4631,6420,0,4811
0,2640,0,0
5288,5772,4686,0
7412,4201,3636,4006
0,0,3886,0
5699,2781,0,4148
3349,0,4455,0
5532,0,0,0
7328,6913,0,0
0,5306,0,5784
2401,4540,6195,4417
0,0,6387,6248
0,4055,4630,5576
0,0,7447,0
0,4212,0,5730
5864,0,0,5507
0,0,7506,0
0,3492,0,0
0,5412,6139,0
0,0,7707,5394
0,5927,5522,0
0,0,0,6809
2195,0,0,3026
6447,0,4762,0
0,0,3656,3491
0,6004,3308,3939
0,0,4448,5192
6697,0,5727,0
6322,5856,7010,0
0,0,0,2649
6513,3799,3393,0
3606,0,0,0
0,4186,0,3511
0,6645,0,0
0,3991,0,0
0,0,2410,0
3671,5949,0,4317
0,0,6661,0
3209,0,0,1921
5088,0,3885,0
6023,0,4833,5853
0,6025,0,6040
0,0,3197,0
0,5198,5697,5724
0,0,2620,3051
0,0,3535,0
0,3909,4839,4915
0,3052,0,0
0,0,0,6400
0,0,0,1326
5535,0,0,0
5012,0,0,5356
3670,4044,2794,4777
6359,6503,7092,5561
0,0,3971,1454
0,0,2931,6481
0,0,5561,5717
3702,3950,1946,4130
3202,3434,4060,0
3399,0,0,0
3218,5768,1874,7274
0,0,6969,6612
6468,4919,0,0
0,7906,0,0
0,4409,0,6739
4944,0,4161,0
5216,0,5210,0
0,4921,7006,0
0,5974,6788,0
0,0,4737,0
0,7398,0,0
5771,0,0,5305
7517,5878,0,6088
0,0,4058,4010
0,0,2853,0
5876,6728,0,6030
3603,0,0,0
5134,6172,0,0
0,3699,0,0
3991,0,3940,2855
0,0,0,5563
0,0,0,6209
6562,6696,6701,7116
4221,4197,0,4620
3552,0,5116,0
4482,0,0,0
0,0,2425,0
6926,0,0,0
2372,2933,2945,4609
4476,0,1990,2435
0,5908,0,0
4473,0,5019,0
0,0,0,4984
5728,0,3568,0
0,2312,0,3906
0,0,3331,0
3099,0,3740,0
0,0,4785,5485
0,0,2019,0
0,3316,0,0
0,0,4204,0
5674,5619,5823,0
5652,0,0,0
0,0,1449,1707
0,0,5797,0
2025,3651,2126,2946
5922,0,0,4879
4748,0,0,0
0,0,0,6391
6814,0,0,5162
4766,5931,5824,0
3073,0,3121,2621
0,0,2530,0
0,6195,0,6400
4799,0,0,0
6935,6477,0,5200
2025,4065,4277,0
5043,5926,4677,7352
6651,7388,7791,0
0,6143,5727,0
0,5178,6177,5362
4612,3377,5280,0
1862,4505,3453,0
0,6865,0,5279
0,5618,6075,5189
4326,2500,3015,0
0,3758,0,4069
0,4738,0,0
5585,2887,0,0
1964,0,1630,0
5381,5458,0,0
6103,5704,6112,7563
0,0,0,3838
0,0,6309,0
0,4000,3662,4152
0,4902,4966,5239
0,0,0,1866
0,3986,5933,3651
0,0,0,5712
0,7162,0,0
6265,0,0,0
1732,2832,1800,2451
0,3003,3243,3769
0,3834,3854,6033
7276,6749,5701,8732
2264,6341,2683,0
0,3610,0,0
3490,0,0,0
0,0,0,6648
5736,0,0,0
0,3209,6738,3697
5024,0,6354,0
4544,0,4526,0
0,5019,0,0
0,0,5986,4547
3013,3404,4503,0
0,0,2928,0
0,6184,8680,0
0,3393,4696,0
0,0,5065,0
0,0,2353,0
8185,0,0,0
6719,0,0,0
0,8138,0,6959
0,6438,0,0
6653,0,5574,0
0,0,6466,4569
6764,0,0,8286
0,0,0,5241
0,0,1627,0
6026,6033,0,3110
3634,0,0,6475
0,0,0,4715
6211,4920,0,0
2945,0,3467,0
0,1900,3147,2023
2804,4615,3879,3544
0,0,0,7775
6818,0,6884,0
0,0,7818,8811
2868,4619,5070,0
3323,3620,0,0
0,0,0,6034
0,0,0,4568
4904,0,4253,0
0,0,6250,0
0,0,0,5192
4378,0,0,5493
0,0,2697,0
0,0,3734,0
0,7685,5963,0
3564,0,0,0
3222,6050,6469,3349
0,1912,2697,3962
0,0,4046,0
4481,3759,0,3719
6109,0,0,4895
3260,0,0,0
0,0,0,3877
3803,2657,0,3670
6917,7223,8339,0
0,3994,0,6212
6653,8342,0,7946
7572,0,0,8170
6342,0,0,0
5422,8778,0,6334
3525,2643,0,0
3504,0,2522,3768
5467,6012,0,0
5797,6472,5780,0
6445,0,6505,0
0,0,0,3658
6791,0,0,0
6992,6118,4661,0
4540,0,3684,0
0,0,3885,0
4931,0,4276,0
5147,5186,3424,0
6769,0,6240,8423
6265,7188,6639,8764
4323,4363,3047,4836
0,3896,6673,3342
6426,5417,4595,6350
0,0,0,6735
4382,5042,0,0
0,3021,0,3513
4022,5985,5255,7070
0,6515,5789,0
5423,7473,4747,6460
5140,0,0,0
0,2855,0,5896
0,7618,0,0
0,0,0,5695
5010,6030,4958,0
3996,0,0,0
5191,0,4625,0
0,0,0,7715
0,2848,0,3384
0,0,6780,4989
0,6165,5405,4277
7882,7080,7584,8147
5962,5871,2511,4435
1898,0,0,0
0,7761,0,0
4262,0,4760,4742
6614,0,0,0
0,7680,8506,7039
0,4820,5133,6288
0,0,5489,0
4000,5296,2938,0
0,0,3468,3404
3983,3518,0,5794
0,4343,0,4552
0,7278,0,0
0,5351,7535,0
0,0,0,856
6821,9350,0,0
0,1692,0,1595
0,0,5095,0
0,4228,0,3982
4213,4613,3969,5402
5413,0,0,3620
0,0,2468,4208
0,6724,0,0
0,5843,4585,0
2123,1604,0,0
7947,0,8816,0
0,0,4461,0
0,5376,0,4192
0,0,4862,6050
5527,0,3943,6201
0,4763,0,4377
0,4573,0,3645
2283,7631,0,6930
0,6367,6311,5322
0,0,5903,5276
5308,6464,6512,0
7028,0,0,0
2067,0,2761,0
8251,6793,5191,0
0,0,6829,0
3857,0,4017,0
5136,0,5651,0
0,2928,0,0
0,3581,0,0
4361,4708,0,6004
3072,0,0,4254
2175,0,2080,0
0,0,0,5405
5242,0,5807,0
2805,0,0,0
4746,0,0,0
0,6700,0,5700
0,0,0,2895
7606,5518,5479,7387
0,3915,5165,0
0,0,0,4771
0,1343,2726,0
6627,6316,0,0
0,0,5950,6779
2818,3090,3374,0
2849,0,0,0
741,0,0,0
4378,0,0,0
0,0,5795,5267
0,2796,2191,3910
3681,0,0,3117
0,4602,0,6236
0,5877,2609,0
3675,0,0,4127
0,3117,2973,2884
0,0,5597,7118
0,3763,3254,3362
0,4939,0,0
0,4204,4283,4355
0,8575,6525,0
0,0,8055,0
3159,4305,0,0
0,2785,3504,3158
0,6250,7264,5572
7159,0,6537,0
5489,0,0,0
0,0,0,2439
0,6212,6061,5674
0,0,0,2359
3960,0,3454,3701
3670,0,4520,0
0,0,0,6619
0,5524,7973,5006
5298,0,0,5028
8167,7864,7329,9125
0,0,5819,0
2490,0,3349,4607
0,3552,0,3638
0,0,4301,3512
6606,6723,3951,6841
0,3863,2083,0
0,7272,6942,0
0,6176,2672,3184
0,5663,0,7220
0,0,5418,0
2946,4136,4418,0
0,0,0,4535
0,0,4047,5784
0,7176,6182,0
0,0,4010,5028
6893,0,0,0
0,2076,0,2621
4324,2857,5285,0
7487,5843,0,5860
0,0,4208,0
1890,1629,0,0
0,0,0,3128
0,0,4319,0
3328,0,5656,0
2229,0,5084,0
0,6222,0,0
0,0,7807,0
0,4766,6975,0
3970,0,6535,6690
4993,0,6452,6265
0,4608,0,4857
4441,5999,0,0
0,4549,0,0
6951,0,7444,5632
8023,0,5174,0
6695,6447,0,0
4978,0,3051,0
0,0,0,3669
0,0,0,4012
0,0,5457,0
3949,0,0,2529
0,1627,0,0
0,0,0,4781
0,4298,5663,3917
0,0,2681,0
0,5299,3238,0
0,4891,3445,0
5897,0,7294,5894
5647,0,6706,0
5090,0,0,2313
6088,5490,8876,5568
3450,3471,0,0
6721,0,0,0
0,0,5426,0
0,6918,5319,5244
0,0,0,4887
0,4528,5536,0
2754,5043,0,4638
0,3444,0,4235
6971,0,0,0
5903,0,6400,0
0,0,4969,5799
0,4290,4385,0
0,0,0,3624
3338,0,4281,2532
5665,4622,0,0
4036,0,0,0
5062,0,4683,4104
6531,5552,6498,0
2959,5170,0,3527
6007,0,0,0
0,0,4728,0
0,6096,4928,0
0,7143,5957,7656
7608,8237,0,0
5531,0,0,0
6326,0,0,0
0,3869,0,0
8018,0,8271,0
6754,0,0,0
8733,0,8010,0
6819,0,7334,0
0,5102,0,0
0,0,6359,0
4330,0,0,0
0,5676,6022,0
4405,7390,0,7117
0,0,0,3605
5054,0,0,0
0,5964,0,0
4392,4435,0,3406
6066,0,0,0
0,4859,5885,6273
0,0,3188,0
0,0,4700,0
6638,0,6714,7121
0,0,2853,0
7836,8698,0,0
0,4511,0,0
0,6267,0,0
0,4993,3638,4431
0,0,0,7202
0,3108,0,0
0,5960,5432,6249
4212,3378,0,5108
0,6714,5978,0
0,0,8326,0
0,4146,0,4590
0,0,7299,5062
0,0,0,3735
0,4526,3824,5003
4017,0,0,3068
2934,0,0,3981
5010,5455,0,6585
2510,3048,3038,2850
2478,0,3278,0
1672,0,0,0
7513,0,7641,0
3672,0,4622,4109
4248,5053,0,5786
0,0,0,4710
0,0,0,7152
0,0,4784,0
0,6660,0,5200
0,0,0,5896
2405,4259,4523,0
4149,6012,0,4000
8349,8427,7758,0
0,3920,0,0
0,0,0,3916
3881,3321,3317,4683
7911,0,7893,0
0,4696,3606,0
0,7386,0,0
0,0,5107,0
2501,4020,4262,0
3566,0,0,0
4336,4572,0,0
0,1448,0,0
0,2437,0,0
0,7023,4444,0
4182,0,4041,0
0,3769,0,3821
7917,0,0,8115
0,7011,0,6267
8078,7179,6836,8044
2326,0,2630,0
0,0,0,1317
0,2944,0,0
2725,0,3442,0
4844,5387,6278,6365
0,5704,4544,6285
0,6590,0,7793
5617,5897,4060,0
7367,6573,6827,0
6405,5777,6878,0
5867,0,0,4482
0,5816,7580,0
6551,2933,5511,4407
0,0,0,4741
7096,6438,0,0
6694,3718,6362,0
0,5914,6285,0
5201,6340,5170,0
4473,0,4126,0
0,2144,3436,0
6701,0,0,0
3068,4640,0,2884
4433,0,0,5814
0,3236,0,0
5720,0,6350,4787
0,5670,0,0
0,0,0,5752
0,0,2476,4432
3632,0,3459,4165
6038,0,0,0
6099,6606,5833,6054
0,0,0,7139
0,0,0,3809
3474,0,3442,4901
7116,0,0,0
5967,5303,7655,6250
0,4418,0,3876
0,2032,0,0
4960,0,0,0
0,4566,0,3903
4568,2476,0,0
7797,0,6861,5001
3903,0,0,0
3729,1754,0,1207
0,5888,0,6504
3920,0,0,0
0,7325,7051,6559
0,6172,0,0
7266,0,7694,8537
0,2476,0,0
0,0,8436,0
0,8307,6877,0
8295,8046,8153,8114
0,4046,0,0
0,0,8585,0
3008,7004,2559,0
0,0,6685,0
3066,0,0,2522
0,0,0,3394
0,0,0,3151
6960,5676,6892,0
2586,2955,5142,0
6539,6058,5732,5361
4654,0,5778,0
4851,0,0,4752
5791,6284,0,0
0,0,0,4300
0,0,5349,7174
5927,0,0,0
5273,4117,0,0
1793,0,0,0
4587,0,0,6097
0,6748,0,0
3930,0,5634,6413
0,0,2603,0
7532,0,0,0
5476,4406,6137,2823
2438,0,4229,0
0,0,0,6362
0,8153,3926,5159
0,6139,5005,6158
0,7475,0,0
4765,0,0,3452
8402,6761,0,8254
5397,0,5336,4528
1545,0,1455,0
0,0,4026,0
2512,2846,2626,3730
0,0,0,1938
3822,0,0,0
0,5754,0,6284
6229,0,6667,0
2227,3885,3319,0
4160,0,5140,0
0,2333,0,0
0,0,4125,0
5158,0,0,0
0,0,5693,5977
8951,8453,7982,8448
5839,6501,0,0
6468,0,0,4593
0,3459,0,4623
4308,0,4820,4530
3050,0,3705,5812
0,0,7565,0
0,0,3537,0
0,4753,0,0
3151,0,2752,4046
6553,5308,4014,5852
5890,4790,7004,0
6348,0,0,0
0,0,0,3630
6442,0,0,5781
6856,6867,7605,0
5188,2629,2781,0
5254,0,0,0
2281,0,0,0
0,4988,3512,4029
0,4497,0,3387
0,1386,0,0
0,8370,0,7807
5312,0,0,0
0,0,0,4776
0,4436,4551,3037
5502,3222,0,0
7385,0,0,0
6421,4759,0,1845
4362,3581,7609,0
5873,6809,5575,0
0,0,5533,0
0,4183,0,0
0,3463,0,5282
0,0,3914,0
6808,4034,0,6324
4058,0,3814,3334
8028,0,0,8127
3360,0,0,0
4428,0,3902,0
2771,0,0,0
7340,0,0,0
0,4614,0,4674
0,0,3377,0
0,4958,0,0
8316,0,7982,8074
5180,6133,0,0
5362,0,0,8391
0,5596,6303,0
0,5958,3157,0
4330,0,0,4081
4344,0,3922,0
0,0,0,6796
0,0,5483,0
7676,5470,0,6804
0,0,7544,7006
1830,0,2515,0
6261,5518,0,5255
5307,0,0,0
6309,5476,0,5491
4995,0,0,0
0,2944,0,0
4280,0,5900,6291
5899,3159,0,0
0,0,6495,3694
3933,4463,5071,6453
8016,0,0,0
0,3663,3292,0
0,0,0,5014
4024,4522,0,0
4893,3096,4799,2442
2166,0,0,3741
0,0,6308,0
5118,7580,0,0
0,0,4189,0
4775,0,3426,6613
5973,5714,6275,0
1584,4123,3470,3943
6193,0,6173,7222
0,3239,4374,3604
0,6048,5471,0
0,6234,6399,4593
9132,9204,0,0
6690,0,0,7683
3829,0,4200,0
0,3776,0,6021
0,0,0,4335
0,0,7468,0
5235,0,5330,0
0,1754,0,0
1617,0,0,0
0,6247,0,7403
0,0,574,0
3364,3255,5641,0
0,7320,0,0
0,0,5048,0
0,0,0,3055
0,6813,0,0
0,0,1063,0
5616,4102,0,0
0,3505,0,0
3559,8002,5320,0
4275,0,0,3750
7524,6268,0,0
5912,0,0,0
2346,0,1736,0
4886,0,0,4734
0,0,0,8164
2822,836,0,0
6798,6353,0,5980
2839,5460,0,2695
0,0,4687,7373
5395,4194,4103,0
0,6729,0,6861
0,0,3799,0
7320,0,8490,0
5449,5828,6955,5683
7322,6173,0,0
0,7090,0,7628
0,0,1032,0
0,8171,0,0
4475,2769,0,0
0,1526,1320,1968
5061,0,5406,0
0,7862,6803,0
0,5591,5503,7198
0,0,0,2661
4978,0,7011,0
0,0,0,6454
0,5146,0,0
3322,2854,2923,3844
8158,8608,0,8668
0,0,4917,0
2917,5296,0,0
0,7368,0,0
0,5807,7210,5672
0,0,0,5955
3878,4633,3116,0
0,7122,0,0
0,5733,0,0
0,5578,0,0
4034,4886,5776,0
5507,0,0,6692
2995,5138,0,0
7354,0,6268,0
0,4663,0,6182
5240,0,0,3467
4585,0,0,2525
0,3095,3188,3096
6844,6031,0,0
0,0,3849,0
0,2634,0,0
0,4039,0,0
2979,4115,0,2541
0,0,5003,0
0,0,7285,0
0,0,3625,2217
5225,2786,4268,0
4867,5460,0,6232
4695,0,6373,4249
3828,0,0,0
1843,3509,0,0
0,0,4795,0
3626,5912,0,4904
0,0,0,5767
0,0,0,7928
0,3637,5569,0
5627,2535,0,2858
0,7036,5853,0
0,5111,4496,0
3584,3719,2388,0
3184,0,3239,2789
8562,0,0,0
4563,0,4857,4736
2617,0,0,0
0,5364,5688,0
0,3832,0,0
0,0,4905,0
0,0,3217,4222
4633,5819,0,0
2076,2108,3702,2997
5495,0,6600,7749
0,0,0,5747
0,0,0,3413
0,0,0,4963
0,2309,0,1972
5297,6729,0,0
0,0,0,2600
0,4567,0,0
0,0,2725,2822
5782,4109,5807,0
0,0,5132,0
0,2208,0,2534
0,0,5452,5791
3678,3686,0,4334
0,2718,3035,2539
0,4081,0,0
0,6393,5240,6580
4142,0,5301,0
0,0,0,7054
0,8063,6511,7607
0,0,4825,3976
5999,5776,5942,7794
7619,5598,5750,3690
6687,0,0,0
0,4508,0,0
0,4893,6878,0
0,7251,7406,7718
4814,0,0,7265
0,4970,0,4443
3583,3403,2890,0
0,4365,0,0
0,6409,0,6300
0,2966,0,0
0,0,2472,3624
7958,0,0,0
0,1763,0,2016
4704,0,7168,0
4508,0,0,4323
6448,0,4633,0
5529,6139,5203,0
2934,4198,0,0
0,0,0,6143
0,5327,0,0
0,4065,0,0
0,3224,0,0
0,0,2167,0
0,5892,6500,0
6000,5320,6525,0
3796,2396,0,0
6638,0,0,0
4375,7438,5351,0
0,3264,0,4866
0,2164,0,0
2912,3973,0,2387
0,0,0,3067
5433,3150,0,5197
3402,0,0,0
6610,6209,7110,0
7743,8883,8129,7861
4467,4826,0,0
6001,4318,0,2981
0,4021,2414,0
0,0,6891,0
7249,6940,7793,7444
0,5488,7320,4437
0,3452,0,2616
2077,4708,0,0
3844,0,5657,0
6784,7153,0,6065
5772,5373,5110,0
0,5563,4494,0
0,0,0,6899
6375,0,0,0
0,4413,0,4751
6971,7473,8104,8210
0,3533,0,0
1515,0,0,5478
7605,0,0,0
4927,4886,4911,0
0,4595,0,0
5956,6107,0,0
0,5820,0,5439
3899,0,2189,3594
5478,0,0,0
5162,7999,4377,0
2420,3752,3563,0
0,0,3495,4115
5289,0,0,5630
3386,5704,0,5873
3916,0,5193,0
3898,0,0,0
0,2995,2438,1533
0,0,8012,0
0,0,8770,0
0,4769,7573,0
1526,1991,0,0
0,6115,6123,4860
2782,0,0,2617
0,0,3253,6178
0,5444,0,6069
0,7935,0,7746
0,2880,2452,0
964,1875,0,0
6434,0,6192,8569
0,0,3273,5293
5644,7028,5347,0
0,7316,6701,0
2327,5039,3228,4238
0,2758,0,2163
3080,3348,0,0
7567,6926,0,0
0,0,0,3966
0,2359,2897,0
0,6564,0,0
0,5155,0,0
0,2345,3881,0
3976,3565,0,3921
0,5650,0,0
7582,0,0,7166
0,0,0,6391
5719,0,0,0
7704,0,0,0
3391,0,0,6195
0,0,0,3130
3597,3623,0,0
1229,0,0,0
0,0,4263,6731
0,0,0,2824
0,0,5518,7382
5575,4132,3010,2109
0,7020,0,0
0,5200,0,0
0,4148,3960,0
3783,0,0,0
0,7504,6875,6034
0,0,0,5245
0,5744,0,5335
0,1798,0,0
7012,5847,0,0
6372,6016,0,0
0,0,5185,3899
4024,0,0,0
0,0,0,2611
0,6855,0,6995
0,0,5364,4266
0,0,3309,3803
4484,0,4416,5131
0,0,3050,4249
0,0,0,4444
0,2003,0,0
0,8042,0,0
0,0,4908,6033
0,0,5931,0
0,4566,3769,0
0,6958,0,0
4049,0,0,0
8466,7642,8328,8191
6112,0,0,3902
3003,0,0,0
0,0,0,2701
2691,3725,4257,0
0,0,6091,4992
6351,0,0,0
5378,3599,0,0
6235,0,0,2700
1642,0,3737,3775
6093,3276,0,0
8261,7262,0,0
0,4802,3613,0
2277,0,2726,0
5781,7083,0,5969
5065,0,4573,0
1744,1834,2006,1184
0,6130,0,0
4219,0,0,6324
2963,1831,0,0
3634,4666,0,0
0,0,3768,3245
0,4693,4184,0
0,7863,0,7974
0,0,0,2792
1962,0,0,3762
0,0,2467,2930
3044,4576,0,0
0,3730,4780,5803
0,0,0,2927
3380,3299,0,1963
0,0,0,3287
0,6973,0,7871
0,0,8334,6000
3933,0,0,4700
5997,5202,0,3447
3561,2758,0,3961
8043,6853,0,0
4046,0,5720,0
0,0,3413,0
6973,7418,7845,0
5780,0,0,0
0,0,3897,0
0,0,4078,0
3436,0,0,0
0,6987,0,0
5242,4546,4903,0
2536,0,0,5436
0,6943,0,0
0,0,5586,0
7236,8531,7316,0
6146,0,4874,5186
0,0,6918,0
0,0,3586,0
0,0,0,6146
8202,8514,0,8780
0,0,5902,6031
5044,0,0,0
0,0,1847,0
3242,0,0,0
3379,0,0,0
0,4530,7077,0
0,1339,1705,0
0,0,0,6116
0,0,0,3931
0,0,0,4541
0,0,0,8519
0,4040,6131,5556
7379,7773,7789,7629
7970,7773,7781,0
4860,0,3937,5697
5660,0,6509,6922
0,0,3552,0
0,3086,2804,0
0,0,0,2628
0,0,6292,4233
4158,0,0,0
5086,4471,4808,0
7657,0,0,0
0,7114,0,0
5468,0,3569,0
0,2386,0,0
0,5195,0,0
4771,0,0,0
0,0,2246,4491
3386,2305,0,0
3153,0,0,0
0,4637,6406,4232
1563,4026,0,0
0,5209,0,0
0,5743,0,0
0,3830,0,0
0,5392,4214,0
2669,8085,4198,0
0,0,2545,5066
6790,0,0,3050
0,0,6309,8430
0,7037,0,7621
0,0,0,4488
3080,0,5613,6898
0,8836,5544,0
0,3766,4909,0
0,0,5642,0
4730,0,0,5574
0,4370,0,5404
0,0,0,6607
5286,0,6350,0
5078,0,0,0
4605,0,0,0
5517,6790,3464,0
0,3882,4300,3677
5150,0,0,0
0,0,8114,8295
0,0,0,1948
7047,6086,0,0
4105,0,4696,2264
3356,0,0,2666
0,0,7400,0
0,0,4069,3764
0,6863,4162,4837
6411,5362,0,4727
3890,0,0,0
0,5610,0,0
3542,4769,2712,0
7170,6921,0,0
0,0,0,3351
4781,5452,6924,0
5711,5440,0,6435
0,0,4146,0
0,5343,0,5027
0,0,4374,0
0,0,0,5909
0,4175,2397,0
4115,0,0,0
7065,7449,6174,0
0,0,5070,0
6386,0,0,5979
4971,0,0,2546
4487,0,0,0
0,4211,6571,0
7521,6441,0,0
2236,6988,6814,5071
4396,7725,5589,7453
0,4779,6582,0
4288,0,4265,7008
0,0,5624,0
4512,0,0,0
5643,5030,0,0
4039,0,0,0
0,6728,5838,0
0,0,3200,0
6488,0,0,6324
1146,0,0,0
0,3699,2584,0
0,6135,0,3665
1858,5637,3999,5485
7018,0,6918,6341
2179,0,0,3242
0,0,0,4354
0,6238,0,0
6374,5035,0,0
0,6496,0,0
3414,0,4067,0
5805,6001,0,0
4203,6530,4077,8474
0,0,6466,3446
5593,6642,5898,6449
5286,0,2398,0
0,7666,0,6750
0,0,6826,3648
6098,0,6719,5203
0,1667,0,0
0,6011,0,0
0,2827,0,0
0,0,3486,0
7580,0,0,0
7815,8706,7283,0
0,0,7011,0
0,0,3425,0
5643,0,0,3455
7758,7012,0,0
0,4067,5096,4756
7725,9057,0,0
0,0,0,2559
0,2974,0,7468
0,0,0,3723
0,0,0,6601
0,5499,0,5248
4974,4993,4072,6271
3077,0,2303,2515
0,0,0,3140
6536,0,7006,6273
3927,4394,3351,5088
0,5769,0,0
8213,0,5257,5284
0,0,7816,0
0,7533,0,0
7342,0,0,7814
6588,4372,0,0
0,3984,6406,3594
7688,0,0,0
0,0,5512,0
0,7026,0,0
0,7395,5976,7637
0,5474,3381,0
5267,0,6033,3790
0,0,5115,0
853,0,0,4803
0,5276,4122,0
3003,3737,2842,0
5955,3945,6998,6058
1661,2843,1982,0
5115,0,5196,1959
0,0,4525,4784
2577,0,0,2812
6474,0,0,7130
3915,5980,5131,6132
0,6406,0,7859
4435,0,0,3650
0,0,0,2949
0,3746,4203,0
2035,2576,2527,0
4291,7537,0,5200
0,5493,5331,0
0,0,3431,5237
0,6431,0,6090
0,0,0,5706
4101,0,0,5539
0,0,6021,0
0,7530,0,6559
3726,5448,0,0
0,0,4750,0
5754,0,5416,0
0,7043,0,7916
0,0,6168,0
5184,0,2328,6499
6210,4136,0,5522
4578,0,0,0
3203,0,6142,0
0,0,6352,0
0,0,3426,0
0,8004,0,6349
7423,7425,0,7207
4731,4685,0,0
3590,0,0,6139
4908,3389,0,0
1332,0,4283,0
6322,2934,6066,0
0,0,6195,0
0,3094,0,0
4023,3896,1957,2337
0,5320,0,5189
0,0,4699,0
3777,5814,0,4238
2515,6396,0,6690
6776,0,0,0
2436,0,0,0
5892,5844,0,0
0,0,5833,4707
0,0,5455,5296
0,0,5575,0
0,3672,3671,4628
3411,4720,3759,0
3518,3214,0,3020
2814,2830,0,3616
4804,6251,0,0
0,0,0,5400
0,5218,0,0
0,0,2554,0
4026,5155,0,4755
0,0,0,1667
0,2866,2417,4446
5013,6061,4255,0
0,5337,0,0
3738,0,6174,4641
0,2579,0,0
4725,0,0,0
6119,5320,4317,5578
0,3255,0,0
5262,5735,0,4471
0,0,0,6319
4417,0,0,6181
0,6139,3930,0
0,2743,0,0
4077,0,4717,0
0,4531,6988,0
0,0,5151,0
4451,0,3450,4352
0,6091,6457,0
4557,0,2818,0
4882,0,4096,7479
0,0,5848,0
6671,0,0,0
3117,0,3332,0
0,0,3417,4320
5271,0,0,4389
6587,4030,4647,0
5781,4329,4893,0
4745,0,0,5858
0,0,0,2513
0,3495,3204,2487
0,0,4002,0
2891,2584,2650,0
2742,0,0,3793
3850,6522,6062,0
6041,0,6463,4643
7624,0,0,6764
0,4294,3357,5108
4629,0,0,0
6847,7338,0,7246
4374,0,0,0
6513,0,0,6392
0,3402,0,0
1833,0,2689,0
0,0,0,3866
0,0,3477,0
0,4168,0,4551
4185,7900,6605,4501
0,5069,0,4722
0,3182,0,0
5181,0,4805,0
4304,0,7004,0
0,0,4914,3473
2881,0,5775,5794
0,0,4199,7907
2225,3660,0,3172
7321,7412,0,0
6835,0,3836,5587
0,5689,0,0
5031,4535,0,0
0,0,0,5134
4525,6506,0,0
5236,6519,0,6125
0,0,0,2326
6351,0,0,0
0,4226,3111,4410
0,0,0,7547
0,3798,5623,0
0,0,5220,2713
4109,0,2983,4954
3470,2270,0,0
0,5294,5052,0
5017,0,4047,7904
0,0,4934,0
0,4220,0,2601
0,5102,4247,0
0,0,0,2602
4224,3400,4375,5254
5363,0,0,6400
0,2772,0,0
0,0,0,4511
5869,0,0,0
0,3650,0,4418
0,0,3621,0
0,5495,7414,0
6666,0,6189,5304
6881,6772,6569,5513
3950,0,0,6813
0,5457,7456,4856
0,2915,3499,2280
0,7963,0,0
0,5546,0,0
5752,0,0,6583
0,4692,5277,0
0,5313,3533,0
0,0,6227,5955
1610,0,0,1611
8384,6636,0,0
6127,4501,4139,5458
5340,6019,0,4363
0,3355,6746,4785
4577,0,0,5735
0,0,5226,0
0,0,4807,0
0,0,0,7512
0,1971,0,2356
0,3733,0,4818
0,3462,4072,5644
1857,0,0,0
4609,4937,0,0
0,0,4218,0
5072,0,0,0
0,0,0,4986
3595,4306,0,0
0,0,6130,0
0,2961,4817,6811
0,0,2147,3090
3391,4552,4304,0
5048,3433,4870,5554
0,5570,0,5081
4611,0,5396,0
0,4006,0,4350
2352,0,3323,3878
0,0,2563,3540
6612,0,0,0
4751,0,0,0
0,0,7777,7268
6372,5218,4371,0
7256,0,0,6982
6819,6269,3113,0
0,0,5266,0
0,0,9474,0
0,0,0,2869
8933,0,8933,8733
0,3361,0,0
6204,0,0,5501
3825,0,3705,0
8546,0,0,8603
0,7030,6735,5885
0,0,0,3598
4553,2614,3324,0
0,0,0,8552
6248,3779,0,0
5533,7055,0,5959
0,0,4415,0
7158,6662,8020,0
0,0,4559,0
0,7575,0,6158
0,0,0,2399
0,5811,6875,3587
1770,1949,3432,0
0,2545,2452,2820
0,4676,0,0
7291,0,0,5019
0,0,0,6210
7170,0,5518,0
0,0,0,4765
0,5512,0,5861
1543,1933,1366,1335
0,0,6580,0
3652,2299,0,2956
3249,0,4380,4370
2277,2224,0,0
0,3277,0,0
3782,6031,0,0
0,6823,7187,0
0,0,5038,0
0,0,2957,4173
5042,2695,0,0
2962,4496,0,2909
0,3119,0,6873
0,0,3985,0
0,4186,0,0
5641,4570,0,0
2957,0,0,5678
0,4648,5505,0
3383,0,0,0
6958,4516,0,5730
0,6965,6118,0
0,1830,0,0
0,0,0,4901
0,0,0,4106
4990,0,7275,1615
3099,4345,0,2640
0,0,8162,0
0,0,8020,4998
0,0,0,5902
0,0,0,4403
0,0,3364,0
0,5650,0,0
0,3859,0,3966
0,0,3837,0
0,0,0,906
3805,0,3667,0
6057,5192,2693,0
8060,0,0,0
0,0,5931,0
7667,6499,5969,0
0,0,0,3670
5465,0,0,1702
2643,0,0,0
0,6658,0,0
6100,0,0,0
0,8808,0,0
0,0,0,5202
0,0,7394,6736
0,3974,0,3559
0,0,2339,2511
4378,0,0,7373
5933,6315,6646,6710
0,2425,2473,2188
4944,4043,0,4593
0,4371,0,4322
0,4587,7767,0
2194,2850,3055,0
3301,3460,0,2833
0,0,2648,0
5556,6771,3430,5537
1464,0,3409,0
0,0,3655,0
0,5530,6425,6370
5938,0,0,4893
6418,0,5002,0
0,0,4832,0
5473,0,4842,4268
5773,0,0,0
0,0,1419,0
0,6586,0,0
3872,3645,0,2467
4281,0,0,0
3169,0,0,0
6259,5572,7633,6177
0,0,0,6399
7151,0,0,0
2293,0,0,0
0,0,3723,0
0,0,6880,0
4791,5149,6536,0
6682,0,0,0
6712,6323,7912,6518
5531,0,4743,0
2675,2340,4192,3991
0,8160,0,7624
0,5534,0,5478
1620,0,0,0
6443,7656,5918,0
0,0,0,4474
4224,0,5492,0
7028,0,5599,0
0,4765,5046,2072
6992,0,0,0
0,0,6434,0
6184,7430,0,0
8472,0,0,6212
4616,0,0,5862
5104,0,0,4749
3947,0,0,0
4744,6276,4989,6955
3931,0,5047,0
0,0,7313,0
0,8078,0,0
0,5598,4311,3752
0,2366,0,0
0,0,4841,4653
6276,7014,5961,0
0,3726,4684,0
0,0,4127,2246
3696,0,5307,0
0,5740,0,8273
0,5795,0,0
0,6907,3374,4583
0,4829,0,0
0,0,4633,3230
8256,9013,7305,0
0,0,4559,6339
5581,0,0,0
9314,9163,8672,9072
0,4884,3036,6244
0,0,5934,3450
5971,4547,5710,0
5252,5132,6238,4348
5553,5897,0,4653
4801,0,5275,7195
4445,3782,4144,0
2346,0,0,0
5244,4663,0,4810
3644,0,0,5768
0,4006,5247,4120
0,3576,0,0
0,0,5199,0
7232,0,0,0
4331,0,0,0
1987,0,0,0
0,4415,5642,0
0,7692,7630,0
0,3039,0,0
5445,0,5665,0
6867,0,6227,7047
0,6151,0,0
6797,0,0,0
0,4972,1832,5827
0,4475,5991,0
5139,3214,0,2490
0,6511,3512,0
3857,4072,5369,5687
0,0,0,3173
4681,0,0,6004
6608,5245,4600,0
0,0,1244,2431
5098,4817,0,4059
0,2320,5092,4511
2834,0,0,0
0,7678,0,5030
4829,0,6082,0
0,0,5869,0
0,2939,2865,0
0,6158,6038,0
4847,6300,0,0
6135,0,0,5171
4609,3781,2740,2769
8198,0,0,0
4978,6511,0,0
3390,0,6806,5756
4125,6641,3920,5597
0,2146,4110,0
6470,6039,4629,6628
0,1784,0,3429
0,0,3215,0
5492,4919,0,4991
6156,0,0,7145
3824,5529,0,0
3970,6748,3237,0
0,5663,0,3631
0,0,3591,0
4182,0,3976,0
5067,5349,6033,6349
3665,0,0,0
3258,0,0,0
0,6603,5017,4210
0,0,0,3360
0,6751,0,0
3685,6669,0,3923
8500,7886,6648,7373
0,0,3363,0
7973,0,8128,0
3512,1917,0,2966
0,1188,0,1708
6155,6115,5244,4793
2503,0,0,3118
7337,0,6177,0
0,5878,5295,5729
2134,0,0,0
8274,6709,8110,0
3795,2503,0,0
2597,0,0,3337
5316,5783,0,0
4828,6235,3285,7277
0,0,0,6688
5080,0,4160,6858
6538,7437,0,0
4065,0,2566,0
4682,5050,4577,0
0,4719,0,5685
7807,5561,0,6655
0,8162,0,6833
3544,0,2559,5217
0,0,5225,0
6761,0,5793,0
5214,5546,0,0
0,0,0,4147
3310,4046,0,4087
4263,0,0,2228
0,0,0,5977
3738,3326,0,4075
0,1151,0,2523
5062,6947,0,7307
7181,0,0,0
0,0,0,3696
6999,0,0,0
8026,0,8360,5559
0,6819,0,0
2725,7618,2133,7527
5165,5871,0,0
5092,0,3658,5974
0,3844,2751,3801
0,0,5531,5700
0,5326,0,5326
7185,0,0,5974
0,1361,0,0
5480,6205,0,0
0,8307,0,0
3817,6943,6179,0
5832,0,6618,6240
5018,0,6540,5083
0,0,0,2270
6779,9184,0,0
0,5181,0,0
0,5179,0,0
5101,4088,0,2514
3646,6187,0,5998
0,0,4275,6659
7490,0,5553,0
0,8770,0,8861
7784,0,0,0
0,0,2433,4494
7415,5061,0,6867
0,6716,3410,6344
0,7212,0,0
0,3669,0,3121
4989,0,5331,4115
0,0,4517,0
5204,0,4135,0
0,0,0,6451
0,0,0,7539
7165,0,0,7289
0,5807,5859,5175
3408,0,0,5373
0,6792,3542,0
0,0,6192,0
6834,0,0,0
0,0,0,6930
4704,7284,5502,6008
4827,0,0,6776
5910,0,0,0
7597,0,0,4930
0,0,0,4069
0,0,3933,0
0,0,4556,0
6685,0,3958,0
0,0,0,3405
5272,0,4406,0
6265,6374,0,6747
0,4676,5724,0
6617,4616,0,0
0,0,4092,0
5897,0,0,4786
5292,0,0,0
0,0,5134,4248
0,0,7438,0
5803,1777,0,0
6226,5306,0,5060
8942,0,0,0
7522,5307,0,0
3245,0,0,0
4614,5152,5181,5844
0,5025,3089,3099
0,0,5566,6919
0,4551,4419,0
0,0,7001,3963
0,0,0,4451
0,0,5177,0
5071,3079,0,3729
0,2711,2586,0
0,0,5054,0
4555,0,0,1263
0,7417,5502,4987
4429,0,0,0
3508,0,0,3362
2270,2705,0,2713
5088,0,4138,7917
0,0,6090,0
0,6694,0,5265
0,0,7030,0
0,0,2712,0
3229,0,0,0
0,4965,0,0
7614,0,0,0
0,3735,0,2520
1603,0,4137,0
0,3748,0,3686
0,0,2413,3613
2804,0,0,0
7593,0,0,0
0,0,6202,0
3628,0,0,0
0,5119,0,0
0,0,5579,0
0,0,5779,0
7663,0,7542,5703
0,6356,7152,5193
0,0,0,5848
7828,0,0,0
0,0,5656,5279
0,4359,0,0
4111,3995,0,1997
3205,0,4934,4205
7224,0,0,0
6339,0,0,0
5026,4274,0,0
5450,0,0,0
2728,0,0,2724
3689,0,3567,5808
7481,8305,6678,0
6233,0,5510,0
0,2751,0,3817
0,5984,6317,0
0,0,0,4497
0,2701,0,0
4651,2764,0,0
7125,0,0,0
0,2892,2560,0
7088,0,0,0
0,3648,7227,0
0,4689,0,0
0,0,4301,4847
4138,0,4097,3933
3718,0,0,0
4850,4312,6152,2583
0,4544,0,0
6041,2282,0,0
7035,0,5714,6014
4692,0,3695,0
0,4530,0,5513
3037,0,0,0
2121,0,0,0
0,0,0,2934
3320,0,0,0
4746,3923,5666,1663
5401,4162,0,0
0,4573,7681,6341
2795,5361,0,0
5902,8039,6274,0
5475,7830,0,5845
0,2462,0,2034
0,0,0,8084
3957,0,0,4108
0,0,0,4027
0,5643,0,0
0,4834,7901,5411
0,0,0,5632
0,0,0,6095
5505,5463,0,0
5286,0,0,5483
0,3940,5250,0
0,1312,0,1461
0,0,7391,0
0,6784,0,0
0,2266,2988,0
0,4099,0,0
0,0,0,5893
4041,0,0,0
0,6541,0,3785
6419,6330,0,0
4554,0,0,0
0,4949,5928,2540
0,4282,3677,3798
0,9185,0,8526
0,0,5615,6180
0,5113,3717,3747
0,0,0,5892
0,5892,0,0
6153,6305,0,0
0,0,2661,2858
0,0,0,5394
5804,4141,4545,0
0,8401,0,0
6671,0,0,0
0,5894,6847,0
5440,0,0,0
0,6675,6828,0
0,0,3891,0
4965,0,6690,0
0,3717,1965,2807
0,7548,5496,8326
0,5906,0,0
5784,0,0,0
1272,0,0,2806
4801,0,3805,0
0,0,5176,0
0,0,0,4012
0,3491,0,6400
6379,0,6473,0
4239,0,0,4661
0,0,4199,0
0,0,0,5365
0,3959,0,0
2361,1141,2377,2029
0,3865,0,0
7263,0,6109,5687
4307,4591,0,6029
0,0,6016,0
0,0,0,5005
3850,0,1953,6265
0,3361,5541,4705
3992,5264,3555,6241
7191,0,0,0
0,5977,0,6716
7444,0,8166,5159
0,0,4508,5983
4305,0,4360,0
0,0,3643,0
2841,0,0,3274
4735,2868,3601,5018
0,0,4664,0
5055,3624,0,4490
3089,0,3523,2659
0,0,5494,4812
6143,4976,3179,0
7926,4589,5504,0
4573,3500,6742,5689
5903,0,0,0
4022,2274,0,0
5356,0,6079,0
0,0,7411,6654
1439,0,2791,5153
5297,0,0,5677
0,5988,0,5779
4676,0,0,5984
0,0,4790,3620
4267,0,3281,0
4639,3055,7144,4151
7985,8223,0,0
2691,0,0,8679
0,0,0,3307
0,4483,0,3497
6205,3388,0,0
0,0,5441,0
4402,0,0,2098
0,0,0,7193
0,0,0,7357
0,6063,0,6964
6498,8130,0,0
0,7210,0,0
0,3135,0,0
5231,0,0,6381
4541,4486,4306,0
5810,3998,5077,3381
0,5381,0,4227
4794,0,3918,0
6085,0,0,0
2903,0,5660,0
0,0,0,5951
0,7032,0,0
4485,0,3116,0
0,7692,0,6814
5541,4626,0,0
8600,0,8654,0
0,0,7273,0
0,0,4778,3523
0,0,0,3454
4529,5696,3506,0
0,6503,6170,7606
0,3206,3505,2100
4168,0,0,5508
7388,0,7829,6004
0,0,5949,0
4547,6094,6326,0
3574,4716,0,6710
6409,6697,0,6217
0,0,0,5568
0,2072,0,2279
4679,0,6234,0
0,5628,0,5289
0,3760,0,0
0,4071,3281,3724
0,0,0,2321
0,0,6714,4698
0,0,5621,5888
0,0,3850,0
0,0,3471,0
0,4455,4382,4318
3376,3439,0,5350
6887,5436,0,0
4293,0,7743,0
0,6340,0,4424
4581,0,0,5457
0,4414,0,4388
4746,2199,0,4274
0,0,7852,0
5283,3846,3159,0
0,3200,0,4232
6293,0,7320,0
4900,0,0,6824
0,7793,7272,7671
0,7638,0,0
0,5781,0,0
6528,5470,0,0
0,0,0,5742
6205,0,0,5694
3896,3716,0,0
0,0,0,3964
6664,4867,0,0
0,0,0,6506
0,7707,5097,6644
0,0,5417,0
0,0,3151,4150
5537,4652,0,0
0,0,6058,0
5847,6004,0,0
2247,4142,0,5067
0,2763,4446,0
0,0,0,7664
8254,5608,0,0
0,0,0,5392
3978,5666,0,0
3282,6855,4801,6413
0,0,0,2658
0,4801,5964,0
0,4810,0,0
2179,0,6238,7514
2854,3340,0,2742
0,0,0,3962
0,0,0,5338
0,0,3527,0
4256,0,0,3235
8109,7259,6467,6205
0,6050,0,0
4217,8376,4790,0
0,0,7399,0
5904,6109,6969,0
7396,0,7049,3534
5106,0,0,0
5173,0,0,0
0,4707,0,0
5808,0,0,0
3636,3890,0,0
7082,0,5130,0
4583,5650,0,0
0,2339,0,2239
4671,0,6703,0
8469,8148,8704,0
4684,4804,0,4991
8472,0,0,7275
0,0,0,3450
0,0,0,3309
3850,0,0,6655
0,3423,6623,0
0,4283,5040,0
5958,3841,3683,6342
3037,0,0,0
0,0,0,7102
0,7633,7470,8389
4535,3424,0,0
5772,0,0,0
0,6347,0,0
3737,0,0,0
5978,0,0,6460
2742,3739,2859,0
2706,0,0,3222
0,3770,0,0
0,0,2767,0
3972,3824,0,2924
1532,0,2478,2142
4427,5704,0,5792
0,0,0,2098
0,6849,7496,5387
5879,7478,4884,5686
5284,0,4906,0
5066,4185,3139,0
0,0,5950,4668
6498,5175,0,5601
0,5191,4913,4062
0,0,0,7399
4336,0,0,4394
0,7308,0,0
0,6132,7314,5954
0,5197,0,5905
0,3774,0,4175
0,0,0,7109
4240,0,0,0
0,3982,5535,0
0,0,4727,5369
5333,0,2882,4651
0,3201,2115,1533
5620,3102,0,0
5359,1754,4834,0
0,4282,0,2707
4188,6822,0,5553
0,0,6839,0
0,0,3560,4461
4713,6617,5080,4886
0,0,7766,8411
5028,6084,0,0
4526,0,0,0
0,0,0,3580
6540,0,0,3752
0,0,4062,2901
0,3165,2752,2667
0,7275,7202,0
4704,0,7273,5395
0,6477,5901,0
6230,6348,5945,6232
0,4772,4572,5299
0,6462,0,3909
6034,0,0,7276
0,0,4515,0
4055,6744,0,0
0,4745,0,0
0,4993,4840,4657
5078,6008,6260,0
5908,0,5431,0
0,4018,4086,6517
2928,2224,3558,0
0,0,5217,0
5620,0,6133,4698
7377,0,0,6766
5236,0,6071,0
0,5953,0,0
0,0,3499,2803
4456,1897,0,0
0,2985,4521,3440
0,0,0,4206
0,0,7989,7952
5446,3860,0,5824
5116,0,5033,0
6769,6747,0,0
1851,3835,0,0
0,5924,0,0
0,2112,0,0
4848,0,7259,3452
6684,5772,5445,0
0,6234,0,6808
0,2048,0,2236
4177,4355,4109,4274
0,7136,0,5865
3077,4290,6550,5615
0,5203,4694,0
5325,0,0,0
5223,6453,0,0
0,8410,8952,8065
0,0,6487,4265
3335,3817,0,4563
0,5718,0,0
4672,5466,0,3802
0,5615,4292,4340
0,4886,0,4640
4522,4574,0,4607
0,3709,4127,4424
0,0,3056,4344
0,0,0,5767
6473,7366,6123,0
7275,4553,5850,0
6096,5223,0,5605
0,6609,6750,5425
0,0,6241,0
6199,6501,6909,0
0,5842,0,5891
0,3241,4942,4937
4300,0,0,3903
0,3090,0,4545
7094,0,0,0
0,0,1486,0
5918,0,0,0
0,6395,0,6369
0,0,7674,7248
2438,4424,0,0
0,0,5594,7119
0,0,0,5786
0,2867,0,0
4161,3800,0,0
0,0,0,7982
0,0,0,7350
0,6916,0,6396
2743,0,0,0
3390,2697,4285,0
0,5886,0,0
0,0,6948,0
0,4456,0,0
0,0,0,5004
4673,6038,0,6612
8925,7716,0,7186
5043,0,5670,0
0,4259,4240,0
0,0,7625,6062
0,2462,0,0
0,0,0,6327
5090,8014,0,7835
0,0,0,5666
5257,0,3348,3043
0,0,0,5213
5453,0,4183,0
0,6056,5459,2670
6195,0,0,0
4379,0,5899,0
0,4941,0,0
4586,5594,0,5498
0,0,0,3067
0,2010,4562,0
0,0,0,3791
2107,2321,2112,2886
2784,2217,0,2814
4187,0,0,0
3247,0,4778,6145
0,0,5219,0
0,6652,7814,0
0,0,5122,3261
0,8348,0,8137
3139,7937,0,0
0,0,0,5672
8725,7728,0,0
6827,7031,0,6407
8186,0,8261,8116
5487,4537,0,0
2264,4086,0,4401
0,0,4957,0
0,0,7443,0
6115,0,5429,0
0,5463,0,5197
5772,0,0,0
2466,0,0,0
4543,0,3726,0
0,0,4529,3828
0,0,7114,2119
6776,0,0,7461
0,6289,5977,0
5540,5818,0,0
4246,0,0,0
0,0,5089,4343
0,8150,5770,0
0,6190,7528,0
6753,0,6005,8431
0,0,2259,0
0,0,3176,1433
7536,0,0,4055
3966,5145,0,4889
0,6467,1858,0
0,0,6920,5695
7405,0,0,0
0,0,3328,4083
4051,0,0,0
0,6843,7096,7791
7291,7211,5196,6210
5554,0,5912,0
2858,0,3318,0
0,7351,6687,0
2043,3978,0,3397
3352,3417,4166,0
0,3251,0,5189
3709,2861,0,0
0,0,0,2517
7690,6529,6794,7668
4906,0,0,5481
3344,2238,2323,0
0,6008,0,0
0,0,0,4518
7221,4232,5533,5720
7131,0,6910,0
0,7229,2496,0
5265,0,4478,0
4365,0,3696,0
0,0,2747,2918
6407,0,0,6066
6071,7014,0,0
0,0,6542,0
3681,0,2430,2936
0,4519,5133,0
4456,5218,0,0
4476,5035,3138,0
0,7870,0,0
7638,7577,8639,0
6452,0,6219,7558
0,6237,3322,0
0,0,6494,3750
0,0,0,2890
4335,4603,0,0
0,0,963,0
0,0,4884,7337
5071,3132,2930,4346
4060,0,0,0
0,1378,0,1857
5443,6476,0,6796
0,0,3106,0
2089,0,0,4200
0,0,0,1030
8467,8456,0,6981
5160,5471,0,0
6464,8014,0,0
0,0,5204,4960
0,4810,4725,0
0,7930,0,0
0,1949,4393,4443
0,4560,7196,0
3468,3372,0,0
6638,7806,0,7953
0,0,5646,0
4830,0,0,4194
8638,0,7926,6545
0,5865,6976,7086
0,3538,4660,0
0,0,0,3290
6240,4044,0,0
5057,5795,5075,4738
5408,6081,4801,6777
0,0,4735,0
5937,7530,0,7544
0,6844,4465,8087
7242,0,6339,0
0,0,4697,3615
0,0,0,4833
3076,3205,6619,4412
2403,0,0,0
5214,2730,6002,4472
4318,3664,0,3732
0,2825,0,0
0,3281,3115,3233
0,0,0,6093
0,0,0,8424
0,0,3730,2946
3295,3857,2819,0
0,5682,6156,5688
0,5096,0,0
4441,0,6831,6611
4790,3225,4319,0
5917,0,0,0
0,0,4267,3807
0,4492,0,4821
7291,0,0,0
0,5005,3218,0
0,5800,7890,0
5841,6400,0,0
0,0,0,8503
0,0,6419,0
4742,0,6771,5260
0,0,5121,0
0,0,7440,7206
0,6559,0,0
0,0,1250,0
7507,0,0,6039
5294,4317,0,0
5112,5574,5737,3988
0,0,0,1969
3929,0,0,0
3887,3806,4812,0
5717,5419,0,0
0,5493,5399,0
0,0,0,7495
0,0,4293,0
0,0,1296,0
4416,0,0,0
2912,6291,0,0
0,2462,1425,3329
6585,0,4420,0
0,3232,4865,0
5946,3407,5202,0
0,5022,4828,4324
0,4675,0,0
5448,4810,0,0
7140,6435,0,7709
0,0,0,3502
0,0,5562,5445
6147,0,0,8317
4701,1987,4953,5736
7251,0,7179,7867
1550,2900,0,2194
0,5279,0,8613
0,4049,0,0
0,0,4930,0
0,4316,0,0
0,0,3452,0
7611,0,7824,0
2424,4782,0,5333
5853,0,6094,0
5480,0,5043,5242
0,0,0,2296
0,0,0,4039
5111,3217,0,2291
0,4254,0,0
2975,0,5639,0
7253,8277,7458,0
7675,0,8799,0
0,0,6367,0
0,0,0,5828
6535,0,0,4706
0,0,4375,0
0,6382,5365,5128
4908,0,3784,5660
7790,5310,0,0
3461,0,0,5124
0,0,7112,6159
0,0,0,4878
0,0,5116,0
5481,0,3700,0
5137,0,6707,0
0,0,5006,5821
7710,0,8036,0
4986,0,0,4057
4313,0,0,0
0,3706,3899,0
6109,0,0,3936
0,1747,0,0
0,6195,4491,6337
4802,0,6489,4651
0,5695,6589,5335
0,4839,1785,2543
6097,8280,0,0
0,0,3291,4406
3860,0,5816,0
8778,0,0,0
6394,6197,0,0
0,0,6689,6704
0,6656,0,0
0,5740,5582,0
3072,5464,0,5822
6332,0,0,4837
0,0,0,1939
5873,2855,6788,4746
4939,0,0,0
5157,0,0,0
3467,0,2255,3403
8248,8549,0,8885
4472,2927,0,0
4372,0,4031,0
0,7274,0,0
5716,3241,4087,4275
0,5470,0,7073
1623,0,2649,2707
4166,0,0,4189
0,2779,0,1455
4002,7649,4427,0
0,0,6042,6712
0,0,6760,5897
6783,0,0,0
6661,0,6568,6607
0,0,3254,0
0,7056,0,0
2214,2154,0,0
0,0,0,6094
0,3414,0,0
5747,6071,0,0
0,0,8304,0
3782,5028,4282,4587
0,3990,2406,3365
3059,4019,0,3279
0,0,0,6883
4660,0,0,0
4858,0,0,0
0,4010,0,4890
6419,6305,0,0
2762,4217,0,4255
976,2023,0,0
6509,0,0,0
6900,0,6194,3291
5279,4985,0,0
4615,0,5199,0
0,4877,7567,4419
0,2868,0,0
0,0,4101,4392
8177,6849,7440,0
0,0,2678,3128
0,0,0,5327
0,3631,0,0
0,0,0,7514
0,7177,6031,0
3762,6609,5557,0
0,0,5985,7138
0,5461,0,0
4707,5181,4322,0
2013,1496,3422,3131
6747,0,0,0
0,0,0,4904
4168,0,3220,5101
5235,7153,6357,0
0,5378,2965,0
4645,5230,0,0
0,3083,0,0
0,5291,4186,0
5232,0,4082,5596
0,7783,0,6311
3931,0,4926,2968
5888,4435,7403,7282
6633,0,5427,1813
0,2157,0,1910
0,0,1304,2572
4457,0,0,0
0,0,0,6477
3530,0,0,3952
6327,0,3920,6028
0,5586,5611,0
0,7701,6907,0
4353,0,0,0
5111,6347,0,4541
4581,4691,0,5384
0,3431,0,0
0,0,6867,0
4965,6079,0,3515
5463,0,0,0
0,4228,0,0
4244,4576,0,0
4748,0,0,0
7258,4455,0,3946
0,0,4543,7098
3427,0,0,0
0,5327,7379,0
0,0,0,5733
3557,3386,4211,2726
0,3055,0,0
0,0,5928,5327
0,0,5817,0
0,0,5001,2985
0,2949,4474,2340
0,0,0,7545
3056,0,0,0
0,0,0,8052
2523,0,0,3736
0,4457,0,3884
0,4708,0,2797
2575,3770,0,0
0,0,2346,6189
5347,0,0,4476
0,6526,0,0
0,5963,0,3724
0,4304,2678,0
0,0,0,7533
0,3589,5225,0
4777,0,4045,4519
6593,0,0,5570
7694,2409,7414,0
2332,2567,1687,2814
2605,4551,0,4524
4342,0,6496,0
0,3251,2334,0
0,7372,0,0
0,4805,4624,0
0,7639,0,0
7945,0,6517,0
0,6889,4866,6311
0,4838,5188,0
6121,4941,7302,0
0,0,0,6358
0,0,5366,0
6700,0,0,0
0,2063,2580,1208
0,0,0,7939
0,6795,0,0
4780,6727,6084,0
0,0,0,2545
0,4539,0,0
0,6255,0,5780
0,3405,2768,0
0,0,3081,2349
0,0,5381,0
0,7272,0,0
0,0,5105,0
0,2535,0,0
2930,3594,4574,5599
0,0,0,6577
5800,4518,0,0
0,0,6646,0
5881,0,9360,0
7062,0,7711,7416
0,3628,3311,5398
0,4409,4592,0
5177,0,5349,0
1399,0,0,0
0,0,3999,4487
6460,0,0,4477
0,2332,0,0
0,0,7078,5818
0,0,0,7368
6777,0,0,0
6365,7629,0,7757
0,0,3009,0
4392,0,0,5208
3508,3113,0,0
0,5312,3104,0
0,4505,6697,0
4094,5704,4570,3894
0,3367,3483,0
2032,2983,1568,2019
1849,0,3140,3074
5119,3587,0,0
0,5256,0,0
5782,0,3743,5104
0,2225,1201,0
0,5189,0,4558
6634,6621,7547,0
4073,2816,0,2262
3730,7603,3674,5859
0,5666,6782,3818
0,0,0,3667
4591,0,5906,4501
8743,7497,0,0
0,0,8429,7503
7979,0,0,7823
4329,3849,5880,0
0,0,2135,5268
0,6751,0,0
0,0,4883,0
4968,0,0,0
0,7264,0,0
2961,0,0,0
5044,5643,0,0
3635,0,0,0
0,0,0,4989
5797,4997,0,0
0,3447,5986,0
0,6207,5483,0
6552,0,0,4575
0,6619,0,0
0,0,0,5500
0,3935,0,0
3390,2718,3540,5158
0,7445,0,0
0,0,0,5398
3132,3455,0,0
0,4690,5109,0
0,0,6015,5883
0,0,2438,2806
0,6905,0,7047
5021,3624,4802,0
0,6378,0,0
0,6286,6753,0
5276,4083,0,0
0,0,7246,4342
6274,5731,5618,0
0,0,2936,3717
0,0,5917,0
1343,0,0,0
0,0,4258,0
0,2664,0,0
0,0,5880,0
2323,0,3356,3999
0,3086,0,0
0,3017,0,1261
0,4709,0,5791
6487,6475,7220,7974
3688,0,2866,0
0,0,0,7644
0,5904,0,6103
5457,2448,5036,3406
0,7074,7513,0
7075,0,0,5528
3478,0,0,0
8124,0,0,7522
0,2910,0,0
0,5425,3432,0
0,0,3817,4352
0,0,5022,4495
0,0,2273,0
0,6932,0,6563
5855,8713,0,8412
0,0,0,3087
0,5102,4960,5980
7491,6031,0,0
5716,6289,4742,5059
2847,4185,4969,0
0,0,6968,0
0,3564,4877,3488
0,6855,5018,5517
0,4132,0,0
0,4658,0,0
6653,0,6672,0
5230,3335,8177,0
0,5225,0,3946
0,0,2688,0
5591,6671,0,4446
0,3331,0,4875
0,4893,0,0
7270,0,7141,0
0,2558,0,0
0,2753,0,4557
0,5410,3719,4355
0,6248,0,0
0,0,5941,0
0,0,3885,0
0,0,0,2817
0,2443,1739,0
0,3498,4710,4855
5084,3158,0,0
0,0,0,5574
3177,0,0,0
5959,6630,0,6237
0,5350,5825,5299
6468,5822,0,0
4713,4053,4681,2685
4170,0,0,0
3414,5374,0,5163
0,5367,0,3461
6968,0,7074,0
4757,0,4245,3652
0,4272,6994,3745
5849,6225,0,0
0,0,0,4735
5814,0,6658,0
0,5200,5655,0
0,0,0,2454
0,0,1678,0
0,0,5532,0
0,4642,4259,0
4852,0,0,6481
0,7617,8192,8045
0,1855,0,0
1829,0,0,1948
8068,0,7458,0
0,4949,0,6049
0,7124,6527,7520
7008,5553,0,0
0,6186,5697,0
0,7763,6202,6705
0,4173,0,0
5140,2652,5008,1935
0,4436,5996,5671
0,0,1510,2105
0,0,0,4086
0,5611,4662,6632
5634,7273,3309,6527
0,0,7904,0
3151,2934,0,3663
0,0,6906,7701
0,0,0,4553
0,5886,0,5331
0,3488,0,0
0,0,0,4340
4682,7518,4715,0
7866,0,4367,3497
0,3812,0,3462
0,0,7922,7068
5892,5284,0,5348
0,2026,3171,0
0,6299,0,0
4618,4860,4749,3427
7285,0,0,6024
1703,0,0,1520
0,5904,7015,6581
7268,7774,0,5977
0,0,0,7602
0,6600,0,7695
0,6466,5509,8169
0,0,0,3931
0,4892,0,0
2975,0,0,3981
0,0,6285,6706
3434,6255,0,0
0,5846,0,6120
0,0,3539,0
0,0,7977,7064
6832,0,0,0
0,3661,2686,0
0,0,3965,3905
0,4290,0,7874
6871,6888,0,6421
2845,0,0,0
0,5901,5368,0
5832,0,0,0
2815,0,0,1911
2083,0,0,0
2519,0,0,3119
0,0,0,6931
4530,0,0,0
0,0,8686,6848
2694,0,0,3610
3276,0,0,0
0,1558,0,2039
6854,6097,6401,4801
0,1231,0,0
0,0,5705,0
0,5858,0,0
7524,7710,8865,6879
0,0,0,6809
5353,5400,0,0
0,6181,0,2990
0,0,3432,4391
3065,0,3758,3266
0,2841,0,3157
0,0,3125,0
0,0,0,4198
0,4967,4742,6126
1957,0,3916,3972
0,0,1293,0
4413,7454,0,8295
0,0,3316,3579
6211,0,5505,7737
0,0,6083,0
0,0,3046,0
0,0,0,4134
4513,0,3968,2530
6501,6195,5136,0
0,6298,7442,5388
0,3741,5701,4789
0,4918,0,5366
8201,6216,8943,6304
0,0,3153,2822
1733,1053,0,0
4331,0,0,2438
4029,5035,3567,4586
0,0,0,3781
0,0,0,3681
4550,0,6308,0
5408,0,6218,6679
4302,5140,0,0
6153,8233,7625,6674
3419,0,0,4268
0,0,7767,6138
1883,0,0,4436
0,2145,0,0
4455,0,0,0
5155,0,6177,6626
0,0,5530,5549
8128,7894,7382,7599
4864,5154,0,5318
0,0,0,5742
5056,0,0,0
3435,3933,0,0
0,7018,0,3974
0,6506,3404,0
3808,0,4292,0
5025,5552,5357,5393
0,0,0,2034
0,8726,8300,0
0,0,0,4008
5091,0,0,2561
0,2072,0,1851
0,0,5424,0
2325,5764,3343,0
0,0,5079,3785
0,4127,4467,0
0,4278,4127,4754
0,1962,0,0
3021,0,3425,0
6164,5082,4737,5754
4491,0,3386,0
4576,2467,0,3419
0,2564,0,2631
