9000 3
0,1253,0
5634,5191,5560
2559,0,6679
0,1101,0
6631,286,0
0,0,7134
0,0,5220
0,0,3265
0,0,3788
0,0,6085
0,3495,7339
3592,0,2530
9152,0,8325
5831,7670,0
8392,0,9713
2265,9666,473
9399,0,0
4620,0,0
7886,4167,0
1674,0,1913
7760,0,0
5099,0,0
7630,0,6229
5955,1907,3899
5382,0,0
5095,0,0
5569,0,0
0,6585,6119
0,4471,286
822,0,0
0,3906,0
0,9006,0
0,6637,0
8912,2592,0
2812,0,7935
1015,3071,500
0,0,2465
2682,0,0
8801,3362,0
0,4184,9668
0,6919,0
1216,5063,2581
0,7747,9218
6596,6660,1811
4231,0,0
2166,0,0
0,9371,0
0,0,253
0,855,0
0,0,7800
7372,0,4720
947,0,0
0,0,7532
2747,0,0
0,1342,3665
4346,0,0
7205,6175,0
0,1307,0
8958,0,6435
2574,3193,0
375,0,0
5096,0,4456
4880,0,4971
2412,7790,0
6604,0,0
270,0,6934
4424,0,0
7949,2608,0
0,1567,9905
9964,0,0
6343,0,0
1153,0,5177
0,4493,219
582,0,8010
2665,0,0
6090,0,0
0,8206,0
6134,6155,3567
551,0,0
457,0,0
3556,0,3793
0,7147,0
0,0,7900
2618,3340,0
628,0,8318
0,2096,0
0,5121,0
0,0,6462
2572,0,6147
7706,2266,0
6983,5823,0
0,0,8939
0,0,1697
0,8061,0
0,8690,0
5210,0,0
7311,0,0
0,6729,0
0,9302,1328
0,0,3595
6025,0,0
7817,0,0
6756,0,0
0,1036,0
0,7928,4657
0,0,4336
7677,0,0
0,0,8791
5461,2150,8093
0,2378,0
385,8404,9093
0,6221,0
0,0,2814
0,1432,3850
0,4924,0
0,0,4919
5131,0,0
0,3080,3439
5984,0,0
4077,0,0
0,0,6372
0,5519,2593
2134,0,5571
0,7955,0
0,4093,0
579,4888,0
5498,20,8528
0,0,1608
0,3197,149
0,7275,0
7865,6454,0
4237,4727,0
6831,0,0
0,0,2456
9407,0,0
1335,0,1439
0,6688,0
1253,0,0
0,1864,0
3010,0,0
0,0,5600
9687,0,327
0,697,0
904,3101,8999
3361,2508,9610
0,3844,0
0,0,7488
2811,0,0
1485,683,6909
0,0,8672
2502,0,0
8102,1873,0
8429,0,0
5618,0,5964
4618,0,8472
4228,2456,0
0,3808,0
0,0,6708
0,0,7392
0,1461,0
3143,0,3272
1443,0,5145
3609,0,0
0,0,2605
0,732,0
0,0,7606
0,9990,1414
2114,2507,8035
0,69,0
6215,4541,0
7302,7685,1566
575,9129,3632
0,0,4128
0,9211,0
1748,1649,0
0,0,5937
0,0,5928
0,7901,0
0,6724,0
0,2940,0
0,242,732
0,817,9861
0,0,2600
0,5682,0
0,7431,0
0,0,6020
4182,0,1808
0,4753,9709
0,8708,6434
7052,8804,0
0,0,9617
831,0,435
0,8667,6973
0,0,2656
5104,0,87
8565,1210,4417
0,5392,3251
6395,0,0
0,4050,6712
0,0,5516
1913,0,2020
0,2033,7789
0,0,6456
0,6018,2151
0,1123,5116
1683,9689,6326
0,4276,1719
9351,0,7222
0,6776,1273
0,9315,0
0,1228,0
1605,0,5612
0,0,8338
5851,0,0
8003,0,5480
0,6944,0
9445,0,0
0,0,117
8387,9750,0
9660,0,0
2037,0,0
0,5010,0
0,0,4924
9566,0,8589
3923,8259,0
9403,1378,0
0,0,3838
0,1988,0
4137,375,0
0,0,9803
7241,0,0
0,0,8218
4878,0,0
0,0,2880
0,0,1140
0,1809,0
0,6382,3343
6874,0,0
0,4539,0
0,5571,0
8896,0,7814
0,7492,5503
0,2370,0
2948,0,0
0,564,5307
6969,0,7116
9488,5842,3499
0,0,3901
0,0,8441
0,4917,0
9612,3814,6825
7427,0,0
2930,6244,6689
0,9192,0
251,5021,0
5559,0,0
0,0,8075
0,4311,0
0,2474,6617
0,0,1535
0,0,5350
0,3383,0
3674,6314,7514
363,0,0
9225,0,0
0,9475,0
0,2151,5198
0,0,9509
0,0,1984
0,6921,8329
7905,0,0
3256,8808,0
4526,0,3984
0,0,7648
8747,2072,1564
476,0,1040
4195,0,0
9394,0,0
0,323,0
888,0,0
0,4599,6294
3503,0,5102
0,2382,0
5158,0,0
2806,3171,2505
0,0,3229
5412,7842,4839
8604,7236,0
122,6140,0
44,7029,0
6887,0,7027
3182,9751,0
8285,0,0
5870,0,0
6303,8889,0
8808,0,0
0,8673,6350
0,0,3586
0,0,9727
0,7444,6757
450,4331,0
0,7513,0
2361,0,0
9627,0,9763
1316,7973,0
0,0,1914
0,8820,0
0,5698,0
4620,0,5264
4348,0,2708
1105,0,0
4109,0,0
0,0,353
545,0,0
309,7243,9996
8962,3419,0
0,8102,0
0,0,1296
0,3756,0
4591,0,0
7300,0,0
4340,0,0
0,184,1990
0,0,7917
0,1039,5160
0,0,8580
8045,0,6683
0,0,5819
0,1669,0
0,6261,7681
0,0,6891
0,7901,210
6961,6795,395
0,6043,0
0,0,2166
0,8580,0
0,6626,0
7293,0,0
3112,5210,7058
2688,0,3319
370,8952,0
7261,223,4781
7472,0,0
7867,0,7621
8994,3006,4934
1160,5036,3515
3328,5646,0
0,0,411
0,6052,5622
8822,0,0
0,9111,4009
0,6372,0
3804,3844,0
5382,1712,0
0,0,562
0,1867,0
0,0,1245
0,0,4185
0,0,237
7628,0,8979
0,4301,0
0,3323,0
929,7128,8308
0,2510,21
0,0,728
465,3451,0
6063,0,0
0,0,9365
1494,0,0
0,6136,0
0,0,9162
0,5518,0
3264,6447,0
1573,8795,0
0,0,7638
0,9163,0
4918,0,0
0,0,2495
0,4030,0
4778,5762,0
0,6473,0
0,5274,0
0,0,7927
904,0,0
0,1707,5420
0,4029,0
0,8948,0
0,1660,0
249,0,6377
0,0,2139
0,8155,0
0,6958,0
5834,8248,0
0,9153,0
484,0,4247
5905,0,0
0,4610,7225
301,0,0
0,2613,0
9026,0,0
0,2258,0
9779,0,6253
3667,0,0
0,6207,0
8635,0,5838
2883,0,0
1160,0,3301
0,3389,0
7272,0,8280
0,5063,0
0,6229,0
328,6008,1016
0,0,3462
1083,5771,0
4738,0,6362
577,0,0
0,8450,0
2570,0,5438
8237,4108,0
0,4004,0
0,0,2768
0,0,8777
0,1948,0
0,0,4224
7217,0,8631
0,0,5920
0,0,4370
4589,189,1207
27,8426,0
1503,4944,0
0,3608,4358
811,6676,9725
0,0,1674
0,0,4707
0,5526,0
0,9106,828
6818,0,0
0,0,8635
0,0,7061
7712,7767,2006
7032,0,0
1391,6621,2291
0,6210,0
0,0,1362
0,0,6888
9978,7417,0
0,0,7640
9252,0,0
0,7821,0
0,5533,0
0,2565,3718
0,3956,0
4861,5073,0
7914,0,0
9276,5364,0
6164,0,0
0,6149,8973
9800,5401,0
3677,3289,0
3818,0,0
0,0,318
0,7765,0
5785,2626,9349
0,0,7215
3137,0,0
0,0,7923
5196,0,0
0,7941,0
8569,0,0
0,5437,0
8542,7164,0
8861,0,0
3137,0,0
0,730,0
9702,3867,0
0,0,2932
0,9522,0
4279,0,0
3753,0,0
0,3051,0
7520,1594,3237
0,0,5847
0,3593,0
0,0,4972
1406,0,8839
8356,0,0
1288,8272,0
0,0,6379
0,6305,0
2013,0,0
0,343,0
0,0,3744
0,0,7338
1412,6020,3419
0,7426,0
0,5782,7268
8388,7071,0
1076,0,0
0,811,0
0,0,7222
0,910,0
0,2233,0
4825,0,3374
2164,815,9394
5583,0,0
0,2423,0
0,0,9675
0,1888,0
5690,0,9920
0,5443,0
0,3235,3656
0,4316,5889
0,9142,0
0,1306,6108
0,0,3308
0,1675,0
8699,0,0
8374,1326,0
7483,7016,0
7404,0,0
150,0,0
0,9294,774
9697,0,0
4990,0,1224
1098,0,0
4407,1047,9790
139,0,0
0,0,4847
0,5605,1864
0,0,8970
6118,3160,3388
0,6967,0
3350,0,0
3267,0,0
4491,0,0
2605,0,0
2396,0,9909
0,3984,0
764,0,0
2628,0,0
0,8117,9808
0,0,6776
7671,0,0
0,7310,0
0,0,7850
9430,0,0
0,6803,2312
9502,0,0
0,3485,0
1171,6114,0
0,7714,0
0,2702,0
0,0,251
7846,0,0
0,6844,9363
0,6274,3770
0,0,574
0,0,3295
4415,2904,6781
9815,0,2895
7214,0,0
2729,9524,0
0,0,3685
0,1776,0
6751,4720,0
0,5514,0
0,1320,9200
0,0,4570
0,3854,0
537,0,0
0,0,3445
4043,0,0
0,2552,0
1040,0,0
0,8493,0
8313,0,8910
0,4493,231
0,0,9670
5416,0,3525
2890,0,0
0,0,8079
7886,0,1693
856,4079,0
0,0,5988
0,0,4481
0,4688,0
8738,6335,3583
0,0,8537
8640,0,0
0,5489,6495
9360,0,0
0,7816,0
0,0,9980
3378,0,0
9367,2860,1476
0,2688,0
0,0,2499
6521,0,9681
5058,9036,2280
2306,1201,7769
8802,0,7700
0,8001,5516
3880,0,0
0,513,0
8961,9880,0
437,0,0
6602,6667,7593
0,0,7989
0,0,7025
1063,0,0
8833,0,0
0,7335,0
2050,0,0
0,5076,0
6858,0,0
0,0,8047
0,1077,0
4098,0,7903
2088,0,0
0,26,0
0,0,6062
6129,0,0
2919,0,4614
0,3682,0
1280,541,3728
0,0,8203
3645,7384,0
8360,0,9459
0,0,8422
2415,2684,0
0,25,7308
5185,0,0
0,9073,143
0,5916,0
2888,0,0
6617,2795,0
4820,0,0
0,4802,4113
3561,0,0
0,3482,368
0,2604,393
0,0,6548
0,0,5621
0,9571,1537
4412,0,8735
8780,9077,0
0,0,7972
6659,8000,0
773,1561,3841
8457,3545,7324
0,0,9929
9220,0,0
5768,2161,0
1389,0,3664
2927,7159,0
0,0,5202
0,0,9101
0,6627,0
0,0,8663
7784,0,0
5108,4685,6186
5037,0,0
2756,9674,66
0,1064,0
513,3991,0
6638,5654,0
0,0,5881
0,16,0
0,0,9909
0,0,5768
0,6851,0
5101,0,0
0,0,4033
3073,0,0
0,0,9089
5860,0,0
1773,0,3593
7655,0,0
164,9472,0
73,6179,9311
5841,0,6162
6295,0,0
0,3202,0
4687,6276,4192
9784,0,6199
8873,0,4845
3617,9797,5332
7210,7452,0
820,0,0
0,0,2413
7699,0,7507
3862,0,0
0,481,906
4611,5168,0
0,4952,9346
5003,3826,0
0,7443,0
0,0,4620
1942,5474,2236
8175,0,0
589,1562,0
0,5424,0
5801,0,3769
0,1950,8937
3891,754,0
3237,5758,0
0,5607,0
0,789,0
0,0,5289
0,0,9152
4560,1496,0
0,9593,0
1307,0,0
0,2102,0
0,0,6182
0,0,1940
5623,9839,0
784,7615,8337
599,0,1069
0,0,1976
0,9203,0
0,7223,0
1895,0,8461
5373,0,564
0,7623,0
6984,0,0
8924,0,0
0,0,3245
0,2535,0
5880,8425,0
0,3467,0
0,0,4327
4398,1120,0
2859,0,0
3424,7295,0
0,0,9618
0,3204,0
1403,9677,0
0,4489,0
0,369,0
5804,0,0
0,0,6360
7235,0,0
0,0,3973
0,240,0
0,223,5548
0,5996,8753
1039,0,8431
0,2049,0
8989,0,0
2658,0,0
9793,8667,1074
6153,5902,0
0,5996,0
0,2556,0
0,3207,2309
0,0,8306
0,4516,0
0,0,7755
0,0,7709
7819,9911,0
9336,9705,2136
410,5859,8038
0,0,4034
7286,0,0
9372,0,0
0,404,0
9988,3583,0
0,5193,6053
0,9723,0
1160,7542,0
0,0,2923
0,7289,8782
0,0,8275
0,16,0
0,9388,0
0,0,1758
8503,1059,5341
6294,0,534
0,0,257
0,0,7800
0,0,4679
0,2759,0
578,0,4698
8854,0,0
4230,0,0
0,7061,0
7343,5565,6234
0,1859,2988
3219,0,3193
0,9863,0
0,0,553
0,533,3312
0,1112,875
2623,0,0
7338,0,9109
1441,9781,0
6616,7125,1736
2850,0,0
0,3029,7804
9033,6507,7668
3592,0,0
0,0,6939
7458,0,0
8334,4290,8018
5611,0,2215
0,3069,1997
0,9685,0
0,2536,0
6225,0,0
4029,0,0
1697,1001,6255
8102,5147,0
5041,2605,0
0,939,5953
1112,0,7581
0,1273,651
5325,0,337
4448,4794,0
3381,0,1250
0,5049,0
3815,6746,0
0,0,4809
67,0,0
1731,0,0
7684,0,0
5266,7425,0
5918,2751,0
6255,0,0
0,581,4159
379,0,0
0,0,5955
0,9813,0
3510,9880,0
0,1611,3682
9280,0,0
0,0,5205
0,0,7956
8711,0,5156
1851,0,0
0,6246,0
5220,0,1407
1175,0,0
1981,0,1101
2677,0,0
6359,0,0
0,1891,6571
0,2257,7052
7301,969,3789
0,2820,9655
0,8831,5902
9861,4052,0
0,0,5175
0,7208,2673
0,9886,0
6303,6246,8801
0,386,692
4884,9731,2950
1937,0,0
0,0,6740
5382,7687,0
1284,0,9623
0,8819,0
0,0,2060
0,4899,0
1418,0,0
220,0,8580
912,0,8311
3862,0,0
7781,0,0
4521,0,2522
93,8732,0
0,1205,8891
0,8854,200
0,9176,0
8577,0,0
0,0,5819
5351,1727,0
0,5590,0
9006,0,0
3841,0,0
6364,7987,4802
6436,0,0
5328,0,0
0,8904,0
629,7482,4633
6932,4253,0
2752,0,0
0,0,2766
0,0,6138
8152,0,0
4222,2480,2019
9025,8917,0
0,0,1999
0,0,904
3933,0,0
8567,0,2641
4015,0,0
1192,0,0
0,2590,7789
0,742,0
0,4964,6386
6150,0,0
0,0,9548
7875,0,0
0,2851,0
7166,0,7061
9808,0,0
2054,0,0
0,586,2798
5359,684,0
9264,0,0
0,0,2496
0,0,1519
0,4715,0
0,3495,3289
0,662,0
6611,0,143
0,2524,0
0,94,0
6768,0,0
0,0,2857
0,369,0
0,1324,662
0,1826,5378
0,1652,0
0,1202,9535
0,7814,0
0,0,2530
8182,0,2624
5541,0,0
3583,0,0
6441,1439,0
263,0,0
0,0,6318
0,8853,7970
5177,5412,9172
0,0,6986
0,0,8561
0,6274,0
0,0,6418
0,0,9041
0,0,480
0,0,3231
8407,3031,0
4725,0,0
0,0,3081
1868,0,0
8855,3945,0
0,0,4128
1522,1068,0
7941,0,0
6982,0,3184
0,0,5289
694,2094,8320
9510,6819,7657
7179,9515,0
0,1383,0
0,239,0
7875,0,6539
0,9178,0
7948,0,0
9291,0,0
2476,1564,0
7765,0,0
0,1769,0
0,8948,8513
0,9208,9897
7314,0,136
0,7106,0
0,9110,0
0,7058,0
3434,6350,0
9832,0,0
9916,6592,2016
0,2679,3785
1093,6423,0
0,2338,0
9505,9652,1174
9641,0,0
7434,0,0
4405,0,0
0,0,798
0,1582,9625
6445,0,0
0,3594,0
2247,4687,0
4981,0,0
6925,0,0
0,0,9622
6379,876,0
3770,0,0
8219,0,1197
9018,0,0
0,6911,0
0,0,7873
0,0,2561
9077,2603,6856
6736,0,656
4047,7627,4098
0,4007,0
4801,0,0
4248,0,4034
0,0,4501
8226,3658,0
0,0,6786
378,0,0
2939,0,7010
0,8091,0
452,0,0
0,5808,0
9526,0,0
9783,4858,1948
3818,0,0
0,8530,621
9732,0,0
0,1413,0
925,0,0
0,4149,0
4474,0,3005
8640,0,0
0,8680,0
0,8464,4282
4712,0,0
0,602,0
0,0,4153
0,0,5567
2858,7779,0
5633,5715,0
0,189,0
0,8830,7826
0,5644,0
0,8409,4971
2026,0,0
0,4798,0
9731,0,0
0,8534,0
0,1392,0
0,7025,0
3442,0,0
0,0,7561
0,1351,3205
6449,0,0
0,1123,4736
0,7736,9534
6533,7468,6630
0,1352,0
0,0,6558
2599,0,0
0,3620,7109
0,5735,0
7434,0,1493
640,0,589
2254,0,0
0,2222,0
6526,0,6917
3156,0,0
0,0,9075
0,5855,0
0,6996,2872
0,0,8607
5715,0,4285
0,4943,0
7798,0,0
9511,0,2180
0,716,0
0,0,4418
0,2195,0
0,7076,0
2476,0,525
5349,0,0
3957,0,0
8242,0,0
0,1837,0
0,1349,0
0,310,0
0,0,2621
2148,0,4817
9822,0,0
3351,0,0
0,0,8547
1272,0,0
0,3587,0
0,8241,1254
0,2853,0
1485,0,2913
233,0,0
2854,9524,0
7672,0,0
9565,2698,0
6998,6576,0
5546,7848,5775
924,0,0
0,0,7605
1595,3888,0
4198,5374,105
7111,5607,7481
6213,0,0
5653,0,0
8655,0,0
7697,0,5626
0,0,3475
3903,0,0
0,0,4729
872,0,0
1331,5305,0
1436,2416,9600
8918,8630,8062
5923,0,4197
0,0,9897
0,636,0
6951,0,0
0,2667,0
0,5934,9524
0,0,631
0,8137,0
0,0,8353
1662,8492,6984
9724,0,1267
3922,6691,0
0,8017,0
6415,0,0
0,5396,0
7270,0,2209
6794,0,0
7426,0,7153
3362,9702,0
1716,1364,5220
8700,0,0
0,5011,0
4176,0,0
0,5246,0
0,0,4711
8904,9774,4830
0,6569,0
129,0,2041
7283,7358,1743
0,9074,3108
9231,0,0
8868,7744,0
0,0,8040
9543,0,0
8858,0,5791
0,2474,0
8400,0,2136
0,0,6131
4843,0,0
6586,0,0
0,4243,0
3893,0,0
3103,8310,5
1143,7853,946
4431,6712,0
0,0,6990
5790,8683,0
7926,0,0
4058,0,0
7547,2915,308
0,0,4552
453,0,0
0,0,5974
0,750,3828
0,5182,0
0,5405,0
999,1195,0
1577,9122,992
5873,0,0
0,0,235
1478,0,0
0,1294,0
3695,0,0
0,0,9706
3499,7869,0
4040,0,294
4864,0,1490
0,0,612
5363,0,3792
0,1498,4520
0,2977,0
5765,0,6656
5115,0,0
4071,2374,0
3778,5873,0
8667,9914,0
0,0,7491
452,0,1946
1064,4512,0
0,7197,0
0,116,6751
4740,0,0
0,0,8463
0,5069,838
0,0,6712
0,0,6626
105,0,0
0,6929,0
0,7993,0
0,2851,0
0,2229,0
0,0,8262
0,8366,0
6565,6252,4329
7404,0,0
4116,4497,691
0,4602,0
2146,0,0
0,1741,0
0,0,4942
0,9149,0
0,0,4142
0,9594,2508
9933,6159,8760
0,3564,0
0,0,2264
8131,0,6866
5299,0,0
0,0,807
0,0,4365
0,1066,3515
0,0,5007
0,4149,4601
254,0,0
0,8345,0
0,5785,0
0,0,428
0,9216,998
4978,0,0
5785,0,0
151,6534,6369
0,0,9846
0,0,3995
3276,0,8077
0,0,6423
8363,0,0
369,0,6124
798,0,5341
1796,3875,0
6064,9660,4058
0,9812,0
0,3479,731
0,2154,8616
0,0,6755
9657,9469,3910
6080,0,0
8288,8202,831
4413,0,0
9755,798,3603
0,6862,3264
7769,0,0
0,5969,0
0,3553,8710
0,5133,0
4466,0,0
8377,871,1443
6225,0,0
7056,3573,0
0,3328,0
0,7039,0
0,4808,4540
0,3171,0
3286,0,0
1997,9976,0
0,4443,0
0,0,4859
0,0,4019
0,6102,0
0,2887,0
8936,0,7960
5245,0,0
9786,3659,5940
297,0,0
0,0,8182
3560,5084,0
0,4834,5446
0,6029,0
0,0,595
4021,0,0
4942,5296,0
2903,0,0
5673,329,0
1614,626,4295
0,4989,3239
8003,0,8323
0,6098,3158
6076,0,9187
0,4935,0
0,8956,0
0,0,7714
1405,6803,8256
5093,0,0
0,4090,0
0,3911,0
9976,0,2750
8299,2544,0
0,0,7355
645,0,2290
6703,0,0
9121,4999,0
6835,6404,1949
5091,0,0
0,3939,8516
0,0,2427
0,652,4342
9842,0,0
0,410,5506
6046,0,4695
8337,7759,0
9585,0,48
0,0,6452
0,8806,0
1108,0,0
0,5373,0
2052,0,0
6394,0,2169
0,0,2579
0,0,3635
0,0,1394
0,4968,8274
8580,0,0
0,0,796
2983,7490,0
4873,0,0
7439,0,0
0,0,3426
2826,0,0
5406,0,0
9042,0,0
437,0,1820
0,8228,0
0,3261,0
1498,0,0
0,1118,0
0,8558,0
4551,9215,0
0,2042,0
2402,0,0
3871,6491,4828
724,0,0
0,5640,0
0,6342,0
0,0,2211
7362,0,0
9871,6052,1888
1547,0,0
0,8582,3145
0,984,595
0,0,7086
3409,0,4015
0,0,9656
0,0,5998
6555,4161,0
0,0,6459
2096,0,0
3984,0,0
0,0,1699
8234,6595,0
8829,5176,7539
5915,8586,0
0,0,1246
0,7060,3438
5586,0,0
0,0,9124
0,0,519
0,0,3462
1515,0,0
0,1786,0
5897,0,6963
0,6531,5549
0,6462,0
0,0,9082
0,1636,0
8843,1062,0
7967,0,0
8487,0,0
1950,0,0
7140,0,0
0,0,3978
0,9411,0
1441,0,0
0,0,3022
2544,5017,0
0,3861,0
323,0,0
0,0,8015
7908,0,4876
0,9407,4953
2847,8334,0
6826,0,0
7336,5667,6309
0,9129,83
0,1673,0
0,0,8962
0,0,791
379,7123,1107
0,5032,0
3271,0,0
8224,0,0
0,4191,5342
0,1527,0
5801,0,0
0,0,1812
0,0,8728
0,2869,0
0,3249,3092
1849,1643,8124
5223,4914,0
8004,3139,0
9120,0,4198
0,1783,0
0,0,1563
5612,3470,4732
7425,0,9890
6154,4406,0
2122,0,0
5215,0,0
0,0,2567
0,225,5707
5989,9346,0
0,3809,0
5914,0,7367
7478,0,838
0,2320,5294
2101,0,9701
0,0,4849
871,0,1846
8524,0,0
0,5134,0
0,1124,0
4799,1312,0
0,0,6730
1950,4705,1625
2788,0,0
0,0,2419
7785,0,3016
0,4749,8828
4481,0,0
0,0,3115
2841,0,0
0,0,5552
3927,547,0
0,0,7484
0,5286,4399
6228,3369,0
0,1154,0
0,3789,0
492,0,0
0,6820,0
1589,0,0
0,0,6814
1381,0,0
0,0,9860
1644,0,0
0,0,8516
0,7888,0
0,0,3460
0,45,0
4116,0,8551
3800,108,8212
0,0,4354
0,7319,4424
8826,0,5151
0,0,8163
3833,9169,0
2349,0,0
2020,0,0
5480,0,0
7211,8302,0
5763,0,0
0,6752,9458
0,8217,6778
2754,7044,8258
7906,0,1383
6070,0,0
3474,0,0
0,3934,0
0,9414,8755
8504,0,7057
1916,0,9160
0,6366,0
4895,4696,0
1673,0,0
0,5358,0
0,0,6470
0,4902,0
1051,0,2319
5621,0,0
0,5787,8361
1433,7703,751
0,0,7117
0,8035,1814
638,0,0
1813,0,0
0,0,6053
5190,2824,955
3575,3876,4625
0,9497,0
0,3873,0
5990,0,0
0,5902,0
0,2409,0
0,0,6283
0,4861,0
0,3581,0
0,8771,9704
6574,2347,0
0,0,3078
3108,0,0
803,1861,2260
6201,0,0
0,0,572
1314,0,0
7597,0,0
0,2643,0
0,8262,0
107,0,3181
0,0,1423
6766,0,0
0,0,9156
0,0,7760
0,0,223
4714,0,0
8334,0,0
0,3323,0
0,3726,0
9712,3833,7183
0,7521,3220
4316,4288,0
1611,0,2313
0,3987,8463
0,0,9353
8752,0,0
0,1178,0
0,7994,4683
2636,0,8409
0,0,2242
0,9478,9764
0,0,4053
7751,0,2061
64,0,0
0,4703,0
7882,0,0
0,568,8201
0,9121,0
5483,1757,0
3892,0,0
0,0,9131
0,4290,0
0,0,8333
0,2106,0
8062,635,0
0,8517,0
9264,0,0
0,0,2357
0,4241,4114
6730,0,0
6383,4268,0
0,167,0
8441,119,6092
6774,0,0
1282,195,0
0,2436,7352
0,0,5310
0,9166,0
0,2828,8309
2868,0,0
3723,0,0
3483,0,0
7534,9897,998
0,6671,0
0,7954,0
0,8447,0
8012,0,0
3323,8004,0
0,6758,0
0,0,9018
2144,3350,4960
2855,6833,6417
0,4367,6315
4732,7994,2987
0,0,941
1190,0,0
0,8493,0
0,1817,0
0,0,5760
0,4910,0
9528,0,0
0,0,5571
0,0,9939
7222,0,0
209,6240,7754
1150,0,8235
0,4384,0
0,8803,0
539,0,0
6300,362,0
1687,9891,0
0,4380,0
5997,0,0
5936,0,1651
0,0,7891
0,3869,0
9860,0,0
0,5947,0
0,6486,8362
0,2787,0
0,4475,0
0,0,2996
0,0,8283
0,0,793
9832,705,0
0,2330,0
0,2190,0
0,0,7738
1261,0,0
9623,0,0
0,0,1487
0,7639,0
9960,2545,0
8244,0,0
9037,0,0
2549,8284,7156
0,0,9346
1721,4081,0
0,5342,2043
0,4965,8849
0,3313,1212
2184,278,8851
8572,0,0
5858,0,2125
9979,0,2685
0,70,0
1962,0,0
1309,0,0
0,1183,1722
1479,0,0
0,0,2
0,0,280
0,6321,520
1791,0,9003
0,2160,6525
6601,6966,6595
7570,0,0
9869,0,0
0,9674,0
0,1153,4372
0,1482,0
0,3024,0
4944,0,4008
0,0,6189
4468,9124,0
0,0,5316
7589,0,0
4187,3166,0
0,9415,4158
2011,0,5312
0,2049,0
0,0,9819
4008,0,0
8016,7122,0
4206,1591,0
2556,0,0
7873,0,6593
0,0,9759
6603,0,0
762,0,0
0,5265,8614
2870,1587,5328
2689,0,6986
5927,3611,0
4373,0,5700
1944,0,8285
0,8246,0
1835,0,0
1595,0,0
0,0,8571
7335,3805,0
0,6675,0
0,9365,1019
0,5293,0
0,9666,0
0,0,2822
6358,6852,1069
4818,0,1435
0,0,8405
7329,0,6136
5901,0,0
9738,0,6618
0,0,5984
6182,3880,1277
0,6253,943
3262,4326,0
6085,685,0
0,0,8094
0,3143,8377
6996,472,9430
0,6374,0
3074,6113,0
9693,0,7773
5677,0,0
6954,8272,0
7897,1534,2234
451,0,0
0,4775,8423
7953,3366,1566
6330,363,0
0,3495,0
0,6570,4526
0,6263,0
0,1940,3261
0,0,1533
0,0,3068
0,0,688
0,7103,0
0,0,8831
8214,0,9194
253,7146,0
8666,726,0
3193,6463,5524
0,9974,0
2257,5139,6360
0,8211,0
0,3517,396
7548,0,7499
0,8391,2556
1844,0,0
0,6858,0
0,5525,0
2990,0,0
0,7715,0
5979,9972,0
0,3764,1604
0,0,5121
5889,0,0
0,1186,5255
0,3031,0
9888,0,0
0,7799,0
0,789,2964
1072,0,679
0,0,652
0,7624,0
4322,0,0
9444,0,0
0,2395,4400
1563,8341,0
0,8229,0
2143,9206,9300
0,0,90
9353,0,9394
32,0,0
684,5116,0
0,0,5419
141,0,4425
3355,0,0
7755,6754,5162
0,178,0
6688,0,0
0,8711,0
0,0,7670
0,8096,0
152,0,0
2455,0,0
0,0,3505
0,0,8697
0,5136,0
0,0,5630
7677,7012,7953
0,3001,6664
0,9081,4728
0,4555,0
2612,0,1607
7796,7164,5489
0,0,9514
0,0,6894
4622,6461,0
0,747,2353
5705,8424,9365
0,0,2367
0,3575,0
5051,0,0
7876,0,0
0,0,7877
0,8948,2916
0,0,255
0,0,6717
0,9570,7464
0,0,5889
5131,0,4589
0,9255,8165
0,4306,0
0,0,3019
0,0,9548
3543,0,0
6459,0,3370
6714,0,2866
0,5921,0
0,0,7712
0,0,6645
1376,0,0
9542,0,0
0,8219,2391
6847,0,0
0,7428,0
4893,0,0
0,0,4336
1130,4035,0
0,4932,1945
1279,1718,0
0,0,3083
0,2637,0
0,6465,0
0,0,8455
484,0,5883
0,4603,0
0,0,373
0,3997,4408
0,7565,0
0,8844,0
0,6769,0
1400,0,6792
7750,0,3258
0,1055,0
0,1539,6281
0,2723,0
0,5733,0
0,0,7750
0,686,0
0,0,4160
1612,0,929
5768,0,0
0,7705,0
0,26,0
2391,802,0
0,7462,0
9558,0,0
0,0,287
1060,1909,0
6375,0,1210
0,4075,0
0,9843,0
2990,0,0
9145,0,0
6355,615,8253
5105,9289,0
0,8847,9608
3785,0,0
0,3218,2214
5045,9594,4677
0,130,8753
0,0,8596
5741,4586,0
3166,3731,0
0,0,9841
8871,5192,0
0,0,7978
4196,5556,135
4501,0,3354
6716,4674,0
1394,931,3079
0,6953,0
8743,0,0
9745,5860,2993
8971,6478,3080
8812,0,0
7943,9937,0
5921,0,0
0,8635,0
0,5352,0
0,0,836
0,0,7789
0,5637,0
9376,0,0
2369,0,0
0,3166,0
0,0,8111
3768,7031,2246
9369,0,0
0,0,6234
0,4860,0
0,0,9875
3129,415,0
0,9791,0
0,2161,0
2781,0,8416
0,1335,0
0,5104,0
1313,0,9646
2195,9072,2146
8430,3576,7006
1411,8916,0
0,0,7721
6799,0,7513
0,5616,9674
2944,0,0
1361,0,8622
0,8420,3726
7445,9734,8200
0,0,7272
0,360,0
6243,1771,0
3550,0,1811
0,0,7470
0,7552,3086
8460,497,0
5747,1858,837
4369,2746,9258
8095,191,8993
6295,0,923
3568,6520,0
0,2764,3055
4184,0,0
0,0,5970
3465,0,0
0,4833,4020
8037,581,5879
0,0,8625
0,3046,8817
0,9342,0
8049,0,0
0,7329,5383
0,1513,0
8501,7509,0
4472,0,0
0,0,493
0,5565,1074
0,4440,0
6520,2573,0
5337,0,0
1437,7750,0
0,7083,0
9441,0,169
0,0,7679
0,2444,0
0,439,0
0,2455,1748
7652,0,6188
3677,0,0
0,2209,8463
0,0,6213
2490,7704,3296
1146,0,2767
1316,8285,0
0,0,3183
7650,0,3623
0,1373,0
5582,9026,0
0,2704,3300
534,5453,0
8997,0,9156
0,9108,6860
0,0,4006
1274,0,0
2014,0,0
5198,8217,0
0,2051,0
0,0,6197
0,9406,0
4630,0,4356
0,0,974
0,0,83
6158,0,0
164,3932,1909
0,5946,0
3456,1144,693
9254,9966,2744
6425,4866,0
0,0,9785
1525,0,0
5881,0,0
6856,0,0
6939,0,0
7277,6585,9405
9186,9040,0
0,2497,6497
2356,1751,0
5100,0,1329
5480,0,0
5266,0,0
0,8208,0
0,5064,9580
6474,0,0
0,9281,0
0,8468,1626
6706,131,0
3203,2487,0
0,0,4053
0,3068,0
8522,8335,7181
6872,0,5389
0,0,454
0,0,2459
1770,0,0
0,6764,0
0,3470,0
0,6674,2829
5984,0,417
0,7339,0
0,5861,1821
0,2734,0
0,8923,2137
7918,4693,0
0,6464,1010
2119,821,0
0,6806,0
2670,0,0
5499,0,0
5917,0,0
0,7830,0
0,9904,0
6375,7367,0
0,5286,0
4113,5664,277
0,0,1099
0,112,0
4143,0,0
2063,0,0
6324,0,658
0,0,8488
5386,4830,0
5582,0,5760
4701,9720,0
0,3834,6711
8792,0,0
0,1857,4608
0,6001,0
0,8064,0
338,4388,9877
996,0,0
0,7700,0
0,0,9519
0,7984,9239
0,6499,0
0,5291,0
0,0,3889
0,0,9890
7893,0,0
0,5934,2343
0,6931,4657
0,6416,0
5241,0,0
0,7933,0
4000,2619,124
0,4017,5415
9106,0,0
2996,0,0
0,0,9174
841,0,0
0,5322,0
7843,2251,8457
201,7492,0
0,2253,0
9468,0,0
9592,0,0
0,0,7233
5607,0,0
9184,0,0
8359,0,7826
3469,2344,3149
5509,0,5400
0,390,0
0,0,5146
7403,0,0
708,0,4727
8031,302,7161
0,5910,0
0,5095,0
0,0,66
6687,6923,0
9837,0,2600
0,6400,0
0,0,9223
0,0,4924
4676,0,0
9403,0,521
0,4527,0
0,7437,0
0,0,4981
130,0,1905
0,2823,4338
0,0,739
0,6190,3858
7356,0,4381
2281,0,0
0,3546,0
3021,111,9404
0,0,6841
0,9329,0
5961,0,0
7866,2002,0
2205,7144,0
2944,0,0
6802,2633,0
1184,0,0
0,0,358
0,0,469
0,9889,0
0,0,9065
0,6831,8525
0,4698,0
6137,0,0
3146,9848,0
6346,0,5582
9014,0,0
5826,0,0
6184,6310,0
6653,0,0
6389,0,0
5455,6376,0
3980,0,0
4508,9702,7541
2180,0,0
0,0,4041
0,0,1876
0,0,6511
0,0,2822
7470,0,0
0,0,5527
0,0,1904
756,0,0
1394,0,0
8936,9390,8019
6326,4520,0
0,5232,0
0,0,9462
8755,5565,0
1578,0,0
1791,8745,9823
7319,0,0
0,0,1244
0,5713,0
0,0,7844
7883,0,2364
0,0,7597
524,3588,0
9987,2344,0
0,0,2642
0,5714,0
0,3033,0
4597,0,0
5841,6949,0
0,0,9633
0,4697,0
0,9796,0
0,321,5543
6142,308,0
5748,9979,1810
8391,0,7524
0,2262,558
0,6859,2816
3999,0,9765
8982,0,0
0,9138,1277
9226,0,1074
0,5745,0
6723,1887,1704
0,7636,0
0,0,7893
0,0,156
0,0,7016
7321,0,0
7087,0,0
0,2134,0
0,1360,0
6018,2541,5242
0,9264,7130
9119,3876,4766
804,0,0
0,0,6602
0,8750,0
5870,6071,0
5589,3159,0
2305,0,0
0,1771,0
0,7790,0
2900,0,0
30,0,4373
4797,0,0
0,3826,0
0,2681,0
0,8552,3738
1012,4141,0
6208,0,0
0,0,5495
0,0,3285
0,0,8490
3957,0,0
0,0,7944
3002,0,1770
1918,0,0
0,7119,0
3324,8132,0
0,4341,0
0,7879,8200
0,0,465
0,0,5631
0,0,827
0,5858,821
0,0,6409
3747,0,0
8200,0,1312
1204,3689,9444
0,3911,3785
1944,0,0
144,0,0
0,0,5344
0,0,2871
0,0,8730
0,7252,0
0,0,8371
0,9201,0
0,0,2426
0,8756,6338
0,701,0
0,845,0
0,1455,1520
1819,0,2763
0,0,8039
0,2656,5292
0,0,6293
0,0,5494
8122,5255,0
0,0,4657
6887,7540,5358
0,2241,6204
0,8717,0
4098,536,5357
0,5227,0
4901,0,2780
0,0,9737
6488,9049,0
1983,0,442
0,7721,4947
2541,0,0
7899,0,4729
0,0,3446
0,2369,3983
7121,0,0
0,4133,0
25,4328,0
0,0,6574
4950,2799,0
5392,683,0
0,3224,0
0,0,1771
7558,5228,41
0,6992,0
4988,0,1642
0,1359,0
0,1384,104
0,1147,0
6161,6098,3720
0,0,4404
1376,0,0
0,0,8753
0,2218,0
0,3223,974
1678,8212,0
0,0,6448
0,4474,7833
0,0,8980
0,222,0
3842,0,0
0,1507,0
5875,0,0
4629,0,0
0,7454,0
0,9133,0
0,2454,0
1122,0,0
8955,0,7665
7936,874,0
0,4716,0
9586,0,0
7989,0,8488
1051,0,6675
6332,2078,4130
0,1664,0
1553,0,5717
0,7461,0
0,6417,0
1951,0,8895
0,7370,0
0,6956,0
7385,0,0
5873,0,8880
2549,0,0
0,0,2623
9942,0,8962
5660,0,0
0,3689,0
0,0,7195
0,5481,0
3458,0,0
33,0,0
5447,6598,0
0,9147,0
0,5827,0
0,0,683
0,0,87
3296,4359,3776
6138,0,0
3333,5156,4899
7899,0,8239
0,8648,0
5889,4095,5563
0,0,4711
0,3710,0
0,0,6307
0,0,7737
0,0,2097
0,0,7406
0,0,2563
3979,0,1178
0,0,9827
0,4473,0
0,2829,0
0,0,6057
1996,1094,7679
0,6893,0
0,2778,7965
8139,2440,5895
5546,0,0
0,0,6321
0,0,4905
9114,8903,0
0,0,2208
0,7108,0
0,9105,0
0,0,6176
0,3451,8954
0,0,1394
0,0,2915
6316,5246,8415
0,0,6135
0,0,5038
6922,0,689
9130,2071,7798
7319,0,6903
0,2635,0
0,0,7764
1734,1193,9355
3129,0,0
0,6666,0
4460,0,0
595,6847,9921
5634,3770,6608
6324,2900,8680
4122,0,2194
0,0,4830
0,0,2761
0,0,3954
0,4465,0
8949,509,971
687,0,275
6960,0,0
6882,0,893
3490,0,3794
0,0,4014
0,0,836
0,8010,0
0,1112,0
0,0,6240
216,2519,6749
1187,0,0
0,0,7285
0,0,8485
0,0,6009
3273,0,0
0,7077,0
8124,0,8338
0,0,9450
338,0,0
6578,4358,0
0,0,8748
5048,7008,0
0,5594,5966
818,0,0
0,8348,9219
0,5636,6297
4813,3761,2570
0,0,801
2603,0,0
0,0,9302
1164,2570,4848
0,0,1856
8829,0,0
0,771,0
0,7600,0
521,2085,0
6818,0,0
0,0,2597
0,0,5261
5134,0,4503
0,9443,7074
9284,9356,4693
0,0,4645
8593,2980,0
0,4282,0
1993,0,0
0,0,2001
8777,1011,0
1375,0,0
6636,0,0
1140,0,0
8215,0,1784
0,0,9969
0,9792,2949
0,911,0
5988,2905,2036
1090,1410,3658
0,188,0
0,1563,0
9851,0,2210
2836,0,2983
5264,0,0
0,464,0
7017,8019,0
0,990,0
0,0,7849
0,8070,0
2894,1162,0
7565,0,0
3439,6158,9210
5649,8994,0
0,0,6106
1673,0,0
5914,8325,4589
9946,0,0
0,0,2559
2739,4728,0
0,7623,0
0,5188,8099
0,8627,0
1668,4277,0
219,0,0
6325,4583,8817
0,497,7142
0,0,5435
3067,0,0
5627,0,0
6257,0,0
0,1518,0
6149,0,0
0,0,1372
3658,5863,0
1169,2189,0
0,0,9364
7129,0,9808
0,5640,5142
3492,0,0
0,7525,0
0,0,4805
894,1724,0
0,0,4425
9362,5789,289
3644,6959,0
2511,6946,0
1875,4075,0
0,6641,5780
6825,0,0
0,0,4574
3328,1709,149
0,0,1874
6915,0,0
1341,9956,0
1631,0,0
0,6112,0
1676,7988,0
1815,9671,4417
7595,0,0
4644,6538,3833
9218,0,0
0,8000,0
1242,0,0
0,6256,0
5043,0,0
0,0,8413
0,3674,0
0,5490,6072
0,3086,2570
2245,0,0
0,6949,0
0,6317,6975
0,7559,0
8512,2807,0
0,0,6035
9511,9649,0
0,5148,1708
0,8424,0
398,6118,0
2968,0,0
2076,0,4966
0,0,1283
0,0,8843
0,0,1651
8065,1560,0
4101,0,0
0,0,4300
3844,0,0
1044,3721,8842
1330,6689,0
0,8766,1650
0,9818,0
5597,7846,0
0,7764,0
0,0,9464
0,9931,0
4746,0,0
0,5912,0
1771,0,0
614,0,0
7821,0,2034
9471,1946,0
0,7543,9699
0,0,7463
8644,8076,3293
8108,0,3225
0,8418,0
8178,0,0
0,9236,0
7612,0,0
0,0,4082
0,0,6029
4769,0,0
0,5073,0
1932,3717,3634
5226,1825,7305
8452,470,5723
3745,0,3188
4950,0,0
0,7296,0
0,0,9949
3643,0,7093
0,5862,1425
0,331,0
0,0,216
2437,7490,0
0,5942,0
0,9688,0
8655,0,845
0,7751,0
0,0,6319
0,0,7412
401,0,0
0,0,3606
8326,0,5870
0,5114,3361
0,4857,0
3096,323,0
4257,0,0
0,59,1382
0,3417,0
0,0,9651
6977,7127,0
0,0,4154
3859,0,0
9730,0,1945
3092,6408,6802
0,0,7126
0,3762,6105
0,8864,0
6402,0,9583
0,1673,0
4749,0,3436
0,0,2391
0,0,9673
6015,0,0
7961,5585,0
4764,0,0
0,9370,0
0,0,4037
4161,0,0
3744,0,0
53,639,0
0,0,5374
5881,4852,0
5555,0,0
0,0,6218
2958,3594,0
4368,0,0
9540,0,0
0,7642,0
9724,0,0
0,1439,5281
0,4929,0
9390,811,0
7528,6366,0
8161,0,5502
4379,0,0
8579,4746,0
0,0,8062
110,7864,0
8863,0,0
3506,5133,0
0,9149,0
0,0,4271
0,6069,0
2214,4230,8058
0,8609,8436
6812,7188,0
0,0,7469
9456,0,0
0,0,2923
2252,0,8056
782,0,0
4242,0,5746
0,5887,0
0,8101,6045
0,0,4654
0,0,1843
8829,0,1181
6298,3481,630
0,0,8943
4556,0,0
2612,1677,0
9818,0,0
5565,0,0
0,3586,0
3426,0,1521
8080,6444,0
0,0,8177
0,0,1658
1736,0,0
0,0,1196
0,0,2873
0,193,0
0,5758,0
2126,3139,6814
7830,6565,0
9351,0,0
0,0,9330
1680,5676,903
0,0,4108
3641,0,0
0,9534,0
0,0,2439
0,6869,0
9732,8995,1338
0,6825,0
0,6177,0
0,9681,0
0,1362,2798
0,0,211
0,8342,0
4427,0,0
6672,0,0
9112,0,0
7311,7128,0
8649,3674,0
0,7832,9050
0,6046,0
0,3590,0
0,2038,4796
9235,0,0
7539,0,0
0,5694,0
0,4806,0
2612,2117,0
8659,766,0
0,0,3243
0,0,9289
0,2648,2880
9410,0,4918
4206,0,0
0,0,8534
0,0,4228
0,0,9035
0,1996,0
7218,656,1919
2629,2189,0
5872,2772,0
0,0,8312
8042,0,0
2961,0,0
0,3050,0
0,6715,0
0,7591,0
4271,0,0
0,293,0
0,0,7390
0,8794,0
0,3956,0
0,1999,0
0,4960,0
0,7433,0
775,0,9219
0,0,6811
6486,7949,0
1030,0,179
0,717,3102
3621,7301,0
0,9548,0
6034,0,7853
0,0,2813
0,2089,0
0,0,8689
0,6803,2367
7771,3289,0
0,0,3690
0,551,0
0,4173,0
2837,7957,0
0,3992,0
0,0,2019
9358,0,4109
9605,0,0
0,0,3778
661,0,0
978,1143,1387
4668,0,0
0,0,6112
786,2757,4069
0,0,8061
3411,0,1837
0,7351,4850
9540,0,0
0,5251,0
0,5913,0
0,6891,0
8749,0,0
688,0,0
6801,0,1604
0,3467,0
0,0,1047
0,0,8399
0,0,5356
5223,0,608
0,0,6522
0,6021,0
0,4770,0
8221,0,0
0,0,7033
0,3131,501
0,2063,0
2776,2832,0
0,0,1540
0,3676,0
0,4219,0
0,0,4587
0,2860,0
2050,1081,0
0,8151,0
4695,6825,209
5196,0,0
0,0,5105
2266,0,0
3806,9038,7234
0,0,1453
0,9843,0
6866,6920,0
0,0,8961
0,6632,0
0,0,3938
8331,0,0
0,9101,0
0,0,6327
0,5174,0
0,8887,0
0,0,1388
0,8034,8308
855,0,7279
0,5302,3911
0,3424,0
867,1756,0
0,0,866
0,8070,0
3508,7339,7409
8873,0,6297
419,1798,0
1807,4774,0
115,0,0
0,5447,0
1306,0,0
6546,0,0
8311,0,2603
0,3785,674
1412,0,0
8822,0,0
0,0,3654
0,8394,0
0,8509,0
0,5904,9507
2904,0,1884
1391,0,0
0,0,1734
0,1246,0
0,0,2813
2924,1482,0
4779,0,5568
0,9188,0
6864,0,2472
0,0,8377
432,0,0
0,9412,0
0,0,1413
0,5282,2660
4701,0,5319
0,3116,6802
6496,0,0
2064,0,0
0,3195,0
8500,0,0
0,4553,3003
0,0,2416
0,4318,3462
3224,0,0
5885,0,0
0,0,2054
0,2211,0
1412,4276,0
4006,0,0
3872,0,0
8855,0,8152
0,0,5023
0,9958,0
7737,3182,0
6482,0,0
5419,272,6759
0,8280,0
7425,9692,3247
3707,0,3551
0,7571,0
0,0,8038
0,8286,0
9962,0,0
0,300,0
0,6782,8394
0,0,8667
9950,0,0
8922,0,0
0,810,0
5721,3996,7911
8078,0,0
0,0,2625
2302,0,0
0,4989,0
0,7137,0
6167,0,0
4835,0,0
0,9201,0
0,1371,2062
0,0,6058
6674,0,6841
0,1287,0
0,0,8247
8825,2036,3236
0,9808,374
0,5976,0
1057,811,0
0,2594,183
6459,0,0
8521,9780,0
4580,0,0
1421,0,0
3984,0,0
2231,9929,0
0,4242,0
5842,0,0
6544,0,0
0,0,9923
0,0,941
0,0,721
7912,0,0
1731,0,4642
0,2057,5746
0,4288,0
6268,0,9918
6810,5599,745
0,2144,0
658,0,9720
582,0,0
0,6646,5342
2245,0,0
0,6290,0
0,3129,0
0,0,6414
5486,0,0
5405,0,0
6151,0,0
0,0,3585
0,6314,0
1771,0,0
0,83,2171
0,9505,0
0,3569,0
0,3379,0
0,8866,0
3888,0,0
5659,0,0
9573,0,0
3159,0,0
4126,9476,0
1738,6590,0
0,0,1485
2373,0,5054
0,0,8434
0,3897,0
9415,7786,0
0,3445,0
8362,3019,0
6105,6179,0
162,0,0
2059,2044,0
0,5955,0
5524,8328,0
0,2294,0
0,0,5627
6313,0,3413
7886,0,0
9883,647,0
0,6753,0
0,6915,0
8368,0,0
0,0,4363
0,8538,0
0,9117,0
0,0,1504
6916,0,0
330,2331,0
0,0,370
0,0,7123
0,0,4039
9492,0,3014
7901,4994,6028
2264,0,0
0,8565,3685
9943,0,1815
1448,0,0
8885,7102,0
8608,4292,805
0,1361,0
0,4490,7389
0,3983,9043
3156,1884,4037
9185,4149,0
3753,9106,0
0,9050,1463
9254,0,8235
0,0,5337
4106,7993,0
0,0,991
0,3074,0
0,3217,9465
0,6373,1349
9486,0,5499
2529,9312,4605
4137,0,0
5601,6005,4154
3837,1520,0
0,5626,0
8805,0,8504
0,9554,0
0,0,4796
0,0,1170
0,0,6729
0,3423,0
6199,0,0
0,3163,0
4010,7000,319
7549,0,5946
0,4981,0
0,0,6040
9164,0,0
3960,4802,3409
5131,0,0
1861,0,0
7903,0,5289
697,8547,8453
0,2558,5453
9816,107,1630
5762,9189,6611
2248,6775,1389
8288,5939,1447
288,9900,0
0,5031,0
8001,0,0
5729,4796,0
1019,0,0
9472,0,0
0,0,9544
6556,570,0
3167,2818,0
4557,0,0
0,0,1350
2255,5092,6382
0,3094,0
0,0,8071
7373,0,3565
0,9314,0
3688,0,0
0,0,3934
1967,0,6752
0,0,7858
0,4527,0
276,0,0
6658,6185,0
0,0,6264
0,2600,6106
1571,6851,5421
127,0,0
3491,3773,0
7425,5740,4424
4177,0,0
0,0,7474
0,0,4256
0,9079,0
3076,0,0
9341,7018,0
5448,8589,0
0,8716,5660
532,0,9434
992,0,5175
5417,3811,0
0,5848,0
5838,0,0
95,0,2036
536,5851,1049
0,0,8067
0,640,0
9594,1510,0
0,2043,7582
0,3036,0
0,0,1028
8257,0,6876
8795,2657,4015
0,0,6789
3789,0,2641
4839,9494,0
2906,3969,0
9563,0,0
0,8819,2028
0,0,5065
9735,0,0
0,1632,338
0,0,2995
0,0,5748
8445,0,0
1086,0,0
0,3715,0
0,3279,0
0,0,4885
0,735,0
0,0,1769
0,0,3402
0,8875,0
1328,530,0
0,0,1980
6114,0,2789
4647,0,6505
7149,0,0
3215,3759,0
8101,0,8736
6496,7645,0
8265,0,0
1667,0,0
5497,0,0
1507,2378,0
3488,0,0
0,3140,7869
2783,0,4247
0,0,8007
569,1606,0
9305,0,0
8513,0,0
8955,0,0
0,3534,3737
8121,5042,0
6945,0,0
0,0,7749
0,0,8039
0,0,1544
5955,0,0
7132,0,0
0,8547,0
418,7503,5657
8854,0,0
2591,3898,0
0,843,2764
3315,0,7572
0,0,5163
9103,0,0
648,0,0
0,1410,0
5052,0,0
2673,0,0
0,6639,0
0,0,1811
0,7938,2654
0,0,9329
2094,2318,0
0,0,8025
0,2071,2303
8632,0,0
4716,0,0
9349,3596,0
0,1927,0
0,9451,0
0,0,2674
0,5732,0
3193,0,0
2896,0,7669
922,0,0
0,0,5611
6940,1015,0
8020,364,129
0,1850,0
2390,0,0
7126,2457,0
0,6322,0
3728,9515,0
0,0,1362
7645,3335,9029
0,6561,5327
2997,0,0
0,1521,0
9660,8407,0
0,798,9805
3226,0,0
0,7726,0
0,1454,0
672,1430,0
2035,0,3849
0,6463,410
0,0,3911
0,0,5433
9442,8653,0
8000,371,4639
0,3597,0
70,9542,291
0,0,1746
6757,0,3177
0,6646,2253
0,0,8717
0,0,8179
0,0,7172
0,6281,5825
4717,0,0
9356,0,9794
0,2157,0
0,814,0
0,7571,0
0,4843,0
9390,0,0
8108,7495,6347
0,2938,0
3459,3814,9466
9284,0,0
0,7888,5835
0,9810,0
4612,0,0
7887,0,6379
5773,0,0
306,0,0
2550,0,0
0,0,7622
0,365,0
0,0,9967
0,0,7855
0,407,0
9128,0,0
7936,2907,0
4316,0,8793
0,8988,0
0,0,1922
0,437,8829
0,2521,0
0,4072,0
0,9370,3977
0,0,4385
1960,0,0
0,7571,0
0,1888,994
6116,0,0
7420,157,1521
9343,7570,0
8173,0,4480
7368,0,0
0,5515,7923
191,0,0
0,1771,8063
0,3421,0
6294,0,7523
0,0,4952
7272,4283,0
0,3627,0
0,0,5285
5233,0,0
3786,0,0
1710,0,0
0,150,0
0,4132,4881
0,0,5626
0,0,2489
6313,0,6772
1423,0,0
4103,4536,0
0,9770,0
0,3557,6751
3629,0,0
3318,0,0
4778,0,0
0,0,7035
0,8809,4752
0,5123,9742
4549,0,0
0,650,8062
7149,0,0
0,0,1390
5269,0,0
0,739,0
70,0,0
0,5178,0
0,466,0
0,0,7055
0,0,3602
0,7741,0
9798,0,4293
7631,3408,8084
9021,8678,5505
5679,6273,6245
0,6343,0
0,3022,0
0,6738,0
0,5206,0
0,3416,0
9131,5152,6185
3384,0,0
0,0,4485
5762,0,3163
1268,7282,0
7514,0,0
0,8444,0
0,4984,0
0,3457,747
0,0,4164
7728,8116,9316
3914,1501,4266
4990,9179,6847
0,4942,8450
0,6210,5732
2076,3724,759
7857,3003,0
6661,0,4188
2202,2857,0
2950,2141,0
0,0,4747
0,0,6249
696,0,0
0,8251,370
5995,0,0
0,2968,0
2487,0,0
1690,0,0
5878,0,0
0,2640,7532
154,0,0
4902,0,1187
0,0,9963
6580,0,8215
0,0,9106
0,2150,2075
3837,0,2900
0,6327,387
9680,0,0
5072,0,0
0,0,2472
0,787,8658
1195,0,0
1159,8519,0
9374,0,0
0,9002,2541
0,2839,0
0,9986,3506
0,0,5712
0,4739,1443
0,0,7327
0,7351,0
7769,0,54
0,9706,0
3279,0,0
0,7563,3045
0,8120,0
3390,0,0
6896,0,0
2609,9343,0
4052,0,7621
1380,5092,0
0,2862,0
9549,0,0
0,0,2309
2165,0,0
0,9333,7993
0,2723,0
6967,0,0
2506,2229,0
0,6281,317
405,0,0
0,0,8272
0,6707,0
0,4829,3896
0,6995,7018
4311,2207,0
0,0,9075
0,0,8696
0,2777,925
0,5561,0
0,0,4869
0,1347,0
5203,247,8734
9648,0,3564
3544,6814,559
0,1125,0
6916,3429,6070
0,0,6341
4688,0,9118
0,3375,4680
0,0,648
0,1826,0
9716,0,0
8450,6678,0
2014,0,0
2574,786,0
0,7703,0
1411,3695,0
0,8383,3465
6871,0,6840
0,6817,0
2200,4507,0
4195,4224,593
6438,2675,0
1057,0,0
2489,0,0
5047,2606,5985
0,0,9680
2328,1771,0
0,8643,0
2633,0,0
0,0,3387
7934,6591,0
8528,0,0
0,4086,4977
0,6576,0
1577,1624,0
0,2659,0
7243,4987,0
0,781,0
7369,0,9477
0,7785,0
9635,0,8464
0,4248,0
0,0,5581
2512,3345,0
4754,0,0
9603,2486,0
8471,9730,0
0,5038,2211
0,0,5626
0,0,3411
9742,0,0
8206,0,3381
0,0,3430
5282,5585,0
0,340,0
0,9943,4186
0,8414,3917
0,7524,8955
0,0,1363
6933,3785,19
345,0,8311
9478,1734,3850
0,0,6924
6290,6718,2510
3066,4159,2850
0,5383,2794
8953,0,0
0,0,8733
1827,0,0
0,387,0
0,0,1963
0,211,3698
5372,3070,5134
0,0,1853
0,0,6013
7657,0,0
0,0,4445
0,0,6591
0,847,0
5045,0,0
3481,7248,0
0,0,1376
0,0,4447
0,0,3808
0,0,6236
0,8902,0
3540,9353,0
7986,0,0
4578,1409,0
0,0,3487
0,0,735
0,5380,0
0,0,3648
2043,8801,0
5852,4932,0
2088,0,0
0,617,0
5101,0,0
3703,0,0
3152,7805,8466
0,0,8401
7376,9080,0
6882,0,0
530,8720,7106
0,4572,0
0,0,9115
0,2181,0
1774,0,8337
2377,0,0
4390,4139,9326
0,0,2186
0,0,1266
5041,0,7943
0,0,6663
453,0,0
2492,8136,0
1608,0,78
1341,0,0
9679,0,0
0,8864,0
525,0,3268
0,2981,1424
3979,0,0
1922,0,0
8586,0,0
0,0,6356
0,0,6678
7799,7265,0
0,6944,0
0,8144,0
0,0,3834
9266,0,0
0,5361,0
7155,7284,6208
0,0,8031
7408,0,0
3764,3414,0
0,1213,5536
0,6374,2480
2464,0,624
4577,0,0
0,5149,0
5228,5840,6038
67,2996,0
6275,0,9193
0,9593,0
0,3357,0
4926,3800,0
462,0,0
2942,0,5775
0,59,1657
2861,0,6807
0,0,2648
9575,0,5644
0,42,7829
2091,4349,7422
0,0,780
5281,0,0
4797,0,0
687,0,0
6462,2902,0
8120,0,0
0,0,5309
0,0,9076
0,0,9118
1050,3866,3467
0,846,0
0,6127,0
3834,924,0
1432,1612,0
4512,0,0
7652,6196,4797
9262,0,4099
0,8700,0
3648,0,0
2766,0,8618
6234,0,0
707,698,5591
0,4533,0
0,5965,0
0,478,0
3074,0,0
0,0,3524
1971,0,2225
4947,5614,0
0,8381,0
8317,4616,0
0,5323,9264
3372,0,3797
9888,4343,9763
8017,0,241
0,1457,0
0,9330,0
0,1301,0
0,6249,0
0,5948,0
3641,4265,0
2207,0,0
0,0,8104
5269,0,0
0,3325,0
5274,7547,2287
3647,4169,1617
0,4317,2919
0,0,9168
0,0,5116
0,6853,0
8565,9061,0
234,0,6847
8338,5802,2155
786,0,5480
0,0,3028
3903,0,0
0,9171,0
8440,0,8206
7609,0,0
0,0,8272
2108,0,7333
0,7830,0
0,0,3669
0,6955,0
0,8572,0
1048,0,373
0,0,9544
9763,0,5861
0,4048,2670
9388,0,1699
0,8882,9295
4993,0,0
2860,0,0
6529,0,0
1034,0,0
1649,0,1300
2022,0,0
1567,0,0
7428,0,0
98,9778,6559
0,7438,5441
0,2432,0
0,5292,0
1517,0,6004
0,0,9366
594,0,0
0,6528,0
0,8096,0
6928,0,9243
0,5623,9021
3272,7422,0
0,8517,8893
0,0,4186
0,8256,0
3243,26,8865
2609,620,0
0,0,9900
2819,0,0
1673,0,0
916,0,9145
9938,0,6568
6399,0,0
5292,0,0
9479,0,80
0,6392,106
4352,0,727
7723,0,3241
7623,8207,6948
0,9880,0
0,0,4933
8287,735,0
0,7134,0
0,2427,0
1766,0,0
0,7394,344
0,1746,0
0,9470,0
5923,0,2942
0,2715,0
0,1857,3620
5390,145,4356
946,0,0
5837,4943,0
0,6710,0
591,0,3219
0,0,4966
282,0,4437
5017,0,0
7959,1987,4246
783,0,6104
0,7834,6249
8759,8780,1251
251,0,0
4169,1258,0
0,0,1462
0,2786,0
0,3068,5165
2617,0,0
0,6045,0
0,0,8712
0,1232,6547
0,9992,0
2001,0,0
0,0,1205
0,4407,0
2563,0,0
0,0,8910
0,8419,0
0,2568,0
0,964,9871
0,5464,1104
5510,6214,1096
838,8216,0
0,6412,0
1990,7513,161
5045,0,7782
887,4613,0
0,0,2004
6795,0,4572
9837,0,0
0,0,1001
813,3024,7216
0,3863,0
3250,0,0
0,6638,0
0,1684,0
6948,0,4047
532,2370,0
0,9165,0
7109,0,5211
0,8712,2724
3647,9526,5749
864,0,0
6297,4687,0
8142,0,0
0,2857,0
0,0,5154
0,338,0
0,2875,0
6005,0,0
0,0,4405
3941,0,0
0,7143,0
0,0,56
0,1582,0
0,9082,0
7044,0,6410
0,6999,0
0,0,9624
0,0,9608
2106,3566,0
6512,0,0
444,0,0
0,6501,0
0,64,0
9619,0,0
0,0,5783
0,3770,0
9385,0,0
0,0,1476
0,0,5042
0,8527,0
0,8972,9749
5037,0,6251
0,657,6315
4823,0,0
4590,0,0
0,0,6183
3156,0,0
0,7533,0
0,6152,1600
0,7010,127
1353,0,0
1103,0,3886
7354,0,0
0,387,0
4512,0,1323
0,0,461
0,8508,0
0,792,0
2371,0,0
0,0,9681
4099,0,6067
3200,0,0
0,3165,3055
0,6835,0
6451,0,8421
7774,0,3773
0,1381,0
0,4166,0
0,6538,0
6411,0,0
0,0,5688
2160,0,1498
9651,0,0
2707,0,0
6150,2978,0
4572,753,1119
0,0,2500
0,6211,6667
0,0,3205
0,0,3715
2308,0,8324
7996,0,0
9495,0,1030
0,0,7557
0,3126,0
0,7698,1290
0,6043,0
2124,0,0
0,372,0
1997,1700,2808
0,4008,5264
0,2005,9881
171,0,0
0,5659,0
0,0,4251
9296,9823,1950
0,9447,0
867,0,0
7360,0,0
0,0,6739
6613,0,0
0,2112,0
1759,0,0
5909,0,0
7034,2246,0
0,1542,0
3236,0,0
0,2997,0
5897,0,0
0,4163,0
7675,0,0
0,0,4990
0,0,7274
0,0,760
5344,0,3006
6575,0,4549
0,1881,6679
0,3113,0
0,9010,0
0,9946,4199
0,7622,0
330,0,0
5320,7223,0
0,2653,2373
3355,0,9732
6362,4573,0
911,2203,259
0,336,3373
0,0,2383
7304,3194,0
1504,646,9953
6481,0,0
4114,0,3222
0,8891,5875
8536,0,0
0,8610,8447
0,9522,0
0,0,987
280,0,0
0,1687,0
4995,0,5373
4948,0,0
0,3786,0
0,0,1539
45,8486,3786
3919,0,2396
0,3403,1918
0,310,0
4004,0,0
0,3255,5101
264,8250,8293
0,3198,0
1988,0,1752
4635,8315,1702
0,0,189
9961,2279,6946
2358,4645,0
4277,0,660
3310,1666,0
6724,7203,0
1826,0,0
119,0,0
8085,5095,0
9838,0,8416
1541,5906,0
0,0,9056
0,0,3702
9027,0,0
9687,0,3031
0,0,234
5446,0,0
0,4486,810
4160,0,0
4262,0,0
0,0,1543
9456,5682,7411
0,4360,0
2215,3387,8142
3580,0,0
0,4014,6497
0,0,863
0,0,5349
5359,0,0
0,6089,0
0,0,4283
0,8225,0
5855,6739,4326
1493,8955,7714
0,2535,789
0,9147,0
0,0,4265
954,0,0
6303,0,3758
4225,7167,9847
0,4069,0
8840,0,6842
0,0,3582
3133,0,2537
0,0,5073
1636,0,0
6440,3185,0
706,4140,0
2638,0,6658
0,4669,3826
6244,9226,0
4861,8066,0
1704,0,0
5286,0,0
0,0,8142
2896,0,0
7116,8931,0
7330,0,8562
0,2276,0
4745,0,0
0,0,2902
6466,9780,0
0,1484,0
0,6771,7848
4296,0,0
0,7492,0
0,4608,125
0,1939,0
0,0,2040
0,0,714
0,3343,0
0,0,5413
3214,0,0
1056,0,0
0,0,8264
0,9074,0
0,0,365
0,847,2305
0,0,2331
0,0,7103
0,2520,446
0,0,255
0,7980,0
9389,0,9280
0,7941,0
1324,0,4989
0,4349,7739
7446,0,0
9752,1965,0
2083,0,0
0,4140,1792
9633,0,0
9889,0,0
6830,0,3575
0,0,1516
0,7481,0
0,4562,1414
0,0,4690
0,0,6656
0,3846,9352
8711,0,3492
504,2666,4710
0,2555,8420
0,9386,0
0,5496,0
0,7523,0
3759,0,0
0,9294,0
9865,0,3493
6521,2076,7339
0,788,0
9365,1293,0
0,0,5594
2496,0,4980
4015,5136,477
0,1830,0
6850,0,0
6571,0,0
8302,0,0
1796,0,0
0,3024,0
0,2390,0
2547,0,0
8142,8963,6946
3123,2979,0
3601,0,0
0,1521,9502
0,8092,0
0,6395,0
447,0,0
0,0,1073
0,6836,0
0,9383,9930
9953,0,0
0,649,0
8982,0,6544
0,5852,0
0,0,6159
2665,5970,2554
3562,0,0
1611,3414,0
2684,0,0
0,0,4293
6078,0,0
0,0,2469
6846,0,6720
0,9446,2573
1457,0,2567
0,0,8537
0,0,4955
0,9684,8370
8992,0,6119
3902,0,0
8195,4594,0
0,0,5074
0,6414,0
9206,9805,1072
0,1263,0
4347,8880,7427
0,9052,0
0,9970,0
0,8962,7553
2330,0,0
0,1060,0
0,0,231
1744,0,6646
0,2767,0
0,4547,0
0,0,6595
0,1778,0
289,0,0
5474,5829,4579
3027,0,0
0,7325,0
0,3995,9580
0,0,3141
6639,0,0
0,0,456
806,0,0
0,5702,1129
3049,5991,0
0,1465,6577
3247,4492,4736
0,3589,0
0,0,6057
8776,0,1796
1917,9983,0
0,0,4459
8283,0,5372
7633,0,1074
8762,4332,0
0,0,8531
6087,6247,0
0,0,6614
0,6134,9965
0,4910,0
0,0,3294
1646,0,6369
6105,0,250
0,572,0
0,9335,0
9619,0,8866
0,4934,0
0,5758,2053
0,0,8187
7756,7587,3098
1066,0,9927
0,9973,4583
0,6078,7522
0,0,8095
2514,0,7431
0,0,6277
7247,7879,0
2362,0,6970
0,6846,0
2602,4603,3202
0,5669,0
5629,30,0
212,760,7581
7735,1741,0
0,4255,5246
3261,0,4975
9539,9884,2855
0,2246,0
7721,6661,0
0,0,3360
0,0,9030
0,0,9061
0,0,9822
7153,8542,0
0,4373,0
0,7634,8455
2513,0,0
5368,0,0
0,5647,7246
0,0,6511
0,0,1477
0,3591,2072
0,3163,0
0,316,0
8874,2606,0
0,144,3431
3148,2658,0
1487,0,8530
0,5305,0
0,0,3161
0,0,8683
7308,0,2275
9381,6656,5438
0,3967,0
3684,0,0
0,7535,8506
2911,683,0
0,0,9190
2047,0,0
6225,0,5838
0,0,6578
8070,0,0
0,0,2402
0,0,6369
0,0,9211
9900,0,6747
8406,0,0
9570,0,0
8761,0,3847
0,6214,0
9096,0,0
0,3671,0
0,4017,9601
3822,9802,0
191,0,9982
9403,0,0
6151,0,0
0,0,3862
3185,7979,3851
0,1237,0
4445,0,5666
1255,6008,9338
0,0,3356
4371,0,3158
0,0,4499
0,846,5740
0,0,5387
9721,0,0
0,3765,2585
0,798,0
7501,0,0
0,6498,0
2506,1268,0
0,0,8843
0,7962,0
0,267,0
9260,0,0
0,3790,8709
9254,0,2475
1840,0,3273
5663,2311,0
9820,0,5016
0,7985,0
7578,0,1925
0,0,9888
6708,0,0
7840,0,4223
5970,0,0
0,9553,5388
0,1394,0
0,7057,0
8946,0,0
3962,0,0
0,4442,9821
2173,0,0
2061,7573,9079
0,5414,0
6439,0,0
0,0,4582
0,0,5976
39,0,0
0,0,9913
0,6558,0
0,0,1219
6330,0,2085
9020,0,9658
8100,0,5073
0,9696,0
7859,0,2525
2441,3991,5746
8418,4030,0
0,0,1994
0,0,8553
8143,3624,0
0,0,4338
1447,0,0
1106,7076,8636
6180,0,8332
2639,0,0
0,208,0
912,8626,0
309,0,0
0,1445,0
0,0,7823
6215,8951,7778
554,0,6755
0,1505,0
0,7686,0
2903,325,0
0,0,1713
0,0,340
0,0,419
0,9016,1865
0,9872,0
0,6088,405
0,6643,0
6005,0,0
0,0,9996
0,51,0
0,5437,0
6795,7297,2216
0,9662,0
0,0,7944
0,2758,0
0,0,3906
1279,0,549
0,9485,0
4394,9322,0
0,0,327
4712,0,0
0,4774,0
2741,1910,0
1670,9465,0
9615,8885,4593
7433,9760,0
0,1039,0
0,3123,0
5017,7518,1110
0,0,4008
5620,6620,0
0,7146,6762
0,9888,0
7172,0,0
9008,0,0
0,8608,6784
2424,9948,0
0,1837,947
0,6854,8465
7625,0,374
1634,0,0
0,9154,0
384,0,0
0,775,5589
0,9783,6764
0,3385,0
1003,0,5321
8827,538,0
9775,0,4014
0,0,6162
0,6313,0
0,0,3085
9751,320,6687
0,0,7463
9371,0,0
6136,793,0
0,1796,0
0,0,6981
0,0,4035
8005,8640,0
4167,0,5029
0,0,4965
1183,0,0
7871,0,4664
5334,5770,0
2582,0,0
0,3416,0
0,248,0
0,4239,0
0,2244,3493
9392,0,0
0,4511,0
9387,0,6232
4673,0,2631
0,0,8402
0,1483,309
0,0,3726
0,0,3974
0,0,8213
5742,0,458
9235,0,0
9983,0,0
3598,0,0
9830,9550,643
2462,0,0
0,9464,0
0,0,5728
0,0,86
0,9398,0
0,0,2759
0,4376,0
0,4360,0
0,7958,4192
0,0,3742
0,251,2630
0,0,2094
4096,2291,4167
0,7192,0
9911,6067,2074
0,3156,0
3755,703,0
7582,0,5952
6899,0,0
1091,0,0
0,0,1952
0,0,3068
0,4482,5360
3727,4307,0
0,4218,8619
0,0,1776
5693,0,2480
7285,6553,0
0,3452,8524
7149,4544,0
8849,0,0
0,6843,0
3870,0,0
9230,131,8817
1782,0,3035
402,0,0
2179,706,0
0,7992,3774
0,1230,0
0,0,1771
0,7229,0
0,8031,0
0,0,4398
0,1132,4529
0,0,1064
9143,3318,0
7394,0,0
4615,157,0
8390,0,0
0,3206,0
0,6316,1614
8539,9068,0
0,1848,0
0,9139,2679
5462,0,0
6526,4390,8913
2602,0,4410
0,6400,0
0,4791,0
166,0,0
0,0,6511
0,6337,0
5812,0,0
7359,0,0
38,0,0
0,5791,6204
0,0,7989
8958,7780,0
0,1941,9181
0,2108,0
0,0,7388
0,0,3725
0,8639,0
228,0,0
0,0,9666
0,0,5458
0,6218,3852
2803,5176,0
0,8703,3575
0,9218,5683
5966,0,0
3354,0,5171
7080,0,0
3677,177,0
4078,0,0
0,0,7517
9202,0,3736
0,3196,0
4689,0,0
8264,6766,0
0,2733,0
6292,6087,3912
0,3168,3861
0,0,4038
0,924,0
0,0,6591
0,0,6985
0,6927,0
0,1617,0
0,9881,7339
0,0,72
0,121,6160
6224,1585,9328
0,0,6174
0,1943,0
5135,0,0
0,1321,0
8711,0,0
0,4603,0
0,3317,0
0,8866,0
6879,0,0
0,7402,0
0,7488,0
8544,1612,0
5643,0,0
7411,0,0
3051,0,6105
5619,0,0
0,0,4026
0,0,2893
0,0,4072
9783,0,1475
9386,4644,8964
0,3188,576
0,8832,0
0,6243,5798
8131,9295,0
0,4915,0
4946,0,0
8973,0,6966
0,357,0
5939,0,8476
7415,0,3120
0,0,6309
0,0,5141
0,5160,1385
79,0,681
0,7528,5596
2128,0,0
0,0,8907
3707,3315,0
0,0,9406
0,6670,0
0,0,4308
0,6,3937
0,0,9097
0,0,2388
0,0,9917
0,9559,2392
935,0,0
0,0,7156
0,9917,0
0,8302,0
7447,0,6133
1756,7622,6140
5693,0,428
0,4921,4794
7179,0,0
0,563,0
0,0,8085
3330,1342,0
0,450,0
0,0,6313
0,0,6121
6114,0,3744
0,3862,0
2683,0,0
7478,0,0
0,2930,0
1489,0,1251
9575,0,0
0,6238,3044
5680,3137,0
1994,0,0
0,9234,6591
0,0,453
0,4172,9107
0,1650,0
4617,0,0
0,0,292
0,0,6043
8216,0,0
0,5770,5419
3270,0,0
1693,0,0
0,0,9262
0,0,3435
0,9354,0
2787,0,6441
0,0,9285
950,3964,0
0,2181,0
0,3442,0
0,6713,0
0,8406,1211
0,6690,0
269,5429,0
3704,0,2234
0,6062,6206
0,0,4549
4517,7671,8514
0,4665,0
0,3942,0
5582,0,0
912,0,9257
0,0,5947
0,0,1377
0,6854,0
0,5644,0
0,876,7435
6945,0,0
5459,1616,9772
6155,0,0
293,5216,2352
1144,0,0
0,8251,0
0,9327,254
0,0,7108
0,9471,0
0,1867,3629
528,8813,9023
0,0,640
0,428,274
0,0,5490
1476,0,0
5701,0,0
2806,0,0
3060,0,2480
168,0,1952
0,1814,0
6551,2343,2633
5574,7979,0
0,3387,0
0,0,8055
0,3988,0
3598,0,2188
0,2496,0
0,0,7147
0,0,5868
0,8648,0
920,0,26
0,774,8005
459,6989,1393
7793,0,0
0,5458,0
0,0,7583
0,2525,0
8764,0,0
5912,0,0
1780,7440,11
9464,0,0
0,0,5986
0,2373,2976
0,167,0
2794,6016,0
0,1788,971
8270,0,0
0,0,8689
0,0,9029
0,0,6470
5362,5670,4830
574,5160,0
0,2656,9116
9536,0,9283
5992,0,5300
7906,5027,0
8877,0,6837
2374,0,0
0,5635,0
93,986,0
0,0,1652
1393,0,6813
8137,0,0
7254,3020,0
6538,0,5356
1839,6919,384
8928,5796,0
0,8170,0
1117,9234,0
0,0,1952
0,0,8301
0,7285,5224
5341,5423,8708
0,2677,0
0,0,741
1183,0,0
1568,9985,0
5250,5751,0
581,6869,0
0,7763,0
0,0,6081
0,3168,3366
0,0,8789
0,3321,0
0,9149,0
0,333,1740
0,0,1725
0,0,7477
0,0,4346
1813,9281,2110
2003,2781,0
8084,0,9919
1451,1608,8429
240,0,0
0,4804,901
2392,3009,0
4132,0,3136
5857,0,0
3335,9149,0
0,962,7303
0,2965,0
0,1049,0
6462,0,0
0,2742,3618
0,0,8422
0,0,1431
0,0,306
1916,0,8504
2204,0,0
227,7851,8615
7530,0,0
0,4186,0
0,0,5131
0,5542,7873
2177,2186,0
0,0,9167
2031,0,0
2338,0,0
842,2633,0
8495,2860,0
7111,391,2640
0,8007,6827
1323,0,7477
6455,0,3019
0,1028,5206
0,1629,4938
5821,3661,0
0,5999,0
0,6842,6513
0,5337,0
0,0,9766
0,1141,0
4553,0,0
0,0,6915
0,3248,0
0,0,9573
0,5723,0
8646,1688,0
0,0,6075
0,4717,1413
8414,0,0
8180,0,0
5954,0,7469
0,0,6389
933,9164,0
8878,9421,9541
8451,0,0
1685,0,6953
919,5790,1583
6995,0,6300
8409,0,6103
2272,0,0
0,7381,0
0,0,9827
1137,0,0
775,1211,8413
0,9663,3030
5581,0,0
2534,0,2084
4117,0,6915
0,7673,161
6522,9945,1587
0,7223,0
0,1970,0
5697,0,0
4689,0,0
3102,0,0
6132,9782,0
2426,2316,0
0,0,6458
1426,0,4132
0,0,4077
0,0,1301
0,0,3271
2513,0,0
0,9787,262
0,2889,0
0,9022,0
0,0,6562
4831,0,0
1290,7387,9850
5422,0,0
0,2150,0
801,4295,0
0,6809,0
452,0,1043
715,0,0
0,0,2955
0,1503,0
5985,0,0
8982,7624,0
8833,0,0
2060,0,0
0,0,3173
0,0,9982
6233,0,2007
7276,0,3165
0,3768,7031
4165,0,8534
8570,9178,0
8935,8161,2494
6688,6994,5541
3416,9055,0
0,0,1437
0,2850,0
0,9084,0
7456,6361,0
621,0,0
0,0,2286
6188,0,0
1057,0,0
3551,5931,0
0,0,5676
7181,1641,0
0,7108,6400
7479,0,5484
4213,0,1846
0,636,0
0,0,1154
0,0,1461
0,5536,0
0,0,6636
8631,8181,5984
4307,0,0
7857,3982,4734
0,1462,0
0,0,7307
1589,0,0
0,3846,0
2160,0,0
0,0,6249
0,9159,0
962,7791,0
0,0,8882
4572,0,0
0,4215,0
6600,3958,0
3907,5548,0
1852,0,9064
0,8715,3829
0,2338,0
0,6664,138
0,7627,0
0,0,28
0,9146,9985
0,8454,0
0,5054,0
9984,8962,0
5201,0,0
0,8901,8978
8095,7702,0
9074,0,0
9213,0,0
7143,0,0
7172,0,9329
7157,5491,0
1357,0,2837
9517,0,0
0,658,0
3486,4923,1516
2464,0,0
3781,0,0
1762,1308,0
0,8451,2159
0,5623,0
6881,0,0
0,0,2960
7503,3656,0
9303,6880,9074
0,0,3998
0,2832,7018
0,6613,0
4626,8375,0
0,5746,0
0,0,4497
0,0,7278
1382,0,0
0,2349,0
0,0,1953
1835,3571,0
0,0,5153
2852,0,0
1966,0,0
2387,0,0
1261,0,0
5758,0,0
3036,0,0
0,5545,6566
0,8305,0
0,140,0
0,5974,8797
0,8827,0
721,0,2746
0,3180,6772
0,4442,0
0,200,2515
5311,3236,3717
0,0,9262
6093,7216,0
4312,0,0
6103,0,0
4901,0,2510
3360,0,0
0,3036,0
0,9789,926
0,0,1127
8092,0,0
0,569,2052
0,0,9268
8640,976,0
0,7079,0
0,0,1914
2543,5340,0
5847,0,7123
2332,4327,0
0,9903,0
4386,7996,0
0,9805,4255
802,0,918
0,0,1894
0,5869,0
8498,0,954
413,0,0
4500,4293,0
1624,0,0
0,9885,0
0,0,9970
0,3022,9776
0,3824,0
0,3896,174
0,1932,6043
908,431,0
1863,844,391
0,5345,0
5902,0,1310
0,5507,0
9947,0,0
9917,0,0
9694,677,2315
0,0,6211
0,2653,8143
0,3562,0
0,5425,9420
0,3584,0
0,0,1734
0,0,7241
6097,0,0
1565,0,5486
56,0,6163
2371,0,0
0,7891,0
0,0,3098
5302,0,8524
4722,1876,0
9488,5466,1595
0,366,0
8464,6463,0
2395,0,0
7881,8086,0
4045,457,0
927,0,6065
0,0,524
3561,0,3496
0,0,5373
4194,5282,0
0,6505,1206
0,0,7670
1307,0,0
0,5246,3785
0,0,4243
0,0,3284
0,682,0
662,0,0
4158,6330,0
0,525,1201
371,0,7706
0,1161,0
0,0,42
4948,0,0
8733,0,0
0,0,4799
6262,0,0
5315,8335,0
0,2494,0
0,0,6583
2561,2398,0
0,0,4061
2945,0,6530
0,0,4093
0,0,7556
0,9883,0
7656,0,0
3139,1461,0
2866,0,0
0,0,5622
0,822,8020
0,1090,0
0,0,5221
0,0,3394
0,5299,0
0,8156,184
5741,0,0
0,8952,0
0,1819,0
3204,745,2955
0,0,3777
6847,0,4868
8844,7131,8903
0,6130,0
0,9223,1226
0,9872,9382
0,5614,0
4275,4121,0
0,3729,0
0,0,6714
0,5761,0
3493,2609,0
8361,1454,0
7265,0,0
0,0,115
0,742,9987
3801,8688,0
0,2963,0
3146,5030,0
0,1790,0
0,1506,6149
0,4999,8759
6428,3360,0
0,0,5734
2080,0,8715
2195,8235,0
0,0,8146
7786,0,1110
7509,4181,0
0,3297,0
1351,9127,0
7501,7925,0
6260,0,0
0,0,8423
0,0,2240
0,9819,0
0,2003,2513
8528,9790,0
0,0,7728
0,0,1025
0,9614,0
0,7115,8078
7586,3375,2432
5383,9849,0
0,0,5599
0,0,5419
6523,0,0
0,1889,7213
2584,0,0
0,7307,2776
0,0,2390
0,4166,0
0,1752,0
0,7136,2731
0,943,0
0,0,7768
0,0,1130
0,0,3020
0,0,4548
0,5450,0
2925,0,0
0,8282,7040
4822,0,8793
0,9857,0
436,0,0
0,5416,0
0,6415,0
4123,4838,9933
0,0,5070
1691,0,520
3547,0,7310
6420,8866,0
3461,3688,3446
2255,0,0
0,1829,0
5059,0,0
8925,0,0
0,4169,0
6239,0,0
0,0,911
1830,0,0
0,0,3326
0,6433,0
8179,0,8409
0,6874,238
4623,0,7292
0,0,7339
0,0,1509
7967,3403,0
8254,0,0
0,6543,0
3626,0,0
6953,416,0
0,0,472
0,78,7347
0,4702,9281
0,7883,0
0,0,7305
0,4006,0
1580,2260,0
7407,1426,0
9785,0,0
5135,0,8066
0,5975,0
7392,8353,0
4740,970,0
4021,0,9327
0,0,5365
1466,0,0
0,0,1633
7597,0,0
9563,0,0
0,795,118
5280,0,6094
1942,0,4447
0,0,5418
0,0,6298
9454,0,0
4820,9497,0
4192,0,9781
5825,0,0
0,8834,1315
0,0,2110
0,0,9826
3210,0,4934
0,0,4782
3077,2082,0
9375,0,0
3803,6357,0
0,0,7854
0,6375,7124
555,0,5959
0,2258,0
0,9374,0
3808,2585,0
0,0,8562
0,0,644
0,0,2182
8861,0,8539
5042,0,0
0,0,5464
21,0,0
0,0,2983
0,2926,2358
0,6734,4943
0,5477,5188
0,0,8510
7140,0,0
0,42,7709
7861,0,9328
6950,0,0
2415,0,2920
3141,3984,0
6125,0,0
0,3299,1525
3427,0,0
8615,0,0
0,4867,7185
0,0,7227
6042,0,0
0,0,294
1217,0,8297
4137,0,2282
6002,0,0
0,9168,7556
2318,0,0
9321,0,0
5326,0,0
2511,0,0
0,0,7625
0,0,6628
0,0,8046
644,3439,2606
2926,9441,0
7183,0,2459
0,0,5055
3527,1874,0
43,7200,0
1427,9712,0
0,9452,3989
0,0,2074
0,3850,0
9301,0,0
0,0,4257
5199,0,0
7658,0,0
0,2871,0
0,2915,6121
0,4343,5834
4860,1345,0
0,5972,6791
0,0,641
0,6529,0
0,8437,2558
1376,0,7162
5868,1295,6506
2915,0,0
0,0,2293
7958,0,0
3792,1437,0
0,288,0
5870,0,0
6512,3515,0
1648,0,6148
4206,2009,0
0,7878,0
0,0,5091
7253,2630,0
9547,0,0
0,0,6096
4165,0,0
0,0,7598
9301,0,1113
7012,7491,0
0,0,3757
0,3068,0
4027,0,0
9119,8198,0
7202,0,0
1861,3929,29
0,8095,3490
0,6215,2821
0,5516,0
0,0,6156
0,5689,0
8560,0,0
196,0,0
0,0,65
7686,8984,0
0,846,1740
0,8804,0
0,3148,0
0,5090,1567
0,8145,4096
4496,2948,9785
2351,0,0
3274,0,0
0,4331,0
0,2018,0
0,5353,0
0,0,1501
0,5573,4649
0,5248,0
2216,0,7885
0,8084,0
0,436,0
4519,3710,0
0,0,8381
0,4060,0
0,0,5753
0,0,4471
0,0,44
0,0,5293
0,0,8882
6794,0,6967
0,1711,0
0,6230,0
0,0,9966
0,303,4027
0,623,0
0,3640,2947
3028,8159,9383
3073,7328,6468
0,6237,5769
7249,0,0
0,0,3094
1620,0,9324
2734,4654,1158
2701,0,1461
6728,0,0
7836,0,5725
783,1445,0
0,4518,0
6635,0,0
0,0,484
3788,4352,1144
6882,0,0
0,0,6432
7365,1409,3490
0,0,3351
912,0,0
0,6758,3213
0,6925,0
0,3560,0
0,0,752
9674,0,0
0,6636,0
2596,0,9786
0,0,1196
0,0,9335
0,9948,5309
7639,6586,2067
853,7109,8992
8585,0,2553
9203,8037,0
0,7712,8273
5061,0,0
6139,0,7753
5926,156,7962
0,0,6998
0,8547,6947
1767,0,0
0,7041,0
2828,0,0
0,4830,0
0,0,5241
2175,9848,3771
0,5988,4899
0,1914,0
2799,9037,0
9798,5494,0
6745,0,0
279,0,9509
922,0,5136
0,9309,9966
7942,0,4753
3183,0,0
6955,2470,0
1855,7308,0
6911,0,0
4644,0,7037
0,6652,4300
0,0,5398
2902,0,0
8038,0,8634
8004,0,1845
2758,9394,7230
0,0,9701
7951,0,0
0,0,7118
0,0,7024
0,686,3677
0,0,609
0,0,8463
0,5019,0
6694,0,2943
0,0,2338
0,3143,0
0,1095,0
2482,1551,2011
0,0,1772
0,2588,2458
302,5925,6538
912,4660,0
0,0,8539
6108,0,0
9051,7955,0
1389,0,0
0,0,1585
0,1681,3137
8983,0,6689
756,7906,9277
3214,0,5202
0,0,9863
0,8497,2584
0,4605,2000
0,3657,0
0,5046,0
1213,5124,2881
0,2096,0
5937,0,5844
0,1835,0
1903,5050,1961
0,4803,1083
6969,0,9581
9553,9888,0
1553,3264,0
0,0,2890
5192,0,8015
8074,0,111
0,3937,1191
8483,0,0
2234,0,8078
4196,5574,2882
0,2543,0
0,0,847
9048,3650,0
6892,0,0
0,353,0
0,8428,0
7909,1066,5237
0,0,1801
2128,1784,0
0,5980,0
0,0,8386
4047,6121,0
4894,5169,0
9006,0,9295
7104,0,0
403,0,8076
0,0,9142
0,6655,8692
8741,0,0
9010,8990,0
4853,0,0
3240,6127,0
0,0,9008
7858,0,0
7153,0,0
6802,0,0
0,9239,0
0,0,6769
0,0,5553
0,0,4544
0,8785,0
7365,2025,0
0,0,3775
212,3609,0
0,762,0
0,0,8474
0,2444,7714
0,6466,0
0,9180,0
9199,2371,0
3744,0,1531
369,0,3557
0,0,9307
6896,0,0
700,0,0
0,0,1245
0,3046,0
0,9922,155
0,3568,9336
535,0,0
0,6513,0
4812,6882,0
0,4,3698
0,0,4499
0,7602,6584
4274,9240,2870
0,9352,0
9208,0,5839
0,8898,0
8701,0,0
0,2715,8689
4136,0,0
0,0,5576
0,3576,0
5445,4171,0
0,0,9320
0,3964,0
0,3173,0
0,0,4750
6064,0,0
0,0,6899
6930,5785,4427
2502,3032,0
8078,0,3903
0,9424,0
635,0,6519
0,6354,0
8628,7171,3657
0,3828,0
0,0,7435
3413,0,9083
312,5063,4869
4740,0,0
5067,0,0
8970,6199,1304
0,0,2759
3563,0,0
0,5419,6286
7705,9898,114
3901,0,0
1336,0,0
0,2853,3204
5289,7594,770
0,0,6414
5071,0,0
0,8676,9450
0,0,6241
0,0,1660
4536,3993,1558
4651,7894,686
0,9231,0
0,0,6080
6004,0,3674
6774,8132,0
0,3203,7968
0,0,6644
5254,8716,0
0,0,5172
0,0,9166
4713,0,0
5399,812,6292
0,3612,0
0,9616,884
0,6391,0
4718,0,0
0,0,1800
0,638,0
0,0,7484
3388,5289,8987
2554,0,0
9616,5402,0
0,4029,9566
0,8736,9183
0,7119,0
0,1837,0
3972,0,539
0,3856,0
6289,2071,0
3773,0,0
0,0,8603
0,0,4006
3858,3539,8036
3425,0,0
2608,0,0
8182,0,0
3337,0,254
0,9623,4110
0,5913,6182
0,9687,0
0,0,9658
5572,0,7289
9578,0,0
7614,7635,0
4387,0,0
0,8427,0
4009,1765,0
4264,0,7701
8375,698,3615
0,9065,0
6201,6034,0
5859,0,0
0,1185,314
3977,0,7950
0,3187,8195
0,0,6622
0,0,8387
6849,0,4030
4551,8116,4728
0,2674,0
1469,0,0
0,0,1435
3324,0,0
3639,0,1420
1590,2058,4608
9785,6603,6075
6407,5375,1552
4795,0,0
0,6776,0
0,0,2083
7348,0,0
7177,3632,5693
8612,6957,3576
0,596,0
0,2186,7494
0,1972,4098
3337,0,0
4889,0,1698
6183,0,0
0,5555,0
0,2904,0
0,82,3461
4328,0,0
0,9928,0
0,0,3202
0,0,5174
0,0,3554
4408,8071,0
6106,4254,8730
4582,9847,0
0,7524,7191
7829,0,0
1290,0,0
0,8392,0
0,0,8479
0,2570,0
1101,0,1505
4655,1912,9577
0,0,3832
0,2601,0
4402,601,0
1593,0,0
0,9721,7852
4836,1431,6245
0,0,7979
0,82,549
0,1184,8054
9043,0,9966
0,7223,7986
0,7339,0
0,1741,0
7338,0,0
4702,0,0
2555,0,0
0,0,4929
6780,6986,5012
7329,0,0
0,3568,2035
0,0,9259
0,0,6599
3925,0,8341
0,8115,1676
4736,0,0
0,0,918
0,4173,8692
0,953,5678
0,0,203
990,3667,3772
3026,9017,0
2285,0,605
0,0,1382
7226,0,0
0,0,2315
0,211,7688
3701,0,1862
2393,0,2815
0,9638,0
8276,0,0
2048,0,0
0,5940,6138
8615,4826,2419
9998,2052,0
9495,955,9948
0,0,159
0,0,5222
0,0,66
4177,0,0
0,6183,0
42,8232,3989
3825,6242,9929
9964,4858,4756
0,0,6808
0,4353,0
0,6164,1503
0,0,8943
0,7026,8777
0,1204,6684
0,6480,0
1634,0,0
0,349,0
0,0,2201
309,0,7058
7118,0,1411
4883,5043,0
6386,1349,3241
0,2877,267
0,4473,1471
0,0,7952
3659,7408,0
0,0,4824
2102,0,0
0,0,7835
0,6014,6731
2774,897,1774
351,7283,3123
3592,0,0
3859,0,474
5331,0,6248
3284,1173,0
7760,5933,0
0,8035,5274
7723,0,4170
0,3703,184
0,6477,1081
4063,0,8364
0,421,978
0,0,7699
0,9613,5212
0,0,6385
0,657,0
256,0,0
0,966,0
9701,0,0
0,0,2876
0,0,9705
0,0,126
0,0,4407
0,6918,0
0,6829,0
9607,0,0
0,0,819
2281,6186,0
4976,0,0
0,0,7127
4250,6740,6
0,0,73
4082,0,0
0,0,246
2511,7612,0
9430,0,7473
7006,0,0
7826,0,0
0,6405,0
0,7779,0
0,2030,0
0,5986,0
5131,0,0
0,0,9559
0,0,7172
0,500,0
3256,7507,0
1384,0,4969
5699,4946,1374
0,0,9154
1876,7923,0
0,2981,0
3379,0,0
0,6573,0
8108,0,6871
0,1061,7372
0,0,4880
3215,5702,0
8185,0,0
0,7302,0
0,9179,5955
0,3772,0
0,0,7051
4314,5700,3624
0,3808,0
6986,9090,9965
4359,0,0
9239,0,0
9453,165,0
0,9725,8689
0,8440,0
8602,0,1641
0,5414,8793
4591,9728,0
8215,0,8302
0,0,7392
7084,1188,0
1366,0,0
1352,9881,8303
0,0,8029
0,7141,0
0,0,4811
0,3284,225
0,7876,0
4227,6091,0
0,3211,0
0,0,7814
6080,0,0
4218,0,8123
2521,0,2618
0,7181,0
7020,6479,0
0,7418,0
2057,0,6665
2011,1379,0
0,3909,5968
8434,3831,6263
0,0,7926
4491,0,940
2615,0,0
5233,0,3874
0,4223,0
499,0,0
9288,0,4925
5954,0,0
0,1932,213
4679,0,4044
943,6616,3956
0,1108,8086
9810,0,0
6503,8956,1941
378,0,0
0,4450,0
8505,0,0
0,0,457
0,0,2390
0,3084,0
0,0,9374
7949,0,0
0,2707,0
0,9211,3162
2716,9589,0
8880,0,0
1100,0,0
1433,0,0
1891,0,0
4281,0,6484
7039,5932,0
6413,0,3410
6896,9918,0
1101,693,5329
0,3409,0
1377,0,0
2941,0,4068
8244,0,6326
0,0,8318
6640,997,0
0,8037,0
0,4451,0
0,1347,0
3166,0,0
8496,0,0
0,8091,6385
0,1033,9777
0,9277,0
9052,0,1318
7371,9158,2316
7630,0,353
3821,0,0
0,2969,0
0,6136,0
4573,0,0
8668,0,3406
5054,6706,4440
4831,9432,3717
9434,8484,6235
752,5856,0
0,3486,0
0,7307,3599
0,1203,6569
4380,0,0
2982,9664,0
0,8333,5387
0,3388,0
6145,0,0
0,7654,0
6099,8407,5866
1493,0,9352
0,4899,0
0,3127,0
9340,7508,2955
2046,491,0
0,0,953
4772,0,0
0,6640,0
0,6503,0
0,0,8623
0,0,99
3620,3268,0
0,6039,8125
0,0,5634
0,7427,0
0,0,4914
4673,1584,0
9015,0,0
0,6842,8553
0,5244,0
416,9512,0
0,0,8520
0,3414,0
3640,0,0
9274,0,7368
5400,6381,4180
314,0,5765
0,70,4216
0,1647,0
6328,3440,6303
7484,0,0
0,4373,0
1257,9887,2364
0,0,3924
5759,2803,6585
0,0,2966
7308,0,4021
3074,0,0
0,2017,0
0,8345,0
0,0,3038
0,8566,0
9419,9824,7299
1783,5642,0
0,0,3631
2293,0,0
0,1838,0
0,4913,0
3374,2203,0
0,0,4958
8294,5206,788
0,0,9355
0,5095,9179
6043,6878,0
6871,2587,0
0,4880,755
0,141,2594
0,9423,0
0,0,9710
0,1910,264
0,0,5470
0,1537,0
0,0,6241
0,6324,0
3000,0,0
9225,0,0
0,6033,730
0,8722,153
0,0,2950
0,9904,0
57,0,0
0,8404,0
0,7403,0
2916,0,0
6037,0,0
0,0,101
2333,7789,6134
3063,0,4857
0,0,864
6167,0,768
0,0,9528
6096,0,0
0,0,5336
0,0,918
2793,1455,9500
9197,0,7309
0,5534,0
0,8598,0
0,0,5910
1155,7982,6150
1923,9012,0
1452,5108,2275
0,7808,0
4721,7393,0
5639,0,1650
5140,9385,4851
2449,8684,0
7548,0,8984
0,4408,0
0,0,8782
0,7487,0
0,0,2902
3797,8324,0
0,3045,0
0,8684,8292
420,0,0
0,0,6361
5657,3822,0
0,6834,0
5440,0,0
0,0,7938
2017,0,0
0,6148,5202
0,4722,8247
3736,3491,0
2029,3911,0
0,9183,7031
6068,4840,0
6547,9481,0
1435,0,0
0,0,4272
9825,1163,0
6703,0,0
0,0,7494
153,0,0
0,7481,4897
7842,0,0
0,3256,0
5727,9803,0
3414,0,0
0,0,2471
0,2950,0
7755,9653,9718
0,1559,0
8022,1712,0
9008,0,0
3906,6640,0
7987,1514,4813
0,7241,0
5311,0,5856
0,0,8981
1109,0,0
4744,0,1586
0,0,3145
5897,0,0
2784,3959,0
7153,0,297
8711,0,1811
3525,0,0
8142,0,9709
0,6710,0
0,7819,5869
4913,2564,2270
0,7027,0
9645,2924,0
4504,5709,0
8160,0,0
8458,1574,0
0,5099,0
9323,3242,0
9032,7241,0
6256,0,7191
0,0,9755
0,0,6782
0,1280,0
7746,0,0
0,3944,0
0,0,9855
3658,2673,4955
0,1996,0
909,1029,5439
0,0,5661
7472,0,0
0,0,2430
4011,0,0
3719,5149,0
9136,1005,3439
7417,0,5843
0,6495,0
2227,0,0
0,0,1542
0,0,8828
0,3406,8239
0,634,0
0,4646,9449
0,8365,0
0,7502,5604
0,0,8440
7242,0,0
0,0,9678
6272,4845,0
7815,0,1264
6643,0,0
0,0,5305
0,9311,0
0,7775,0
977,0,0
0,7133,739
5022,0,0
0,0,7351
0,6406,2196
0,4221,0
0,865,0
901,0,0
0,0,9011
6159,0,6786
4477,32,0
297,6614,0
0,0,4029
0,0,4164
0,1231,0
3516,0,4792
6423,0,0
1566,0,0
1266,9539,4081
0,0,3136
0,175,3169
0,472,9784
0,1509,1421
3270,0,0
7434,0,4248
8005,315,0
2798,6739,2877
8456,0,6209
0,9572,0
0,9851,1447
7080,0,1622
250,0,0
0,0,3605
1456,9014,0
0,6449,0
0,4455,0
9169,0,0
0,5710,1243
8256,5572,0
0,9516,0
5451,0,0
7074,0,0
9170,6881,0
2775,8338,0
0,2811,5293
7741,0,0
3939,702,0
0,0,2713
8120,0,0
8936,5010,0
9603,462,4398
0,7536,0
1273,0,0
0,9482,6465
0,1341,0
0,0,811
0,3022,1514
0,9900,0
0,0,5269
0,0,279
0,6561,0
5194,3748,0
0,5022,4985
4568,0,0
1034,0,0
311,0,0
0,6308,0
2637,8302,7814
6900,3010,5835
0,6003,0
0,0,9354
0,0,3103
1470,0,8125
0,3003,0
0,4037,0
6733,0,0
0,0,7950
0,8108,0
0,5009,0
0,7179,0
0,0,2066
0,0,4060
8441,4290,0
0,746,0
0,1670,0
0,0,3885
0,28,0
736,0,0
6989,0,0
0,0,9655
0,6097,9283
3586,0,2104
7647,0,0
0,6445,7140
5642,0,0
5178,0,0
9063,1193,0
0,0,6812
5887,0,0
8363,5173,0
0,6693,9947
7302,0,1384
9406,0,1262
5800,8071,7708
2941,3713,0
1751,8892,3380
0,0,4574
6209,0,0
3021,0,0
6757,0,0
607,8646,0
555,0,7572
1939,5354,0
0,1155,0
910,0,7286
5883,0,0
9263,4814,4135
0,0,512
343,4045,0
5768,0,3405
6367,0,0
0,1966,0
0,3906,0
6733,0,0
0,8019,0
0,3902,4454
3772,0,9268
0,7004,292
8420,0,0
1198,3116,5141
0,0,6552
6655,0,0
4654,4376,2425
8009,0,0
2518,1416,7553
1124,0,0
5578,0,0
4847,690,0
5139,0,0
9477,309,2092
0,4913,0
1170,0,0
9689,0,9095
0,4232,205
1648,0,0
0,0,632
658,3454,3415
5281,8301,4105
6909,0,0
0,0,3526
0,7537,8440
0,8707,0
4273,0,6231
0,0,464
0,0,7215
0,1362,5091
0,0,8546
9246,7302,0
3351,0,0
0,97,0
95,8075,0
0,7629,9453
8544,0,0
0,0,8362
0,0,523
2456,0,0
0,0,3906
0,0,1209
0,2477,0
3232,0,0
0,9141,0
7185,0,0
0,0,3128
0,996,0
2852,6237,7252
3375,0,0
5261,0,0
0,2335,305
0,5277,0
0,8509,0
1318,0,0
4913,0,0
6138,0,0
0,0,5864
0,6116,2101
4922,0,0
0,4753,0
7402,3922,9372
0,4300,0
0,0,3160
0,1418,0
3289,0,245
1935,0,0
0,0,2284
2667,0,0
0,0,7892
0,0,2646
0,0,6568
1972,0,868
0,6155,0
9783,0,0
0,0,8719
8139,3700,0
0,0,2928
9444,3169,2336
0,0,6667
5737,0,7221
8383,6103,5177
0,0,842
0,0,6998
6789,0,0
0,2375,0
7895,514,938
0,7674,1441
2014,0,4611
0,0,2549
0,0,6052
0,0,2155
0,4037,231
0,9858,0
1257,6647,9413
0,0,1788
0,3718,0
4907,2804,0
0,4818,0
959,9169,0
0,0,2761
0,0,1846
1717,0,0
0,0,5742
0,7362,2389
6293,0,0
0,0,1931
385,0,4735
363,0,0
7459,279,0
9519,0,0
2280,0,0
0,5068,0
11,7017,5287
5753,0,0
8143,191,6743
0,8273,4807
0,8658,0
3023,0,0
0,6481,0
1302,0,0
213,0,0
7552,0,9584
0,2420,0
2024,0,500
4674,0,0
1418,0,8964
6225,0,7623
0,0,6645
0,6564,3127
8477,0,9128
9643,0,7409
4160,0,0
3745,0,2238
0,0,412
847,9068,6730
0,0,9404
0,6711,0
0,714,4353
4773,0,0
7901,0,8783
0,0,6864
0,0,2497
4256,0,4866
6495,8190,0
6908,0,8328
3638,0,0
3043,0,0
0,0,6240
0,3983,0
8681,0,0
7464,0,0
4329,0,0
0,7608,227
1692,4104,8417
0,1012,0
9281,4651,0
0,0,9114
3621,1105,8323
0,0,2306
0,0,4190
0,0,3104
0,0,6456
6939,6170,0
0,7863,8169
5583,0,9182
0,0,3833
1072,0,0
0,0,2633
8510,0,0
816,0,0
0,3863,4067
0,0,3410
0,5357,9581
8633,2524,0
6803,8108,6260
0,1147,4357
9819,0,0
0,2407,0
0,917,0
5484,0,7633
4536,6741,1496
0,4853,0
2014,0,0
1595,0,7797
0,0,5905
5300,0,0
9657,664,0
206,0,0
569,0,0
0,0,4332
8242,0,0
9739,0,5927
9654,0,0
4928,0,3404
0,0,8263
0,2569,0
5684,0,0
4958,0,0
6639,3002,0
9238,0,0
0,0,5273
4643,0,0
570,1248,6525
5919,0,0
0,0,2023
0,0,4592
6695,3218,6818
6468,0,0
8254,4817,2253
0,4055,5864
0,0,7718
0,2268,9312
457,0,561
6982,0,0
1736,0,0
3759,5670,0
0,0,6391
0,0,4569
4420,0,9386
0,0,3441
2538,8415,1066
0,8980,0
0,9437,6175
130,6419,4934
6867,0,0
2507,1914,8689
0,266,0
2073,0,9891
0,9856,0
0,0,104
9470,9068,0
0,9325,0
3872,8894,6936
47,0,0
4982,0,0
0,8400,3426
0,4081,3693
7746,6155,9129
0,2797,8985
4618,8826,0
4723,0,0
0,0,3909
0,0,2804
7678,2754,0
1034,7736,7721
0,0,6121
0,2428,203
9665,0,0
8794,0,0
7780,2431,0
0,7154,6279
7881,0,0
1790,0,7818
4595,8817,0
0,0,8310
0,2397,4048
266,8369,6476
0,0,6651
0,6829,0
5983,0,6896
0,7905,0
0,5786,0
0,7577,0
3176,0,0
3749,8597,0
2059,0,6652
6108,3008,0
0,0,3056
9236,0,9886
3701,6289,4495
0,255,0
0,500,8188
9097,0,0
0,9035,0
0,2785,0
0,0,9278
0,953,0
5018,3537,0
8075,0,6070
7961,0,2360
2457,0,0
4858,0,3117
3046,0,0
8812,5504,0
6751,0,796
3287,0,0
0,7934,0
0,2953,132
617,0,0
0,8990,0
0,1447,0
0,6306,8178
4783,0,0
3759,8166,0
0,0,9095
2566,0,7032
0,0,4966
0,5625,0
4936,6242,0
0,2931,7938
0,1980,0
0,0,5693
1861,8429,5046
859,0,3212
0,3959,8130
0,0,6336
1489,0,7108
0,0,2733
4376,4474,8976
0,2317,0
1263,9544,0
0,0,7535
6343,0,0
0,5947,0
4602,1310,0
0,5767,8640
9069,7257,0
0,3714,0
0,0,7387
7888,0,0
9796,0,0
3685,3328,2475
0,0,7564
7187,0,3512
0,0,4822
0,8396,589
0,7465,0
9470,0,1561
0,2555,9651
0,444,1066
0,240,3744
0,0,7073
1200,0,6745
8764,0,7806
2276,7678,3470
0,5134,1866
0,0,9332
0,0,2975
7096,0,5531
0,2856,0
7814,2331,6216
0,1055,143
0,0,5291
0,1020,0
0,3297,0
0,395,439
0,8084,0
7853,3619,0
0,716,0
0,7464,8313
2335,0,0
8552,6838,1700
8695,5470,3956
0,0,4977
1613,0,0
6919,687,8670
7359,0,0
0,7061,374
0,7890,0
0,0,8555
5171,6586,0
5816,5138,672
7516,0,6142
0,7820,6991
0,0,1024
4725,0,1711
0,3712,0
0,2741,7981
0,4143,5871
0,0,121
0,6173,0
4006,0,1846
0,0,5679
0,979,3499
0,7430,0
8836,0,0
548,0,2998
1467,5703,5740
0,6229,0
5320,0,0
0,8019,0
2149,2025,0
0,0,8553
9675,0,9532
3174,5339,0
6108,4175,0
5394,4724,0
0,0,375
4134,5640,6605
0,960,0
0,6402,2470
1960,0,4496
1008,2547,0
9561,0,8727
9094,5397,4066
0,0,8242
0,0,2966
9849,5294,0
0,0,4798
6830,3445,5759
1282,0,2162
3752,0,714
0,1317,0
9450,879,0
8177,0,881
0,6032,2387
0,0,9287
0,0,4581
2610,0,0
7409,8115,0
3168,9397,0
0,3150,0
0,1399,7432
0,850,8312
0,0,8286
0,1271,0
8060,0,0
0,0,6588
0,7819,0
0,0,5988
3396,8397,0
9201,0,0
5316,9773,9935
2748,0,0
0,3871,0
0,9545,0
0,0,2842
9194,4954,0
0,0,5870
3655,0,1098
9644,0,0
5030,5425,0
0,0,2997
0,0,2077
0,4551,5949
0,0,5494
5186,7564,0
8028,0,0
0,0,4940
0,0,7766
0,5842,3989
0,0,9414
0,4438,0
8766,0,3646
843,2229,0
0,6330,2096
2286,0,0
5386,0,0
0,5626,8962
0,7577,5160
6147,0,0
137,0,1875
9551,0,6314
9708,0,0
0,8551,0
0,5343,2815
3649,7630,4332
0,3016,3879
0,6458,9506
0,4839,0
3855,986,0
0,0,883
0,675,0
0,384,0
7303,0,0
3787,5291,1426
6602,8941,9057
0,2252,0
0,1985,8532
4321,0,0
1405,4535,0
9116,0,0
0,6129,6158
9824,9177,6542
7356,6481,0
3439,0,0
4866,0,0
3923,0,6766
5997,2622,0
0,6943,0
7900,0,0
0,0,3362
0,7465,9491
0,7289,0
441,0,5150
722,0,5418
6294,2951,0
808,6874,97
0,0,2720
6327,0,9664
0,0,8013
0,7560,0
3089,0,0
0,9200,0
0,9642,0
0,364,0
1819,0,0
0,7467,2789
0,0,5661
6927,0,3063
0,7129,0
0,6856,0
84,0,0
3028,0,0
3261,0,71
8140,0,0
0,0,7094
7019,6108,0
0,315,9605
0,7243,0
0,3835,8105
6898,0,0
0,0,4908
0,1554,0
4482,0,0
0,2956,1393
4989,0,0
0,1080,9500
0,889,0
0,6359,0
0,4893,0
5333,0,0
0,4617,7862
0,0,9416
0,3153,0
0,0,7189
0,0,1250
0,4780,2331
0,1426,3220
0,7678,9580
5018,4905,4474
0,238,6266
5250,0,0
3112,0,0
0,8380,2708
0,0,416
0,0,3112
5200,6130,7892
7531,4272,0
752,0,6997
0,7249,0
0,0,2142
1073,8413,2677
1957,0,0
0,0,6797
0,814,0
0,0,6522
0,9965,0
5643,0,0
0,8249,9157
1960,0,0
3863,3388,9570
6006,0,0
0,6419,9509
0,7932,3563
0,0,4378
2932,6791,0
9454,4542,9109
0,185,6606
0,5148,0
0,7109,3437
0,972,0
4169,0,0
0,0,7705
1663,2762,5637
5226,6659,7791
9605,0,0
8749,0,0
7858,1154,0
0,188,4459
9320,0,1568
2757,0,2541
9583,0,0
0,9300,5183
0,964,0
0,6191,0
0,5796,0
6588,0,0
0,2405,4396
0,6870,4584
9484,0,0
1053,8949,5942
3594,0,3090
0,0,2391
8298,7978,0
0,0,9546
0,4197,0
5044,0,9889
8286,0,0
0,0,9165
0,0,5357
232,0,0
0,0,2838
9266,8773,2241
1657,7071,0
5013,3315,2411
4559,0,0
0,9207,0
0,7494,0
2088,177,5423
0,7446,0
0,0,8499
917,0,4158
3756,0,0
0,0,3
6216,0,0
0,0,7482
5238,4255,6690
2634,0,4184
6531,6137,4362
1955,7391,1808
8390,4003,0
6889,0,3342
1048,0,0
0,4674,0
3983,891,0
7302,9520,0
0,4758,0
0,7392,3692
5659,0,9830
0,0,7222
0,0,1225
1317,0,0
4659,0,0
1123,6187,0
2366,0,390
3402,7473,9910
0,2258,0
0,3733,0
2126,9393,5986
1957,0,0
9179,0,0
404,0,0
6551,0,0
1375,0,5691
873,712,0
1264,0,0
1175,2905,0
5844,0,0
0,3465,8722
0,0,8137
5758,0,9381
1894,5007,0
0,0,9164
8694,0,7510
0,0,8222
0,5071,2337
0,6246,5242
0,2090,6582
0,0,47
0,3890,5470
0,0,73
0,1542,5080
6698,0,6638
5863,0,0
3373,0,0
1596,0,0
3933,0,0
9176,0,0
5758,0,6785
0,0,675
1277,7953,0
1350,2708,1866
0,9406,2599
0,5269,0
0,8643,0
6019,239,0
4470,4173,7553
0,0,4385
0,0,9730
2740,0,0
3415,0,0
3739,0,2973
5606,3974,0
0,7043,0
0,0,6292
0,0,6532
5977,0,705
3531,9340,0
7916,0,0
7647,0,0
0,1452,4272
224,0,1816
0,797,0
5578,9003,0
3227,9236,0
9520,0,0
6052,0,0
0,0,7735
813,0,0
3977,0,1067
0,0,2519
0,568,7711
8146,0,8508
0,0,7512
0,2572,0
0,2092,0
0,0,3348
0,0,8167
0,5718,903
6668,9696,1287
0,1753,1631
0,8083,2199
0,0,5965
6475,0,0
0,0,7881
0,0,9974
0,3730,0
6145,9632,0
0,0,8743
5216,0,0
0,0,192
8135,0,8276
0,0,4505
0,0,4671
1610,0,0
9492,7097,0
9467,9894,1559
7588,0,1192
613,0,0
9356,0,0
0,2074,0
7988,209,3
6264,545,0
770,0,8271
0,0,4631
0,7949,0
0,7417,0
6439,5005,7662
0,5618,0
2093,0,0
6493,0,0
8567,759,0
0,0,6414
4470,0,0
2742,3238,0
0,0,9667
0,0,7084
723,0,0
0,9238,0
0,1331,2684
0,0,5455
5645,6391,0
0,4963,0
0,0,1035
0,2176,0
0,0,4562
2573,8650,0
9657,0,0
0,0,575
9455,4162,0
2139,0,0
0,0,6123
0,0,1086
7050,0,520
8086,0,0
0,3331,0
0,0,896
0,5561,0
0,0,8032
0,6764,0
0,0,6343
0,6499,0
6326,309,0
0,7360,0
7932,0,7108
629,7808,439
0,4732,6343
0,1385,0
4043,0,0
2076,7939,5978
0,8411,0
0,8614,1381
6753,4940,0
0,2353,0
0,285,4499
0,914,2308
8430,0,7040
0,7562,0
6678,1605,7800
5892,0,5740
0,7954,4152
0,8569,0
0,0,7707
9825,9523,60
0,406,346
3377,0,0
5685,0,0
0,1600,0
1152,8279,0
0,4172,0
4694,6043,0
8846,2796,0
0,0,9749
9321,0,9272
9381,0,0
0,3009,0
989,0,0
0,1421,6504
0,2574,0
0,1527,8956
774,6221,0
6629,0,0
0,6681,8725
804,6003,9481
77,5384,9114
0,0,2123
0,6101,0
0,2142,2241
0,0,4815
4024,3668,6342
2980,0,0
0,0,7633
0,0,4314
4501,0,318
3983,3009,5702
0,2766,815
0,599,0
0,3335,9059
0,2575,9855
0,6600,0
9440,0,0
2004,7561,0
9637,3337,1166
3952,0,4098
4270,1822,0
9973,0,9875
0,140,0
0,0,3809
0,4462,0
0,7559,2985
145,6999,0
8111,0,0
0,8642,3465
0,0,1305
0,0,3127
9523,0,0
0,7629,8187
0,0,4369
0,2102,0
0,0,6391
3054,8869,0
5621,6980,2396
0,0,1038
9215,0,0
0,0,500
3648,4386,7340
0,3785,0
0,0,306
4253,0,0
0,7410,0
0,465,1
0,6087,0
5264,1837,0
0,1053,0
9937,1574,8423
0,5222,0
7779,0,0
0,0,253
0,0,7595
0,4140,0
0,3616,0
0,6484,0
0,1748,0
0,0,4448
8255,0,0
6678,8427,1245
9488,6206,0
0,8955,0
0,2010,6022
0,7474,162
0,0,3779
4408,0,0
5967,0,2012
9363,8943,0
0,7198,0
0,3876,0
0,3365,0
9244,9448,1641
4211,5784,3651
234,0,0
397,0,0
0,3062,0
0,9029,114
6453,8392,9057
0,2204,0
4570,2038,132
1050,3119,3497
3735,2363,2946
0,0,8730
9028,6809,0
155,7206,0
5351,1383,0
1216,0,0
1330,0,7584
0,0,9788
6644,0,0
0,0,4946
274,8150,0
3220,0,0
1951,0,0
397,0,0
7497,0,0
7660,9280,0
6851,0,0
4435,0,0
0,0,9546
6051,4420,0
997,0,0
0,7916,5640
0,9868,0
0,265,0
0,7763,8972
76,5423,0
0,0,8864
0,0,9864
0,0,7507
0,6986,0
2262,0,6624
4375,0,4540
15,0,0
0,0,4674
9122,2166,2438
8095,2242,0
0,7428,0
0,1,6849
0,0,7784
2585,7056,4770
4513,0,0
0,3693,0
0,0,7531
87,1922,8905
4762,0,0
0,0,3314
0,0,742
5201,702,0
0,0,9499
9834,0,0
0,2878,0
0,0,9568
0,0,3277
3935,0,0
2840,0,0
3912,0,0
7227,0,0
0,2014,0
8713,0,0
0,0,5723
0,0,8602
642,5863,2619
210,0,0
0,6202,2099
0,9043,0
0,0,8393
320,0,0
0,0,7220
2773,0,1285
0,0,5184
0,0,3689
4457,0,9553
7076,0,0
0,4191,0
0,0,7068
8136,7813,0
0,8134,209
1736,9329,8363
8956,2103,0
241,0,0
0,8091,0
0,0,655
0,0,1358
0,9016,5549
0,507,0
0,8643,6242
0,5173,0
0,6909,3706
4181,5866,0
0,6107,8046
9726,1533,6138
9888,0,8686
543,0,8311
0,0,7328
0,0,7835
0,3909,6478
2122,9518,1652
6499,0,8561
0,9517,0
6016,8929,0
4063,0,0
0,8544,2718
8888,0,0
7199,990,0
4527,0,174
2362,0,4084
8841,0,3602
0,0,8938
9055,3149,8455
3483,0,7385
0,3230,0
6087,0,0
8806,2319,0
844,0,0
2693,4047,3107
0,6410,0
0,0,3873
0,5744,6817
9493,0,0
0,0,9133
5335,0,0
0,0,5795
0,7195,0
0,8039,0
0,732,1681
7411,0,0
0,553,3343
8715,1109,9087
5532,603,0
0,8552,0
0,3887,4471
0,0,2860
2792,0,56
0,866,0
0,5170,8828
0,2582,0
8315,0,0
1658,0,0
0,1672,0
0,7172,0
6804,1806,7136
0,0,2401
4137,0,0
0,2504,0
2289,0,9665
1117,1270,2248
0,0,9672
0,0,5811
0,0,7483
5319,0,0
8567,3430,0
5704,4706,0
0,8843,6862
0,3037,0
6230,0,413
0,6443,1683
0,9991,1270
7816,0,0
0,0,4506
0,0,1132
0,1032,4562
0,6736,0
0,4842,8113
4356,0,0
3723,0,0
4136,8703,0
0,6847,2911
0,4663,0
9606,0,0
4113,0,0
0,0,75
9807,7398,0
9076,4893,1655
0,9250,0
0,2973,0
4817,7110,0
0,0,6590
0,22,0
0,9628,0
0,3741,8948
0,8987,0
5781,8795,1516
2594,7872,0
0,0,5660
2483,3402,0
0,0,5744
0,5957,0
0,6607,0
1112,0,0
0,0,2068
9606,0,0
0,4840,0
5240,0,7722
0,1685,0
0,4168,0
0,0,4406
0,959,0
0,817,6971
9061,0,0
0,2588,0
0,2195,6073
512,0,914
0,0,8349
0,2811,34
0,0,4202
0,6067,0
0,7755,2854
0,8119,0
0,7181,5602
2462,0,0
0,4027,0
5550,0,6306
0,4902,0
0,0,279
4848,0,401
9051,918,6469
946,0,0
3800,0,2344
0,0,9526
3074,0,4096
1265,4952,0
0,502,2663
0,6967,7565
5427,0,0
0,0,4414
0,5680,5333
2577,6626,7716
0,0,1929
0,7899,4942
0,0,418
2769,0,0
892,0,0
3555,0,2841
0,0,4622
1676,0,0
0,9094,0
0,1672,3559
0,0,3986
1071,7620,0
0,6293,2860
6432,9063,0
1802,0,8994
7676,3512,0
517,0,0
5140,6310,1113
0,2401,0
0,3826,0
0,2967,0
869,0,0
2755,0,0
0,6484,3332
0,0,3288
9712,0,6800
0,0,1434
0,1622,0
9799,0,0
7,1337,0
0,0,6940
2242,0,979
0,0,1032
0,0,7517
7819,8179,0
0,7891,1769
7908,8450,8251
0,7137,0
0,6937,7887
0,6944,9225
1206,8832,7446
0,0,6536
9126,1292,8382
158,5779,0
0,3598,0
3480,0,0
5250,2614,366
0,1957,7503
3375,0,4440
0,0,1385
488,7484,0
0,0,1293
4472,4758,0
0,4916,0
0,0,1963
2723,6072,0
4638,1323,9283
5004,0,0
2508,0,285
0,0,6563
8335,0,4048
0,7888,0
9846,2360,4438
2432,0,0
796,0,0
2759,6637,0
0,1276,9343
0,6280,4168
0,8789,2369
0,0,1833
0,4073,0
851,0,0
0,2474,0
4970,4906,7251
0,0,1165
6272,0,7803
0,0,9080
0,6604,5361
7804,0,0
0,0,9889
2006,0,0
3792,4453,6590
0,4985,0
0,9955,0
0,4280,0
0,553,8137
1723,0,0
0,8481,2634
0,6285,0
0,0,5990
203,0,0
4166,0,0
757,0,0
0,1226,0
3793,3979,0
3467,0,0
0,9621,8665
0,425,7146
0,6589,3432
9460,0,9891
5451,7107,8356
0,0,613
9088,2032,0
8119,0,7564
0,5647,1543
0,9115,9442
4190,0,0
2856,8353,0
2,8621,6079
0,8082,0
3325,0,90
1681,8578,0
0,7667,0
8633,0,5251
0,2890,899
0,0,14
7183,7453,0
0,309,9088
5738,311,7710
1817,0,0
0,0,9327
0,0,7905
6256,0,5572
0,9683,0
0,0,4249
0,3621,0
0,805,0
0,7054,5274
0,2792,0
3352,0,0
0,0,6406
8472,0,5160
6378,558,0
0,213,0
0,5119,1775
7559,0,0
5072,6744,0
0,0,3257
0,8940,6050
899,0,0
232,1438,0
0,9910,0
1799,6289,4932
8010,8240,0
0,0,264
0,0,1189
1077,0,7934
7280,0,0
0,9532,173
0,0,2466
7247,0,3904
0,7302,0
0,0,104
0,7113,0
0,0,9895
2034,6699,9005
0,7776,0
0,5056,0
2390,5593,6940
0,2181,7372
0,9428,8036
8935,0,5339
2750,0,4442
0,5063,0
1200,0,0
1095,0,0
0,0,7050
3289,0,0
697,0,0
7638,8203,0
0,3233,0
3047,0,0
0,0,4497
0,0,9561
0,0,6394
6959,0,0
6233,0,0
0,0,600
5392,0,0
0,1800,0
0,6811,0
2286,0,9845
8345,0,0
0,0,2541
0,5459,0
8798,0,0
4059,8652,0
0,0,5228
2011,0,9389
8250,0,1190
2692,0,8001
0,5686,7860
0,0,6105
4979,6875,0
7521,9279,2639
0,0,5058
0,2138,3711
0,3550,0
0,5561,0
7013,3812,0
8203,6505,0
6205,0,0
0,7088,6519
0,2068,0
7351,0,0
0,8629,0
5049,9259,0
8760,1654,0
0,9277,2003
0,0,5815
0,4495,2321
0,700,9195
0,4765,0
6597,0,8351
0,2288,7940
2666,0,0
0,7329,5829
0,0,7484
2752,0,6762
4756,7885,0
0,0,7548
0,6265,0
2088,0,0
8371,2941,7952
0,2933,241
0,5599,0
1234,0,0
7064,5330,5939
4548,0,0
0,0,4323
0,3410,0
1912,0,0
161,0,0
0,0,8548
1128,0,0
1369,0,7081
3890,0,0
3740,6450,0
9679,0,0
6117,0,0
440,6673,0
3438,0,0
0,0,458
8308,0,7222
6857,3051,710
8338,4420,0
5419,0,0
0,2051,0
2950,0,0
0,7848,0
0,0,4681
0,1727,0
2643,4429,0
0,2738,3937
324,9595,0
1034,0,1410
0,0,9721
8146,0,0
2846,0,3504
0,288,0
6552,5103,9642
0,0,1369
0,8323,0
0,1425,0
0,1750,8133
7443,0,6067
8853,2682,0
8574,0,0
0,3674,0
0,2219,2408
0,8772,0
4847,0,3191
0,0,1515
2016,1024,2941
554,0,0
8687,0,0
4755,0,0
4176,0,0
0,0,4661
592,0,0
0,5756,0
512,0,5658
3704,0,0
5220,8838,1191
8161,0,0
2852,0,1593
328,2836,9369
0,0,5720
0,0,2419
6134,0,0
3014,9078,0
0,9591,0
0,0,6152
4492,0,4990
0,6677,0
0,0,2464
0,0,5301
9317,345,0
5038,1818,0
0,7952,3876
0,966,2954
9155,0,0
0,3958,5842
4638,8451,4358
9629,0,0
0,0,566
0,2438,0
0,0,770
4092,6794,0
0,4252,541
0,0,1508
8722,0,0
0,0,5100
0,6961,3551
1470,0,0
2506,0,177
0,0,2615
0,8860,0
0,2953,0
0,4844,0
7398,0,100
8906,9334,0
0,603,0
0,7714,3221
8700,9184,0
6388,1691,0
6565,4765,7496
0,8263,0
3552,2532,9310
0,9390,0
138,6788,4766
238,0,4100
0,0,4703
0,893,2418
0,9594,1602
3470,5982,0
3885,2547,8059
0,0,6323
0,5280,0
0,0,8246
0,137,0
5970,0,730
0,0,6474
0,4989,7367
0,8647,6961
8795,2117,0
0,6002,0
149,0,0
0,5123,0
0,2172,0
3575,0,0
0,0,3013
0,9417,0
0,0,2555
0,1384,0
0,180,0
0,2270,0
8580,2420,0
0,8893,0
0,4222,0
0,0,7381
3435,6408,6728
0,0,6145
0,0,337
0,4747,1722
7772,4892,0
0,7981,4172
416,0,6593
7124,0,0
0,0,9709
2961,1457,7508
342,4893,3916
0,1341,9666
0,5355,1230
3554,1925,5978
5276,0,0
7179,0,0
1352,0,0
0,0,7773
0,7289,0
0,250,0
650,593,0
4566,7664,6125
4233,0,0
5463,4435,0
0,0,3105
2312,0,0
1164,0,0
6576,6189,0
0,9621,0
2782,2763,0
0,3413,0
7457,7980,9236
3582,0,0
0,0,4553
0,9119,0
1576,1432,0
0,2596,0
0,9173,0
0,3523,5210
4744,0,7973
0,8980,1387
7294,0,0
6531,20,0
6649,0,0
0,3556,0
0,0,9811
0,0,2408
0,1186,1582
1613,0,0
6823,9947,0
0,5670,392
0,2965,0
0,9496,0
0,6145,0
0,7347,0
0,2815,625
4587,0,1232
0,0,2418
0,0,7622
0,0,7569
0,8697,3240
5488,0,6205
0,0,5701
0,7572,1847
0,0,9194
0,8743,2010
0,0,1449
0,325,0
0,0,3989
8494,0,0
6064,0,0
9304,3171,1469
5509,0,0
0,4658,0
3058,0,0
2253,0,0
4263,0,5519
0,8034,0
0,0,4749
6615,0,0
4504,0,0
0,0,8191
2561,0,3681
4467,9493,8340
0,0,4103
7392,0,0
9582,0,6044
0,0,4079
0,0,2986
0,0,389
0,0,3856
0,9620,0
0,0,4910
9927,6650,0
0,0,6956
2371,0,1761
8834,0,831
0,0,5614
0,3620,3023
1944,9317,7048
0,0,5577
6190,0,5198
0,0,7380
0,6578,0
0,0,4626
0,0,2615
0,0,187
1683,0,2860
7298,0,0
0,0,5798
7370,4166,8150
0,0,8555
8146,3176,0
5527,0,0
0,0,6630
4184,2131,3847
0,2983,9898
0,0,828
0,1965,0
0,2287,2548
0,9658,0
277,0,7071
8833,0,247
0,0,1154
5824,0,4194
0,22,6325
0,6822,0
6200,0,0
0,3658,0
7744,0,0
0,2114,0
0,2392,0
0,0,1246
4326,0,7526
0,0,3364
0,3543,0
0,0,209
5309,6045,0
0,3074,0
5227,0,0
3456,0,0
1344,8119,2172
0,2198,0
3084,6524,0
611,2004,9753
0,1679,0
0,7680,0
7571,0,9187
0,0,2261
0,0,3080
0,0,4192
6714,0,0
0,4142,4511
2284,0,1035
0,0,3040
0,1815,4720
3998,9177,2401
7141,0,5392
6329,0,0
0,7609,0
0,0,6133
0,0,8438
0,145,0
0,2430,0
0,0,7648
0,4080,0
1486,0,8641
3887,5220,5390
0,0,3731
0,140,0
0,0,5885
8254,7677,7144
6692,5854,7290
9273,0,0
0,2267,3100
6729,0,0
6193,519,0
4834,0,480
0,3686,0
0,634,2171
5298,0,3983
0,1009,0
8329,0,7515
0,0,6058
5340,0,0
8440,0,7359
0,8980,0
881,0,0
1362,0,0
0,7996,0
0,0,9360
0,4479,0
1209,2808,0
8725,0,5046
4783,0,1103
3109,2209,3890
0,7831,0
0,0,6685
0,75,0
6602,3469,0
3207,0,2017
2567,8583,6497
2937,0,0
0,8518,0
6056,3301,1502
7160,6411,0
0,6879,1543
3921,5226,0
0,5857,332
0,0,3802
54,0,0
0,8234,1420
8569,1172,0
7875,2182,9731
0,8238,3033
7111,5398,0
0,0,6323
0,0,1550
0,978,0
2957,2310,0
6759,0,0
9596,0,0
0,3006,4942
2229,0,0
0,0,5362
4994,3602,0
0,4427,7211
0,6795,7582
0,9419,0
9719,2377,871
9587,0,0
0,0,7674
8891,9749,681
3833,0,1563
957,0,8054
6320,8934,1657
0,0,6084
4293,0,0
0,6447,0
437,6167,0
1308,0,0
4545,0,2546
0,9768,0
0,3601,4275
4466,0,8216
0,0,7151
0,7962,0
0,2256,0
3142,0,1106
5442,4569,0
0,5878,0
0,0,3904
6479,0,0
0,5547,0
3051,0,0
0,2534,2715
8419,6712,678
8943,0,0
0,118,7067
0,0,1637
1982,5680,0
5010,9612,7939
0,0,584
2587,4868,6131
9862,7920,0
0,9188,0
0,7607,0
5090,0,2367
8024,0,0
5092,0,8046
6729,6844,3726
4244,0,3339
2184,769,9431
2769,0,0
0,3218,0
0,0,1407
3724,0,0
0,0,5566
1483,2442,5719
3968,0,0
0,0,7426
5741,8508,9281
9080,0,0
0,0,3406
2811,2363,6625
0,7408,0
6439,0,867
5454,0,0
0,1732,7727
6741,5701,5262
0,0,9526
4750,0,0
4031,2538,8729
4081,0,0
7488,0,4554
4113,0,0
5654,0,0
6522,788,3346
0,1809,5078
9535,0,0
4797,0,0
0,624,0
2359,0,4492
1088,0,0
0,6225,9406
0,0,8300
9799,0,3634
2896,0,0
0,4322,6231
0,3857,4782
0,8655,0
598,0,1281
0,0,5936
0,0,4673
2588,9708,898
0,7543,0
295,7342,0
0,0,9745
8352,6482,0
4584,7804,0
9366,0,0
23,504,9560
1305,0,0
7241,102,1327
1915,0,1035
2814,4686,8579
4051,4982,0
1282,8912,6160
1027,0,0
5096,1848,0
3022,1215,353
0,1239,0
9164,2544,0
4063,0,0
0,1701,6707
0,4515,0
5006,0,0
0,0,5288
0,0,2552
9731,0,4400
0,0,5616
532,0,6855
1390,0,9399
0,1827,9185
0,7218,886
6028,0,5402
0,0,3970
0,9579,0
9086,0,0
0,0,671
6040,0,9667
0,7111,0
8511,8501,0
7911,3806,0
0,3127,5074
0,0,8720
3386,0,0
0,0,6951
0,0,3619
0,1103,0
6544,0,6598
0,0,3710
0,0,2211
0,5222,6017
8364,2319,9145
0,0,8301
2159,0,0
0,1044,5258
6482,0,0
0,8094,0
121,0,0
6719,0,1770
0,5329,0
0,5836,4304
0,0,6623
7805,7640,0
0,0,615
987,0,0
6246,0,0
968,5915,0
6795,6036,0
9765,2756,7466
1535,3186,2795
0,5827,8632
0,4487,2833
0,0,473
0,0,273
0,9386,0
0,0,5418
0,0,1333
0,0,7369
3220,0,126
686,0,3312
0,5316,9140
2114,0,0
0,1785,0
5421,259,4319
5695,0,0
5300,96,9339
0,4726,5940
0,1331,9338
9421,4552,2500
9548,0,0
0,8721,2515
2000,0,2754
5628,5784,0
0,0,4799
5867,0,0
9573,0,4243
8912,0,0
4853,0,301
0,4394,0
6692,3943,93
0,6803,0
6407,0,0
0,4431,0
3703,5979,0
0,0,3543
2650,0,0
6894,333,8666
0,5186,3639
6165,0,8034
0,0,1977
0,9963,0
0,6370,7585
9578,5533,2016
0,9236,0
1655,0,0
5199,0,1264
945,0,1597
0,3147,0
0,9312,0
1287,0,2234
3265,1443,0
0,1370,0
9631,948,0
1648,5962,0
0,0,1077
0,0,1467
753,3763,0
2351,0,1898
0,0,1211
5299,0,1543
7534,1182,0
0,3228,0
8300,0,0
2402,4508,0
0,4154,8888
0,3643,0
8285,4397,0
7036,0,0
8934,0,5476
146,0,0
1690,0,4575
4677,0,7803
9035,0,664
0,9155,0
5611,0,0
0,0,2970
0,9998,0
0,7034,4116
522,0,2
5999,6116,0
9391,7806,9907
0,2483,0
1770,0,0
0,5860,4267
0,1471,9163
0,0,876
0,2176,0
0,3852,0
1391,4375,0
0,374,9995
2581,0,0
2488,0,0
0,0,1802
0,7939,0
229,0,9134
9392,0,0
269,0,0
1144,0,1134
0,1055,0
0,2449,0
0,0,5650
0,7519,0
0,8368,4888
0,4329,0
479,4558,0
0,3951,0
4720,4220,0
2002,0,2912
0,4418,0
8647,0,0
0,0,1449
183,0,0
9567,2021,0
0,4838,1667
7283,0,0
5658,0,0
6516,9653,4398
9764,0,9762
0,0,4181
0,3441,0
0,0,1811
0,8157,0
3483,0,4841
0,2181,0
2488,0,0
0,0,9931
8892,1638,9584
3290,0,0
0,4081,0
7234,0,9476
0,0,7450
0,8307,5608
3399,0,0
8241,2612,0
7921,0,0
2919,0,101
2851,2707,0
0,0,3144
3676,0,7226
9711,0,7954
0,5051,0
6638,5630,54
0,9029,0
5580,7271,4457
1095,0,0
0,8112,0
6177,963,0
7917,3399,0
0,7076,0
0,6787,0
6242,0,0
7989,0,8095
8044,0,7125
9890,440,4396
0,1536,0
0,0,7702
7280,0,0
0,1706,0
5439,0,0
0,0,5929
0,0,1903
6446,0,0
0,0,9376
0,0,9817
0,7571,1354
0,1478,0
3356,0,2755
2022,2118,4461
0,7558,7230
0,0,8287
0,8106,0
0,4553,874
0,9095,0
0,763,0
4774,0,5002
0,0,6480
0,5839,5238
0,0,7357
2312,0,4915
9542,5180,0
7829,4339,7148
3416,0,1702
4290,0,0
0,5940,0
5930,714,8389
0,6843,0
7413,0,0
2652,9788,0
0,2100,0
4926,1643,0
0,9473,0
0,2889,1447
2819,0,0
0,5678,0
0,1609,9085
3566,2541,0
0,9955,0
1150,0,0
5723,0,0
0,7545,0
0,1514,0
0,0,3761
1443,0,941
0,9067,6620
0,0,8229
0,7812,0
0,2251,0
0,3401,0
2783,0,0
2539,1373,3500
0,0,5015
4811,0,0
8572,0,3097
0,637,2165
6134,2883,6411
0,0,4223
0,0,6475
0,6601,9877
0,9385,0
5152,1924,376
8653,0,0
0,674,1022
1315,0,7786
4413,8760,0
6578,0,1307
2989,0,0
0,4393,0
0,255,3597
0,9453,0
0,0,4907
0,3259,0
8647,6927,0
9669,8243,0
0,2656,9453
0,9234,4348
0,0,3606
2709,0,8000
9704,3127,0
3302,0,0
0,9263,0
0,0,5574
0,857,0
3408,526,0
0,0,3401
3553,3863,2636
7902,0,0
1509,0,0
0,0,7427
7765,6766,4121
0,0,3384
7790,0,5594
3365,0,0
0,9614,0
6613,3715,0
0,7269,8824
2651,0,9875
7512,0,0
1812,0,0
0,3956,0
3361,9431,6917
0,7222,1160
2340,587,7366
0,0,6981
5770,3069,0
0,3084,0
0,5736,0
9431,0,0
0,5061,0
166,0,0
0,0,9395
0,4408,6617
0,6748,0
9476,0,0
0,0,6730
0,0,9814
5121,0,0
8258,0,0
0,0,3861
4084,0,8163
4049,8294,5825
3444,9244,234
62,0,0
7268,831,0
929,0,3835
7659,0,5878
0,9566,0
3025,0,8507
1825,0,0
5686,9986,6866
0,4035,5161
0,0,4406
9910,0,0
0,4810,0
9418,0,0
3254,3399,0
0,0,7894
0,3899,0
5117,0,1620
7721,0,0
4588,5261,5642
0,4938,3122
0,0,665
9917,0,0
6509,0,0
392,0,0
8719,0,5490
6613,0,9389
2333,0,0
0,2996,0
0,7584,1788
0,7334,0
0,1490,0
4991,0,3318
468,0,0
1684,0,8896
6300,0,2445
0,3643,0
0,5976,7878
6296,0,875
2822,0,0
4610,6695,0
1337,0,7285
2912,6012,0
6231,6480,6611
711,0,0
9608,4466,1951
0,6258,5595
4657,7439,0
2536,0,1503
0,0,6995
1871,1169,0
0,0,4711
0,5419,0
3645,0,0
0,0,5370
0,1971,9837
7130,0,6095
0,8681,0
4299,0,0
5803,0,0
0,6500,0
6488,4166,7504
1199,9118,0
1924,0,0
9129,3021,6938
0,0,8909
0,5330,2933
0,8057,0
0,0,2833
0,0,7462
5068,958,0
66,7446,8129
0,8646,0
495,571,12
5070,9700,3033
2008,4201,1233
918,8539,0
0,0,4621
5467,0,0
8300,4180,5139
5762,0,0
0,9314,0
7855,6885,0
0,7380,0
5115,0,0
8148,4460,6664
9382,5378,5203
5946,9230,0
0,4697,0
0,0,1296
0,8760,544
8784,0,0
2328,6341,0
4519,0,4125
0,6560,0
9744,0,0
6408,4091,0
0,0,5645
5787,0,343
2903,8154,3341
4200,840,0
4745,0,587
4604,0,0
1348,0,8373
0,0,4934
0,0,9643
0,0,3734
0,0,3772
5148,7306,0
5491,0,2533
0,4410,3373
0,9156,2998
1522,3760,4952
0,5109,0
0,583,0
1759,0,8677
1402,0,0
0,5225,0
8909,373,0
0,5865,0
5821,0,0
9195,5633,0
0,0,4948
0,5606,0
8570,0,0
3749,0,0
2427,0,0
1012,0,0
0,9639,0
0,0,462
0,8749,0
8178,0,0
9365,138,0
0,7284,3556
0,5855,0
5013,9605,0
0,2032,0
0,3045,0
1510,0,0
0,2689,9067
0,0,7816
0,7015,0
2524,6380,5899
0,0,3184
0,0,9039
17,0,8644
0,8368,0
5966,0,0
2466,7165,7885
0,0,575
7673,0,9412
5489,0,6427
1251,0,0
7150,4571,0
0,8601,0
0,0,8648
0,0,7017
8695,4781,2673
0,7247,9839
304,0,3112
0,3527,0
292,9016,0
0,0,8624
0,0,3196
3030,0,0
1600,7128,417
248,0,9232
7266,3843,0
9939,6262,0
0,0,7115
0,7446,0
5845,0,0
0,0,9927
0,3987,0
0,7018,0
3991,8618,0
4409,8867,7375
0,6133,1218
0,0,7480
8917,5851,4047
6032,0,1494
0,0,9233
0,4961,3692
0,3959,0
0,0,4698
0,0,3316
0,0,2183
0,8196,0
9530,5852,0
0,0,241
1059,0,0
2553,7477,3573
1787,0,0
0,0,2493
3159,3679,8647
0,2387,0
0,3323,0
3357,1635,0
0,0,7395
0,8177,2165
0,0,2968
0,0,445
8863,3577,0
7398,0,0
9892,0,8007
0,0,394
7331,0,0
0,4607,0
0,6282,0
0,0,4696
0,8653,0
0,0,5723
5196,2807,0
9452,205,0
3780,0,575
0,0,651
2182,0,0
5900,0,0
0,8867,0
7772,8484,5138
0,267,3791
6403,5018,0
2127,0,0
0,9666,747
9787,0,845
363,0,0
1014,0,0
0,0,2096
9424,0,0
0,2344,0
7355,0,0
0,0,4734
8883,3345,4949
9425,4773,0
0,0,8063
0,4924,3297
0,5938,0
5951,0,4032
0,0,8603
9011,0,0
8459,0,0
0,0,6979
0,7882,0
0,7308,5097
0,0,9659
538,0,0
0,9001,522
4551,0,9376
0,3000,7656
0,2011,8152
8134,0,6005
0,0,5004
0,1557,0
0,9417,196
0,0,7677
5956,2431,6178
0,0,5179
1061,0,0
438,0,0
8095,0,5144
6248,0,0
2253,0,0
7258,0,5820
0,0,5237
341,6993,0
0,2950,9561
4198,3489,5829
0,0,6648
0,0,6051
0,0,2641
7786,9333,7366
3402,1587,0
7664,0,0
0,0,6181
8723,0,0
5854,0,0
0,0,9615
0,928,0
0,438,0
3945,3080,0
6587,0,0
3954,0,0
0,1934,2009
0,0,1000
1610,0,0
0,9997,7685
911,0,9236
0,0,164
4694,0,602
3852,0,3683
0,5086,4551
0,0,8820
837,8983,755
2846,0,0
0,6022,0
0,0,316
0,0,5730
1102,0,2389
0,6941,6942
0,793,0
5552,0,0
0,0,9569
0,5398,8553
9679,8245,0
5855,0,8988
0,0,9796
6490,0,1516
0,9241,0
4609,508,0
1552,2377,0
6994,0,8387
0,8034,2948
7092,0,0
5646,0,0
0,2493,0
0,8667,0
0,0,3099
0,0,2341
2675,0,0
3380,0,5226
0,0,3156
0,0,1190
6214,5151,8149
4561,0,4788
1155,9409,0
0,7009,0
4802,0,1106
7902,3317,0
0,5993,0
0,9373,0
8320,4252,0
1477,0,0
0,0,7762
0,8294,0
0,0,7969
0,0,4979
0,4094,0
9943,0,0
0,2241,0
8902,0,0
2917,0,0
7468,0,9839
79,0,3571
0,0,1865
6401,0,1314
4371,0,0
0,0,4701
8735,5894,0
0,4323,0
132,3225,0
8201,0,0
0,0,3066
0,3691,868
0,0,9488
5798,7934,3715
7113,2306,0
0,0,6780
2422,0,0
9121,0,0
8062,0,222
2338,0,0
270,0,0
0,1048,0
0,0,5204
0,781,0
0,7894,0
0,0,7101
5018,0,7493
0,7159,0
4689,0,0
4912,7560,0
0,7830,0
0,0,3182
4929,0,8164
133,0,0
0,6474,0
0,4712,0
0,0,494
0,0,7654
2635,0,2875
3919,7025,436
5366,0,8266
7500,0,0
683,0,4806
0,4625,0
0,7898,0
4635,0,0
7091,0,4791
7586,5748,0
0,0,4327
0,2303,0
0,7670,0
6819,0,9220
0,5854,3712
1059,0,0
0,0,6236
0,7131,0
0,4223,0
0,0,1035
0,7050,0
1672,5167,0
0,3719,0
0,538,0
0,6792,0
5616,7851,0
3954,0,0
0,8062,4748
0,8401,8972
0,0,781
9364,0,7832
8783,2549,0
0,5575,6718
9898,0,0
0,0,4050
0,5779,1901
1,9733,4685
0,9924,2748
0,0,1150
0,0,4682
2121,660,5559
0,9444,0
2952,0,3683
9671,0,0
6929,4312,0
979,0,0
2881,0,0
0,6813,7541
0,0,508
0,520,1804
0,2642,0
1706,2595,0
9815,0,0
3498,0,1709
5441,2149,6022
0,3129,0
5430,0,0
0,0,1223
0,0,404
1097,5358,925
0,1506,0
5367,3213,0
7277,0,0
9137,0,0
0,1968,0
0,9514,0
0,0,8221
6495,0,0
0,0,5692
0,9679,0
9048,0,2557
0,0,5770
0,0,8798
489,0,0
0,5212,0
6502,2081,0
0,4167,0
0,662,9746
8734,0,0
0,0,8008
0,5553,0
8034,0,0
3804,6947,0
2603,0,0
7928,0,0
0,1361,0
0,0,9592
0,7010,0
3532,0,8636
1860,170,0
9868,5648,0
0,3682,0
8999,0,0
2766,0,0
0,8019,0
0,3242,0
0,0,9541
9261,9060,0
0,2592,2295
0,4452,2466
3293,0,0
0,0,1797
0,3780,0
0,6546,0
1908,0,7394
13,0,0
0,1355,5911
0,616,0
0,132,7563
0,0,2016
0,0,6338
0,5567,1118
248,0,0
0,7079,0
8908,8987,0
0,0,576
6940,8481,0
2851,0,2548
7823,0,0
5386,0,0
7403,1281,2545
3741,9732,0
4859,0,6531
9758,0,3611
1203,0,0
0,4725,1600
670,0,0
2602,0,0
5151,0,0
7831,0,0
8798,5130,0
0,0,2621
0,3731,2602
0,0,2115
0,4693,0
2199,0,0
3800,5458,6928
0,0,1446
0,3212,3786
0,0,1513
0,0,6644
0,0,5515
0,0,9246
0,6631,2736
0,6231,0
4505,8430,2217
0,2231,0
0,6114,0
8143,0,8948
1929,0,0
3443,0,9835
87,0,1021
5603,0,0
4849,1185,0
0,5153,0
5015,9659,0
0,9427,0
0,0,1304
0,0,8887
0,6197,0
0,0,2054
9421,9729,2136
0,5332,1469
0,182,2655
404,0,7808
4932,0,0
0,0,6894
3081,0,3019
0,0,7286
0,0,3484
1873,0,0
3928,0,0
6065,0,8186
0,0,8369
0,0,6137
0,2054,8920
0,0,8936
0,3026,0
5380,7411,0
0,0,4586
0,2558,0
0,6486,3499
2131,2552,8109
0,0,4826
8687,0,1948
4824,0,0
0,0,3948
2681,6103,0
6541,0,0
0,4151,5071
0,303,0
0,9580,0
0,1712,0
0,0,6755
0,0,7032
8272,0,0
2274,9287,0
6222,1969,0
0,8510,6639
7583,0,0
2655,0,1094
0,4921,675
0,0,2387
1069,9804,0
0,0,5135
4858,0,678
167,0,9966
9218,0,1935
4373,6095,446
1012,3679,4924
1803,6334,9958
0,6619,4879
3572,0,3187
5960,0,2992
377,0,0
5513,0,0
6191,0,197
0,4160,0
8093,8534,9191
0,9546,0
3464,0,0
3422,0,5826
8301,7821,6846
0,0,8937
0,4158,0
3603,0,0
0,5863,0
0,0,2731
418,114,0
0,0,812
0,2117,0
0,5540,6410
7513,0,0
4360,0,8012
3298,0,0
2151,0,0
5780,0,7706
4350,7864,9726
0,0,9840
8347,0,0
0,373,0
0,2061,0
7733,0,0
1964,3935,0
0,7234,0
2148,9385,8556
0,0,9099
0,9516,6964
1424,0,0
0,4946,3140
9760,4106,0
0,5428,0
0,0,5151
6518,5126,0
1844,5104,0
0,7253,0
0,0,872
4639,0,389
1603,4367,0
0,5633,1934
0,5393,6040
3505,0,1469
0,0,4631
0,8810,0
3318,654,4862
9639,0,0
5346,0,0
0,0,6302
6609,9422,0
0,0,6304
0,6264,0
1573,9769,7464
3042,0,0
0,3082,8565
0,6400,0
2294,6040,0
0,1387,0
7769,7607,7855
0,4216,7278
0,0,3551
0,3347,9815
2745,0,9585
0,7962,0
0,0,1518
8531,0,0
7752,5363,3959
0,9772,0
4648,7542,0
0,0,7172
0,0,4986
3333,0,0
3149,0,0
2735,363,0
0,329,0
2688,0,0
607,6613,5285
0,1223,5058
9915,0,2601
2870,0,0
42,8158,0
5029,1491,0
0,4641,0
0,0,8500
0,8547,8829
0,0,7690
4610,0,0
9896,6411,5527
4954,0,0
7555,0,9775
1772,9239,7933
0,4268,0
333,7632,4066
8469,4249,1443
0,2083,9990
0,0,1226
3490,1382,0
7794,1278,0
3322,6232,5808
4722,3788,5005
0,0,4244
0,0,8513
1857,8244,6145
0,0,394
0,0,2478
0,9483,9250
8584,0,0
1654,0,0
1136,4090,0
0,8813,0
0,3311,7493
6193,5743,0
4706,7601,0
851,0,0
1246,0,4046
0,8253,0
2975,0,0
0,0,7272
0,0,1363
3662,0,176
0,0,3488
3088,0,0
8493,9421,0
2142,273,360
0,1520,0
0,5245,9508
0,8220,6345
6585,0,0
3857,7347,0
0,1010,0
0,0,9560
0,0,4275
0,0,3696
4952,329,3970
0,2834,0
0,9385,0
6076,9467,8956
2421,6052,0
0,0,8132
0,5131,9142
0,529,0
0,0,5441
0,7535,0
296,0,0
4266,0,0
0,4368,0
492,444,0
9449,2866,0
0,0,1609
0,0,6741
7509,4617,7271
3257,6942,0
8699,0,0
2327,0,0
6286,0,4511
3079,0,8879
0,8355,0
4904,7805,2191
6603,0,2317
8212,6406,4170
4953,0,8787
0,0,5730
0,5873,0
0,8201,0
9845,0,0
4356,0,0
0,6825,0
2560,1729,5240
0,0,3280
0,6544,0
1240,1498,3603
27,0,0
0,2635,6650
5030,5769,0
0,5614,9339
0,9970,0
8438,3206,3731
5873,5767,0
0,0,3793
4395,7588,337
0,0,1836
7685,8856,0
8463,0,8194
0,9645,0
0,7787,9578
0,7146,9549
6210,0,0
0,1458,0
5402,2573,9042
9195,0,6631
9533,1050,0
0,8736,4317
0,7199,0
5123,2312,8578
0,2278,6365
0,0,3511
0,7793,0
972,0,0
9495,0,0
8538,0,0
0,1865,0
631,0,0
0,163,0
3881,5286,9395
0,0,1673
8824,0,0
2336,0,0
1432,2227,8784
0,0,1921
5115,262,4254
5212,0,0
6359,6063,0
6242,1012,0
3324,0,4806
2720,0,0
4393,0,0
7649,0,0
8699,0,0
0,1935,7426
0,7051,7689
3659,2263,3121
9780,0,0
0,4865,0
8654,0,0
0,0,2444
2640,0,8622
0,0,7136
8336,1653,0
4040,0,0
1466,0,0
0,2202,8334
0,1982,0
1462,1117,0
1660,9772,0
0,0,923
0,5874,6227
0,0,9181
4954,9071,834
0,3111,0
0,4578,0
0,3734,716
5464,6012,0
2422,0,0
0,9135,0
0,0,6822
5182,0,2697
0,2900,0
592,7855,0
0,9894,0
0,953,194
9913,0,3928
0,0,9941
3328,0,0
0,215,0
734,0,2439
7557,9656,7522
255,0,422
0,0,8278
6191,3086,8172
0,4485,0
0,0,7209
5929,0,0
0,8357,0
0,0,6942
9839,0,0
2278,3795,0
9800,4050,0
223,0,3799
8501,0,6886
6674,0,0
0,7736,0
0,3666,0
3766,9537,9157
493,2824,0
0,0,897
8852,4941,4693
0,4741,8743
2065,0,0
5865,3466,0
2751,0,0
0,5940,0
0,8949,7550
0,2716,0
9851,3210,9911
4511,646,2575
0,9498,7516
0,9424,2258
0,1490,0
5328,0,689
5739,0,829
1886,0,0
5769,4123,0
3319,4818,0
407,0,1646
0,0,2292
2894,0,1791
411,0,1216
0,3540,0
0,0,61
583,4608,0
