3000 5
0,2191,0,386,0
2298,759,0,141,0
756,184,0,0,22
0,0,567,0,56
602,0,0,94,16
0,551,0,231,60
0,500,524,149,0
717,0,146,56,0
0,0,0,0,71
0,386,0,98,0
0,0,146,54,20
3352,0,0,0,0
0,1341,0,201,0
2477,949,644,186,0
0,0,0,86,0
0,78,54,8,3
2699,0,0,0,0
0,281,0,0,0
0,1234,0,0,0
462,0,78,0,13
427,148,0,0,3
1674,559,0,279,0
326,101,40,0,10
373,157,70,0,5
0,766,0,0,0
0,0,267,355,134
0,2076,250,0,0
0,0,0,238,0
315,90,21,36,0
549,132,40,69,0
2634,0,0,0,64
0,0,50,0,0
3091,1716,0,447,95
0,90,43,0,8
2538,0,522,0,105
2889,0,947,0,0
398,0,0,0,0
0,0,0,134,0
0,0,61,0,8
2287,1130,0,284,0
0,723,0,230,85
1304,0,0,142,37
0,0,552,0,49
0,0,124,25,21
361,0,0,18,5
0,0,0,0,38
0,0,0,51,0
3292,1785,492,130,0
0,0,374,0,0
0,48,25,0,0
538,244,181,0,7
1251,496,0,142,0
0,1218,864,0,212
1194,573,0,0,0
946,279,0,0,0
633,0,0,0,16
0,1250,0,0,69
0,609,0,0,45
1178,589,229,58,60
0,0,619,0,48
2386,0,0,183,0
0,0,285,0,23
0,0,0,0,157
0,0,0,0,58
500,210,0,30,0
0,0,0,148,0
0,0,0,0,18
0,62,0,8,0
0,124,0,29,0
0,1290,0,0,0
2060,933,701,0,0
547,0,0,0,0
0,1211,0,0,0
0,1015,906,150,0
878,0,0,78,0
0,1267,315,383,0
2670,0,306,0,90
2648,0,310,0,0
0,0,878,0,0
3227,1961,717,250,89
1489,0,313,81,0
0,0,0,33,17
1727,0,517,0,56
0,1389,0,324,96
0,0,0,202,62
2920,1423,202,0,0
0,433,0,0,27
1708,668,0,303,104
3238,1488,351,0,105
0,107,0,47,0
0,256,227,0,0
1055,0,46,236,0
0,0,17,109,43
1450,0,488,0,0
0,1949,0,264,65
0,319,0,112,70
2353,0,0,0,136
0,167,31,0,14
0,0,704,0,0
0,0,179,0,0
252,0,38,0,0
876,0,87,105,29
0,0,0,51,0
882,405,214,0,0
1175,337,0,272,25
2787,0,0,0,0
0,87,134,0,0
1986,815,0,133,54
1378,0,0,0,0
1270,0,236,0,0
0,593,0,0,0
0,0,164,0,87
2427,1044,677,0,0
0,0,0,381,0
952,381,0,0,68
0,0,41,5,0
2820,0,0,0,0
401,170,0,30,0
1964,766,0,0,45
0,0,285,90,50
0,356,0,0,0
0,614,0,0,0
2289,0,836,0,0
175,0,40,0,5
277,79,47,0,13
1469,604,243,0,0
0,0,112,32,0
0,0,491,0,0
0,0,247,43,0
2797,821,689,0,38
0,0,204,0,0
2089,0,0,0,45
0,759,946,0,0
618,0,0,39,0
2529,1525,0,0,54
0,0,600,0,0
2540,1290,0,240,75
0,143,94,0,10
0,0,0,0,51
0,0,182,81,0
0,90,119,0,0
754,0,0,41,0
0,168,0,35,11
1801,808,0,108,34
0,928,0,0,0
0,523,170,0,0
0,217,97,26,0
0,1700,0,0,0
2147,953,363,133,0
139,64,0,5,4
1853,709,0,0,51
0,18,0,0,4
0,781,0,0,69
0,380,164,0,21
0,578,0,156,48
0,319,0,101,0
2513,1455,173,0,128
0,1109,0,181,0
0,0,0,0,108
1030,0,216,0,20
0,0,0,63,21
0,0,0,0,146
1016,0,85,121,36
1578,463,0,130,56
1055,0,115,109,27
962,0,0,0,0
0,953,0,161,171
2341,0,0,0,0
0,0,89,0,0
447,173,0,0,11
57,0,0,0,3
0,0,181,225,0
2756,0,0,0,46
0,0,22,5,0
3134,0,613,236,76
1472,0,0,0,0
0,119,111,30,0
2904,672,0,297,115
0,0,249,0,0
2452,0,0,169,0
0,602,812,127,0
0,0,390,111,34
0,0,0,68,23
949,0,0,66,25
1338,258,0,0,0
0,0,0,22,9
0,88,0,11,7
1581,803,163,0,78
0,0,114,77,0
2515,1164,671,0,107
1131,627,179,0,53
1259,377,126,0,0
0,794,0,0,0
1722,0,0,0,0
223,86,0,16,8
0,1119,0,0,0
0,0,13,0,0
262,0,0,0,0
0,0,0,0,28
0,0,0,0,24
3122,1701,0,496,0
105,0,0,3,0
0,0,0,173,71
0,732,0,0,62
2945,1326,0,492,0
2045,648,792,0,47
0,0,0,80,0
2709,914,0,0,68
0,0,294,157,52
0,1757,317,0,0
454,72,130,0,0
1203,558,0,61,0
2647,0,742,180,70
0,0,0,372,137
0,264,520,63,21
0,1590,0,255,0
2741,0,739,0,42
0,0,137,0,0
0,0,0,428,0
1850,491,0,0,56
0,0,307,191,110
0,0,1246,325,0
172,31,45,0,0
866,300,225,46,20
408,174,148,31,16
411,0,84,0,0
0,0,0,0,2
1364,450,0,265,37
0,0,269,239,77
0,0,390,83,0
1850,0,332,185,79
0,92,69,0,0
0,0,291,0,178
1838,726,333,111,0
2427,1126,0,351,106
0,0,125,104,0
540,0,0,17,25
324,152,75,7,8
2332,764,552,115,25
0,914,0,0,0
504,210,0,27,0
0,515,307,163,0
793,0,0,0,0
515,0,0,42,0
1145,431,0,0,47
1907,0,0,0,80
153,0,0,16,10
1144,0,0,46,33
2975,0,0,121,104
1220,446,358,0,51
0,0,265,0,137
0,800,0,0,131
2558,0,300,214,0
0,0,77,0,0
0,400,0,82,0
2390,1239,0,130,0
0,0,131,0,0
819,414,0,63,17
1346,0,528,155,0
93,0,25,0,0
584,0,82,33,0
3083,1035,1024,0,0
853,0,99,0,0
0,1604,0,332,0
1909,847,0,0,0
0,738,212,0,38
0,275,311,72,6
0,2427,0,315,0
1613,0,510,0,51
0,0,0,108,0
0,531,445,100,0
0,0,793,216,85
0,139,32,39,0
0,1722,0,596,151
943,477,0,0,14
818,0,0,0,0
0,0,229,59,0
650,307,45,53,0
0,0,228,0,16
0,0,168,0,0
1326,434,0,0,28
0,0,0,57,0
790,278,0,57,21
1049,0,0,0,0
1943,0,187,0,54
0,188,0,0,18
0,603,0,0,80
0,1280,0,0,47
1961,1232,345,0,69
0,0,224,80,0
0,0,507,0,64
1976,0,554,127,82
1046,389,0,0,38
1224,313,264,0,0
2338,0,0,0,58
2809,0,0,0,0
2793,1641,376,0,0
1898,718,0,0,0
1602,0,0,58,0
0,0,0,0,23
2382,798,292,0,170
2912,0,666,0,0
0,0,0,50,0
0,750,0,0,84
3026,0,0,500,150
0,603,389,0,0
0,0,182,288,0
2490,0,177,0,87
1687,823,681,0,0
0,0,0,0,55
0,0,274,0,0
2968,1267,606,0,103
0,0,66,150,48
2960,1679,0,0,210
0,0,0,167,0
562,168,0,18,0
0,0,159,240,0
856,0,0,0,25
214,0,0,0,10
2795,0,0,366,124
0,0,90,0,0
0,2152,1090,319,0
0,66,0,10,0
0,241,0,0,18
0,0,0,60,0
0,285,130,175,0
0,0,0,0,15
0,0,0,70,37
0,0,27,8,3
0,0,143,0,61
1070,302,312,0,19
3021,0,321,0,119
1083,446,306,85,0
1212,0,90,0,44
1027,0,0,128,25
0,689,762,0,94
596,0,0,0,14
0,0,90,0,0
0,681,0,0,192
0,347,0,0,0
1438,727,0,240,61
0,309,0,0,0
0,0,49,0,27
2643,0,631,181,0
0,486,0,0,0
0,0,24,21,0
875,0,93,0,28
864,0,0,0,23
0,913,0,0,0
2842,0,0,0,120
0,1055,0,104,0
138,63,27,0,0
126,39,0,6,3
0,159,95,0,11
1094,0,0,0,0
1772,689,372,148,88
0,569,0,347,0
0,471,0,50,45
0,0,273,473,191
383,0,72,20,0
1048,480,0,92,0
0,0,0,0,105
0,0,297,0,0
1665,0,0,170,76
609,0,61,74,0
0,634,293,0,58
0,287,107,0,0
1928,0,0,0,45
0,0,495,167,50
0,0,0,242,0
289,157,0,0,0
3364,1942,1029,0,87
0,446,0,0,0
0,0,143,403,85
0,0,0,0,95
0,0,39,42,0
317,131,0,0,0
0,321,0,98,122
1738,732,266,0,0
1239,435,284,0,0
1065,0,296,80,37
0,524,0,0,45
3117,2075,582,0,117
860,0,209,0,7
0,0,0,154,35
555,159,154,31,16
2446,1616,0,0,70
562,0,63,44,32
1849,0,299,0,156
496,171,0,0,0
2531,911,0,0,125
0,1083,1071,0,0
869,365,91,0,0
0,1050,0,0,0
0,0,0,0,61
2769,1690,911,302,163
0,0,0,3,0
0,0,341,86,0
0,0,124,243,91
2084,0,0,0,54
49,35,9,0,3
1647,0,0,99,0
1949,0,449,0,59
0,0,45,60,13
119,64,0,0,2
0,1280,0,223,55
996,256,236,0,34
0,717,0,0,88
0,49,0,15,0
1384,0,184,0,0
533,166,0,0,20
0,0,0,142,0
0,0,474,0,86
1966,951,554,158,55
0,800,563,107,24
2583,0,0,210,0
0,0,0,85,0
0,0,80,38,0
0,0,0,196,60
1597,0,0,180,0
0,0,363,0,0
0,0,0,0,61
2880,1557,332,328,98
0,0,149,160,45
551,231,0,21,15
0,404,97,117,19
0,0,71,23,19
0,1227,0,320,199
0,0,211,288,0
0,0,387,0,41
241,112,18,0,0
0,640,0,0,0
0,599,0,0,0
1425,0,0,0,0
0,0,27,0,0
0,180,75,0,0
0,0,0,6,6
1342,514,0,0,43
2265,1069,0,0,63
0,0,0,630,0
152,0,0,0,3
0,0,404,0,49
1276,539,0,0,23
0,1248,506,227,100
768,153,69,0,53
2642,1238,0,0,64
0,1495,0,201,0
0,875,119,90,59
0,0,253,142,0
0,275,0,0,39
1914,1082,565,225,0
0,0,33,68,0
0,0,0,163,19
936,372,0,0,30
1646,0,0,0,64
1377,566,0,117,0
0,0,449,446,158
1735,0,513,0,0
1288,532,0,0,0
2518,0,0,0,0
1878,1156,0,0,0
0,56,59,0,3
1149,463,0,71,25
363,102,19,0,9
0,303,99,0,0
933,374,115,123,0
0,396,495,98,60
130,54,12,0,0
0,0,188,240,110
0,0,303,105,55
0,0,215,87,0
2556,980,557,185,147
133,31,11,17,8
0,215,105,49,0
0,464,0,100,0
0,0,0,0,128
453,0,143,12,0
0,0,121,0,108
2590,0,0,273,113
0,0,555,0,0
0,0,49,11,10
274,106,0,66,12
0,9,20,2,0
2203,1623,511,141,119
0,392,0,409,68
155,49,0,12,4
0,1262,615,0,0
0,0,180,29,0
2582,0,0,0,166
0,0,0,142,0
0,1191,212,306,68
0,472,0,0,0
2091,0,0,376,0
3067,0,0,263,42
947,441,0,0,35
0,345,250,83,0
449,0,0,30,14
2121,1253,290,155,0
1853,0,510,0,0
0,0,400,254,0
2315,0,0,0,0
0,590,338,0,49
2283,0,0,0,94
854,0,240,38,0
2118,0,421,0,0
492,0,62,0,0
0,828,0,235,0
38,6,0,0,0
0,1557,0,0,0
0,1484,738,0,0
0,26,0,0,0
1213,561,119,0,0
0,0,11,32,0
0,511,0,145,0
2119,833,0,233,0
0,0,0,0,122
1215,0,114,0,58
1075,311,324,38,0
926,345,0,0,21
0,1542,0,0,0
678,0,0,0,0
112,0,0,9,0
566,0,0,0,0
2041,0,178,0,0
0,528,0,68,0
0,735,332,0,50
0,0,112,157,58
0,0,0,0,137
1683,676,0,0,0
0,0,289,205,76
1277,475,0,58,0
2416,1178,0,241,86
0,0,21,0,0
0,1414,0,356,0
406,0,52,0,22
0,83,14,0,0
1181,0,0,203,52
2779,0,239,0,138
0,198,0,0,0
260,88,54,0,13
1773,0,373,131,45
438,191,134,23,12
2069,0,0,155,135
2479,1266,0,213,42
0,0,279,0,0
0,36,0,0,0
0,1234,0,837,0
2686,0,0,801,118
1929,0,260,260,0
1090,0,159,158,0
1163,0,0,153,60
1849,0,359,0,67
547,0,108,0,5
463,0,94,0,5
929,0,70,103,74
3638,1862,1288,171,73
0,816,539,0,74
0,454,352,0,39
0,0,173,0,0
679,0,179,40,0
2520,0,458,278,88
0,0,0,0,14
0,0,0,18,0
0,0,0,88,0
0,504,0,143,51
1322,0,0,81,41
2319,0,0,195,109
0,275,0,43,14
0,1182,682,180,90
2170,0,554,122,0
2238,876,678,0,68
311,0,0,0,11
0,0,0,145,65
0,517,0,159,0
0,340,0,0,32
0,0,0,146,65
2940,0,0,0,0
3314,0,0,458,0
378,121,36,39,0
660,280,0,0,0
1006,0,0,0,28
0,520,0,0,0
0,0,90,0,0
1820,667,0,244,107
751,0,279,30,0
0,0,654,0,0
561,0,156,10,18
0,19,0,1,0
0,210,0,0,0
0,209,0,32,0
2910,1144,0,0,48
2481,2014,0,0,138
0,0,180,0,49
0,0,256,294,0
0,514,114,0,0
1282,973,107,82,47
0,0,0,393,124
0,0,705,360,0
2528,1191,650,0,99
476,0,119,0,10
0,0,30,0,0
329,0,83,9,0
2566,1082,277,502,95
0,321,0,0,0
165,0,0,0,4
0,54,31,5,2
0,1002,0,0,0
0,0,0,0,50
1301,0,370,0,0
310,0,105,0,0
1963,0,0,0,88
1064,0,259,103,49
97,0,17,0,3
0,435,0,0,0
0,0,0,0,156
0,0,191,104,27
530,189,94,43,12
2714,1394,0,217,77
0,1497,589,0,0
0,0,204,0,0
0,685,0,0,0
2850,0,0,0,0
2390,752,0,376,0
0,0,63,0,13
2629,0,447,365,0
298,78,17,0,16
2035,1018,0,0,0
0,1366,693,0,0
1264,334,0,75,0
0,1299,0,271,70
2737,0,0,374,0
2723,0,0,0,0
0,0,301,340,111
1110,653,96,0,40
576,0,0,0,18
0,215,0,0,0
2888,2365,400,0,137
0,584,0,160,0
0,0,0,274,50
0,377,424,106,0
1641,571,0,116,0
0,179,0,0,0
0,0,68,140,61
0,0,232,0,46
0,0,250,184,70
0,843,0,216,58
0,0,59,0,0
3105,1789,994,0,75
0,0,0,0,53
0,0,0,419,87
1050,339,102,0,66
0,0,164,0,102
0,0,0,0,114
0,0,41,5,0
0,1380,0,255,0
1070,0,178,85,45
0,727,0,78,28
1819,0,202,177,95
0,0,0,0,23
0,1270,0,280,100
0,0,0,360,0
1734,0,0,163,54
2171,0,0,0,0
0,0,0,335,154
0,0,0,0,118
0,1131,347,152,63
0,556,173,66,31
1959,647,0,0,0
0,0,0,140,0
0,0,59,0,0
496,0,0,0,0
0,0,266,0,0
0,0,716,0,0
0,0,0,147,0
0,1518,0,228,0
0,0,520,168,74
0,411,0,40,0
2698,1337,0,0,0
1242,0,85,253,58
1392,570,0,0,0
0,219,184,0,17
0,272,0,82,13
0,85,0,19,0
1307,523,0,0,29
0,778,0,0,0
0,161,32,0,0
0,0,429,211,53
2791,1520,0,0,59
0,912,0,178,35
153,80,22,0,0
1337,507,0,57,0
0,0,0,0,66
0,0,0,136,0
0,0,233,0,100
0,818,0,0,0
914,0,0,79,0
0,46,0,0,0
1781,1039,577,0,29
0,417,225,39,0
0,1098,0,0,0
0,0,865,0,87
0,132,0,0,0
0,0,575,0,0
0,0,0,58,25
0,0,44,40,0
1650,805,0,121,43
332,156,0,13,7
0,0,212,261,101
0,0,13,0,0
536,0,48,63,14
0,0,125,0,0
0,0,121,72,0
0,0,0,41,0
0,153,109,26,15
160,68,0,15,7
2753,1338,228,429,93
2144,1074,604,176,0
0,1408,0,0,0
1570,0,119,0,84
1753,553,198,321,0
0,0,104,356,72
0,0,0,0,7
2498,0,0,0,76
0,358,72,133,26
2915,0,609,0,0
0,0,245,0,158
2451,0,0,0,0
0,186,76,0,0
0,0,0,383,83
1658,0,140,0,69
0,2034,0,0,0
1222,362,191,87,0
0,0,0,671,0
0,0,115,40,12
0,0,0,279,0
235,0,29,31,14
1891,0,0,0,73
0,0,0,0,58
2955,1745,0,0,143
0,0,216,302,0
0,203,114,0,5
0,700,167,0,0
0,194,0,75,42
2304,953,512,0,88
0,108,0,14,3
2328,0,516,144,102
272,0,0,0,0
0,0,165,0,39
1838,0,588,0,66
0,16,17,1,0
0,32,0,9,0
0,0,0,42,0
0,362,241,84,28
1973,722,229,0,0
1142,427,156,80,61
0,0,0,63,0
0,940,534,206,69
0,0,116,246,0
0,0,238,0,0
0,0,226,0,110
776,316,0,0,33
1830,0,0,0,89
0,307,0,0,29
502,0,0,0,10
0,0,257,64,0
0,1318,605,224,0
2812,0,576,355,170
0,157,75,0,14
0,0,0,0,111
999,0,0,0,22
0,155,98,0,0
2122,1055,194,0,73
0,441,152,0,123
1106,334,138,145,0
0,2585,0,0,0
800,0,66,85,0
0,390,0,81,0
0,912,0,177,0
1581,538,0,0,60
0,0,232,0,0
1135,0,0,104,46
1544,736,346,93,0
0,0,0,0,45
0,364,111,274,0
0,0,138,0,0
708,0,180,47,0
0,106,17,0,0
1209,0,89,0,76
0,1951,719,198,0
0,0,0,0,5
0,1540,0,0,0
1938,0,584,0,0
0,915,0,0,0
0,1566,0,0,153
2125,0,450,0,0
2771,0,0,164,43
1448,0,0,0,28
1545,438,381,67,50
0,702,515,0,78
373,0,118,0,0
2798,0,0,231,0
0,176,0,52,0
0,673,566,0,0
100,29,14,16,0
0,186,0,16,8
1136,453,0,32,23
1392,0,0,122,38
0,843,184,0,127
0,0,0,174,0
2763,1010,0,602,138
0,588,325,125,23
0,0,0,147,80
964,589,0,0,24
522,0,40,0,15
1298,0,218,104,45
0,0,0,200,73
1012,422,50,0,0
1424,703,462,221,0
0,369,0,0,0
2802,0,591,93,70
0,0,0,0,1
1557,654,0,133,0
0,0,0,0,53
2676,0,0,0,0
0,0,1216,0,0
0,1553,691,0,102
0,0,513,0,0
811,0,178,57,0
2510,1634,0,0,115
3226,0,0,642,147
2337,1250,573,194,45
0,0,464,0,173
1213,0,0,0,0
980,319,265,70,22
0,443,109,144,0
0,180,0,33,17
373,109,92,0,0
541,0,0,0,0
0,228,45,94,25
1683,0,0,183,0
298,142,52,19,4
0,0,441,244,0
0,874,386,189,0
486,177,109,20,0
1661,951,0,0,0
1917,0,0,62,0
0,932,115,405,0
0,0,228,98,0
0,0,0,145,92
0,0,0,123,0
0,0,363,0,0
332,0,0,23,0
0,0,0,52,0
0,0,167,0,61
0,893,259,100,0
1988,0,0,93,0
0,792,0,0,62
809,324,79,92,26
736,0,0,85,22
1051,0,0,259,0
2673,0,0,0,0
0,0,54,0,12
0,0,45,0,25
3029,0,0,0,114
0,0,0,0,39
124,0,0,0,4
1159,406,0,0,60
2670,1005,627,0,0
0,0,429,0,0
0,0,0,34,8
1243,270,0,285,0
1092,440,276,0,0
0,0,0,0,84
0,1792,187,0,0
0,0,0,0,1
0,0,525,250,0
0,0,275,397,0
0,0,99,126,0
0,0,0,39,0
0,0,0,222,0
59,0,14,1,0
298,0,0,0,0
0,0,157,0,0
1112,0,0,0,47
0,0,0,0,93
1146,406,84,0,33
0,0,75,37,23
904,425,53,0,0
2001,713,430,383,0
0,0,0,0,88
0,953,0,0,0
1095,297,0,0,0
0,0,177,113,29
2615,1230,0,192,76
0,0,0,117,50
672,301,65,0,23
0,0,613,111,48
2415,0,245,0,0
1845,0,268,190,0
329,0,29,42,0
1980,904,0,297,141
2625,0,336,0,133
1708,626,0,283,0
1686,0,151,0,52
2088,0,545,109,38
0,314,0,28,0
980,0,309,42,8
0,0,88,0,9
2075,1454,383,0,98
67,15,19,0,0
451,247,44,0,0
1609,777,118,0,0
0,0,0,81,0
925,206,0,69,0
0,320,0,167,0
0,96,0,10,6
2723,728,163,0,0
2287,0,0,580,99
2370,0,159,361,85
0,60,42,28,10
0,0,99,169,0
636,0,52,0,0
0,0,0,0,39
1638,427,0,0,0
0,109,0,0,0
123,57,29,0,0
0,0,828,0,0
1579,0,0,72,54
1077,422,0,0,91
1930,502,0,0,77
0,0,0,251,0
0,396,153,111,0
509,0,0,36,0
0,218,0,0,0
0,0,0,0,73
2270,0,0,148,91
1689,562,0,408,0
1750,0,228,202,129
0,0,108,0,40
2154,0,191,352,0
1892,899,0,277,0
0,0,676,0,83
0,0,0,65,44
2615,0,0,0,136
0,408,602,92,47
0,0,0,86,0
2324,919,362,0,57
1716,0,0,78,45
0,1053,0,0,78
2046,1096,435,226,0
0,308,0,45,34
0,38,9,0,0
2914,1771,551,0,72
0,1208,786,122,102
0,335,0,88,35
0,30,12,9,2
0,1122,0,237,0
475,148,0,24,0
1086,0,377,0,19
1753,0,0,179,0
0,0,134,384,0
1919,0,154,464,83
0,0,230,0,56
0,249,0,0,21
0,977,0,411,0
1105,0,0,212,61
0,0,155,0,35
321,0,67,0,0
0,72,41,0,8
0,0,0,0,27
1032,0,0,0,0
0,560,0,77,0
0,0,502,139,63
0,0,0,373,120
0,1266,0,0,111
0,0,361,132,55
1317,476,194,0,0
0,0,211,0,0
1472,453,0,48,0
2269,0,246,0,65
461,144,42,0,15
0,1086,124,734,110
153,0,0,17,0
2431,0,0,0,88
0,37,37,0,0
0,190,0,71,0
0,1301,583,344,0
999,449,174,0,0
1569,740,0,126,38
1822,0,0,105,0
0,0,0,118,0
186,88,21,0,16
0,0,0,10,12
0,182,78,35,0
0,0,87,0,0
2199,0,193,357,0
212,56,18,0,0
2312,0,151,0,118
2820,0,287,426,122
0,0,686,284,0
0,603,0,81,19
0,0,0,136,0
123,0,0,0,0
1376,0,0,94,0
0,34,25,9,5
1172,234,0,0,0
1812,0,0,129,0
0,423,0,72,0
0,1535,0,226,0
562,155,183,24,15
0,0,106,68,0
1083,0,0,111,40
1058,261,0,40,0
1976,885,416,0,0
0,349,0,0,18
1771,0,0,0,0
949,380,97,75,0
997,0,0,153,42
2393,0,0,356,114
1468,955,249,0,0
0,219,0,87,0
0,659,391,0,0
0,0,343,52,39
0,0,411,0,55
0,838,0,114,0
0,0,0,68,0
2923,1761,0,447,143
1025,0,97,0,0
1979,0,254,105,0
937,325,87,0,0
0,53,33,0,5
0,170,0,0,39
0,444,0,0,23
924,511,125,0,28
2035,0,339,448,0
1027,0,120,0,49
2750,0,0,0,0
0,922,0,0,0
2156,0,250,0,174
0,0,223,0,164
1926,895,0,0,64
0,207,0,23,0
0,0,0,128,0
0,0,95,130,36
1603,229,0,0,0
2197,0,269,230,120
1818,0,0,115,37
118,0,0,9,4
1132,0,245,0,22
2614,993,0,0,73
575,206,0,31,10
0,1396,178,0,76
0,794,103,162,46
1315,0,104,0,0
2519,0,0,0,0
0,0,0,0,16
2100,0,0,100,0
202,57,42,8,5
1952,0,0,0,0
858,0,0,0,0
0,0,0,0,77
0,1517,0,0,49
0,1202,243,630,185
459,0,0,0,20
0,1582,305,0,0
1974,472,0,0,81
0,142,34,20,9
0,23,0,4,1
0,85,0,0,8
0,145,0,0,0
243,55,0,0,0
185,0,13,16,0
0,0,395,0,0
0,843,473,0,0
0,323,201,24,0
2409,806,0,590,0
2472,0,0,0,0
0,0,0,0,14
0,0,571,127,0
0,0,0,358,0
1578,225,454,0,0
0,59,0,0,0
1934,0,454,215,72
504,0,0,20,7
0,1002,0,0,0
0,27,0,0,6
0,779,507,114,0
741,0,0,57,18
0,0,39,12,5
558,240,0,0,0
0,221,0,0,14
549,143,108,51,19
821,371,0,33,0
0,0,617,0,39
894,334,277,45,0
0,142,0,24,12
2252,870,0,362,0
0,0,0,67,15
0,493,195,88,0
0,0,0,0,65
0,44,0,0,0
0,324,0,0,53
1187,0,218,0,0
1341,354,0,204,96
0,67,29,0,10
1792,723,336,129,0
2090,0,0,43,0
1235,0,0,93,42
0,1581,534,0,0
1186,529,0,82,42
0,262,192,0,6
0,705,91,0,0
1085,0,295,0,17
2018,909,305,192,83
1951,0,0,134,0
0,0,0,61,20
0,0,0,40,18
262,124,65,26,0
483,74,112,0,11
0,0,77,0,0
0,0,118,109,36
3044,1469,0,572,213
0,1258,0,0,88
1229,0,322,71,0
0,1414,721,179,42
0,1134,721,0,0
2214,0,762,0,44
1623,644,427,146,0
0,0,294,0,59
0,0,0,252,0
0,1095,266,0,65
800,212,55,0,33
0,1611,1038,0,102
0,211,182,0,22
0,0,186,307,67
0,634,117,0,45
1938,0,0,0,0
1755,827,0,0,86
0,857,224,424,0
0,0,12,0,3
0,0,0,565,150
1246,906,148,117,0
0,1642,0,319,0
0,44,27,0,4
0,0,443,0,89
1387,0,149,0,94
0,1760,0,247,52
0,0,0,52,0
0,109,0,15,8
0,0,0,99,22
0,0,22,0,0
0,996,664,102,0
1805,716,250,0,92
2274,765,0,90,0
2825,1268,1005,0,84
2876,0,244,0,0
0,1674,0,488,199
0,0,44,0,9
692,362,90,0,22
145,0,13,0,7
0,0,592,0,0
2447,0,0,376,0
0,0,0,0,62
1274,403,0,0,0
1811,0,0,409,38
990,0,0,167,0
0,976,468,0,42
532,0,78,0,0
683,0,105,0,49
0,0,173,0,27
0,0,144,0,0
466,0,62,66,26
0,0,521,262,112
1432,814,0,0,0
0,399,266,0,13
743,276,178,16,0
0,0,0,9,0
0,391,0,0,0
2331,981,0,0,0
883,0,0,71,0
0,0,688,0,0
1554,0,0,77,0
2665,0,519,192,79
2465,0,0,0,0
1416,0,0,0,116
2625,1080,0,448,194
0,163,0,0,12
2496,1146,717,0,0
2531,0,744,0,0
987,249,269,43,0
1465,0,128,0,43
0,0,197,0,0
224,28,52,0,0
0,932,235,0,35
0,613,0,0,0
0,0,0,0,147
0,0,462,0,24
309,112,0,0,0
0,0,0,0,5
0,0,238,0,0
0,0,0,397,116
0,261,180,0,19
0,612,0,0,58
0,0,42,0,19
0,0,96,0,46
0,0,0,290,0
700,434,44,89,0
2830,0,0,0,0
0,0,382,61,35
1130,0,301,0,80
0,0,223,697,0
0,0,49,49,0
373,83,0,0,0
0,0,163,0,40
1547,0,236,0,75
0,0,361,0,38
0,0,0,0,9
1551,671,0,195,0
0,0,69,0,0
2196,848,0,175,66
2022,0,0,0,82
0,758,0,373,111
1953,0,0,0,0
0,0,159,0,74
0,404,0,83,0
698,216,205,24,16
0,1093,0,388,97
1813,0,0,318,61
0,64,117,0,10
0,0,545,220,77
2907,0,683,0,176
0,0,0,11,1
899,466,0,0,0
549,0,90,0,0
1544,928,0,95,40
0,1296,0,301,93
137,0,30,10,0
0,665,344,0,0
0,0,668,0,46
0,156,114,22,0
1658,677,0,0,0
0,409,0,69,28
0,0,177,0,14
309,0,0,17,15
0,229,0,0,0
0,0,0,34,21
995,0,240,58,28
0,1370,0,0,0
0,0,62,0,9
1232,253,231,0,29
356,98,128,0,0
978,0,0,0,0
0,0,0,52,23
0,674,0,111,0
0,0,260,130,61
0,0,0,0,6
818,0,125,72,0
1485,0,0,105,44
2586,0,0,0,0
0,441,190,0,0
0,808,165,0,0
3023,898,779,0,0
2252,0,0,0,65
0,0,0,4,0
2345,0,0,104,34
1364,0,217,0,0
0,78,76,7,0
1706,618,0,0,0
2803,1591,537,0,0
0,0,0,49,0
0,126,138,0,12
0,941,0,753,0
2879,0,0,0,0
1643,364,485,0,0
803,0,114,82,42
1666,0,228,0,64
725,0,186,0,0
2459,1509,827,0,0
0,25,0,0,0
0,152,77,0,14
0,0,0,0,99
1806,584,531,90,105
1755,589,247,168,71
0,101,17,21,0
711,0,0,53,10
2130,620,138,455,98
393,0,94,0,18
0,0,0,205,0
0,0,0,97,0
2572,1016,0,0,75
1624,0,0,311,0
0,454,0,216,0
0,272,0,78,0
880,0,0,159,0
0,0,9,0,1
0,0,36,41,20
1708,0,0,150,0
3093,1854,328,634,0
0,1259,753,0,68
2474,1598,225,0,80
0,0,65,0,19
1830,655,0,195,56
0,0,117,293,101
0,15,0,5,0
527,195,0,0,0
2054,567,0,0,0
0,797,0,199,0
727,172,0,126,0
1472,0,0,0,0
0,825,0,0,55
1174,0,294,79,33
688,0,0,71,0
2487,1310,649,0,0
0,144,0,43,0
0,471,0,0,68
2387,739,0,0,113
0,166,82,0,12
404,191,28,0,12
2139,0,595,113,0
101,0,18,7,0
360,80,97,0,9
253,0,62,0,0
2088,908,147,0,117
0,0,86,0,0
0,886,0,0,0
0,0,460,195,82
0,0,0,0,37
1674,0,490,0,55
0,0,0,353,123
469,121,0,47,25
0,387,0,114,46
2899,0,0,0,0
829,311,264,27,25
960,174,0,50,41
0,430,0,95,0
0,685,0,60,27
2351,0,0,62,35
0,387,0,192,55
0,0,0,48,19
2091,0,672,0,0
0,124,61,0,12
601,271,0,0,21
1040,0,227,0,24
308,0,0,14,0
2123,0,0,187,106
0,0,703,155,95
2042,1115,230,171,0
418,0,28,20,21
0,548,0,167,0
0,0,419,0,0
1920,0,0,426,0
0,0,385,153,0
0,0,26,0,0
2249,1597,0,320,0
2776,0,0,243,133
0,0,479,114,81
0,1406,0,0,113
0,0,0,248,0
0,167,0,0,0
424,88,89,17,3
0,0,0,0,15
2559,0,411,613,202
0,0,0,0,16
1254,690,0,67,18
132,47,0,0,0
171,0,0,0,8
0,0,218,711,95
1117,0,250,47,42
0,486,68,215,0
0,0,528,0,0
0,443,155,157,37
0,611,453,102,26
0,1126,0,0,0
349,0,0,14,13
52,0,0,0,0
942,0,158,78,56
0,347,116,58,0
0,421,218,108,29
0,1103,0,0,0
1647,0,600,0,0
882,0,0,0,0
761,347,94,41,0
0,631,366,81,0
0,0,168,0,28
0,1767,435,135,58
2358,1196,0,0,0
2090,0,0,23,28
0,0,0,5,0
1092,0,272,21,31
0,0,0,753,0
0,2267,395,0,64
0,98,46,0,0
0,0,600,102,39
0,92,35,0,0
0,0,206,119,39
2150,0,0,0,153
81,0,0,0,4
0,0,639,0,0
862,394,75,0,10
264,35,60,13,0
2605,0,0,283,0
0,616,0,0,0
451,408,64,53,0
0,0,191,0,12
0,1386,0,300,0
2458,0,0,0,61
0,0,0,0,19
0,0,113,0,9
0,249,0,89,50
280,91,0,14,3
2467,1597,0,0,134
1664,0,0,0,38
0,153,0,0,3
2321,0,0,0,0
0,0,41,31,0
1331,0,139,206,0
0,517,0,0,51
0,0,121,193,93
156,0,0,8,4
0,0,0,45,0
0,1500,387,0,82
0,334,246,0,0
1552,0,0,11,0
0,0,0,47,56
57,0,15,2,2
1322,0,0,0,56
0,0,452,122,33
0,271,225,52,0
2439,931,0,352,0
0,273,161,0,40
0,0,0,8,5
0,0,0,104,0
861,381,0,0,31
0,0,0,0,10
0,738,0,439,0
2147,0,0,240,76
0,0,566,155,49
744,286,95,0,0
0,0,0,64,0
0,76,83,0,7
0,0,54,7,4
0,874,139,0,0
2403,0,557,127,0
167,0,0,7,0
0,0,0,63,74
2697,1435,424,421,0
1463,431,0,54,44
1566,0,0,0,0
0,0,822,203,88
0,0,115,432,0
1890,938,0,0,0
1210,605,276,87,0
374,171,0,0,0
2020,988,0,282,120
1333,507,0,41,0
937,0,0,24,0
0,0,133,76,0
0,1527,0,0,88
1612,680,156,155,0
2126,1262,0,0,100
2638,0,367,261,54
0,1137,0,503,168
0,0,434,0,0
1984,957,0,0,0
0,0,530,172,50
0,171,27,38,10
2871,1086,0,635,167
0,0,0,23,15
0,0,0,109,69
0,0,76,71,29
0,0,0,5,2
1534,180,0,87,0
414,0,0,0,0
0,0,44,60,20
0,0,494,0,36
0,587,143,118,57
0,1002,231,267,58
0,0,408,0,0
3311,2868,0,0,0
2897,1110,832,0,66
405,220,0,26,16
1812,461,0,0,27
477,0,0,55,13
0,0,0,123,0
0,0,213,0,18
883,365,0,56,31
0,777,250,141,34
2307,1093,0,86,103
177,47,0,5,0
0,121,0,0,0
91,0,13,0,4
352,178,62,0,7
0,1047,0,232,0
0,0,26,63,0
1137,320,0,98,0
1068,558,151,89,0
1082,371,0,98,0
189,0,0,0,0
0,300,0,41,0
2077,822,0,75,46
0,0,0,43,0
0,0,718,0,63
0,1162,306,0,0
1193,396,0,79,0
0,466,0,96,47
0,856,0,160,0
0,0,19,35,17
1154,136,257,42,39
2716,0,629,0,137
0,112,190,29,23
0,38,53,0,0
0,0,0,9,17
0,319,0,0,0
0,522,496,0,40
3126,0,853,0,0
0,927,0,0,0
2096,1074,397,0,102
3093,0,0,415,0
0,1259,0,159,0
0,0,46,0,6
0,0,32,0,2
2152,1207,302,0,53
72,0,0,7,5
0,467,335,0,0
0,1448,302,0,0
0,187,153,21,15
1295,568,0,128,0
0,0,86,0,0
0,146,0,0,23
0,413,0,0,33
1108,0,0,0,0
934,0,0,0,0
0,248,0,35,12
0,32,0,0,0
0,777,0,124,46
1303,642,179,103,0
0,926,295,143,72
0,452,102,199,46
1879,722,417,97,42
99,49,15,4,3
0,1162,0,0,0
2470,1155,206,0,0
1696,1055,0,182,0
0,735,385,85,0
1605,0,207,186,0
335,0,31,0,8
0,117,53,17,3
0,0,0,1,3
0,230,377,0,0
0,0,0,21,14
0,516,0,0,0
0,210,110,62,14
0,811,568,98,44
2269,0,0,0,91
0,0,141,146,42
0,26,12,6,2
2414,1012,462,89,0
208,46,0,0,0
543,198,0,0,0
0,0,0,0,7
0,254,152,0,0
2714,1515,445,0,0
967,583,0,0,23
0,0,143,82,0
0,0,0,223,98
0,0,0,0,53
0,0,0,9,0
0,0,0,0,78
0,10,13,1,1
0,327,100,0,9
2126,0,630,0,65
2404,1232,322,0,75
1105,308,0,53,23
0,0,0,0,36
0,0,0,84,21
329,0,0,0,22
0,0,0,5,1
0,527,0,208,89
587,0,0,0,15
0,720,0,0,70
266,0,0,19,16
0,0,407,124,53
0,0,350,0,0
2273,0,0,0,32
0,0,531,89,0
1560,434,511,37,0
1611,0,0,108,0
1424,857,173,95,49
3104,0,905,244,0
0,0,0,0,35
2196,0,582,93,40
791,272,0,0,0
168,0,50,8,0
0,0,0,123,48
0,0,137,0,57
0,0,332,793,214
1383,0,188,0,0
0,0,0,32,0
0,241,0,153,33
2085,0,271,111,58
2772,0,271,0,0
2359,0,481,227,0
1004,429,119,76,0
0,1159,426,0,117
1096,0,128,104,50
0,0,18,14,3
0,0,21,0,3
0,983,0,0,0
0,397,0,16,0
0,0,176,0,0
2467,902,502,0,0
3154,1401,286,734,0
2586,1197,0,340,0
0,1098,459,444,0
0,0,51,35,0
0,13,0,0,1
0,1320,0,0,0
0,0,0,0,106
389,0,56,43,6
1885,0,389,169,0
1690,828,0,0,0
0,10,19,0,0
1077,0,0,21,0
0,0,99,0,0
1841,0,172,351,98
0,0,290,100,36
0,0,0,16,9
354,171,59,0,20
2373,1051,0,0,0
162,55,0,11,0
563,136,75,0,19
171,64,13,15,0
897,283,75,141,50
0,837,114,0,0
2432,1123,0,0,0
0,1094,420,0,124
0,1730,0,308,0
1637,0,112,0,0
0,730,235,0,0
1267,110,0,22,11
381,135,76,0,9
0,632,476,0,42
29,8,0,2,0
1585,0,244,0,46
0,636,0,0,47
725,0,152,50,16
0,1635,188,0,71
0,0,0,143,0
0,0,0,0,88
0,0,0,266,0
2496,0,286,0,75
0,0,41,0,21
0,1622,0,0,0
499,202,0,0,11
1718,0,231,0,0
1659,0,257,150,0
984,0,185,0,22
0,0,0,0,16
555,238,0,54,0
1365,86,317,62,43
1489,0,0,132,50
2700,0,243,0,0
0,0,110,11,0
2309,0,0,133,0
0,0,0,0,127
65,31,0,0,0
136,41,0,0,0
1968,729,0,0,35
209,51,0,5,0
0,0,0,0,3
0,0,202,544,74
0,0,116,57,36
17,10,1,0,1
0,394,0,102,0
885,411,101,148,35
0,0,372,22,0
0,211,0,0,0
0,859,0,94,35
2623,0,0,0,148
690,214,247,50,13
2010,927,226,0,0
552,0,43,68,0
0,0,0,0,86
1622,725,0,0,79
2075,1115,405,196,80
1062,0,155,62,0
0,950,0,173,0
0,0,0,2,3
1573,0,0,148,38
1671,976,0,278,95
0,839,0,0,0
0,0,279,137,0
1248,0,0,0,0
0,423,0,70,31
0,0,0,0,51
0,640,754,0,0
2860,1511,342,548,0
0,1181,0,0,0
1122,0,113,0,60
888,0,64,0,23
2728,0,0,0,0
0,0,103,0,69
2558,1429,173,0,0
836,0,97,105,51
0,0,489,163,0
1656,0,0,0,0
0,0,275,118,0
2183,0,0,0,44
0,0,0,0,174
29,0,10,0,0
0,84,0,0,5
2218,0,192,220,0
0,32,0,0,0
781,168,0,0,40
0,987,154,221,53
1065,339,0,0,90
1585,672,159,323,0
0,0,0,3,0
2335,1000,193,0,104
0,72,35,0,26
2647,2121,482,0,70
356,96,53,0,8
0,0,313,780,133
0,56,0,0,6
1708,378,0,45,0
379,0,60,0,20
1602,0,0,91,59
579,233,0,34,0
0,0,56,15,0
2173,1335,0,221,0
685,0,0,31,0
0,221,188,0,0
0,130,0,0,8
0,0,268,0,151
2112,0,0,0,70
2825,0,0,0,0
334,0,0,16,0
0,0,0,27,0
0,0,0,58,0
516,0,0,19,13
0,595,103,0,34
496,163,0,0,0
0,1320,349,0,129
1595,0,0,176,0
0,743,401,0,54
650,304,192,0,28
0,0,181,245,78
429,234,0,0,0
0,0,46,33,0
1382,631,0,356,0
923,423,109,0,0
0,0,0,0,67
0,739,0,91,42
1344,627,220,73,0
0,0,286,0,103
0,0,0,0,62
623,285,0,0,31
0,31,0,0,0
0,677,0,43,0
0,1720,0,0,180
0,0,0,0,110
2118,0,0,0,76
0,351,0,33,0
0,0,481,169,0
2636,783,843,80,0
1597,0,181,0,45
0,0,0,0,53
1841,0,0,0,0
290,0,32,0,0
622,0,0,0,0
1677,0,265,67,0
0,0,174,15,0
0,0,113,0,0
2064,0,426,110,42
595,0,124,0,21
604,208,63,0,22
0,0,158,0,72
151,0,0,43,6
0,0,0,279,0
2901,1613,336,0,0
0,652,0,216,0
1996,0,0,0,0
0,0,259,39,0
2584,0,0,0,102
827,293,129,89,0
0,0,59,19,14
313,170,0,14,0
0,0,350,44,0
1559,0,168,122,52
0,338,64,40,0
0,302,100,154,0
1539,0,0,180,0
1841,0,279,0,45
319,233,0,0,0
0,39,23,4,0
318,88,81,15,0
1736,567,0,0,61
0,1223,219,411,0
0,0,518,256,83
0,0,0,185,0
515,0,0,56,0
362,108,25,49,0
0,415,355,69,0
0,0,436,0,35
1961,0,0,0,0
2942,0,0,0,79
545,0,111,24,12
0,490,729,0,87
2628,1656,0,0,0
200,38,0,0,5
2371,1192,0,176,0
749,201,0,0,0
739,241,99,44,42
1284,0,0,99,42
0,0,129,27,0
1758,669,256,138,0
0,0,0,35,0
0,0,0,0,4
2113,0,0,0,45
0,0,98,47,0
0,1217,229,0,132
3294,1789,0,0,0
3274,0,683,355,55
0,468,0,0,26
0,634,285,104,0
367,116,0,0,0
0,0,0,136,0
735,0,280,0,0
273,107,0,17,2
1641,564,318,0,22
1149,0,82,217,0
0,161,38,0,0
3457,1196,764,0,69
3060,1205,0,0,0
0,0,339,0,0
118,31,0,0,1
2242,1104,0,56,52
2713,0,871,108,0
0,0,0,63,15
1982,0,0,204,0
0,0,485,0,0
0,773,212,452,0
405,106,44,54,0
0,0,0,323,166
372,0,78,0,0
0,0,0,495,0
0,0,90,29,0
810,246,0,0,0
0,216,0,0,0
826,0,0,36,0
1901,1164,433,0,0
0,0,0,653,98
2526,1256,297,640,97
2841,0,688,158,0
2966,0,0,0,0
0,655,303,85,0
610,186,55,106,25
645,0,40,0,25
0,0,33,51,0
189,55,23,31,5
0,297,114,23,11
2802,1494,555,0,0
0,522,0,0,0
409,0,0,0,0
1228,479,325,0,23
0,0,126,0,23
0,197,50,0,0
1833,0,0,182,0
0,370,0,39,0
0,0,323,135,85
0,0,193,0,0
2271,1114,373,354,0
457,162,0,0,12
43,26,11,0,0
477,0,0,0,17
1083,0,0,0,44
1393,582,190,0,24
0,870,337,0,56
1665,0,0,38,40
1283,0,0,0,0
0,387,84,0,0
0,0,256,68,0
2492,0,0,69,0
236,75,18,33,0
418,0,85,11,0
3023,0,0,0,0
0,0,411,316,86
0,0,227,156,0
1053,271,0,294,0
59,0,8,0,0
0,0,0,1,2
848,168,0,35,17
0,0,80,12,9
1194,274,0,25,0
115,34,35,4,3
1472,0,332,0,23
2998,0,809,0,113
0,0,0,0,67
1625,0,221,161,77
0,339,518,61,20
0,0,0,0,130
597,0,60,127,35
0,405,115,94,38
0,0,318,0,0
0,0,112,126,0
2192,1022,394,0,0
0,0,0,0,62
3166,1679,0,0,93
982,300,0,52,31
0,153,0,17,16
2806,0,743,0,122
0,197,138,0,0
1496,0,397,0,0
1432,0,553,51,24
200,76,31,0,8
929,0,74,0,44
0,0,137,45,0
0,57,0,0,7
2243,0,794,217,71
0,0,35,49,10
1029,0,298,37,29
0,0,30,49,0
0,0,173,0,13
0,0,308,0,45
2841,0,324,173,96
740,0,168,19,0
0,0,135,0,0
0,0,0,0,39
82,0,0,0,3
0,633,0,346,54
1988,612,0,221,81
447,0,109,31,20
0,540,265,28,0
169,0,0,5,0
2527,832,0,0,96
530,0,93,0,20
0,0,270,0,0
2226,722,210,0,0
0,0,0,3,1
717,234,135,44,52
2814,0,362,0,132
0,0,77,0,4
0,141,0,15,14
0,723,236,0,0
894,0,232,21,25
0,0,259,0,24
2662,0,0,0,0
0,0,70,3,15
0,1115,558,52,40
0,0,932,0,34
249,0,0,9,0
1332,0,0,192,52
0,0,0,0,34
0,0,0,27,0
414,162,0,0,0
0,1133,410,170,92
0,375,1201,230,47
37,0,0,1,0
0,1232,554,0,0
0,0,151,173,0
1053,0,306,0,41
0,0,76,67,0
0,0,190,0,58
847,349,0,0,0
0,0,10,9,0
0,0,106,0,0
2325,0,0,0,0
0,114,0,0,0
0,139,38,84,9
265,0,0,0,4
0,0,836,0,0
1027,0,0,24,0
1124,205,0,18,0
0,1124,0,0,75
0,0,68,34,15
0,167,0,19,0
178,37,29,4,0
0,0,0,49,0
0,136,0,0,0
2528,0,0,0,0
0,0,0,0,20
0,412,103,0,0
1181,412,144,116,0
320,0,40,0,11
1763,640,224,278,99
0,0,346,0,0
0,117,0,0,13
1134,0,301,0,38
409,0,0,0,10
1178,486,0,78,24
0,423,85,48,36
258,75,0,10,0
0,0,54,95,0
1558,547,0,0,27
685,0,0,0,0
1300,657,0,43,0
0,0,0,0,25
2051,1009,0,218,0
0,118,83,0,6
205,51,21,0,0
0,588,244,0,0
0,408,0,45,0
0,45,39,0,0
1142,0,0,28,33
0,97,0,0,0
399,0,68,0,12
307,65,0,4,12
1755,0,0,193,0
0,414,0,128,0
63,0,0,0,2
1570,592,191,0,79
1234,725,80,0,30
1250,530,342,66,47
0,0,155,0,0
0,0,0,0,44
0,924,507,0,0
1705,1289,0,0,0
1279,401,0,25,27
0,0,0,56,22
1765,0,370,0,0
0,230,350,0,46
1410,553,146,0,81
695,223,161,17,0
0,0,113,0,0
1231,277,0,0,0
0,628,241,0,0
0,0,71,16,0
780,0,0,0,0
1374,0,0,0,0
815,200,102,172,0
1135,319,361,33,26
0,82,42,58,24
0,1311,605,148,0
311,59,0,0,9
494,0,90,25,12
1625,0,144,0,0
0,0,256,0,67
3126,0,476,322,110
185,66,0,0,2
1309,0,0,0,44
0,252,99,33,0
1611,0,104,0,0
495,167,134,19,8
0,0,696,0,0
22,0,0,0,0
2127,743,0,64,0
0,583,0,141,24
682,0,88,0,35
459,0,136,5,0
1309,487,0,0,32
1406,629,387,0,0
2042,557,337,270,85
2775,1083,0,0,81
71,13,13,6,0
0,501,159,75,0
0,1989,267,328,144
0,0,181,118,0
0,0,39,59,23
868,432,130,124,0
0,1006,0,0,0
32,3,0,0,4
0,229,0,0,0
597,180,0,89,0
0,0,390,0,0
502,0,0,0,0
3163,2344,0,0,36
0,317,61,139,39
1712,654,222,81,0
0,0,248,68,29
0,0,0,624,140
0,1524,349,0,109
0,253,0,61,0
2432,990,0,703,0
0,0,276,106,52
114,37,0,0,0
1797,594,0,113,54
1079,478,94,110,0
0,0,0,0,17
0,579,0,0,36
74,0,0,0,3
0,676,0,0,0
1238,0,99,0,62
0,0,94,39,21
1000,0,0,42,10
2337,0,0,0,0
0,0,184,39,0
2060,745,0,0,0
209,62,52,7,0
0,0,0,0,170
0,0,109,0,0
0,0,82,0,0
273,0,76,9,0
0,0,170,0,0
1948,772,494,93,67
2107,0,585,92,0
149,0,0,5,0
2291,787,0,0,0
0,657,0,121,0
1615,0,242,102,42
0,0,288,0,0
961,235,90,79,0
0,243,0,50,19
1802,461,0,498,0
0,0,124,0,0
638,162,0,31,19
1108,0,160,73,41
1359,690,0,82,35
2989,0,0,0,0
0,0,0,49,21
135,35,0,3,0
2225,0,0,0,83
333,0,42,11,10
0,0,0,79,0
0,721,333,0,0
1619,0,0,0,0
0,27,0,0,0
0,1345,0,237,87
2397,944,227,0,132
830,0,128,95,44
2125,800,0,63,61
0,256,0,0,0
0,498,0,323,48
0,0,0,0,93
1995,950,0,208,94
0,309,223,21,19
1059,0,0,0,38
441,135,84,0,0
0,0,148,86,35
0,0,0,0,7
2430,731,275,403,141
890,254,0,71,21
0,1027,226,0,0
245,63,0,0,18
0,0,0,32,0
0,0,0,12,0
1150,483,272,0,0
177,0,0,0,6
570,162,0,51,22
0,0,0,5,0
2754,1424,0,0,0
0,645,0,283,67
0,1714,981,422,96
183,0,0,0,7
607,244,44,81,0
0,675,0,116,0
0,0,0,0,6
0,895,0,0,0
0,0,0,0,59
0,0,0,140,0
893,172,186,54,0
1502,0,378,0,0
0,0,0,90,0
0,96,75,0,0
1601,858,242,0,0
76,0,25,4,3
217,0,0,0,0
0,0,268,0,20
0,1178,632,87,0
0,0,863,0,0
0,687,0,75,45
0,198,0,14,29
272,79,0,29,0
0,0,164,205,45
0,0,230,0,56
1179,513,0,38,28
1880,917,348,0,66
0,0,0,5,0
1922,0,0,0,39
0,606,213,0,56
0,0,232,0,82
0,357,85,113,14
900,0,0,0,0
3406,1794,0,0,0
0,0,546,0,90
1117,0,162,0,0
1197,710,163,170,0
980,366,0,0,38
2350,769,295,323,0
0,138,0,12,0
100,0,0,0,1
616,0,208,47,0
0,0,514,0,37
2351,0,284,163,0
471,173,0,75,22
0,154,0,72,0
516,102,0,0,11
0,236,0,104,0
0,0,0,58,27
1327,365,0,52,0
87,29,0,0,0
544,259,160,20,0
1373,325,0,105,0
0,664,461,86,52
0,0,0,125,0
2258,839,491,0,127
0,0,101,87,0
0,130,0,0,9
3485,0,0,454,0
3226,0,578,0,76
1789,0,226,0,0
222,53,59,8,0
0,0,0,0,27
35,0,7,5,0
89,0,18,7,9
0,0,350,278,131
644,0,0,22,19
546,48,145,0,0
0,706,607,0,56
0,0,0,0,34
724,0,0,0,0
0,458,0,0,0
1478,647,0,0,0
0,913,0,136,44
0,0,0,73,0
851,0,0,50,45
947,248,225,36,0
0,78,0,0,12
840,297,0,24,0
353,0,0,0,0
2684,0,0,0,68
2066,0,254,0,103
0,0,0,0,19
0,0,241,0,0
2510,861,557,78,0
0,1603,271,0,102
1595,0,0,267,97
1229,204,0,0,0
2197,0,0,0,0
0,129,143,14,0
0,0,398,72,43
0,0,0,117,0
0,0,1139,409,120
0,1381,600,0,0
2041,827,0,0,56
0,338,0,0,0
304,0,56,21,0
0,403,0,0,42
0,0,72,0,0
0,0,0,0,101
1589,575,0,0,69
3119,1033,0,0,86
0,0,230,0,20
0,0,130,0,64
965,0,232,0,27
734,173,183,27,0
0,499,461,0,0
0,0,272,0,0
1373,554,0,0,0
0,0,808,0,0
0,0,34,0,0
0,531,192,82,42
0,1431,735,122,22
0,1260,0,0,0
2353,0,0,0,51
401,80,30,48,0
0,682,0,69,36
0,341,170,234,0
71,0,0,0,4
2825,1199,0,449,96
0,0,55,0,0
0,1022,0,329,51
0,0,0,0,12
583,0,92,19,0
0,358,81,56,0
3100,1375,310,0,88
0,0,0,500,0
956,0,223,0,0
494,0,157,14,18
0,862,384,0,0
2126,991,247,0,0
3050,773,0,0,0
0,0,144,0,0
0,0,0,0,47
1468,0,199,104,71
0,851,134,0,71
865,261,261,0,0
0,0,0,0,34
0,422,475,72,0
0,164,0,11,0
0,255,0,70,0
0,0,0,70,0
0,142,48,0,15
0,1115,0,358,73
2516,0,0,126,0
0,589,285,48,39
189,0,0,0,0
119,0,0,5,0
1203,0,0,0,18
0,0,177,0,0
0,0,0,0,5
61,13,0,0,0
0,0,25,3,0
1594,0,0,0,0
499,0,61,30,0
2193,0,329,288,0
1066,0,0,0,34
1492,527,453,53,0
2926,1424,295,0,0
1173,0,102,169,0
1396,0,0,80,67
0,0,83,0,44
0,0,105,0,0
1051,475,0,0,0
0,0,174,57,31
0,0,488,545,123
0,0,0,77,32
0,296,0,0,39
2272,0,511,0,0
2893,0,0,217,58
2278,1022,0,220,0
1662,0,166,146,0
1178,396,0,0,19
0,0,243,0,0
1785,410,459,71,31
0,275,185,55,0
2541,0,236,0,88
0,136,0,0,0
0,0,0,1,3
0,0,0,281,105
0,0,104,0,0
0,233,0,0,0
0,0,52,0,23
648,0,0,0,0
0,0,183,127,0
0,0,0,0,65
1757,937,233,153,41
0,342,0,41,0
360,80,0,17,4
2671,721,0,123,106
0,780,0,137,117
0,0,644,142,65
0,721,0,0,85
71,6,6,11,0
471,223,81,35,12
712,176,0,17,8
0,0,0,0,11
0,158,70,0,19
2215,0,0,0,0
0,258,283,0,0
0,0,425,360,147
346,141,73,16,0
0,70,0,48,0
0,292,183,25,0
338,74,80,0,4
1275,594,0,0,47
2121,0,714,0,41
0,73,0,0,3
0,403,163,0,0
0,0,0,308,0
956,393,0,63,0
374,0,0,0,0
0,0,0,0,77
1245,0,0,89,0
2825,1609,0,275,0
0,558,161,131,53
2910,1329,0,225,0
3361,2478,0,521,0
1062,464,299,30,0
0,0,0,0,25
3340,0,0,0,103
2604,1054,552,0,102
0,0,223,610,0
0,0,406,115,29
1232,0,78,151,42
0,0,182,73,0
0,229,0,32,0
0,0,0,674,0
343,0,0,19,7
2796,1489,333,826,0
3089,2151,728,0,58
0,192,0,101,33
0,1510,0,0,83
228,0,0,13,6
0,0,0,0,29
0,0,0,0,5
1442,451,0,0,39
0,550,0,0,44
1983,0,0,0,30
753,203,0,29,19
0,1366,0,0,0
0,0,14,0,10
1122,0,133,211,49
0,0,20,3,1
0,1165,333,0,70
2780,1209,547,0,0
0,0,111,62,34
0,0,0,168,0
1392,0,312,24,22
2219,0,247,228,0
0,506,249,0,59
0,457,0,191,0
2064,0,0,346,0
0,0,214,317,0
0,78,25,24,0
0,1549,867,221,0
271,93,0,2,6
0,2430,439,413,0
0,668,0,387,0
0,221,0,185,72
0,0,203,25,0
538,243,0,0,0
1529,603,244,111,46
0,325,460,0,0
1090,0,0,0,44
2832,1093,267,0,118
1879,0,218,0,0
0,45,21,5,4
1208,572,0,51,0
0,67,38,6,1
1626,0,0,0,0
0,1327,0,0,100
0,1388,0,0,0
1301,355,101,0,0
449,0,0,0,18
2176,754,588,79,41
0,0,0,0,10
0,61,0,0,0
0,0,342,0,0
0,286,229,0,27
2331,0,0,0,0
0,494,0,0,37
1135,0,297,79,0
2329,963,0,0,57
0,0,0,94,23
1937,801,0,0,48
0,31,0,0,3
0,0,0,227,51
0,58,54,0,7
2036,1416,0,0,63
0,85,0,17,0
0,85,22,0,0
0,0,54,0,0
385,153,120,28,9
900,479,98,55,0
0,0,0,29,0
0,0,377,0,43
0,660,0,0,48
2640,0,518,0,0
0,0,629,0,70
190,0,21,15,0
2649,1350,0,122,0
103,0,26,0,2
2907,744,0,0,0
0,0,0,290,54
1773,0,509,0,0
0,0,583,171,63
0,0,100,0,32
0,0,92,0,7
0,52,57,17,0
299,0,0,35,9
1172,140,0,25,0
2724,0,849,45,40
0,725,0,317,0
894,158,270,26,0
2768,0,0,0,0
0,0,9,12,0
199,0,23,0,0
0,0,553,0,0
0,38,22,0,0
0,0,0,0,7
0,0,423,50,0
0,14,0,0,5
463,76,0,26,9
0,919,353,0,0
498,0,0,63,0
0,0,69,0,0
0,0,52,0,0
0,0,170,0,0
0,740,0,0,42
3076,0,0,0,0
2315,0,0,0,0
602,229,179,0,30
0,0,36,4,0
0,1209,594,129,25
389,149,93,0,4
874,0,83,144,38
698,188,125,18,0
0,571,283,93,0
0,470,258,0,0
0,0,0,145,0
1188,0,0,0,29
437,0,89,14,7
0,588,168,0,0
0,847,525,106,60
0,340,0,20,0
0,0,0,0,34
2564,0,0,252,65
1081,0,129,0,49
295,105,0,4,0
0,0,74,0,23
0,27,0,0,0
2205,348,0,0,88
0,68,61,9,0
854,0,0,0,0
1554,0,0,58,0
1234,363,0,0,28
0,0,0,3,0
1044,321,270,28,32
2082,0,0,0,52
1783,0,134,0,50
0,757,173,348,69
0,175,0,0,20
931,361,0,117,21
0,0,55,0,0
0,0,55,0,0
111,42,0,0,2
0,0,0,32,0
2074,0,0,270,71
0,0,0,18,0
2336,784,270,114,37
0,1139,214,0,0
0,14,0,0,0
0,0,0,0,114
0,0,0,197,66
0,0,0,37,0
0,0,490,64,0
0,995,0,0,0
0,0,133,0,44
0,0,0,105,0
2859,1401,453,0,0
231,0,28,0,0
614,189,0,0,0
0,294,0,0,15
0,356,0,198,62
0,80,74,0,12
0,0,0,2,0
1309,702,145,0,51
1216,555,288,0,18
677,142,142,0,7
0,0,0,0,22
579,89,128,0,0
0,0,0,20,10
2903,1765,370,0,88
1980,0,221,0,58
0,29,0,2,0
0,0,490,91,62
0,0,406,66,0
0,0,0,47,0
2505,0,195,725,0
54,0,0,0,0
2834,0,0,329,0
0,1181,359,0,0
1695,0,0,0,0
0,0,130,0,0
0,143,0,15,14
2168,0,0,164,0
0,0,0,409,82
0,388,118,203,0
2256,0,0,170,0
0,0,541,0,0
0,0,89,0,0
0,333,0,0,17
0,140,0,21,7
1280,328,400,0,0
2651,0,512,143,0
1087,0,0,112,0
2072,494,0,0,59
1068,0,0,0,25
0,0,611,0,0
1730,855,0,166,49
115,0,17,0,0
0,723,436,158,0
0,0,208,0,0
0,0,69,0,28
906,356,283,0,29
783,0,0,37,0
0,70,26,17,10
0,0,0,0,11
0,324,66,39,21
0,53,45,0,0
2469,1343,468,66,0
0,0,318,107,78
0,0,0,305,60
859,510,70,0,0
363,134,0,0,0
0,248,91,0,0
107,34,31,2,0
0,0,0,43,0
241,0,32,18,0
0,0,105,51,0
0,122,0,14,10
681,0,0,0,8
749,384,215,0,28
1808,0,155,158,0
1759,852,143,0,0
0,0,0,112,27
1732,0,0,0,0
395,122,0,0,0
0,0,0,108,33
739,0,0,0,23
0,667,0,0,103
0,768,268,62,0
0,0,17,2,0
2751,1970,563,221,0
1796,755,189,0,0
0,0,225,0,0
183,0,0,0,0
331,0,0,11,0
0,0,0,0,1
39,10,0,2,1
1759,838,0,0,34
0,96,102,22,9
0,0,72,0,0
1590,0,200,112,0
0,1430,0,0,0
181,0,40,7,0
1757,571,0,0,54
884,323,88,0,0
0,2161,533,0,88
1181,410,0,72,28
798,132,345,0,0
2586,0,0,200,0
1265,476,224,0,62
0,0,458,58,39
396,100,118,17,0
0,0,425,0,0
0,321,140,85,31
0,0,60,70,0
2256,0,695,0,0
0,1091,0,149,0
2157,0,182,288,0
686,0,0,0,19
0,0,173,0,54
0,187,94,0,0
2940,1528,794,0,46
0,110,36,0,0
138,0,32,3,3
0,27,27,0,3
81,28,0,11,0
1549,475,160,43,29
0,0,40,4,3
0,0,0,0,66
0,0,0,0,54
1015,382,0,145,28
0,189,118,0,0
0,0,28,0,0
2880,1268,0,782,188
0,0,0,7,0
0,1511,430,260,0
0,0,0,5,0
2562,1098,329,215,0
0,0,121,0,5
0,305,160,33,22
0,0,0,36,27
1013,0,0,0,29
442,101,0,0,0
483,0,0,32,14
0,0,0,30,12
711,0,54,111,0
861,0,224,0,30
0,0,73,151,0
784,298,122,34,0
69,28,10,0,2
713,0,0,0,0
0,66,50,13,5
0,188,0,58,39
0,0,47,0,0
1994,1191,442,0,0
0,219,250,9,0
0,0,33,0,0
1868,738,365,0,34
295,42,67,0,4
0,217,0,0,0
557,103,0,0,0
0,0,0,0,31
0,659,0,97,58
894,0,0,0,0
1260,441,0,133,44
0,0,23,2,0
155,0,0,0,0
0,178,56,0,0
0,566,331,0,43
0,823,0,0,49
0,0,204,117,0
755,370,0,0,29
0,319,0,54,24
191,51,0,45,9
0,0,73,108,30
2422,1232,417,147,95
1469,766,363,0,0
310,185,25,0,0
0,0,0,0,54
0,0,252,229,0
0,0,0,0,2
0,162,144,11,0
0,355,270,0,0
0,159,0,0,0
551,194,186,16,14
0,0,0,2,0
362,0,56,6,0
348,0,77,0,10
2070,1113,785,0,81
2331,1260,0,365,104
0,486,0,0,0
999,511,214,38,13
1757,0,0,0,68
0,0,0,0,23
1139,354,0,12,38
1127,227,246,110,44
0,0,0,51,15
0,477,104,0,0
454,130,81,30,0
1640,0,0,0,0
0,0,0,134,0
1002,271,0,27,0
866,215,0,38,0
1192,570,0,231,0
262,0,81,0,9
69,0,20,1,0
0,826,0,0,49
882,208,153,22,0
221,0,58,0,0
568,205,0,0,0
2386,0,300,0,0
0,159,0,0,0
186,70,0,4,0
135,40,0,0,0
0,0,106,0,0
0,0,0,59,0
0,0,0,38,0
1554,0,282,111,31
851,328,230,45,37
0,311,120,0,0
0,990,235,124,0
2134,0,0,115,0
0,412,333,0,0
0,82,0,0,2
1353,0,0,94,0
1087,0,0,55,25
328,125,0,21,0
0,16,51,0,5
2170,0,245,0,0
1967,0,888,0,74
1560,0,0,0,0
0,0,9,0,2
0,5,17,7,2
0,0,0,0,123
142,42,14,0,3
350,44,60,14,0
2325,0,0,0,81
0,0,266,0,56
803,0,0,16,0
0,60,0,0,0
0,104,0,0,12
0,0,293,146,0
290,0,0,0,0
320,63,0,0,11
431,129,0,8,0
0,0,409,0,32
1364,729,174,0,0
0,1298,0,0,105
301,0,0,9,0
0,0,0,93,45
0,33,26,0,4
0,0,132,61,0
0,1074,184,0,0
809,0,238,0,25
0,672,207,0,0
196,58,0,8,3
0,0,197,0,0
0,687,0,0,0
499,188,95,23,0
0,275,0,0,28
0,0,161,0,67
0,957,0,0,0
0,0,155,32,15
1092,467,0,0,0
0,0,0,0,65
2076,0,0,181,0
2435,0,563,213,0
2861,0,428,607,0
86,29,0,0,0
0,125,48,29,13
1727,529,263,77,37
0,0,372,112,122
1149,541,0,38,0
0,610,438,96,0
847,0,216,0,23
0,362,306,38,24
0,0,496,0,82
186,0,0,0,3
0,0,0,0,19
0,1107,475,191,0
0,166,74,0,0
0,1042,0,118,53
1557,645,140,233,0
2468,925,192,377,69
0,0,284,0,61
1662,480,0,59,0
0,68,0,0,0
0,1256,213,0,0
0,536,0,224,0
0,529,541,38,41
0,0,282,70,46
494,177,0,65,22
0,717,326,0,0
3122,2593,0,0,103
1503,0,0,0,0
2312,910,0,98,0
1109,352,0,0,0
1970,859,424,0,59
2531,0,437,209,95
1550,0,0,293,0
434,0,155,7,8
279,99,0,21,0
0,96,28,0,0
0,0,0,152,102
869,273,78,50,0
0,0,194,0,0
0,0,175,0,0
754,0,0,35,34
0,0,310,0,0
1859,814,632,0,0
0,696,0,54,0
0,487,142,268,0
85,0,0,2,2
1312,0,219,95,0
0,0,0,0,26
0,0,110,0,0
0,0,963,341,59
0,791,497,124,0
0,0,0,31,26
488,0,0,9,0
476,201,48,0,14
1800,0,0,88,72
167,0,32,0,0
0,18,8,0,1
0,1134,0,0,36
0,0,626,43,50
0,0,0,15,0
2638,781,342,704,191
1006,0,129,0,49
0,508,290,0,0
1121,383,0,0,31
0,0,0,0,110
470,104,113,10,0
1416,298,212,0,73
751,0,167,30,0
0,0,59,0,24
0,0,476,182,167
0,315,323,0,0
988,0,171,0,0
1564,567,397,0,0
0,0,0,95,41
0,216,0,39,31
1505,0,0,0,0
0,309,111,51,0
265,89,0,12,15
0,1007,376,0,65
0,145,0,104,19
913,0,178,0,0
647,210,0,36,24
0,0,190,0,148
411,121,35,73,18
617,169,0,0,0
139,54,0,4,0
493,0,0,26,0
1228,0,0,59,0
0,552,452,57,0
1345,0,0,0,34
2730,1628,0,389,0
0,448,282,71,46
2791,0,0,0,0
0,0,319,124,59
555,0,66,46,23
0,0,221,0,84
0,432,454,32,34
1697,0,187,197,0
0,0,3,0,3
0,1055,0,0,122
0,0,0,8,7
0,0,0,223,0
0,512,0,0,0
0,0,0,74,65
0,61,46,0,6
0,90,50,0,0
101,17,26,3,4
0,530,152,0,0
0,0,0,0,53
0,496,224,135,0
0,95,0,0,14
155,0,27,28,4
0,0,0,62,0
0,319,88,0,20
0,57,0,0,0
1991,491,0,0,0
0,0,73,0,0
705,0,0,37,19
1487,472,0,100,34
0,304,0,18,0
0,70,0,0,0
1863,1161,247,184,62
0,0,0,0,9
0,0,0,0,37
2219,0,0,0,0
1262,531,0,157,0
0,0,174,83,0
0,320,0,32,0
0,0,0,94,0
0,0,0,112,26
572,0,0,0,0
1791,0,362,0,50
0,0,0,329,0
0,572,0,0,0
2253,939,332,138,58
343,0,0,8,0
0,2376,501,0,139
0,0,138,118,0
260,0,0,0,0
0,0,0,0,5
0,0,0,0,14
0,178,121,12,14
1096,562,0,0,0
101,0,15,0,3
573,156,0,108,31
0,0,253,0,58
0,842,602,0,16
0,514,0,58,0
0,137,47,60,12
0,0,0,265,147
0,0,0,0,13
1499,476,120,174,0
225,0,46,7,12
0,543,0,0,0
0,1446,310,0,0
698,0,85,108,0
870,314,232,0,21
992,0,273,0,36
137,60,0,0,3
2323,766,0,658,162
0,480,0,0,0
0,0,0,0,9
0,0,0,502,88
459,0,125,0,0
0,204,0,60,24
0,0,0,509,91
2666,0,0,0,60
885,472,115,0,0
0,0,0,39,0
2152,762,0,0,81
0,1689,0,0,0
2232,0,403,117,0
0,1102,0,135,0
1773,0,451,0,60
122,25,31,3,2
482,0,0,0,0
0,413,0,0,0
0,780,178,0,0
808,303,99,0,20
1482,783,0,90,24
894,322,0,0,0
0,186,0,0,0
222,0,20,11,13
1743,753,0,0,0
2638,0,0,0,0
0,2099,0,157,0
0,387,0,0,0
2409,0,1116,89,0
366,0,0,0,6
1046,408,99,155,40
0,676,0,0,0
0,517,157,0,82
2101,0,0,84,46
0,638,214,0,0
2374,0,307,141,71
1424,752,0,0,35
545,168,0,0,0
0,0,440,0,0
0,0,0,71,13
2271,0,519,80,0
0,0,0,70,0
2495,0,259,0,77
0,744,384,75,53
1823,0,532,187,92
1820,0,152,164,50
0,0,0,160,52
0,1063,492,126,82
483,0,150,20,0
1538,678,360,0,0
0,0,86,20,3
0,0,0,76,40
320,106,31,0,0
0,64,0,5,3
134,0,11,0,11
0,137,0,34,0
74,42,0,6,0
1786,0,598,0,0
0,539,0,140,60
198,79,0,11,0
2336,0,248,96,54
0,0,183,0,0
0,275,0,35,21
575,219,76,41,0
2066,959,759,0,0
0,327,387,31,0
2739,0,308,0,85
2836,0,326,0,0
0,346,292,0,0
486,179,0,0,0
1725,639,0,0,62
