11000 2
3548,2191
0,759
1272,0
0,184
1982,769
0,884
2918,2009
2059,876
986,493
0,1520
1777,714
0,713
1463,551
2813,1150
1862,500
1812,0
0,438
2501,1351
0,717
2207,0
3100,0
0,845
0,229
0,1668
0,733
1642,0
913,388
0,303
436,0
499,146
3352,0
989,247
0,1341
2477,949
167,78
2699,1282
930,281
0,206
2831,799
2059,585
649,278
0,1643
0,106
1674,559
326,101
373,157
0,508
0,296
315,90
0,207
549,132
0,110
1822,899
0,1716
2761,999
223,90
229,0
0,1735
0,186
0,1239
0,1651
0,347
933,0
398,129
0,913
0,426
2287,1130
0,495
1448,592
1876,0
1304,449
1592,0
573,0
985,0
701,231
340,0
0,122
3107,0
3047,1822
980,0
845,216
3292,1785
112,0
2903,2107
1782,0
174,17
812,0
1910,0
2056,0
516,311
0,750
0,496
0,680
0,1250
2922,1652
281,0
0,943
0,239
1178,589
1910,0
1229,684
2339,1134
1773,611
0,747
500,210
1361,684
0,62
0,124
0,9
2477,888
540,186
0,164
2003,1322
2599,944
2860,1018
0,1211
878,0
0,1267
2670,1338
1019,424
2463,807
3227,0
1489,0
0,128
0,328
0,1389
2863,1142
2549,0
0,1583
2958,1437
1405,433
1356,425
790,0
2519,728
0,172
1708,0
967,629
0,588
0,1684
2483,1213
617,173
2513,1269
0,444
0,212
728,0
606,162
449,0
1450,629
2747,0
1376,0
121,30
342,167
2011,1093
3244,0
719,226
0,810
446,122
2239,0
1776,769
3235,0
2521,0
0,865
465,0
252,85
1400,677
0,427
0,27
1175,0
340,0
2787,1048
1991,685
415,0
307,0
0,162
2669,0
1986,815
0,826
0,322
1270,284
0,1686
528,98
1690,0
2869,1681
2427,1044
2691,0
157,69
0,1329
2859,1563
0,1593
401,0
1964,766
0,321
1077,0
1859,614
2289,0
756,0
445,165
175,0
0,90
277,79
2183,0
1469,604
0,475
0,503
1766,0
3204,1675
1183,0
1393,722
0,1630
2280,860
2089,0
2283,759
702,283
0,1573
0,325
618,297
0,1887
0,1525
2148,0
2131,902
0,242
0,96
802,182
2285,0
939,0
1731,887
2171,863
1439,0
0,143
0,501
0,340
0,161
2086,778
797,285
121,80
0,112
0,151
1801,0
0,928
2987,1823
1783,0
353,0
1430,0
2456,0
177,0
0,1342
431,217
792,202
2853,1700
2147,0
1372,571
0,64
0,168
1853,709
101,0
0,380
2177,0
1995,883
889,319
0,1633
0,282
1141,539
2513,1455
2278,0
1898,806
0,48
0,124
1269,370
0,1058
0,468
1030,435
2589,943
0,803
2563,941
2519,769
1755,411
0,152
1016,507
0,1138
339,119
2787,1015
103,45
754,424
0,629
0,418
0,1680
0,347
2577,953
2636,0
0,283
0,174
2129,851
0,173
1668,0
2389,0
2756,0
1472,675
0,672
2419,1124
2843,0
2570,0
2590,0
1125,0
851,0
274,116
1070,0
3122,1353
0,448
2519,0
0,444
905,269
0,175
949,0
0,615
1338,0
0,99
0,100
3220,0
3162,1778
0,420
0,1164
1040,0
0,1129
1131,0
526,0
425,0
0,377
1686,607
1516,0
0,85
223,86
3379,2275
2656,0
704,0
0,1119
0,227
126,61
3184,1935
853,0
1376,359
262,0
68,21
1503,555
3122,0
0,600
0,760
76,19
1586,0
0,56
0,648
0,177
584,172
2709,914
2913,940
0,700
0,633
2516,1757
1758,592
454,72
1203,0
2647,0
1816,0
0,658
2992,0
1731,264
2952,1590
2741,1298
1589,0
2835,1000
1850,0
0,1600
3101,1479
0,274
0,1571
866,300
408,174
411,160
1207,502
0,450
2351,1660
0,521
0,36
2066,757
489,139
1850,0
268,92
259,92
2198,0
1838,726
918,272
1480,689
540,0
0,152
216,0
2332,0
0,335
0,688
2646,1459
2139,914
0,164
651,0
1145,431
737,0
2598,0
0,485
1360,475
153,126
2975,0
2892,1549
2747,0
351,192
0,800
2558,0
364,0
1461,0
0,677
0,744
0,752
1485,0
2390,0
1762,665
93,0
584,0
967,0
882,324
2335,0
3083,1035
0,123
0,1366
853,250
1421,309
0,1448
2373,1604
1909,847
0,2427
0,422
2946,0
2610,0
313,137
174,73
0,64
0,410
1105,720
1589,531
3039,1129
2267,1043
2889,0
0,730
311,139
2995,0
2030,0
650,0
918,0
136,38
782,0
2353,947
2557,0
1482,0
0,240
0,937
2401,796
2184,0
790,0
1943,653
709,188
2055,919
1327,0
1961,0
2913,1443
2435,957
0,71
930,487
2662,866
1224,313
0,1101
2809,1218
0,1641
3167,1787
2274,1037
1898,718
1114,408
0,507
2382,798
136,0
1393,346
260,48
2912,1465
0,619
1870,0
0,818
0,603
1280,370
0,591
0,1065
1083,0
2968,1267
995,213
2960,0
3257,0
3044,0
0,1461
0,903
0,1039
0,292
856,437
214,73
533,0
2795,0
99,31
0,170
3016,2152
0,439
0,1296
1710,0
2482,1139
164,0
0,697
969,241
0,589
0,411
795,0
0,614
0,476
989,510
1224,285
2904,0
0,687
480,250
0,314
0,825
0,85
1516,0
1070,0
3021,1818
0,446
0,288
2410,0
2017,0
1487,647
891,0
596,282
2098,1236
1405,441
0,267
0,681
608,347
1803,796
743,0
0,727
0,95
606,0
2643,1091
1112,486
0,96
875,390
49,21
864,0
0,496
0,913
0,1578
2378,1055
2045,626
0,662
2037,0
0,63
1888,0
1634,530
0,1453
126,39
0,1564
552,159
1451,0
1094,400
342,0
165,81
684,0
700,239
0,361
1772,0
2267,868
1626,617
2688,1790
359,0
0,471
0,310
949,0
0,14
2539,0
1782,0
1165,463
2687,1323
0,1268
174,84
2598,843
215,98
383,155
0,240
0,604
630,207
1283,397
1665,0
2877,0
1639,0
643,0
0,347
1928,0
918,450
0,425
2232,935
0,157
2913,1395
1481,1006
1021,513
1363,0
0,518
0,489
2302,879
2453,1176
2224,1119
0,152
28,0
1745,968
0,1765
1033,0
1059,565
1667,0
1652,467
597,0
0,1400
1386,0
2419,0
1239,435
0,360
2709,1042
1505,0
277,0
2936,1705
3117,2075
480,0
0,325
1513,852
908,0
2595,0
1165,0
2446,1616
0,177
0,326
1849,836
552,0
0,171
0,131
0,131
2531,0
0,1083
3041,0
0,365
2369,1050
2798,1861
2031,1387
2002,589
0,771
0,1690
1492,0
0,116
1222,0
0,663
230,0
0,60
0,86
254,0
0,507
2068,0
1262,0
1958,791
0,748
2656,1533
2084,0
2764,1464
955,397
937,0
49,35
1647,0
1949,0
516,201
119,0
1384,697
0,1280
1391,0
0,717
111,49
333,0
533,0
0,631
289,79
0,1462
1328,0
1449,0
0,773
176,0
1645,0
0,800
0,1158
1051,0
1581,781
1977,894
0,955
0,1116
356,209
1959,582
2256,995
789,0
675,0
0,1698
0,759
2005,1071
551,231
1051,404
0,269
0,835
1548,0
1751,665
0,228
241,0
0,2125
997,0
587,359
2860,640
1535,599
0,444
2398,737
438,0
678,0
171,83
0,54
1342,514
2627,1028
152,0
1505,652
1276,0
0,1248
768,0
2600,1726
368,0
0,1238
0,526
2579,1343
0,224
0,124
1930,762
2481,1495
549,193
0,1509
0,616
986,293
1421,0
158,0
0,8
0,493
1914,1082
2147,920
1085,496
409,174
1623,293
449,0
936,372
2775,1258
1646,686
269,120
1377,0
3024,1898
1979,0
0,871
571,285
285,74
0,743
2256,1088
0,1156
0,56
1149,0
363,0
0,303
1798,396
0,1118
1481,0
130,0
1236,0
2072,0
1525,653
0,416
988,467
2186,0
2556,980
1653,0
1032,386
621,0
937,509
0,1230
2770,1553
0,1435
453,0
0,84
2037,748
2933,1697
0,609
1985,0
334,82
0,874
493,0
220,68
1876,589
0,204
274,106
0,34
1993,863
2203,1623
119,53
102,0
576,0
2405,0
723,370
0,338
0,372
1552,790
2429,1528
955,295
2582,861
0,612
0,271
827,472
2091,637
0,415
85,43
805,372
2857,0
0,693
947,441
1017,345
2553,1304
1382,0
0,1253
1853,0
2163,914
0,1322
2325,0
0,163
3246,1598
1765,0
0,620
2530,0
1966,847
1220,590
2884,1361
0,1285
0,1123
854,123
2851,1746
654,153
2118,973
0,523
1875,0
2411,0
2765,1557
0,1484
0,695
0,1088
1636,0
2476,873
66,26
1213,0
171,0
2119,833
0,1672
0,507
1759,0
626,195
868,306
926,0
0,1542
57,0
0,182
112,30
566,0
2933,0
2119,0
851,269
1802,735
3182,0
0,303
293,91
694,236
1683,676
940,469
873,0
0,475
2416,1178
0,757
0,16
0,1414
2369,0
0,1949
800,364
2778,0
1174,0
406,227
53,0
353,0
0,83
611,0
260,88
1773,646
0,832
0,191
0,1025
2479,1266
818,0
534,88
0,232
107,0
2813,1234
0,1197
1929,723
839,390
1163,299
2268,0
0,153
463,0
1598,775
3638,0
1748,816
0,454
598,196
679,258
2423,1060
911,312
0,1398
643,224
243,0
400,150
0,25
0,492
2473,1064
1080,504
1393,0
1322,571
2319,1219
698,0
2760,0
590,0
2170,958
2238,876
1323,0
739,340
0,177
1551,0
277,121
0,485
1581,0
1996,1009
2940,1612
0,2021
378,0
660,280
0,1436
2522,1173
663,351
1859,822
1222,0
3025,2172
0,495
0,667
2644,0
0,301
2496,733
0,440
0,1097
1264,362
0,664
751,288
866,0
561,0
38,19
523,0
1584,0
809,0
611,209
2910,1144
2961,0
2481,2014
0,681
2780,921
2002,530
2572,0
1249,0
434,0
0,514
1550,756
1282,973
1079,376
86,30
2751,1594
0,642
3157,1903
1219,0
2364,1369
0,63
0,760
0,50
0,79
0,639
0,1191
476,0
131,0
329,102
796,0
2566,1082
1508,0
126,54
0,1006
2538,1002
0,85
2839,0
1583,0
0,840
0,96
1297,0
0,308
310,0
1961,1075
1265,388
1064,0
1757,581
97,28
927,435
2544,640
1264,480
734,0
530,189
2714,1394
1149,0
3207,0
332,0
948,0
659,195
0,685
0,1102
0,752
1595,0
795,0
532,0
2517,1127
0,275
1775,1040
298,78
0,59
2971,1444
2437,1868
0,497
108,56
0,892
684,118
1486,589
1828,0
0,1366
282,0
269,0
1264,334
2696,0
0,1248
2629,0
0,528
2954,0
0,653
576,286
2121,659
0,218
2888,0
0,584
0,570
1171,0
1602,0
0,571
0,179
265,0
809,232
1856,1009
0,843
205,0
2205,852
2361,1421
1338,816
0,395
2081,754
81,40
113,0
91,49
1686,768
0,214
2742,1380
1070,0
1417,0
0,240
2717,0
2058,517
1157,414
2386,902
2779,0
1734,0
2304,0
2171,725
0,1015
0,709
2705,1253
2095,1131
0,556
976,0
212,0
1604,961
2627,0
0,253
1030,331
1835,1253
1779,0
1346,0
0,114
496,0
465,111
0,1319
3095,1324
2462,1406
3390,0
403,0
1594,1076
0,411
1242,609
0,570
1693,610
640,219
1053,391
1269,691
0,1058
1434,0
545,272
0,787
2941,0
0,523
1828,778
3145,1404
323,0
2411,1304
153,80
1337,0
649,202
1917,568
0,357
736,355
2259,895
1763,818
0,370
914,0
0,46
2537,1456
1781,1039
0,417
0,386
0,683
0,264
0,132
216,132
0,544
2617,0
2158,1023
279,92
1703,795
2171,1266
0,456
0,424
452,202
643,281
334,182
309,0
332,156
2288,1172
0,527
125,56
131,58
831,0
571,183
1233,0
0,221
572,0
2753,0
0,1074
0,1408
2560,0
0,843
1998,538
586,0
578,172
1753,553
0,375
2764,0
161,0
1139,0
2027,0
0,1338
2641,0
2338,0
0,589
0,358
0,771
2425,911
273,122
0,746
0,670
0,1643
0,1561
1658,0
3143,0
1222,362
2864,1131
0,86
180,0
0,1277
287,0
1816,0
0,180
0,698
1389,492
502,206
869,244
2035,739
2955,1745
0,1004
125,56
0,903
522,203
0,700
0,688
1589,0
1016,0
2815,1286
361,0
2328,0
272,0
2499,0
194,63
1595,0
1838,929
57,16
1781,0
1994,914
134,36
117,0
1366,233
850,0
470,0
380,124
2394,0
254,75
0,444
1142,0
0,68
900,0
1457,783
268,83
225,76
2912,0
776,316
1830,0
1782,567
0,1559
1331,624
1036,410
1841,564
2314,1287
722,307
502,162
915,259
1526,806
875,0
381,0
1246,0
431,0
0,816
580,0
0,1055
404,177
0,878
0,441
869,385
0,2585
0,55
0,855
1254,470
800,441
459,0
1812,520
1581,538
0,474
1600,420
1135,0
1853,0
1544,736
1403,406
1061,0
2092,0
708,198
1209,528
413,0
0,329
1189,0
923,219
2938,1951
194,65
2622,1465
1938,768
2533,915
2795,0
0,1671
1535,607
2125,1053
2771,0
1448,0
0,127
1170,533
0,1087
1839,702
1466,0
1233,709
2798,1565
212,82
419,176
2052,673
0,986
0,1549
711,190
100,29
2412,0
1164,0
0,614
1136,0
0,161
2131,1210
0,802
739,408
1167,292
0,225
2763,0
1884,0
0,588
708,335
0,234
526,0
277,0
964,0
0,299
2744,1350
0,672
0,1222
1528,0
1012,422
2208,0
784,369
1071,0
1565,582
2204,955
0,937
0,654
1549,0
1467,599
633,0
2676,1520
2857,1553
2046,1042
0,1634
3226,1446
0,40
2111,792
2337,0
2849,1203
0,763
980,319
628,180
0,109
0,881
971,554
0,327
0,731
1494,512
1683,490
298,0
2304,0
0,874
988,0
0,1254
486,0
1918,0
0,1255
0,932
2123,731
1331,747
1303,350
2243,1035
0,1056
228,87
0,101
777,0
2793,1175
0,1365
1595,0
0,893
135,0
0,819
1552,792
496,259
1051,299
2673,1161
0,198
0,146
225,85
2754,1056
0,1660
124,55
2670,1005
2973,794
2422,712
844,326
0,194
1243,0
1092,440
0,391
2665,1792
2052,770
553,126
328,67
0,503
2381,1033
3111,0
0,1816
2582,0
556,0
0,845
59,8
2623,1292
0,558
59,14
0,2095
2054,0
2820,1106
607,0
2539,0
2375,0
1560,0
313,0
1956,0
3239,0
2593,1747
0,406
1867,657
2595,0
1107,217
0,642
548,0
904,425
2215,1290
0,713
2479,1202
1986,1206
0,182
2384,0
0,102
0,297
580,0
2615,1230
2919,1547
0,301
2925,1646
1635,0
0,882
0,94
1845,931
0,334
329,0
0,904
2192,672
0,763
1420,489
1960,857
1708,626
1084,595
545,230
3417,0
2536,1094
817,0
0,1402
2088,0
964,0
980,359
253,53
1356,0
1581,0
67,0
0,247
0,777
458,71
0,1266
1320,550
925,0
3093,0
279,96
2723,728
996,0
0,1153
2370,1565
248,60
0,192
0,179
1638,0
252,109
0,57
0,52
2765,2221
0,1469
0,672
1579,0
1077,0
2710,1179
2616,1289
1930,502
2867,1671
1934,641
0,595
1259,396
0,51
0,149
0,356
434,0
2931,0
0,377
1411,0
0,562
0,375
624,120
1114,0
2154,781
1599,0
2289,0
490,0
159,23
331,0
2434,0
1892,899
0,174
2641,0
1108,553
2615,0
930,457
0,919
1371,0
2118,1023
0,202
0,1053
2046,1096
2639,584
0,615
950,524
0,87
207,68
666,238
199,117
1686,567
654,308
2161,0
353,0
2914,0
2743,1208
2385,1436
1065,335
100,30
0,1024
2228,0
2670,1122
2460,791
475,0
0,390
0,961
1686,0
1829,341
1750,0
1919,0
2162,999
1682,0
0,635
696,249
0,2222
2266,977
0,1234
815,443
0,165
168,0
0,205
1845,903
1645,0
1032,0
1514,0
0,2012
1327,0
1815,568
2417,1122
1578,0
0,497
2014,0
2809,1278
149,59
2911,0
0,415
493,0
2962,1350
2473,870
2408,1012
0,835
2298,1552
0,1354
0,453
431,140
2808,0
0,1086
153,0
2431,1217
148,37
597,0
3175,1293
1569,0
0,1229
0,1543
1592,643
2016,1003
1932,0
2116,860
0,278
726,219
2128,1108
2865,0
186,88
484,215
0,444
586,0
0,167
519,165
450,93
2920,0
0,1326
2578,785
2378,1279
2199,0
1803,958
0,1184
2312,0
504,188
2820,0
2620,1967
2790,1345
1768,968
2549,1100
2032,0
0,84
1426,300
1376,0
93,34
1172,234
821,206
0,831
1812,800
0,119
1505,0
0,423
2902,0
0,61
165,0
688,0
782,350
0,326
271,188
2238,798
3028,1827
540,199
1058,0
0,1585
2742,1560
1976,0
112,0
0,349
0,799
949,380
945,235
0,1818
1468,955
564,0
0,858
1468,659
180,0
1288,593
1700,767
1037,0
979,380
1229,0
2467,940
1025,524
0,1091
0,226
0,325
176,53
1616,0
0,170
2319,1357
1724,913
0,511
2035,573
2750,1276
1785,922
1260,470
30,0
2529,797
0,895
1482,688
0,207
0,455
0,1289
0,442
923,302
2060,0
2498,881
1609,790
2090,0
1298,391
0,907
1818,682
118,0
1392,0
552,0
0,360
203,0
0,505
174,0
3222,0
0,993
0,206
2664,0
1182,794
607,150
0,73
1093,0
2040,1298
146,0
1315,0
1056,0
291,150
0,735
3015,0
2789,0
202,0
0,435
0,713
2796,1789
1793,421
0,230
2796,1517
833,376
740,0
2822,0
0,1200
2597,0
1892,1030
845,0
1974,472
310,0
1433,464
787,390
1317,0
3032,1318
2086,1009
0,471
0,85
0,569
0,145
243,55
480,90
194,57
0,894
1372,527
1839,843
2409,806
2472,1852
478,0
0,170
65,25
1979,0
2937,0
2314,1211
1578,225
720,300
1900,0
0,223
104,27
0,517
2181,1095
2446,641
2040,779
802,0
746,268
0,79
0,81
1892,0
183,97
1036,434
1694,0
2861,1833
2609,967
0,998
0,221
549,143
237,49
821,0
0,6
1829,0
0,334
0,384
493,0
617,250
1134,0
1986,0
2150,0
2252,0
95,0
0,287
0,493
2211,1514
1940,666
0,1263
150,0
1516,554
2845,1163
2664,0
0,2520
2590,1151
0,95
0,134
0,191
2332,0
237,67
1963,875
1792,723
0,1726
973,530
0,1196
0,541
868,0
0,123
2980,1581
0,741
70,45
1204,0
1186,0
575,0
0,589
1085,337
3024,1440
2018,909
0,918
0,1590
899,280
2756,1552
0,289
1183,0
0,540
0,145
1131,0
483,0
145,21
338,53
0,454
2175,1258
0,769
0,1414
0,323
257,144
501,187
1259,488
2217,0
2214,1183
0,486
2667,0
3049,1611
0,528
1446,634
596,0
2033,821
316,116
2838,1508
2433,1225
0,1642
0,44
0,175
1909,0
3077,1772
0,661
452,144
1207,0
2626,1732
1075,0
1861,0
0,694
418,0
1883,506
1638,591
0,210
0,996
266,54
0,504
1805,716
862,314
2274,0
2876,0
2732,1674
1073,357
0,831
493,132
930,0
0,92
692,0
2331,1304
145,83
0,1221
1188,548
0,33
2447,0
2048,791
1202,0
1274,403
1811,695
1765,0
50,0
0,976
2840,1401
304,123
277,118
558,0
2982,1867
0,1326
532,0
680,338
563,240
1401,597
466,219
0,399
305,123
2055,812
643,194
0,391
2331,981
0,333
2988,1907
0,849
2665,1391
2465,0
1575,765
0,369
2625,1080
0,375
551,0
0,212
333,0
2148,639
2099,0
2496,1146
0,324
0,31
2531,1660
987,0
2081,1151
1161,0
0,685
2491,1521
0,28
0,728
0,932
0,1510
0,18
1619,0
1588,0
1266,542
667,0
975,0
369,81
2988,2326
2421,0
695,263
699,0
0,524
1447,477
0,1743
0,434
1938,1309
2830,2043
2797,1479
1124,0
2783,1115
2355,789
756,0
0,173
2787,1709
373,83
1422,0
140,37
1416,400
860,230
556,170
1058,0
775,313
0,671
789,259
2196,848
0,264
2022,0
1844,758
0,780
2716,0
2431,0
1309,0
1914,709
1216,0
2551,0
1813,978
2933,0
2324,852
2297,951
2907,0
0,1714
2053,1097
153,67
1001,0
899,0
1541,0
0,430
549,0
0,928
191,31
137,0
1749,0
0,375
673,0
0,156
0,677
0,409
0,268
0,340
1345,402
0,173
780,0
1507,0
770,280
624,235
2447,1346
2207,0
2262,1370
458,102
690,257
978,0
2020,633
879,346
53,0
1885,0
0,687
206,49
818,334
1485,737
386,145
1171,0
1836,808
3023,0
2922,0
0,942
0,59
1019,703
505,0
0,40
0,123
0,156
1559,668
1706,0
0,350
589,162
2552,941
0,210
1423,816
0,1370
0,1630
1643,364
311,0
803,308
171,74
0,688
725,0
2459,0
820,0
0,204
599,0
416,152
170,63
1528,0
0,95
1607,840
0,173
1074,411
1002,0
855,0
0,1387
147,101
2426,770
0,620
2811,0
0,183
0,183
1638,619
646,293
0,476
520,243
2572,0
1624,0
0,1437
2564,0
0,225
1433,0
2428,936
0,615
880,0
39,0
321,0
0,88
2856,1953
0,122
2155,0
3017,1259
0,168
482,0
1107,366
712,224
395,142
2474,0
0,1536
1830,655
1298,0
0,15
2726,0
1388,346
2251,0
0,465
727,172
1472,0
0,798
626,324
905,0
1702,0
2961,0
0,92
0,1109
346,147
1443,515
1533,627
1146,343
0,24
1822,825
1627,0
1970,1033
30,0
2622,1717
1452,0
2900,2330
1154,0
28,12
0,673
1174,646
2009,692
2701,1188
0,579
2168,0
3025,0
1428,0
0,168
992,413
2431,0
1129,0
0,236
317,0
0,324
1327,0
2455,1283
2045,0
688,342
2487,1310
1156,0
0,54
0,440
0,714
2387,739
2674,1004
0,5
2492,1045
2907,1854
2449,0
2665,896
467,231
0,925
2546,0
0,1357
1174,0
413,90
2525,969
1797,0
2363,0
2705,0
0,356
0,410
521,0
101,0
1897,1059
1059,0
0,155
2870,0
2683,1727
0,629
402,83
0,1291
0,572
1424,664
0,1669
1529,0
2584,0
1503,0
1655,621
2768,0
0,255
923,446
1119,0
419,148
1469,434
1712,469
0,290
994,402
512,0
1858,437
1571,592
1799,0
2041,808
1532,0
2076,1506
176,0
0,455
2567,0
0,346
0,769
0,479
594,290
0,619
0,801
1770,826
0,388
0,1506
2103,0
2667,0
2086,0
197,65
0,220
40,3
0,104
0,318
335,53
0,788
0,583
0,626
2578,1458
0,48
0,48
1238,324
1807,0
0,1195
2701,0
1976,982
0,121
0,150
0,50
2502,0
1456,916
2081,0
520,129
0,1511
923,0
1501,480
0,595
2899,1451
829,311
0,1277
960,0
2284,646
0,1391
1157,352
1191,0
870,259
2686,0
458,0
1280,685
78,0
989,321
858,185
1730,674
196,48
0,576
1938,757
0,573
856,0
2402,0
2351,0
2610,1380
3082,1665
586,0
1420,581
1637,788
2101,0
0,1803
2497,917
2993,1563
1297,0
0,582
2436,818
857,0
2426,0
0,340
1498,0
601,0
897,474
291,77
3007,0
1219,455
349,0
2648,0
1731,742
464,148
730,0
2556,1588
17,0
2734,0
0,672
0,669
1324,644
378,0
0,244
0,63
1290,290
916,0
202,37
865,0
372,186
308,162
0,16
921,0
2123,1018
2507,0
2961,1750
2818,1497
2279,0
0,75
1924,0
59,28
1375,0
258,105
936,0
2236,1160
1838,1027
2544,0
0,1185
2630,1735
0,1202
2564,0
0,377
457,149
520,0
2401,804
1297,385
2091,778
1404,0
0,1148
0,478
551,0
2216,758
1232,0
746,287
1083,413
0,147
81,33
245,114
814,0
1586,0
0,164
418,0
939,218
1610,533
625,316
0,499
0,498
0,548
1049,0
653,0
2616,1025
91,32
0,556
0,640
0,473
1288,0
440,0
0,17
2031,969
2062,0
0,997
0,1262
1971,0
2539,825
0,358
0,351
1920,0
1573,695
0,929
463,0
2373,0
433,0
0,300
2813,794
0,11
1787,1044
0,87
1314,0
2924,2262
2535,0
1437,816
535,0
0,1126
2873,0
2091,0
2756,0
2418,1036
682,0
0,102
2431,1000
0,295
1523,0
1182,476
2776,0
0,621
2218,790
825,0
0,308
1950,609
0,624
2249,0
0,703
875,270
2976,0
0,1193
0,1876
0,107
756,264
2781,0
2448,0
0,875
885,142
0,654
667,174
322,0
418,129
888,0
3144,2313
1276,0
2449,0
0,473
860,0
2063,1809
860,0
0,88
0,387
189,76
611,0
0,145
0,306
278,0
2559,0
2017,0
2091,0
2128,1077
1820,0
1670,842
2018,714
0,1436
0,1941
190,70
1254,0
1584,0
3001,1183
93,15
132,0
1170,0
0,1565
535,0
273,0
210,0
565,0
171,0
394,165
2853,1824
1586,491
2734,0
149,0
2657,1817
225,62
2010,0
2894,0
1117,401
0,438
2277,0
993,0
2452,1007
370,82
2253,0
1259,0
0,903
882,0
0,250
0,532
2876,1284
1617,430
1689,0
1763,713
2126,974
1178,567
305,117
0,450
1685,726
0,1003
35,4
1492,611
1436,700
0,83
0,1809
418,215
0,96
542,0
268,52
0,276
87,0
3081,0
1808,0
0,1259
304,91
0,887
1490,700
2292,0
486,253
1490,458
344,173
183,0
115,29
0,15
3089,1720
2059,885
535,0
0,1451
0,453
715,347
0,1052
0,446
2237,0
1675,0
0,653
1949,0
2004,0
2278,872
0,1616
366,123
0,1441
2163,440
0,199
2489,1103
0,499
882,0
0,349
0,738
761,0
3023,2217
1505,631
0,1491
2960,1578
2557,0
0,163
0,147
488,144
867,0
0,765
267,0
175,0
0,22
1260,0
0,406
1998,1329
2816,1767
2696,1410
0,1846
2005,841
1676,0
1469,0
2472,911
2358,1196
1792,662
1405,601
2952,1603
2088,0
1344,469
0,2115
2395,0
0,1762
1132,0
570,211
311,0
0,54
0,41
0,28
64,13
0,521
760,0
258,116
1557,0
36,12
1092,494
2019,0
0,122
0,1266
413,144
1965,0
373,89
356,82
2112,0
174,64
1709,640
128,0
0,487
2669,1627
2017,687
723,569
0,2267
1971,764
873,0
612,0
0,1523
0,778
2682,0
0,143
0,573
1971,0
0,1389
1491,657
0,1340
0,773
1771,998
0,1136
704,0
1197,340
2065,0
0,48
573,235
0,239
2525,0
0,312
423,0
0,521
232,92
2012,0
2307,0
2150,963
482,0
650,193
397,89
0,1071
94,22
0,47
1739,0
640,0
866,356
0,905
1208,345
0,191
0,105
1069,0
862,0
615,0
402,0
0,35
815,0
2578,1354
2605,1525
1574,616
1828,983
0,1097
1519,492
1609,0
742,200
451,408
568,335
1217,672
0,1047
464,83
0,414
0,682
0,332
2891,0
0,583
1197,431
0,1080
1945,752
0,796
2444,1386
0,620
2120,1006
1750,0
2475,1203
0,332
0,294
0,847
2706,0
266,0
0,587
2397,1448
430,0
863,0
1131,0
521,0
2567,1471
856,0
0,304
0,55
0,249
1391,768
100,41
0,1474
2007,1218
126,0
0,39
2226,0
0,979
0,740
2467,1597
1276,387
2567,1305
0,981
0,395
1664,0
880,279
0,1127
0,681
74,0
1496,406
0,562
1573,0
1504,0
330,0
2157,0
508,203
0,794
1604,737
1571,612
469,0
2878,1392
0,1460
0,415
1114,569
1644,905
1654,0
1168,363
682,198
2427,1632
2790,1371
2441,740
2344,0
1331,498
1935,0
350,126
2919,1503
0,231
2790,1609
69,13
1281,0
2377,0
0,1204
432,0
1675,742
0,1192
0,1622
1788,0
1324,369
650,0
2292,1097
0,674
1217,0
734,0
483,200
0,206
1569,301
156,27
2023,838
0,606
685,227
0,217
1402,634
562,189
0,35
0,875
0,312
1198,531
0,75
2025,1013
0,352
0,222
522,0
110,0
2770,0
397,164
0,1010
0,902
2417,0
2248,1448
1901,568
2441,1366
1690,756
1303,453
0,359
2663,2056
1110,0
0,363
542,282
2155,1116
0,579
1822,0
0,381
979,334
895,329
0,1001
0,988
51,14
160,53
2758,1676
1552,251
163,80
0,138
1467,0
487,0
404,146
0,30
418,175
818,258
2339,873
0,138
2724,0
1989,1016
0,1025
3018,1909
0,1061
1029,0
57,25
1322,424
0,614
2253,859
0,549
0,404
732,275
0,129
0,683
0,1707
0,568
868,271
2695,1253
1582,577
2646,1867
106,57
0,889
0,42
1566,0
875,352
122,0
753,307
2439,931
0,272
2505,0
890,273
0,2041
195,58
17,0
48,0
0,1356
498,229
0,381
0,980
3064,1541
0,116
2405,0
0,1179
836,349
1130,0
0,49
456,0
2240,852
0,64
2090,781
1843,1142
0,1230
1174,613
256,71
0,805
323,122
231,98
1497,631
1561,424
2083,804
0,923
845,0
520,228
1051,246
0,1062
0,1516
0,1909
302,0
2345,1330
2166,0
114,37
1578,319
3281,0
0,289
1291,0
31,0
1658,0
0,463
2854,1263
1175,0
870,0
3054,1552
0,871
688,396
2265,0
0,500
0,376
0,1758
2857,1779
0,1760
0,83
0,22
286,0
532,0
1968,0
0,477
0,332
0,80
3031,0
1420,0
0,2008
942,0
1972,0
972,228
1600,509
122,27
0,482
626,150
992,460
0,474
0,1242
141,0
155,66
2569,1552
980,223
267,76
0,293
1088,391
277,0
2760,0
1002,254
1440,458
2995,1403
0,874
2956,1541
0,837
437,0
2714,1045
913,310
1421,705
2594,0
963,0
2590,1053
1079,0
1586,0
0,189
1764,405
669,0
1463,431
1326,672
1655,859
0,173
1711,0
0,1397
753,344
1751,680
950,0
1566,448
2536,1045
0,49
341,127
0,138
2374,707
0,78
0,76
0,608
665,0
1858,648
1405,561
44,0
2872,1600
0,1671
331,0
1890,0
1210,605
680,0
282,0
0,1547
668,265
0,549
1691,0
936,248
0,378
801,393
1930,0
1759,726
0,168
44,10
1386,678
374,171
2020,988
1719,0
112,0
0,132
532,0
102,27
78,0
560,0
0,507
1816,0
1545,624
937,0
788,355
2969,2294
0,139
2758,1527
481,0
0,1101
2714,0
703,0
800,0
1612,0
2049,900
657,358
1733,0
2126,1262
2638,0
0,1594
138,0
1482,0
72,0
52,0
0,1165
1151,287
1646,0
2610,0
3018,1270
0,59
1350,448
1097,0
234,0
0,981
0,288
0,1604
0,2264
0,713
298,0
2171,860
0,1272
2965,2275
0,162
1628,0
1136,176
0,423
2258,0
2227,0
133,0
312,171
0,1046
242,0
204,74
0,705
2004,976
0,217
1676,914
1610,746
0,1674
0,593
841,296
431,153
1361,0
0,418
399,132
359,51
1793,532
865,286
1739,625
0,393
258,0
0,1621
0,787
1282,0
2957,0
0,104
39,0
0,1217
2179,1027
2523,571
364,105
0,2185
2223,1231
513,170
0,1161
1534,180
2731,0
414,0
1377,0
0,141
1709,563
399,0
0,2000
656,344
0,61
0,458
154,52
2733,1111
0,1155
680,381
1834,774
0,634
682,0
0,815
0,101
521,0
2961,1365
1194,0
807,224
2636,937
0,642
1236,385
1052,0
1334,350
3032,0
1830,0
1084,535
403,0
351,0
0,581
433,183
81,0
0,1054
2592,0
0,335
1747,843
0,629
462,232
1279,0
0,211
1631,0
1809,683
1557,634
252,0
1238,0
0,1114
879,378
723,0
0,971
2177,1294
1258,554
0,732
874,0
1050,662
1935,1002
1778,0
186,0
3311,2868
2888,0
1063,0
86,19
0,205
1999,0
0,46
1073,0
0,1110
0,819
3061,0
2135,0
310,0
405,0
0,461
0,297
0,1034
1766,743
1191,0
1963,0
3198,0
2692,1607
477,123
136,57
706,289
2114,0
0,179
1513,0
2689,1006
0,1669
0,612
886,0
2390,1446
393,0
2453,624
581,0
265,0
0,822
1070,261
868,196
0,251
1428,0
0,24
2033,1213
328,112
2383,0
1477,843
0,437
533,0
837,0
0,48
0,43
1589,0
919,0
1435,0
2825,1805
0,297
263,103
538,0
1888,640
0,1066
1793,0
965,606
0,491
1080,337
2991,0
0,983
2029,775
0,1279
1779,0
0,393
1161,498
0,1134
1032,450
2147,0
168,62
1765,336
2003,701
1663,0
705,0
883,365
466,0
2166,0
0,484
0,1754
8,0
1949,0
2923,1352
899,443
0,841
499,127
1549,0
1044,260
992,250
0,1204
1024,421
2307,1093
0,1577
566,0
0,550
0,925
593,0
508,147
0,1704
0,194
2378,1268
0,89
177,47
82,42
976,0
99,0
1011,0
1185,0
1636,562
1038,747
0,1124
548,0
123,8
2139,826
174,57
1379,633
1347,490
0,48
125,63
0,802
1183,0
0,343
513,0
0,261
1221,407
2703,0
0,1279
1966,748
2106,0
2428,1047
0,502
857,365
0,871
373,104
2412,823
0,320
0,352
2534,1438
2655,1478
949,0
58,0
1695,0
632,137
2787,1424
2597,0
1529,953
2377,0
1349,714
1028,567
1141,0
0,359
2401,1127
0,371
2618,0
2738,1508
0,500
2777,0
0,74
3088,2037
1672,779
0,1299
1406,0
1355,0
556,0
799,350
0,116
108,37
208,0
0,1534
1755,0
0,171
513,200
1822,875
1051,0
274,92
0,280
0,825
787,0
1488,0
0,966
2077,0
3002,2085
0,1267
2298,824
1539,750
0,295
1425,534
2532,0
1143,507
757,0
386,161
1943,0
1864,0
0,631
0,479
1096,0
2824,0
0,532
2422,0
1341,772
2821,0
0,497
0,127
0,123
1746,0
0,129
3064,0
2662,1432
544,185
0,1186
1459,917
2914,0
0,555
2349,1094
1867,608
3190,2253
0,1815
828,286
231,0
245,0
313,0
0,187
2661,0
0,1176
528,0
1924,846
2809,0
0,188
1220,440
200,0
0,1088
501,163
1277,517
0,466
912,294
491,172
2382,0
0,201
2968,1404
2851,0
0,386
2577,1196
0,425
1887,0
1112,490
1696,553
1419,0
1551,788
112,0
2487,0
0,70
796,180
291,68
2309,0
0,1504
0,1650
2886,1730
0,1130
0,12
131,0
307,129
1279,202
516,0
682,0
92,0
577,0
3255,0
1341,0
0,1330
2559,1674
942,150
0,38
0,484
0,313
0,171
176,60
550,0
526,0
627,0
840,271
781,138
0,1409
0,734
336,0
2657,1495
1806,657
0,30
1214,502
738,0
476,0
2435,976
767,0
842,0
1795,522
1354,467
3126,0
0,1637
950,434
1257,0
2435,0
0,1038
0,1305
2341,0
318,0
0,1181
0,123
690,165
1594,752
2096,1074
0,2176
270,0
230,81
0,1259
168,66
185,0
341,89
0,30
94,11
2336,1293
0,1450
0,1061
3024,0
327,0
2840,1486
1138,0
1738,567
190,0
2860,0
614,257
3012,0
0,671
0,918
1334,625
678,293
835,0
0,23
2152,1207
0,428
2717,0
91,40
440,134
2462,1032
1251,417
2287,1122
0,735
536,181
72,23
464,0
517,226
0,467
845,353
1005,475
0,1448
1732,0
944,357
0,703
1157,482
0,1068
0,546
2161,1155
1295,0
695,0
3145,1403
1897,0
0,803
2041,956
623,193
2613,0
316,146
0,65
244,0
1358,721
1569,0
2517,0
2924,1458
222,0
2273,854
1276,646
1053,413
449,127
0,1370
1326,768
1108,0
2302,1606
0,687
1746,0
617,219
473,0
502,0
95,32
0,656
2565,714
0,419
1219,319
843,0
1074,300
2019,594
0,34
0,158
434,158
622,0
408,0
584,289
2414,0
2446,959
0,777
1567,0
0,199
2125,948
0,209
114,34
358,127
1303,642
704,0
1450,386
2259,1046
952,0
0,362
2690,1221
0,1342
0,168
0,235
1291,529
1785,931
604,231
0,926
2788,0
1221,626
0,230
2583,1162
3085,0
1630,0
1477,0
729,242
2313,0
0,98
481,83
0,1552
1267,0
2743,763
1310,0
0,284
2207,998
1879,722
1325,0
1438,517
1339,0
0,512
128,37
75,23
3164,0
1727,949
0,761
1002,403
719,0
0,811
0,1435
0,2201
1762,945
2519,789
1766,545
753,244
99,0
305,0
977,361
0,648
1851,515
0,301
3011,0
391,0
0,1818
1860,0
0,662
1438,690
1635,1207
0,1162
0,115
1611,701
0,665
2470,0
92,22
307,0
0,418
2683,1703
2462,1327
684,0
2578,0
657,0
2281,395
1889,727
0,938
2894,0
2032,0
0,1293
2211,0
0,2347
2876,0
2630,0
1762,0
990,0
891,0
0,304
1721,508
0,372
339,251
2426,1271
0,143
0,1112
1529,575
0,208
560,0
466,0
94,0
1427,0
2709,1061
927,244
0,761
205,60
1444,733
0,361
1026,0
0,321
2174,617
2663,0
0,798
262,0
93,31
0,42
335,0
50,14
1993,909
793,0
1055,407
135,40
0,51
374,0
0,1237
0,258
2428,809
575,0
0,1665
2937,0
0,117
0,117
1972,0
87,46
74,0
650,195
0,525
1061,383
1664,0
2843,1310
1615,701
0,365
723,0
0,1837
1365,0
0,112
2675,981
956,334
0,331
127,32
2832,0
1706,0
2522,1340
1326,0
1943,0
590,210
1353,522
0,686
1030,404
2244,809
0,1820
0,2540
0,1528
2269,1154
0,51
1695,0
1351,433
108,37
1987,714
0,340
0,26
65,22
413,0
0,30
0,1358
2432,1471
280,102
2722,1712
2748,0
0,18
190,0
148,55
449,151
0,118
2449,0
402,146
2830,0
0,680
751,244
208,0
543,0
2065,0
503,104
0,90
0,39
2334,1128
2196,889
0,9
0,42
0,1243
181,0
0,819
884,294
612,0
0,1515
592,0
967,583
1082,0
0,636
0,1430
0,40
448,0
0,316
2757,908
85,31
0,383
0,858
0,1048
2581,938
0,1720
1526,0
2235,857
0,1153
0,1993
2377,0
0,125
412,81
1061,0
0,50
746,387
0,273
1914,0
0,510
0,551
0,1267
2593,1197
0,1228
0,264
587,217
0,47
51,0
0,118
1460,536
519,0
0,1645
1405,668
2421,0
0,688
674,255
0,222
620,0
1644,875
0,1271
0,487
2140,0
1121,439
1648,758
114,51
2376,0
2126,554
592,0
0,1401
0,744
1347,0
2404,1232
1725,0
315,156
1105,308
818,0
131,30
563,0
0,214
1657,705
0,357
2883,0
2184,751
0,65
814,270
2399,861
1852,0
638,229
2888,0
972,0
0,1114
2199,0
0,1381
632,327
88,15
743,320
0,60
68,0
2273,1006
1856,0
0,130
1325,0
1505,942
0,285
0,1752
2006,1104
1710,0
587,244
0,151
924,292
247,70
1971,990
2340,0
2592,1083
877,0
266,86
0,1017
0,111
2498,1849
750,418
0,1078
682,243
562,0
0,982
0,581
899,401
0,115
2277,0
214,0
0,1017
2299,0
1522,155
0,801
1505,0
1912,0
1945,712
0,390
0,272
859,232
0,915
2141,0
343,77
678,205
380,0
2893,1678
96,37
1719,525
730,0
0,1102
0,592
0,43
2602,0
0,145
519,0
0,307
746,147
3196,1472
147,0
2195,0
1515,802
0,184
2946,1645
996,300
1483,924
1044,728
2800,0
2562,1352
1031,0
0,139
0,1767
1560,0
3046,1629
0,52
0,409
0,576
2000,955
644,0
624,0
1424,0
0,406
0,791
1748,0
456,255
443,249
0,137
1165,0
0,697
0,877
1850,0
0,236
475,0
226,83
1702,564
0,650
594,192
0,425
0,906
2644,0
0,494
606,352
2196,0
791,272
1405,0
168,79
2105,590
2641,0
0,750
1099,443
1018,239
1005,0
0,434
1023,367
811,229
3215,0
0,763
0,1767
0,123
2024,776
464,225
1192,390
843,362
155,64
112,44
728,0
2733,1350
316,171
0,630
202,113
217,79
0,203
2772,0
2933,1531
228,90
0,958
0,163
3034,2580
0,1214
0,1084
1259,486
473,0
0,429
2401,0
1198,419
0,395
850,0
1931,0
157,0
0,904
0,463
1152,311
0,324
0,94
0,230
265,66
1399,395
0,34
86,29
1013,0
0,1478
0,507
0,405
0,428
2514,734
256,0
2439,711
0,1282
987,0
1334,523
0,82
2870,0
2145,915
0,343
0,844
0,1373
529,0
0,1046
2067,1251
0,338
53,17
2972,1855
279,0
540,0
0,1197
0,337
0,357
3315,2107
1063,0
825,268
103,0
0,1537
2477,1371
2309,1219
85,21
261,0
800,0
85,0
0,1207
444,166
972,307
0,983
587,0
2566,1474
0,623
2167,0
840,0
2092,0
960,0
1132,0
64,35
0,528
1011,319
0,226
2325,875
2467,902
37,4
0,1342
3154,1401
1940,957
0,2101
674,265
0,324
348,0
0,13
0,463
2228,870
227,59
398,0
0,1320
2630,1191
2336,0
0,1050
1940,802
0,1357
0,1380
1923,0
1885,0
695,0
1690,828
70,0
2099,572
1173,0
3103,1413
1498,815
108,0
0,776
1481,499
1946,0
1077,288
3039,1435
2066,0
1289,0
514,0
1841,0
2420,0
975,406
0,63
0,230
2197,1003
824,294
0,2101
668,0
0,938
941,411
527,220
0,171
1542,0
337,127
0,55
0,136
0,539
1421,432
171,64
125,53
1823,1330
0,1670
0,54
0,43
897,283
0,432
0,837
926,208
0,851
1595,784
0,589
2793,0
2203,1196
0,1123
0,744
1510,447
1875,0
1496,498
843,0
0,1094
0,951
327,0
1777,829
2881,0
1331,619
46,0
833,195
831,0
1161,434
0,908
0,1374
0,64
2790,730
0,110
0,740
2179,1062
1556,740
0,105
1082,0
431,0
1783,0
655,0
254,103
401,168
800,0
290,70
0,29
1585,762
356,0
2461,720
1876,0
0,1307
1867,881
1471,512
2430,1154
2291,636
0,462
545,260
817,251
2207,1289
1976,816
381,120
1420,287
344,0
132,0
2207,0
0,158
0,622
741,255
328,114
0,1209
0,31
2643,0
0,92
1301,395
2149,0
2815,988
905,437
0,285
994,273
752,308
654,0
509,0
0,880
1902,460
3192,0
2023,266
0,1018
1437,698
0,819
3120,0
2191,0
2511,0
1665,0
3150,1970
0,82
1598,0
937,346
1737,0
1662,744
548,0
1535,644
140,46
0,389
2496,1108
2209,0
549,0
112,0
0,1042
0,418
2906,1622
2771,1367
0,202
1718,0
25,10
0,609
891,0
0,1155
0,1149
1659,739
2902,1116
367,106
256,0
394,76
0,440
0,173
769,0
3332,1893
3144,1495
421,0
386,150
0,276
555,0
1314,743
1304,741
3078,1632
318,131
1280,0
2461,916
0,418
1235,386
463,135
0,251
2366,1386
2899,1536
0,478
1365,86
1808,994
0,319
0,971
277,0
213,88
991,326
631,0
239,0
1848,714
2234,783
1965,0
716,196
307,0
712,231
884,0
0,1703
0,446
293,0
0,408
991,0
819,224
2304,0
2853,0
2922,0
3054,2272
0,1279
0,1579
2117,1361
2198,0
2700,1372
0,99
215,90
40,9
0,30
892,0
1652,435
3120,1695
2151,825
0,131
782,0
2394,879
270,106
216,92
0,2074
0,203
429,98
545,233
2716,1177
2880,0
505,160
1651,0
2009,0
2309,506
2636,1510
279,81
252,96
0,26
894,332
2285,1115
1946,555
353,0
2549,0
0,350
0,1041
66,13
371,0
2483,0
2923,0
0,1691
65,0
2658,1690
1917,0
3164,1720
1834,613
0,7
0,1485
0,151
326,115
136,0
381,0
374,145
0,729
1257,560
1159,0
3095,1803
1746,769
1118,573
2463,0
2564,1578
3301,0
697,0
718,0
209,0
1774,684
633,221
552,194
726,0
400,110
2679,1218
608,359
2800,1296
0,495
987,320
2377,1057
1310,714
2735,1137
800,0
877,310
1806,0
0,275
1772,0
1481,405
0,794
2053,787
1602,0
76,0
3056,0
2521,1195
871,0
345,0
956,0
0,601
0,411
1541,387
2724,0
2540,0
1436,0
0,418
569,0
870,204
2040,859
2432,952
646,206
565,0
0,1474
690,0
81,0
0,33
0,638
0,1075
1023,280
889,0
1311,0
159,0
0,514
269,64
246,58
2499,0
0,428
0,503
0,947
0,809
44,21
2010,927
2920,1574
1263,0
560,0
0,459
2492,1009
0,411
935,227
2285,806
1276,525
175,0
2859,0
0,206
0,223
754,335
306,0
0,664
1434,580
109,0
0,161
2820,0
0,126
1764,601
1761,618
1622,725
0,32
0,1115
1516,0
1551,465
0,567
1396,476
1356,575
451,204
2156,499
885,0
1551,0
0,453
1607,949
0,749
510,126
0,362
0,142
0,1572
467,0
0,74
645,156
2555,950
104,33
34,11
70,22
76,27
166,58
2462,955
1598,655
1931,0
1526,543
94,0
0,618
0,46
1671,976
1762,729
1398,245
0,757
78,21
0,177
0,1382
617,0
1134,556
0,949
2731,1366
1701,852
3003,0
1461,0
1503,710
867,345
298,125
205,0
1082,453
0,391
0,648
1475,508
0,1167
0,992
848,0
777,296
1508,0
0,486
0,194
2745,1017
0,423
2819,0
626,235
0,62
202,0
0,40
2795,1187
215,51
0,248
571,0
2609,1419
0,1126
2970,1443
670,156
2977,1643
719,213
1800,605
1425,571
2070,640
0,393
2330,0
0,439
0,690
1769,610
350,131
938,0
0,656
0,157
1869,0
1122,332
1643,0
0,1810
1206,0
3067,0
0,44
1549,542
2582,0
167,56
481,134
440,0
1719,0
430,223
1059,408
0,89
1129,0
1975,275
1362,0
0,1472
1933,0
149,0
0,386
635,289
0,287
881,328
3144,1666
1585,0
752,0
0,724
2728,0
1045,319
324,0
267,0
674,407
1141,0
1077,291
0,1388
2558,1429
0,2217
520,231
2251,982
1503,424
0,341
0,495
0,565
0,222
2439,1034
1977,546
1069,313
2183,0
510,0
2302,1086
102,0
2437,1138
495,0
336,0
2753,1268
308,0
229,46
79,0
311,119
1471,764
0,1137
3071,1893
29,0
26,8
0,810
0,60
2146,994
154,84
0,1110
0,1036
1589,673
0,363
139,0
151,0
0,281
2883,1476
268,0
0,1365
822,177
781,168
248,0
283,71
1887,780
295,127
1592,653
2396,769
1728,987
0,604
1488,599
1816,870
2006,618
941,279
2575,1570
0,1916
0,15
1585,0
0,468
247,31
2087,970
0,706
1422,0
0,24
1189,0
1124,0
166,0
1677,0
1759,858
672,330
533,0
568,0
1603,498
2502,1235
2172,0
1266,0
0,634
2422,1065
68,23
752,330
2072,1155
0,187
280,0
0,293
2477,1397
1823,796
865,0
76,41
0,22
2863,0
0,1069
2922,0
730,0
2893,0
1838,583
0,356
1479,0
1653,0
511,80
0,72
0,1280
2335,0
149,0
3104,1543
0,436
1433,0
995,0
0,72
2647,2121
192,158
2498,0
242,0
0,492
179,0
0,34
2661,1151
2722,0
1673,1001
2878,1435
340,0
165,0
598,155
1555,698
78,43
2359,1221
836,188
159,0
2617,1437
2337,849
0,413
1555,0
0,602
3135,0
356,96
0,955
0,628
0,727
0,85
0,1212
0,72
0,389
695,245
0,1402
814,0
0,718
0,248
1070,358
969,400
2746,0
559,0
1402,0
556,223
1385,504
0,606
1441,653
653,0
1225,381
1921,299
1950,450
0,273
1441,442
218,106
0,56
767,244
697,0
1321,518
0,934
379,0
835,398
465,0
780,235
0,440
0,182
0,1010
2025,1094
0,450
0,335
391,115
1515,672
0,1559
1726,0
201,0
201,0
2149,659
168,103
313,132
0,429
2173,1335
0,370
0,848
2292,771
0,614
286,0
0,475
2127,966
759,342
0,773
0,1123
0,1040
0,132
0,1303
1485,456
0,14
2591,0
1149,0
44,0
0,953
0,43
469,0
2727,1144
2147,821
1606,0
2409,885
2590,0
923,0
680,221
419,130
2972,0
1155,513
0,358
737,200
2096,0
0,188
1880,0
0,592
70,0
1199,0
2435,1111
1969,0
309,86
889,338
1533,588
2112,0
2570,0
0,157
1096,455
2825,1204
126,0
334,149
332,149
0,1333
877,0
2204,791
893,325
1311,466
2856,1508
1165,0
186,55
0,1180
0,353
0,603
0,136
1994,0
826,394
0,803
866,0
0,31
0,561
2172,0
187,80
0,1576
2711,865
2332,890
1460,836
0,324
2449,0
1757,0
877,91
1773,468
259,0
2597,1431
136,39
103,0
2036,709
1276,508
0,33
884,247
0,41
1053,385
0,172
516,0
309,0
848,0
1438,0
1823,342
0,173
1808,814
2428,0
248,0
0,504
1322,0
169,0
0,109
274,100
126,58
0,19
0,270
2201,788
989,0
0,204
1762,0
2487,1365
126,36
226,59
3207,1320
2560,1262
1657,0
618,0
2520,1403
1595,0
0,409
0,1513
0,528
2571,0
0,433
1971,928
2613,911
285,0
1786,636
0,1574
2022,0
1358,661
1084,0
367,96
363,94
1349,0
2533,0
820,0
196,0
2853,0
2030,0
1697,0
0,234
1268,598
2539,0
3224,0
2932,969
0,2184
540,0
1382,0
1987,0
0,70
0,176
0,105
2336,0
2029,894
92,53
1022,739
0,394
2402,0
1350,0
0,303
2074,1010
0,1316
2303,1208
635,0
0,58
0,627
2999,1708
0,370
2415,0
219,0
499,143
350,104
2853,0
0,2383
673,0
396,0
301,101
1406,640
384,76
1121,334
0,85
230,49
133,36
0,68
2283,0
623,285
0,1088
2037,693
2702,1129
0,815
1105,0
1617,0
0,698
0,906
0,332
0,31
0,301
0,76
2776,1346
2113,1224
349,0
63,21
286,0
2210,677
3533,1720
0,1120
35,13
2969,0
0,1411
282,0
2278,965
2557,1319
0,187
0,451
0,877
0,162
3147,0
0,1333
0,183
1236,382
1004,0
2768,0
0,783
2660,0
877,0
725,0
0,427
0,110
2206,971
2654,1065
638,289
0,638
2867,0
1221,466
126,51
1095,0
1005,0
352,145
1955,937
1714,501
1597,0
506,0
476,254
0,1165
0,188
1776,656
1374,571
1237,0
1032,299
0,148
2689,1267
0,1200
556,185
0,372
854,229
0,1053
1066,0
3361,1451
2382,1561
3318,1686
0,191
280,0
74,30
0,675
1841,740
889,238
1126,0
1261,427
0,306
2365,778
0,889
0,128
0,341
186,96
622,0
2792,1236
2466,651
0,317
605,0
2014,750
1554,0
2076,0
1677,0
0,69
0,783
820,209
1468,0
2651,0
0,358
0,308
0,15
2103,1146
752,0
0,502
1019,0
1273,520
595,0
0,935
1030,0
0,786
0,140
1170,325
1774,835
1261,0
2807,1277
2048,954
483,110
1428,904
0,749
818,0
2544,0
167,0
613,0
0,395
0,66
1112,459
507,0
605,0
0,67
466,196
0,477
552,120
496,0
1896,710
656,252
58,0
127,0
2920,1886
607,231
1290,614
0,123
1144,385
280,55
1223,0
0,448
1470,796
409,0
2125,1002
0,1212
775,251
2289,1058
470,205
151,31
1771,0
2693,0
0,916
0,976
167,0
117,0
424,153
2716,919
0,179
1331,0
735,0
2678,0
2397,0
633,209
2074,0
1996,1101
2348,1104
257,70
1982,0
0,624
3011,1101
907,0
0,730
0,1525
1981,897
2385,825
668,457
1143,0
83,20
2668,0
792,266
968,0
708,199
665,0
943,179
287,83
2584,1271
2770,0
2340,794
623,225
75,43
371,0
0,129
776,0
730,267
2641,0
2579,923
0,358
0,272
953,341
1052,0
630,198
0,1281
3126,0
149,49
0,822
2086,906
1036,431
1050,475
2980,1926
0,765
2127,0
2038,854
1744,0
802,402
1430,587
534,0
2805,0
2070,419
527,0
1558,545
2665,1588
2814,986
2514,0
0,377
1377,529
0,180
0,781
0,167
0,1643
0,977
2556,0
203,0
331,0
1896,634
1879,938
0,2315
1567,0
2853,2005
1704,576
0,389
3015,1689
0,756
1592,621
2356,1043
0,795
0,872
0,878
1208,566
0,338
0,140
3014,0
0,877
770,0
1375,757
194,0
2147,1133
195,44
0,619
1566,0
3014,1831
0,874
0,1867
2645,1532
223,80
2725,1601
3074,2238
2958,0
0,651
1568,349
2142,0
0,61
2405,0
0,635
1494,448
319,0
0,283
0,547
0,39
318,0
0,1572
1528,0
1604,778
1836,502
1064,327
2077,805
236,120
2150,0
1073,320
826,320
319,153
1736,0
2665,0
2603,1264
1024,340
368,132
905,317
2725,1223
346,0
2329,0
0,1211
1344,441
690,263
0,691
246,116
2096,0
1188,0
908,458
0,558
0,650
0,199
2944,0
2966,0
1435,523
673,0
2991,0
2458,0
2067,1085
956,0
0,919
1543,0
0,137
407,0
17,0
2422,757
2641,929
0,363
0,100
2383,328
503,137
2198,0
1781,0
2739,0
2390,0
81,0
583,90
1336,428
0,292
2029,1095
329,114
516,0
560,168
362,108
0,452
357,77
1104,339
344,0
2344,1050
1042,473
1302,577
2717,0
2060,742
496,136
1725,582
2294,976
1586,0
3319,0
2632,1649
2328,1038
1898,800
0,257
0,181
0,547
66,0
230,85
1961,0
571,221
715,183
2329,944
1995,0
369,131
2570,0
570,0
716,352
2019,0
1591,695
162,0
0,185
0,611
0,174
858,0
545,182
2699,0
1532,0
0,240
2628,1656
651,200
0,85
2408,1002
1036,0
0,93
0,322
0,123
1882,0
0,395
1284,0
0,312
200,38
617,172
1777,0
2371,1192
783,211
0,719
1773,0
501,137
171,73
203,0
2018,1016
2766,0
2157,1029
87,0
2335,890
2101,792
1997,1005
0,404
739,241
1284,776
1238,0
655,0
2773,1043
519,0
274,98
1758,0
0,287
1385,499
2901,1537
0,1204
0,13
1431,0
0,1711
3212,1233
134,52
1747,0
139,90
0,276
2588,0
0,386
1033,305
0,81
1427,791
0,365
2349,866
1683,0
1265,0
418,192
2856,1429
71,0
56,21
235,0
57,0
0,1120
527,83
0,709
0,847
2113,612
0,1261
1045,342
838,272
3015,0
1487,735
0,482
1886,594
0,204
0,106
2823,0
1416,0
393,85
0,351
3260,1618
929,341
85,32
0,1247
3072,1617
276,0
0,1789
2138,0
1059,0
2820,1604
2643,0
3084,1071
0,475
1519,0
2007,1047
3274,1660
958,468
0,16
3090,2491
0,94
2631,1550
0,688
0,510
868,0
156,38
0,203
0,1065
1518,792
977,0
1815,0
550,0
0,116
1775,726
323,0
189,0
0,143
273,0
325,90
1641,564
0,291
868,0
1107,625
2367,872
816,441
311,107
0,571
208,0
0,342
0,161
669,422
3457,0
1463,0
804,296
2467,1217
0,422
653,0
2846,0
2280,1020
1195,0
2259,0
1261,275
1266,0
123,36
2621,1606
0,1205
1656,769
611,0
1424,691
573,291
2671,0
1673,0
0,585
0,1104
1816,650
2458,1325
2713,0
1092,276
0,184
0,92
2690,889
1253,399
0,1434
0,33
607,182
594,0
0,560
1086,290
869,0
3162,1563
1608,0
12,0
0,19
167,0
2131,0
2609,0
1404,737
0,478
1031,328
0,1496
0,985
0,810
1305,0
0,279
418,0
415,117
997,0
1313,0
643,0
0,219
397,0
845,0
3142,0
2013,0
0,1872
310,92
1235,311
795,356
2478,718
2980,1644
0,2051
3249,1660
2088,351
0,90
1043,430
0,774
1117,0
0,93
2134,803
963,0
723,0
1551,778
577,0
482,0
191,0
399,101
181,58
297,0
2200,0
1894,819
3041,0
1601,0
1813,776
1679,496
0,246
685,0
72,0
0,14
0,609
0,303
826,306
1617,580
1384,357
2856,1446
0,298
528,189
410,109
1901,1164
0,396
3064,1473
2701,1384
2810,1119
2915,1209
2865,1331
2526,1256
746,0
655,252
465,0
1332,514
1655,0
0,85
2841,1161
0,596
1152,672
305,82
192,47
2513,1099
266,64
2966,0
0,655
610,0
0,153
0,244
0,48
3096,1300
1462,544
817,0
558,356
1065,376
93,39
2104,1009
1639,465
682,150
0,150
0,188
1672,0
571,0
1652,455
1858,0
0,198
189,0
184,0
193,40
609,297
2135,794
1357,479
695,0
1047,291
642,182
72,0
1164,0
1434,0
2131,0
2802,0
0,128
0,577
251,64
2532,1102
1659,0
3081,0
2163,0
0,386
303,83
1863,0
1020,0
1010,411
0,239
822,0
1773,0
942,279
292,0
650,189
3159,1637
965,0
0,754
3056,1354
1880,0
430,122
409,0
154,55
0,479
1060,482
251,59
2868,1519
255,81
757,0
674,170
0,160
0,82
83,16
2592,0
1057,0
1103,0
1018,380
1025,320
482,0
0,148
465,148
0,549
569,101
0,29
365,72
1897,935
1460,603
830,337
0,967
0,325
0,445
581,118
0,729
0,643
2411,0
662,0
0,605
2102,1032
1183,311
1614,574
0,370
2078,0
1052,370
0,98
0,702
1351,486
0,858
2589,832
230,65
623,181
1705,0
2277,0
1065,0
0,63
0,332
2840,1024
0,764
132,36
0,104
0,1158
278,0
227,0
0,188
0,162
43,0
1376,485
0,478
477,190
1083,368
0,582
2002,0
59,20
0,1751
624,0
614,146
0,394
2633,0
2790,1249
0,352
0,897
921,309
920,0
949,304
953,0
2995,0
1665,542
0,891
0,840
246,57
3199,1789
0,691
0,387
576,0
197,93
607,252
1604,0
0,845
2492,0
548,0
0,444
0,90
3131,1672
0,40
313,0
268,76
133,42
86,0
2221,1210
3136,1644
0,753
0,480
860,0
813,293
2755,1139
0,80
236,75
501,0
301,85
572,224
2592,1191
0,220
676,0
2681,0
0,1570
418,0
69,0
349,0
0,143
3045,0
0,714
1155,0
3054,812
945,356
2472,800
913,0
0,147
607,277
2599,582
2658,0
2613,0
93,0
3106,0
0,20
0,235
0,1516
59,4
1766,0
1964,0
791,217
1173,0
0,24
3012,1347
848,0
365,0
0,754
3140,0
1194,274
843,171
126,34
115,0
0,44
2111,897
0,14
516,0
0,34
1166,326
370,129
1472,0
1059,342
904,292
0,402
218,0
0,390
0,767
2134,1040
201,75
73,31
2324,0
255,0
548,175
1820,0
0,568
0,929
1952,410
192,0
109,0
1493,658
1207,0
1170,346
0,1352
1477,0
1449,400
1625,0
775,0
798,169
708,266
259,78
0,294
836,180
0,114
2966,1751
0,1072
0,220
2044,766
1828,0
0,182
844,0
977,314
1214,0
2320,1310
2733,0
0,777
1295,0
0,817
0,1066
348,0
850,100
2060,715
220,64
809,235
634,189
1941,1336
0,864
0,1810
1818,0
0,625
0,724
592,177
0,771
1185,542
0,229
406,161
961,0
2291,1041
0,565
0,889
1595,562
2375,866
0,388
1250,0
600,0
0,66
3095,0
0,568
1238,0
1876,793
0,349
1207,0
2777,1213
384,102
0,172
412,0
3362,0
0,2095
0,1223
0,188
3077,0
3114,0
1309,0
508,176
0,45
1947,311
107,0
1397,0
2480,1072
1848,543
0,482
858,218
320,70
0,873
1762,928
154,37
540,133
116,34
2192,1022
2166,0
2615,0
1867,552
521,139
329,0
3086,0
2526,0
0,1445
1291,0
1518,0
1558,372
1539,0
0,1938
3166,0
2042,1061
12,3
982,300
1788,774
2896,1183
0,1634
759,297
0,62
2004,0
2269,755
218,84
0,445
140,0
2661,1036
0,346
72,0
298,81
2838,1220
2970,0
602,0
197,38
0,325
1892,0
1041,402
0,409
0,1003
2806,1445
0,280
2991,1240
0,531
959,0
0,430
0,1145
2202,848
553,197
0,39
1432,550
0,49
0,588
0,76
0,71
0,362
2647,1199
1992,915
0,842
0,236
569,0
525,0
0,57
1936,561
1009,390
376,143
530,227
0,1829
1298,488
501,0
0,323
3287,1602
1839,770
0,567
1701,0
1602,681
1021,419
1236,442
443,66
681,0
1371,0
895,396
2944,0
2243,1036
1686,0
1341,0
259,0
0,56
374,121
1506,0
738,0
197,63
1123,420
799,0
1547,535
0,893
920,328
0,921
1029,253
0,347
0,340
224,0
1822,731
1784,0
1202,0
1719,658
0,280
908,0
2362,707
0,288
1110,0
608,0
1190,466
1096,0
0,268
713,0
1201,0
2002,0
1784,0
1086,0
1165,0
2606,1471
363,0
990,0
626,333
0,203
2263,1082
1420,405
1599,429
2939,0
740,0
2135,1040
1471,0
0,59
2699,0
256,150
243,76
1185,467
0,233
146,34
971,490
1978,543
0,971
0,579
82,0
2191,785
2174,626
0,184
906,282
1705,0
1523,0
1410,0
1721,0
0,1261
1647,773
0,667
858,0
2326,943
1968,0
135,59
1988,612
1012,334
1939,0
344,0
0,1083
447,100
893,321
332,115
0,540
169,0
450,0
461,94
1034,291
3394,1763
0,474
1811,0
0,983
0,493
293,53
0,1518
0,598
0,68
685,152
1839,0
2733,0
2114,921
2212,751
1921,737
359,105
895,170
2803,921
472,0
2649,600
1582,823
0,145
1140,346
625,311
3031,1528
1761,566
0,764
903,350
671,0
2597,0
2000,986
737,163
516,170
0,1712
2064,571
874,0
530,245
2460,1139
0,536
2559,0
53,0
2379,0
3150,1758
2042,790
3046,1242
0,657
1258,585
0,678
166,80
1490,633
2261,649
0,476
2412,1087
0,44
2910,1349
3181,2357
0,149
2047,0
2769,0
47,0
0,4
1119,376
717,0
3118,0
397,0
2483,0
1503,0
0,984
692,0
0,49
80,0
0,1020
0,6
102,19
1703,663
1493,0
243,37
707,0
0,519
3030,0
2217,0
1729,0
3148,1039
894,396
0,81
467,0
0,363
2340,0
1213,0
2441,0
1179,0
0,247
0,332
1341,0
279,62
228,0
1628,401
2183,776
782,212
1126,345
691,0
354,0
0,233
0,927
2227,0
2917,1101
603,233
249,0
2176,1089
2175,0
1633,772
1288,297
2953,783
0,62
0,818
196,72
0,469
991,0
1491,0
1675,580
0,591
1740,760
1652,841
317,89
0,777
1412,0
0,406
1430,0
0,157
1454,0
2527,1207
1950,717
0,238
1109,0
696,0
1070,337
3295,0
0,289
0,1623
0,1458
1328,457
0,162
271,108
2359,1133
0,1574
2294,0
1231,541
351,0
2499,0
106,0
0,13
0,139
0,771
429,0
0,79
305,0
2219,0
0,406
2742,1232
2290,888
0,181
188,44
0,591
1636,746
1484,0
0,61
0,372
1028,0
502,121
433,0
0,54
237,0
0,625
292,119
0,10
260,109
2344,1155
1645,846
0,309
0,251
347,0
706,182
2857,0
80,19
2085,0
918,209
844,0
0,299
0,1249
1797,896
0,40
0,375
718,235
1858,770
17,3
2033,952
806,0
1505,511
847,349
3020,0
1638,736
0,248
0,59
0,38
0,815
426,0
139,0
272,77
0,151
167,0
1779,0
167,59
0,33
0,752
1574,0
1360,630
1005,0
355,0
2325,0
489,162
322,0
1124,0
0,1147
2896,0
235,80
0,642
2325,0
1035,0
2809,1555
2845,1054
688,157
105,23
150,0
1252,0
757,296
864,0
0,41
140,37
738,202
1333,255
0,837
0,410
0,26
161,64
1314,453
801,237
365,0
0,608
876,348
0,260
2528,1305
546,150
0,87
2067,623
1205,0
0,1152
778,261
1719,856
1010,0
1581,701
1072,0
0,319
1502,690
874,208
1259,477
249,78
0,468
1526,676
1156,464
0,412
183,0
1121,335
180,45
150,0
1043,0
1488,624
530,100
714,0
432,0
0,70
1294,420
1217,501
0,203
712,0
1192,407
1377,0
1611,0
1896,996
1204,407
0,274
0,117
706,0
0,168
876,0
945,329
1459,616
0,490
152,47
445,0
0,23
364,184
0,171
1760,913
0,151
1183,459
1266,0
697,0
0,328
1768,760
409,0
1178,486
1066,352
0,288
0,92
1011,0
0,6
161,6
372,78
864,0
1146,244
1414,442
614,220
902,0
0,463
1378,457
557,209
578,126
0,75
844,296
0,83
1177,513
1558,547
1761,714
0,304
842,247
441,118
0,115
1116,428
1963,0
1509,561
1232,0
145,0
121,30
852,177
849,177
0,349
2051,1009
0,296
1417,0
458,0
614,129
462,142
0,420
1780,0
538,0
0,84
494,188
1540,674
0,281
798,0
1660,443
0,146
924,246
1563,729
716,0
0,835
1120,309
1107,392
0,408
160,0
0,400
602,0
1644,0
0,36
1142,474
1517,454
331,97
265,59
1852,1053
587,179
90,25
1815,0
1430,682
1755,0
171,0
1990,1284
941,0
0,301
1175,414
271,0
42,0
1058,449
885,244
1672,487
0,256
0,587
476,0
1881,780
724,271
1157,509
296,51
0,145
0,846
0,4
0,23
374,0
525,156
337,121
387,166
65,13
732,203
377,119
190,0
145,47
0,339
577,0
69,0
1832,0
1184,0
0,1044
661,0
1234,725
0,530
855,0
1143,0
1007,492
1245,0
331,0
1937,0
1106,0
0,130
0,240
0,162
1551,698
249,70
1787,920
1395,483
765,214
121,0
577,0
1753,0
0,507
0,119
1317,0
0,233
1829,541
0,315
1288,503
949,303
958,0
165,0
1705,0
1633,0
1784,0
0,13
0,12
1279,0
1340,273
851,203
244,92
451,163
0,222
1118,266
284,0
2008,1084
445,90
789,238
990,0
0,503
1574,0
0,513
0,791
2011,726
259,82
0,368
1365,0
0,499
467,143
927,0
0,560
702,0
0,242
0,369
0,243
156,43
1912,983
0,819
1554,0
1579,0
280,106
226,0
0,49
0,98
1238,542
1770,622
1349,0
1765,0
532,0
0,251
367,0
0,456
258,86
0,115
317,84
1418,0
1098,0
1314,0
1271,0
1716,413
1233,606
199,47
1188,607
1686,0
313,127
0,320
1025,402
1673,0
357,0
1632,690
695,223
724,207
593,169
624,280
1539,554
0,826
103,34
0,127
0,229
0,411
0,628
506,0
1556,378
0,205
1040,397
0,839
35,31
0,143
1848,0
0,81
441,187
458,0
0,277
403,0
1805,641
1154,0
0,504
815,0
1135,0
0,697
1205,0
373,134
329,82
0,1080
2593,0
2094,0
0,1009
0,439
0,514
583,201
0,1330
692,203
484,0
620,0
1139,517
0,945
1281,0
1505,0
130,0
1691,0
305,0
446,107
1731,410
0,29
113,26
0,42
311,0
0,137
261,138
253,132
0,1212
0,334
602,190
673,0
2302,764
0,379
289,0
1712,424
386,147
1024,382
0,451
242,0
0,601
2538,987
221,67
1166,531
0,2107
2899,0
1581,567
0,66
0,1147
0,348
601,120
224,0
347,0
1675,376
0,903
1850,0
941,0
0,835
937,325
398,0
1793,0
309,0
259,0
1611,0
495,0
1195,420
474,0
443,0
0,11
1523,486
22,4
464,143
570,227
941,0
0,1496
2374,0
0,420
0,55
0,1716
2096,0
351,0
2217,590
0,114
1309,487
269,0
0,929
1199,465
2241,0
0,463
3464,0
1803,491
856,0
718,0
86,0
1473,0
1654,420
399,134
1026,0
3243,1857
0,675
1811,1014
1041,598
1406,0
0,993
0,333
2688,0
0,49
1929,413
1767,0
792,0
1373,639
273,0
0,117
2253,1015
1672,696
63,0
854,328
2677,0
1510,0
137,41
0,328
71,13
47,12
597,0
0,815
845,279
2133,0
1685,436
3169,1614
2324,1226
1018,0
2919,1043
1034,369
1691,0
2767,0
2190,660
681,255
663,0
1556,841
74,18
637,0
423,0
0,62
0,919
2129,0
0,188
612,0
416,165
0,1446
330,0
0,41
1310,321
0,34
41,10
2616,0
1060,327
1896,0
0,602
410,109
0,830
868,432
916,398
0,59
38,6
0,3
284,0
896,283
1575,674
1417,452
781,292
2416,722
528,206
333,114
143,0
1370,0
2308,506
2947,2095
1175,327
0,333
2881,0
0,520
2071,0
2828,1328
3133,0
989,513
879,229
2118,787
746,0
2462,1213
1048,157
634,0
1952,0
860,318
0,1148
1408,0
969,470
0,914
961,0
649,322
0,548
1227,427
2496,1277
190,54
2748,1718
0,225
2365,1175
0,942
0,481
2317,973
0,471
1763,0
502,207
2938,1435
859,0
0,2344
2431,548
0,1259
1049,0
2493,0
1606,0
0,374
919,271
386,103
432,0
808,168
0,942
3425,0
2073,804
1012,0
0,537
803,317
340,102
2583,1427
2749,0
1336,412
1819,0
1613,0
0,662
1797,723
424,141
225,49
24,0
1795,676
1773,611
498,0
0,150
2397,0
2084,1158
51,10
2839,0
0,1427
2909,0
389,34
0,422
2286,1130
355,89
1001,0
2978,0
1341,0
975,0
2900,1159
303,71
0,369
2392,0
1249,305
0,179
1975,774
0,289
2689,1225
149,50
1190,515
1108,485
202,0
0,41
0,58
691,253
0,990
1749,0
2025,867
2188,0
61,0
2216,0
0,845
114,0
29,0
0,114
1797,594
2093,945
777,279
301,151
90,0
65,0
2950,1275
0,1535
0,75
0,1680
0,390
798,0
2845,1325
1986,0
0,565
0,1834
0,14
2760,1116
0,152
127,15
0,569
1627,642
0,292
1378,489
2760,999
2102,0
76,0
1501,651
0,520
1859,827
0,785
0,604
508,190
137,54
486,266
420,0
1382,0
3129,1806
1710,650
2859,0
169,0
856,282
2767,1189
2363,971
1182,311
463,0
0,47
2129,0
1010,0
574,193
857,0
3190,0
1790,713
2352,760
0,259
1098,0
0,293
640,181
293,0
2685,623
696,0
2906,1490
0,1250
0,24
0,78
0,676
208,46
2783,1938
0,193
0,354
1460,0
2127,759
0,1022
126,31
0,169
0,461
0,1381
0,76
559,0
0,186
153,21
1309,0
0,117
2939,996
1720,0
0,227
968,0
1268,0
683,0
222,0
0,282
1874,0
0,483
192,0
956,0
1485,0
1038,319
209,62
140,0
0,20
2729,1069
2162,580
1290,0
1692,0
1261,371
70,32
922,0
526,0
0,1005
207,0
1398,490
613,72
3174,1820
0,160
2426,741
281,0
273,0
1229,0
0,251
0,760
3443,1765
709,229
1580,683
451,0
1152,0
1457,342
0,1591
77,28
62,16
149,19
0,177
1579,0
0,842
0,213
593,182
152,39
0,283
929,338
133,0
2771,0
2390,0
1411,0
1159,362
630,0
540,0
2519,1411
112,0
2613,1150
1615,623
0,586
0,665
0,480
548,185
2071,683
65,0
0,769
0,55
2363,728
0,673
0,407
2858,1459
2974,1462
1981,0
1846,823
616,0
1648,566
1690,643
550,243
1410,0
0,631
0,2044
511,0
279,0
232,0
1290,0
1981,0
1415,0
1083,441
650,0
3065,0
706,216
1457,333
93,9
1597,721
979,0
618,335
1663,728
930,398
733,330
2457,1008
241,90
402,0
2720,1151
0,396
301,49
0,550
1108,0
0,170
2649,0
597,260
76,31
0,137
0,690
1095,0
1306,267
0,1878
2557,0
2857,1369
0,1528
0,1290
1522,463
660,201
0,81
0,131
1143,317
2555,1458
3087,0
193,0
2831,1046
987,145
2394,878
922,337
907,335
595,262
0,112
287,150
0,32
2535,1202
0,505
2390,975
3181,1527
493,180
113,0
983,285
912,441
196,96
135,35
568,107
81,13
0,359
306,0
374,0
2225,0
0,445
875,304
469,0
0,131
2387,0
1556,0
333,0
1233,0
184,0
3125,0
2924,0
2767,0
2836,0
0,689
925,216
764,0
2127,701
1491,363
2534,582
793,198
0,45
1260,0
127,0
0,48
876,0
2059,988
0,1823
851,267
58,14
999,242
0,747
3120,2071
2133,721
1658,0
1619,0
942,0
1678,573
1901,0
605,152
0,27
1800,621
0,103
1832,622
0,210
0,899
1358,613
2751,0
1201,498
631,199
544,179
2943,0
0,437
2473,933
0,616
226,0
150,20
116,0
397,104
144,43
686,254
1941,847
180,51
2542,1105
113,0
3017,1364
3215,2380
293,89
123,33
0,944
0,1529
0,1066
0,260
421,120
0,140
719,0
0,51
0,498
491,118
0,43
1684,586
2856,1145
777,0
0,103
1972,0
3089,0
1820,0
0,138
2688,0
1733,831
411,122
0,498
392,0
157,0
143,30
3396,0
527,0
2940,1477
1492,433
2836,1898
3106,1414
0,28
0,583
0,558
2336,838
2394,802
1745,535
2290,0
1182,372
804,0
378,131
1211,410
1272,0
0,467
0,599
886,390
771,309
1059,413
305,75
0,907
0,881
441,0
417,0
2980,1636
1325,0
161,0
2525,0
0,177
262,0
1860,0
2430,0
219,60
0,411
0,172
1155,511
0,1015
275,0
2285,0
1319,0
307,76
638,185
1710,0
0,58
3040,1164
0,739
0,139
1819,0
1647,581
1747,581
0,302
2355,1027
599,0
0,93
245,39
585,162
0,412
1686,0
0,280
757,0
3020,1453
0,397
92,0
67,0
65,7
817,0
0,123
0,125
3063,2019
206,56
0,253
0,111
0,105
1769,591
350,0
0,99
0,322
0,1074
0,198
2385,0
2605,0
0,436
2798,972
2185,0
1528,480
0,875
693,149
365,106
1440,0
0,350
481,0
1286,516
0,284
501,0
0,360
1150,0
1912,329
1740,0
2175,753
2978,1113
0,1484
0,185
0,365
1954,0
0,162
1447,0
570,0
249,73
0,25
2420,888
155,58
774,210
1174,0
0,48
3329,0
609,171
152,54
901,390
799,0
0,1424
1974,786
1963,938
0,164
0,467
343,0
1485,379
0,1234
0,264
3175,0
183,36
0,28
0,884
3007,0
0,116
0,372
50,0
2256,673
2210,608
1383,0
1129,285
0,244
0,324
1601,0
325,0
0,958
1313,576
1553,0
0,26
47,0
0,270
0,38
679,0
2237,681
0,315
422,143
0,36
512,0
810,209
0,345
0,514
2914,1567
2635,0
1659,0
976,501
1854,950
2049,0
1616,0
516,189
2622,1883
0,896
280,0
1825,0
495,186
0,84
326,0
2367,686
949,0
0,42
176,0
0,742
0,94
1352,535
1200,0
0,54
1660,208
0,581
1003,0
913,277
126,26
1083,0
2093,1375
0,269
2151,0
0,1102
0,98
1441,404
434,107
542,193
0,813
490,0
176,41
989,0
0,417
581,0
893,172
1502,604
159,40
650,0
0,717
1549,0
0,300
3040,1788
3187,0
3109,1547
319,0
1750,859
2504,0
0,858
0,787
0,403
718,212
153,52
0,113
0,1948
0,1184
0,587
0,331
0,735
0,779
3023,1335
2263,1032
872,424
2889,0
0,1606
2168,795
76,0
655,116
0,79
0,255
1371,396
0,1178
1448,480
2312,0
473,0
0,920
1912,0
1498,443
2218,687
1273,338
724,198
0,665
2707,0
2422,0
1383,0
0,379
1378,0
1146,304
577,0
0,885
1928,376
0,34
221,55
0,500
0,231
0,79
234,63
1765,0
3301,1815
2793,1176
1718,0
3302,0
0,509
426,0
1294,0
0,782
0,363
1128,190
1230,407
82,26
0,513
0,767
714,224
0,172
2629,1151
2152,1076
173,93
2855,1166
653,262
0,1366
168,0
1880,917
1254,629
626,288
728,0
1937,0
1216,714
169,0
1998,0
560,189
290,0
0,82
0,58
631,0
343,112
1107,0
47,0
37,16
1141,0
110,0
0,895
2225,738
248,29
0,1575
0,1629
1134,325
0,22
2566,1102
2796,1016
0,606
654,208
2294,794
88,0
1780,0
1805,803
3117,1531
2967,1504
618,203
0,1015
2771,0
0,869
2442,0
1075,0
77,0
0,491
0,810
2496,0
757,0
2465,1199
900,0
0,1794
1655,460
2921,0
490,231
2963,0
964,0
1728,0
0,1322
1346,383
129,0
2171,0
1546,0
2927,971
1747,472
2236,959
1641,0
1284,484
603,221
1117,0
865,0
0,727
823,421
819,306
3087,1608
1360,523
2318,767
2880,0
0,710
0,99
0,305
2556,1057
1135,0
689,233
446,139
0,687
2866,0
69,24
2350,0
287,121
862,0
76,19
2480,774
1473,0
1248,0
1683,487
682,0
0,230
819,0
1807,0
2327,0
836,0
0,401
0,281
518,120
575,0
2049,0
0,600
1314,0
0,543
0,1146
0,528
80,0
111,0
93,0
71,18
0,145
1773,593
0,41
196,60
3401,0
100,0
77,0
1514,450
783,267
0,1201
0,295
869,343
0,295
0,48
1471,884
2700,0
1247,332
0,691
2351,0
2710,0
471,0
0,602
0,102
104,36
0,120
38,0
1992,0
633,0
1571,849
0,236
872,0
1894,0
0,579
0,88
0,1626
1327,365
0,654
87,29
0,795
1041,0
0,771
3181,0
1305,0
0,744
784,0
0,17
1365,0
601,0
2829,0
0,121
802,162
573,0
0,681
0,440
0,169
2584,0
2948,0
1613,0
0,714
0,525
2148,0
1187,0
1890,0
1873,875
2641,846
1373,0
0,129
0,1612
2557,0
111,0
37,0
2003,418
1850,573
1973,795
685,134
0,501
1494,394
2258,0
1351,0
855,203
496,109
0,144
0,522
0,411
2600,1123
76,0
0,857
444,0
0,64
122,0
673,0
0,130
3485,0
0,895
286,66
0,55
1309,487
1467,382
1147,0
766,0
0,607
1379,0
2879,1242
842,0
430,0
1170,0
0,803
709,0
0,869
222,53
3031,0
0,537
952,299
2989,0
0,963
1951,0
0,216
287,60
1704,730
2215,632
1611,0
541,183
3044,1396
211,60
0,40
488,72
1986,647
1497,0
812,0
2006,1073
2443,0
2936,1667
89,0
3240,1806
3373,0
0,1283
3321,1772
2119,466
2763,0
952,415
1949,498
70,0
1367,457
2954,0
1311,432
2374,721
620,255
0,556
2008,0
2913,1088
2270,955
1826,806
360,205
2117,0
262,0
0,1104
3044,1280
644,0
2510,923
193,61
514,138
364,0
77,0
1103,0
1931,564
1375,0
3117,0
0,1600
2535,1841
514,74
1679,714
1366,0
1897,0
1127,303
770,0
0,441
1926,438
1800,378
145,0
0,466
1103,0
2774,0
0,188
1655,649
2123,1084
1085,550
1941,0
0,1153
1360,0
0,2048
2518,893
0,352
0,541
403,0
435,137
1910,724
1301,650
2518,706
0,198
2316,1241
144,52
1532,0
0,552
2825,0
0,546
1355,0
2591,1436
1344,297
3351,1816
872,0
1209,0
504,132
1025,0
502,0
448,0
0,250
0,461
0,81
274,92
1117,404
0,360
0,1215
2747,0
760,279
2275,884
1275,0
956,320
0,32
1130,401
0,913
0,562
586,197
1392,0
0,1066
2237,566
0,268
0,476
0,161
0,315
0,447
2026,0
2337,0
1686,473
1243,0
2873,0
0,1340
1465,472
0,433
2024,0
0,1542
0,61
0,650
290,78
0,171
688,0
324,0
1597,500
2350,0
167,28
1961,714
276,92
1881,0
0,255
0,987
840,0
353,0
1982,797
1381,0
0,1384
1956,0
1810,0
0,262
256,0
2066,1078
2008,0
793,289
0,397
1313,531
313,113
0,550
724,0
1101,0
1947,669
0,251
0,60
132,41
0,1506
2758,0
294,38
1787,498
1206,0
2592,1162
2624,565
0,219
0,118
403,0
627,0
408,0
412,118
0,164
141,41
2030,623
0,304
570,0
2785,1645
1743,0
782,0
2780,831
0,226
2220,462
1207,0
1051,387
1039,0
0,129
0,336
1678,804
0,230
0,126
2317,800
0,94
1457,460
0,220
875,218
1769,580
0,391
261,0
572,137
469,183
364,69
3231,0
0,1381
0,604
157,0
1411,539
2260,987
1643,620
0,556
178,64
2303,664
1106,223
767,364
0,68
515,0
0,93
484,96
2772,1375
473,0
172,0
2095,0
0,502
872,258
438,0
1795,0
68,0
2504,0
2706,0
1804,0
1799,924
2877,1376
661,0
789,187
1185,0
0,1033
598,206
2940,0
3122,0
512,165
1760,0
195,84
0,464
1598,450
637,212
0,113
3331,0
734,0
0,93
0,499
427,0
2895,0
2842,0
1037,261
224,96
0,1421
0,572
2332,799
1701,375
1246,0
0,1508
2777,1119
1373,0
3254,1639
1415,0
2988,0
408,139
730,396
328,0
285,93
789,0
636,0
0,290
506,138
2365,828
1269,0
1096,363
2112,689
391,152
0,330
1191,0
2838,1214
506,121
2254,800
0,592
0,345
0,247
0,102
0,130
215,96
610,279
0,197
1494,363
780,0
401,80
2915,0
2788,1566
0,1371
0,379
0,49
547,200
0,257
71,18
345,0
0,382
2825,0
1037,0
0,215
132,0
2148,0
3099,1836
748,0
412,136
678,106
1419,459
2664,0
1648,0
0,234
273,0
3021,0
1114,382
0,141
0,61
0,810
0,92
1244,0
708,217
583,200
1577,0
168,0
929,358
453,108
2444,0
0,618
3264,0
0,1099
0,1133
915,311
282,71
0,199
494,0
3018,0
2699,0
0,970
0,362
307,106
1271,0
2840,0
0,105
3050,773
368,158
2390,1088
1675,0
730,0
1252,0
425,0
868,0
404,158
2179,0
930,273
861,0
985,541
1373,469
0,219
0,422
1230,345
0,255
1574,752
2714,0
0,610
1867,909
519,194
271,0
3064,1867
1262,0
1239,432
0,255
1151,0
736,196
1382,468
0,142
576,122
0,215
2903,1115
0,35
1145,0
483,118
0,62
275,83
2516,792
0,772
93,36
0,514
2866,1316
0,124
0,82
189,42
1772,909
0,1361
2627,675
119,33
55,6
0,938
0,54
1238,0
55,12
2817,886
0,333
2689,1819
464,0
430,224
2220,0
0,799
0,432
2189,0
996,226
0,712
0,604
365,108
961,213
0,511
0,463
1087,0
1827,0
0,1012
1785,0
2026,0
1843,0
0,172
328,0
459,0
1340,667
0,314
2074,882
1175,0
1435,0
2203,1342
472,152
139,0
1233,0
2222,877
903,336
1047,0
1700,352
3121,0
955,0
306,0
284,85
0,1186
1660,715
0,25
1066,0
667,151
218,26
0,32
0,46
159,51
2584,1090
0,561
2675,870
1317,528
0,437
1396,0
891,0
300,0
0,237
0,981
0,102
1144,285
2615,1320
3174,0
0,220
230,0
1987,672
1798,0
0,212
1330,0
104,42
2839,0
2268,0
1830,577
1632,0
0,135
0,640
243,69
0,942
0,115
119,0
261,71
0,64
814,0
1645,0
2893,0
699,196
553,0
1797,0
3182,0
1382,0
423,0
390,0
1870,735
0,67
2852,0
0,876
2278,1022
0,1134
1519,589
0,142
27,0
1178,396
702,0
918,371
0,445
2017,963
2573,1165
0,410
1832,0
2492,1669
2320,0
1215,0
556,87
214,0
1533,0
1957,0
529,0
667,0
461,202
0,1029
2960,0
1340,0
865,191
1382,405
0,117
0,136
0,741
928,0
121,0
132,21
0,1176
2571,824
0,93
1689,533
0,359
157,0
0,169
862,317
128,49
2799,0
941,233
0,184
433,0
1859,0
0,166
906,338
1668,0
255,62
0,833
1089,0
2534,0
0,301
1279,604
0,1253
2401,993
976,0
0,24
521,111
823,378
2855,0
278,78
0,34
1757,937
818,0
0,354
863,266
360,80
0,1854
2955,1473
134,0
768,198
0,123
702,328
1125,0
677,0
146,0
315,0
0,36
739,0
583,0
0,33
1527,0
1056,0
978,369
564,0
1047,0
709,165
1713,678
1161,491
1497,578
1592,744
631,0
1259,0
0,39
268,0
2215,0
0,1162
3167,0
0,258
2925,0
2240,914
1157,429
1912,622
2348,0
0,46
2751,1572
3099,1953
1978,0
0,44
346,0
340,0
2708,1318
0,292
0,685
338,74
589,0
2653,1345
185,0
0,871
230,73
0,255
0,1128
0,408
1761,0
0,767
191,0
0,1516
1460,0
726,247
0,1080
0,486
1137,470
2155,647
0,101
886,334
1139,403
1393,377
2038,780
276,0
1824,0
0,66
1734,747
0,258
0,377
2957,0
3135,0
0,393
175,58
0,254
1245,0
1359,320
0,1609
1944,885
2782,0
824,347
818,218
2491,0
2310,0
0,127
0,318
1421,0
3021,1292
800,342
619,188
1312,0
0,1007
0,2377
0,260
594,245
2925,1604
3288,0
3059,1521
3340,1653
524,0
967,0
0,14
2560,932
0,207
1492,403
0,871
1129,345
458,191
0,99
220,0
2876,0
676,0
3263,0
181,81
0,71
159,0
398,189
1745,0
118,0
767,0
0,37
0,229
2937,1126
2923,1182
2979,0
0,154
192,0
0,509
0,196
152,0
502,0
0,1489
1784,905
424,125
241,0
3089,2151
0,1024
0,1181
0,1186
1069,192
919,238
807,0
1153,0
718,0
0,441
2715,1510
0,858
0,514
736,344
1332,0
3140,1374
228,59
3084,2116
0,191
321,0
279,104
1089,435
0,131
412,0
1442,0
181,0
1303,0
0,318
1515,317
2059,0
938,0
414,0
2538,0
944,0
0,103
210,0
989,423
887,379
590,0
1525,0
2648,900
0,1290
116,43
862,0
0,589
50,0
1222,533
2729,1366
0,561
144,47
0,140
1210,0
2798,0
131,38
1121,0
0,748
1411,0
634,0
99,0
0,355
760,219
0,73
0,597
2780,1209
0,623
0,347
0,276
2893,0
2418,836
212,49
1529,626
657,0
1525,0
0,42
99,0
0,197
1874,0
0,703
1013,329
0,310
370,70
0,454
2015,793
0,174
0,69
1392,0
638,0
0,1454
0,1088
0,16
1190,399
2942,0
0,176
1064,0
503,221
203,65
0,635
1575,404
2917,0
2784,1403
2225,528
0,120
682,0
2258,809
3077,0
675,260
271,0
1662,0
202,0
2474,0
1614,668
2369,785
1878,869
3126,0
913,204
1844,169
0,227
2849,1576
0,571
0,320
180,0
0,1374
1177,0
0,123
538,0
1243,490
0,200
0,119
2726,1599
2580,1049
2638,1272
309,89
244,0
0,325
712,0
0,320
2832,0
1823,0
2287,826
2243,0
475,0
840,258
1909,567
1410,474
1239,0
0,475
2275,881
0,503
0,839
2763,1485
0,894
190,71
1714,439
1626,585
2211,872
418,0
0,783
2839,0
946,468
0,450
0,1386
2121,0
1330,592
0,48
2479,0
1293,640
0,76
3190,2132
1555,371
973,0
0,113
0,1107
0,897
720,226
336,0
1594,493
1033,332
1319,0
666,0
0,1041
967,369
2049,0
1273,0
2288,1067
848,426
0,100
1731,621
2348,0
2748,0
3010,1403
2818,1618
0,165
1729,664
2539,1747
0,231
379,138
339,0
373,101
822,300
1624,1202
44,0
667,231
1477,465
1289,230
1532,696
0,1412
0,1000
0,494
792,0
119,0
1135,0
2202,0
2329,0
919,0
0,81
0,44
0,907
2353,1104
0,1173
1919,0
0,264
353,116
289,0
701,84
2425,1608
710,0
244,33
1675,814
1621,0
0,283
241,51
955,203
246,0
810,192
0,17
2135,0
868,256
1523,294
1471,0
2647,0
563,0
272,0
1615,0
2419,920
425,231
2689,0
1029,0
900,479
0,374
258,54
132,30
0,970
0,547
984,462
0,494
2640,1304
1982,0
0,198
1759,574
590,0
1900,0
2219,0
0,1106
0,170
2950,1297
0,131
2179,839
1514,444
1337,0
2641,1316
0,393
1035,0
970,0
1096,338
0,494
396,141
2806,1978
425,252
546,0
149,40
952,224
0,125
259,114
0,792
0,486
1557,654
0,41
0,744
2646,0
1573,0
2198,711
2720,1119
1773,575
274,141
0,914
98,27
713,184
204,52
209,39
0,114
2314,1180
0,252
2484,0
2758,0
1039,0
0,720
1960,545
0,486
0,130
0,898
684,0
0,80
0,238
0,224
508,206
2724,864
322,120
940,0
194,0
2128,0
0,68
668,263
424,153
257,0
0,354
2651,0
2768,1624
0,1636
279,0
1720,664
96,31
1879,425
2972,1140
0,956
1884,496
1342,530
2328,1337
2351,0
0,1632
821,0
1765,0
149,0
2299,1442
2122,826
41,0
0,87
358,0
61,6
307,0
0,46
2022,946
0,386
702,0
0,589
773,123
0,76
931,334
1287,552
0,153
199,0
266,85
2222,0
0,147
0,1513
2020,827
1210,0
810,336
925,397
215,0
0,1029
326,83
0,2164
1437,418
1389,553
891,0
498,228
2855,1466
3027,2250
0,215
2189,621
2919,1726
764,0
1531,387
3343,1779
222,84
1276,463
1530,580
71,30
0,864
1895,577
657,0
0,342
303,83
2356,876
0,791
0,1547
0,56
2315,0
1713,743
0,229
130,0
1702,0
1708,0
2020,0
0,242
3016,1398
0,661
1650,0
2385,0
0,56
2106,916
0,254
1664,464
1961,0
0,135
2769,0
0,571
0,470
803,362
1644,397
2921,0
392,0
1497,0
183,0
409,122
0,1295
320,125
1316,472
0,228
1819,371
0,98
0,1788
1841,527
0,393
1883,0
2306,0
0,311
0,91
0,1015
0,88
0,847
305,0
0,495
2564,917
1081,0
844,343
295,0
0,656
281,32
1584,443
1940,0
1330,0
1293,0
3026,1602
1316,423
2080,0
1139,0
0,98
1279,632
90,0
2205,348
0,35
438,0
1533,507
727,0
0,588
2410,1137
776,255
362,146
2172,1168
1232,350
376,151
1554,610
1234,0
97,34
182,0
716,0
887,0
856,0
1312,487
0,422
412,0
115,27
1908,850
2375,0
780,0
206,0
166,42
0,993
0,1202
1574,0
217,67
0,228
712,212
2740,0
70,25
2719,0
1272,0
1124,422
1928,0
0,258
0,214
0,399
2605,1111
931,361
0,245
0,328
0,202
341,144
2585,1392
2333,873
475,0
1787,412
2626,0
0,40
890,251
1831,0
2479,0
2087,1064
1174,0
0,733
111,0
0,530
785,0
2754,0
538,183
2216,889
142,0
452,0
584,114
816,0
300,115
0,84
0,880
2885,1871
892,0
1993,815
156,49
0,784
2441,0
1828,0
2494,0
746,263
0,271
412,0
98,0
2999,1528
0,147
1795,586
1181,683
0,187
2677,0
376,0
1828,0
0,1225
693,0
0,1407
2494,1470
348,78
0,91
1832,644
175,58
176,43
184,0
260,79
0,1624
1663,0
472,0
22,2
792,361
92,0
1765,0
0,61
0,56
0,211
2716,1074
2339,1223
1649,531
1575,511
1836,0
2939,0
0,296
1421,525
0,421
1426,429
771,228
921,0
938,180
0,224
0,445
0,157
0,162
2859,0
231,71
190,0
2501,1068
2048,899
608,0
116,6
0,159
954,0
1947,0
1064,0
0,93
636,308
465,246
0,596
1181,545
279,80
0,36
1623,0
2100,831
0,513
0,1514
0,151
746,160
456,116
0,18
667,0
1515,0
0,551
713,316
1161,0
108,0
147,61
0,142
2316,0
0,1085
2409,0
2246,1034
1473,0
0,1581
3002,0
277,0
515,191
559,162
0,60
0,267
1129,0
0,815
579,89
1111,382
491,262
0,950
0,265
0,1765
1803,610
979,476
504,0
2488,1044
735,0
718,195
2173,977
1102,374
2421,1073
712,263
1521,566
0,608
886,211
1948,0
306,0
0,545
2175,857
282,0
2815,1294
0,289
2306,694
3048,0
1225,610
216,88
1314,165
0,1182
2029,0
1776,448
2668,1256
330,135
1919,0
54,12
0,845
366,0
170,42
207,74
2452,0
0,237
2580,0
889,330
655,0
891,367
0,722
2629,0
335,0
56,10
0,439
1472,0
0,104
91,14
2168,534
918,0
0,630
2328,0
180,0
0,60
0,118
2195,730
763,166
2256,0
1045,253
1117,440
0,996
328,0
967,0
93,0
0,1970
1488,0
0,1206
0,979
1817,699
267,0
857,319
0,1244
0,521
0,333
0,140
0,34
470,111
2569,0
691,223
707,243
2896,1399
1280,328
2523,1145
933,0
0,158
915,349
2279,0
0,925
54,11
1087,481
0,657
1991,0
2438,0
3239,2472
1317,0
2643,0
0,202
2227,615
2339,0
2747,0
575,202
2060,990
2469,0
2403,1190
182,0
2204,0
99,24
2150,0
725,355
0,293
311,0
261,0
115,0
1630,647
317,0
17,2
1904,0
1773,0
1033,350
0,478
0,113
2035,0
2755,1135
2276,964
0,244
1223,447
918,446
0,388
91,58
131,58
0,297
0,131
326,93
236,0
74,20
114,21
3129,0
0,149
0,395
412,124
2520,994
0,372
406,130
1892,776
1137,0
113,0
1681,688
0,1343
1054,0
234,113
0,16
130,10
666,0
3027,0
0,77
390,0
0,667
1550,0
1269,382
363,134
0,248
3113,1432
0,386
0,30
486,0
107,0
0,622
71,0
0,1146
1950,719
0,292
0,157
413,163
1925,687
3039,2027
1991,0
1240,636
2370,850
2149,0
0,109
499,200
1712,841
0,197
973,327
2411,1296
1687,0
0,399
581,169
865,0
0,256
0,39
758,217
749,384
53,0
807,0
183,34
2082,0
2963,1110
261,38
2824,0
472,0
2671,0
2348,0
0,59
766,0
1232,585
0,1269
0,532
0,358
883,136
0,49
2838,1896
719,0
582,0
334,136
118,45
321,0
0,804
1405,548
674,256
589,0
872,0
2272,0
2166,651
0,185
1975,0
144,36
2005,768
1368,518
1500,528
1703,0
1912,898
0,1092
227,0
2605,845
1392,0
0,143
0,114
59,0
3211,1769
0,1321
1452,0
373,134
0,78
286,94
2751,0
1774,1259
1796,755
726,0
2600,826
995,274
1609,729
989,229
44,13
0,1414
0,356
183,36
2375,624
2522,990
0,651
0,50
2097,541
1646,840
2172,0
1841,543
0,481
1063,0
677,0
1568,712
0,765
0,436
770,222
1125,482
215,0
0,127
582,0
0,110
153,0
2051,0
0,610
1579,447
2059,0
2401,1100
464,163
392,134
593,0
2360,0
598,239
0,1143
1637,482
1108,284
938,271
1269,552
380,208
2851,0
0,924
0,207
0,323
0,121
0,170
0,1022
1683,0
595,163
64,0
463,0
0,461
798,0
947,0
2074,923
456,106
0,797
2297,558
0,976
0,118
297,79
0,970
1671,764
0,1056
2152,1069
2426,0
2095,547
2032,817
531,129
92,41
2427,998
1815,744
1674,672
3112,0
1498,777
1535,767
640,193
399,0
1665,0
2254,1079
0,321
0,582
0,388
419,0
1661,653
527,165
2244,1025
2148,884
0,1056
0,406
0,373
2704,0
0,1784
0,139
2216,808
0,360
330,0
0,735
1375,595
486,187
2940,0
601,74
0,47
0,688
106,0
2069,0
0,566
0,16
1032,436
1649,681
0,106
2889,0
2563,0
208,45
0,414
1200,348
0,390
2193,0
1686,0
0,174
2650,1029
1280,535
851,370
0,165
0,255
1856,764
524,0
0,109
0,1106
1685,783
2319,997
215,0
2504,0
0,1180
168,0
2358,0
0,31
2528,0
868,328
2880,1268
362,0
163,41
313,87
429,87
0,273
1107,0
0,224
717,0
2562,1098
0,64
445,0
292,81
1169,0
134,0
0,1249
1919,0
2159,840
0,607
0,1024
0,260
0,51
101,0
586,0
0,344
0,278
1158,383
2870,0
0,1082
199,0
483,0
77,0
21,2
126,0
369,0
1178,211
861,419
0,663
314,0
1775,933
0,574
0,434
630,237
1797,565
0,1086
0,282
0,840
2823,0
2606,0
0,154
2693,1113
1567,343
1413,545
0,135
219,65
0,1309
2009,1129
0,180
295,0
391,0
1865,676
1065,0
713,198
2410,697
379,0
0,83
184,0
3147,0
766,0
0,572
2135,0
173,57
0,190
0,980
1876,1245
0,444
1408,532
106,0
0,202
1382,0
946,0
1032,603
1087,541
1151,472
1966,780
0,217
557,103
607,299
1455,327
626,221
0,659
239,37
1443,524
1871,753
359,0
0,1123
1799,555
348,0
327,95
0,615
1341,0
0,699
215,75
559,123
155,50
1613,837
0,938
0,490
83,2
1427,0
0,488
0,828
2206,1054
406,0
325,31
2020,823
1445,677
0,1850
0,13
771,104
102,17
83,9
416,131
191,0
1682,712
1135,0
1669,674
793,0
1864,947
2370,952
916,0
252,0
28,2
224,54
0,185
0,1159
813,191
0,603
2392,1368
206,70
0,326
0,60
84,0
0,162
1761,910
0,355
0,782
1831,830
0,287
1110,0
0,376
0,159
1378,499
1237,316
522,0
362,89
88,20
348,136
0,1113
2162,855
0,603
1530,700
501,0
1212,461
0,274
0,1683
0,578
729,170
2331,0
175,0
93,32
934,356
298,114
1561,566
2127,1129
0,393
666,185
0,67
0,61
0,42
266,0
1372,0
874,0
1379,0
2124,0
1757,0
243,62
555,218
0,512
726,369
779,0
0,41
1139,354
0,670
391,158
1264,682
0,286
2228,0
0,691
0,486
0,273
0,227
1644,556
1145,0
472,134
1809,0
2100,1061
692,171
0,1015
0,40
0,239
1465,606
270,0
0,17
1020,0
0,266
0,130
1640,0
0,282
1280,0
0,490
527,120
921,0
0,172
0,131
449,0
0,252
1750,0
1192,570
1375,852
0,436
0,634
357,84
1250,0
0,1025
914,203
0,563
1431,306
262,98
464,0
234,72
0,396
541,0
960,0
179,36
2183,0
803,160
630,166
119,0
1657,583
1608,0
0,18
1424,0
507,137
882,0
58,6
1653,576
0,205
0,340
0,130
1706,589
0,194
1792,0
980,0
1503,557
573,243
503,225
1159,0
0,149
1925,842
0,421
481,152
922,0
0,956
0,685
747,274
65,29
42,11
1276,268
0,54
0,340
1650,629
0,879
1211,665
0,116
713,209
2307,0
0,50
2109,0
0,32
1495,0
307,0
2482,1920
566,87
0,204
0,153
513,215
1003,0
2058,0
2239,701
0,1047
141,0
0,228
418,184
2186,0
0,327
1553,643
0,288
0,1281
0,1232
0,166
997,0
959,366
912,0
269,41
2160,0
0,326
250,42
1111,0
2093,0
503,0
0,689
100,14
0,37
165,0
276,82
2289,1280
2230,1255
1353,0
2983,0
0,324
920,276
1689,708
1289,534
0,399
0,1134
820,133
2078,1227
1943,0
3119,2280
676,218
985,396
2016,987
0,191
2248,923
1037,240
428,0
2309,1149
0,321
0,206
319,115
0,1127
2972,1377
0,250
1459,517
1876,680
1080,421
0,450
322,84
0,490
200,57
0,51
1421,0
108,0
325,136
1414,290
2233,905
1209,198
0,937
437,93
0,194
0,1383
0,206
2486,1055
0,1038
1075,0
457,131
1636,0
2578,1391
350,44
892,377
0,117
1016,0
635,0
276,0
2010,0
388,126
1363,0
2025,704
0,999
2259,0
224,77
0,1216
1455,0
1135,0
618,330
2020,0
827,0
0,95
1322,0
0,812
702,143
0,1077
1219,369
963,0
1326,387
1433,717
230,0
0,19
0,401
802,242
0,618
0,165
0,729
2687,1298
542,174
366,108
1428,0
1627,636
1484,645
0,822
2426,0
1641,0
1029,0
0,765
104,33
0,200
0,306
0,207
655,0
447,0
0,1341
0,1177
0,544
0,1186
1954,0
352,108
198,0
0,1169
0,1100
936,347
1418,377
1423,522
1239,467
2278,0
376,183
2229,0
0,876
138,38
2678,0
721,0
1997,838
544,182
1209,307
2171,876
892,270
0,472
0,188
980,331
795,0
1156,262
0,1100
0,15
36,12
2285,0
2936,1359
0,229
0,121
189,0
0,1094
68,22
63,22
1312,323
1457,538
0,263
58,0
0,467
2391,1463
0,1455
489,194
0,96
0,1250
86,0
435,125
830,259
0,933
0,110
1411,628
693,0
2033,610
847,0
61,0
0,152
951,0
0,303
0,40
0,525
925,0
97,0
1161,0
0,909
0,240
0,170
1257,0
2204,0
0,625
650,0
911,403
0,302
2530,1249
831,0
0,573
690,0
2141,1042
1855,891
160,7
1557,0
716,0
316,0
228,115
224,0
751,274
395,115
598,213
1054,0
2468,0
1583,470
252,101
2341,810
2178,716
768,0
0,47
1353,338
100,33
2094,0
1198,0
1635,0
2846,1873
1614,529
238,0
2358,1394
494,0
301,112
390,0
234,59
0,1011
3017,1791
818,0
675,0
265,0
1016,339
1729,0
3023,0
1209,401
0,214
399,81
0,133
2028,0
0,416
0,970
0,425
1503,0
727,0
2312,0
1083,0
1970,859
2531,0
639,0
0,1737
0,104
533,194
0,96
0,60
1797,0
2805,1382
869,0
349,0
1950,0
1850,0
0,173
1666,0
754,0
575,0
2461,1081
0,432
1856,0
0,754
2434,781
1143,487
958,0
655,181
1376,579
2040,588
1478,0
146,28
0,84
2553,0
158,40
2240,715
0,97
2078,0
2138,987
1312,0
2400,1291
0,191
1538,665
1469,540
642,0
1974,0
0,908
2862,0
0,272
2409,791
0,329
0,1298
260,0
2780,1343
488,109
1346,608
196,0
807,184
476,201
0,35
2556,1209
292,73
984,0
982,0
0,107
789,0
1527,0
0,1328
79,22
952,341
1770,770
167,67
373,0
2179,0
0,435
2820,1007
165,0
54,0
0,349
0,429
1400,607
1325,408
2783,0
1533,0
0,118
1207,211
0,646
270,0
0,213
1283,0
0,181
527,206
95,20
0,1372
0,532
2159,879
2638,0
418,79
1089,350
1726,403
1281,0
0,626
1482,0
664,0
707,0
2337,0
250,0
0,54
392,0
0,261
830,301
2730,1264
2041,0
0,1465
0,1488
1741,703
620,0
2490,760
392,0
2457,1131
0,146
804,144
55,27
337,0
0,582
776,197
470,104
180,0
1775,1028
0,1583
2157,759
0,1118
0,624
0,570
0,404
1674,603
751,202
1309,417
2718,0
1049,0
2502,1035
1750,0
0,93
2512,0
0,315
1648,0
0,545
0,74
1675,833
406,87
1037,0
988,382
0,256
64,0
982,467
0,827
143,32
983,397
683,0
0,390
0,962
0,379
0,274
180,56
1529,0
2800,0
1583,0
935,0
1564,567
2428,0
2087,0
680,0
0,666
0,122
0,782
2513,0
67,22
2587,1043
0,883
1391,0
0,15
0,27
0,57
76,24
1565,725
0,273
2225,1107
0,27
1956,943
683,168
0,1010
0,89
1382,0
1652,340
192,94
2455,1656
0,129
268,0
845,216
0,319
2421,1007
0,708
2193,0
913,686
0,1513
0,549
0,533
0,1413
2681,1446
91,0
0,277
535,231
0,349
0,946
2490,0
164,0
2454,1168
1093,580
0,588
687,254
712,219
0,804
2981,2217
674,0
0,665
0,188
0,136
1274,425
2618,1463
1228,470
1926,0
1411,552
0,377
441,137
1064,0
0,646
1673,396
2730,0
2241,0
0,1117
0,632
703,0
527,207
187,0
1370,554
0,74
0,190
631,184
2135,1163
809,485
1587,0
2035,0
0,147
2418,911
633,0
0,503
1865,470
0,778
0,90
2354,777
0,432
0,286
2925,1720
1907,0
1468,461
0,1236
0,566
0,1228
2414,1244
1146,265
208,37
1101,0
198,36
0,20
2024,956
0,203
0,62
973,424
0,487
485,201
256,106
195,0
1462,663
0,1055
701,0
61,17
58,12
801,351
924,248
504,149
0,855
2045,785
1148,486
0,512
0,261
1193,0
0,485
368,100
824,0
0,1292
1423,0
1730,606
738,0
2186,0
0,648
2857,0
1148,246
167,44
0,717
1005,0
1253,0
0,445
1197,274
1397,434
198,0
0,1277
0,172
683,188
1563,0
1330,0
407,0
1319,426
271,0
586,0
0,529
767,434
1743,0
1287,385
832,338
2080,0
1461,0
896,0
1404,660
0,428
1127,319
126,57
865,432
380,248
0,770
2228,1162
0,339
1641,541
1490,443
1040,0
194,45
1991,0
0,693
0,348
1432,0
272,0
1160,0
2383,713
128,0
2096,0
1991,0
678,403
2208,940
628,175
0,1387
0,769
1142,0
101,0
0,884
2016,0
0,341
858,0
332,105
0,1071
1605,0
0,472
0,909
861,0
1620,0
0,65
721,179
2823,1350
96,0
0,325
845,327
103,0
1079,433
634,0
1342,0
1505,0
2041,700
1075,0
496,0
986,0
1059,632
2115,0
0,375
2108,1048
0,463
225,0
1108,0
599,115
61,20
982,363
0,55
0,122
797,412
176,63
0,1399
432,0
0,846
1005,395
0,623
1373,628
1253,595
1198,0
699,123
1761,857
0,120
692,299
2700,0
1867,569
2394,0
1386,485
0,827
2666,1314
703,222
0,2029
2734,0
329,0
251,0
770,320
0,1016
321,105
2566,1213
469,210
0,425
1839,1036
556,122
2379,0
0,1874
0,555
1265,426
1313,0
375,124
304,125
864,326
0,59
1094,0
866,0
383,152
0,287
2631,1249
0,237
835,0
0,767
1434,589
156,36
1027,0
2709,0
1096,562
480,0
0,109
416,157
1800,0
857,0
0,287
1934,0
101,0
1687,0
42,13
2598,0
0,677
112,0
95,0
2401,0
1751,566
1041,0
0,64
0,761
1489,0
903,0
433,213
2380,0
1255,567
0,488
0,1501
0,842
0,60
0,297
380,153
0,514
1274,231
256,68
219,69
0,112
235,89
1861,764
0,26
195,0
595,150
0,125
1464,753
2647,0
1263,0
1629,0
917,430
0,475
244,80
565,0
635,0
225,65
547,0
0,200
2004,650
0,1070
0,283
542,0
2084,0
2276,871
725,0
170,55
2016,1040
1107,341
470,205
508,0
311,0
0,766
2259,1054
691,0
0,134
0,664
0,187
1667,810
977,0
1318,0
1667,558
192,0
0,972
617,239
1622,733
880,332
459,181
680,204
0,22
61,0
762,300
1915,834
0,582
2644,1823
0,484
0,87
0,472
0,1503
2540,0
2271,854
120,0
1557,0
0,138
186,58
0,217
665,319
0,296
656,142
169,31
0,29
0,90
2750,0
68,0
2106,918
1435,0
748,338
658,217
0,61
590,0
212,83
199,29
1774,638
0,406
510,0
584,207
1773,532
114,28
1228,532
518,203
1020,246
0,25
0,936
639,262
405,106
0,527
1367,413
1705,0
0,292
0,1164
0,1779
1778,780
574,0
808,0
0,1113
1482,783
601,330
583,79
0,894
1281,371
0,322
521,0
0,141
0,285
2809,1816
0,1047
1551,0
1882,638
0,586
0,129
1743,0
2063,900
2292,1415
316,98
574,414
0,864
2335,999
0,898
0,2099
238,0
1486,425
1283,338
0,1483
0,275
366,106
1500,0
392,170
0,411
1228,412
1197,462
1046,408
1642,0
1284,0
0,562
1291,0
2744,0
0,95
2298,0
2323,1217
0,883
0,437
1490,421
538,262
2101,689
0,442
163,48
1087,0
1782,851
1123,0
1324,587
960,0
0,217
0,127
2190,1029
0,559
0,748
2193,0
237,0
2422,1173
1998,0
0,786
0,581
2279,0
0,752
2794,1954
0,535
1428,496
1608,0
1843,0
0,339
0,168
1533,0
0,743
1754,919
1140,0
1753,678
0,425
0,286
2459,835
1560,0
2474,0
0,468
0,152
2694,2024
883,523
1345,389
234,148
2244,1344
1190,0
1205,430
1787,0
2133,556
80,36
0,35
0,206
0,80
293,0
0,592
0,447
739,0
738,0
1776,815
0,759
0,1246
1820,700
0,230
1104,401
2045,687
0,100
0,70
1015,232
1047,445
1088,0
1229,0
1538,0
0,1025
1587,638
675,210
0,1104
0,81
170,0
0,597
310,0
0,31
0,165
2605,1075
1000,0
2164,1196
0,516
0,636
157,64
0,14
74,0
2132,0
2198,1173
1031,374
198,79
2054,889
2082,1154
1207,0
0,299
0,197
1632,0
2129,0
461,184
195,0
0,351
0,711
76,39
0,122
162,58
118,0
2657,1254
1728,506
1365,307
561,171
2336,630
575,219
1477,461
3030,2061
2236,0
1627,0
0,139
0,1173
1123,444
2066,959
0,291
458,0
1265,327
0,1096
0,124
0,1830
981,335
205,0
471,98
2513,1309
108,21
708,346
1657,701
1171,522
0,179
377,148
0,849
139,58
0,196
0,57
0,791
2237,814
0,639
0,23
