3000 3
0.054086 0.791541 0.976248 
0.379188 0.895170 0.067198 
0.411442 0.288714 0.980841 
0.652218 0.359260 0.615808 
0.560833 0.191622 0.756418 
0.060961 0.903672 0.421234 
0.779733 0.161522 0.640867 
0.176741 0.422314 0.916229 
0.589761 0.431800 0.655641 
0.248767 0.505227 0.778427 
0.407589 0.665000 0.347420 
0.325138 0.482876 0.648079 
0.233117 0.585563 0.919315 
0.690443 0.789711 0.129290 
0.178113 0.505174 0.667038 
0.676643 0.724751 0.167587 
0.512093 0.739023 0.185576 
0.877413 0.592475 0.193764 
0.656441 0.181809 0.886236 
0.468784 0.361017 0.718740 
0.566049 0.125748 0.692808 
0.330106 0.320261 0.699021 
0.640098 0.552521 0.326130 
0.631546 0.324036 0.551235 
0.665530 0.809608 0.072205 
0.532054 0.470827 0.667073 
0.192106 0.624781 0.634444 
0.409990 0.683136 0.206368 
0.571131 0.839982 0.278599 
0.476506 0.299385 0.680336 
0.478713 0.491000 0.538994 
0.912997 0.651470 0.056970 
0.166615 0.649008 0.652938 
0.650294 0.391057 0.569049 
0.940607 0.230479 0.365701 
0.698189 0.731047 0.071145 
0.630742 0.591861 0.319084 
0.644239 0.728461 0.108207 
0.485791 0.701104 0.433432 
0.891245 0.579176 0.152076 
0.945373 0.084008 0.436530 
0.161212 0.810294 0.366684 
0.793122 0.599257 0.202305 
0.406654 0.607569 0.300874 
0.997228 0.120093 0.366155 
0.408943 0.294973 0.851044 
0.111112 0.637245 0.748022 
0.951330 0.515799 0.082140 
0.186038 0.983316 0.564712 
0.209734 0.829353 0.386102 
0.724219 0.333415 0.384493 
0.599294 0.303650 0.395533 
0.426333 0.921060 0.063725 
0.470066 0.272316 0.695487 
0.983094 0.211677 0.393933 
0.401763 0.609955 0.161388 
0.567199 0.424787 0.463370 
0.164350 0.689208 0.865372 
0.108278 0.778182 0.572584 
0.593484 0.202872 0.641406 
0.174423 0.783666 0.472455 
0.512626 0.151249 0.737363 
0.869790 0.139564 0.250479 
0.528206 0.546870 0.407698 
0.511248 0.228908 0.849740 
0.860051 0.237295 0.466179 
0.312160 0.352854 0.866860 
0.293301 0.915264 0.320046 
0.346472 0.863463 0.026682 
0.901441 0.604478 0.090157 
0.264122 0.555425 0.702688 
0.505294 0.418399 0.662206 
0.473880 0.493124 0.517469 
0.421812 0.556413 0.548528 
0.423096 0.616387 0.329669 
0.443613 0.431563 0.828459 
0.167759 0.614715 0.816795 
0.568343 0.572712 0.582801 
0.687047 0.432095 0.388342 
0.944372 0.011927 0.430250 
0.825954 0.214830 0.455679 
0.260548 0.164862 0.996723 
0.450136 0.919334 0.111940 
0.412646 0.505365 0.356640 
0.371429 0.586115 0.749899 
0.974262 0.282915 0.136132 
0.766928 0.151382 0.503866 
0.426228 0.580529 0.490443 
0.369804 0.859803 0.618442 
0.798591 0.661476 0.146423 
0.615423 0.154870 0.693220 
0.086501 0.453535 0.881475 
0.492656 0.682764 0.225359 
0.185415 0.579814 0.720581 
0.646271 0.213711 0.669073 
0.968204 0.125649 0.468553 
0.386341 0.772879 0.544165 
0.106155 0.676038 0.665314 
0.639413 0.381586 0.460925 
0.566637 0.582337 0.491992 
0.802567 0.222491 0.189089 
0.416329 0.346885 0.723411 
0.455840 0.319788 0.542666 
0.774442 0.394593 0.464576 
0.377586 0.964362 0.046527 
0.308311 0.954516 0.148440 
0.641906 0.228354 0.611299 
0.472943 0.515970 0.405860 
0.103778 0.302557 0.846526 
0.858933 0.493116 0.178460 
0.113745 0.996281 0.368502 
0.474767 0.405942 0.670928 
0.051899 0.871100 0.595677 
0.168896 0.662589 0.658368 
0.307044 0.533214 0.592653 
0.386312 0.374087 0.818803 
0.482014 0.740520 0.259462 
0.299934 0.454265 0.616587 
0.704921 0.078679 0.619164 
0.361371 0.739947 0.364232 
0.658001 0.828038 0.078162 
0.047691 0.720629 0.646588 
0.259378 0.605185 0.504410 
0.100019 0.709152 0.741656 
0.409351 0.745501 0.354514 
0.235881 0.940211 0.620865 
0.421085 0.628922 0.673707 
0.562146 0.748373 0.123454 
0.594524 0.623578 0.185754 
0.214641 0.484265 0.726320 
0.555650 0.435547 0.340770 
0.589445 0.210300 0.574055 
0.112684 0.848259 0.404442 
0.465819 0.285450 0.885008 
0.660936 0.393569 0.454569 
0.109044 0.535938 0.966745 
0.854396 0.053355 0.645764 
0.589842 0.230611 0.773652 
0.482855 0.460223 0.476362 
0.637058 0.363520 0.561655 
0.611095 0.206073 0.613760 
0.289950 0.929587 0.155476 
0.568838 0.350205 0.469059 
0.353324 0.900018 0.171843 
0.936171 0.101579 0.460106 
0.453109 0.575806 0.473788 
0.631192 0.323557 0.724129 
0.836055 0.039131 0.369252 
0.263195 0.721402 0.529075 
0.495709 0.861497 0.195438 
0.226414 0.868410 0.396456 
0.950095 0.513743 0.219393 
0.683952 0.171240 0.443566 
0.068162 0.778698 0.386977 
0.063586 0.997977 0.504951 
0.742108 0.426612 0.211912 
0.032048 0.659387 0.702021 
0.783643 0.403025 0.292749 
0.769064 0.443347 0.501033 
0.638397 0.291890 0.449726 
0.384146 0.388946 0.552650 
0.558916 0.317146 0.778684 
0.593249 0.406126 0.503087 
0.662038 0.385270 0.217201 
0.567761 0.525360 0.465988 
0.339437 0.177682 0.919587 
0.433023 0.971415 0.068865 
0.992254 0.339810 0.382650 
0.452569 0.296658 0.934119 
0.204808 0.885110 0.333848 
0.167695 0.464815 0.974160 
0.875708 0.353248 0.240534 
0.269825 0.200495 0.990909 
0.632658 0.325894 0.394667 
0.697690 0.465378 0.357591 
0.056482 0.803273 0.646123 
0.243423 0.906222 0.465109 
0.830802 0.083987 0.452524 
0.683348 0.392672 0.509346 
0.292995 0.885461 0.636361 
0.557366 0.180596 0.788398 
0.341917 0.148643 0.970748 
0.109209 0.418677 0.814871 
0.240016 0.512346 0.495193 
0.787136 0.302751 0.528014 
0.417109 0.532153 0.417141 
0.636093 0.515009 0.401788 
0.447865 0.920892 0.154687 
0.228599 0.683311 0.567274 
0.131914 0.585246 0.665133 
0.094305 0.701253 0.873894 
0.880090 0.332653 0.170138 
0.793686 0.427869 0.122690 
0.386851 0.783654 0.320055 
0.185937 0.748990 0.510883 
0.556967 0.487882 0.220484 
0.650343 0.593821 0.076213 
0.579882 0.982544 0.087532 
0.644711 0.097059 0.799516 
0.033757 0.968879 0.446480 
0.300150 0.274812 0.989434 
0.503046 0.658809 0.593082 
0.485676 0.327326 0.731753 
0.225560 0.663407 0.414423 
0.992971 0.198670 0.234188 
0.587259 0.489741 0.332535 
0.456746 0.471477 0.434057 
0.217731 0.688360 0.454057 
0.577278 0.296974 0.604940 
0.543041 0.577291 0.365334 
0.715585 0.462392 0.541942 
0.870406 0.352999 0.480938 
0.362429 0.567422 0.660478 
0.216237 0.557974 0.979402 
0.352829 0.358432 0.633569 
0.734416 0.290086 0.533001 
0.231830 0.674471 0.433576 
0.121007 0.919522 0.657881 
0.074232 0.396789 0.923523 
0.098605 0.462541 0.933481 
0.196181 0.654399 0.755748 
0.425914 0.888785 0.208266 
0.051347 0.467677 0.852702 
0.836340 0.126029 0.463336 
0.307854 0.963827 0.216996 
0.214029 0.479570 0.679537 
0.407731 0.925477 0.048066 
0.474323 0.490150 0.290177 
0.337276 0.935745 0.298665 
0.730217 0.675529 0.346787 
0.711437 0.522628 0.127246 
0.408949 0.912310 0.427817 
0.297411 0.529105 0.555731 
0.159317 0.336873 0.923608 
0.745395 0.071709 0.800447 
0.532257 0.289228 0.695097 
0.375246 0.040306 0.966312 
0.495204 0.652582 0.590162 
0.235746 0.872258 0.251261 
0.194433 0.801182 0.640175 
0.561773 0.110714 0.870769 
0.339767 0.511766 0.474079 
0.363841 0.499487 0.649776 
0.537392 0.323545 0.810158 
0.353966 0.493389 0.581689 
0.392808 0.295330 0.736765 
0.350550 0.782572 0.349507 
0.581650 0.467581 0.695729 
0.496598 0.327019 0.377226 
0.333336 0.470495 0.917447 
0.805575 0.599439 0.255495 
0.589384 0.100100 0.853973 
0.294491 0.671637 0.675966 
0.611713 0.322455 0.596280 
0.727634 0.573054 0.273660 
0.375758 0.269422 0.820848 
0.332374 0.718196 0.338862 
0.081553 0.591935 0.832930 
0.322196 0.449073 0.541998 
0.642910 0.316471 0.559969 
0.493210 0.659898 0.276516 
0.260807 0.482341 0.882500 
0.529079 0.554583 0.432214 
0.721358 0.876962 0.247176 
0.167909 0.460283 0.879296 
0.608403 0.566034 0.231732 
0.606439 0.574193 0.534342 
0.554555 0.636674 0.016843 
0.092806 0.639739 0.580321 
0.468952 0.485587 0.306325 
0.917971 0.138884 0.618824 
0.199355 0.542028 0.714280 
0.037683 0.959085 0.522123 
0.340649 0.814714 0.630899 
0.270758 0.461586 0.632162 
0.956617 0.197659 0.178789 
0.923501 0.172599 0.450663 
0.442652 0.222874 0.681507 
0.262472 0.684066 0.332578 
0.417695 0.349847 0.699334 
0.469486 0.696490 0.532616 
0.667943 0.178116 0.795464 
0.721158 0.224306 0.755751 
0.453013 0.405190 0.662453 
0.784355 0.481266 0.173261 
0.498883 0.148563 0.910785 
0.363285 0.735169 0.276814 
0.271772 0.644682 0.576228 
0.933047 0.475147 0.168636 
0.735092 0.382670 0.561439 
0.418758 0.377119 0.418936 
0.142400 0.626140 0.668673 
0.489056 0.555526 0.623431 
0.691680 0.087423 0.703081 
0.561141 0.841348 0.004806 
0.607886 0.209407 0.620926 
0.582610 0.675148 0.245103 
0.374384 0.418765 0.839282 
0.351749 0.878591 0.444946 
0.324243 0.893131 0.186595 
0.361729 0.580290 0.428756 
0.268329 0.195974 0.996154 
0.619552 0.437739 0.358788 
0.259045 0.757642 0.510568 
0.354848 0.910605 0.491850 
0.770768 0.204620 0.674611 
0.302065 0.495472 0.914402 
0.536408 0.472894 0.692176 
0.808446 0.569381 0.038629 
0.777771 0.428804 0.383812 
0.635621 0.706364 0.280234 
0.116582 0.374602 0.868618 
0.574539 0.249291 0.689813 
0.209879 0.613323 0.426072 
0.346688 0.227661 0.818529 
0.732473 0.481441 0.196425 
0.570783 0.716148 0.417125 
0.599514 0.462183 0.426299 
0.352452 0.312840 0.739192 
0.585719 0.677475 0.350178 
0.689642 0.176294 0.610684 
0.707513 0.530403 0.273517 
0.239320 0.207171 0.712969 
0.161283 0.778880 0.517261 
0.234893 0.555699 0.862932 
0.426645 0.327832 0.557726 
0.091211 0.543181 0.716521 
0.599628 0.024680 0.926432 
0.099362 0.964231 0.499155 
0.772990 0.095846 0.532439 
0.306467 0.453317 0.941118 
0.396361 0.918458 0.025372 
0.201780 0.819824 0.524595 
0.578334 0.123880 0.782262 
0.253939 0.531254 0.424290 
0.323820 0.638487 0.456803 
0.355930 0.919930 0.070617 
0.450842 0.042520 0.936754 
0.447018 0.373799 0.741531 
0.135582 0.731175 0.636279 
0.082437 0.731017 0.602285 
0.959452 0.121513 0.638228 
0.428568 0.083585 0.918304 
0.529070 0.739603 0.087826 
0.465902 0.599787 0.414818 
0.443432 0.329567 0.644088 
0.606334 0.985774 0.065539 
0.614228 0.793538 0.115189 
0.712256 0.411189 0.461082 
0.660287 0.613727 0.393251 
0.456500 0.117494 0.758408 
0.317401 0.638458 0.491693 
0.841328 0.403517 0.124786 
0.611976 0.067420 0.618740 
0.418882 0.251673 0.758218 
0.840023 0.214862 0.387472 
0.287768 0.727814 0.507766 
0.131915 0.555215 0.876808 
0.222307 0.568024 0.743867 
0.154712 0.460920 0.730889 
0.579423 0.713274 0.291904 
0.586245 0.812954 0.281143 
0.485232 0.397422 0.778114 
0.300591 0.779921 0.771234 
0.303379 0.413580 0.716684 
0.872016 0.221611 0.587589 
0.786196 0.494370 0.135146 
0.634156 0.537801 0.257434 
0.384455 0.293852 0.849018 
0.792167 0.234887 0.520687 
0.521908 0.543601 0.482092 
0.430020 0.656257 0.383353 
0.195978 0.203062 0.969298 
0.034812 0.466221 0.835140 
0.018254 0.692160 0.681447 
0.273665 0.573472 0.465695 
0.077473 0.480485 0.924198 
0.641331 0.458100 0.242542 
0.613045 0.342780 0.412299 
0.271518 0.475162 0.832571 
0.230232 0.426293 0.748160 
0.666727 0.389539 0.513368 
0.388566 0.401858 0.358534 
0.266392 0.787626 0.592534 
0.574161 0.725381 0.344125 
0.345446 0.535997 0.509690 
0.849346 0.055155 0.685502 
0.666341 0.220674 0.627840 
0.253576 0.953093 0.132376 
0.854783 0.407288 0.295142 
0.115195 0.719429 0.846520 
0.463580 0.551489 0.434933 
0.541807 0.490121 0.603605 
0.909783 0.014582 0.533064 
0.629782 0.145557 0.770347 
0.964649 0.149426 0.534383 
0.759710 0.475987 0.283887 
0.953414 0.321912 0.342506 
0.498397 0.443596 0.401015 
0.373899 0.555445 0.757658 
0.954424 0.553442 0.025943 
0.385319 0.546083 0.501429 
0.673954 0.075810 0.533063 
0.720374 0.525198 0.154197 
0.214113 0.694063 0.577038 
0.281261 0.422182 0.866501 
0.220390 0.685805 0.574829 
0.692620 0.022737 0.938878 
0.928455 0.155628 0.588480 
0.444263 0.495274 0.652686 
0.801454 0.569574 0.113267 
0.571490 0.584484 0.403882 
0.700341 0.718711 0.003078 
0.519943 0.334419 0.473289 
0.726459 0.541736 0.514273 
0.231933 0.948272 0.383173 
0.860364 0.192541 0.522727 
0.488596 0.559363 0.552194 
0.560240 0.136649 0.778504 
0.718824 0.668904 0.093841 
0.438292 0.935063 0.200177 
0.387883 0.131767 0.824060 
0.552684 0.887093 0.140344 
0.281037 0.782296 0.194998 
0.626975 0.359705 0.498244 
0.544793 0.483306 0.682837 
0.967485 0.550307 0.124900 
0.911783 0.006972 0.566044 
0.207653 0.234272 0.976784 
0.973055 0.338101 0.307903 
0.051340 0.839297 0.722375 
0.229493 0.917315 0.540493 
0.564766 0.348219 0.537703 
0.369360 0.315425 0.878644 
0.116961 0.982810 0.518911 
0.501015 0.393887 0.757104 
0.541797 0.682631 0.388298 
0.266788 0.685512 0.404508 
0.361000 0.509132 0.410499 
0.933755 0.177104 0.536360 
0.564040 0.485037 0.650076 
0.662470 0.838295 0.290761 
0.574107 0.338061 0.648683 
0.962821 0.180268 0.391310 
0.135665 0.646379 0.756446 
0.663894 0.631778 0.388260 
0.457965 0.572428 0.485109 
0.446964 0.954324 0.041214 
0.836596 0.036530 0.869956 
0.456047 0.348210 0.805721 
0.458404 0.699098 0.432645 
0.447833 0.941904 0.106160 
0.336863 0.676619 0.671656 
0.060833 0.403519 0.981406 
0.988606 0.229532 0.276823 
0.358828 0.324086 0.722311 
0.522466 0.435522 0.572407 
0.457300 0.809536 0.131510 
0.035258 0.661841 0.960794 
0.057923 0.973736 0.520646 
0.401232 0.628199 0.569882 
0.351634 0.398743 0.528003 
0.458700 0.879310 0.128666 
0.897403 0.510074 0.327747 
0.810910 0.629715 0.011137 
0.857681 0.261581 0.454208 
0.630849 0.396905 0.450854 
0.505648 0.124234 0.680836 
0.612747 0.686265 0.225318 
0.860821 0.443593 0.076296 
0.572841 0.541828 0.284733 
0.921881 0.226918 0.281889 
0.131150 0.664452 0.704441 
0.559305 0.616055 0.199649 
0.108320 0.678246 0.569132 
0.582035 0.725913 0.420172 
0.886669 0.427078 0.366738 
0.302989 0.456407 0.834989 
0.503581 0.836870 0.184905 
0.215007 0.933601 0.535542 
0.686896 0.583332 0.339875 
0.628852 0.217538 0.715258 
0.718553 0.196237 0.585428 
0.178260 0.676949 0.556169 
0.446173 0.393057 0.607706 
0.672146 0.531771 0.306482 
0.843106 0.215010 0.688237 
0.633850 0.500599 0.465904 
0.579219 0.585281 0.372838 
0.142103 0.830946 0.558541 
0.536948 0.591509 0.530240 
0.678222 0.111127 0.799219 
0.794399 0.466386 0.097805 
0.398107 0.822370 0.163074 
0.190062 0.513081 0.456348 
0.761040 0.051270 0.761610 
0.030246 0.433860 0.760280 
0.647209 0.458773 0.279568 
0.838357 0.482908 0.348344 
0.120980 0.786191 0.606220 
0.125806 0.660320 0.609282 
0.826906 0.595089 0.047216 
0.720253 0.333680 0.469273 
0.163891 0.461545 0.822705 
0.572773 0.585733 0.271435 
0.586473 0.490175 0.401159 
0.764664 0.235580 0.576534 
0.876627 0.457643 0.218659 
0.795635 0.337086 0.510922 
0.409935 0.363716 0.909734 
0.670586 0.440982 0.612602 
0.229154 0.481139 0.965819 
0.935534 0.019466 0.652165 
0.303377 0.843466 0.311418 
0.430176 0.594087 0.729188 
0.336688 0.520270 0.906462 
0.809520 0.161850 0.615393 
0.660352 0.206020 0.392362 
0.333790 0.291176 0.913453 
0.963100 0.384080 0.120999 
0.643043 0.202912 0.625789 
0.546799 0.373152 0.375631 
0.415214 0.265654 0.787647 
0.402394 0.148931 0.932947 
0.964228 0.212860 0.186740 
0.010624 0.567864 0.825845 
0.488646 0.737437 0.332015 
0.726655 0.623540 0.083099 
0.968661 0.589268 0.123500 
0.212699 0.515757 0.674304 
0.295711 0.798805 0.564798 
0.942805 0.408037 0.061197 
0.057461 0.631880 0.648703 
0.896174 0.567631 0.126602 
0.776340 0.358885 0.106658 
0.122383 0.627264 0.892937 
0.471441 0.944836 0.116380 
0.151907 0.628021 0.340908 
0.839965 0.680299 0.166958 
0.489335 0.375618 0.529190 
0.123767 0.932961 0.366885 
0.695707 0.159786 0.447037 
0.216601 0.609714 0.696732 
0.378855 0.514860 0.586037 
0.899654 0.195380 0.588880 
0.429170 0.760637 0.229541 
0.508161 0.350586 0.645402 
0.398304 0.532599 0.580630 
0.446447 0.128385 0.865822 
0.717131 0.654864 0.319924 
0.436839 0.619133 0.577054 
0.730302 0.719956 0.018611 
0.442489 0.696745 0.295963 
0.387949 0.735226 0.282050 
0.691406 0.509870 0.628941 
0.391311 0.475403 0.595498 
0.519079 0.721128 0.259493 
0.782534 0.107499 0.449362 
0.894432 0.048212 0.483358 
0.247463 0.370753 0.847398 
0.946442 0.428653 0.088865 
0.112293 0.451551 0.710763 
0.263212 0.847591 0.349863 
0.926603 0.695508 0.104489 
0.840345 0.343469 0.351467 
0.542002 0.098466 0.897449 
0.714335 0.671188 0.136264 
0.540436 0.171975 0.756370 
0.152549 0.800068 0.401838 
0.307086 0.263610 0.987866 
0.690558 0.279874 0.493176 
0.621572 0.766599 0.387150 
0.482372 0.827295 0.024967 
0.860714 0.638253 0.184176 
0.851539 0.058410 0.357616 
0.541444 0.010951 0.835532 
0.160103 0.459070 0.630679 
0.479730 0.551056 0.195232 
0.701393 0.475574 0.528583 
0.451087 0.306607 0.941722 
0.360956 0.644147 0.696659 
0.605608 0.849077 0.027608 
0.953704 0.509421 0.035705 
0.526802 0.449472 0.632887 
0.747672 0.531608 0.335088 
0.531815 0.267467 0.769779 
0.223207 0.647897 0.657878 
0.602395 0.337747 0.802096 
0.696575 0.402803 0.381965 
0.516202 0.661802 0.251561 
0.104942 0.845921 0.750441 
0.641588 0.296693 0.534772 
0.834287 0.035243 0.762235 
0.607370 0.658571 0.282956 
0.337926 0.458655 0.853412 
0.760622 0.152266 0.540600 
0.981177 0.408945 0.196299 
0.897814 0.080820 0.485726 
0.494283 0.655603 0.563423 
0.656598 0.444912 0.354765 
0.752649 0.109125 0.731648 
0.331336 0.549797 0.656871 
0.643600 0.214801 0.699342 
0.409334 0.080323 0.807925 
0.517234 0.914759 0.175462 
0.804848 0.470700 0.145577 
0.122390 0.614719 0.906354 
0.611374 0.625692 0.207746 
0.630989 0.232346 0.578685 
0.711599 0.770325 0.082421 
0.740680 0.153609 0.655584 
0.745420 0.102558 0.340888 
0.555946 0.555761 0.510262 
0.567157 0.610902 0.187276 
0.035894 0.313899 0.958387 
0.543644 0.694640 0.050348 
0.244432 0.795828 0.428051 
0.370315 0.388899 0.935969 
0.400016 0.576996 0.471265 
0.600130 0.297961 0.561222 
0.544037 0.630604 0.196257 
0.715954 0.402717 0.443861 
0.198056 0.675247 0.713949 
0.768384 0.639798 0.219518 
0.725709 0.487692 0.146991 
0.766520 0.568984 0.149752 
0.230765 0.685882 0.619123 
0.741470 0.186861 0.608300 
0.773024 0.367993 0.395867 
0.063432 0.773022 0.656686 
0.779607 0.370219 0.150573 
0.993585 0.384087 0.171745 
0.275444 0.797131 0.500831 
0.250938 0.427808 0.857162 
0.574260 0.686250 0.456992 
0.159437 0.462604 0.709715 
0.632509 0.223747 0.488239 
0.280972 0.709420 0.503755 
0.917731 0.367161 0.011421 
0.493296 0.202230 0.738079 
0.867771 0.401732 0.513349 
0.085464 0.888942 0.419518 
0.190430 0.693342 0.585275 
0.633761 0.450952 0.408646 
0.686687 0.237172 0.633986 
0.500916 0.686019 0.215981 
0.168417 0.493652 0.931641 
0.563305 0.347712 0.454121 
0.174057 0.513787 0.843411 
0.147382 0.894236 0.488504 
0.486398 0.326016 0.541280 
0.684897 0.421518 0.456693 
0.445799 0.423169 0.462389 
0.743307 0.229873 0.639727 
0.694090 0.316005 0.577453 
0.850020 0.230029 0.442248 
0.087005 0.709614 0.545468 
0.537366 0.583410 0.503650 
0.634323 0.438508 0.541195 
0.021465 0.770928 0.646402 
0.806638 0.365984 0.235284 
0.112872 0.896263 0.594387 
0.477945 0.516274 0.381474 
0.650223 0.150468 0.713930 
0.627150 0.679171 0.584740 
0.501559 0.844854 0.420758 
0.832234 0.464913 0.289446 
0.074151 0.351982 0.817423 
0.864315 0.422022 0.242434 
0.595449 0.655662 0.326632 
0.559917 0.638654 0.200475 
0.462915 0.765952 0.467028 
0.842441 0.586606 0.122162 
0.527421 0.466375 0.308617 
0.082268 0.951938 0.633830 
0.580431 0.860656 0.185813 
0.571731 0.011227 0.771660 
0.617028 0.968464 0.104388 
0.370079 0.381014 0.655352 
0.642160 0.215695 0.542788 
0.551966 0.627838 0.269138 
0.559679 0.815515 0.392949 
0.488840 0.541014 0.540684 
0.093336 0.545850 0.655288 
0.665932 0.526333 0.462279 
0.298158 0.566536 0.444462 
0.503396 0.865859 0.332006 
0.501905 0.338275 0.525167 
0.582470 0.471515 0.468272 
0.070372 0.779948 0.887220 
0.383751 0.144452 0.997595 
0.740117 0.229826 0.503009 
0.777752 0.582540 0.244525 
0.847677 0.191417 0.541700 
0.397556 0.136714 0.963404 
0.712140 0.424047 0.345199 
0.713456 0.589623 0.152317 
0.755816 0.513163 0.131179 
0.077164 0.821718 0.509033 
0.479063 0.901392 0.218417 
0.014745 0.724340 0.600629 
0.163713 0.729844 0.805033 
0.571812 0.517632 0.353441 
0.605289 0.001249 0.904055 
0.596271 0.306415 0.715117 
0.551766 0.167814 0.535512 
0.067607 0.463949 0.951495 
0.438191 0.935635 0.119711 
0.174441 0.897572 0.625573 
0.931773 0.676721 0.034760 
0.359729 0.596898 0.624741 
0.237183 0.551162 0.604755 
0.321595 0.963906 0.032576 
0.731282 0.565062 0.393117 
0.514212 0.388110 0.630493 
0.502018 0.247370 0.521880 
0.423159 0.351438 0.781042 
0.877896 0.074863 0.648428 
0.698536 0.664371 0.231194 
0.231095 0.808185 0.523167 
0.534600 0.713671 0.157258 
0.698066 0.643780 0.388826 
0.546842 0.351677 0.734906 
0.748561 0.446058 0.365351 
0.543427 0.185544 0.609539 
0.333339 0.833600 0.361956 
0.143130 0.823544 0.379985 
0.482783 0.461118 0.464028 
0.531597 0.725721 0.046042 
0.381155 0.654676 0.567882 
0.708847 0.678645 0.045297 
0.469527 0.539269 0.538139 
0.412313 0.524857 0.676080 
0.597145 0.292144 0.695787 
0.399439 0.561095 0.624058 
0.399258 0.728309 0.255207 
0.457308 0.378363 0.661600 
0.670810 0.476420 0.266886 
0.663024 0.251591 0.558131 
0.540404 0.627980 0.338084 
0.495520 0.663237 0.121735 
0.989600 0.296822 0.479445 
0.621254 0.545174 0.276836 
0.940733 0.335281 0.160022 
0.757708 0.885855 0.000750 
0.841234 0.003915 0.628423 
0.095436 0.890556 0.688779 
0.794385 0.637316 0.173484 
0.946756 0.142046 0.695416 
0.714939 0.423045 0.163651 
0.453679 0.551871 0.547289 
0.418902 0.640759 0.556492 
0.161921 0.554203 0.816373 
0.370681 0.456660 0.605740 
0.199934 0.515387 0.850446 
0.922477 0.513382 0.007095 
0.665279 0.042518 0.746744 
0.005882 0.690993 0.623291 
0.373850 0.173283 0.802126 
0.243936 0.686026 0.418718 
0.466937 0.483564 0.567404 
0.708555 0.538796 0.329529 
0.047262 0.398821 0.918162 
0.605236 0.316719 0.630944 
0.177249 0.637789 0.635427 
0.789226 0.375967 0.533166 
0.815252 0.087388 0.435661 
0.691644 0.685319 0.111416 
0.424259 0.085256 0.739791 
0.142099 0.941022 0.757794 
0.464294 0.289125 0.644249 
0.822227 0.698272 0.079738 
0.508499 0.694055 0.177923 
0.696316 0.187234 0.904673 
0.580819 0.396227 0.433958 
0.118375 0.937688 0.663144 
0.825591 0.481849 0.258636 
0.069987 0.914603 0.631918 
0.191261 0.918147 0.328640 
0.408797 0.278836 0.966860 
0.616675 0.168810 0.572179 
0.576637 0.007035 0.974743 
0.622155 0.472452 0.348960 
0.784408 0.031285 0.692694 
0.016249 0.641924 0.801627 
0.711898 0.358293 0.502400 
0.520939 0.900669 0.108146 
0.555246 0.313543 0.701778 
0.079634 0.529580 0.650605 
0.280422 0.977922 0.359314 
0.830653 0.600998 0.154081 
0.654410 0.247526 0.598479 
0.325391 0.426070 0.721805 
0.762511 0.118159 0.437623 
0.445836 0.886414 0.282733 
0.758855 0.547334 0.095324 
0.186125 0.437877 0.810500 
0.546301 0.072587 0.854105 
0.252081 0.490674 0.724572 
0.007260 0.540056 0.942467 
0.549818 0.733899 0.152211 
0.420537 0.888438 0.296462 
0.949616 0.285795 0.396488 
0.719861 0.687022 0.119409 
0.618808 0.458464 0.546658 
0.153853 0.799764 0.547921 
0.939539 0.338246 0.252728 
0.429947 0.596272 0.498722 
0.897878 0.279283 0.340884 
0.755506 0.798328 0.108915 
0.829301 0.594398 0.080853 
0.919158 0.208924 0.308825 
0.440433 0.587543 0.574427 
0.571833 0.291623 0.747381 
0.805432 0.553166 0.344742 
0.211058 0.398260 0.934203 
0.763311 0.555237 0.229017 
0.250697 0.435111 0.869116 
0.286794 0.378618 0.719096 
0.781544 0.449865 0.330561 
0.540712 0.976737 0.106802 
0.379953 0.538923 0.659562 
0.789105 0.780686 0.059974 
0.624148 0.643411 0.108605 
0.640588 0.292674 0.580752 
0.254635 0.272229 0.986001 
0.238152 0.861842 0.458419 
0.793389 0.319731 0.404327 
0.384827 0.685407 0.509526 
0.501968 0.607434 0.472486 
0.281646 0.241564 0.771476 
0.348973 0.651825 0.570186 
0.802159 0.723980 0.068600 
0.470617 0.871024 0.128608 
0.285341 0.837086 0.321870 
0.398298 0.771664 0.291628 
0.587003 0.507027 0.350162 
0.501749 0.587072 0.462679 
0.978049 0.404517 0.277171 
0.301026 0.632145 0.412434 
0.233237 0.968648 0.183785 
0.658072 0.537867 0.237611 
0.707901 0.473717 0.366955 
0.076314 0.899135 0.669604 
0.654456 0.493005 0.240901 
0.524881 0.787482 0.159956 
0.327267 0.122806 0.992387 
0.421802 0.279637 0.920741 
0.477741 0.764731 0.502798 
0.412071 0.340952 0.814534 
0.697149 0.396193 0.277761 
0.932135 0.090148 0.667050 
0.626375 0.073722 0.651754 
0.580699 0.665821 0.247611 
0.319405 0.720726 0.368454 
0.168272 0.253706 0.787916 
0.327620 0.177095 0.733036 
0.258394 0.863737 0.286820 
0.614645 0.724482 0.058904 
0.689580 0.701024 0.545215 
0.803064 0.094156 0.509554 
0.249068 0.692145 0.545822 
0.770422 0.347607 0.455924 
0.523790 0.698279 0.281795 
0.850758 0.185596 0.400070 
0.747389 0.022154 0.870720 
0.734072 0.725390 0.183915 
0.666436 0.421963 0.463192 
0.604708 0.715796 0.414641 
0.186278 0.499514 0.878189 
0.697624 0.068498 0.704343 
0.415621 0.409917 0.567931 
0.185491 0.567769 0.736661 
0.183444 0.297743 0.925350 
0.571325 0.364222 0.744756 
0.547011 0.951251 0.072737 
0.986963 0.324336 0.117261 
0.856167 0.468962 0.164961 
0.514785 0.869106 0.034751 
0.755813 0.477724 0.182330 
0.378511 0.649356 0.360834 
0.504202 0.619545 0.506202 
0.366585 0.594741 0.581699 
0.750176 0.466230 0.143051 
0.908233 0.697104 0.079225 
0.720163 0.637741 0.435431 
0.596110 0.513430 0.289509 
0.430518 0.318571 0.731574 
0.369821 0.511528 0.575427 
0.491537 0.593869 0.496878 
0.910608 0.104627 0.681009 
0.080112 0.952117 0.485148 
0.456042 0.854462 0.143791 
0.812894 0.252533 0.509861 
0.810687 0.418902 0.245983 
0.776050 0.291540 0.585831 
0.282617 0.993987 0.287530 
0.571593 0.200779 0.702767 
0.302733 0.496030 0.586836 
0.816681 0.230595 0.190881 
0.158753 0.420135 0.863218 
0.155562 0.089584 0.983455 
0.897287 0.374584 0.130209 
0.250707 0.488065 0.778292 
0.307182 0.566421 0.493761 
0.549646 0.890513 0.131392 
0.117494 0.820144 0.538309 
0.750350 0.578553 0.065695 
0.703456 0.130105 0.824586 
0.141939 0.482322 0.748458 
0.538267 0.102987 0.707779 
0.256005 0.405959 0.936968 
0.452405 0.378112 0.678291 
0.063102 0.688636 0.719044 
0.925493 0.267861 0.318654 
0.543179 0.836686 0.313956 
0.573351 0.349785 0.769039 
0.681350 0.518269 0.300235 
0.667931 0.682387 0.177024 
0.650557 0.094739 0.818491 
0.312430 0.617677 0.697231 
0.267491 0.327419 0.643873 
0.894534 0.084244 0.354663 
0.730535 0.075893 0.547092 
0.284044 0.729127 0.249249 
0.591120 0.308672 0.559042 
0.829772 0.084655 0.717029 
0.633238 0.673516 0.006751 
0.568726 0.277530 0.586781 
0.086313 0.780892 0.682361 
0.315468 0.140813 0.801879 
0.592474 0.294893 0.431955 
0.763564 0.202847 0.620518 
0.435589 0.492308 0.498189 
0.658706 0.263467 0.693559 
0.905580 0.100315 0.375217 
0.556553 0.246063 0.824776 
0.551507 0.203606 0.586072 
0.535829 0.554067 0.395481 
0.241847 0.539868 0.503174 
0.569507 0.131406 0.871481 
0.424129 0.511244 0.753435 
0.847325 0.531662 0.102307 
0.582265 0.346743 0.473463 
0.817856 0.421071 0.278223 
0.389826 0.477530 0.600470 
0.403631 0.871087 0.406305 
0.623061 0.861709 0.320925 
0.478464 0.572779 0.397504 
0.770048 0.243597 0.206470 
0.507376 0.931839 0.114963 
0.294661 0.403923 0.722466 
0.461841 0.786349 0.064336 
0.731763 0.201981 0.511815 
0.434810 0.558025 0.311802 
0.553821 0.952494 0.077314 
0.621004 0.184105 0.726140 
0.178698 0.864819 0.493795 
0.376230 0.676271 0.571953 
0.981131 0.171944 0.282072 
0.443540 0.852650 0.214817 
0.833004 0.235322 0.554292 
0.145563 0.976052 0.370964 
0.802793 0.399420 0.518365 
0.489669 0.872824 0.017284 
0.852015 0.290134 0.441699 
0.164273 0.756373 0.682355 
0.517593 0.054271 0.771556 
0.522315 0.158081 0.731808 
0.320147 0.458246 0.736623 
0.815534 0.099506 0.662032 
0.132197 0.989619 0.241115 
0.426043 0.145427 0.830397 
0.053557 0.831686 0.854350 
0.282409 0.341686 0.792229 
0.519591 0.617195 0.444566 
0.212180 0.742310 0.581335 
0.379224 0.591261 0.586347 
0.472048 0.614306 0.548912 
0.414049 0.563188 0.383610 
0.945563 0.293715 0.159385 
0.845874 0.507208 0.165883 
0.782195 0.241032 0.623228 
0.286760 0.506444 0.849966 
0.213029 0.495065 0.631993 
0.616697 0.016373 0.809485 
0.231890 0.781985 0.667705 
0.436370 0.658797 0.268492 
0.357925 0.651157 0.578993 
0.815657 0.210295 0.743991 
0.296057 0.556973 0.796087 
0.884329 0.297240 0.419761 
0.856462 0.005966 0.404476 
0.001437 0.651200 0.966459 
0.892671 0.254717 0.356130 
0.719956 0.295756 0.708044 
0.456649 0.890723 0.182444 
0.705496 0.005023 0.785838 
0.478387 0.541572 0.408743 
0.584406 0.640312 0.330279 
0.393518 0.645261 0.325986 
0.595552 0.864096 0.233185 
0.058582 0.904252 0.399491 
0.020267 0.811392 0.732519 
0.328292 0.396134 0.796612 
0.462263 0.396013 0.888421 
0.401951 0.184359 0.553165 
0.447083 0.533706 0.437032 
0.093829 0.921251 0.320996 
0.777741 0.566222 0.236681 
0.998409 0.480532 0.132746 
0.454350 0.499533 0.560326 
0.728494 0.255132 0.630162 
0.359762 0.689578 0.348761 
0.678951 0.056373 0.634964 
0.989545 0.220207 0.322407 
0.865058 0.411442 0.110213 
0.435024 0.598255 0.504394 
0.277469 0.174335 0.910859 
0.489903 0.627984 0.394749 
0.423782 0.101816 0.800118 
0.732957 0.364387 0.437723 
0.217220 0.915735 0.215490 
0.366910 0.471532 0.632152 
0.689182 0.136047 0.515690 
0.162348 0.640520 0.639593 
0.712411 0.030131 0.894667 
0.208830 0.704838 0.523580 
0.559639 0.370431 0.462766 
0.796193 0.321400 0.613154 
0.364122 0.839248 0.573986 
0.368510 0.385273 0.799797 
0.404314 0.421070 0.605923 
0.413425 0.402039 0.672392 
0.226782 0.788323 0.315351 
0.522667 0.573085 0.452943 
0.425801 0.692359 0.240371 
0.198777 0.501325 0.843633 
0.892846 0.529132 0.069470 
0.578062 0.419150 0.466424 
0.312595 0.259314 0.920606 
0.422223 0.604782 0.445631 
0.853864 0.700955 0.112790 
0.092382 0.601696 0.850850 
0.643312 0.491333 0.229777 
0.380989 0.986823 0.102126 
0.192637 0.848463 0.594130 
0.589831 0.711736 0.391988 
0.184954 0.768219 0.695976 
0.452009 0.081302 0.996527 
0.116231 0.654488 0.686288 
0.788308 0.267242 0.534081 
0.492206 0.592914 0.344551 
0.219990 0.845629 0.276770 
0.015333 0.611217 0.780674 
0.545128 0.143105 0.919876 
0.192051 0.613670 0.752013 
0.110654 0.531941 0.850357 
0.587652 0.672153 0.304448 
0.092403 0.922027 0.555228 
0.920055 0.016916 0.656541 
0.525238 0.664772 0.298906 
0.772714 0.501386 0.222766 
0.285529 0.244980 0.795447 
0.557383 0.389990 0.558863 
0.307370 0.607850 0.924778 
0.263934 0.983310 0.186673 
0.556223 0.746894 0.159553 
0.412610 0.670777 0.513952 
0.059745 0.646697 0.761841 
0.844170 0.490681 0.228973 
0.421039 0.520446 0.642191 
0.429106 0.394910 0.600169 
0.488608 0.686701 0.148883 
0.199743 0.357705 0.786456 
0.648445 0.475360 0.487558 
0.415362 0.518863 0.618011 
0.582839 0.556495 0.265819 
0.862156 0.410208 0.262744 
0.605628 0.503588 0.472046 
0.736955 0.615104 0.076914 
0.729553 0.775259 0.017734 
0.552852 0.410336 0.653215 
0.563742 0.432794 0.550464 
0.333985 0.138366 0.962921 
0.773522 0.088868 0.598967 
0.664432 0.850993 0.179434 
0.208819 0.326223 0.939486 
0.695268 0.666195 0.101897 
0.760292 0.320428 0.424804 
0.326319 0.139266 0.949630 
0.741072 0.745604 0.012860 
0.684576 0.127113 0.528086 
0.289271 0.968178 0.190402 
0.777809 0.081433 0.490224 
0.129940 0.918227 0.540693 
0.090416 0.399370 0.911724 
0.195833 0.261945 0.862142 
0.646076 0.388590 0.633245 
0.391227 0.449120 0.598153 
0.897639 0.074326 0.509885 
0.123135 0.600789 0.831989 
0.987630 0.628615 0.175750 
0.735120 0.468581 0.350914 
0.654258 0.312177 0.553219 
0.296679 0.214420 0.956660 
0.844653 0.704620 0.123295 
0.767260 0.058015 0.662467 
0.495046 0.459324 0.585151 
0.575381 0.637615 0.409115 
0.286391 0.560600 0.852171 
0.565832 0.232080 0.695003 
0.857787 0.293211 0.596036 
0.319862 0.272238 0.919714 
0.635153 0.585556 0.444004 
0.087145 0.890663 0.436019 
0.835526 0.022257 0.458154 
0.019854 0.909432 0.682060 
0.884499 0.161577 0.490543 
0.101759 0.540652 0.853413 
0.008967 0.629894 0.697344 
0.709714 0.327853 0.425770 
0.374675 0.700167 0.320103 
0.485040 0.138917 0.685103 
0.424163 0.110162 0.703728 
0.239543 0.503242 0.544626 
0.734717 0.079428 0.673016 
0.016269 0.995924 0.389435 
0.234239 0.189390 0.982717 
0.897683 0.775483 0.002265 
0.756112 0.309572 0.502536 
0.536307 0.741875 0.177043 
0.089232 0.340278 0.995063 
0.471075 0.266821 0.563421 
0.277435 0.377861 0.689649 
0.964882 0.391879 0.319238 
0.027597 0.344599 0.905115 
0.723532 0.616386 0.343685 
0.915523 0.407918 0.221834 
0.251352 0.634685 0.700113 
0.490741 0.214167 0.699674 
0.374982 0.328954 0.736155 
0.871353 0.321011 0.446614 
0.580421 0.041400 0.752002 
0.201761 0.572881 0.661190 
0.480672 0.859225 0.049591 
0.367342 0.319134 0.648525 
0.447364 0.538587 0.598333 
0.504467 0.454455 0.433115 
0.084747 0.526262 0.678461 
0.486044 0.434672 0.304527 
0.184178 0.651649 0.732354 
0.690952 0.565687 0.479099 
0.596511 0.525473 0.475155 
0.769775 0.784753 0.006112 
0.520664 0.294516 0.694880 
0.551836 0.299526 0.683056 
0.718275 0.673637 0.385774 
0.371247 0.580944 0.469342 
0.536174 0.146384 0.900503 
0.989248 0.128567 0.554445 
0.780810 0.824508 0.087641 
0.274508 0.459381 0.700036 
0.678318 0.490442 0.456560 
0.998728 0.026784 0.397227 
0.749523 0.578724 0.283545 
0.811255 0.491564 0.204180 
0.360116 0.783114 0.332366 
0.301004 0.821954 0.355350 
0.744786 0.288412 0.205486 
0.673353 0.400757 0.422471 
0.436878 0.078086 0.983215 
0.453095 0.986072 0.063756 
0.261154 0.550450 0.798886 
0.197230 0.961071 0.211497 
0.453389 0.283389 0.808581 
0.556646 0.006645 0.780419 
0.050574 0.794781 0.515929 
0.361590 0.527019 0.663825 
0.472875 0.729520 0.366293 
0.444017 0.213177 0.547703 
0.429779 0.543199 0.519150 
0.853326 0.743535 0.061427 
0.026776 0.988492 0.505474 
0.446350 0.427283 0.627335 
0.600107 0.241144 0.705108 
0.221191 0.646197 0.565830 
0.332730 0.471379 0.669366 
0.875628 0.264417 0.391728 
0.511756 0.737880 0.406230 
0.131524 0.526004 0.840504 
0.143047 0.769013 0.622488 
0.907718 0.193446 0.579240 
0.917913 0.110930 0.699056 
0.244274 0.633446 0.425225 
0.865369 0.386223 0.386305 
0.300106 0.551977 0.985455 
0.438687 0.429495 0.691242 
0.675695 0.392736 0.297271 
0.371129 0.608143 0.347257 
0.383334 0.775728 0.185411 
0.552864 0.426375 0.477468 
0.745906 0.279774 0.625195 
0.303086 0.497715 0.686255 
0.631759 0.007556 0.822108 
0.917278 0.675077 0.076634 
0.988273 0.383429 0.197859 
0.358216 0.284464 0.849102 
0.162812 0.847967 0.432415 
0.501484 0.761627 0.238825 
0.973511 0.264357 0.067272 
0.608090 0.475629 0.135396 
0.787701 0.500115 0.364372 
0.234724 0.777409 0.266437 
0.435349 0.088990 0.938642 
0.653750 0.655877 0.220199 
0.745466 0.678163 0.183818 
0.951810 0.070026 0.459404 
0.294590 0.564169 0.580821 
0.225356 0.714624 0.497177 
0.468794 0.577630 0.567912 
0.765638 0.350957 0.238871 
0.998207 0.172328 0.387509 
0.749195 0.515122 0.245293 
0.320341 0.747986 0.515508 
0.481711 0.742766 0.144253 
0.925641 0.373116 0.160455 
0.584981 0.280009 0.636205 
0.048852 0.922144 0.402004 
0.062092 0.970097 0.657219 
0.601321 0.519096 0.388212 
0.840669 0.008365 0.570570 
0.604540 0.773567 0.205385 
0.149182 0.851296 0.524609 
0.502677 0.796595 0.075260 
0.686176 0.765186 0.123137 
0.488183 0.358342 0.686093 
0.456316 0.877367 0.173919 
0.996414 0.534121 0.072756 
0.196093 0.654565 0.516936 
0.765311 0.194133 0.412870 
0.278148 0.933646 0.273804 
0.982407 0.739558 0.029805 
0.472155 0.431789 0.677189 
0.232124 0.839941 0.199632 
0.701649 0.379087 0.637874 
0.779130 0.111023 0.571656 
0.416199 0.783799 0.153954 
0.257566 0.858118 0.414004 
0.824590 0.533418 0.218985 
0.546591 0.637640 0.233362 
0.058773 0.407803 0.921071 
0.622718 0.694151 0.275721 
0.188976 0.978264 0.326166 
0.229792 0.291759 0.931245 
0.605896 0.270643 0.670527 
0.510864 0.079803 0.969087 
0.914749 0.160732 0.489248 
0.413653 0.476318 0.753856 
0.849570 0.307103 0.580553 
0.614283 0.075368 0.775685 
0.658289 0.151062 0.573868 
0.889684 0.457126 0.384572 
0.914249 0.373893 0.246390 
0.304143 0.575623 0.414744 
0.643857 0.136750 0.755065 
0.667920 0.428232 0.394387 
0.174997 0.949720 0.297365 
0.525019 0.488798 0.528726 
0.881830 0.281103 0.210489 
0.684920 0.124945 0.578039 
0.162203 0.922309 0.283916 
0.591379 0.712625 0.084296 
0.652976 0.692583 0.130939 
0.197483 0.611280 0.573530 
0.114220 0.769534 0.411851 
0.429243 0.733021 0.632720 
0.864181 0.760110 0.009844 
0.621806 0.053396 0.633572 
0.398604 0.312953 0.969659 
0.396902 0.988772 0.031782 
0.861367 0.029470 0.544377 
0.565825 0.422565 0.392466 
0.336197 0.492936 0.683013 
0.787188 0.162646 0.515614 
0.182536 0.681785 0.650397 
0.976718 0.156886 0.556813 
0.810197 0.680575 0.040997 
0.576460 0.196485 0.594116 
0.487145 0.860835 0.028301 
0.531427 0.428875 0.421698 
0.482767 0.357550 0.419738 
0.279114 0.474922 0.691821 
0.378724 0.233513 0.861184 
0.948987 0.353358 0.154691 
0.695980 0.837752 0.158197 
0.543169 0.284275 0.783403 
0.760864 0.814329 0.005880 
0.181724 0.984976 0.472405 
0.053907 0.846199 0.508861 
0.500101 0.230775 0.839844 
0.281668 0.193449 0.959520 
0.235177 0.565117 0.713315 
0.351140 0.807155 0.386549 
0.232299 0.279055 0.981914 
0.590393 0.830657 0.094577 
0.866787 0.121064 0.416622 
0.785086 0.351794 0.242509 
0.547202 0.328783 0.465504 
0.100254 0.456423 0.930929 
0.191126 0.371829 0.635950 
0.007979 0.570478 0.829304 
0.477035 0.499973 0.568190 
0.587534 0.768980 0.076502 
0.795188 0.023973 0.707993 
0.820371 0.533281 0.299731 
0.368069 0.709820 0.308856 
0.122265 0.335307 0.996767 
0.436527 0.668506 0.671568 
0.677234 0.550195 0.266482 
0.580943 0.302000 0.826576 
0.853322 0.340665 0.339891 
0.848534 0.297666 0.467881 
0.465828 0.953903 0.132437 
0.266762 0.476924 0.739552 
0.244076 0.705509 0.652551 
0.571926 0.020458 0.865930 
0.364507 0.043355 0.955553 
0.759290 0.107866 0.462874 
0.350868 0.966632 0.077837 
0.421573 0.330371 0.647620 
0.588083 0.546768 0.509735 
0.109914 0.632320 0.590352 
0.352265 0.122689 0.950403 
0.870649 0.606944 0.014523 
0.933513 0.256851 0.244445 
0.415024 0.763886 0.409419 
0.864444 0.127630 0.581356 
0.153595 0.523403 0.742795 
0.192555 0.725953 0.564664 
0.504505 0.704412 0.029443 
0.050512 0.447126 0.830356 
0.655305 0.793019 0.182414 
0.099296 0.274538 0.794598 
0.224925 0.584016 0.576320 
0.815061 0.874306 0.010628 
0.965882 0.540059 0.082610 
0.551093 0.164845 0.615340 
0.539616 0.144763 0.860620 
0.036641 0.484861 0.815570 
0.532041 0.791389 0.235638 
0.991023 0.220277 0.315110 
0.625097 0.566813 0.310953 
0.826217 0.378859 0.217472 
0.798178 0.556469 0.374288 
0.646388 0.430066 0.342061 
0.720337 0.821531 0.301873 
0.939434 0.093411 0.511630 
0.314032 0.891970 0.177406 
0.828720 0.516995 0.099267 
0.761981 0.504287 0.452946 
0.904814 0.528672 0.126873 
0.464822 0.162661 0.920890 
0.198013 0.853464 0.388659 
0.340801 0.683407 0.420907 
0.455738 0.461676 0.519310 
0.883961 0.480441 0.258405 
0.698944 0.167444 0.588028 
0.290521 0.472834 0.661843 
0.347812 0.763863 0.438853 
0.048855 0.967648 0.598699 
0.691343 0.593049 0.409105 
0.506301 0.260917 0.643688 
0.472123 0.865045 0.145851 
0.922879 0.320419 0.269861 
0.045763 0.912108 0.337306 
0.499890 0.100466 0.753050 
0.672969 0.346019 0.498704 
0.790450 0.227354 0.532791 
0.641154 0.486168 0.252898 
0.234816 0.245471 0.984844 
0.394314 0.397762 0.698542 
0.965812 0.378979 0.175685 
0.370496 0.466833 0.884346 
0.331236 0.623398 0.522370 
0.548103 0.675439 0.435843 
0.611354 0.000814 0.867305 
0.669696 0.399294 0.646534 
0.437168 0.743016 0.483187 
0.098515 0.807277 0.563243 
0.624312 0.512705 0.410594 
0.192450 0.755277 0.378072 
0.434100 0.144753 0.895452 
0.423263 0.819025 0.203078 
0.191022 0.773459 0.587562 
0.375170 0.260234 0.779731 
0.394334 0.233435 0.866957 
0.726883 0.637684 0.181146 
0.586003 0.436870 0.636396 
0.789193 0.111093 0.508856 
0.189246 0.430070 0.972508 
0.316250 0.940231 0.218949 
0.815780 0.338172 0.299252 
0.468675 0.455048 0.636030 
0.411206 0.241976 0.597433 
0.795104 0.302091 0.410607 
0.439140 0.391581 0.649008 
0.491233 0.405757 0.449558 
0.706226 0.382714 0.339028 
0.662468 0.321131 0.466886 
0.045982 0.814709 0.664688 
0.355345 0.443567 0.562632 
0.453129 0.870951 0.343467 
0.022019 0.942591 0.355360 
0.259388 0.606943 0.718573 
0.378615 0.655596 0.603508 
0.161492 0.859560 0.428179 
0.687397 0.676142 0.435135 
0.463346 0.840455 0.092256 
0.493276 0.426228 0.393166 
0.440918 0.670790 0.488536 
0.449642 0.245792 0.715712 
0.621661 0.474352 0.279631 
0.791625 0.196582 0.407828 
0.751842 0.819019 0.011984 
0.259966 0.689816 0.637527 
0.626663 0.415224 0.460838 
0.156418 0.802204 0.411750 
0.164241 0.662049 0.774285 
0.351307 0.392674 0.574807 
0.440734 0.579040 0.397758 
0.430842 0.640815 0.514027 
0.332825 0.109617 0.935090 
0.315326 0.910141 0.547047 
0.013405 0.729448 0.893839 
0.768568 0.361736 0.622129 
0.721269 0.417139 0.485368 
0.763337 0.626039 0.141071 
0.237536 0.884840 0.474222 
0.857992 0.549601 0.165772 
0.509944 0.240079 0.531262 
0.868343 0.237237 0.313620 
0.800208 0.505026 0.334753 
0.715501 0.540784 0.144870 
0.421793 0.768719 0.418113 
0.764552 0.170065 0.592522 
0.981297 0.066438 0.606608 
0.419256 0.729519 0.172907 
0.875109 0.043546 0.468767 
0.357634 0.318791 0.818459 
0.642072 0.746578 0.232321 
0.792694 0.104561 0.675404 
0.437525 0.774860 0.177945 
0.636369 0.402541 0.350803 
0.347163 0.792252 0.377151 
0.509041 0.746692 0.347852 
0.455240 0.604273 0.502500 
0.548283 0.439388 0.510594 
0.482372 0.476932 0.692757 
0.189851 0.978959 0.398200 
0.486937 0.908217 0.077951 
0.566817 0.473193 0.486576 
0.128590 0.903043 0.454058 
0.542153 0.256558 0.770403 
0.260849 0.783978 0.525567 
0.125052 0.744159 0.723824 
0.734272 0.193083 0.681782 
0.442338 0.741686 0.219637 
0.441592 0.194624 0.718754 
0.026357 0.442636 0.933415 
0.354168 0.872025 0.427411 
0.761721 0.194809 0.367489 
0.006943 0.822392 0.566025 
0.256161 0.541385 0.624318 
0.357867 0.299340 0.881476 
0.856113 0.294672 0.432986 
0.755385 0.299338 0.473095 
0.782426 0.707059 0.107248 
0.472864 0.787820 0.165745 
0.824961 0.212453 0.372984 
0.827427 0.027112 0.479747 
0.081233 0.295107 0.978760 
0.727648 0.492621 0.339845 
0.555158 0.817589 0.194657 
0.357921 0.752614 0.292630 
0.995126 0.144270 0.391100 
0.081658 0.924484 0.399492 
0.138654 0.241595 0.980192 
0.529352 0.884748 0.253515 
0.496865 0.821122 0.320744 
0.305388 0.731541 0.335862 
0.674530 0.208152 0.634708 
0.501623 0.099951 0.740671 
0.691368 0.159581 0.612499 
0.493739 0.561799 0.399931 
0.412781 0.523751 0.442507 
0.613911 0.196949 0.423838 
0.452458 0.827905 0.225801 
0.442787 0.608383 0.386003 
0.643972 0.896132 0.224641 
0.806783 0.385652 0.111007 
0.823075 0.547572 0.005021 
0.568600 0.316164 0.724646 
0.430782 0.716460 0.177708 
0.685733 0.463651 0.464106 
0.789754 0.507518 0.267028 
0.412711 0.632974 0.322406 
0.264786 0.855199 0.482406 
0.092860 0.530629 0.570034 
0.622675 0.415668 0.354154 
0.075543 0.817080 0.591787 
0.561777 0.583411 0.293419 
0.137312 0.391098 0.822292 
0.334349 0.638138 0.479306 
0.642008 0.733656 0.102990 
0.358403 0.031055 0.921428 
0.111158 0.708612 0.777043 
0.851820 0.375858 0.185974 
0.508749 0.395085 0.746448 
0.608478 0.688728 0.174518 
0.020158 0.956249 0.500990 
0.079747 0.836145 0.795053 
0.467878 0.175185 0.795366 
0.339211 0.518627 0.556131 
0.390029 0.515663 0.664728 
0.235685 0.609586 0.430123 
0.274062 0.672657 0.676379 
0.747476 0.776770 0.094253 
0.586475 0.853617 0.079288 
0.811396 0.499598 0.352393 
0.988077 0.324324 0.170960 
0.673064 0.503472 0.102815 
0.147107 0.552940 0.964632 
0.308540 0.367055 0.724571 
0.273110 0.777970 0.243220 
0.078137 0.939607 0.459648 
0.455801 0.495034 0.565376 
0.698561 0.232221 0.486715 
0.579160 0.129517 0.554187 
0.738922 0.061507 0.741519 
0.383596 0.939600 0.087933 
0.527279 0.417254 0.599608 
0.376935 0.711425 0.281196 
0.503281 0.687299 0.188039 
0.463829 0.260992 0.707451 
0.715420 0.237033 0.605750 
0.523473 0.556721 0.423388 
0.422012 0.629334 0.451260 
0.475830 0.558451 0.444565 
0.479285 0.431045 0.423809 
0.463350 0.571191 0.419590 
0.434455 0.924449 0.176864 
0.545740 0.969464 0.151223 
0.564102 0.917237 0.031446 
0.791105 0.383455 0.164896 
0.381355 0.737781 0.289974 
0.709996 0.120808 0.917207 
0.627031 0.674160 0.267609 
0.432147 0.189742 0.796241 
0.232126 0.607085 0.827358 
0.612909 0.416645 0.710679 
0.596814 0.312307 0.651222 
0.038495 0.650586 0.877971 
0.339740 0.175040 0.967356 
0.608992 0.595003 0.246774 
0.023629 0.572866 0.816757 
0.972293 0.673408 0.107293 
0.231815 0.982256 0.369839 
0.861912 0.429465 0.296097 
0.395910 0.247032 0.734061 
0.755351 0.248340 0.615462 
0.658218 0.482475 0.553494 
0.838402 0.060540 0.384346 
0.012928 0.654756 0.778869 
0.212421 0.889059 0.448061 
0.924485 0.040250 0.590462 
0.202995 0.405365 0.754351 
0.614084 0.543895 0.316115 
0.446462 0.832188 0.294721 
0.030951 0.437064 0.933257 
0.244885 0.573256 0.787745 
0.070764 0.762672 0.781197 
0.771578 0.048317 0.802907 
0.357025 0.504753 0.648116 
0.652012 0.509376 0.284739 
0.806386 0.587443 0.417564 
0.328374 0.536286 0.424787 
0.806580 0.388780 0.580431 
0.481692 0.578729 0.543273 
0.818885 0.402632 0.152730 
0.606027 0.971142 0.092472 
0.234370 0.349443 0.750556 
0.498469 0.589206 0.370552 
0.714305 0.620347 0.128737 
0.733697 0.098423 0.597086 
0.032793 0.810664 0.424458 
0.396883 0.634805 0.285157 
0.354289 0.498539 0.506862 
0.449206 0.672150 0.491795 
0.886424 0.433556 0.261238 
0.955722 0.080453 0.447682 
0.495016 0.446047 0.398273 
0.933113 0.322580 0.154339 
0.603538 0.059503 0.864237 
0.335894 0.544249 0.489750 
0.415559 0.766650 0.197499 
0.793435 0.199390 0.473813 
0.418749 0.433228 0.478952 
0.624272 0.376389 0.424164 
0.569262 0.565578 0.368687 
0.750516 0.494876 0.014537 
0.372507 0.276874 0.522213 
0.826366 0.572651 0.178260 
0.693574 0.210247 0.979551 
0.271462 0.481699 0.748567 
0.801015 0.604016 0.280797 
0.780534 0.420027 0.048113 
0.210082 0.818388 0.535549 
0.151404 0.821349 0.477350 
0.495905 0.771645 0.060297 
0.685466 0.738526 0.245931 
0.946463 0.023943 0.717539 
0.073225 0.660390 0.810018 
0.311945 0.515933 0.853721 
0.706260 0.151389 0.758381 
0.204136 0.649673 0.490125 
0.060002 0.610362 0.457740 
0.905322 0.486537 0.010195 
0.587145 0.582025 0.575721 
0.206315 0.379190 0.875227 
0.133196 0.356755 0.964622 
0.531780 0.905161 0.174070 
0.505113 0.451127 0.581030 
0.371417 0.212933 0.862153 
0.727877 0.547900 0.128845 
0.384312 0.767558 0.272439 
0.383419 0.919370 0.169959 
0.806012 0.263816 0.406332 
0.302599 0.131119 0.930257 
0.738785 0.161316 0.704323 
0.613528 0.577175 0.263964 
0.529485 0.405078 0.653339 
0.253502 0.182176 0.991328 
0.811567 0.695068 0.139397 
0.495139 0.796912 0.357241 
0.589690 0.291889 0.658294 
0.857963 0.649331 0.207981 
0.727147 0.550961 0.206501 
0.926011 0.578660 0.026094 
0.338317 0.165349 0.879670 
0.684505 0.438820 0.324682 
0.178947 0.178779 0.963193 
0.613710 0.216634 0.592239 
0.462594 0.194411 0.908140 
0.784321 0.295330 0.368192 
0.442588 0.020882 0.806975 
0.876245 0.187092 0.241254 
0.842787 0.418696 0.295907 
0.654669 0.169175 0.849117 
0.364458 0.262384 0.672965 
0.500923 0.303487 0.650788 
0.630971 0.755238 0.375627 
0.509487 0.829965 0.271440 
0.614553 0.409913 0.397986 
0.272612 0.816694 0.320841 
0.740537 0.322572 0.188049 
0.669820 0.323580 0.547752 
0.976761 0.740473 0.160220 
0.589064 0.505709 0.477996 
0.085156 0.470391 0.758754 
0.844863 0.122512 0.293759 
0.706488 0.011991 0.605293 
0.254736 0.994116 0.343626 
0.113605 0.425625 0.776792 
0.208916 0.676582 0.698764 
0.626542 0.815361 0.121663 
0.762654 0.284779 0.645311 
0.942635 0.170783 0.212962 
0.114986 0.534619 0.768433 
0.478515 0.530342 0.420395 
0.542200 0.372731 0.778392 
0.793269 0.804086 0.052374 
0.268936 0.923626 0.441246 
0.799574 0.258499 0.173339 
0.670432 0.173115 0.771809 
0.753464 0.670611 0.172424 
0.642638 0.233861 0.628997 
0.306261 0.714545 0.584059 
0.262780 0.275550 0.832127 
0.487730 0.976794 0.025035 
0.234209 0.924664 0.366098 
0.777190 0.596151 0.376671 
0.978394 0.208894 0.398701 
0.106519 0.354225 0.958664 
0.111204 0.704628 0.674314 
0.689023 0.484922 0.344419 
0.324780 0.871967 0.517569 
0.202842 0.764995 0.322445 
0.556863 0.594592 0.386974 
0.623980 0.761279 0.343467 
0.792347 0.148751 0.544016 
0.494311 0.604039 0.343791 
0.754104 0.136386 0.561895 
0.511472 0.936476 0.007675 
0.414234 0.921278 0.009763 
0.695422 0.140673 0.613039 
0.749392 0.446553 0.353738 
0.460743 0.860836 0.250232 
0.461755 0.366114 0.987150 
0.336727 0.622485 0.627989 
0.716858 0.346774 0.499298 
0.325150 0.850067 0.153780 
0.530167 0.338217 0.439138 
0.633135 0.465252 0.463537 
0.174053 0.565401 0.890633 
0.255801 0.272195 0.893869 
0.644103 0.454147 0.348755 
0.177360 0.648277 0.651960 
0.285169 0.443635 0.810504 
0.429994 0.541704 0.582446 
0.747459 0.493268 0.239429 
0.730384 0.545094 0.342182 
0.829702 0.246946 0.487718 
0.664195 0.996954 0.002098 
0.095862 0.926175 0.505765 
0.173114 0.482884 0.721742 
0.999660 0.204341 0.194353 
0.909219 0.339177 0.060645 
0.223749 0.451744 0.978310 
0.106046 0.700537 0.815675 
0.791848 0.717552 0.022681 
0.133245 0.666455 0.410593 
0.449179 0.765226 0.398492 
0.577401 0.378996 0.424130 
0.473659 0.617915 0.572639 
0.322559 0.391078 0.951583 
0.808489 0.494885 0.390181 
0.881629 0.328438 0.450715 
0.441301 0.593094 0.374782 
0.499630 0.508241 0.611961 
0.480564 0.507416 0.568637 
0.839450 0.482979 0.305336 
0.954781 0.064446 0.556797 
0.827305 0.608601 0.000729 
0.807406 0.432966 0.498078 
0.440859 0.481763 0.641149 
0.117825 0.568838 0.736151 
0.181327 0.542226 0.597666 
0.389390 0.374231 0.816670 
0.890434 0.398145 0.120290 
0.369508 0.364979 0.773394 
0.318456 0.616877 0.251620 
0.535950 0.366706 0.901008 
0.622481 0.360575 0.541525 
0.210257 0.286729 0.823946 
0.142926 0.802996 0.658673 
0.479375 0.150709 0.682101 
0.534814 0.781553 0.272289 
0.146235 0.562478 0.871219 
0.526122 0.277775 0.540379 
0.436049 0.687332 0.299711 
0.652277 0.670728 0.167371 
0.100552 0.540379 0.648483 
0.149151 0.394508 0.986143 
0.652834 0.400338 0.425171 
0.339619 0.671731 0.426313 
0.300258 0.961073 0.295818 
0.656847 0.118782 0.774918 
0.414277 0.925936 0.351165 
0.616430 0.014234 0.924059 
0.363959 0.657837 0.460520 
0.735918 0.572627 0.376580 
0.182961 0.492350 0.742863 
0.656256 0.479406 0.523255 
0.638051 0.106580 0.722291 
0.581762 0.340130 0.529198 
0.319308 0.754099 0.327871 
0.905877 0.107678 0.522575 
0.348236 0.342910 0.752063 
0.295263 0.178727 0.923059 
0.764494 0.574952 0.109622 
0.303916 0.131781 0.857444 
0.641622 0.175327 0.668906 
0.915260 0.605764 0.212302 
0.874596 0.345377 0.315419 
0.952265 0.071620 0.764613 
0.121086 0.526848 0.778930 
0.923710 0.086386 0.390519 
0.214723 0.798039 0.409001 
0.315347 0.752054 0.396329 
0.866071 0.288050 0.578441 
0.611699 0.511185 0.575441 
0.877824 0.222903 0.518352 
0.358236 0.317823 0.819543 
0.647160 0.405945 0.525624 
0.388324 0.880665 0.312167 
0.415100 0.746608 0.263527 
0.403032 0.267303 0.727682 
0.347524 0.499982 0.725566 
0.888601 0.318616 0.508570 
0.855615 0.187969 0.631499 
0.549650 0.237720 0.594470 
0.879805 0.588640 0.149745 
0.917264 0.524378 0.260173 
0.745944 0.110327 0.365874 
0.537976 0.902360 0.315863 
0.507141 0.791290 0.256088 
0.635438 0.650081 0.358396 
0.669137 0.559003 0.372960 
0.775299 0.692370 0.054676 
0.173005 0.892972 0.576198 
0.704980 0.551171 0.449015 
0.770305 0.245806 0.806588 
0.786471 0.616291 0.058253 
0.799625 0.257893 0.507421 
0.530216 0.588168 0.402478 
0.561210 0.875827 0.080816 
0.984571 0.060563 0.343911 
0.376564 0.828975 0.258853 
0.059494 0.731168 0.594372 
0.400709 0.867794 0.380419 
0.885770 0.325114 0.393710 
0.584863 0.600340 0.123017 
0.415497 0.204572 0.763610 
0.374573 0.271829 0.858025 
0.432703 0.059828 0.773893 
0.576368 0.571007 0.384834 
0.664075 0.475523 0.311405 
0.908233 0.471308 0.365252 
0.509008 0.517105 0.417329 
0.673118 0.442281 0.539790 
0.414518 0.017178 0.872959 
0.752903 0.448276 0.296362 
0.300429 0.649190 0.451924 
0.676911 0.569926 0.382548 
0.858162 0.310748 0.192987 
0.686277 0.738952 0.020124 
0.919392 0.115838 0.494179 
0.530482 0.567909 0.678960 
0.390765 0.395072 0.642288 
0.453593 0.580684 0.605106 
0.288294 0.477852 0.842117 
0.365968 0.583913 0.559070 
0.571541 0.736949 0.264456 
0.839149 0.434970 0.080585 
0.678210 0.018036 0.591476 
0.508772 0.029619 0.886635 
0.760546 0.076513 0.580566 
0.375976 0.395404 0.990149 
0.316973 0.303542 0.921466 
0.567389 0.293699 0.789295 
0.409815 0.524954 0.702775 
0.389306 0.354586 0.619497 
0.182754 0.798180 0.455647 
0.435583 0.338275 0.694739 
0.496982 0.617547 0.177180 
0.403088 0.105567 0.923340 
0.725986 0.413170 0.397959 
0.404896 0.285742 0.895055 
0.023618 0.438298 0.982199 
0.333427 0.556728 0.772795 
0.974360 0.224059 0.338466 
0.492924 0.497963 0.676561 
0.429109 0.811393 0.252331 
0.817377 0.609496 0.009811 
0.771039 0.659519 0.034755 
0.536054 0.761433 0.054453 
0.396715 0.148678 0.676865 
0.393676 0.646982 0.778305 
0.366258 0.739668 0.431642 
0.460288 0.323963 0.447978 
0.515679 0.540401 0.539579 
0.766689 0.111572 0.624029 
0.243725 0.922680 0.234633 
0.679124 0.202814 0.629820 
0.595743 0.543922 0.530165 
0.645815 0.795106 0.246985 
0.282535 0.909609 0.422176 
0.205114 0.424973 0.885223 
0.639667 0.542054 0.260839 
0.610869 0.642437 0.164517 
0.701785 0.569639 0.276911 
0.233253 0.653788 0.551812 
0.706989 0.643281 0.161991 
0.619345 0.544938 0.479678 
0.696582 0.096521 0.674925 
0.324818 0.686639 0.239654 
0.477503 0.550039 0.326327 
0.246968 0.542298 0.833024 
0.565088 0.422869 0.419676 
0.388465 0.661908 0.302521 
0.346342 0.662314 0.588126 
0.926852 0.384475 0.267028 
0.378022 0.727243 0.533833 
0.488368 0.365303 0.622460 
0.266498 0.806082 0.542429 
0.638013 0.302509 0.695970 
0.791771 0.427495 0.388682 
0.831585 0.000205 0.537299 
0.393440 0.626570 0.452900 
0.507592 0.972847 0.009717 
0.724374 0.186253 0.878908 
0.577317 0.949076 0.062230 
0.128392 0.584783 0.757785 
0.691314 0.561979 0.204952 
0.395218 0.466195 0.869301 
0.504735 0.198770 0.830685 
0.504282 0.091390 0.861308 
0.102158 0.978883 0.599234 
0.766728 0.070574 0.680148 
0.496607 0.937494 0.019529 
0.973816 0.464417 0.140320 
0.594506 0.378205 0.720815 
0.482692 0.726869 0.252500 
0.482536 0.703229 0.417655 
0.234045 0.666766 0.687974 
0.444929 0.712018 0.338458 
0.545283 0.184248 0.708434 
0.454020 0.282694 0.970343 
0.374932 0.803766 0.270487 
0.716235 0.172238 0.421634 
0.306640 0.844746 0.330655 
0.156378 0.796331 0.514692 
0.766362 0.397009 0.224843 
0.635614 0.746749 0.335780 
0.278089 0.978541 0.257224 
0.147709 0.424703 0.953765 
0.530735 0.754678 0.179121 
0.512880 0.231031 0.799735 
0.325058 0.715708 0.473181 
0.308279 0.255989 0.964822 
0.936760 0.501472 0.042335 
0.256646 0.723788 0.581014 
0.724794 0.605877 0.423672 
0.105689 0.780430 0.507341 
0.071303 0.967416 0.528906 
0.580154 0.001918 0.868950 
0.926310 0.174455 0.213877 
0.281291 0.837132 0.162944 
0.904953 0.212874 0.392194 
0.117545 0.519905 0.540446 
0.985008 0.500098 0.027266 
0.174503 0.503585 0.779223 
0.515081 0.414521 0.850436 
0.257135 0.849767 0.580716 
0.269556 0.926460 0.132816 
0.182379 0.656291 0.790422 
0.350077 0.539064 0.692198 
0.893587 0.525046 0.138844 
0.477761 0.430816 0.793744 
0.500621 0.303927 0.411085 
0.438529 0.931285 0.315461 
0.730480 0.006612 0.631515 
0.442393 0.627079 0.366229 
0.861132 0.375798 0.243160 
0.383834 0.569938 0.420497 
0.452888 0.654912 0.585642 
0.405208 0.619056 0.569765 
0.863612 0.174545 0.529213 
0.608374 0.568053 0.358874 
0.764324 0.474125 0.333193 
0.304594 0.425666 0.848924 
0.268420 0.657744 0.687616 
0.542353 0.355315 0.474308 
0.989534 0.435928 0.192149 
0.472859 0.465264 0.801993 
0.753186 0.738360 0.073967 
0.295665 0.995255 0.140665 
0.832782 0.162322 0.568377 
0.065406 0.732019 0.725957 
0.875706 0.215533 0.380249 
0.488669 0.776997 0.311530 
0.618357 0.666936 0.012146 
0.394444 0.323195 0.826852 
0.337179 0.529799 0.421121 
0.100911 0.816578 0.391511 
0.443812 0.251359 0.940319 
0.960902 0.358623 0.245207 
0.933557 0.244749 0.270889 
0.662005 0.385451 0.431497 
0.457034 0.648447 0.486219 
0.941755 0.450028 0.421738 
0.760594 0.443249 0.569982 
0.830964 0.043485 0.614572 
0.355764 0.725014 0.480188 
0.267075 0.748373 0.549083 
0.602567 0.581092 0.255623 
0.389136 0.446156 0.545544 
0.538203 0.142950 0.704213 
0.216412 0.755283 0.212981 
0.777649 0.151116 0.603434 
0.151435 0.623347 0.801035 
0.515472 0.962040 0.067337 
0.695075 0.355979 0.511423 
0.293102 0.626586 0.473081 
0.933591 0.034066 0.661742 
0.418790 0.298865 0.749576 
0.630006 0.561529 0.294593 
0.366661 0.675691 0.538458 
0.435600 0.721826 0.267327 
0.266429 0.366861 0.752095 
0.579788 0.579771 0.267592 
0.317699 0.450451 0.633619 
0.409135 0.451813 0.678611 
0.532793 0.564848 0.553914 
0.526120 0.410895 0.414564 
0.427103 0.823405 0.250759 
0.135645 0.676282 0.654769 
0.398287 0.433151 0.853408 
0.894984 0.099419 0.907076 
0.225316 0.781301 0.591414 
0.295853 0.752705 0.261654 
0.387118 0.517131 0.585495 
0.415723 0.945562 0.265621 
0.301713 0.736802 0.414698 
0.456160 0.446046 0.555395 
0.256389 0.887031 0.416685 
0.685639 0.086343 0.777331 
0.330809 0.633436 0.441683 
0.286006 0.913174 0.473016 
0.736749 0.555983 0.159913 
0.364432 0.713931 0.523226 
0.168354 0.810076 0.639609 
0.306040 0.345804 0.883285 
0.917842 0.715433 0.040267 
0.721606 0.664654 0.027038 
0.750515 0.112206 0.905800 
0.439833 0.582613 0.544438 
0.412890 0.634575 0.398086 
0.996697 0.577440 0.051996 
0.140761 0.739224 0.624948 
0.402604 0.859804 0.160798 
0.449082 0.080269 0.824653 
0.082571 0.468429 0.720768 
0.910666 0.035886 0.753235 
0.606298 0.373511 0.513812 
0.438943 0.631226 0.555740 
0.224063 0.504320 0.566733 
0.415142 0.074880 0.988998 
0.508175 0.554055 0.464005 
0.789540 0.425977 0.427386 
0.788312 0.091222 0.479086 
0.877158 0.439651 0.297878 
0.212952 0.890442 0.164963 
0.305998 0.456103 0.962257 
0.360278 0.560751 0.521467 
0.441883 0.859553 0.389074 
0.080744 0.720264 0.769626 
0.341187 0.087207 0.864536 
0.343817 0.448994 0.765957 
0.610779 0.612192 0.352164 
0.082992 0.584484 0.773595 
0.131669 0.722315 0.584999 
0.698444 0.278871 0.300235 
0.324193 0.800869 0.538430 
0.802477 0.461184 0.538984 
0.042692 0.711489 0.535752 
0.351434 0.568881 0.563521 
0.465029 0.091097 0.947951 
0.691223 0.258877 0.710166 
0.991920 0.289824 0.248396 
0.677485 0.477914 0.085777 
0.616734 0.498018 0.466803 
0.910011 0.099690 0.721788 
0.685769 0.363310 0.422716 
0.487781 0.329191 0.656908 
0.285567 0.396125 0.919398 
0.781397 0.675484 0.137513 
0.407893 0.356977 0.432959 
0.780074 0.633352 0.065297 
0.398319 0.503057 0.502770 
0.601761 0.177179 0.743685 
0.928783 0.184266 0.544017 
0.637438 0.537680 0.318679 
0.308658 0.646053 0.810657 
0.470091 0.143887 0.770375 
0.614781 0.456398 0.528209 
0.369548 0.922837 0.047902 
0.728324 0.858538 0.037661 
0.128515 0.998815 0.132021 
0.651820 0.016499 0.769622 
0.333135 0.531336 0.624721 
0.645481 0.670430 0.204092 
0.453699 0.435938 0.682957 
0.616536 0.287165 0.546224 
0.221096 0.511209 0.650063 
0.136894 0.477308 0.712426 
0.653130 0.360766 0.535697 
0.973638 0.069898 0.595489 
0.241522 0.859701 0.296939 
0.686652 0.499560 0.452245 
0.291733 0.521308 0.879966 
0.447834 0.643581 0.473227 
0.992221 0.485076 0.146415 
0.413942 0.939331 0.191562 
0.132549 0.623608 0.607250 
0.651325 0.720685 0.265857 
0.320391 0.576535 0.770066 
0.773718 0.221911 0.447059 
0.316610 0.324875 0.559864 
0.593746 0.560589 0.421548 
0.485937 0.294894 0.467948 
0.696334 0.438574 0.327349 
0.657076 0.195248 0.655994 
0.445769 0.253101 0.741676 
0.155996 0.896935 0.346431 
0.102247 0.485489 0.955368 
0.682085 0.242191 0.337606 
0.103904 0.917309 0.524411 
0.063842 0.627572 0.936486 
0.188976 0.364825 0.921840 
0.650222 0.549585 0.389948 
0.757715 0.092558 0.765334 
0.333511 0.940174 0.280124 
0.579852 0.203692 0.648081 
0.735842 0.671953 0.053948 
0.276797 0.223953 0.647698 
0.061227 0.351277 0.982888 
0.172592 0.869822 0.494960 
0.667444 0.680579 0.225639 
0.080813 0.522169 0.930368 
0.700762 0.555461 0.372218 
0.260623 0.506720 0.677985 
0.551766 0.647114 0.277009 
0.235303 0.520352 0.799400 
0.462612 0.531965 0.583497 
0.673808 0.182515 0.405858 
0.476378 0.505077 0.606655 
0.759922 0.277635 0.516569 
0.831176 0.146097 0.195090 
0.610087 0.361717 0.653671 
0.050122 0.622462 0.784883 
0.312940 0.953591 0.071382 
0.831056 0.444897 0.370158 
0.745861 0.783452 0.085626 
0.150214 0.905340 0.544295 
0.533031 0.625729 0.454583 
0.384143 0.166261 0.795913 
0.472281 0.401421 0.612946 
0.469188 0.636105 0.376163 
0.557807 0.552007 0.536968 
0.615415 0.395432 0.492526 
0.828909 0.001285 0.711147 
0.316816 0.916181 0.209415 
0.693851 0.453159 0.217969 
0.006109 0.433116 0.906703 
0.475207 0.629951 0.596046 
0.196280 0.982836 0.428993 
0.427849 0.109749 0.759236 
0.902256 0.052740 0.291287 
0.422290 0.169886 0.816593 
0.240288 0.476261 0.655814 
0.558304 0.394553 0.731358 
0.993360 0.651114 0.026966 
0.008008 0.487397 0.740686 
0.292717 0.128882 0.952417 
0.900374 0.336172 0.177820 
0.628308 0.652212 0.249558 
0.083501 0.885217 0.336232 
0.058783 0.653649 0.946290 
0.922822 0.358099 0.396348 
0.470604 0.419529 0.455421 
0.946934 0.466423 0.033510 
0.143578 0.605780 0.904816 
0.487800 0.392148 0.722167 
0.428071 0.685187 0.472796 
0.790526 0.467823 0.311295 
0.509132 0.183576 0.828113 
0.535786 0.941420 0.201662 
0.547650 0.325155 0.730179 
0.228441 0.720232 0.554290 
0.160412 0.568360 0.565670 
0.385908 0.510780 0.726916 
0.051257 0.861125 0.735064 
0.489678 0.522039 0.626151 
0.978364 0.120090 0.293515 
0.904158 0.422513 0.012440 
0.398780 0.387451 0.710481 
0.715717 0.438662 0.617544 
0.797719 0.657129 0.126270 
0.343770 0.121987 0.983727 
0.223659 0.388208 0.877628 
0.648305 0.023884 0.806807 
0.403846 0.543293 0.639629 
0.489431 0.331057 0.539974 
0.290175 0.454500 0.680658 
0.869922 0.509120 0.260291 
0.515132 0.158857 0.807609 
0.432431 0.890346 0.248843 
0.707573 0.058682 0.977741 
0.076210 0.884828 0.558525 
0.694199 0.169323 0.526061 
0.469189 0.691833 0.422622 
0.779330 0.275768 0.334906 
0.342602 0.596620 0.652852 
0.495521 0.718332 0.420299 
0.521983 0.213166 0.997308 
0.065293 0.803359 0.680233 
0.227100 0.839333 0.378508 
0.253944 0.522891 0.639511 
0.975717 0.250218 0.429772 
0.282832 0.655537 0.534471 
0.295358 0.232812 0.908508 
0.895613 0.082001 0.322470 
0.384651 0.022958 0.875073 
0.248709 0.615415 0.627366 
0.691390 0.159178 0.632850 
0.726127 0.428258 0.426798 
0.900921 0.547228 0.300027 
0.639496 0.368780 0.524054 
0.778398 0.332736 0.219576 
0.959797 0.328655 0.339425 
0.290501 0.600612 0.590503 
0.684961 0.488374 0.289213 
0.202279 0.762062 0.476275 
0.725032 0.178588 0.415014 
0.896612 0.300920 0.118266 
0.171346 0.639708 0.832393 
0.797388 0.233967 0.600133 
0.019867 0.935187 0.460807 
0.944044 0.366675 0.340647 
0.177433 0.785228 0.553195 
0.362714 0.916822 0.067014 
0.503515 0.004773 0.900277 
0.223998 0.544514 0.600396 
0.378456 0.301177 0.757115 
0.653944 0.415766 0.433138 
0.897346 0.422855 0.181127 
0.375579 0.284550 0.880339 
0.423531 0.449105 0.837135 
0.566518 0.613721 0.317355 
0.298768 0.527148 0.872589 
0.877908 0.157204 0.194444 
0.176587 0.217602 0.820607 
0.487627 0.021611 0.979508 
0.488475 0.823303 0.233256 
0.413556 0.914204 0.189342 
0.681268 0.304978 0.644584 
0.200980 0.429228 0.851704 
0.406224 0.192256 0.787384 
0.435456 0.634480 0.352438 
0.622327 0.279381 0.528448 
0.720196 0.496730 0.330713 
0.230889 0.568635 0.756073 
0.559285 0.620448 0.410241 
0.672980 0.134946 0.845842 
0.757460 0.589867 0.052273 
0.415317 0.391221 0.548435 
0.438137 0.930305 0.196157 
0.001445 0.806318 0.687758 
0.138891 0.768902 0.666950 
0.415864 0.339854 0.583589 
0.393021 0.601095 0.452953 
0.588928 0.857723 0.017870 
0.143756 0.633546 0.723613 
0.230720 0.409475 0.792374 
0.161496 0.586376 0.703613 
0.769214 0.197938 0.617675 
0.334604 0.482649 0.593653 
0.566420 0.602915 0.487809 
0.480639 0.973779 0.091443 
0.067404 0.582677 0.856010 
0.862902 0.299768 0.433130 
0.281574 0.615319 0.586129 
0.866072 0.295849 0.509340 
0.827081 0.322910 0.424915 
0.471053 0.312460 0.840526 
0.554863 0.923258 0.143381 
0.405859 0.891941 0.364538 
0.461855 0.753977 0.188697 
0.319396 0.908414 0.260269 
0.165627 0.989109 0.575615 
0.673254 0.417301 0.334285 
0.324925 0.235309 0.864029 
0.256951 0.845313 0.273250 
0.389179 0.225582 0.712485 
0.057209 0.694128 0.696346 
0.304038 0.284064 0.853684 
0.662559 0.647395 0.216903 
0.052858 0.896426 0.408464 
0.424371 0.264102 0.697765 
0.596962 0.203998 0.512571 
0.313532 0.241199 0.959151 
0.566175 0.128490 0.866085 
0.694689 0.021421 0.822543 
0.485287 0.500723 0.602154 
0.195984 0.519262 0.817018 
0.909902 0.609102 0.056137 
0.800768 0.324225 0.362966 
0.562576 0.126561 0.692073 
0.596462 0.781086 0.043165 
0.343661 0.731736 0.708455 
0.331969 0.751070 0.598527 
0.306666 0.808673 0.329505 
0.613683 0.892261 0.011733 
0.821873 0.177143 0.496342 
0.827233 0.070758 0.618378 
0.677075 0.056692 0.840788 
0.297106 0.702636 0.809532 
0.107552 0.516106 0.854395 
0.565232 0.102300 0.968296 
0.673098 0.380621 0.308285 
0.335202 0.123482 0.921784 
0.907974 0.460321 0.184695 
0.001092 0.528254 0.746972 
0.601354 0.468063 0.391010 
0.696893 0.202853 0.636963 
0.866319 0.165589 0.541098 
0.660554 0.324472 0.888511 
0.309379 0.990586 0.293645 
0.479464 0.179127 0.981303 
0.670173 0.553191 0.355205 
0.659354 0.496390 0.299781 
0.929101 0.411457 0.148465 
0.641191 0.883415 0.086056 
0.494673 0.688772 0.169306 
0.751222 0.593595 0.157601 
0.403496 0.263312 0.983103 
0.581255 0.233547 0.547021 
0.564353 0.551669 0.643531 
0.205796 0.749252 0.524042 
0.772930 0.439726 0.140957 
0.577203 0.512571 0.316061 
0.244169 0.937267 0.095584 
0.501603 0.077341 0.805367 
0.791321 0.125562 0.683369 
0.083861 0.550189 0.702314 
0.743838 0.243153 0.464072 
0.110824 0.890571 0.344312 
0.942199 0.293147 0.457359 
0.998325 0.395094 0.202000 
0.687500 0.284250 0.524491 
0.527785 0.690380 0.283502 
0.551699 0.510866 0.476685 
0.581814 0.838007 0.197122 
0.450477 0.675445 0.490723 
0.580836 0.261862 0.509502 
0.242871 0.789568 0.444939 
0.804948 0.365930 0.261516 
0.514849 0.237370 0.822333 
0.535292 0.216552 0.711459 
0.753747 0.525313 0.295765 
0.477138 0.241702 0.954055 
0.458187 0.684831 0.363185 
0.281961 0.484220 0.605070 
0.172725 0.887743 0.459272 
0.127122 0.400432 0.729185 
0.299038 0.673925 0.599630 
0.820144 0.529421 0.138234 
0.716382 0.361890 0.318488 
0.528800 0.454647 0.439259 
0.808628 0.182648 0.454938 
0.497787 0.775789 0.138743 
0.431186 0.541284 0.710810 
0.262938 0.610201 0.876274 
0.752074 0.031055 0.716032 
0.658251 0.192918 0.895656 
0.287494 0.973893 0.424225 
0.681027 0.662521 0.217811 
0.944931 0.330663 0.236134 
0.063090 0.794687 0.608829 
0.229147 0.277732 0.847321 
0.323836 0.745283 0.555702 
0.529081 0.224922 0.717255 
0.374501 0.200290 0.878661 
0.791560 0.098508 0.611827 
0.341784 0.489970 0.708795 
0.006094 0.955143 0.519441 
0.083381 0.591416 0.779585 
0.587704 0.206900 0.777326 
0.392011 0.768236 0.236652 
0.795812 0.294086 0.333660 
0.937344 0.154521 0.419318 
0.709919 0.437485 0.242280 
0.742635 0.052251 0.637076 
0.603283 0.416788 0.490526 
0.619912 0.306904 0.635027 
0.307346 0.655410 0.514050 
0.365295 0.256000 0.966830 
0.864363 0.277355 0.443305 
0.324466 0.748975 0.408848 
0.689624 0.507574 0.228996 
0.205996 0.997473 0.614283 
0.241778 0.384316 0.756717 
0.755936 0.426049 0.449118 
0.378375 0.326743 0.753414 
0.396112 0.964958 0.105100 
0.844813 0.307744 0.473249 
0.738237 0.636034 0.225690 
0.710266 0.619041 0.130855 
0.012820 0.683128 0.735537 
0.924342 0.439747 0.225813 
0.717158 0.513879 0.374089 
0.947463 0.439388 0.529665 
0.514139 0.852054 0.388745 
0.255382 0.428408 0.819964 
0.667194 0.682415 0.143847 
0.125639 0.672608 0.733868 
0.401620 0.761286 0.257773 
0.596514 0.495794 0.464494 
0.205515 0.952115 0.310447 
0.482109 0.756986 0.256043 
0.739430 0.309325 0.510619 
0.212433 0.753388 0.616208 
0.758339 0.244429 0.669252 
0.298369 0.640372 0.576780 
0.933959 0.460993 0.221635 
0.385806 0.959665 0.157629 
0.964865 0.510496 0.086114 
0.686267 0.633718 0.037269 
0.258816 0.639862 0.589280 
0.712395 0.335466 0.231095 
0.175758 0.525484 0.540494 
0.593507 0.650203 0.421689 
0.364474 0.959956 0.209936 
0.295353 0.710538 0.457807 
0.148020 0.584585 0.861524 
0.495095 0.859412 0.186564 
0.854378 0.299718 0.402053 
0.345968 0.944879 0.316152 
0.521265 0.238001 0.566130 
0.013667 0.724316 0.903087 
0.022524 0.531415 0.945796 
0.339489 0.504378 0.616079 
0.321123 0.571278 0.413708 
0.634010 0.078470 0.754233 
0.506582 0.282218 0.545198 
0.649509 0.901332 0.071324 
0.175689 0.562748 0.693801 
0.713313 0.479401 0.175670 
0.920381 0.182032 0.478898 
0.723279 0.226381 0.598128 
0.686697 0.684815 0.038034 
0.681772 0.514547 0.358510 
0.798213 0.566833 0.197485 
0.468137 0.761616 0.311220 
0.623979 0.289321 0.588089 
0.384789 0.878598 0.368627 
0.725799 0.388846 0.561331 
0.651059 0.614455 0.019239 
0.445195 0.958044 0.126655 
0.892642 0.070543 0.416469 
0.796652 0.209592 0.474827 
0.147820 0.914027 0.486326 
0.288588 0.142674 0.694949 
0.422691 0.114499 0.802485 
0.970055 0.541635 0.139241 
0.519935 0.154175 0.797172 
0.543766 0.890029 0.316693 
0.140200 0.950879 0.314363 
0.771932 0.144595 0.569728 
0.542875 0.738044 0.325250 
0.213304 0.404324 0.632398 
0.357677 0.723902 0.444198 
0.717837 0.319120 0.361161 
0.943931 0.020544 0.463251 
0.354825 0.237141 0.976965 
0.537973 0.759297 0.147402 
0.785396 0.479067 0.018282 
0.464669 0.098259 0.619770 
0.806514 0.281728 0.333294 
0.525865 0.496424 0.381122 
0.077086 0.549274 0.856843 
0.820047 0.403363 0.037163 
0.454959 0.252945 0.647733 
0.782103 0.742315 0.063978 
0.308513 0.585964 0.643162 
0.468199 0.969342 0.116557 
0.212882 0.633548 0.546365 
0.387320 0.555790 0.674403 
0.522320 0.087389 0.982358 
0.606358 0.909112 0.057743 
0.306457 0.819018 0.608414 
0.384588 0.747188 0.379582 
0.275560 0.576742 0.817603 
0.420126 0.715337 0.501576 
0.635060 0.605721 0.361698 
0.728857 0.353351 0.296044 
0.729360 0.064568 0.788198 
0.630519 0.140130 0.951592 
0.625688 0.704869 0.185416 
0.541681 0.783716 0.104436 
0.604988 0.426745 0.363303 
0.423156 0.108790 0.892075 
0.645075 0.530904 0.145184 
0.341962 0.515980 0.586641 
0.612006 0.197461 0.659430 
0.226159 0.722492 0.441015 
0.805370 0.134617 0.821949 
0.595413 0.247121 0.752946 
0.241038 0.310265 0.967279 
0.374897 0.472800 0.570607 
0.215888 0.813460 0.423339 
0.458097 0.634349 0.562049 
0.849968 0.027414 0.645872 
0.629548 0.321607 0.426306 
0.153451 0.516517 0.837584 
0.390273 0.963090 0.064922 
0.791295 0.381808 0.345459 
0.745863 0.596366 0.529245 
0.402590 0.812567 0.150668 
0.003060 0.707036 0.687317 
0.365631 0.730759 0.419342 
0.297531 0.387405 0.705416 
0.301560 0.872103 0.288738 
0.079659 0.433659 0.935949 
0.646168 0.102521 0.703306 
0.887871 0.543061 0.061771 
0.449740 0.545505 0.627073 
0.420683 0.632774 0.310820 
0.030628 0.987828 0.388103 
0.470220 0.591770 0.611672 
0.746795 0.500435 0.391435 
0.152385 0.578480 0.574765 
0.297240 0.883634 0.553542 
0.398151 0.334483 0.575899 
0.636534 0.852655 0.109923 
0.719026 0.081365 0.844212 
0.869868 0.052691 0.412378 
0.849006 0.524564 0.138560 
0.606716 0.526009 0.547713 
0.444454 0.830696 0.366267 
0.849192 0.310763 0.393396 
0.704068 0.553027 0.263739 
0.328222 0.585305 0.510522 
0.735649 0.700086 0.046077 
0.707373 0.326757 0.578490 
0.154999 0.610394 0.753955 
0.963437 0.393738 0.210213 
0.432576 0.748416 0.405192 
0.359414 0.974425 0.139407 
0.353607 0.464658 0.706511 
0.667138 0.622603 0.014687 
0.946537 0.474877 0.261294 
0.985134 0.110282 0.286953 
0.656947 0.247914 0.728432 
0.366203 0.381773 0.546840 
0.837463 0.654444 0.058138 
0.652034 0.339595 0.567176 
0.355414 0.431028 0.770920 
0.784739 0.400443 0.233417 
0.134316 0.759263 0.415513 
0.169572 0.582450 0.583994 
0.353403 0.818361 0.274300 
0.491499 0.770848 0.022284 
0.386909 0.648805 0.537283 
0.155154 0.963660 0.318218 
0.564706 0.517439 0.375994 
0.220426 0.795139 0.545040 
0.303653 0.511480 0.543035 
0.691925 0.206881 0.399779 
0.934072 0.625157 0.035819 
0.272330 0.639144 0.552686 
0.807872 0.006270 0.618391 
0.543851 0.632348 0.333865 
0.460768 0.391210 0.651218 
0.831280 0.559539 0.062602 
0.604331 0.358795 0.391938 
0.407893 0.578449 0.649790 
0.525223 0.454555 0.572177 
0.701464 0.355995 0.361500 
0.764060 0.561095 0.059902 
0.716811 0.000075 0.803923 
0.833881 0.075964 0.538902 
0.695846 0.410294 0.267154 
0.599657 0.549327 0.263112 
0.494240 0.482711 0.553131 
0.558008 0.274285 0.755469 
0.275916 0.822638 0.346373 
0.623827 0.562701 0.249023 
0.805985 0.093432 0.666796 
0.794545 0.199247 0.479657 
0.787691 0.340679 0.373597 
0.608905 0.680212 0.226171 
0.564759 0.296779 0.613639 
0.591443 0.270162 0.601406 
0.525599 0.566170 0.591884 
0.855495 0.117145 0.419193 
0.159102 0.960413 0.349699 
0.350974 0.891527 0.326357 
0.979678 0.376037 0.129415 
0.182550 0.431571 0.862130 
0.825986 0.399538 0.505005 
0.778678 0.102424 0.472451 
0.392927 0.676099 0.439465 
0.983337 0.491285 0.009909 
0.891446 0.379231 0.262520 
0.783133 0.650207 0.049767 
0.338246 0.504967 0.705420 
0.714344 0.417084 0.312276 
0.661702 0.079863 0.731902 
0.144182 0.681187 0.694686 
0.359661 0.446427 0.803334 
0.432601 0.477759 0.780450 
0.554363 0.197123 0.910384 
0.657802 0.813716 0.076235 
0.646454 0.541208 0.186244 
0.704093 0.666828 0.320933 
0.612511 0.487634 0.249967 
0.256020 0.816636 0.275503 
0.107693 0.397332 0.848986 
0.912615 0.284582 0.530420 
0.084314 0.865658 0.558497 
0.545270 0.181773 0.893431 
0.108114 0.907648 0.869900 
0.570680 0.514584 0.464832 
0.181143 0.971538 0.448263 
0.922277 0.668295 0.043023 
0.389111 0.671581 0.505400 
0.936314 0.244021 0.392224 
0.426558 0.673744 0.505477 
0.590005 0.184619 0.768487 
0.465587 0.303235 0.575416 
0.470771 0.908307 0.134718 
0.178856 0.938724 0.443382 
0.065920 0.866772 0.494749 
0.412296 0.652731 0.571202 
0.796318 0.276577 0.355444 
0.702761 0.269612 0.520152 
0.529421 0.461132 0.521366 
0.802051 0.661080 0.417796 
0.871701 0.293331 0.212515 
0.580603 0.827908 0.152727 
0.516940 0.594010 0.122002 
0.778406 0.086780 0.585440 
0.497111 0.285074 0.936034 
0.456330 0.114108 0.825789 
0.509592 0.448840 0.646233 
0.066192 0.649285 0.516348 
0.828679 0.343715 0.310867 
0.390122 0.241167 0.821531 
0.454733 0.464677 0.644607 
0.207078 0.787673 0.407293 
0.864883 0.368413 0.537419 
0.993948 0.412396 0.171701 
0.591507 0.638612 0.220042 
0.995580 0.111079 0.482251 
0.862830 0.219837 0.318224 
0.066239 0.971953 0.267474 
0.373519 0.359625 0.657731 
0.033566 0.662166 0.741110 
0.297144 0.803792 0.169227 
0.681298 0.297049 0.439348 
0.747083 0.254548 0.585530 
0.553425 0.601356 0.393814 
0.776606 0.591136 0.334095 
0.767018 0.428940 0.503706 
0.339262 0.381181 0.599149 
0.769956 0.186694 0.730827 
0.763172 0.067640 0.764941 
0.743433 0.104671 0.689096 
0.136110 0.813476 0.662130 
0.617701 0.518360 0.239073 
0.077663 0.411626 0.978514 
0.576911 0.500671 0.438492 
0.059752 0.863098 0.467455 
0.699210 0.577240 0.199120 
0.701819 0.735358 0.141991 
0.543586 0.218897 0.759372 
0.826864 0.880404 0.004992 
0.810570 0.352922 0.277974 
0.434660 0.423774 0.513395 
0.810287 0.633144 0.235276 
0.460148 0.336342 0.634040 
0.423953 0.861341 0.018905 
0.929063 0.460815 0.236509 
0.186297 0.414243 0.811326 
0.345789 0.352641 0.770858 
0.466343 0.254224 0.717340 
0.469194 0.715344 0.319522 
0.493656 0.286563 0.837711 
0.561641 0.418485 0.527034 
0.874357 0.194486 0.243609 
0.693173 0.471926 0.373719 
0.705281 0.341999 0.468810 
0.585632 0.579087 0.283987 
0.506338 0.240092 0.645739 
0.334865 0.201022 0.956060 
0.091737 0.689568 0.741794 
0.494649 0.524324 0.443869 
0.224926 0.573590 0.624566 
0.518365 0.428000 0.385020 
0.736367 0.038599 0.513855 
0.601649 0.394302 0.617657 
0.555846 0.306575 0.381053 
0.144739 0.776400 0.483976 
0.965022 0.319928 0.208868 
0.675469 0.694902 0.237723 
0.788987 0.029501 0.521960 
0.327556 0.499355 0.660636 
0.552614 0.450682 0.337037 
0.198350 0.969790 0.184618 
0.089358 0.738866 0.515187 
0.539099 0.128769 0.682495 
0.656302 0.689698 0.114897 
0.523504 0.538033 0.309724 
0.577302 0.509086 0.348865 
0.288866 0.738641 0.505940 
0.537520 0.147402 0.787880 
0.566145 0.233276 0.848505 
0.054959 0.995984 0.476322 
0.914347 0.407023 0.136388 
0.447853 0.275834 0.670075 
0.407703 0.616509 0.521118 
0.242510 0.094325 0.891382 
0.050122 0.601011 0.767215 
0.991008 0.081290 0.334091 
0.449608 0.884757 0.240223 
0.221533 0.684080 0.888412 
0.274250 0.440831 0.616513 
0.886482 0.154276 0.572419 
0.291022 0.279207 0.999207 
0.211874 0.486982 0.796736 
0.133176 0.942248 0.478366 
0.355896 0.420683 0.657241 
0.744583 0.069353 0.553880 
0.412656 0.676775 0.268668 
0.667342 0.120635 0.446960 
0.367871 0.623943 0.544841 
0.802629 0.330527 0.368725 
0.509440 0.736841 0.368106 
0.415870 0.299021 0.739723 
0.671150 0.601292 0.284129 
0.331730 0.642763 0.604286 
0.444990 0.655163 0.511789 
0.247160 0.712743 0.618411 
0.417034 0.308182 0.658761 
0.825865 0.649207 0.021893 
0.565413 0.638723 0.191825 
0.992657 0.478643 0.176369 
0.007705 0.696591 0.929265 
0.177860 0.405257 0.863081 
0.117932 0.689441 0.502909 
0.870279 0.367554 0.276344 
0.892352 0.603987 0.063337 
0.903306 0.112228 0.360527 
0.465193 0.269519 0.720363 
0.862213 0.331362 0.404631 
0.053425 0.839319 0.429565 
0.711902 0.155092 0.679616 
0.619566 0.268903 0.539038 
0.374501 0.500839 0.651621 
0.076451 0.671300 0.770020 
0.974429 0.217754 0.271900 
0.950852 0.024081 0.557094 
0.614005 0.253730 0.816050 
0.955175 0.417258 0.012071 
0.438640 0.840487 0.170803 
0.672706 0.190030 0.598236 
0.557989 0.355513 0.835414 
0.209142 0.534476 0.866372 
0.479194 0.478509 0.663742 
0.547470 0.750909 0.158113 
0.892240 0.449643 0.268603 
0.565729 0.699473 0.195782 
0.647596 0.201813 0.835377 
0.011243 0.718439 0.520606 
0.656346 0.455768 0.406780 
0.284798 0.471274 0.652469 
0.262961 0.489402 0.512315 
0.631100 0.871386 0.090184 
0.564620 0.751128 0.115558 
0.515786 0.692828 0.376429 
0.486988 0.214591 0.832602 
0.404255 0.218857 0.855845 
0.026614 0.697674 0.743793 
0.200004 0.626769 0.736318 
0.801142 0.369690 0.249606 
0.749864 0.674126 0.297263 
0.426917 0.177587 0.863249 
0.392559 0.391282 0.874054 
0.722840 0.118554 0.761439 
0.073013 0.445491 0.986038 
0.835582 0.532062 0.242742 
0.231952 0.756105 0.501874 
0.581034 0.587156 0.297255 
0.368094 0.910731 0.238553 
0.517187 0.320299 0.587905 
0.159023 0.959825 0.371102 
0.681736 0.359582 0.566615 
0.707076 0.957989 0.073398 
0.238041 0.589397 0.789369 
0.522451 0.260272 0.686596 
0.757627 0.719904 0.093634 
0.861373 0.549901 0.029149 
0.086190 0.414101 0.944614 
0.827568 0.014121 0.894702 
0.933876 0.007886 0.344572 
0.215545 0.591219 0.679363 
0.056220 0.473723 0.859750 
0.793796 0.211275 0.595388 
0.191675 0.315067 0.936945 
0.779952 0.396795 0.175082 
0.011855 0.920923 0.562213 
0.185273 0.994226 0.498764 
0.860144 0.102953 0.644242 
0.644724 0.482162 0.529853 
0.239945 0.967995 0.242922 
0.215238 0.815753 0.437592 
0.532265 0.620136 0.602397 
0.104126 0.493971 0.892535 
0.460112 0.623399 0.736404 
0.620512 0.316670 0.553656 
0.697216 0.194895 0.324489 
0.884224 0.406319 0.218651 
0.498196 0.641399 0.236097 
0.484355 0.227591 0.913108 
0.373826 0.190622 0.895656 
0.437656 0.778284 0.462966 
0.957392 0.485893 0.051603 
0.146039 0.700668 0.732534 
0.576247 0.645267 0.122144 
0.686468 0.335140 0.538245 
0.774931 0.422632 0.336173 
0.316415 0.452640 0.632586 
0.460713 0.247901 0.783340 
0.575546 0.914059 0.297976 
0.026777 0.581262 0.713593 
0.648744 0.894937 0.145950 
0.784640 0.809496 0.038132 
0.129387 0.213806 0.894420 
0.443741 0.654120 0.543136 
0.378720 0.806044 0.337470 
0.159748 0.678199 0.658217 
0.462150 0.742431 0.059641 
0.407060 0.345905 0.628146 
0.387578 0.479072 0.639017 
0.747302 0.134781 0.798477 
0.754627 0.322218 0.418117 
0.650327 0.618202 0.091281 
0.787603 0.410807 0.356608 
0.373906 0.634384 0.437891 
0.944855 0.249598 0.257887 
0.795869 0.616760 0.105171 
0.513291 0.429814 0.513574 
0.451017 0.586168 0.629344 
0.549735 0.365143 0.899607 
0.662337 0.190625 0.685866 
0.320359 0.736438 0.600850 
0.587915 0.329346 0.680403 
0.473929 0.815121 0.399191 
0.085447 0.428652 0.854181 
0.656054 0.555215 0.371599 
0.496836 0.300419 0.779802 
0.174423 0.958884 0.329684 
0.517265 0.412455 0.488402 
0.435867 0.848115 0.200991 
0.272352 0.733935 0.678833 
0.388270 0.175816 0.866798 
0.027081 0.964516 0.610428 
0.287171 0.521400 0.514059 
0.208692 0.771822 0.484249 
0.648650 0.614192 0.281684 
0.244169 0.447742 0.771505 
0.118791 0.888521 0.507743 
0.724662 0.431395 0.736948 
0.356948 0.600857 0.602495 
0.780675 0.017257 0.562856 
0.203760 0.884039 0.356575 
0.824533 0.173536 0.477258 
0.540820 0.122564 0.755739 
0.515167 0.347878 0.604259 
0.878771 0.696263 0.179226 
0.640577 0.501817 0.386851 
0.558661 0.606072 0.348151 
0.635644 0.701077 0.173815 
0.545491 0.470111 0.532494 
0.709618 0.332681 0.490680 
0.585896 0.391418 0.273760 
0.714304 0.511709 0.107526 
0.392624 0.118996 0.985520 
0.320863 0.561326 0.399797 
0.306778 0.628066 0.506661 
0.514646 0.677210 0.126498 
0.826863 0.786439 0.035437 
0.492858 0.768962 0.301004 
0.584108 0.453407 0.437998 
0.315822 0.563894 0.638014 
0.083262 0.623139 0.713834 
0.474418 0.526434 0.566370 
0.603544 0.065719 0.832341 
0.274836 0.353967 0.735613 
0.460022 0.858796 0.398347 
0.599898 0.865797 0.167125 
0.223982 0.337609 0.925704 
0.170077 0.515211 0.676790 
0.369979 0.397860 0.848013 
0.152444 0.543834 0.882743 
0.673729 0.695414 0.251105 
0.436574 0.840102 0.081099 
0.922885 0.280634 0.429982 
0.327350 0.463920 0.603431 
0.994174 0.514789 0.074808 
0.392133 0.666566 0.687343 
0.333791 0.337304 0.688317 
0.695853 0.142679 0.741246 
0.800747 0.474049 0.202063 
0.537114 0.667648 0.418444 
0.781746 0.586416 0.252170 
0.451523 0.839501 0.222311 
0.115662 0.285492 0.813915 
0.097307 0.354655 0.886839 
0.376137 0.303251 0.757402 
0.766539 0.627795 0.128959 
0.149434 0.855149 0.424259 
0.833132 0.559324 0.223042 
0.215107 0.528863 0.666171 
0.738232 0.131831 0.522188 
0.538523 0.738969 0.116515 
0.132170 0.909539 0.471885 
0.401896 0.695787 0.427597 
0.730358 0.787808 0.292467 
0.844074 0.033105 0.625835 
0.474809 0.220381 0.808070 
0.130432 0.842945 0.695155 
0.101054 0.726968 0.777072 
0.795804 0.011747 0.915395 
0.574270 0.358436 0.513475 
0.451052 0.959341 0.109609 
0.403437 0.377479 0.686817 
0.271393 0.654476 0.598899 
0.014016 0.642364 0.869201 
0.013019 0.843974 0.603932 
0.650193 0.582712 0.230285 
0.452750 0.933274 0.203550 
0.017434 0.797832 0.740037 
0.183856 0.647416 0.595511 
0.435086 0.521063 0.447609 
0.619262 0.552650 0.294806 
0.324095 0.494716 0.723995 
0.531245 0.334168 0.674123 
0.175247 0.920640 0.404658 
0.821817 0.350135 0.140061 
0.064596 0.890856 0.438993 
0.521608 0.588463 0.385746 
0.535165 0.129809 0.998572 
0.192412 0.353220 0.752086 
0.024036 0.767654 0.740332 
0.548713 0.992984 0.050877 
0.709746 0.399513 0.274506 
0.144221 0.285048 0.989424 
0.639332 0.228097 0.609971 
0.763619 0.333710 0.315299 
0.764904 0.123836 0.642017 
0.520115 0.453486 0.521842 
0.459187 0.397992 0.559699 
0.356664 0.436662 0.732524 
0.854576 0.317286 0.280288 
0.518498 0.664825 0.301215 
0.439503 0.208609 0.710256 
0.498664 0.471701 0.457075 
0.143979 0.745121 0.691597 
0.737662 0.308081 0.520950 
0.753337 0.197820 0.346638 
0.426957 0.525580 0.416446 
0.853225 0.153213 0.553009 
0.687535 0.565910 0.111274 
0.272895 0.716593 0.697867 
0.510724 0.094980 0.931623 
0.984211 0.487042 0.146069 
0.803912 0.344888 0.221038 
0.767475 0.394683 0.420747 
0.402831 0.183149 0.830426 
0.101453 0.607473 0.707791 
0.199698 0.777562 0.562871 
0.481316 0.508151 0.546190 
0.322961 0.279551 0.930253 
0.316244 0.967722 0.311940 
0.720713 0.360284 0.363487 
0.561257 0.573242 0.377028 
0.609311 0.499509 0.507589 
0.607302 0.470435 0.454630 
0.304084 0.490873 0.659258 
0.449208 0.272522 0.831761 
0.056756 0.415155 0.999468 
0.676353 0.012741 0.811411 
0.097083 0.878087 0.461237 
0.770886 0.584591 0.051977 
0.241418 0.459382 0.877159 
0.599271 0.082958 0.883209 
0.758663 0.095904 0.727003 
0.215938 0.785340 0.435233 
0.344614 0.894693 0.370617 
0.714892 0.288717 0.584103 
0.053730 0.764493 0.674637 
0.446162 0.573450 0.620757 
0.108191 0.662030 0.542765 
0.553687 0.421981 0.294554 
0.064073 0.395973 0.917965 
0.228704 0.406064 0.857422 
0.520897 0.283374 0.822161 
0.363121 0.574609 0.536747 
0.220850 0.647669 0.551779 
0.424919 0.695477 0.494874 
0.399494 0.921607 0.275835 
0.166949 0.378840 0.978673 
0.539389 0.386144 0.622134 
0.282629 0.732457 0.446470 
0.883784 0.539567 0.011300 
0.309264 0.393865 0.797420 
