3000 3
540,7915,9762
3791,8951,671
4114,2887,9808
6522,3592,6158
5608,1916,7564
609,9036,4212
7797,1615,6408
1767,4223,9162
5897,4318,6556
2487,5052,7784
4075,6650,3474
3251,4828,6480
2331,5855,9193
6904,7897,1292
1781,5051,6670
6766,7247,1675
5120,7390,1855
8774,5924,1937
6564,1818,8862
4687,3610,7187
5660,1257,6928
3301,3202,6990
6400,5525,3261
6315,3240,5512
6655,8096,722
5320,4708,6670
1921,6247,6344
4099,6831,2063
5711,8399,2785
4765,2993,6803
4787,4910,5389
9129,6514,569
1666,6490,6529
6502,3910,5690
9406,2304,3657
6981,7310,711
6307,5918,3190
6442,7284,1082
4857,7011,4334
8912,5791,1520
9453,840,4365
1612,8102,3666
7931,5992,2023
4066,6075,3008
9972,1200,3661
4089,2949,8510
1111,6372,7480
9513,5157,821
1860,9833,5647
2097,8293,3861
7242,3334,3844
5992,3036,3955
4263,9210,637
4700,2723,6954
9830,2116,3939
4017,6099,1613
5671,4247,4633
1643,6892,8653
1082,7781,5725
5934,2028,6414
1744,7836,4724
5126,1512,7373
8697,1395,2504
5282,5468,4076
5112,2289,8497
8600,2372,4661
3121,3528,8668
2933,9152,3200
3464,8634,266
9014,6044,901
2641,5554,7026
5052,4183,6622
4738,4931,5174
4218,5564,5485
4230,6163,3296
4436,4315,8284
1677,6147,8167
5683,5727,5828
6870,4320,3883
9443,119,4302
8259,2148,4556
2605,1648,9967
4501,9193,1119
4126,5053,3566
3714,5861,7498
9742,2829,1361
7669,1513,5038
4262,5805,4904
3698,8598,6184
7985,6614,1464
6154,1548,6932
865,4535,8814
4926,6827,2253
1854,5798,7205
6462,2137,6690
9682,1256,4685
3863,7728,5441
1061,6760,6653
6394,3815,4609
5666,5823,4919
8025,2224,1890
4163,3468,7234
4558,3197,5426
7744,3945,4645
3775,9643,465
3083,9545,1484
6419,2283,6112
4729,5159,4058
1037,3025,8465
8589,4931,1784
1137,9962,3685
4747,4059,6709
518,8711,5956
1688,6625,6583
3070,5332,5926
3863,3740,8188
4820,7405,2594
2999,4542,6165
7049,786,6191
3613,7399,3642
6580,8280,781
476,7206,6465
2593,6051,5044
1000,7091,7416
4093,7455,3545
2358,9402,6208
4210,6289,6737
5621,7483,1234
5945,6235,1857
2146,4842,7263
5556,4355,3407
5894,2103,5740
1126,8482,4044
4658,2854,8850
6609,3935,4545
1090,5359,9667
8543,533,6457
5898,2306,7736
4828,4602,4763
6370,3635,5616
6110,2060,6137
2899,9295,1554
5688,3502,4690
3533,9000,1718
9361,1015,4601
4531,5758,4737
6311,3235,7241
8360,391,3692
2631,7214,5290
4957,8614,1954
2264,8684,3964
9500,5137,2193
6839,1712,4435
681,7786,3869
635,9979,5049
7421,4266,2119
320,6593,7020
7836,4030,2927
7690,4433,5010
6383,2918,4497
3841,3889,5526
5589,3171,7786
5932,4061,5030
6620,3852,2172
5677,5253,4659
3394,1776,9195
4330,9714,688
9922,3398,3826
4525,2966,9341
2048,8851,3338
1676,4648,9741
8757,3532,2405
2698,2004,9909
6326,3258,3946
6976,4653,3575
564,8032,6461
2434,9062,4651
8308,839,4525
6833,3926,5093
2929,8854,6363
5573,1805,7883
3419,1486,9707
1092,4186,8148
2400,5123,4951
7871,3027,5280
4171,5321,4171
6360,5150,4017
4478,9208,1546
2285,6833,5672
1319,5852,6651
943,7012,8738
8800,3326,1701
7936,4278,1226
3868,7836,3200
1859,7489,5108
5569,4878,2204
6503,5938,762
5798,9825,875
6447,970,7995
337,9688,4464
3001,2748,9894
5030,6588,5930
4856,3273,7317
2255,6634,4144
9929,1986,2341
5872,4897,3325
4567,4714,4340
2177,6883,4540
5772,2969,6049
5430,5772,3653
7155,4623,5419
8704,3529,4809
3624,5674,6604
2162,5579,9794
3528,3584,6335
7344,2900,5330
2318,6744,4335
1210,9195,6578
742,3967,9235
986,4625,9334
1961,6543,7557
4259,8887,2082
513,4676,8527
8363,1260,4633
3078,9638,2169
2140,4795,6795
4077,9254,480
4743,4901,2901
3372,9357,2986
7302,6755,3467
7114,5226,1272
4089,9123,4278
2974,5291,5557
1593,3368,9236
7453,717,8004
5322,2892,6950
3752,403,9663
4952,6525,5901
2357,8722,2512
1944,8011,6401
5617,1107,8707
3397,5117,4740
3638,4994,6497
5373,3235,8101
3539,4933,5816
3928,2953,7367
3505,7825,3495
5816,4675,6957
4965,3270,3772
3333,4704,9174
8055,5994,2554
5893,1001,8539
2944,6716,6759
6117,3224,5962
7276,5730,2736
3757,2694,8208
3323,7181,3388
815,5919,8329
3221,4490,5419
6429,3164,5599
4932,6598,2765
2608,4823,8825
5290,5545,4322
7213,8769,2471
1679,4602,8792
6084,5660,2317
6064,5741,5343
5545,6366,168
928,6397,5803
4689,4855,3063
9179,1388,6188
1993,5420,7142
376,9590,5221
3406,8147,6308
2707,4615,6321
9566,1976,1787
9235,1725,4506
4426,2228,6815
2624,6840,3325
4176,3498,6993
4694,6964,5326
6679,1781,7954
7211,2243,7557
4530,4051,6624
7843,4812,1732
4988,1485,9107
3632,7351,2768
2717,6446,5762
9330,4751,1686
7350,3826,5614
4187,3771,4189
1424,6261,6686
4890,5555,6234
6916,874,7030
5611,8413,48
6078,2094,6209
5826,6751,2451
3743,4187,8392
3517,8785,4449
3242,8931,1865
3617,5802,4287
2683,1959,9961
6195,4377,3587
2590,7576,5105
3548,9106,4918
7707,2046,6746
3020,4954,9144
5364,4728,6921
8084,5693,386
7777,4288,3838
6356,7063,2802
1165,3746,8686
5745,2492,6898
2098,6133,4260
3466,2276,8185
7324,4814,1964
5707,7161,4171
5995,4621,4262
3524,3128,7391
5857,6774,3501
6896,1762,6106
7075,5304,2735
2393,2071,7129
1612,7788,5172
2348,5556,8629
4266,3278,5577
912,5431,7165
5996,246,9264
993,9642,4991
7729,958,5324
3064,4533,9411
3963,9184,253
2017,8198,5245
5783,1238,7822
2539,5312,4242
3238,6384,4568
3559,9199,706
4508,425,9367
4470,3737,7415
1355,7311,6362
824,7310,6022
9594,1215,6382
4285,835,9183
5290,7396,878
4659,5997,4148
4434,3295,6440
6063,9857,655
6142,7935,1151
7122,4111,4610
6602,6137,3932
4565,1174,7584
3174,6384,4916
8413,4035,1247
6119,674,6187
4188,2516,7582
8400,2148,3874
2877,7278,5077
1319,5552,8768
2223,5680,7438
1547,4609,7308
5794,7132,2919
5862,8129,2811
4852,3974,7781
3005,7799,7712
3033,4135,7166
8720,2216,5875
7861,4943,1351
6341,5378,2574
3844,2938,8490
7921,2348,5206
5219,5436,4820
4300,6562,3833
1959,2030,9692
348,4662,8351
182,6921,6814
2736,5734,4656
774,4804,9241
6413,4581,2425
6130,3427,4122
2715,4751,8325
2302,4262,7481
6667,3895,5133
3885,4018,3585
2663,7876,5925
5741,7253,3441
3454,5359,5096
8493,551,6855
6663,2206,6278
2535,9530,1323
8547,4072,2951
1151,7194,8465
4635,5514,4349
5418,4901,6036
9097,145,5330
6297,1455,7703
9646,1494,5343
7597,4759,2838
9534,3219,3425
4983,4435,4010
3738,5554,7576
9544,5534,259
3853,5460,5014
6739,758,5330
7203,5251,1541
2141,6940,5770
2812,4221,8665
2203,6858,5748
6926,227,9388
9284,1556,5884
4442,4952,6526
8014,5695,1132
5714,5844,4038
7003,7187,30
5199,3344,4732
7264,5417,5142
2319,9482,3831
8603,1925,5227
4885,5593,5521
5602,1366,7785
7188,6689,938
4382,9350,2001
3878,1317,8240
5526,8870,1403
2810,7822,1949
6269,3597,4982
5447,4833,6828
9674,5503,1249
9117,69,5660
2076,2342,9767
9730,3381,3079
513,8392,7223
2294,9173,5404
5647,3482,5377
3693,3154,8786
1169,9828,5189
5010,3938,7571
5417,6826,3882
2667,6855,4045
3610,5091,4104
9337,1771,5363
5640,4850,6500
6624,8382,2907
5741,3380,6486
9628,1802,3913
1356,6463,7564
6638,6317,3882
4579,5724,4851
4469,9543,412
8365,365,8699
4560,3482,8057
4584,6990,4326
4478,9419,1061
3368,6766,6716
608,4035,9814
9886,2295,2768
3588,3240,7223
5224,4355,5724
4573,8095,1315
352,6618,9607
579,9737,5206
4012,6281,5698
3516,3987,5280
4587,8793,1286
8974,5100,3277
8109,6297,111
8576,2615,4542
6308,3969,4508
5056,1242,6808
6127,6862,2253
8608,4435,762
5728,5418,2847
9218,2269,2818
1311,6644,7044
5593,6160,1996
1083,6782,5691
5820,7259,4201
8866,4270,3667
3029,4564,8349
5035,8368,1849
2150,9336,5355
6868,5833,3398
6288,2175,7152
7185,1962,5854
1782,6769,5561
4461,3930,6077
6721,5317,3064
8431,2150,6882
6338,5005,4659
5792,5852,3728
1421,8309,5585
5369,5915,5302
6782,1111,7992
7943,4663,978
3981,8223,1630
1900,5130,4563
7610,512,7616
302,4338,7602
6472,4587,2795
8383,4829,3483
1209,7861,6062
1258,6603,6092
8269,5950,472
7202,3336,4692
1638,4615,8227
5727,5857,2714
5864,4901,4011
7646,2355,5765
8766,4576,2186
7956,3370,5109
4099,3637,9097
6705,4409,6126
2291,4811,9658
9355,194,6521
3033,8434,3114
4301,5940,7291
3366,5202,9064
8095,1618,6153
6603,2060,3923
3337,2911,9134
9631,3840,1209
6430,2029,6257
5467,3731,3756
4152,2656,7876
4023,1489,9329
9642,2128,1867
106,5678,8258
4886,7374,3320
7266,6235,830
9686,5892,1235
2126,5157,6743
2957,7988,5647
9428,4080,611
574,6318,6487
8961,5676,1266
7763,3588,1066
1223,6272,8929
4714,9448,1163
1519,6280,3409
8399,6802,1669
4893,3756,5291
1237,9329,3668
6957,1597,4470
2166,6097,6967
3788,5148,5860
8996,1953,5888
4291,7606,2295
5081,3505,6454
3983,5325,5806
4464,1283,8658
7171,6548,3199
4368,6191,5770
7303,7199,186
4424,6967,2959
3879,7352,2820
6914,5098,6289
3913,4754,5954
5190,7211,2594
7825,1074,4493
8944,482,4833
2474,3707,8473
9464,4286,888
1122,4515,7107
2632,8475,3498
9266,6955,1044
8403,3434,3514
5420,984,8974
7143,6711,1362
5404,1719,7563
1525,8000,4018
3070,2636,9878
6905,2798,4931
6215,7665,3871
4823,8272,249
8607,6382,1841
8515,584,3576
5414,109,8355
1601,4590,6306
4797,5510,1952
7013,4755,5285
4510,3066,9417
3609,6441,6966
6056,8490,276
9537,5094,357
5268,4494,6328
7476,5316,3350
5318,2674,7697
2232,6478,6578
6023,3377,8020
6965,4028,3819
5162,6618,2515
1049,8459,7504
6415,2966,5347
8342,352,7622
6073,6585,2829
3379,4586,8534
7606,1522,5406
9811,4089,1962
8978,808,4857
4942,6556,5634
6565,4449,3547
7526,1091,7316
3313,5497,6568
6436,2148,6993
4093,803,8079
5172,9147,1754
8048,4707,1455
1223,6147,9063
6113,6256,2077
6309,2323,5786
7115,7703,824
7406,1536,6555
7454,1025,3408
5559,5557,5102
5671,6109,1872
358,3138,9583
5436,6946,503
2444,7958,4280
3703,3888,9359
4000,5769,4712
6001,2979,5612
5440,6306,1962
7159,4027,4438
1980,6752,7139
7683,6397,2195
7257,4876,1469
7665,5689,1497
2307,6858,6191
7414,1868,6082
7730,3679,3958
634,7730,6566
7796,3702,1505
9935,3840,1717
2754,7971,5008
2509,4278,8571
5742,6862,4569
1594,4626,7097
6325,2237,4882
2809,7094,5037
9177,3671,114
4932,2022,7380
8677,4017,5133
854,8889,4195
1904,6933,5852
6337,4509,4086
6866,2371,6339
5009,6860,2159
1684,4936,9316
5633,3477,4541
1740,5137,8434
1473,8942,4885
4863,3260,5412
6848,4215,4566
4457,4231,4623
7433,2298,6397
6940,3160,5774
8500,2300,4422
870,7096,5454
5373,5834,5036
6343,4385,5411
214,7709,6464
8066,3659,2352
1128,8962,5943
4779,5162,3814
6502,1504,7139
6271,6791,5847
5015,8448,4207
8322,4649,2894
741,3519,8174
8643,4220,2424
5954,6556,3266
5599,6386,2004
4629,7659,4670
8424,5866,1221
5274,4663,3086
822,9519,6338
5804,8606,1858
5717,112,7716
6170,9684,1043
3700,3810,6553
6421,2156,5427
5519,6278,2691
5596,8155,3929
4888,5410,5406
933,5458,6552
6659,5263,4622
2981,5665,4444
5033,8658,3320
5019,3382,5251
5824,4715,4682
703,7799,8872
3837,1444,9975
7401,2298,5030
7777,5825,2445
8476,1914,5417
3975,1367,9634
7121,4240,3451
7134,5896,1523
7558,5131,1311
771,8217,5090
4790,9013,2184
147,7243,6006
1637,7298,8050
5718,5176,3534
6052,12,9040
5962,3064,7151
5517,1678,5355
676,4639,9514
4381,9356,1197
1744,8975,6255
9317,6767,347
3597,5968,6247
2371,5511,6047
3215,9639,325
7312,5650,3931
5142,3881,6304
5020,2473,5218
4231,3514,7810
8778,748,6484
6985,6643,2311
2310,8081,5231
5346,7136,1572
6980,6437,3888
5468,3516,7349
7485,4460,3653
5434,1855,6095
3333,8336,3619
1431,8235,3799
4827,4611,4640
5315,7257,460
3811,6546,5678
7088,6786,452
4695,5392,5381
4123,5248,6760
5971,2921,6957
3994,5610,6240
3992,7283,2552
4573,3783,6616
6708,4764,2668
6630,2515,5581
5404,6279,3380
4955,6632,1217
9896,2968,4794
6212,5451,2768
9407,3352,1600
7577,8858,7
8412,39,6284
954,8905,6887
7943,6373,1734
9467,1420,6954
7149,4230,1636
4536,5518,5472
4189,6407,5564
1619,5542,8163
3706,4566,6057
1999,5153,8504
9224,5133,70
6652,425,7467
58,6909,6232
3738,1732,8021
2439,6860,4187
4669,4835,5674
7085,5387,3295
472,3988,9181
6052,3167,6309
1772,6377,6354
7892,3759,5331
8152,873,4356
6916,6853,1114
4242,852,7397
1420,9410,7577
4642,2891,6442
8222,6982,797
5084,6940,1779
6963,1872,9046
5808,3962,4339
1183,9376,6631
8255,4818,2586
699,9146,6319
1912,9181,3286
4087,2788,9668
6166,1688,5721
5766,70,9747
6221,4724,3489
7844,312,6926
162,6419,8016
7118,3582,5024
5209,9006,1081
5552,3135,7017
796,5295,6506
2804,9779,3593
8306,6009,1540
6544,2475,5984
3253,4260,7218
7625,1181,4376
4458,8864,2827
7588,5473,953
1861,4378,8105
5463,725,8541
2520,4906,7245
72,5400,9424
5498,7338,1522
4205,8884,2964
9496,2857,3964
7198,6870,1194
6188,4584,5466
1538,7997,5479
9395,3382,2527
4299,5962,4987
8978,2792,3408
7555,7983,1089
8293,5943,808
9191,2089,3088
4404,5875,5744
5718,2916,7473
8054,5531,3447
2110,3982,9342
7633,5552,2290
2506,4351,8691
2867,3786,7190
7815,4498,3305
5407,9767,1068
3799,5389,6595
7891,7806,599
6241,6434,1086
6405,2926,5807
2546,2722,9860
2381,8618,4584
7933,3197,4043
3848,6854,5095
5019,6074,4724
2816,2415,7714
3489,6518,5701
8021,7239,686
4706,8710,1286
2853,8370,3218
3982,7716,2916
5870,5070,3501
5017,5870,4626
9780,4045,2771
3010,6321,4124
2332,9686,1837
6580,5378,2376
7079,4737,3669
763,8991,6696
6544,4930,2409
5248,7874,1599
3272,1228,9923
4218,2796,9207
4777,7647,5027
4120,3409,8145
6971,3961,2777
9321,901,6670
6263,737,6517
5806,6658,2476
3194,7207,3684
1682,2537,7879
3276,1770,7330
2583,8637,2868
6146,7244,589
6895,7010,5452
8030,941,5095
2490,6921,5458
7704,3476,4559
5237,6982,2817
8507,1855,4000
7473,221,8707
7340,7253,1839
6664,4219,4631
6047,7157,4146
1862,4995,8781
6976,684,7043
4156,4099,5679
1854,5677,7366
1834,2977,9253
5713,3642,7447
5470,9512,727
9869,3243,1172
8561,4689,1649
5147,8691,347
7558,4777,1823
3785,6493,3608
5042,6195,5062
3665,5947,5816
7501,4662,1430
9082,6971,792
7201,6377,4354
5961,5134,2895
4305,3185,7315
3698,5115,5754
4915,5938,4968
9106,1046,6810
801,9521,4851
4560,8544,1437
8128,2525,5098
8106,4189,2459
7760,2915,5858
2826,9939,2875
5715,2007,7027
3027,4960,5868
8166,2305,1908
1587,4201,8632
1555,895,9834
8972,3745,1302
2507,4880,7782
3071,5664,4937
5496,8905,1313
1174,8201,5383
7503,5785,656
7034,1301,8245
1419,4823,7484
5382,1029,7077
2560,4059,9369
4524,3781,6782
631,6886,7190
9254,2678,3186
5431,8366,3139
5733,3497,7690
6813,5182,3002
6679,6823,1770
6505,947,8184
3124,6176,6972
2674,3274,6438
8945,842,3546
7305,758,5470
2840,7291,2492
5911,3086,5590
8297,846,7170
6332,6735,67
5687,2775,5867
863,7808,6823
3154,1408,8018
5924,2948,4319
7635,2028,6205
4355,4923,4981
6587,2634,6935
9055,1003,3752
5565,2460,8247
5515,2036,5860
5358,5540,3954
2418,5398,5031
5695,1314,8714
4241,5112,7534
8473,5316,1023
5822,3467,4734
8178,4210,2782
3898,4775,6004
4036,8710,4063
6230,8617,3209
4784,5727,3975
7700,2435,2064
5073,9318,1149
2946,4039,7224
4618,7863,643
7317,2019,5118
4348,5580,3118
5538,9524,773
6210,1841,7261
1786,8648,4937
3762,6762,5719
9811,1719,2820
4435,8526,2148
8330,2353,5542
1455,9760,3709
8027,3994,5183
4896,8728,172
8520,2901,4416
1642,7563,6823
5175,542,7715
5223,1580,7318
3201,4582,7366
8155,995,6620
1321,9896,2411
4260,1454,8303
535,8316,8543
2824,3416,7922
5195,6171,4445
2121,7423,5813
3792,5912,5863
4720,6143,5489
4140,5631,3836
9455,2937,1593
8458,5072,1658
7821,2410,6232
2867,5064,8499
2130,4950,6319
6166,163,8094
2318,7819,6677
4363,6587,2684
3579,6511,5789
8156,2102,7439
2960,5569,7960
8843,2972,4197
8564,59,4044
14,6512,9664
8926,2547,3561
7199,2957,7080
4566,8907,1824
7054,50,7858
4783,5415,4087
5844,6403,3302
3935,6452,3259
5955,8640,2331
585,9042,3994
202,8113,7325
3282,3961,7966
4622,3960,8884
4019,1843,5531
4470,5337,4370
938,9212,3209
7777,5662,2366
9984,4805,1327
4543,4995,5603
7284,2551,6301
3597,6895,3487
6789,563,6349
9895,2202,3224
8650,4114,1102
4350,5982,5043
2774,1743,9108
4899,6279,3947
4237,1018,8001
7329,3643,4377
2172,9157,2154
3669,4715,6321
6891,1360,5156
1623,6405,6395
7124,301,8946
2088,7048,5235
5596,3704,4627
7961,3213,6131
3641,8392,5739
3685,3852,7997
4043,4210,6059
4134,4020,6723
2267,7883,3153
5226,5730,4529
4258,6923,2403
1987,5013,8436
8928,5291,694
5780,4191,4664
3125,2593,9206
4222,6047,4456
8538,7009,1127
923,6016,8508
6433,4913,2297
3809,9868,1021
1926,8484,5941
5898,7117,3919
1849,7682,6959
4520,813,9965
1162,6544,6862
7883,2672,5340
4922,5929,3445
2199,8456,2767
153,6112,7806
5451,1431,9198
1920,6136,7520
1106,5319,8503
5876,6721,3044
924,9220,5552
9200,169,6565
5252,6647,2989
7727,5013,2227
2855,2449,7954
5573,3899,5588
3073,6078,9247
2639,9833,1866
5562,7468,1595
4126,6707,5139
597,6466,7618
8441,4906,2289
4210,5204,6421
4291,3949,6001
4886,6867,1488
1997,3577,7864
6484,4753,4875
4153,5188,6180
5828,5564,2658
8621,4102,2627
6056,5035,4720
7369,6151,769
7295,7752,177
5528,4103,6532
5637,4327,5504
3339,1383,9629
7735,888,5989
6644,8509,1794
2088,3262,9394
6952,6661,1018
7602,3204,4248
3263,1392,9496
7410,7456,128
6845,1271,5280
2892,9681,1904
7778,814,4902
1299,9182,5406
904,3993,9117
1958,2619,8621
6460,3885,6332
3912,4491,5981
8976,743,5098
1231,6007,8319
9876,6286,1757
7351,4685,3509
6542,3121,5532
2966,2144,9566
8446,7046,1232
7672,580,6624
4950,4593,5851
5753,6376,4091
2863,5606,8521
5658,2320,6950
8577,2932,5960
3198,2722,9197
6351,5855,4440
871,8906,4360
8355,222,4581
198,9094,6820
8844,1615,4905
1017,5406,8534
89,6298,6973
7097,3278,4257
3746,7001,3201
4850,1389,6851
4241,1101,7037
2395,5032,5446
7347,794,6730
162,9959,3894
2342,1893,9827
8976,7754,22
7561,3095,5025
5363,7418,1770
892,3402,9950
4710,2668,5634
2774,3778,6896
9648,3918,3192
275,3445,9051
7235,6163,3436
9155,4079,2218
2513,6346,7001
4907,2141,6996
3749,3289,7361
8713,3210,4466
5804,414,7520
2017,5728,6611
4806,8592,495
3673,3191,6485
4473,5385,5983
5044,4544,4331
847,5262,6784
4860,4346,3045
1841,6516,7323
6909,5656,4790
5965,5254,4751
7697,7847,61
5206,2945,6948
5518,2995,6830
7182,6736,3857
3712,5809,4693
5361,1463,9005
9892,1285,5544
7808,8245,876
2745,4593,7000
6783,4904,4565
9987,267,3972
7495,5787,2835
8112,4915,2041
3601,7831,3323
3010,8219,3553
7447,2884,2054
6733,4007,4224
4368,780,9832
4530,9860,637
2611,5504,7988
1972,9610,2114
4533,2833,8085
5566,66,7804
505,7947,5159
3615,5270,6638
4728,7295,3662
4440,2131,5477
4297,5431,5191
8533,7435,614
267,9884,5054
4463,4272,6273
6001,2411,7051
2211,6461,5658
3327,4713,6693
8756,2644,3917
5117,7378,4062
1315,5260,8405
1430,7690,6224
9077,1934,5792
9179,1109,6990
2442,6334,4252
8653,3862,3863
3001,5519,9854
4386,4294,6912
6756,3927,2972
3711,6081,3472
3833,7757,1854
5528,4263,4774
7459,2797,6251
3030,4977,6862
6317,75,8221
9172,6750,766
9882,3834,1978
3582,2844,8491
1628,8479,4324
5014,7616,2388
9735,2643,672
6080,4756,1353
7877,5001,3643
2347,7774,2664
4353,889,9386
6537,6558,2201
7454,6781,1838
9518,700,4594
2945,5641,5808
2253,7146,4971
4687,5776,5679
7656,3509,2388
9982,1723,3875
7491,5151,2452
3203,7479,5155
4817,7427,1442
9256,3731,1604
5849,2800,6362
488,9221,4020
620,9700,6572
6013,5190,3882
8406,83,5705
6045,7735,2053
1491,8512,5246
5026,7965,752
6861,7651,1231
4881,3583,6860
4563,8773,1739
9964,5341,727
1960,6545,5169
7653,1941,4128
2781,9336,2738
9824,7395,298
4721,4317,6771
2321,8399,1996
7016,3790,6378
7791,1110,5716
4161,7837,1539
2575,8581,4140
8245,5334,2189
5465,6376,2333
587,4078,9210
6227,6941,2757
1889,9782,3261
2297,2917,9312
6058,2706,6705
5108,798,9690
9147,1607,4892
4136,4763,7538
8495,3071,5805
6142,753,7756
6582,1510,5738
8896,4571,3845
9142,3738,2463
3041,5756,4147
6438,1367,7550
6679,4282,3943
1749,9497,2973
5250,4887,5287
8818,2811,2104
6849,1249,5780
1622,9223,2839
5913,7126,842
6529,6925,1309
1974,6112,5735
1142,7695,4118
4292,7330,6327
8641,7601,98
6218,533,6335
3986,3129,9696
3969,9887,317
8613,294,5443
5658,4225,3924
3361,4929,6830
7871,1626,5156
1825,6817,6503
9767,1568,5568
8101,6805,409
5764,1964,5941
4871,8608,283
5314,4288,4216
4827,3575,4197
2791,4749,6918
3787,2335,8611
9489,3533,1546
6959,8377,1581
5431,2842,7834
7608,8143,58
1817,9849,4724
539,8461,5088
5001,2307,8398
2816,1934,9595
2351,5651,7133
3511,8071,3865
2322,2790,9819
5903,8306,945
8667,1210,4166
7850,3517,2425
5472,3287,4655
1002,4564,9309
1911,3718,6359
79,5704,8293
4770,4999,5681
5875,7689,765
7951,239,7079
8203,5332,2997
3680,7098,3088
1222,3353,9967
4365,6685,6715
6772,5501,2664
5809,3019,8265
8533,3406,3398
8485,2976,4678
4658,9539,1324
2667,4769,7395
2440,7055,6525
5719,204,8659
3645,433,9555
7592,1078,4628
3508,9666,778
4215,3303,6476
5880,5467,5097
1099,6323,5903
3522,1226,9504
8706,6069,145
9335,2568,2444
4150,7638,4094
8644,1276,5813
1535,5234,7427
1925,7259,5646
5045,7044,294
505,4471,8303
6553,7930,1824
992,2745,7945
2249,5840,5763
8150,8743,106
9658,5400,826
5510,1648,6153
5396,1447,8606
366,4848,8155
5320,7913,2356
9910,2202,3151
6250,5668,3109
8262,3788,2174
7981,5564,3742
6463,4300,3420
7203,8215,3018
9394,934,5116
3140,8919,1774
8287,5169,992
7619,5042,4529
9048,5286,1268
4648,1626,9208
1980,8534,3886
3408,6834,4209
4557,4616,5193
8839,4804,2584
6989,1674,5880
2905,4728,6618
3478,7638,4388
488,9676,5986
6913,5930,4091
5063,2609,6436
4721,8650,1458
9228,3204,2698
457,9121,3373
4998,1004,7530
6729,3460,4987
7904,2273,5327
6411,4861,2528
2348,2454,9848
3943,3977,6985
9658,3789,1756
3704,4668,8843
3312,6233,5223
5481,6754,4358
6113,8,8673
6696,3992,6465
4371,7430,4831
985,8072,5632
6243,5127,4105
1924,7552,3780
4341,1447,8954
4232,8190,2030
1910,7734,5875
3751,2602,7797
3943,2334,8669
7268,6376,1811
5860,4368,6363
7891,1110,5088
1892,4300,9725
3162,9402,2189
8157,3381,2992
4686,4550,6360
4112,2419,5974
7951,3020,4106
4391,3915,6490
4912,4057,4495
7062,3827,3390
6624,3211,4668
459,8147,6646
3553,4435,5626
4531,8709,3434
220,9425,3553
2593,6069,7185
3786,6555,6035
1614,8595,4281
6873,6761,4351
4633,8404,922
4932,4262,3931
4409,6707,4885
4496,2457,7157
6216,4743,2796
7916,1965,4078
7518,8190,119
2599,6898,6375
6266,4152,4608
1564,8022,4117
1642,6620,7742
3513,3926,5748
4407,5790,3977
4308,6408,5140
3328,1096,9350
3153,9101,5470
134,7294,8938
7685,3617,6221
7212,4171,4853
7633,6260,1410
2375,8848,4742
8579,5496,1657
5099,2400,5312
8683,2372,3136
8002,5050,3347
7155,5407,1448
4217,7687,4181
7645,1700,5925
9812,664,6066
4192,7295,1729
8751,435,4687
3576,3187,8184
6420,7465,2323
7926,1045,6754
4375,7748,1779
6363,4025,3508
3471,7922,3771
5090,7466,3478
4552,6042,5025
5482,4393,5105
4823,4769,6927
1898,9789,3982
4869,9082,779
5668,4731,4865
1285,9030,4540
5421,2565,7704
2608,7839,5255
1250,7441,7238
7342,1930,6817
4423,7416,2196
4415,1946,7187
263,4426,9334
3541,8720,4274
7617,1948,3674
69,8223,5660
2561,5413,6243
3578,2993,8814
8561,2946,4329
7553,2993,4730
7824,7070,1072
4728,7878,1657
8249,2124,3729
8274,271,4797
812,2951,9787
7276,4926,3398
5551,8175,1946
3579,7526,2926
9951,1442,3911
816,9244,3994
1386,2415,9801
5293,8847,2535
4968,8211,3207
3053,7315,3358
6745,2081,6347
5016,999,7406
6913,1595,6124
4937,5617,3999
4127,5237,4425
6139,1969,4238
4524,8279,2258
4427,6083,3860
6439,8961,2246
8067,3856,1110
8230,5475,50
5686,3161,7246
4307,7164,1777
6857,4636,4641
7897,5075,2670
4127,6329,3224
2647,8551,4824
928,5306,5700
6226,4156,3541
755,8170,5917
5617,5834,2934
1373,3910,8222
3343,6381,4793
6420,7336,1029
3584,310,9214
1111,7086,7770
8518,3758,1859
5087,3950,7464
6084,6887,1745
201,9562,5009
797,8361,7950
4678,1751,7953
3392,5186,5561
3900,5156,6647
2356,6095,4301
2740,6726,6763
7474,7767,942
5864,8536,792
8113,4995,3523
9880,3243,1709
6730,5034,1028
1471,5529,9646
3085,3670,7245
2731,7779,2432
781,9396,4596
4558,4950,5653
6985,2322,4867
5791,1295,5541
7389,615,7415
3835,9396,879
5272,4172,5996
3769,7114,2811
5032,6872,1880
4638,2609,7074
7154,2370,6057
5234,5567,4233
4220,6293,4512
4758,5584,4445
4792,4310,4238
4633,5711,4195
4344,9244,1768
5457,9694,1512
5641,9172,314
7911,3834,1648
3813,7377,2899
7099,1208,9172
6270,6741,2676
4321,1897,7962
2321,6070,8273
6129,4166,7106
5968,3123,6512
384,6505,8779
3397,1750,9673
6089,5950,2467
236,5728,8167
9722,6734,1072
2318,9822,3698
8619,4294,2960
3959,2470,7340
7553,2483,6154
6582,4824,5534
8384,605,3843
129,6547,7788
2124,8890,4480
9244,402,5904
2029,4053,7543
6140,5438,3161
4464,8321,2947
309,4370,9332
2448,5732,7877
707,7626,7811
7715,483,8029
3570,5047,6481
6520,5093,2847
8063,5874,4175
3283,5362,4247
8065,3887,5804
4816,5787,5432
8188,4026,1527
6060,9711,924
2343,3494,7505
4984,5892,3705
7143,6203,1287
7336,984,5970
327,8106,4244
3968,6348,2851
3542,4985,5068
4492,6721,4917
8864,4335,2612
9557,804,4476
4950,4460,3982
9331,3225,1543
6035,595,8642
3358,5442,4897
4155,7666,1974
7934,1993,4738
4187,4332,4789
6242,3763,4241
5692,5655,3686
7505,4948,145
3725,2768,5222
8263,5726,1782
6935,2102,9795
2714,4816,7485
8010,6040,2807
7805,4200,481
2100,8183,5355
1514,8213,4773
4959,7716,602
6854,7385,2459
9464,239,7175
732,6603,8100
3119,5159,8537
7062,1513,7583
2041,6496,4901
600,6103,4577
9053,4865,101
5871,5820,5757
2063,3791,8752
1331,3567,9646
5317,9051,1740
5051,4511,5810
3714,2129,8621
7278,5479,1288
3843,7675,2724
3834,9193,1699
8060,2638,4063
3025,1311,9302
7387,1613,7043
6135,5771,2639
5294,4050,6533
2535,1821,9913
8115,6950,1393
4951,7969,3572
5896,2918,6582
8579,6493,2079
7271,5509,2065
9260,5786,260
3383,1653,8796
6845,4388,3246
1789,1787,9631
6137,2166,5922
4625,1944,9081
7843,2953,3681
4425,208,8069
8762,1870,2412
8427,4186,2959
6546,1691,8491
3644,2623,6729
5009,3034,6507
6309,7552,3756
5094,8299,2714
6145,4099,3979
2726,8166,3208
7405,3225,1880
6698,3235,5477
9767,7404,1602
5890,5057,4779
851,4703,7587
8448,1225,2937
7064,119,6052
2547,9941,3436
1136,4256,7767
2089,6765,6987
6265,8153,1216
7626,2847,6453
9426,1707,2129
1149,5346,7684
4785,5303,4203
5422,3727,7783
7932,8040,523
2689,9236,4412
7995,2584,1733
6704,1731,7718
7534,6706,1724
6426,2338,6289
3062,7145,5840
2627,2755,8321
4877,9767,250
2342,9246,3660
7771,5961,3766
9783,2088,3987
1065,3542,9586
1112,7046,6743
6890,4849,3444
3247,8719,5175
2028,7649,3224
5568,5945,3869
6239,7612,3434
7923,1487,5440
4943,6040,3437
7541,1363,5618
5114,9364,76
4142,9212,97
6954,1406,6130
7493,4465,3537
4607,8608,2502
4617,3661,9871
3367,6224,6279
7168,3467,4992
3251,8500,1537
5301,3382,4391
6331,4652,4635
1740,5654,8906
2558,2721,8938
6441,4541,3487
1773,6482,6519
2851,4436,8105
4299,5417,5824
7474,4932,2394
7303,5450,3421
8297,2469,4877
6641,9969,20
958,9261,5057
1731,4828,7217
9996,2043,1943
9092,3391,606
2237,4517,9783
1060,7005,8156
7918,7175,226
1332,6664,4105
4491,7652,3984
5774,3789,4241
4736,6179,5726
3225,3910,9515
8084,4948,3901
8816,3284,4507
4413,5930,3747
4996,5082,6119
4805,5074,5686
8394,4829,3053
9547,644,5567
8273,6086,7
8074,4329,4980
4408,4817,6411
1178,5688,7361
1813,5422,5976
3893,3742,8166
8904,3981,1202
3695,3649,7733
3184,6168,2516
5359,3667,9010
6224,3605,5415
2102,2867,8239
1429,8029,6586
4793,1507,6821
5348,7815,2722
1462,5624,8712
5261,2777,5403
4360,6873,2997
6522,6707,1673
1005,5403,6484
1491,3945,9861
6528,4003,4251
3396,6717,4263
3002,9610,2958
6568,1187,7749
4142,9259,3511
6164,142,9240
3639,6578,4605
7359,5726,3765
1829,4923,7428
6562,4794,5232
6380,1065,7222
5817,3401,5291
3193,7540,3278
9058,1076,5225
3482,3429,7520
2952,1787,9230
7644,5749,1096
3039,1317,8574
6416,1753,6689
9152,6057,2123
8745,3453,3154
9522,716,7646
1210,5268,7789
9237,863,3905
2147,7980,4090
3153,7520,3963
8660,2880,5784
6116,5111,5754
8778,2229,5183
3582,3178,8195
6471,4059,5256
3883,8806,3121
4151,7466,2635
4030,2673,7276
3475,4999,7255
8886,3186,5085
8556,1879,6314
5496,2377,5944
8798,5886,1497
9172,5243,2601
7459,1103,3658
5379,9023,3158
5071,7912,2560
6354,6500,3583
6691,5590,3729
7752,6923,546
1730,8929,5761
7049,5511,4490
7703,2458,8065
7864,6162,582
7996,2578,5074
5302,5881,4024
5612,8758,808
9845,605,3439
3765,8289,2588
594,7311,5943
4007,8677,3804
8857,3251,3937
5848,6003,1230
4154,2045,7636
3745,2718,8580
4327,598,7738
5763,5710,3848
6640,4755,3114
9082,4713,3652
5090,5171,4173
6731,4422,5397
4145,171,8729
7529,4482,2963
3004,6491,4519
6769,5699,3825
8581,3107,1929
6862,7389,201
9193,1158,4941
5304,5679,6789
3907,3950,6422
4535,5806,6051
2882,4778,8421
3659,5839,5590
5715,7369,2644
8391,4349,805
6782,180,5914
5087,296,8866
7605,765,5805
3759,3954,9901
3169,3035,9214
5673,2936,7892
4098,5249,7027
3893,3545,6194
1827,7981,4556
4355,3382,6947
4969,6175,1771
4030,1055,9233
7259,4131,3979
4048,2857,8950
236,4382,9821
3334,5567,7727
9743,2240,3384
4929,4979,6765
4291,8113,2523
8173,6094,98
7710,6595,347
5360,7614,544
3967,1486,6768
3936,6469,7783
3662,7396,4316
4602,3239,4479
5156,5404,5395
7666,1115,6240
2437,9226,2346
6791,2028,6298
5957,5439,5301
6458,7951,2469
2825,9096,4221
2051,4249,8852
6396,5420,2608
6108,6424,1645
7017,5696,2769
2332,6537,5518
7069,6432,1619
6193,5449,4796
6965,965,6749
3248,6866,2396
4775,5500,3263
2469,5422,8330
5650,4228,4196
3884,6619,3025
3463,6623,5881
9268,3844,2670
3780,7272,5338
4883,3653,6224
2664,8060,5424
6380,3025,6959
7917,4274,3886
8315,2,5372
3934,6265,4529
5075,9728,97
7243,1862,8789
5773,9490,622
1283,5847,7577
6913,5619,2049
3952,4661,8693
5047,1987,8306
5042,913,8613
1021,9788,5992
7667,705,6801
4966,9374,195
9738,4644,1403
5945,3782,7208
4826,7268,2525
4825,7032,4176
2340,6667,6879
4449,7120,3384
5452,1842,7084
4540,2826,9703
3749,8037,2704
7162,1722,4216
3066,8447,3306
1563,7963,5146
7663,3970,2248
6356,7467,3357
2780,9785,2572
1477,4247,9537
5307,7546,1791
5128,2310,7997
3250,7157,4731
3082,2559,9648
9367,5014,423
2566,7237,5810
7247,6058,4236
1056,7804,5073
713,9674,5289
5801,19,8689
9263,1744,2138
2812,8371,1629
9049,2128,3921
1175,5199,5404
9850,5000,272
1745,5035,7792
5150,4145,8504
2571,8497,5807
2695,9264,1328
1823,6562,7904
3500,5390,6921
8935,5250,1388
4777,4308,7937
5006,3039,4110
4385,9312,3154
7304,66,6315
4423,6270,3662
8611,3757,2431
3838,5699,4204
4528,6549,5856
4052,6190,5697
8636,1745,5292
6083,5680,3588
7643,4741,3331
3045,4256,8489
2684,6577,6876
5423,3553,4743
9895,4359,1921
4728,4652,8019
7531,7383,739
2956,9952,1406
8327,1623,5683
654,7320,7259
8757,2155,3802
4886,7769,3115
6183,6669,121
3944,3231,8268
3371,5297,4211
1009,8165,3915
4438,2513,9403
9609,3586,2452
9335,2447,2708
6620,3854,4314
4570,6484,4862
9417,4500,4217
7605,4432,5699
8309,434,6145
3557,7250,4801
2670,7483,5490
6025,5810,2556
3891,4461,5455
5382,1429,7042
2164,7552,2129
7776,1511,6034
1514,6233,8010
5154,9620,673
6950,3559,5114
2931,6265,4730
9335,340,6617
4187,2988,7495
6300,5615,2945
3666,6756,5384
4356,7218,2673
2664,3668,7520
5797,5797,2675
3176,4504,6336
4091,4518,6786
5327,5648,5539
5261,4108,4145
4271,8234,2507
1356,6762,6547
3982,4331,8534
8949,994,9070
2253,7813,5914
2958,7527,2616
3871,5171,5854
4157,9455,2656
3017,7368,4146
4561,4460,5553
2563,8870,4166
6856,863,7773
3308,6334,4416
2860,9131,4730
7367,5559,1599
3644,7139,5232
1683,8100,6396
3060,3458,8832
9178,7154,402
7216,6646,270
7505,1122,9058
4398,5826,5444
4128,6345,3980
9966,5774,519
1407,7392,6249
4026,8598,1607
4490,802,8246
825,4684,7207
9106,358,7532
6062,3735,5138
4389,6312,5557
2240,5043,5667
4151,748,9889
5081,5540,4640
7895,4259,4273
7883,912,4790
8771,4396,2978
2129,8904,1649
3059,4561,9622
3602,5607,5214
4418,8595,3890
807,7202,7696
3411,872,8645
3438,4489,7659
6107,6121,3521
829,5844,7735
1316,7223,5849
6984,2788,3002
3241,8008,5384
8024,4611,5389
426,7114,5357
3514,5688,5635
4650,910,9479
6912,2588,7101
9919,2898,2483
6774,4779,857
6167,4980,4668
9100,996,7217
6857,3633,4227
4877,3291,6569
2855,3961,9193
7813,6754,1375
4078,3569,4329
7800,6333,652
3983,5030,5027
6017,1771,7436
9287,1842,5440
6374,5376,3186
3086,6460,8106
4700,1438,7703
6147,4563,5282
3695,9228,479
7283,8585,376
1285,9988,1320
6518,164,7696
3331,5313,6247
6454,6704,2040
4536,4359,6829
6165,2871,5462
2210,5112,6500
1368,4773,7124
6531,3607,5356
9736,698,5954
2415,8597,2969
6866,4995,4522
2917,5213,8799
4478,6435,4732
9922,4850,1464
4139,9393,1915
1325,6236,6072
6513,7206,2658
3203,5765,7700
7737,2219,4470
3166,3248,5598
5937,5605,4215
4859,2948,4679
6963,4385,3273
6570,1952,6559
4457,2531,7416
1559,8969,3464
1022,4854,9553
6820,2421,3376
1039,9173,5244
638,6275,9364
1889,3648,9218
6502,5495,3899
7577,925,7653
3335,9401,2801
5798,2036,6480
7358,6719,539
2767,2239,6476
612,3512,9828
1725,8698,4949
6674,6805,2256
808,5221,9303
7007,5554,3722
2606,5067,6779
5517,6471,2770
2353,5203,7993
4626,5319,5834
6738,1825,4058
4763,5050,6066
7599,2776,5165
8311,1460,1950
6100,3617,6536
501,6224,7848
3129,9535,713
8310,4448,3701
7458,7834,856
1502,9053,5442
5330,6257,4545
3841,1662,7959
4722,4014,6129
4691,6361,3761
5578,5520,5369
6154,3954,4925
8289,12,7111
3168,9161,2094
6938,4531,2179
61,4331,9067
4752,6299,5960
1962,9828,4289
4278,1097,7592
9022,527,2912
4222,1698,8165
2402,4762,6558
5583,3945,7313
9933,6511,269
80,4873,7406
2927,1288,9524
9003,3361,1778
6283,6522,2495
835,8852,3362
587,6536,9462
9228,3580,3963
4706,4195,4554
9469,4664,335
1435,6057,9048
4878,3921,7221
4280,6851,4727
7905,4678,3112
5091,1835,8281
5357,9414,2016
5476,3251,7301
2284,7202,5542
1604,5683,5656
3859,5107,7269
512,8611,7350
4896,5220,6261
9783,1200,2935
9041,4225,124
3987,3874,7104
7157,4386,6175
7977,6571,1262
3437,1219,9837
2236,3882,8776
6483,238,8068
4038,5432,6396
4894,3310,5399
2901,4545,6806
8699,5091,2602
5151,1588,8076
4324,8903,2488
7075,586,9777
762,8848,5585
6941,1693,5260
4691,6918,4226
7793,2757,3349
3426,5966,6528
4955,7183,4202
5219,2131,9973
652,8033,6802
2271,8393,3785
2539,5228,6395
9757,2502,4297
2828,6555,5344
2953,2328,9085
8956,820,3224
3846,229,8750
2487,6154,6273
6913,1591,6328
7261,4282,4267
9009,5472,3000
6394,3687,5240
7783,3327,2195
9597,3286,3394
2905,6006,5905
6849,4883,2892
2022,7620,4762
7250,1785,4150
8966,3009,1182
1713,6397,8323
7973,2339,6001
198,9351,4608
9440,3666,3406
1774,7852,5531
3627,9168,670
5035,47,9002
2239,5445,6003
3784,3011,7571
6539,4157,4331
8973,4228,1811
3755,2845,8803
4235,4491,8371
5665,6137,3173
2987,5271,8725
8779,1572,1944
1765,2176,8206
4876,216,9795
4884,8233,2332
4135,9142,1893
6812,3049,6445
2009,4292,8517
4062,1922,7873
4354,6344,3524
6223,2793,5284
7201,4967,3307
2308,5686,7560
5592,6204,4102
6729,1349,8458
7574,5898,522
4153,3912,5484
4381,9303,1961
14,8063,6877
1388,7689,6669
4158,3398,5835
3930,6010,4529
5889,8577,178
1437,6335,7236
2307,4094,7923
1614,5863,7036
7692,1979,6176
3346,4826,5936
5664,6029,4878
4806,9737,914
674,5826,8560
8629,2997,4331
2815,6153,5861
8660,2958,5093
8270,3229,4249
4710,3124,8405
5548,9232,1433
4058,8919,3645
4618,7539,1886
3193,9084,2602
1656,9891,5756
6732,4173,3342
3249,2353,8640
2569,8453,2732
3891,2255,7124
572,6941,6963
3040,2840,8536
6625,6473,2169
528,8964,4084
4243,2641,6977
5969,2039,5125
3135,2411,9591
5661,1284,8660
6946,214,8225
4852,5007,6021
1959,5192,8170
9099,6091,561
8007,3242,3629
5625,1265,6920
5964,7810,431
3436,7317,7084
3319,7510,5985
3066,8086,3295
6136,8922,117
8218,1771,4963
8272,707,6183
6770,566,8407
2971,7026,8095
1075,5161,8543
5652,1023,9682
6730,3806,3082
3352,1234,9217
9079,4603,1846
10,5282,7469
6013,4680,3910
6968,2028,6369
8663,1655,5410
6605,3244,8885
3093,9905,2936
4794,1791,9813
6701,5531,3552
6593,4963,2997
9291,4114,1484
6411,8834,860
4946,6887,1693
7512,5935,1576
4034,2633,9831
5812,2335,5470
5643,5516,6435
2057,7492,5240
7729,4397,1409
5772,5125,3160
2441,9372,955
5016,773,8053
7913,1255,6833
838,5501,7023
7438,2431,4640
1108,8905,3443
9421,2931,4573
9983,3950,2020
6875,2842,5244
5277,6903,2835
5516,5108,4766
5818,8380,1971
4504,6754,4907
5808,2618,5095
2428,7895,4449
8049,3659,2615
5148,2373,8223
5352,2165,7114
7537,5253,2957
4771,2417,9540
4581,6848,3631
2819,4842,6050
1727,8877,4592
1271,4004,7291
2990,6739,5996
8201,5294,1382
7163,3618,3184
5288,4546,4392
8086,1826,4549
4977,7757,1387
4311,5412,7108
2629,6102,8762
7520,310,7160
6582,1929,8956
2874,9738,4242
6810,6625,2178
9449,3306,2361
630,7946,6088
2291,2777,8473
3238,7452,5557
5290,2249,7172
3745,2002,8786
7915,985,6118
3417,4899,7087
60,9551,5194
833,5914,7795
5877,2069,7773
3920,7682,2366
7958,2940,3336
9373,1545,4193
7099,4374,2422
7426,522,6370
6032,4167,4905
6199,3069,6350
3073,6554,5140
3652,2560,9668
8643,2773,4433
3244,7489,4088
6896,5075,2289
2059,9974,6142
2417,3843,7567
7559,4260,4491
3783,3267,7534
3961,9649,1051
8448,3077,4732
7382,6360,2256
7102,6190,1308
128,6831,7355
9243,4397,2258
7171,5138,3740
9474,4393,5296
5141,8520,3887
2553,4284,8199
6671,6824,1438
1256,6726,7338
4016,7612,2577
5965,4957,4644
2055,9521,3104
4821,7569,2560
7394,3093,5106
2124,7533,6162
7583,2444,6692
2983,6403,5767
9339,4609,2216
3858,9596,1576
9648,5104,861
6862,6337,372
2588,6398,5892
7123,3354,2310
1757,5254,5404
5935,6502,4216
3644,9599,2099
2953,7105,4578
1480,5845,8615
4950,8594,1865
8543,2997,4020
3459,9448,3161
5212,2380,5661
136,7243,9030
225,5314,9457
3394,5043,6160
3211,5712,4137
6340,784,7542
5065,2822,5451
6495,9013,713
1756,5627,6938
7133,4794,1756
9203,1820,4788
7232,2263,5981
6866,6848,380
6817,5145,3585
7982,5668,1974
4681,7616,3112
6239,2893,5880
3847,8785,3686
7257,3888,5613
6510,6144,192
4451,9580,1266
8926,705,4164
7966,2095,4748
1478,9140,4863
2885,1426,6949
4226,1144,8024
9700,5416,1392
5199,1541,7971
5437,8900,3166
1402,9508,3143
7719,1445,5697
5428,7380,3252
2133,4043,6323
3576,7239,4441
7178,3191,3611
9439,205,4632
3548,2371,9769
5379,7592,1474
7853,4790,182
4646,982,6197
8065,2817,3332
5258,4964,3811
770,5492,8568
8200,4033,371
4549,2529,6477
7821,7423,639
3085,5859,6431
4681,9693,1165
2128,6335,5463
3873,5557,6744
5223,873,9823
6063,9091,577
3064,8190,6084
3845,7471,3795
2755,5767,8176
4201,7153,5015
6350,6057,3616
7288,3533,2960
7293,645,7881
6305,1401,9515
6256,7048,1854
5416,7837,1044
6049,4267,3633
4231,1087,8920
6450,5309,1451
3419,5159,5866
6120,1974,6594
2261,7224,4410
8053,1346,8219
5954,2471,7529
2410,3102,9672
3748,4728,5706
2158,8134,4233
4580,6343,5620
8499,274,6458
6295,3216,4263
1534,5165,8375
3902,9630,649
7912,3818,3454
7458,5963,5292
4025,8125,1506
30,7070,6873
3656,7307,4193
2975,3874,7054
3015,8721,2887
796,4336,9359
6461,1025,7033
8878,5430,617
4497,5455,6270
4206,6327,3108
306,9878,3881
4702,5917,6116
7467,5004,3914
1523,5784,5747
2972,8836,5535
3981,3344,5758
6365,8526,1099
7190,813,8442
8698,526,4123
8490,5245,1385
6067,5260,5477
4444,8306,3662
8491,3107,3933
7040,5530,2637
3282,5853,5105
7356,7000,460
7073,3267,5784
1549,6103,7539
9634,3937,2102
4325,7484,4051
3594,9744,1394
3536,4646,7065
6671,6226,146
9465,4748,2612
9851,1102,2869
6569,2479,7284
3662,3817,5468
8374,6544,581
6520,3395,5671
3554,4310,7709
7847,4004,2334
1343,7592,4155
1695,5824,5839
3534,8183,2743
4914,7708,222
3869,6488,5372
1551,9636,3182
5647,5174,3759
2204,7951,5450
3036,5114,5430
6919,2068,3997
9340,6251,358
2723,6391,5526
8078,62,6183
5438,6323,3338
4607,3912,6512
8312,5595,626
6043,3587,3919
4078,5784,6497
5252,4545,5721
7014,3559,3615
7640,5610,599
7168,1,8039
8338,759,5389
6958,4102,2671
5996,5493,2631
4942,4827,5531
5580,2742,7554
2759,8226,3463
6238,5627,2490
8059,934,6667
7945,1992,4796
7876,3406,3735
6089,6802,2261
5647,2967,6136
5914,2701,6014
5255,5661,5918
8554,1171,4191
1591,9604,3496
3509,8915,3263
9796,3760,1294
1825,4315,8621
8259,3995,5050
7786,1024,4724
3929,6760,4394
9833,4912,99
8914,3792,2625
7831,6502,497
3382,5049,7054
7143,4170,3122
6617,798,7319
1441,6811,6946
3596,4464,8033
4326,4777,7804
5543,1971,9103
6578,8137,762
6464,5412,1862
7040,6668,3209
6125,4876,2499
2560,8166,2755
1076,3973,8489
9126,2845,5304
843,8656,5584
5452,1817,8934
1081,9076,8699
5706,5145,4648
1811,9715,4482
9222,6682,430
3891,6715,5054
9363,2440,3922
4265,6737,5054
5900,1846,7684
4655,3032,5754
4707,9083,1347
1788,9387,4433
659,8667,4947
4122,6527,5712
7963,2765,3554
7027,2696,5201
5294,4611,5213
8020,6610,4177
8717,2933,2125
5806,8279,1527
5169,5940,1220
7784,867,5854
4971,2850,9360
4563,1141,8257
5095,4488,6462
661,6492,5163
8286,3437,3108
3901,2411,8215
4547,4646,6446
2070,7876,4072
8648,3684,5374
9939,4123,1717
5915,6386,2200
9955,1110,4822
8628,2198,3182
662,9719,2674
3735,3596,6577
335,6621,7411
2971,8037,1692
6812,2970,4393
7470,2545,5855
5534,6013,3938
7766,5911,3340
7670,4289,5037
3392,3811,5991
7699,1866,7308
7631,676,7649
7434,1046,6890
1361,8134,6621
6177,5183,2390
776,4116,9785
5769,5006,4384
597,8630,4674
6992,5772,1991
7018,7353,1419
5435,2188,7593
8268,8804,49
8105,3529,2779
4346,4237,5133
8102,6331,2352
4601,3363,6340
4239,8613,189
9290,4608,2365
1862,4142,8113
3457,3526,7708
4663,2542,7173
4691,7153,3195
4936,2865,8377
5616,4184,5270
8743,1944,2436
6931,4719,3737
7052,3419,4688
5856,5790,2839
5063,2400,6457
3348,2010,9560
917,6895,7417
4946,5243,4438
2249,5735,6245
5183,4280,3850
7363,385,5138
6016,3943,6176
5558,3065,3810
1447,7764,4839
9650,3199,2088
6754,6949,2377
7889,295,5219
3275,4993,6606
5526,4506,3370
1983,9697,1846
893,7388,5151
5390,1287,6824
6563,6896,1148
5235,5380,3097
5773,5090,3488
2888,7386,5059
5375,1474,7878
5661,2332,8485
549,9959,4763
9143,4070,1363
4478,2758,6700
4077,6165,5211
2425,943,8913
501,6010,7672
9910,812,3340
4496,8847,2402
2215,6840,8884
2742,4408,6165
8864,1542,5724
2910,2792,9992
2118,4869,7967
1331,9422,4783
3558,4206,6572
7445,693,5538
4126,6767,2686
6673,1206,4469
3678,6239,5448
8026,3305,3687
5094,7368,3681
4158,2990,7397
6711,6012,2841
3317,6427,6042
4449,6551,5117
2471,7127,6184
4170,3081,6587
8258,6492,218
5654,6387,1918
9926,4786,1763
77,6965,9292
1778,4052,8630
1179,6894,5029
8702,3675,2763
8923,6039,633
9033,1122,3605
4651,2695,7203
8622,3313,4046
534,8393,4295
7119,1550,6796
6195,2689,5390
3745,5008,6516
764,6713,7700
9744,2177,2719
9508,240,5570
6140,2537,8160
9551,4172,120
4386,8404,1708
6727,1900,5982
5579,3555,8354
2091,5344,8663
4791,4785,6637
5474,7509,1581
8922,4496,2686
5657,6994,1957
6475,2018,8353
112,7184,5206
6563,4557,4067
2847,4712,6524
2629,4894,5123
6311,8713,901
5646,7511,1155
5157,6928,3764
4869,2145,8326
4042,2188,8558
266,6976,7437
2000,6267,7363
8011,3696,2496
7498,6741,2972
4269,1775,8632
3925,3912,8740
7228,1185,7614
730,4454,9860
8355,5320,2427
2319,7561,5018
5810,5871,2972
3680,9107,2385
5171,3202,5879
1590,9598,3711
6817,3595,5666
7070,9579,733
2380,5893,7893
5224,2602,6865
7576,7199,936
8613,5499,291
861,4141,9446
8275,141,8947
9338,78,3445
2155,5912,6793
562,4737,8597
7937,2112,5953
1916,3150,9369
7799,3967,1750
118,9209,5622
1852,9942,4987
8601,1029,6442
6447,4821,5298
2399,9679,2429
2152,8157,4375
5322,6201,6023
1041,4939,8925
4601,6233,7364
6205,3166,5536
6972,1948,3244
8842,4063,2186
4981,6413,2360
4843,2275,9131
3738,1906,8956
4376,7782,4629
9573,4858,516
1460,7006,7325
5762,6452,1221
6864,3351,5382
7749,4226,3361
3164,4526,6325
4607,2479,7833
5755,9140,2979
267,5812,7135
6487,8949,1459
7846,8094,381
1293,2138,8944
4437,6541,5431
3787,8060,3374
1597,6781,6582
4621,7424,596
4070,3459,6281
3875,4790,6390
7473,1347,7984
7546,3222,4181
6503,6182,912
7876,4108,3566
3739,6343,4378
9448,2495,2578
7958,6167,1051
5132,4298,5135
4510,5861,6293
5497,3651,8996
6623,1906,6858
3203,7364,6008
5879,3293,6804
4739,8151,3991
854,4286,8541
6560,5552,3715
4968,3004,7798
1744,9588,3296
5172,4124,4884
4358,8481,2009
2723,7339,6788
3882,1758,8667
270,9645,6104
2871,5213,5140
2086,7718,4842
6486,6141,2816
2441,4477,7715
1187,8885,5077
7246,4313,7369
3569,6008,6024
7806,172,5628
2037,8840,3565
8245,1735,4772
5408,1225,7557
5151,3478,6042
8787,6962,1792
6405,5018,3868
5586,6060,3481
6356,7010,1738
5454,4701,5324
7096,3326,4906
5858,3914,2737
7143,5117,1075
3926,1189,9855
3208,5613,3997
3067,6280,5066
5146,6772,1264
8268,7864,354
4928,7689,3010
5841,4534,4379
3158,5638,6380
832,6231,7138
4744,5264,5663
6035,657,8323
2748,3539,7356
4600,8587,3983
5998,8657,1671
2239,3376,9257
1700,5152,6767
3699,3978,8480
1524,5438,8827
6737,6954,2511
4365,8401,810
9228,2806,4299
3273,4639,6034
9941,5147,748
3921,6665,6873
3337,3373,6883
6958,1426,7412
8007,4740,2020
5371,6676,4184
7817,5864,2521
4515,8395,2223
1156,2854,8139
973,3546,8868
3761,3032,7574
7665,6277,1289
1494,8551,4242
8331,5593,2230
2151,5288,6661
7382,1318,5221
5385,7389,1165
1321,9095,4718
4018,6957,4275
7303,7878,2924
8440,331,6258
4748,2203,8080
1304,8429,6951
1010,7269,7770
7958,117,9153
5742,3584,5134
4510,9593,1096
4034,3774,6868
2713,6544,5988
140,6423,8692
130,8439,6039
6501,5827,2302
4527,9332,2035
174,7978,7400
1838,6474,5955
4350,5210,4476
6192,5526,2948
3240,4947,7239
5312,3341,6741
1752,9206,4046
8218,3501,1400
645,8908,4389
5216,5884,3857
5351,1298,9985
1924,3532,7520
240,7676,7403
5487,9929,508
7097,3995,2745
1442,2850,9894
6393,2280,6099
7636,3337,3152
7649,1238,6420
5201,4534,5218
4591,3979,5596
3566,4366,7325
8545,3172,2802
5184,6648,3012
4395,2086,7102
4986,4717,4570
1439,7451,6915
7376,3080,5209
7533,1978,3466
4269,5255,4164
8532,1532,5530
6875,5659,1112
2728,7165,6978
5107,949,9316
9842,4870,1460
8039,3448,2210
7674,3946,4207
4028,1831,8304
1014,6074,7077
1996,7775,5628
4813,5081,5461
3229,2795,9302
3162,9677,3119
7207,3602,3634
5612,5732,3770
6093,4995,5075
6073,4704,4546
3040,4908,6592
4492,2725,8317
567,4151,9994
6763,127,8114
970,8780,4612
7708,5845,519
2414,4593,8771
5992,829,8832
7586,959,7270
2159,7853,4352
3446,8946,3706
7148,2887,5841
537,7644,6746
4461,5734,6207
1081,6620,5427
5536,4219,2945
640,3959,9179
2287,4060,8574
5208,2833,8221
3631,5746,5367
2208,6476,5517
4249,6954,4948
3994,9216,2758
1669,3788,9786
5393,3861,6221
2826,7324,4464
8837,5395,113
3092,3938,7974
