7000 2
3520,3833
2275,6768
0,7603
8347,8069
0,5728
0,8746
4143,0
5373,0
0,2416
8161,0
3030,4041
1615,3359
6857,0
0,2886
0,4033
0,1384
4057,0
0,5241
0,5309
0,3249
1221,0
3183,0
5940,5573
5563,6337
0,945
4411,0
4632,4171
4657,6636
4091,0
3327,0
0,5739
0,8688
0,9350
6645,7511
3322,3960
0,4109
3931,4994
0,2896
0,6804
5978,4632
527,0
4845,3954
0,1441
7271,5155
4926,0
473,5124
0,3994
7274,7217
4887,0
7260,6242
759,0
4274,5251
3709,0
4857,5078
0,1270
0,5396
0,7016
0,3449
5143,6179
0,3253
5041,2978
406,336
8387,0
4613,0
0,6312
0,3536
0,7241
8296,0
0,3437
6605,0
2671,0
0,1403
2006,6671
4750,5011
2261,0
6571,3164
0,6643
8294,4965
3699,2359
0,4952
0,1149
0,2917
1047,4569
4856,3599
0,6314
3279,2192
0,7661
5261,0
0,4371
7044,0
0,2138
0,8256
0,158
7141,0
7318,0
5140,0
0,802
4038,7296
3589,0
0,1413
3342,0
5735,0
6591,0
0,7729
9128,8365
9009,9075
0,6368
3575,3843
0,7196
4018,0
5076,0
0,4245
3033,2567
0,3417
4148,0
6729,0
0,8153
9406,0
7322,4619
0,3918
5717,6244
3261,0
0,3135
2858,2147
5131,0
7460,7328
1354,0
3965,6925
0,1170
2495,2598
6816,6903
0,9138
0,4756
3553,0
7512,0
0,7276
3074,3668
8856,7327
0,6863
4099,0
0,5895
4873,4114
3289,0
2962,0
2601,2536
2005,0
4180,3796
6123,7017
1901,0
4878,0
0,3240
6334,6526
3550,0
3330,4142
7290,5188
0,2281
726,0
2441,0
2424,2395
0,4083
3922,0
4905,4562
5292,0
7026,5000
3877,5066
2537,4144
0,6380
3518,0
5738,5380
6889,5726
4066,0
6946,0
0,6707
7309,0
0,1182
0,4223
1276,0
9767,0
4341,3451
1362,0
699,0
6386,0
6736,7084
4266,4521
3265,5839
6729,6985
5567,4575
993,757
652,2876
1995,0
8482,7718
0,4507
5848,3852
0,8492
0,3083
0,4024
0,7818
5783,3744
9139,8926
3343,3015
0,3289
7663,7111
7090,8186
2472,948
6181,7369
2277,5301
5891,7607
4201,0
7721,6971
2258,3891
3730,0
6232,5971
0,2961
4907,3924
2640,3330
1812,1657
5585,6416
0,6110
6403,5649
4279,3345
6599,4160
4253,5071
7487,7829
0,6068
4017,0
0,7254
4464,0
0,6626
0,2561
3284,0
5359,0
4307,2319
0,7594
7498,6244
3213,0
6290,0
0,3977
0,2529
5166,6622
0,2353
4179,6694
3955,0
3506,5608
7203,6237
0,6906
0,6460
0,6505
5439,2814
0,6780
0,7382
4387,0
0,6026
5372,0
0,5526
0,2206
5835,3878
0,2443
7412,0
6450,0
5741,4696
4456,5653
0,4985
0,2680
6773,0
4549,4046
3112,2100
6379,5661
0,3328
0,2598
5668,7309
4211,6624
7866,8770
0,5373
5819,5619
0,6447
2295,0
6439,0
2730,6639
6408,0
0,7773
0,3604
0,3852
5738,6552
2132,2615
5180,5889
0,3330
6881,6257
8638,8669
0,3587
6284,5988
7035,3676
0,7629
0,917
5044,1922
6364,0
0,1083
8467,0
4222,3954
7155,2868
4037,0
0,5274
2439,0
7294,5427
0,5187
6280,5931
5930,0
2634,3669
4358,6879
2802,1588
2870,2730
2394,2175
9692,9798
9196,0
1607,0
0,3638
0,1914
2419,2145
2993,0
8941,0
0,4268
0,4287
3193,6165
8237,7646
0,6119
2692,4314
6935,6355
1643,3176
1072,0
0,7841
3732,3906
4460,6010
5217,4540
3896,9093
0,1497
0,7248
8319,0
0,2252
0,5722
6756,0
0,5030
7186,0
3236,5371
6207,0
4502,0
4073,2443
0,711
5124,5214
6096,7072
0,1362
0,2208
2488,0
0,7518
4730,0
3647,0
6750,5841
4488,4264
0,4544
0,6039
5503,0
0,2820
0,3240
2373,0
2495,0
9144,9375
0,8974
7689,7011
0,5426
6472,6385
8607,7658
6821,0
4056,0
2399,3331
0,3603
1941,1019
4014,4397
1235,809
0,5521
0,2377
0,2542
0,7890
2789,4448
8711,8851
0,1929
5527,0
5977,7692
3331,3391
0,786
5357,2472
5371,5858
3310,4216
2548,2029
7647,8228
1190,2511
2080,1604
3620,2277
0,2239
0,2694
5009,0
0,2027
3613,5980
0,1714
0,8147
6721,7462
3584,0
7144,4709
0,7920
0,4955
3444,0
5671,5081
0,5684
8648,8206
8156,5778
3641,5801
1061,0
6621,0
6684,0
7479,7401
6762,0
5280,0
5074,0
8185,0
8580,9046
0,3757
4692,0
2734,5472
0,7380
5085,5468
0,3072
7502,0
0,3917
0,6447
0,3340
4592,0
0,7018
0,6567
4151,4317
0,3926
4210,2850
1334,0
5418,0
5364,0
2151,7239
6183,0
4703,0
0,7749
3721,0
0,4006
0,4723
5846,0
9111,8605
2363,2136
3972,4675
6431,0
0,4145
0,6418
0,4606
1846,0
0,7480
3275,0
0,7079
7001,0
4358,0
0,4814
6615,4879
375,232
3304,5740
5975,0
8088,9064
3933,0
7708,0
3130,3360
5478,2939
7415,7075
0,9385
1411,0
5015,7031
5230,6015
0,5170
6096,7102
1977,1364
0,3684
0,8911
7321,7834
0,3694
9496,0
4600,6179
2423,917
2596,0
7344,6042
5704,0
0,7377
3759,0
5364,0
1335,2795
7653,6057
278,378
0,2843
2714,3894
8946,8801
2344,0
0,3392
3114,3789
4791,3346
7445,0
5067,0
0,2737
4755,7874
2888,0
3639,0
0,7065
6584,0
0,7854
3936,0
0,2607
8328,8794
0,2243
4283,4987
1445,0
4215,3732
0,6301
0,7736
5155,0
0,7724
5587,5280
4046,4770
8672,8987
985,0
7910,0
5628,0
8354,0
7398,0
0,4576
9610,0
5582,6132
3718,7373
4692,6143
0,3727
6192,4318
7018,7728
3313,6221
7821,8045
0,6444
4742,0
4852,0
4710,0
4765,0
5473,2766
9016,9237
1537,0
0,5675
7313,7607
7040,0
8017,6456
4094,0
7186,0
0,1311
2822,6460
4194,3689
5410,6317
8077,8453
6751,7821
0,9476
2081,2530
3744,4721
1529,3139
4348,0
6672,6976
2635,2154
8916,0
4387,0
3192,5462
7895,6448
0,5097
2750,0
4000,8345
6847,7905
0,5464
0,6664
5681,0
1276,2567
0,4228
0,8079
5170,6780
4453,4154
0,8305
3414,0
0,1372
5298,7313
3670,0
0,8292
0,4458
8277,7858
0,7877
5156,0
1405,1970
2136,0
8704,0
2312,0
5330,5268
8115,7566
5660,0
5086,5572
5797,7297
5420,0
3448,0
5770,0
7323,8233
4501,3289
0,7272
4280,3256
0,6280
4587,0
0,5753
872,1518
2687,0
0,7337
787,2181
0,2436
1849,0
6957,0
0,6292
4115,4400
0,8722
0,3247
666,719
4170,4731
3863,2065
1848,5191
7718,0
0,5171
4885,3499
8827,8987
7221,0
3351,2749
4055,0
5649,5283
6034,0
7182,6499
0,8161
5398,3061
0,1247
7497,7082
5107,5379
1898,0
0,4322
8241,7235
4741,0
4338,8193
1894,4220
2726,0
0,5974
3423,0
0,3801
2357,3337
7016,5698
574,364
6424,0
0,8909
8842,8687
6956,0
6048,0
0,3014
7701,3901
8400,0
5130,0
0,5397
4173,3164
0,5669
5275,4280
3679,3099
5940,0
0,2792
9496,0
0,8937
4973,5356
6514,0
0,4127
2245,0
7485,7469
0,4641
5500,6399
4541,0
4997,3327
0,6633
8420,0
4318,7899
0,6531
5411,2913
5126,5044
1299,1468
0,2886
0,4493
0,7621
0,5056
3647,2803
0,6762
0,3662
0,8764
1730,1748
1315,0
4572,0
2116,1503
0,3756
6883,0
0,6934
1153,839
7244,4423
6974,2725
5760,4386
3214,2492
4567,4762
4951,6087
8077,8102
4955,2881
6656,6135
0,7985
3933,0
0,5228
0,2671
3354,0
3848,0
3109,5793
3602,1400
5140,4576
6977,0
5307,6116
5118,0
0,4702
7741,0
0,2804
0,5386
2554,2014
3262,5693
2015,3776
0,4865
0,5358
0,2568
1240,4273
3864,0
4301,3034
3214,3142
0,7764
0,1173
6450,6322
2392,1971
6272,5339
0,7458
0,1342
5449,0
4485,5498
4117,6249
2401,0
3178,0
6192,0
8777,8121
0,1011
5924,0
745,1349
0,1278
1404,4550
8565,0
6158,0
6205,3112
0,8444
0,7052
0,6137
0,6595
6073,0
0,3203
9509,0
7957,6894
4061,0
2406,0
6708,4319
1644,1872
6338,6912
9163,0
0,3393
3482,3630
9195,9659
3259,5917
0,5278
4948,6761
2453,0
4028,2418
7676,7421
0,158
2823,4983
4340,5051
5942,0
2376,2851
0,7093
0,4865
7627,3220
0,7664
0,573
3950,6484
4301,0
0,2525
0,5205
4304,0
0,2012
0,4089
0,3344
0,7324
0,4040
4060,0
3861,2834
1970,2354
0,9235
5699,0
6785,4224
7809,0
6510,0
5709,0
6896,3598
7944,0
1846,6363
2032,0
2191,0
0,652
0,5696
2224,3491
3106,3008
1009,0
7874,2999
5869,5554
2172,4948
5176,0
2324,0
0,9480
1649,1731
4638,0
4694,0
927,814
0,5427
4607,4988
0,4476
4777,4256
1798,0
3211,5684
0,6987
0,6984
0,8117
6743,7504
0,1858
0,3111
0,2845
5496,4429
3162,1425
6384,3078
2955,6538
7851,0
0,7393
2816,1980
5633,6999
4983,0
2577,0
8133,0
4356,0
0,2662
3801,2247
1993,3514
3250,0
2852,3705
3932,0
6274,0
5406,5320
841,0
6096,6713
4098,0
4609,0
2475,0
0,9306
0,5792
4905,4375
6708,0
9435,8566
3090,0
0,4003
3743,3555
0,3519
1224,957
6948,3176
975,0
7197,8154
4457,4144
0,3438
5231,4162
6318,3959
5165,0
3123,0
8983,0
5820,0
6815,4935
0,5222
1579,0
3982,2266
7001,5498
0,4825
4669,2524
6785,6674
7100,0
4502,4712
0,5626
0,3746
4461,0
7907,0
8623,0
3711,2861
1500,0
7938,3805
5471,2570
0,8807
4920,5155
3783,0
3954,2033
1422,3218
1297,0
0,8612
7224,6481
0,3174
2125,0
0,4383
0,7953
0,8358
0,3575
906,0
0,8037
7481,8453
0,2513
5622,7058
0,3852
7680,7862
7174,3100
0,9610
3072,2870
3336,4120
7278,0
5659,6890
6760,6125
5302,3806
0,6163
4811,0
2896,0
8539,0
5604,0
4839,0
0,4318
5555,0
5203,5806
1965,0
4858,0
5431,3430
8495,7650
6474,3223
684,602
4386,4101
4097,0
4652,4161
5303,0
0,5406
4515,5934
7517,0
1908,0
0,1573
5561,0
9518,0
3428,5762
0,4813
3380,6461
3690,4438
0,3318
0,8349
0,1040
1307,0
0,7478
2751,2333
6409,3664
0,4674
4865,6703
0,3710
8206,7339
0,7585
6260,6736
8299,8619
6322,0
6751,7188
3584,0
1361,2568
1174,664
8223,8373
3688,0
0,5134
6495,5740
4793,5497
5049,6848
7143,7558
6163,2281
0,3576
8447,5288
6899,0
6793,3060
0,2527
8642,8053
0,8952
7339,0
8969,0
8490,6809
5406,4988
7389,4219
6770,4799
0,5158
6422,0
2381,0
4893,0
3166,0
0,8325
1736,912
0,7690
6069,7665
4511,6245
0,8326
0,8668
7600,7666
4744,0
3608,0
0,5729
5717,7154
0,1161
0,2866
2521,1913
4975,5728
0,2864
0,8086
0,1771
0,4931
4058,0
6580,0
7363,6612
7749,7319
4489,0
2180,0
2315,3113
0,3504
1465,1823
2748,0
0,6665
5712,0
5139,3674
0,4176
0,2043
2743,0
5565,2647
2295,5126
5949,7891
5638,0
5109,6280
0,6287
0,2926
4022,5477
0,7257
3134,4208
0,8313
0,6348
0,5736
5579,0
7011,0
0,4336
7573,0
4475,0
0,8104
0,2606
1717,0
0,7346
9293,8278
6438,0
6315,0
1393,0
0,4855
0,6342
4832,0
3518,0
9026,0
5687,0
0,2071
0,8397
7197,0
0,2393
0,700
4976,3745
1050,980
6579,5973
0,8822
4232,5330
0,7410
3961,0
0,2890
0,6202
4868,6671
5555,0
8086,5051
0,509
0,5801
2328,0
6929,3813
6966,0
4509,6400
5552,4125
0,5800
8788,9095
0,7683
6932,6680
7343,0
2811,2969
4353,0
5272,4504
5493,3470
0,2218
9041,8301
8473,0
438,0
9111,0
0,4781
5463,0
5401,0
2669,3199
4954,4851
1909,4552
8878,6209
657,0
0,5191
6972,0
2617,7519
3763,0
3005,0
4130,0
0,8892
6700,4217
0,4712
4480,0
5850,6604
0,4374
3512,4483
0,7959
1028,0
0,7862
3222,7794
4875,3119
0,6775
8602,0
6474,0
0,4783
0,7947
0,5100
0,6271
0,6709
7477,0
0,5342
3585,0
3936,0
0,5924
7426,7604
7352,7556
6361,0
7182,2184
8617,3527
6749,0
0,4591
0,5854
6196,0
4019,0
4953,7201
7535,7067
0,4173
4656,4902
3691,2921
5523,7195
0,6886
724,723
6524,0
1902,2446
0,3495
1456,3647
8262,8493
5636,0
2212,0
4829,6175
3310,0
4956,4452
8252,6160
2872,1536
5785,0
2883,0
4239,0
6591,1518
5350,4040
7365,0
0,2008
0,1333
2482,0
8106,5178
7409,0
4280,3470
8810,8709
4027,2227
0,4350
0,4795
0,7548
6235,5498
3972,0
4720,2995
6760,0
3028,2222
3296,3178
9157,9170
2588,0
8792,6425
6301,6406
4823,0
0,4639
0,1458
4253,4608
7480,6692
0,3638
4518,6459
0,6903
3887,6079
8548,8218
3048,4488
0,8903
7476,0
3717,4983
0,6067
0,5541
3538,3029
6839,0
4257,5655
5351,6546
5861,0
0,7033
0,3428
0,4086
3706,0
0,2945
0,4446
0,6864
3016,3083
4082,3938
0,5561
4691,0
3639,4654
4245,0
4074,0
3354,0
0,3259
9835,0
3248,0
2826,1604
6847,5710
0,3644
0,4181
1587,0
0,7051
0,7438
3284,0
6684,5232
0,7274
6069,4311
2450,3466
3528,4973
7344,5621
1454,0
5944,0
5323,1035
2951,0
0,4320
5184,3017
3759,3699
4048,3713
807,0
7702,0
6163,0
9569,0
7208,8730
0,4571
5496,2131
0,1841
3200,4818
2024,0
4140,0
0,7458
0,6298
8829,0
5719,5770
0,758
6766,6486
2063,0
0,2336
4305,0
7878,0
5295,7394
2990,3057
7748,2079
3788,5794
3622,0
3688,4498
2232,0
0,4050
0,228
0,6637
942,0
5448,0
6433,6986
7443,5575
8238,0
5327,5105
3331,6170
5923,4588
8627,0
4993,0
5254,5217
0,7272
4978,0
1858,0
3276,3156
2747,3157
5736,0
0,1219
0,6741
8467,6400
7275,8275
7050,0
7453,7541
0,4332
0,3338
0,7241
7672,0
8039,0
6743,0
0,1762
1180,0
0,7514
2204,3191
0,4965
2584,0
0,8106
2678,3903
8652,6913
0,8897
7506,0
8962,7738
6872,3159
7065,6956
6185,6510
0,6337
8084,0
3578,2604
956,1667
3290,4881
4806,0
2136,1355
7931,0
0,3570
0,2116
3673,0
6657,0
7660,3626
0,5699
2745,0
5276,0
3837,0
0,4070
7871,6302
0,2572
3134,6278
5935,0
0,5608
0,4261
6338,0
0,8208
0,5495
0,4046
0,4588
1660,3992
0,7936
3153,0
0,6342
0,5403
0,2914
0,4578
0,2271
6044,3678
7543,7982
4098,5147
6131,7772
0,4404
6034,0
0,5848
0,6189
0,120
3311,3270
0,3901
0,5026
964,0
0,6138
6623,0
5957,6745
4809,5784
6872,0
0,8865
0,7557
7476,0
2271,0
8986,8892
0,6292
0,5701
4240,2939
5399,4658
0,6454
0,3477
0,6895
0,7876
1183,2415
0,5430
8925,8548
4870,2235
7222,0
0,2052
0,5624
1854,5128
0,6931
0,5185
753,3475
8786,0
1906,2460
8307,6694
0,6961
3657,0
2740,738
2054,0
4278,5959
8250,9161
7111,0
5995,2280
3593,8097
0,4769
6507,0
0,6359
0,7860
7457,4995
0,5126
3530,6339
4293,2933
0,5370
1886,3310
0,4608
1394,0
8573,9038
0,3388
7918,0
0,6369
8252,0
1851,2405
5798,4519
4055,5418
3964,4051
2087,5601
1104,1046
0,2710
0,1206
0,4364
4981,4155
8783,0
0,9518
3594,5220
8149,0
0,8661
6545,0
8235,8039
3380,1701
4753,0
1674,1266
0,4093
5221,7118
5412,5275
6687,6910
0,6257
0,8020
0,7268
1649,2740
4055,0
0,5804
6671,0
8513,8790
6292,0
0,7093
5561,3870
0,3954
6659,0
0,5978
8868,0
3472,2864
6933,4305
4834,2314
0,1193
0,2351
6577,7816
2700,0
0,2779
6576,7059
6064,6778
2753,0
7900,7447
6569,0
0,5540
4582,1809
2659,4336
0,4321
0,5141
1774,2528
6182,7636
6538,0
3925,0
0,1673
0,7691
5199,4766
0,4890
0,6185
2947,2737
2856,3432
5637,7634
0,2325
2193,2546
0,7748
2846,5163
7898,0
5559,0
3507,4839
7233,6171
4280,5846
4110,4836
0,8910
6171,0
6237,0
4696,0
5215,0
7139,7064
3495,6349
2473,3375
2901,0
4668,6744
4590,3723
4950,0
2856,0
0,7522
0,1721
3716,5468
3561,3710
7169,4659
2029,2889
0,4177
0,6193
3038,0
4854,3703
7824,0
0,2703
1032,2453
3054,0
7463,6846
0,7184
8999,0
3060,2262
0,6219
1461,2798
6822,6972
0,4164
0,5059
7782,0
0,1786
0,4368
0,5615
0,8238
6406,5961
5790,0
0,5082
0,4723
1735,0
564,542
0,4909
6260,0
3546,2569
0,8486
2708,8042
0,2694
2335,2466
3961,4613
0,5991
5104,7256
5253,0
3215,0
7109,6307
0,2762
9202,8618
0,9345
3522,6698
5829,3540
885,1413
5380,4523
0,2004
1598,3340
0,3824
3001,1894
5606,0
4296,5994
5553,4744
1869,0
3689,3742
0,7313
1654,0
0,1766
0,5833
6968,6470
0,7376
4823,4549
7467,6782
7785,6851
0,3554
5476,0
4442,0
5533,8759
5209,4064
4132,2527
3192,4333
1563,1188
0,5825
3667,4334
0,9133
4826,6228
4774,4909
4100,6181
5202,0
0,7535
9217,0
6839,0
6437,4979
4801,4653
2143,0
7470,7361
5989,5916
5567,6634
6599,0
2849,2050
3057,2923
3345,2399
2930,2735
5062,2476
2000,2669
0,4501
8152,8939
4631,0
2246,0
0,4765
2188,4857
3233,2239
6407,7977
5768,1504
6441,0
3644,4012
6462,0
3747,1712
0,5734
284,0
0,7725
5353,0
9379,9218
6230,4629
0,7835
0,8427
3578,0
9537,0
7447,8365
0,7073
1754,5531
5784,0
8305,6971
0,3618
7137,3569
0,5626
0,2075
6422,5966
1377,0
3593,0
7025,8089
5458,0
0,8421
0,5405
5397,0
4792,2974
0,3917
4399,0
6969,0
0,4863
4672,0
8894,0
0,2757
0,4745
6086,0
0,4639
0,6985
0,3713
0,5585
1483,1231
0,4662
0,2376
5354,6260
5208,0
3237,0
2886,2042
2830,5199
2139,2152
7751,7658
5698,5798
6399,0
2778,0
3001,3032
1272,0
7328,6058
0,6426
7563,7031
3804,0
0,4180
4026,3580
4737,4141
4287,7758
6831,5874
6900,4711
5186,0
4210,0
2104,1820
6128,4354
0,9319
4056,6355
9410,9273
2859,0
0,4288
0,1268
2451,4467
0,5976
3165,0
23,19
2496,648
0,8345
0,3632
8941,0
0,1295
0,8578
8705,0
0,2833
6339,7376
2508,2092
0,3291
0,8620
7772,5426
0,5276
7470,0
7034,3119
3470,3702
5249,4415
1712,0
6635,6024
8327,5490
4055,1985
0,7278
0,6402
2586,2039
5536,7585
6858,5134
6440,0
0,4524
5131,3927
5697,0
140,170
4826,3726
2819,0
7073,6172
4692,0
4803,3943
7653,0
9540,9163
4796,4270
0,9016
2634,0
0,5504
7050,5449
2841,4865
5314,2836
0,7331
8374,7947
7583,0
0,5118
0,5153
2319,1512
5604,5839
5282,0
4368,0
8646,8019
6378,1597
9866,9909
0,3310
0,1065
5906,3993
0,5162
7741,0
0,4794
5291,0
9219,0
0,5408
3628,3982
4222,4500
0,8529
0,4050
4330,1296
8944,0
4614,3700
4399,2729
6047,0
2258,2443
4542,0
0,2935
8824,0
4879,0
5751,3665
0,4102
7374,0
3963,0
4101,5750
0,6370
7313,4230
7722,6876
0,2924
1876,1601
3002,4999
5405,5375
7631,0
4640,0
0,3726
2975,0
1873,610
3063,0
4813,0
0,6879
0,5119
0,6653
6385,0
0,5138
0,6238
4223,0
9752,0
646,0
3542,0
6942,6800
7075,7453
3041,4458
0,3594
0,7009
8350,8649
6125,8162
4459,6219
6533,6080
5211,4818
0,8013
5100,7277
1508,0
6763,0
7791,8015
0,5019
5355,7582
316,0
0,1579
3073,5423
0,470
9496,9249
0,6349
0,1836
0,3235
5780,5137
2929,0
6100,0
0,7621
2976,4947
7733,0
0,1591
2951,0
5646,6225
0,2892
0,3354
5500,0
3140,2677
0,6001
5164,2604
3390,2073
703,0
2300,6896
0,6122
0,2709
5303,0
802,0
3856,4228
3311,0
6584,0
8346,0
0,5409
3952,4364
0,4553
4290,5715
2929,2535
3188,0
0,7948
9196,8944
4726,6513
0,4374
8526,0
5516,0
5952,6563
0,5957
0,9101
5986,6135
1269,1820
5681,0
0,4189
7497,0
4733,2992
0,3298
8149,7766
0,5617
3205,0
9312,8318
5405,4746
0,5714
4972,4306
0,3043
4921,0
0,956
8264,0
7099,7459
138,128
6667,7021
0,7515
0,4549
0,2578
5045,6701
7922,8290
0,1522
4407,0
0,8148
8165,5450
0,5231
5601,4172
1625,3169
2479,2094
5678,0
0,4224
5201,5674
2255,1347
6011,0
6487,0
0,5341
2683,2399
0,5640
0,2596
0,2446
7729,0
8864,8937
0,7569
0,2081
0,4061
8570,8855
0,5908
4343,0
7625,5338
1633,0
7597,0
7156,2487
8534,8006
7686,6548
0,3721
8801,0
6985,0
0,5379
4647,0
5868,0
8715,0
4646,0
0,736
7724,7096
0,6203
7652,0
0,5298
0,6430
0,9372
7453,8788
2584,6267
3392,0
0,5880
3403,0
0,2325
7248,5693
0,7446
0,3171
1051,0
5101,4957
6488,4073
1795,0
3332,0
0,8664
7654,6236
0,3289
0,5619
0,2236
5955,0
0,7977
7519,8475
6646,0
5052,0
5619,4852
0,5968
0,4426
4910,4592
3242,0
7190,7161
5490,0
2033,0
0,5479
4460,0
4833,5418
5029,5543
7211,8670
4133,5576
7180,0
8253,0
3131,4277
5341,0
0,4056
6944,7269
0,8352
8384,4737
0,2202
7301,6750
8110,0
0,2715
6332,6575
1747,1283
5794,3918
7560,2246
5714,3929
8102,7680
0,3920
2769,0
6625,0
462,853
8965,0
4213,6797
2484,1664
5213,0
3342,0
2620,0
8416,7332
6643,2445
0,3471
6881,7089
4170,0
7369,4264
3914,3232
5259,4666
0,6631
6742,7484
5428,0
2271,4679
3712,0
0,8745
1609,0
7081,0
2556,0
0,3905
0,5845
2021,0
0,2388
0,5643
2156,1614
0,579
0,8865
7437,0
8653,6103
6281,4675
0,7386
7210,5665
3685,4443
0,2222
0,6331
5756,0
5104,5296
2352,3890
6959,1641
0,4775
4610,3036
3867,0
2046,1941
6421,6473
0,5166
0,6179
3668,0
0,3008
2475,0
0,4886
2622,3943
3820,3299
4164,4483
0,2867
4660,6178
1823,0
4704,0
5142,2549
0,7337
5289,5038
7824,7440
6667,6494
7569,0
7323,0
5612,6978
5000,0
0,7094
0,8959
9944,9759
0,3391
2049,0
5782,0
0,1545
0,629
5723,7049
0,5771
9706,0
2506,3325
8094,8489
6715,7807
5691,4461
2416,0
4783,6654
0,7206
4848,0
2338,0
2905,7039
0,3560
3454,4267
4765,3483
6294,3441
0,7418
4748,3800
0,2066
6500,0
5776,5452
0,7515
0,3872
0,3543
1662,0
4041,6595
6449,6355
0,8157
4791,6683
4830,0
2647,3398
0,647
0,5133
0,4426
0,8503
7495,0
0,6793
0,5399
0,5003
5076,0
8751,8370
0,1375
4586,0
7607,0
1771,0
882,748
2415,1825
4363,5198
8786,7360
5788,0
0,3156
594,675
0,4871
0,4453
6234,0
3675,5060
5529,0
4146,0
2566,0
6465,0
4485,6362
0,4383
0,4241
6395,5203
8434,0
5997,6079
5296,6249
3081,6049
4470,0
0,8589
1181,0
2341,0
1896,0
5801,3085
5717,2759
3146,0
0,4239
3266,0
2354,2088
4308,0
0,2812
4553,0
6870,3739
8283,8597
2438,0
2466,1926
0,3304
7161,7574
0,5155
9046,7583
6349,0
0,3819
6051,0
4396,5679
518,1148
3941,3635
674,325
0,8509
0,4452
4107,3675
6788,4226
0,4751
5714,0
3568,0
7555,5927
0,1360
3648,0
8728,7948
2659,0
2064,0
6997,4477
8699,0
6869,6853
0,3386
1375,2403
2761,1636
7317,6958
0,4230
5208,7259
4306,4171
0,2819
0,4647
6222,7452
7033,7760
6129,5198
8130,4414
5766,4069
4827,6355
0,3530
4963,0
4399,4779
5456,3239
2940,0
0,9109
0,3474
1451,1062
6233,6386
0,7451
4454,3369
8505,0
3507,0
0,2054
4254,4097
4911,7167
0,8422
3928,0
4714,0
4303,0
7558,0
5926,7579
342,343
0,1487
4603,3360
4254,0
3448,1728
1763,2573
4020,0
9001,8258
4049,4798
4840,6600
6162,7395
4931,0
2582,0
6035,8333
0,2039
0,2825
7227,4570
3758,5966
4505,2781
7765,7926
5533,0
4400,0
7523,4576
0,2107
2813,6798
4237,0
7817,7271
5359,5476
5918,8230
7761,0
0,1005
0,6376
4625,3105
0,2658
4385,5576
6757,6641
2124,2000
9025,9056
0,6802
2494,0
0,7324
1582,0
8034,6784
0,9631
0,5276
0,4392
6173,5852
1122,0
5706,0
0,3541
7153,0
0,3460
0,5281
6223,4012
8852,0
0,7108
5817,5546
7302,0
7700,3537
0,7382
8574,8413
5442,7026
5249,3427
3674,1564
2478,6196
7326,0
0,5948
6549,0
0,3846
7638,0
2785,0
5656,0
8493,8481
3153,0
6125,3421
3372,4571
0,1908
2660,2682
7077,2164
0,5290
7666,6657
3088,4262
1471,2823
1325,0
4937,3539
4210,0
2922,3660
3918,5546
5055,4727
0,4179
5537,5322
4350,6329
0,5532
7828,0
6124,5026
2533,0
0,7498
8589,0
4480,0
3145,2386
6122,4200
1635,1519
0,5389
4189,4191
0,7900
8424,0
7817,0
4339,3902
5639,0
7162,5128
0,3303
7066,0
4310,0
0,2738
6040,0
7982,0
5184,0
5071,4867
0,6639
3916,0
0,9577
844,0
0,3574
5580,3336
6611,7536
9006,0
9588,0
0,3749
4739,0
6239,0
0,1165
0,4873
0,4452
4963,6736
1264,797
6620,0
2436,0
0,6359
7957,7690
1800,1758
0,5045
3073,3771
4553,5180
5790,0
0,5548
9357,0
3227,3122
6988,0
0,3126
4242,0
6211,0
0,8761
0,2683
0,8513
3430,3668
5728,0
5675,0
7204,0
5585,0
2936,6303
7950,0
0,6514
0,3050
0,7938
5590,0
7725,7220
4520,3226
5192,1696
2182,0
0,5381
7778,5071
0,6190
5680,0
3902,6298
3676,5898
0,5367
4751,0
0,4487
0,1945
8222,8040
0,5192
5968,3795
5274,7333
0,4653
0,7814
859,1574
0,4194
4385,4684
0,3321
5051,4368
3756,5640
7374,3485
0,1295
5737,0
0,3101
1405,3277
7797,0
625,0
7566,0
5665,5640
4845,0
5398,0
3397,0
3751,5569
3780,7485
0,6067
0,5513
0,3069
6336,0
8147,7579
4116,1645
0,1818
8484,0
8061,8889
0,7314
7958,7906
6001,6246
2756,0
6195,7200
6749,8690
4193,6251
0,8764
5731,6621
0,4702
2808,6279
3864,4670
4983,0
7952,0
0,3480
8374,4937
3886,5613
5877,0
254,311
0,6211
7022,0
0,5074
0,8806
4518,5882
3186,2316
0,5859
4772,0
8917,0
0,4237
5597,3617
0,6819
5361,5929
0,7100
5420,6154
802,0
3173,0
3787,2791
3911,5694
0,4434
4851,0
5213,0
6567,0
2902,2100
0,655
1554,0
5650,0
5052,0
143,0
5488,0
3623,0
0,2382
0,4462
0,9030
0,6372
2608,3931
0,4069
4468,7535
0,6549
4952,0
4085,5233
1346,784
1426,3770
155,273
2997,0
8651,8062
0,7463
3266,0
4307,0
0,6973
0,5047
0,6066
3806,3507
4490,7336
6727,0
5148,5440
0,7776
7326,0
0,1595
1912,0
6639,6087
0,2702
7207,7706
5109,0
8079,8546
4396,4954
5846,0
4067,5827
3202,0
5687,6973
906,836
9078,0
0,3560
6183,5934
3787,2562
0,8149
0,6212
2777,0
1805,1420
8655,3721
8867,0
0,2170
0,6895
4311,0
0,6998
0,5211
0,8452
0,2248
5865,6986
8633,9361
8322,8567
2176,0
6145,6017
1907,0
0,1721
5716,0
9473,9670
4926,0
2184,1706
4461,0
3782,6659
5102,4331
5495,0
1903,4362
1860,0
3903,2362
4687,7412
5806,0
1567,5255
5795,6490
0,3240
6744,0
0,6884
4553,0
5901,0
0,4286
4908,0
1225,0
3755,6792
0,3042
5917,3155
0,5754
4153,0
4994,0
0,2302
3270,0
3772,0
0,3873
849,0
281,0
5043,5957
0,8886
0,822
5148,7158
5810,6211
3420,0
5669,5117
7761,0
4825,3752
6930,0
2250,0
1329,1329
0,8948
0,6308
0,5953
0,2838
3913,1293
3031,0
0,8664
3904,4000
6547,0
5963,0
2443,0
2538,5789
0,3280
0,8433
0,6921
4324,5093
0,8886
0,5133
5903,0
7450,0
5685,0
2860,0
0,3085
0,5501
8887,0
6130,3249
0,6378
5257,0
0,9419
6485,4219
3101,0
5414,5943
5333,0
5397,5494
0,4841
2339,2503
0,1337
2486,0
1747,1015
0,4889
0,7207
1778,2626
2687,4462
4031,0
5251,3599
2079,0
6626,0
3061,0
4989,2496
1002,2745
0,3511
0,5257
3368,0
7327,7789
0,6213
6774,8665
0,5972
7852,0
705,0
8799,8099
0,3430
0,9350
0,8193
4752,0
0,6489
0,4970
6541,7379
0,3883
2874,3090
5490,4637
6347,0
2420,3391
2438,5095
4421,0
662,393
0,6262
0,6548
0,4871
0,2047
0,7257
5400,0
7273,6538
7472,0
7647,8015
4444,6936
7449,0
6420,6333
0,5447
7380,6694
7997,8019
4223,5051
0,1141
0,7245
0,5977
0,2688
5693,0
1838,0
0,4346
2164,0
0,4107
942,1365
0,7029
6140,4629
7539,8272
1653,6529
2059,1849
8738,0
8409,7613
1540,0
6289,0
5294,0
5964,7453
8280,6965
0,4288
7763,0
0,2606
0,6481
0,2052
0,2796
2657,0
6493,0
2474,2072
6020,7081
7966,6110
5193,8668
0,7359
3838,3657
2400,2062
3739,5936
3756,0
2059,0
5272,2113
6863,0
8451,8387
3596,0
7432,7816
0,6187
0,6144
0,5740
0,5313
0,4894
0,8029
5930,4072
1716,2180
7808,0
1578,1431
7474,5610
1957,0
673,0
0,4727
0,7106
0,3075
0,4163
8559,0
6083,0
3255,3770
5618,5270
5301,0
4170,4092
7884,9086
5164,5128
4810,3699
6870,0
1438,2882
0,2035
0,7111
4746,4420
1958,4615
0,2883
4158,5975
0,2846
0,4987
7479,7641
3998,2600
5900,0
7849,7414
0,6080
7546,6912
4047,0
0,2093
4652,0
6988,0
6822,0
7673,0
4597,5690
5176,0
7371,0
0,6359
6450,4538
901,1138
3375,3182
0,6480
3069,0
0,3402
7557,5987
0,4492
5949,5747
0,3645
4253,3935
0,2358
8732,0
0,2402
4003,0
4114,4108
1480,3583
5228,5254
4545,0
1566,3861
1470,4269
6692,0
3193,3344
0,2988
3337,0
4999,0
7514,8049
6323,0
0,680
0,6135
7123,6069
0,1385
0,1886
7873,7485
0,5449
2010,2788
9331,8704
0,3359
1510,0
4139,0
5994,5735
0,2537
5831,0
1462,0
6826,5724
4677,0
1230,1007
4226,7419
9782,9809
5238,5422
0,5937
4744,5551
7713,0
5823,4747
0,4589
0,3869
4106,0
0,2334
2425,5022
3195,0
4488,0
9231,8948
0,4426
7558,8875
3861,4848
6229,0
3936,0
7351,0
1557,2776
6921,4458
0,2944
4955,0
5884,3595
6773,0
7124,6230
6873,0
6672,5167
6362,0
3663,0
9459,9460
7646,0
2146,0
5376,4307
5019,7235
2840,1885
2602,4938
0,6329
0,6869
3763,1495
7636,1243
0,5426
5963,6238
0,9459
5138,0
3141,8343
4781,0
1552,2565
3751,3588
0,4364
8144,8063
4979,1994
6842,5880
1987,1511
0,8853
4204,5745
8627,0
1329,0
5259,0
6151,5932
5949,3658
6702,0
0,3270
0,5101
0,6772
4767,4704
5358,2730
1629,2718
6032,0
8867,8278
7259,0
0,1898
6918,6703
0,1582
7792,3372
4194,3856
0,4181
0,4906
7466,2694
1398,1712
3602,0
6540,4857
5951,6576
3002,3680
8107,0
2448,1697
5462,0
0,7154
6778,6047
1801,2045
5537,6567
0,8391
2868,3026
0,3558
1701,1337
0,2543
1387,0
9336,8671
7078,0
4425,5230
5012,4146
918,0
7584,7829
0,6790
5527,0
0,2116
5171,0
6589,6442
8093,0
5354,0
7737,0
4117,0
0,2910
0,7353
0,2218
5781,0
2304,0
0,8147
5612,3779
3998,4805
6143,0
0,5028
7395,6478
0,2475
0,7847
8193,0
8071,8923
7392,7216
5235,0
0,4542
5677,0
5092,5073
0,2597
0,5338
0,7027
0,4955
7807,0
7703,5802
0,3168
4975,0
0,4102
0,3272
5955,3830
1699,2688
9745,0
3386,0
1504,2445
4643,4281
0,5365
8389,7771
0,6335
0,3898
4441,0
6079,6041
1816,0
7578,0
0,7603
2853,7656
4232,2563
8604,9325
3765,5479
4415,3826
0,1428
3873,2428
7854,0
0,7544
0,7415
0,3180
6551,0
3364,0
5477,0
2867,5669
5255,0
5358,0
506,528
5315,2771
0,7130
0,2245
4956,0
8470,7998
2875,2661
5267,0
0,4532
3130,0
4012,2649
7852,8622
0,6434
5249,2828
3498,0
0,5765
4904,6114
0,5759
9059,9070
7577,6752
6716,4286
9780,9712
8314,5340
6852,5253
0,6587
0,4971
5852,0
3094,0
6699,5997
9134,0
8185,0
6739,0
0,6048
725,0
6894,5332
1578,1122
0,2515
0,6732
0,7346
3766,0
3067,2743
6786,0
6572,0
4773,0
343,604
0,7129
2565,3858
0,7952
0,3765
4236,0
0,2912
0,4385
7882,6385
6427,6312
1212,2013
3654,0
2363,2173
5692,0
5044,0
6568,0
9582,0
6821,0
0,8160
8045,8037
8396,0
714,542
3859,0
311,404
4400,3374
2790,3702
6724,0
8592,0
5072,6392
8257,8771
0,6933
1878,2815
1530,0
0,6053
4346,0
4183,3602
842,0
528,960
1290,0
2864,0
0,7196
0,4983
6063,0
0,4906
0,5373
1789,1555
5577,3912
8018,6730
6233,0
0,2913
0,8387
1701,0
0,2217
6037,0
3828,3556
8833,0
3042,1839
0,3638
4866,0
5912,0
7199,5627
1779,824
0,1752
3558,2871
3030,5706
5661,3554
0,7789
7194,7175
0,6235
3438,0
413,279
2214,1532
0,5015
6541,0
4963,7442
5102,3291
3376,0
0,474
4670,0
3062,1361
9026,9006
2471,0
6479,4148
0,5776
7019,6661
7133,0
6491,0
5043,4711
5244,0
5195,0
0,671
0,2481
0,5014
1621,0
1116,0
0,2162
3757,0
491,0
889,739
921,0
8188,7150
7054,7797
4016,2898
5990,4135
5428,5693
0,2248
0,4111
2047,0
0,8608
5770,6692
7813,0
0,8031
9493,0
0,2977
0,5450
6905,7159
6891,0
0,2698
0,8648
0,5525
1107,0
0,9233
4822,0
0,4111
0,3624
0,7889
6345,7451
7123,0
9319,9367
4548,0
2022,4497
0,3749
6381,2587
0,4815
1491,2385
6952,0
6098,3181
1807,0
7502,0
3619,3054
3999,3379
0,8339
2929,4166
5587,5208
5192,4832
5609,7177
0,4742
0,2446
0,4100
5568,7845
5626,0
7032,0
0,6504
0,7672
4330,0
4511,0
2428,3972
2127,1548
4822,0
4273,3879
3461,1324
0,7474
6368,0
0,1390
4291,6949
0,679
6460,0
9227,0
6692,0
7395,7683
2537,6086
2806,0
4685,7671
8954,0
4669,0
2399,0
4466,3400
8680,0
6288,5889
5898,0
2246,2533
0,8532
6246,5535
6452,3453
8825,7225
8696,8951
5845,4998
0,1275
3575,4375
9074,7320
5640,0
2500,5957
6922,0
7761,8268
8497,0
0,8583
0,4742
1548,0
5463,7279
7104,6020
0,1879
2962,0
0,1272
8973,8692
6051,0
2884,0
2067,1686
5837,7339
5079,6488
1963,0
5068,0
2242,2781
0,3220
0,7928
3246,3667
0,7009
6714,5033
2991,0
0,5486
8408,0
0,5958
0,1871
6122,4431
2175,989
5977,5926
8243,8834
6403,0
2872,0
9653,0
0,3718
7034,0
0,3593
0,3473
6358,0
4195,3870
1579,2608
7650,0
3203,8150
0,7309
866,0
3255,0
4412,2836
0,2039
2464,2410
9588,8706
0,2131
3530,3333
8929,8444
8946,0
6273,4031
1573,2711
2950,3913
4351,8173
8150,4381
5461,0
7448,0
6175,0
0,955
6296,5409
0,6121
4079,6241
5046,0
1717,2517
4336,3597
7659,0
4960,5284
0,6090
5692,5099
8698,7042
7464,3136
0,2881
0,7687
7269,0
6096,7058
2517,0
5492,5572
0,6447
2057,0
8615,8071
3224,0
0,6336
7605,0
2123,2338
4976,0
4975,0
4268,0
1190,1353
5167,7196
0,3145
3676,3114
7681,0
4493,0
0,3477
5101,0
0,7794
5779,5742
1459,0
0,4951
0,6918
6179,2051
0,6662
0,2750
826,0
0,4832
7126,8307
8159,8161
0,2275
7290,6677
7665,0
6590,7380
9098,9289
0,3058
8065,0
4655,5965
2278,0
4678,4445
5799,6716
5751,7205
0,989
0,5885
3009,7054
6193,2805
5308,0
0,5188
5998,4375
0,1788
1965,3522
2699,3110
8533,9041
0,6721
7232,0
6060,0
5552,3149
1713,0
8527,8065
4987,0
8669,9358
4801,0
1568,0
4968,0
1437,1255
3145,2755
0,5947
9812,0
7171,0
0,6153
4708,4890
6003,7907
665,0
3027,0
6424,0
4857,5979
8224,0
0,4159
1455,2338
3124,3633
7548,0
0,5239
2745,4080
5319,0
3241,0
8040,0
3856,4545
0,2750
0,7811
7041,0
0,4783
7108,4343
2404,0
7030,8112
0,2206
6912,0
0,7801
0,2252
2166,0
6631,0
0,8722
5767,0
2345,5206
3085,7433
2009,1963
5596,0
0,8993
6443,3905
0,4238
5300,0
5491,5503
0,316
5194,0
0,1064
4617,5096
6176,0
5401,0
7399,8869
8350,0
0,8233
8426,0
0,9143
8230,0
0,7172
6650,0
1554,0
6763,0
1534,0
0,7647
4056,2182
3305,0
2802,2716
3634,0
4160,0
7078,4110
4666,2776
6169,0
0,7324
1703,3630
1000,1783
3162,2466
0,4440
0,3608
3309,0
6341,4668
0,7502
3701,0
3136,4020
3169,0
4238,0
0,4004
6946,8293
0,7328
4965,0
2304,0
8348,7890
0,4183
5650,6809
8248,7437
4664,0
8184,0
3469,6141
0,8257
6710,3198
8264,7341
0,4606
4312,0
4892,0
4395,0
6183,0
7769,8741
5084,6392
5178,3935
6462,5820
6683,7575
1726,0
8053,0
3823,4995
0,2750
0,5305
0,4232
4035,0
2289,0
6376,0
851,0
2227,0
4754,0
0,6427
0,6080
2459,3316
0,7505
0,3227
2717,6695
8642,0
7042,8032
8535,8154
1281,2385
0,6041
3406,0
5684,7083
0,3195
6872,0
3580,5685
4752,3255
0,7615
0,5048
3268,0
0,3724
5161,6749
2164,4548
0,2053
4998,5835
1369,4784
4621,6490
0,7866
0,3423
0,7599
4124,4466
8355,0
0,8484
1753,3704
4872,6290
4501,4948
4290,6011
7044,5561
2917,0
5649,7260
0,2068
8276,0
7519,0
4392,0
1553,0
7266,3919
0,5182
0,2731
4862,0
7755,6666
0,5480
6837,0
5104,0
0,5973
8292,7804
9386,9528
4129,0
0,4891
8792,0
1813,0
4922,3936
6813,0
6269,0
7721,6184
4187,4935
3263,2138
8324,8864
176,184
0,7410
7746,0
5445,4398
0,6312
5070,6429
4734,0
2208,0
6023,0
5512,6176
0,6205
8736,0
6664,0
0,7039
2845,0
2836,7240
8150,0
4509,6623
6324,5705
2431,1707
0,3677
1874,0
8247,7625
2831,0
2292,5869
3381,2339
7707,7712
710,1064
7524,0
5889,0
5543,9274
4156,4844
4748,7741
6219,0
0,5730
0,1650
2144,3962
0,3838
0,7740
2602,2063
6316,0
7430,8129
4322,6673
2649,3029
7501,7858
0,7566
4602,5674
0,6026
0,2149
2635,1542
3119,1805
922,0
3319,0
0,5491
4823,0
8899,8993
0,7003
5778,5327
0,3689
0,5599
0,3914
2841,3957
7707,7442
0,5057
5895,0
4358,1826
0,5004
2992,0
0,4458
9287,9294
7273,0
0,1935
0,4640
1964,0
0,2542
0,7818
7221,0
1774,2119
0,7857
0,2071
4105,3388
6460,5678
3752,0
3843,4827
0,2211
6573,8096
0,8572
8019,7381
3471,5778
3129,0
0,3539
7041,0
7205,6132
0,6538
0,5658
3139,0
1269,0
0,5922
0,6529
8458,8154
0,4131
2923,4969
3712,0
0,2023
2958,0
1676,1485
365,305
0,1440
0,3861
7592,0
3259,2989
0,7798
4827,3387
3553,1053
8278,7171
0,1793
0,1431
7587,0
5712,0
0,2235
3785,5686
7046,0
5102,0
0,6741
0,7170
2703,1938
0,3184
3430,6129
2282,0
4599,2968
8404,0
5060,4671
3018,1630
0,6038
7154,8190
0,4093
0,5026
0,5509
0,1356
9345,7998
6089,0
6836,5657
0,7808
4504,0
7694,7551
0,7775
0,5127
6101,6288
5948,6448
0,3733
0,660
5899,4731
4687,3574
6956,0
3675,0
758,0
1783,4569
2194,0
6245,8150
0,4957
748,696
0,3250
2924,0
1726,2972
0,6021
7572,0
8333,0
7696,6105
1565,1980
3797,3173
3136,2216
5041,3632
0,6154
3769,0
0,8682
4444,6781
8563,7777
0,6797
5807,0
2981,3676
0,3702
6220,0
2565,3406
7904,7911
0,5458
2259,1682
4103,0
0,7293
0,2576
1455,863
0,5744
7169,6285
3254,1771
0,7498
6935,3604
8636,0
3024,0
0,6543
3825,0
6227,6804
1859,3789
5016,6122
4764,5727
3755,0
0,5881
0,2364
1523,1148
6563,0
3490,5310
4291,0
6874,7139
9559,8998
0,4713
1463,2464
5903,0
3116,0
5091,1881
3791,5335
0,3537
6693,0
0,5882
0,5647
530,751
6759,5847
3682,0
6085,0
0,6118
5656,0
1992,0
4178,4554
0,5461
0,5554
2600,0
9265,8361
602,0
5198,0
0,2648
3644,0
0,6696
1699,1532
0,8996
5910,0
0,3515
0,4416
7090,0
3792,5286
4571,3429
8383,6795
2002,1601
6860,0
5638,0
8375,8107
6637,5304
5415,0
0,5270
4240,5950
2230,6858
7387,7375
3349,3974
3214,5691
2828,0
3577,5820
0,3929
0,4152
0,4424
5975,0
2285,0
2643,0
0,6811
4279,2600
8167,3867
7060,0
7902,7310
0,5562
0,7276
2746,4309
5542,0
0,7452
4816,4498
0,1885
3331,0
4296,2883
3539,2240
0,6111
0,7812
4243,3780
0,8810
6478,0
0,7333
3981,6373
7153,6695
3183,0
3471,0
6401,0
8614,0
0,6181
3758,1444
6969,0
0,1953
6468,0
0,8805
0,3048
0,3536
2861,0
5052,2373
2958,2591
3686,0
2737,2920
4543,4246
9221,9025
2296,0
5900,7002
0,2619
0,4729
5409,3853
7158,8971
9208,8759
3869,0
1413,0
9315,0
4539,4425
2236,1803
0,5376
0,4500
8945,7882
0,5890
0,6092
0,3569
4600,2536
3191,3659
4262,0
7409,0
5792,0
0,6122
0,6970
0,2633
5939,7493
6670,6341
5065,4759
3467,1826
1042,0
4313,0
4380,0
6484,4624
4280,4242
8536,7221
3241,3100
2120,0
4488,0
5447,0
0,6576
0,7631
3343,2815
4891,6228
0,3813
527,0
4506,1770
0,6757
0,4240
0,5242
4357,5310
7782,8335
0,1566
5322,0
1878,4958
5941,4368
9387,0
0,3446
1892,0
0,3551
8299,0
3593,1327
5358,2026
9354,0
2990,0
8195,8796
0,8082
2705,0
0,3368
5881,6205
0,4184
0,4865
5265,5712
2091,0
8542,0
3792,4959
8239,0
3185,0
0,3654
2381,0
4836,6646
0,7979
0,3127
6512,0
8369,8690
5606,0
0,1777
0,4580
8306,8552
3141,0
0,2891
2485,0
8684,8933
0,1424
8423,0
0,1836
2091,0
3551,0
2684,0
6997,6003
3912,8003
3869,2459
2040,0
0,5874
0,3125
6046,6295
0,3788
0,4491
3387,4138
0,6960
1868,0
6704,6632
0,4408
7645,7294
3372,0
1978,895
0,1808
4958,1783
6271,0
0,5800
0,2517
7318,2523
5676,6791
5788,0
3801,3369
0,2661
5152,3153
0,7470
2427,0
7364,0
5458,5226
3837,3660
0,9861
7065,0
4855,0
4069,3980
2426,0
3427,5350
0,8306
7564,0
9141,0
5571,3140
6578,5177
6821,0
4457,5134
0,4840
5843,0
1905,2433
0,7634
5887,5632
4312,5480
1864,1348
0,7183
6573,6861
2932,0
4730,0
0,8192
1448,970
3426,0
8369,7906
5722,0
5213,7305
0,6006
0,7156
3617,0
4024,0
0,3373
5402,4223
1014,641
6236,5622
0,6506
0,7281
0,3911
1821,0
2152,2083
1516,2221
2104,3327
0,5397
0,1840
6305,0
0,4049
0,3222
2613,0
0,6147
7797,0
0,4569
0,8529
7182,6604
0,8161
6825,3840
2023,4023
0,6954
6341,0
0,2270
0,753
7722,5609
2886,6282
6127,0
4392,5785
0,7327
0,2563
0,4268
7617,0
5919,4405
8436,9122
6638,6617
8587,0
2852,3418
3621,6705
8914,7323
6894,0
0,4458
1341,1685
2105,7486
7578,0
4756,2360
3280,5025
7840,4791
5183,0
959,0
5602,0
7612,6726
3587,5124
5235,4862
6410,0
5554,0
0,7967
3325,3810
0,5814
4656,4330
1281,0
5684,0
0,5017
5584,0
5853,3576
5032,3146
3389,0
1771,2756
2497,6118
0,2192
0,2789
0,6868
0,6922
2516,0
1521,1979
0,1244
7876,2484
6824,0
0,3000
5898,0
7287,5419
5204,0
3123,0
0,7885
0,5848
7872,7879
2007,0
2768,2494
2701,0
8294,7030
2460,7452
8635,8174
2795,0
7924,7931
1172,0
3101,1910
4381,3643
5520,6546
8646,7711
4679,4277
3194,3413
2376,0
4592,4612
0,2789
5915,6485
5596,0
2913,0
2617,1046
0,3741
6064,0
557,0
2471,4112
1867,1899
3868,5569
3335,4955
0,6916
0,3748
3471,0
5557,0
0,7325
0,9196
6256,0
5396,0
5256,0
2370,2783
3253,0
7082,8194
5725,3979
5167,0
2756,6669
6644,0
4448,0
3925,6422
0,4873
4235,0
7258,0
5948,6309
0,741
3476,1910
0,8941
0,6504
2638,7174
7036,5135
0,9475
1405,2439
4988,0
0,5926
8482,0
8608,8772
4809,3179
0,3637
2145,3266
0,2756
0,4609
5545,5866
3798,0
8473,3671
1419,2123
2932,4654
0,4027
8141,0
3527,2185
0,4597
7239,0
3307,0
0,2085
0,6076
0,2415
4374,0
6930,4191
0,7415
7056,0
0,4776
0,5949
6537,6930
6941,4576
7588,0
0,8274
2404,2283
6090,5691
4422,3721
5822,6093
5792,0
0,564
6516,4518
6741,0
8675,0
0,6141
6957,6467
1270,2430
5692,0
4231,3164
1501,0
8466,0
0,5281
6192,5172
3000,5852
8159,8001
3164,0
0,5807
5234,0
0,4216
5886,0
6968,0
6625,6398
9479,0
0,7452
6434,0
2363,3128
3471,0
6133,0
6569,0
4274,5049
8485,0
0,8881
7885,5949
7220,0
0,7530
0,8644
8660,8521
3521,0
2606,0
6159,0
0,2817
2982,3722
6830,6388
0,1977
2874,4768
2947,2736
2825,7126
7759,7346
8572,0
5005,3104
0,4323
0,7752
5655,0
0,1240
0,7948
5892,0
6160,3685
6275,5357
0,4439
6120,0
4652,0
5728,6562
6814,6415
0,2511
0,7512
4974,2320
8055,7118
0,6999
7742,7231
5618,0
7994,8156
5279,1775
3077,8220
7428,7294
0,5917
6438,5065
2890,2922
3371,0
3830,0
8403,0
0,6202
5371,4769
0,2944
0,4550
5535,0
2900,0
208,0
1689,0
6611,0
3377,5434
4405,0
0,4974
9082,8448
0,8709
8218,6768
3270,2936
7805,7249
3923,0
6498,0
1733,0
3589,2853
6985,7575
0,4271
0,8846
5146,4258
0,6996
7323,7955
5521,0
0,8806
0,5210
8339,6412
1254,1405
0,5422
4039,2681
1095,0
5399,5580
0,4922
0,734
4470,0
0,5442
0,7776
247,0
3188,5658
7693,0
5829,4265
5563,3442
2598,1592
5318,0
6488,0
2896,0
0,8123
5298,6531
3567,4481
4997,4470
5624,6499
7178,2201
9942,0
0,2764
8742,7555
5709,5781
5322,2667
3075,2019
0,7830
4463,0
420,0
3333,6999
2776,6315
4452,0
4765,0
2373,4074
0,2707
0,8316
9110,0
2961,2060
0,2646
3627,0
6391,0
5859,0
0,5803
2073,0
0,8237
3520,0
0,4410
0,7258
4275,0
0,6822
4249,4735
3950,0
919,0
5323,6888
0,5613
4311,1938
0,7930
6507,5952
4592,0
6833,0
8953,9192
0,8221
6796,8313
0,4739
0,3714
3709,0
3179,0
7448,6826
2890,0
0,7987
8799,0
4719,0
0,2380
0,7481
0,2993
0,4234
5685,3881
0,2926
5587,0
0,2220
0,3449
8236,7955
0,5236
6319,6858
3295,4469
7256,2740
6113,6137
2715,3945
0,5760
5693,5608
2855,3465
2872,0
8197,8753
0,5909
0,9273
6341,0
1226,0
0,6184
2385,1718
8551,8348
8238,0
6960,6995
0,6784
6637,0
6781,6368
4049,2516
0,3585
2236,2832
805,0
0,8222
2550,3208
9127,6427
6501,5601
3545,0
6006,0
7846,6692
2327,0
5420,4887
0,3354
8243,8118
4343,4282
4414,4448
7713,0
4214,4703
4625,2031
0,8977
1500,655
0,3337
3627,0
6908,7077
0,8147
7769,0
3791,0
3171,3767
7796,0
0,3520
2699,0
3153,0
0,2508
2119,0
6889,4749
7357,0
0,7166
4759,4891
6696,0
3884,0
5291,7562
0,6919
9463,8627
4650,8377
0,3330
3537,3318
4699,5915
7308,7238
2267,6224
5799,5286
3743,1569
6673,0
1766,5301
2355,3602
4545,5395
0,7055
0,1224
7691,5387
0,1473
5676,5570
0,3373
6708,6246
0,8574
4362,0
5214,6008
0,6501
9624,9237
0,5758
7493,0
0,6065
2261,0
4339,0
3988,0
0,957
2087,0
3022,2670
3264,0
0,2137
3801,0
6361,0
3205,6024
7879,0
7447,0
6249,0
6185,0
0,5090
0,6302
0,3014
5493,7188
4779,5061
4990,5409
2115,4122
4395,0
4223,6275
0,4977
0,5356
4274,4878
5522,3737
7417,7271
0,4892
0,6355
9144,0
0,1709
4236,5716
0,7664
7682,7859
0,3670
3745,7028
0,7256
5930,6244
7534,0
1277,1820
0,3284
0,2810
0,2195
5348,4139
4744,3951
0,5178
2040,0
3315,3853
0,5025
0,2738
4710,5492
1494,0
8095,9204
6784,5658
0,3724
0,2993
3143,0
0,4508
0,1040
0,3097
4006,2859
4072,0
6524,0
2886,0
0,7464
8117,0
4082,7004
5391,4734
3709,5247
0,4576
0,3582
4095,5135
0,1474
7697,0
0,4735
0,7041
0,2809
4063,0
2916,0
956,913
2176,0
0,3703
8408,7622
9072,8342
0,1964
0,3754
5895,0
7248,0
2992,0
3818,7182
7333,6583
3614,4760
3511,4171
0,7213
0,1615
5253,0
0,2659
9356,9454
3338,0
6708,7409
5901,6395
5863,0
5552,6714
0,2373
0,3770
0,1664
0,7190
779,0
2699,6622
0,1954
0,2179
0,2876
0,6465
0,3924
4295,3361
5391,4846
0,7707
7642,0
0,7042
5480,5768
4034,4819
2066,2203
0,8891
204,0
4500,0
4874,0
1893,5404
5407,7540
0,2776
0,1634
0,2652
4569,0
6504,0
2672,0
5647,0
0,5077
0,8231
4272,7227
6696,3371
0,3638
3277,0
1630,3347
7221,0
6867,0
3866,3094
3915,3890
2224,0
0,4134
3009,3831
893,903
7101,0
0,7243
5885,7820
649,0
4395,3361
2132,0
2857,6632
0,4377
4571,6343
2663,1747
0,8885
3218,2087
0,8908
4613,0
2294,2130
0,7036
0,5862
0,9020
1759,0
0,2732
6045,5153
4517,0
6048,0
0,5640
6330,3640
5746,6685
7846,7386
4610,6354
2615,1019
2830,5901
0,5355
6004,7044
3003,0
0,8742
4897,0
2919,0
4213,2802
2243,4022
1853,1437
2927,3672
0,3330
0,5786
9533,0
2536,2567
5085,4238
0,5911
0,6335
3027,0
0,5563
0,5718
0,9040
0,4146
4794,0
3112,0
4490,4012
5921,5362
3485,0
6902,5588
1693,2963
4254,2572
5281,0
1436,872
5664,5132
1969,0
0,7239
0,9027
4455,6128
1868,0
4502,3233
0,4206
6092,0
6214,6775
1686,1777
3327,3831
6660,7147
5401,5591
1445,0
6791,0
5402,7157
6289,6259
6569,0
2048,7817
6370,3882
5683,0
9164,0
0,4328
3067,2394
8878,9177
1381,6184
8239,8230
0,1785
0,7754
3355,0
8265,0
6198,0
2626,0
0,4712
0,3504
3243,0
4702,4567
0,4697
1068,1708
8572,8564
1141,0
6145,4896
0,2189
4909,0
0,7202
5402,2834
4727,3665
3559,1988
0,5097
0,5080
5517,0
2299,0
0,2609
2694,4383
4522,4228
0,6962
0,4322
0,2623
0,5108
0,7492
6270,6935
5926,3606
3809,0
6177,0
0,5134
4743,7873
8586,7085
0,4553
0,4539
6620,8081
1624,1507
0,1297
3854,0
3406,0
4720,0
5026,0
0,9823
7874,4352
2481,3466
7471,3103
0,3256
4509,0
5826,6929
0,3122
0,7158
6385,0
0,7512
0,7742
0,6834
0,5996
7339,0
6611,4077
5510,0
0,5989
5899,0
4516,6404
0,7855
6109,6670
4381,4792
2681,5339
4381,5597
0,3539
7349,6102
0,8387
0,3893
5200,4571
0,8594
0,6166
8206,0
8508,2718
1665,0
6572,0
9161,9201
8355,0
5921,7344
0,6620
7988,6708
1542,0
0,7648
7869,0
7571,7800
0,4813
6654,0
3675,5014
7590,0
7221,5407
6156,6775
2703,3026
6034,4297
7638,2254
2448,3111
7850,6911
1997,2691
0,5591
0,3629
0,5026
0,4790
0,7376
0,1270
0,5665
1772,674
1973,403
3655,0
0,2835
3177,1074
8553,7491
0,2806
0,2209
4128,6071
6733,6586
7741,7795
3051,4491
5224,5157
8465,0
5574,0
0,3106
4104,5137
7194,0
7789,0
4479,0
3760,5033
5991,0
5442,4422
3376,3896
7470,5738
9257,0
7454,0
5511,5054
5187,6812
9657,0
587,0
8012,0
8705,7975
5990,0
7827,2706
7297,0
5339,0
1473,0
0,8787
0,9573
0,2108
6295,0
0,5045
4315,2115
2693,0
4274,7220
2725,0
2455,4428
2827,0
0,2869
9120,8389
8569,8806
3457,0
1447,0
4330,2658
0,7275
8820,8852
2218,2640
3353,0
6339,2657
4869,5556
6932,0
5595,2684
6975,5895
4936,4812
6747,0
6068,2792
0,6232
0,7070
7416,8603
1466,3504
0,6076
0,4447
3644,6995
0,3812
0,4049
1082,864
0,3463
4842,4654
2550,3444
3634,3751
987,0
2601,2213
4593,6546
7807,3898
2401,3294
4196,8688
4475,4662
0,1832
0,2837
0,4661
0,8178
3273,0
0,6267
0,7080
2929,3913
9318,9345
5152,0
2182,0
0,8790
1793,0
0,8570
7875,0
3760,5846
1088,3798
4261,0
3510,0
0,3719
2951,3539
0,6239
0,5926
0,7172
3743,6005
5981,4918
4181,0
5821,7327
3370,6286
3979,0
6062,3526
3514,0
7256,0
0,6801
4297,0
0,6210
0,4973
9341,0
6887,8145
2067,2352
7226,2561
6870,5997
2182,2519
7347,6595
3056,5724
5169,6448
2535,0
5640,8415
0,5424
4080,2502
0,1438
3740,0
2405,0
1797,1583
4316,0
5210,3022
5545,0
0,7442
0,7600
4324,5109
5163,0
4956,5022
1880,0
7764,0
0,4023
3726,0
8148,8487
3397,5760
2925,0
0,5217
0,666
8106,7636
4030,5123
8693,0
7021,0
7881,7639
0,1155
5204,6146
5125,0
0,4709
2965,0
8496,0
0,6500
0,5557
5720,6261
0,5805
3949,0
0,4843
3419,0
8226,2949
6566,2626
0,7120
0,5686
0,2186
4519,4111
807,0
4505,0
0,3805
0,1992
8417,0
5637,0
0,4211
6067,6507
1472,2380
0,8133
5650,0
0,5198
3273,0
3021,3455
0,3271
3284,2467
2223,3227
3333,0
1819,0
3611,6515
0,4314
6546,7789
0,2340
6196,6848
4351,5619
6129,0
0,3297
3712,2578
2920,0
6716,7773
1749,0
3377,3708
0,2820
2642,2458
6068,0
7352,8419
8799,8657
5317,3817
0,5670
0,2052
1510,0
0,1777
7571,7987
7613,3864
8132,0
8717,0
8454,8603
1505,2865
5078,5905
5152,0
9420,0
3587,0
0,8459
7447,0
8285,0
3220,0
2036,0
0,2675
2221,0
0,5544
3837,5048
6244,0
5023,6146
0,3152
9292,0
2666,2190
2232,0
0,1793
6320,7486
0,4276
6273,6158
2955,3746
4529,0
1530,0
5121,7440
7478,0
0,3024
7457,2469
922,673
7965,6077
0,4448
3229,0
1108,688
0,9016
7972,8350
0,6447
0,5983
0,7398
0,4946
0,3216
3393,5428
0,1967
0,8804
6591,0
5354,3723
4712,0
0,4478
4199,1216
6045,0
0,5552
1056,0
1664,1936
3358,4885
0,3759
4184,2835
2995,8034
5123,3902
7866,7179
4622,4837
2918,4053
5479,0
1213,2577
7969,0
7279,6674
1879,2045
4144,0
4482,4651
4629,6820
557,0
3505,2279
0,5741
0,3311
6850,3281
6108,7158
2134,0
0,5441
6257,2667
0,5661
3185,6415
5083,3480
6909,4270
3644,0
0,2504
3963,8327
3609,0
0,3123
0,6194
6354,6351
3825,0
0,3322
6276,3309
6304,7394
5247,6868
3620,0
4248,0
4724,3999
6886,8225
0,6155
0,4320
2399,3558
3343,4173
0,7178
6352,0
1724,0
6216,0
0,6706
3233,0
0,3031
9212,9066
0,7271
3679,7171
6047,5689
4427,2359
3692,3446
0,4297
0,6604
2532,5401
0,2628
8523,0
4861,4469
4549,6256
0,6224
8114,0
0,6557
8938,0
0,3896
5234,0
0,1593
3490,0
2127,0
0,4459
0,3085
6327,0
4949,0
7039,0
8878,0
1896,5762
6450,0
3035,0
6582,5959
0,8960
7273,0
1610,985
3267,2150
0,2399
4764,4570
6876,5705
3272,3253
0,6054
4926,3249
4694,0
1347,2973
3111,0
5012,4218
4956,0
5164,5866
8587,8014
5049,0
5533,0
0,3527
0,3166
0,9215
4051,3234
2468,0
6300,3657
0,4702
4088,3147
0,1642
8705,0
5425,4926
7239,3505
4599,5239
3446,7211
8301,4667
4120,2889
2591,4211
0,8850
0,4298
1451,0
0,6120
6815,6362
5358,0
4777,0
0,4732
9476,0
0,5207
2606,7996
0,2920
7434,6767
1929,0
3698,0
5089,0
0,2024
0,8486
3653,6497
6304,5446
6519,0
6418,6860
1497,2235
3825,0
0,8499
6689,5861
3203,0
0,4838
3557,3026
8043,6728
0,5744
7351,7541
6387,5612
8651,7593
9172,9282
1565,1889
1727,0
4774,0
0,4039
3518,3580
5788,4070
7066,0
3044,0
0,8657
7931,0
313,0
3889,5480
8454,0
1581,2889
0,4801
0,5489
0,3713
4424,4440
0,7870
0,5445
0,6905
3720,4352
0,2893
0,5805
6262,6299
3720,4143
6956,2861
4076,3371
5253,4239
5636,5152
0,7336
0,7081
5746,4938
209,108
5593,0
7752,0
0,6196
0,4678
4930,3579
2439,3517
0,1452
739,1301
6925,0
3038,5211
6103,0
6655,5438
5921,0
0,5891
0,4261
0,8842
3597,0
7399,8764
3346,0
6998,6952
6538,8139
5830,0
6921,2169
3239,0
7782,0
5163,0
4730,0
5337,3722
5750,0
0,5855
3384,4295
2961,7166
6484,0
2583,0
6276,0
5227,8324
4328,6935
5711,7209
3493,0
3986,6485
5693,6582
7742,7437
0,6094
0,1117
5092,6252
7094,8325
0,5996
2942,2411
0,8705
6923,0
6453,4025
0,8196
3518,2507
7979,5031
5836,4315
9298,8641
0,7403
0,5756
0,6270
0,7175
0,3345
1232,1332
0,6055
2847,3043
0,6190
7698,2285
4816,0
6919,3571
2222,2878
3540,0
8100,0
2283,0
0,5363
2117,1390
5619,0
0,6701
4525,0
0,5128
0,6858
9159,9151
0,3597
4342,7369
5939,0
0,3556
0,5686
6596,0
4740,7376
0,6177
2975,3308
2237,1436
4522,0
3397,2049
0,4684
3116,1567
6248,0
4700,0
6647,0
3890,2571
6976,2541
0,1524
288,237
4925,4070
3821,0
0,8588
0,2892
0,5624
0,5173
2504,0
0,8989
6715,0
5218,5510
0,6641
0,6568
2990,0
0,6344
6993,0
0,5970
8403,0
5422,4709
4364,0
3400,0
8053,0
5287,4983
0,9940
0,4526
3525,0
4476,6796
1927,4341
1970,0
952,0
6381,2897
516,575
0,3250
5538,7229
0,6263
6394,0
3699,0
5757,6626
5136,3024
5562,5513
0,7500
2888,2030
4177,6958
2982,0
3405,5941
4076,5132
4399,2418
0,4833
4014,0
0,1085
2048,969
2754,5818
7504,8009
0,6925
0,3273
0,6517
0,6591
0,7677
0,6304
0,187
1521,2029
0,4107
0,4730
0,3810
729,0
0,4183
6982,0
5815,0
7520,0
4197,0
0,3490
6483,4693
2515,0
0,3794
5084,0
6868,0
0,1613
3767,0
0,7356
0,5414
0,1622
5609,0
0,3775
6881,0
4817,6416
0,7799
2216,2481
6715,6291
0,9617
4726,3218
4755,0
0,4303
0,4799
6341,4554
0,3125
3360,0
7317,0
4336,0
5977,5965
9129,0
4985,6206
5166,4472
0,3426
6491,8052
1208,0
6226,4658
5563,5828
4492,6715
7336,7296
4227,4888
4175,0
7108,4031
3785,0
3100,3090
4463,0
4625,0
4600,5796
7786,8128
3146,4729
5580,0
0,4556
0,7256
0,1449
1689,0
4979,0
5702,6548
4935,5440
0,5179
5419,6333
7336,5977
4052,0
6988,6369
3030,0
6394,0
5015,4629
4218,0
2916,0
6810,5438
5175,0
4214,0
0,3692
3371,2638
0,8910
0,7933
2165,3933
6385,7939
3433,0
7484,6906
7064,6383
7447,5727
4528,5375
3799,0
6952,0
5993,0
3602,0
0,5841
0,6521
6859,6678
5182,0
0,4091
6748,6635
4512,5007
3544,5150
1613,2144
6959,3452
3153,0
0,8131
0,7029
7913,8915
2382,0
5194,0
8600,7201
5639,6872
6286,0
6654,0
0,6407
8169,6624
0,3316
0,5143
0,5625
1927,0
2662,0
7355,7512
7416,0
1279,1927
8032,0
3509,1103
0,4647
6098,0
4143,6448
3784,0
8880,9028
6130,0
2251,5771
3235,2671
0,3531
9457,0
6015,4650
3209,0
0,6016
5122,4357
0,5822
5142,7901
3359,0
4783,0
5653,0
0,4627
8169,9424
0,3615
4055,0
8440,0
7650,0
0,5612
5675,0
9178,0
7498,7055
7283,5771
4825,5243
7049,7648
0,6058
0,3507
2702,4527
7317,5188
4084,3000
0,4071
0,8466
0,6612
0,3884
0,2243
3063,0
7284,4915
5687,4540
3912,6253
6355,7152
6014,5888
4883,0
8967,0
4093,3071
1655,0
5080,0
5878,0
1700,0
5198,0
3598,0
3042,0
5240,6707
0,4081
3451,5240
5801,2920
5244,0
3988,4197
3318,6164
7913,0
8546,3829
0,5464
6163,4573
0,2817
4632,4052
0,7204
0,3793
0,570
0,2117
6686,5465
6860,0
0,918
0,8079
5337,0
6781,5640
0,4142
0,5781
8637,0
9066,8531
7458,7058
6454,0
0,1259
1258,0
0,4192
4444,3963
2750,4316
5918,5595
2181,2669
0,2585
0,6083
1242,980
0,7759
1163,1936
9430,0
3238,6645
2175,0
4146,0
6586,0
7656,5942
6350,0
5481,0
3284,0
0,6889
0,7443
6702,3504
5840,0
6138,0
0,3866
3664,0
0,4700
1198,2545
6468,0
0,5378
4033,0
3176,5418
0,2975
4339,6791
3710,3448
3020,0
0,4569
0,5445
5496,0
6180,6774
2038,0
7334,0
4057,4644
6710,0
3772,0
0,7160
1826,2077
1848,1493
7271,6273
6832,5713
0,6555
6187,8226
0,2975
1971,1213
4280,5602
6460,0
1304,0
8184,0
2507,2498
7078,7809
7443,0
0,2462
3159,3530
6239,1793
0,4481
5510,0
2486,7828
7772,0
0,4421
0,4591
6095,4921
5741,6257
6101,0
0,7058
2601,0
0,5321
5970,6349
7436,0
0,854
8406,0
0,5154
2290,0
9081,0
5295,5952
0,1957
0,4138
0,7363
0,3113
0,4952
3173,3390
9008,7933
6643,0
7859,3414
7388,8326
0,8418
0,5825
0,3982
4694,6183
5144,0
4071,3728
6011,6886
1625,0
0,637
0,4011
0,6103
5562,4172
6979,5904
4616,6072
0,4562
0,6787
0,6794
5620,0
1871,1774
0,2798
4719,0
8059,9396
0,4081
0,1712
5817,0
0,5868
0,4902
6252,0
8309,0
0,5938
3191,3713
0,6251
8078,7355
6788,7717
6832,0
7204,0
2044,2411
0,4853
5822,3747
2795,2832
0,4927
0,5896
4680,6372
6372,0
7773,0
2466,2758
3966,0
8508,9076
6206,8487
6443,0
6574,0
0,4505
7266,0
3671,0
3814,0
0,7588
1846,0
5884,4347
0,6046
4199,0
0,2771
0,9067
8690,0
2110,0
0,9410
4224,0
0,4097
1802,0
6840,0
9752,9531
8334,0
0,8542
6547,2070
0,4423
2613,0
9357,7752
0,1604
0,7492
9475,9109
3777,0
0,5081
6570,0
7111,6097
0,6281
0,6316
4846,3876
0,6149
6997,4849
3877,0
0,2082
0,6599
7359,8996
5064,3563
6935,3419
3971,0
3314,0
8721,7439
5012,7076
7774,7810
3907,6901
7240,8168
8437,0
5780,0
5991,0
6354,0
5919,0
2594,5197
0,7960
0,8090
0,7004
0,378
7193,0
0,7317
6425,4564
1864,0
0,7949
4748,0
0,8056
0,8317
3496,0
0,3510
3138,2112
3495,0
0,4980
5964,0
3096,3704
6996,0
3768,0
6425,5008
0,4055
0,7154
3810,6209
1283,2114
0,795
0,2597
5982,0
0,1989
0,2192
7112,5043
8178,7779
2747,3883
4754,0
6386,0
3146,6871
2277,0
3084,0
0,8826
4488,2626
7796,0
5016,5582
229,175
402,2360
2231,1887
5266,4413
2981,0
0,7890
7295,0
0,7856
0,7648
2862,2627
2675,7177
3461,4235
2276,0
6520,8326
8751,9239
6646,5118
0,4427
8420,0
0,6954
0,5803
5417,3084
3175,3297
9030,0
9518,0
836,0
9351,0
5523,7050
6674,0
0,4006
3688,0
7868,8356
7354,0
7442,3251
1150,1385
0,1411
8307,0
0,8129
8524,0
0,3582
5720,4199
6552,2708
0,7667
2003,2124
8475,0
0,4071
2117,3999
7049,0
4693,0
5594,5685
0,7912
0,7332
2686,0
6661,3805
2851,5052
9505,9268
0,8561
799,1149
8146,6121
0,8358
6363,5583
3842,3347
0,6953
6918,0
0,7028
8410,8070
4130,0
2522,0
5207,5684
5952,5534
0,3011
0,7571
0,3589
0,8163
2203,1244
3005,0
0,1961
3107,3382
4518,0
6657,0
0,3993
3734,4972
0,5921
0,6603
7920,7903
6289,0
1387,0
0,6515
4682,5894
3518,2067
5075,7699
0,3866
3334,2526
6942,5903
0,7439
0,2036
0,5297
4035,3554
0,6509
2043,4750
1668,2302
5214,5522
7317,0
0,3980
7584,0
6675,0
7821,4882
0,5991
3479,3789
3615,6422
3559,5226
0,2716
0,6277
0,6669
4032,5454
2057,2585
0,6878
0,9041
2518,5890
9221,9142
8297,0
6343,0
6259,7825
0,8918
7107,0
9356,8917
0,4380
5013,0
0,8859
5555,3009
5605,7733
6090,0
6385,0
3548,0
7471,8086
0,6023
0,7118
2107,0
3627,1920
0,5825
8828,8741
8180,7942
0,5561
7989,0
3650,0
7129,7690
6133,6882
3944,2585
7272,7131
0,4702
7363,5267
4150,0
7700,7464
2981,3412
0,2684
0,5190
5099,5309
3130,2046
6692,7912
4504,0
2605,2306
3267,0
3877,2349
2260,0
4738,0
7353,0
0,6549
8697,6055
0,8225
2257,0
0,2118
6197,7116
3636,2639
7560,1093
6117,5742
3725,7141
3892,2152
1136,0
4547,5679
2096,0
0,3871
0,2810
2282,4626
3120,0
3794,4604
0,1088
1844,0
0,4024
0,5703
4861,5537
6126,0
1520,1560
4349,5813
4238,4783
0,2279
0,4477
3952,5774
3801,3983
6520,5257
0,5947
6706,4246
0,6828
8725,0
3162,6679
7041,0
5499,0
2623,2585
3419,0
1949,2829
2874,0
0,4887
1970,1495
2242,0
7592,6127
0,3771
0,2378
0,7144
4826,4136
2685,7355
0,1137
0,1079
5885,0
6973,7746
3944,4622
0,2612
5771,0
0,6735
4578,5196
0,6972
3873,0
7561,5835
0,5457
0,4020
4188,3372
4448,5425
0,6053
8242,0
0,7665
7003,7012
0,2148
6518,7829
7643,0
3769,5042
8049,0
8971,8780
0,5022
0,5317
7034,0
6213,4398
7484,8892
8188,0
0,7706
2679,0
3967,2800
0,4880
8842,0
0,7338
7136,5552
4205,0
8626,0
0,8007
9542,9599
6767,7839
7082,0
0,6396
3443,0
2275,0
4295,0
1576,0
4534,4259
0,7161
4149,0
0,3686
3760,3678
3307,2355
0,3940
0,7272
1972,4684
8316,0
4443,0
3098,5057
8666,7884
5343,5126
2638,0
0,8311
0,7394
0,7554
6508,4994
1054,0
7568,8431
6740,0
8895,0
1206,0
5316,5711
5525,7836
5635,3431
2372,6455
0,4141
2201,1230
3902,0
1956,1850
8520,0
8900,0
0,4753
7838,0
5072,2821
7985,0
3035,1141
2434,0
6321,4719
6577,5201
0,3310
8107,0
3674,3784
4690,0
2353,4184
0,3196
5508,2423
6503,0
0,2772
8197,9004
4999,4453
5761,0
0,5439
8309,0
5350,6062
6508,5301
2116,0
6901,0
523,0
3366,6128
7886,7266
8681,7759
1281,0
4283,3853
6137,4891
3131,0
4095,1780
8178,8799
0,3346
3772,0
0,4663
4679,4544
5281,0
0,4401
8473,7402
7701,5905
8519,0
4484,4664
800,0
6213,0
5823,6073
0,5596
0,6205
4730,4859
6169,0
8023,7555
3842,0
0,5908
5605,0
5129,4248
3951,0
0,4112
2347,0
5801,0
4417,0
0,3321
5664,2041
0,5588
0,6191
0,2466
545,229
7043,0
3932,0
3105,0
0,1589
0,2020
5981,4081
0,7388
6309,0
6811,6841
5125,2197
5739,6587
0,6280
0,9430
667,496
4985,3568
0,7229
7390,0
4797,5532
3326,0
0,2305
0,6738
0,5072
0,9601
2355,0
4762,0
4397,3898
2230,0
3014,2582
0,5105
6209,0
1839,0
0,4342
3411,3023
0,1890
0,1855
8582,7226
5588,0
0,5701
4961,0
5620,2678
0,5321
0,5771
0,8185
6619,2893
8814,0
8033,4480
6799,0
6808,7384
0,8814
5382,3312
2916,2100
0,9212
3307,0
0,7490
3391,3540
5070,4063
0,6312
0,8198
6540,6787
3160,3430
3442,0
608,0
3326,5144
3464,0
7546,5754
5740,0
3222,0
3969,6678
3731,7113
6855,0
910,407
2808,3276
0,7643
0,6662
0,5672
4743,0
0,9577
5429,7671
5363,0
4090,4687
6529,5057
0,4809
4185,0
0,5084
3325,3529
5347,4144
6628,6020
0,6076
7088,0
1684,1529
6734,5012
4801,0
3094,2191
6256,0
0,638
4411,6514
2518,4897
0,3162
6813,7042
133,0
2220,5278
1272,0
0,6390
6143,0
7591,0
2979,0
4062,4316
0,3964
2609,1586
5286,4888
0,3422
0,4339
5382,6147
7198,6100
932,0
5732,0
1578,0
0,6025
9856,0
4926,0
8951,9265
6607,4397
0,7190
0,7641
7440,0
0,3160
0,7981
2061,2964
0,5527
5975,0
4040,3898
3905,0
1774,0
3700,4350
6611,4300
7847,0
4023,0
1904,0
6306,0
1267,2221
1879,0
0,1753
0,6841
2406,0
6481,6512
0,7449
0,8221
1559,2701
3881,966
0,4998
6061,0
3777,4100
7177,4915
0,2152
6462,0
4300,4651
0,2907
4931,7125
1960,3992
8045,8429
3091,0
0,6676
5318,4731
5422,0
2796,3228
8563,0
0,3277
0,5534
7388,6371
1002,1924
2384,1338
8472,0
1560,2226
0,5786
4049,6717
5780,5335
0,6981
5603,3045
5777,0
0,5154
0,3250
3746,3313
6155,3192
4421,8363
0,3401
0,7311
6935,6890
0,8652
1013,1836
3052,5682
0,765
5145,7255
0,2840
6538,3265
1659,0
2461,2529
6167,4029
8549,8408
9166,7944
0,4180
7976,6018
2334,4272
2351,2416
7872,0
2853,0
1093,0
0,7060
6415,0
3324,0
4691,0
4099,0
0,2594
4754,0
0,5423
2713,1592
0,7618
0,5000
0,4398
5668,2476
5957,3849
3545,0
4268,0
2932,0
1683,0
0,5024
1605,3935
2883,0
4652,0
2796,2816
1227,0
4855,3753
1901,0
8584,8914
6062,5659
7467,0
3017,4214
8457,9368
3677,3641
7602,4896
8720,0
7641,5594
2600,5044
8635,8277
2122,2179
2123,2423
3972,2473
9507,9526
6381,6476
0,864
6305,7669
1741,0
4149,4697
6291,8224
7671,0
0,3774
0,5357
9574,9754
9276,0
0,600
9259,9195
0,4045
0,2271
2590,1820
8393,8603
2157,4064
2783,3303
0,5851
5941,6262
0,4129
2076,2984
0,6954
5760,0
7022,0
2500,905
0,1128
0,7775
3735,0
0,5072
4677,0
6644,4837
0,530
6944,0
0,5253
4583,4938
0,2689
1192,0
2675,3495
0,3625
0,6386
8741,0
7059,5454
5199,0
5713,3425
8616,9493
1710,0
8872,9228
7481,0
2110,3014
7588,0
7156,0
6674,7370
8977,8002
4371,2825
2563,0
4275,5143
0,5027
7292,7711
2965,0
7164,0
7309,0
5045,0
1351,0
0,4121
2737,0
5387,0
0,5373
3105,0
0,6869
4673,0
4784,0
6704,0
7876,7534
8306,0
0,4666
1854,0
3334,1142
0,7913
3725,3988
930,1305
2963,2674
0,4136
0,5589
0,2524
4569,0
4517,0
0,5415
3397,0
0,2858
8700,0
1750,0
4425,6675
7242,0
6939,0
2851,0
0,4209
0,3438
2698,0
2050,2887
5576,3996
2860,0
5635,4932
2865,0
7469,8476
3483,4727
2924,0
5625,4222
5211,0
0,3554
4683,6455
4874,6109
0,1737
8222,7370
6140,0
0,7146
5125,4677
3792,3866
3931,0
556,0
0,2687
5373,0
0,4272
7085,1180
7766,4922
6809,7356
0,2390
0,7960
4547,3056
6635,8205
6582,6599
9223,9125
6202,0
5273,3418
6129,8051
7175,0
2487,2444
7036,0
4079,6610
5902,4625
0,9149
3555,1840
1959,0
0,2318
4676,0
0,2856
3390,0
7600,7946
4742,0
0,4772
3459,0
0,7581
7818,7624
0,528
0,4698
4323,3706
0,5491
3097,2767
2143,4593
5402,0
8350,6247
7164,4822
1875,3103
7836,0
1454,0
0,3341
3205,8640
6676,5792
0,2702
5282,2759
5824,0
4572,5503
0,4856
0,7585
6668,0
8536,6254
1996,0
7517,5033
0,5627
4069,0
6395,0
7563,5863
0,8069
3489,4730
0,5002
1832,690
0,6569
3404,4745
1974,5870
0,7400
0,6286
4772,6653
5368,4320
5056,6072
0,5496
0,4605
4086,0
1827,0
0,7484
5621,3407
2816,0
0,5155
8815,0
4523,3919
3547,2062
0,5984
8642,8410
5390,2722
3490,4807
0,8175
6571,6567
0,4872
2919,1924
5876,0
0,7837
6036,4511
6860,5270
6119,6540
9041,8638
5030,0
4126,0
7099,1749
0,3221
0,4661
7522,0
4607,0
6978,0
7294,0
4083,5158
3465,0
2414,3568
7314,4396
6316,0
0,4454
1985,0
6225,0
0,2294
0,4961
7027,2045
0,551
3884,0
5047,6875
6881,4747
6221,5085
0,2343
4181,0
6403,6188
0,2790
6862,0
6833,6400
0,6421
0,3661
4614,0
0,6814
1154,1633
1581,2946
5071,3818
5208,2151
6114,3482
0,4396
0,7365
0,3421
0,8437
4305,0
4844,3999
6214,0
8139,7179
0,3423
2708,2515
7216,0
6874,7441
579,1243
8001,0
5911,4780
3938,0
0,5196
4192,0
961,1316
2755,0
8093,8798
0,5443
564,734
2199,2608
0,2239
1450,0
4447,0
2672,0
0,6278
3559,0
7578,7697
1844,0
4943,3855
4133,0
0,4010
3773,0
0,3121
7037,0
0,2182
6167,5879
0,6073
2847,3003
8025,7782
6809,0
2428,3085
0,6059
0,7055
4917,0
0,3701
3542,3915
4200,0
2141,2143
8112,6580
4265,0
0,6108
5480,0
0,3120
0,3744
1057,1810
0,4875
5782,6256
6810,8744
0,1910
5319,6768
