9000 2
7811,2617
3416,6435
1444,9488
4856,4713
5719,3769
6947,3808
6282,3015
3522,5568
3046,7405
6305,4586
7965,2734
1984,7887
7069,2751
3025,6334
6089,4800
3212,8038
4435,5414
5822,4038
4815,5866
6109,3298
1770,8856
2622,7892
4966,5787
4035,5599
227,9261
4239,7154
2461,8028
1363,8199
2359,6997
7438,2865
6943,3210
2220,7623
5970,4612
3947,4575
2484,7121
1408,8403
5161,5055
1945,6757
4601,5978
6207,2551
8400,1956
4872,6668
6665,5206
2569,8600
741,7974
144,9789
7068,3873
2975,8256
2104,5904
798,9151
403,8663
4512,4075
2663,5971
9733,715
1,9913
969,8383
6163,3813
6838,4935
3798,6340
7957,1937
5949,3761
4825,4829
7334,3275
5579,4247
3348,6657
9385,181
9838,352
6128,4017
4453,5147
8857,614
3401,8042
7077,1882
2006,7677
5527,5033
4890,6292
1663,7968
4738,6309
6239,4321
8518,1136
3283,7146
186,9980
5610,3785
3037,7073
3218,5128
2030,5976
9012,482
4927,4553
6181,3454
3726,6261
7940,1598
1369,8213
5293,5646
2904,7215
4677,5023
3447,5907
7947,1933
5221,4900
5771,3635
3112,8204
6067,2848
7731,2754
4693,5916
1481,7976
5507,4947
2529,7482
5170,5425
2065,7937
8058,1596
4503,4630
2253,8142
1585,8367
3048,6748
2692,6416
3037,7815
6901,1948
1079,8113
6441,2974
7955,3064
1193,6491
8204,3811
1492,8206
2949,6299
5524,3746
7266,3135
2882,6181
6431,3355
4746,3882
6108,5818
7055,2438
380,9642
109,9288
8620,947
6990,4558
5622,6285
1859,7616
8885,227
1518,9216
6480,1755
5426,4420
849,7860
3213,7038
5251,4438
2685,7074
7629,2463
5329,4154
7602,1433
1399,7517
3873,7140
7838,2488
9661,93
4227,6591
1348,7559
7061,3846
8165,934
3054,5899
9354,898
3530,6577
5170,5572
1002,8100
5645,4280
818,9744
4615,5968
1866,9335
1288,8810
4735,4550
6753,2676
2877,5864
1897,7674
2375,6529
6400,3053
2846,6570
4259,6287
4330,4253
4421,4131
3306,5882
6233,2650
5950,3784
2328,7322
3287,6555
8595,2308
3319,7009
3603,5985
6311,2268
8219,1724
4552,5608
3509,7129
4700,4462
9627,1122
9953,1172
6420,2994
2904,7408
971,8101
1380,8866
9997,802
2197,8313
2583,7248
1256,9140
7370,3333
6405,3164
2214,7126
8285,2250
7383,2816
9467,1084
4900,5423
5411,3066
2760,5942
4679,4859
3412,6975
3057,7763
3714,4984
4138,6558
411,8441
8229,2118
1158,9307
8493,1435
2358,7165
7280,4636
4441,6104
6234,3855
7436,3360
2426,7262
8907,1035
8380,2295
3091,6289
9124,399
2111,8482
7232,1392
1141,9380
6301,4305
5317,4247
7965,1992
3391,6489
1381,9118
1267,9787
7946,860
7759,4248
5019,4437
6595,4106
6876,4414
6101,5242
4145,6828
364,8357
6323,3151
1167,7464
5450,6199
2196,6372
9168,283
2907,6875
7275,2878
5260,4843
5224,3325
5253,4261
7885,3856
3756,5513
9224,566
5793,4562
6588,3420
2614,6362
6924,3240
5675,3150
1706,7205
6928,1825
5656,4848
5996,3278
4265,5715
5441,3129
7644,995
3949,5173
3533,5744
5102,5098
2782,7471
4581,5421
6951,4060
9196,3421
6035,3856
6326,2689
7760,2365
5995,2845
3576,5313
9850,889
6969,1754
6297,5496
1253,8439
5956,4167
899,9443
7664,3162
5535,5596
3789,5123
778,9285
7447,2875
7101,3299
6095,3586
4859,4075
8291,614
327,8363
3563,7156
7031,2286
9603,356
7050,2355
8257,3078
459,9829
9413,1044
8663,1252
3176,6868
9217,70
7644,3488
6497,3903
9081,503
4069,7428
7514,1523
6663,4117
5852,4117
4487,6058
1044,9099
1589,7926
438,9701
7767,2466
6915,2754
1025,8526
6922,3149
5492,4417
1509,9040
4410,4708
5193,4888
2147,8230
2548,6486
1736,7381
3442,8304
6518,2927
96,8871
4048,5162
2962,6305
6539,5537
5844,4730
7888,2204
3915,4815
5931,5279
537,8738
4658,4661
6244,4713
6785,2784
9863,464
8909,830
7047,3488
6957,2685
2158,8817
2989,6923
2906,6539
1490,9826
5060,4731
5161,5221
4751,5513
3964,6428
767,8923
8958,1745
3334,8275
1001,9544
553,8947
4269,6156
4168,6144
3967,6815
4753,4789
7000,2388
7522,1416
7493,3104
3471,6362
5465,4830
4459,6397
3833,5263
8794,1196
4111,5149
4672,5347
4878,4974
6024,4089
6838,951
6570,3441
5129,4725
8725,1313
7504,2970
454,9189
9911,92
3855,4486
5660,3619
3898,5917
6436,4052
2965,7727
1475,8114
3724,4720
6121,4830
6238,3684
674,9275
5969,4100
7232,2146
4727,5280
1676,7450
4860,5125
5014,4748
8524,1039
2777,7369
7356,1871
5290,5190
4372,6717
4138,5618
6068,3480
9775,840
4164,4501
1369,8383
2631,7775
7800,1845
4329,7067
3050,7148
1091,9656
7601,2900
4837,4786
4928,3900
3726,6487
3257,6217
9124,441
2491,7366
2860,7091
1104,8825
938,8975
6628,4071
5897,4581
8007,1476
4992,4090
9013,411
6055,4459
5488,6303
9475,858
6953,4686
4103,5874
7181,3170
4359,6391
4793,4438
7805,3024
3747,6603
7078,2308
4240,5320
3427,7846
193,9861
9244,1932
2436,7233
1653,8165
2535,7503
1188,9915
2261,5642
8424,2305
3532,7285
1320,8728
1321,8846
7422,3790
6030,5228
1824,7110
6027,4418
9660,1741
5456,5777
3721,6864
9759,1530
9812,637
3653,7602
4606,4186
6745,5114
8511,876
4191,4776
5976,4096
5517,3769
6960,3696
1573,9582
2201,6953
1017,8114
162,9729
5048,5248
4525,4748
4206,5870
8900,848
4248,6154
6702,3774
4563,5553
7501,3679
882,9083
2603,7709
5728,3496
2297,9215
8276,2314
1104,7489
1464,8307
8305,3264
4379,4881
3515,6622
5971,2832
3632,6700
319,7864
1860,8577
1812,8114
7025,2829
4461,5688
4090,5910
4452,4728
5686,5359
6067,4169
4112,7322
2998,7463
2635,7350
8154,1515
8441,3564
6417,3518
3543,6671
2654,6588
9375,774
7099,2393
6797,3956
5964,3874
7193,2695
2373,7267
4058,6455
5588,3086
4236,4101
5120,4822
8348,1839
6492,4707
2716,7957
6828,4259
7677,1257
4119,6527
4505,5329
8944,2086
6163,5174
3750,6145
3793,6224
3838,7415
4014,5875
5865,2782
7969,3608
3791,6646
5336,5633
4392,5951
6967,2473
6244,1439
2394,5051
2958,6951
7217,116
4355,6115
5593,3557
412,9562
6577,3521
6326,4267
7359,2451
4025,6273
9399,1622
4313,4866
5194,4709
8493,1179
7512,1856
8200,2476
5835,5453
2553,5932
6483,1629
5390,4386
6281,2236
3069,7153
1905,6166
4736,5585
4484,6293
2747,6789
1570,8659
2290,7456
3970,6885
5040,5617
5535,4170
1,9615
5719,4009
9280,964
8561,2735
7242,3722
7933,501
9285,1018
835,8599
8485,2937
6536,3860
3911,6035
7403,4485
7376,4390
8343,2910
3105,8765
1808,8509
4557,6075
7537,3741
7292,1829
737,9453
6558,3209
3610,4718
5656,4209
4236,5981
8621,1912
6373,4095
4999,5001
6731,4343
538,8591
3859,8064
3961,6890
1915,7923
5583,4435
5748,4879
1974,8631
7208,2973
8449,279
1533,8582
7328,3056
8473,2272
9247,2669
4336,6064
5198,5744
7359,2312
2483,7576
2468,7911
8641,106
9433,983
3679,5709
703,9305
8155,2191
8054,1080
4515,6538
4977,4783
8754,671
8846,1161
1776,8883
6940,2894
9040,951
8466,1618
5710,4033
8085,2142
7000,3801
5549,4723
2680,7700
4243,6931
7630,3919
6104,2361
7503,2870
2806,7217
2894,6559
7809,1901
1452,9509
322,7545
5015,4155
3167,5847
4135,6453
1070,9091
5821,3763
5925,4595
7843,1949
3520,6589
4640,4868
5260,4880
4869,5366
6444,5207
1576,9335
1856,8091
5510,4168
7902,1981
7678,1981
7015,2350
8458,1679
6877,3533
4905,4320
6068,3585
3682,7043
3032,6401
1018,7754
7235,1316
6311,4039
2575,7789
8901,929
7591,2875
4994,4569
5189,5160
7950,973
5958,3852
8021,1961
7511,3270
5203,5651
8184,906
4373,6035
4533,4820
8867,923
7831,2470
5686,4614
9275,703
2235,7221
1734,8220
5124,5397
6060,3065
3341,6705
5598,4451
1716,7617
1928,7364
6627,4991
3725,6747
9894,1445
1852,7814
6747,3241
9494,1999
541,8495
4931,5209
4553,4882
6918,3890
7219,2923
844,8233
6118,3997
8613,1139
6137,2638
1516,8875
3535,7170
3993,7886
6736,2978
4726,4918
2198,8275
8717,2472
2148,7959
8814,1524
563,7224
3001,6166
4692,4851
4426,4360
821,9657
2080,6956
4117,6423
6035,4988
3932,6116
2417,8281
9378,1347
8022,2329
406,9974
4715,6813
5351,4288
6427,2944
1154,7614
8821,2560
6687,2596
1561,9333
1506,9504
6717,4062
381,9562
6189,4140
3545,7138
5136,4970
6560,4667
7990,750
9368,1041
6137,4347
9378,908
8619,568
1226,9013
1606,8483
4433,5825
3590,6024
6412,3133
5881,4311
7081,2993
1447,8031
4018,6205
4347,3837
1117,8435
6228,2159
5242,6200
2873,8346
80,8884
7627,3307
6969,2749
7650,1651
803,9068
6501,3870
2821,7783
2348,7586
4750,3396
1930,8499
8237,1792
7222,3027
7257,2800
4090,4985
6747,1953
4815,5601
8897,1567
9610,1044
7928,989
3677,5801
4025,7456
7773,2218
9170,279
3037,5838
5373,5998
4119,2956
3736,4932
8310,1084
3181,6394
6284,2766
4921,4645
7387,3426
3421,5262
7705,1541
8764,1737
6952,3668
6209,2294
8796,1596
765,8328
820,9531
4241,5668
2532,6756
1530,9107
5987,3779
3564,6782
2013,7498
2926,7734
4608,4547
7687,2170
6747,3475
4063,6049
7070,2075
2453,7337
9405,1718
9013,1868
1443,7990
3467,6105
7416,3481
6048,3245
5437,4343
6767,2120
3932,6621
9988,331
470,9478
7582,1066
2174,6796
1885,8528
3457,7317
5624,5810
1454,7607
5519,5489
8002,1477
84,9436
2041,8558
5933,4767
5080,4346
1684,8860
5146,6247
5616,3382
8010,2538
5341,4843
2158,6733
6092,2740
4802,4890
4052,6475
2799,5883
3596,6649
8219,2267
6515,3264
9335,1757
3635,5694
5281,3547
5747,5271
9074,898
4628,4391
1660,8830
4609,7123
7059,2657
543,9157
4654,4390
489,9056
5914,5203
1753,7526
9895,610
4750,4230
2763,6840
5665,4668
9210,1923
1532,7393
8291,1444
4617,5282
5000,5860
1679,9786
7677,1625
4369,4906
110,9236
2046,8380
2857,7762
1724,7154
7179,3095
7666,1593
6258,3455
8265,2774
5542,4931
2073,7218
4258,5355
7613,3104
9099,586
6703,2826
1236,8925
1178,8801
4520,4728
5935,5293
1715,6971
5315,4794
9469,201
8882,1919
2848,7999
1708,8256
2892,6926
2529,7826
4902,3725
7470,2652
5350,4336
7192,2446
8630,1775
3707,5921
4149,5323
7485,2144
7211,3166
5269,3845
7204,3286
9150,2225
9321,1057
5496,4176
6561,2602
5908,3813
9709,158
7963,2915
6179,3566
6500,2980
7445,1079
2185,7429
1823,9736
6657,2323
5890,4612
3342,6179
1560,8444
5184,6917
5299,6072
2599,7075
2284,6233
3278,5976
677,9565
4159,5993
4272,5103
3398,4312
8645,1317
8295,1663
5298,5535
3280,7055
2119,7536
4753,4842
3603,5865
2813,6251
5114,5232
8703,1795
6985,2221
1646,8705
4801,5464
8269,1197
7093,1864
6272,5779
4005,6389
6435,3446
4572,3710
2237,9502
5290,3971
7179,3538
7210,2167
1567,9313
2864,8405
7913,1977
5765,5003
2007,8119
4417,5121
8572,1791
2613,6627
5262,4288
3946,6315
5463,4119
323,9548
4655,5803
1278,9988
2097,8113
5403,4734
2018,7459
1099,9184
6969,2684
7173,2865
8743,2754
2754,7690
5128,5489
3652,6184
5650,5142
2058,7679
3418,6451
3705,5969
4821,5397
8489,2418
3260,6523
6679,2015
8446,438
4504,5708
3962,7076
7461,2085
3393,5065
8177,442
7266,2394
7135,2893
1725,6278
8800,2211
5407,4859
3300,7918
211,9351
8413,1895
3608,7342
3140,6124
2447,5952
4876,5156
7312,4146
4695,4610
9194,1471
5203,4103
9345,751
5487,5176
7020,2952
3941,6724
2807,7341
6033,3425
3148,6546
4172,6685
3419,8234
8468,2438
2869,7668
4235,4970
1614,7599
4711,4447
2607,7776
2428,7760
9948,558
9605,2276
8983,157
5721,4278
2683,7549
9236,1284
8175,1000
8561,1686
5998,3873
7352,4077
3729,7268
6346,4162
4554,5951
4660,4699
1058,9584
5181,3678
1667,7303
2658,7251
9844,319
5800,3444
2621,7222
4528,6909
8742,2115
1593,9171
172,9667
5796,5469
7874,1830
5600,5498
6659,4069
6327,3982
6868,2770
6458,5655
1990,8218
5575,3614
7923,2116
2768,6289
3999,7188
1466,8322
2380,7313
8064,1611
2292,8874
7003,3601
1002,8948
7306,1364
4528,5253
3524,7806
7960,2183
883,9396
4261,4671
8057,2253
5123,4248
4747,4402
1752,8773
4577,4680
3675,6192
7778,2972
5857,4645
953,8848
1217,9028
4819,2832
1618,8149
8129,2338
3828,4983
5581,4434
5605,5403
3982,7599
1009,9788
2382,6994
852,9704
8145,2254
4888,2323
4444,5934
5215,5147
6048,4559
7801,2363
7270,3017
2675,6761
2669,6110
1682,7105
2482,7651
3537,6270
4302,4380
606,8863
7555,1316
7475,2618
7333,3604
9279,2816
4231,5955
188,9871
6790,2473
7342,2414
1914,7744
6534,3822
7932,2479
6864,2809
5361,3599
2480,7529
2548,7703
1256,8291
6077,3017
3955,6628
3432,4862
3307,6044
2495,8259
4776,5031
2081,8486
6068,3871
6405,3248
3097,6974
9351,145
9150,885
115,9570
3685,7229
4470,6276
9806,1012
4555,5552
4976,4280
3208,6654
5300,4743
4812,4725
4664,4408
3592,6005
5935,5203
5816,4322
7829,3101
3489,8225
5625,5517
4328,7459
1794,9445
9968,1625
7075,2375
4369,4947
5840,4102
5422,4815
4484,6761
7506,3365
1081,9903
8258,2850
18,9163
3177,6452
5442,4629
8504,1642
9384,238
875,9955
5722,4349
2249,7129
8536,1747
5480,5512
4946,4697
2752,7618
677,9615
1899,8948
3701,7005
6713,4179
8676,2011
9573,1791
8060,2833
4618,5362
7905,2744
4349,3986
1009,9605
5054,4126
3032,6243
2761,7076
1978,6925
26,9744
4742,4010
1958,9482
3906,5164
1787,8056
7859,3196
119,7876
7788,2524
2781,7225
6039,4746
6658,3072
5276,4837
6451,3624
5349,6265
3761,4768
1662,6925
9808,1010
4585,6470
1084,9317
6936,4517
7188,2622
1836,8236
1196,8906
5590,3512
5724,5009
9954,1053
2734,6943
2723,7401
7704,2480
7334,3622
7102,4145
3853,6772
3559,6527
1952,8835
8743,2730
1320,9862
3910,6781
313,8381
5529,4738
6731,2275
1649,7804
4798,6155
7746,2835
695,7960
4766,4209
8037,1880
1639,7322
7157,2422
6105,4059
6703,3675
6833,3515
2749,6219
1554,7456
9360,1634
5149,5326
4149,5146
9140,768
4418,6282
4869,3702
3810,6305
7840,3151
1883,9420
3938,6763
9196,777
1404,9019
4874,4269
3826,7081
8643,2593
3582,5369
2529,8158
5600,3635
9192,2680
5852,5199
639,9840
1925,8981
5407,3492
9047,1511
5623,3324
5625,3215
2979,6389
7654,143
6188,3886
2819,7111
5109,3950
5172,3775
7168,3470
3955,5629
1143,7467
4973,5680
7002,3749
4091,4705
7162,1883
4761,5680
2797,5214
4509,6576
642,9027
6061,4786
1891,9001
6748,2410
3880,6194
3255,8177
1540,8240
5172,4948
27,9636
4229,5574
1862,8874
5699,3148
3536,7592
7921,2437
6028,5836
8538,1414
6627,3404
3161,6929
404,7838
4832,3491
4573,4869
5321,6396
4912,4723
2933,6165
7349,1369
5446,4262
8679,745
3627,6432
2672,6670
9436,1222
6877,3570
2707,7581
5843,4139
271,9578
4340,7063
6043,4573
8040,2296
7325,2297
8173,2741
5233,5791
8193,1268
6621,3146
4986,4658
6389,3931
7357,3376
5587,5932
7567,3365
7819,397
6452,2739
9387,213
5529,5888
6080,5211
2297,6436
5440,5078
192,9782
5707,5054
6613,1860
6013,3271
6076,3864
1086,8965
3375,6873
2721,7682
4974,4854
5797,4712
5700,4832
6244,4187
4479,4743
5433,3610
1083,9562
5128,5942
3046,6171
5717,3547
5357,4945
7127,2209
5231,4417
9148,88
8168,3317
949,8921
5372,6081
2474,8360
8562,1562
2407,6379
1795,9429
2603,8166
9600,841
3690,7920
7482,2847
2839,5888
6235,2713
8028,1514
5077,4606
2878,7452
860,9555
903,8873
110,9760
3145,7000
1461,8401
5865,3766
7537,4240
5485,5088
3468,6706
7700,3384
2218,7318
7810,1280
5785,3808
5523,6463
1079,9507
8993,1499
9396,687
8952,116
6323,3264
5589,4886
8193,1562
3189,5374
3331,6301
4424,5951
1881,7160
716,8531
6789,3898
9156,104
830,9577
3887,7840
2513,7766
3860,8137
4631,4986
8265,3634
4450,5717
5851,3776
9614,61
6811,2683
3679,5949
2502,8380
6724,2967
7154,3010
7233,3271
4134,5704
1894,8126
5210,4625
6135,3865
3280,5740
2793,6978
5191,7382
1982,7062
3982,5353
4062,6145
8606,978
6127,2925
4807,4638
2873,6032
326,9387
6423,3983
6415,4919
2283,6854
2742,5792
157,9461
9284,751
1849,7571
5400,4710
8303,1694
3542,6851
5306,5291
6029,3487
2411,7015
1344,8080
9221,385
5512,3902
8151,1107
2091,7714
8371,2634
5184,4662
5513,4188
3963,5758
412,9323
5105,4869
8579,868
3348,7662
7586,1866
5101,4467
3549,6534
6261,4161
2184,7466
5729,4229
6394,4816
2414,6594
7022,2796
2065,6926
7483,3024
3375,5091
3425,6276
6406,3942
2096,9725
7259,4506
6023,2969
788,9744
3600,6748
4977,4103
287,9222
5731,3769
6532,2615
3587,6410
5194,5449
3002,6463
8679,1857
7346,2869
8768,642
8363,1434
6643,4067
7886,2035
5922,4457
3631,6406
3733,7810
5146,3343
5807,3653
8279,494
9090,933
3355,6553
4898,4911
5978,3988
3265,5792
6036,5822
8351,1549
6511,2806
568,8911
6484,1221
4329,6412
4702,5672
4158,6576
1435,8910
4488,6100
5253,4276
8520,923
8180,1671
4150,6173
6709,2208
3586,6734
2990,6395
5540,4766
6839,2170
9986,704
7727,647
5454,3934
334,9447
9848,1173
4102,5029
212,8793
6533,3647
5373,5660
6645,3166
3558,6081
9158,338
1042,9800
5552,4287
4400,4991
4140,4234
4251,6969
7795,2321
8108,817
2556,8376
2733,7943
5014,4552
6481,3478
2381,8131
2531,7482
6432,2755
8774,1732
7445,922
8774,1073
3224,6849
4141,6515
2742,7924
3824,5846
4012,5497
8082,1133
4282,4701
2077,7480
5586,2999
4252,6730
6107,3923
7459,2802
4448,4459
9657,1221
6259,4285
4170,7353
6270,4881
3620,6990
6965,3368
1713,9040
8310,2543
6952,2256
4522,5704
962,9022
1781,9388
2461,5930
3301,8448
5997,4053
1755,7825
4632,5756
6002,4624
5283,5239
1834,8651
7363,2584
4117,3989
8791,1035
2134,8501
2010,8552
2930,8098
4417,6939
7385,2099
3292,6345
1643,9617
8443,828
8361,1970
7113,3786
9159,361
5527,4162
4286,5157
4579,5041
1724,8634
2951,5990
3538,5657
5487,5119
3474,7921
8987,362
8270,1975
8518,756
2334,9157
5603,2778
6716,2579
5794,4235
3458,6756
1059,9561
6842,3466
9195,443
6522,3161
4443,5536
1768,7827
4078,5214
849,9158
4791,5065
7469,1983
4517,5728
8564,2181
3323,5974
2199,6836
8872,1646
5924,3539
7171,2751
7878,3350
7637,2768
1764,7576
4130,4912
4723,5416
3149,7425
5979,2466
9386,1718
1624,8712
6395,5601
4158,6757
2541,7104
1626,8543
8214,1594
5805,3774
9639,551
8679,1823
67,9935
5275,4369
5591,5119
6070,5687
7792,2538
1507,8675
4505,6494
4652,5649
5900,5049
9148,1711
3217,6274
2820,8470
3950,6437
5840,3595
9377,896
3039,7500
6816,3219
2710,7615
4056,4991
4206,5926
3759,6632
6524,3345
5356,3838
4933,5398
3091,5138
3958,4487
1226,8145
1614,8207
6102,3921
8806,2671
8276,1592
6773,1877
5014,4343
6397,3824
1298,9143
5475,4543
4622,4205
3873,5322
5322,4552
2288,7272
4934,5276
2665,7059
8271,2911
8667,1062
3893,6315
1381,8021
5986,4376
6224,3065
6874,2601
4325,6981
2449,7654
5378,4802
1546,7771
2426,8066
8982,705
5360,4093
6316,4864
7270,2766
3253,7369
1600,7589
4418,6678
7457,1716
6561,3151
3153,5615
4721,5732
994,9266
1260,9983
4541,4539
5641,3840
8635,1140
8636,1057
5090,5673
2065,8649
2777,7700
2797,7739
5104,4733
1194,8318
3843,6668
8717,3318
7324,2685
1612,8823
3911,4602
6818,4965
157,9618
1027,8723
1150,7795
8636,1521
983,7839
5629,5269
5812,3088
3516,6597
3702,6210
4189,4528
4813,5664
6692,1548
2893,6952
1575,9190
843,7634
7432,2764
3244,7699
4951,3719
2969,7235
5585,4653
2502,9080
4643,5965
4876,5327
6827,2352
3408,6787
2052,8192
7616,2223
7634,1023
2203,8131
7625,2720
8426,988
2763,7591
7715,2977
4488,6053
7160,3164
2379,7763
6287,4263
9132,2247
6316,2825
2338,8903
5018,4048
9195,2060
2239,6527
4935,5223
5231,5309
1764,8036
4471,4842
7603,3910
4498,5508
4801,5598
4614,6060
5797,4921
8822,2190
5432,5712
3958,6125
6067,5403
3486,7195
3174,7028
3369,5766
9502,1101
2878,6974
953,9701
5901,4684
8227,1206
4719,6440
4933,5600
6689,3021
6571,3527
3324,5799
8653,1244
648,8895
390,9229
5761,3834
5639,4928
3086,6273
8947,703
4901,5195
2282,8010
2322,8757
6766,1901
5232,4164
1624,8955
401,8700
9353,882
2335,7201
6870,4029
6422,3460
6010,4069
5926,3150
5107,3955
3749,6564
2107,7748
3992,5871
1250,9162
7698,2697
8262,1376
5722,5182
9266,497
3881,6524
5203,4756
1046,9980
1532,7609
942,9054
3900,4666
5901,4444
3916,5970
5382,4082
7877,2587
6549,3746
7660,2105
3387,6826
6684,4233
5756,4872
497,9955
1310,7938
8188,3502
2617,8308
3691,5342
5940,4616
2499,6848
6190,4520
539,8893
6810,4728
6501,3332
5484,5256
7427,4723
5160,3482
3639,5976
3257,6920
2899,7415
6082,3748
9973,502
3961,7354
5521,3924
3836,6535
5323,3905
6418,4254
6045,3140
2433,8673
3175,6758
6765,2155
600,8337
2502,8070
7865,583
9393,907
151,9900
8502,1457
8592,525
4749,5564
3334,5527
6288,3367
4597,4925
6365,4137
1068,9568
4943,5119
6238,3785
6270,5014
4067,4159
6571,3162
4285,6414
9778,492
2863,8207
3764,5895
6434,3369
6851,4502
3935,6118
5844,3522
4817,5263
2405,8107
3009,5526
4840,5121
9002,1048
3717,4964
3391,6230
9623,690
7819,1198
4749,4766
4637,5835
4990,5465
2935,7163
739,8705
4608,4742
7352,3898
3541,6549
145,9613
8542,2589
7142,950
5830,3992
1588,7909
8402,1155
3955,6016
5495,3877
6623,1652
1477,9731
5675,4061
5406,4411
872,9859
6639,4003
2066,7336
1931,5619
7349,4240
2986,6751
5434,2929
3675,5447
3749,5298
3427,6373
4592,4405
7694,2232
3711,7149
3013,5581
1926,7388
1054,8399
8551,2470
7614,3094
8762,902
2134,7206
4951,5629
5442,6352
6846,3056
2101,9863
2225,7327
634,8116
2639,6589
871,8617
3271,8823
6350,1962
8573,2624
6415,3989
5378,4465
4530,3626
4734,4322
6531,2435
7213,3034
7234,2786
898,7504
8769,1091
6009,4207
8423,551
6870,2782
5389,4842
5942,3325
3130,6373
5672,3802
7420,2299
1343,8885
4861,5374
127,7938
8067,2791
2330,5148
7196,3260
6373,3336
5389,4675
7668,3316
1882,8217
5219,5105
5226,5578
2682,8012
3246,7699
2712,7606
1379,7476
876,8024
5412,5550
2121,8358
8687,1610
803,9312
2939,7657
6398,2786
8839,2725
1301,8328
2636,7728
5644,3597
6957,2951
5205,5594
7296,1723
4587,5222
837,8977
181,9686
6615,3267
1495,9107
5378,4957
3745,5950
7824,2821
5427,4158
7791,794
2041,7535
5301,3879
7738,2613
3100,6612
5492,5067
5929,3063
2164,7429
6084,4936
337,9860
6744,4272
7684,1341
3757,5186
4319,5343
7834,2265
2353,7953
6905,3392
5415,4893
1010,7663
3002,6212
1578,8482
6769,2902
691,7581
9085,1693
2969,9821
5933,4048
5703,4090
261,7965
8817,797
4611,4939
5768,5668
3920,6110
3127,6653
4665,5087
7098,2200
5169,4744
5204,3658
3107,6955
2491,7784
3319,6649
2010,8134
5347,4270
9543,349
9684,1247
5387,4363
9124,527
8553,872
9012,1629
4297,6395
4444,5179
4384,5912
2603,7363
2521,7734
9901,98
5208,6057
4025,5385
2787,7508
7910,1445
7678,1964
5180,4702
4784,5467
2892,7297
2603,6558
7036,3622
3643,5310
8186,1608
9074,539
7648,2133
8602,106
7278,3507
791,9714
6071,3428
2500,7836
7172,2350
908,8131
122,9666
793,8263
7649,2730
9806,1074
1189,9274
5873,4255
3849,6733
5231,4044
5424,5057
6167,3678
9274,802
3442,7420
5783,3609
5942,4231
470,8579
4396,6439
4756,6583
7135,3149
8883,159
4121,4420
9007,654
1582,7411
5608,4726
2122,7710
5319,6048
8027,952
7573,971
3133,5854
6641,2795
5059,4915
4253,5151
6540,2958
2463,6069
1021,7559
1808,7499
6705,4784
3358,6035
7932,1544
6327,2641
6707,2902
3436,5899
6135,2921
6909,3278
2863,7252
3449,5889
5053,5262
5476,4612
4122,6492
5646,5671
5518,3580
8581,1722
6752,4331
1984,8556
6990,4819
4183,4960
947,7923
4613,4753
6930,2802
901,9560
3108,5750
3273,6757
2425,9080
8548,1498
9945,468
8999,1624
6228,3823
8732,2135
5307,4710
7024,3901
3966,5216
3448,5397
3577,5450
6481,4273
6563,1456
2207,7074
2228,6610
6595,3929
7601,2433
6464,3470
6765,4073
7539,3300
3174,6834
7995,2181
3231,6147
4445,5280
1945,9994
5587,4484
7014,2036
7180,4551
6945,4444
3383,7413
4969,5980
7487,2108
9010,2351
4583,5205
7528,2538
4596,5699
5667,4367
1240,8487
2647,6904
5167,4565
6721,1997
6474,3389
3407,5897
7754,2788
2358,7895
3224,8577
4595,5146
6973,3709
3625,6715
6631,1457
7248,2253
3776,6170
5723,3040
1444,8995
2387,7975
5865,1967
4813,5228
3952,5644
5796,4736
8268,1340
5585,4731
1924,8310
3216,6477
909,8174
4509,6504
6115,4254
5991,4302
1884,7199
1796,6919
9922,1331
7209,1516
9182,268
5667,4717
9052,2134
9308,1439
7321,3679
3034,7526
7987,1485
4306,5683
8172,2683
2847,6096
4896,5654
5452,5567
8229,1764
3911,4868
9820,897
4741,4139
5918,2631
1379,8588
6052,5170
7248,3087
9128,1166
4916,3105
5624,3753
5458,3996
2815,7748
5627,4155
5632,6225
2403,8092
7479,2732
7749,4260
4670,7021
2422,7687
5717,3893
8276,1313
6268,3512
4889,3852
5063,4472
4218,5845
5460,3993
529,9192
8543,393
2734,6959
7060,3693
1100,9553
9115,1441
5771,5738
1850,8121
5141,5177
6485,3401
6030,4808
6381,4262
924,9961
3459,6400
5526,4709
2214,7493
2794,8185
6834,4317
9959,768
6460,4706
1706,8272
5040,4817
8244,2317
7596,1149
4885,5429
7231,2509
3941,5071
6077,2859
5324,3312
3708,6380
7284,1893
3806,4962
6679,2720
8623,2300
9189,627
4176,5437
5787,4704
2691,7520
4629,5662
707,9545
3709,7020
4812,4045
7519,3315
7574,2548
3229,7578
8769,1284
4738,5328
4851,4840
3407,5747
3965,7243
6090,4159
1891,9433
308,8954
1702,8848
5174,4684
802,9752
3661,7412
3178,6410
7501,2745
3929,4290
4019,6858
5660,5266
4089,5606
4700,5954
5959,4189
4801,5219
2382,6909
621,9714
2323,7545
2796,5905
5665,4820
8010,2873
1091,8388
5691,4562
4194,5781
6704,2456
6241,3720
9821,1776
7945,2495
312,9731
2670,7910
3448,6442
5218,4034
9203,395
3776,5067
8025,1421
6551,2949
8107,1351
4621,5037
1528,9566
3258,5895
2453,6566
5277,4403
2498,6050
9452,595
4177,4509
4221,7037
5790,3645
8617,153
7379,3523
1714,9087
1700,7491
3207,7188
9016,2439
1410,7858
2688,7856
8065,2770
1240,9564
6000,3327
6214,4481
3625,8557
4416,4619
4503,5105
1550,8422
4241,7104
4971,5511
4555,5084
7499,1411
7082,3214
4518,6170
7525,1914
5312,4389
2404,8220
3001,5937
2088,8528
2886,7523
7379,1888
6913,1598
4186,5635
3538,4563
5811,4456
7709,2840
2672,8534
246,8843
5598,4049
2933,5708
8659,1567
4816,4503
5074,6512
7593,3090
2072,7949
5833,4912
5268,5340
3728,7592
2141,7713
4314,6200
1593,7622
3439,5288
5988,3946
930,8206
4202,6679
6648,1432
1106,8344
2082,7021
6268,3995
986,9516
5913,3808
6228,3957
4301,5130
3797,5924
7188,4337
7914,2466
514,8808
7116,2009
6423,2174
1364,8357
3414,6545
7252,3530
5335,3625
3421,7703
7866,788
5155,5173
4289,4095
6082,5873
9545,732
3312,5532
1560,8175
1776,7577
4403,6092
5104,3775
7135,3666
4354,6084
2084,8886
2639,5459
7581,2699
7071,2719
3211,4485
5122,5386
6803,5141
9649,430
7766,1467
9449,776
990,9850
4701,6626
8593,2023
7467,2232
2745,6963
1418,7395
8272,2601
7662,2458
4969,4589
6171,6108
4574,5720
3637,7109
5816,3392
3038,8011
4201,6122
9642,638
5541,5314
1041,8659
5429,4765
5356,4795
3220,7081
6954,3980
5685,4427
4615,4401
4679,4853
2651,6778
886,9760
8568,729
1874,6840
3472,6984
2186,6799
7722,1860
813,9106
5171,4729
379,9634
5591,3500
8370,2396
7409,672
6378,6017
8334,2531
6640,3926
1287,7832
6383,3487
5051,4864
5311,3530
6113,3617
3635,5981
1503,8962
6654,3723
8325,956
7437,3468
7824,2925
7410,3855
4707,4342
9869,973
6181,3784
6672,2774
2778,8839
5699,3348
3866,5408
585,9838
9048,1002
6411,4019
7622,1504
1966,7031
1162,8298
8816,1928
7939,1773
7424,4543
3321,6703
8723,1997
3836,6100
5855,4384
2997,6886
7769,614
6158,3983
2964,6777
4011,6412
3625,6536
4524,6592
1145,7602
7148,4295
3786,5997
1993,8240
4863,4268
8905,170
6206,4360
4525,6091
7402,2543
5111,5425
2887,6791
8283,2950
8531,455
4343,4755
1926,8738
1888,7065
4906,5373
9395,323
2466,8129
2396,6268
6398,5120
8602,931
4304,4338
454,9376
9165,1601
9758,439
6332,3580
7853,425
574,8646
8365,821
6853,4824
1210,8426
7587,523
7034,3157
5606,5931
2627,6955
6344,2744
3774,7993
5244,4587
4239,6193
6920,3502
4712,5506
3563,5153
4944,4950
8465,2394
7160,3544
3473,4973
8053,1248
3390,8455
6095,3925
645,7845
308,8775
5734,4184
1923,8238
5473,4751
7837,951
187,9362
2816,8918
9179,2443
468,9588
9367,307
3409,6824
6461,4030
7977,2502
4226,6323
7697,1501
3196,7204
7671,2048
4137,5413
5065,4684
3621,5638
7483,2929
779,9299
2479,8767
3918,5899
7623,2355
5399,5366
7846,3634
8569,982
1640,8382
3945,6016
4651,5368
5715,4913
6721,2597
4193,5960
1932,9060
747,9728
6899,4813
5575,5342
4956,2893
7573,1666
8732,1160
4412,7534
58,9546
2952,7854
2728,6037
9188,1768
7331,2990
4692,4863
2158,7497
7934,2368
4453,4054
6014,3460
5931,3932
6980,2441
6705,2202
7188,3375
7562,1812
6449,3030
4837,6143
7497,3064
2906,8097
7352,2957
3717,6177
3933,5475
8576,600
5660,4793
1800,7364
1517,7916
2017,6197
3831,5334
8062,1597
3397,6191
4329,6781
2496,6976
6686,3707
2416,7818
2716,7790
9415,760
6414,2764
6824,5062
6875,2214
4464,5074
8131,2265
1980,8058
5455,6503
2385,7550
9252,1759
497,9366
9937,925
2965,6798
6065,4011
2682,7637
6128,4969
9639,108
4268,5232
3655,5227
8500,1972
5177,5788
2515,7219
3322,7534
5719,4056
8403,2019
4647,5529
9829,718
1313,8123
9635,1289
3344,6830
8131,847
2132,7582
3749,6798
1598,9437
6905,3456
6825,3706
6372,2407
6526,3049
7139,3222
3608,5151
8610,2381
2954,7928
9610,1259
9562,962
2869,6749
5765,5848
2437,9557
6312,2287
1940,7589
6048,4194
4701,5328
6848,2613
5810,3774
9035,198
1080,9798
4844,3538
6929,2876
4857,5240
1527,8979
6080,4767
3231,6143
6685,3156
7577,2852
3247,5626
3406,6769
5497,4606
4195,5197
3061,7639
1000,8935
3549,6183
7573,2406
7720,1374
9832,1155
5298,5672
4364,5700
7544,3540
853,9117
6673,2075
1905,6220
6368,4585
6633,2989
4593,4720
2075,6689
1859,7776
2883,7507
3622,6898
2904,5773
4675,6240
9909,369
6097,2023
6205,3513
1242,8959
2930,6224
2977,5844
7644,3088
2534,5352
1919,8858
1128,9443
2009,8373
1489,8434
7757,2626
5226,4473
2901,6008
7668,1958
3351,7460
4024,5351
6645,3953
760,9050
5193,5176
9271,1365
7439,1256
8185,1880
6236,5006
6795,3444
4746,4837
3613,6835
3200,6657
740,8011
9497,1829
3615,6333
5629,5012
7584,2089
1917,9031
8573,882
8561,2709
1693,7572
3347,7156
8842,874
7835,1742
1055,9240
5843,5165
2171,8835
8878,1530
1924,8694
7019,2872
7145,2826
5325,5289
4437,6489
2764,6855
1618,8132
7266,1992
8912,1945
5118,5562
2471,6826
5379,4072
3428,7237
2353,9726
7892,2153
6633,4541
7778,3033
4197,6071
9808,521
9720,895
3865,5874
7835,1407
3049,6610
5360,4835
7044,3241
8580,1225
8547,494
6753,3236
6486,2853
1948,8686
1644,8132
314,9084
7221,3849
7208,2803
6263,4035
882,9324
6530,3822
8884,1325
9050,1599
7747,1848
5618,4656
7275,4325
6681,4861
4058,6641
8291,2475
5467,3956
6515,4233
5041,3152
3126,7063
7339,2739
7881,1121
1227,8719
4319,7333
6146,3146
7982,1130
7964,2142
6653,2166
7855,2398
390,9957
3817,5425
7855,1592
1497,8630
7493,3308
6093,4224
1690,8894
4576,4993
5954,3850
4682,5560
7038,3571
3096,6109
3718,7048
6511,3639
864,7012
7744,2701
3105,7380
8453,1111
4905,4465
5922,4472
8835,2904
5718,5162
1962,7886
7564,2588
2055,8784
7359,2069
2298,6539
6187,3415
600,8208
1570,8219
1608,6335
1587,9758
202,9062
4944,6230
3720,6890
4883,5553
369,9436
6189,5155
8574,1224
3061,7489
8511,3215
7499,2918
1906,7758
4896,4617
8790,2136
7368,1991
7986,2286
7809,2619
8903,91
7024,3568
8195,3202
8839,1909
873,8015
7455,3765
9549,1883
7300,3441
5362,5305
2355,7810
5468,3974
3260,7912
1959,6295
5401,3782
6987,3696
8627,1328
5013,6154
2976,6630
3170,7048
3806,5844
3777,4069
1006,7702
3569,6098
1507,7746
7531,2557
4580,5866
7132,1297
4611,5307
5676,5146
1824,9195
3275,8008
469,9518
4689,5496
3880,5570
2155,7334
5476,5398
1837,8557
3295,6571
259,9226
1690,8650
7381,3175
5951,4369
4096,5518
6474,1925
8609,2190
7240,3428
5222,5355
4446,5450
8439,839
353,9577
3818,5326
1062,8853
7511,757
4664,5504
8259,2101
457,7669
3844,5531
7600,2041
6288,3464
6904,1626
8034,2400
4339,5975
8185,1233
6601,3940
5793,4532
1580,7615
4213,6472
6831,4550
8184,2139
1994,7342
8416,1345
7111,1680
3501,5377
9470,336
6870,1762
624,9143
7621,2789
5843,4208
2514,6139
6049,3407
4435,5094
2877,6464
8092,2425
2453,8533
4969,5583
2927,7722
8542,169
817,9600
2759,6694
4795,4824
9084,2608
4002,5530
4384,4823
3624,5760
966,7823
5803,4364
6102,4413
7878,1901
8547,1764
3318,5124
3234,6729
8196,945
5364,5405
4709,5612
8521,2181
489,8482
2467,6338
5214,4595
6616,2461
3467,7681
3879,5612
3123,6514
6478,4510
4107,5075
3699,6310
6707,2889
7429,1937
3833,6824
4866,7720
8026,1698
8897,1238
8541,1235
6344,3564
6410,3573
6379,3021
1040,7242
4738,5133
8384,198
5447,4675
7635,2276
6393,5134
4723,6215
9513,1073
5019,5392
6886,4313
7824,984
3893,6243
3759,6213
3224,7394
4632,5227
7032,4536
9505,681
916,9934
3670,6421
3680,7448
5594,5391
3685,6024
6549,3784
7208,2041
6600,3478
4345,5809
8177,2255
5408,5207
2332,8232
4946,5680
2419,7791
732,9700
6503,4450
6582,2894
8961,2509
4499,4850
6475,4268
4456,5970
299,9505
7438,3832
2841,8347
3263,6680
8116,1545
8404,2250
7971,2211
7611,3249
4669,3948
4390,5549
3649,7815
7975,2620
9883,497
3942,6197
4144,5312
2974,7454
6657,4379
1968,6467
8996,616
9081,1177
9227,1498
4182,5674
2272,7802
4775,4433
2589,7105
5332,3883
3136,5379
1565,6622
9771,731
4482,6168
7180,2156
6581,5193
764,8435
5626,4171
9040,943
9647,1978
3946,5286
6748,3125
3592,6842
5382,4431
88,9823
1222,9119
9164,1184
1677,8369
2332,8514
3419,5461
3395,6947
4523,5948
1737,7952
7820,1380
7535,1920
9076,449
6491,4348
6231,4492
4273,5966
3571,6651
5388,7127
6475,4376
5539,3487
4795,5064
4743,5164
7414,3631
3186,6033
9086,671
9748,201
5204,4859
3594,7123
3184,7226
8300,4
5860,5293
7287,2921
3458,7448
6935,3115
8785,1993
6108,4373
2788,6295
8038,1258
7084,2928
8150,1322
6933,3203
8970,1800
1505,7619
7650,1468
5273,4500
3971,5392
3974,5220
6944,2919
7069,4036
3136,5749
2923,7471
8025,3076
9074,42
9047,2461
1722,7500
4849,5306
6761,3585
4207,7030
6511,3524
5080,4494
7327,1834
6860,3033
7325,2531
7225,2472
7284,3013
8249,734
6417,2615
6822,2595
968,9443
8059,434
3120,8154
6668,3429
7532,3971
5383,5141
2570,6812
1385,7848
6363,2871
2562,4575
2132,8236
7744,3644
5727,3550
8234,1022
2847,6878
1768,9189
2029,7483
7799,1917
8690,1319
97,9963
3820,6497
3666,7411
990,7895
2392,7481
4228,6515
6140,2975
9248,1100
7021,2170
3748,6227
4367,5544
5796,4506
2252,7329
9967,262
5534,4323
5875,2832
1346,8601
4938,4514
5434,4323
8586,1885
4547,6076
4840,5491
1594,8709
4000,5684
3124,6986
6094,3911
7217,1491
6691,4436
4704,5239
5385,4728
5133,5518
2925,8113
7028,2504
5461,5450
1806,8579
7068,2964
8868,2586
5765,4290
6250,4556
7348,826
5040,4644
3980,6457
2255,7587
5754,4052
7870,2876
691,8338
5029,4413
6551,3368
4106,6862
4797,5595
1972,7610
5581,2328
6192,3938
5093,5287
5432,4436
7575,1989
8604,1726
8715,572
6011,2873
4095,6291
2868,8269
2131,7600
9578,252
3528,6183
6478,2722
5568,3264
6131,3327
9663,24
6993,3127
3678,6199
5593,3455
9345,213
965,9203
9352,241
4830,5885
6033,4752
8913,1854
5108,5147
4249,6407
5141,4105
3144,4605
8037,871
4081,5827
6453,3511
4748,3668
4913,4682
2028,7150
3381,7511
851,9087
6616,2106
7052,2828
7554,2589
3257,6441
7559,859
8208,2039
1740,9812
8405,802
3103,6181
6796,3303
2681,6732
1735,8477
2746,6702
5467,5280
7726,2223
8089,2861
8251,2085
6288,4491
9185,1219
2252,6172
6218,5607
5534,6494
4569,5861
759,8553
9117,837
4752,4378
1779,7926
8694,3197
4520,6387
5495,5027
3557,7196
4687,6195
7405,2790
6856,3822
6437,3849
5784,3376
7949,1443
7154,2595
6680,3318
1249,8565
7285,4010
8961,646
4281,4722
3809,6466
4340,5118
3487,8029
6135,6032
5587,4621
3921,8690
3403,6007
6706,4248
435,9299
8829,1133
6308,2789
5407,4666
6446,4250
8840,614
40,9224
5976,4197
9688,712
6434,3975
6505,2265
3289,6907
5329,4692
1254,9373
3846,4967
7953,2800
6234,3577
4762,5359
4341,4791
7902,2644
8502,644
1658,7684
5802,6164
3034,6143
3680,7176
7709,2769
1965,7814
3389,8166
8397,1133
6225,3715
1372,7564
4468,4603
4045,6637
4828,4891
5225,5767
8751,1486
8806,776
3249,7060
2155,9226
5544,4824
6327,3460
6537,4612
4044,5235
8043,1895
4923,4680
8066,1237
6302,5017
2022,8710
8759,1807
2484,7545
7378,1903
4864,4667
4484,5018
3545,8157
3906,6294
5660,3930
4636,5218
3440,7590
3710,6030
5172,5779
2012,7395
4799,6100
6792,2902
3914,5378
5489,6037
7686,4064
5605,4583
2827,7503
2214,7199
2117,7853
5021,6146
5021,7067
6279,3867
3341,6465
187,9663
2238,7340
6299,4252
5875,5480
9853,275
3962,6094
5790,3648
7555,3245
6708,2744
1744,9831
6652,2492
6290,2830
4359,6246
3121,6945
5771,3664
6117,3751
802,9315
4772,4561
8245,1434
7140,4387
7541,2150
7321,5060
3133,7241
3402,6787
1750,7999
4115,6013
6787,3416
642,8515
5660,4431
4343,5382
5963,4236
9337,1685
7047,1913
3876,5140
8083,791
5461,4755
2644,8936
3410,7052
77,9270
6306,4348
8599,1869
5315,4189
4876,3941
8564,2120
6766,3300
4011,4942
9944,539
2157,9377
8435,1292
912,8683
2794,6992
7202,2232
1217,8472
2863,7489
345,9164
4281,4236
5633,4103
7365,2139
9714,498
1986,8909
5639,4406
3513,6705
2183,6806
8497,1785
9320,718
8908,1152
3803,6440
3289,6644
7987,2502
2387,7693
4413,5035
8214,1025
7609,3167
2428,6301
8179,301
7368,3461
2379,7679
6808,4970
8627,945
7827,2365
2807,6369
5558,5744
2799,7170
8319,1030
6878,998
5989,4493
6525,3763
4597,5744
9156,1002
7670,2049
2834,7990
7059,2544
3825,7532
7761,1335
6534,2672
2300,7284
3001,6880
4968,4460
7003,3913
8419,1570
3788,6067
4425,3795
391,9780
5170,5075
4067,6470
1375,8415
9059,1249
5637,5078
2046,7660
3786,6299
5839,4941
5033,5284
5748,4139
6762,3597
7409,2893
5709,4192
4084,5399
9913,47
7406,3573
5039,4660
6320,3282
3258,7528
6173,2457
2247,7253
5755,2516
2833,7108
7106,3022
4009,7141
4597,4137
2600,7596
4841,6848
9418,375
6711,2737
2052,6917
7592,2243
1581,9781
2218,7830
7297,2910
6831,4367
5184,5697
6952,5273
2019,8367
1576,8708
9037,155
5151,5131
79,8898
1935,8752
6362,4527
609,8595
5484,5253
750,7686
7097,2076
5409,4693
5391,5723
3507,6861
7389,2259
4785,4979
2397,7541
2647,6379
6620,2241
4525,5921
4709,4426
2145,7078
4630,4154
3349,6098
7733,2885
2902,8029
3751,5432
9180,961
3140,6274
8210,369
8716,1074
2327,7414
4963,5224
7145,4848
5620,3461
3515,6256
6507,2648
2029,8640
1451,9208
9503,1462
4084,7472
3582,7694
2351,6955
4893,5314
3571,6206
596,7825
210,9732
4863,6472
8059,1937
3191,6916
3685,6823
3102,7867
523,8480
7651,1805
5405,4909
3399,6005
1421,7779
8383,438
1255,9215
3795,5998
5776,4392
6111,4366
6088,4372
7294,2482
4987,5663
7662,2472
3528,4768
992,8757
4656,4378
7401,3532
3041,6353
3054,7173
6739,2148
4113,5359
2743,6370
3357,6621
4620,5893
3271,7058
8207,1055
9034,1155
5598,4471
5035,5175
6593,2708
4232,6536
1148,8846
9621,728
1871,7815
4132,6344
3565,7167
3621,6564
6225,4076
8109,3363
5668,2683
7237,4180
9708,633
1802,8988
1513,7060
2776,8012
8396,1825
5088,5610
6413,4914
9151,202
8323,577
1706,7390
1973,8602
4155,5841
543,8260
4385,7551
5252,5677
8777,348
4295,5525
4983,3477
7897,2107
6824,3632
4300,4735
1259,7857
2898,6062
5202,5252
8960,1299
4823,4622
7012,2298
9317,251
9116,659
3150,7166
5672,5145
2278,6973
4133,5702
4624,5671
4755,5005
3439,7244
7196,2944
6354,2590
8521,1864
8364,2130
1342,8537
1398,8012
2812,7771
7512,3977
7598,1393
4938,4668
8322,870
3795,6401
8009,2576
6227,3972
2530,7106
8860,2236
4305,5333
5127,4324
9741,2147
7460,1245
1428,8040
2709,6475
3172,5938
3406,7217
6789,3905
3914,5572
7384,2114
6275,4134
5646,3357
5462,4421
3588,5459
6358,5360
2782,8866
8089,3344
9727,608
1075,9353
4277,5237
205,8645
7841,1524
4524,4388
1359,7717
5142,4027
1742,7165
5616,5185
6377,3747
9542,63
5428,4641
636,8403
5851,5020
4266,5915
5368,3624
3902,5283
7219,2686
4757,5366
7475,1191
1983,7371
7030,3929
5534,4021
1448,8124
769,8422
2863,6857
5601,5192
4533,5661
1430,8497
5233,4193
9311,65
6236,3750
9207,1201
9146,2197
5571,5284
9940,679
2979,6685
4928,4506
5946,4050
6766,4147
3274,5306
5398,5504
761,9570
7957,2897
6414,4952
5614,4893
3264,5710
5526,4835
6908,3090
5495,4596
8540,25
4253,4732
4529,6603
7931,2606
408,8877
7614,2973
2488,7265
4958,6038
2337,7011
3902,5879
8477,2241
6989,4130
12,9702
3895,6345
1191,7574
7101,3615
7831,658
4432,4426
1275,7701
7070,3854
1439,8754
5357,5127
8188,2850
742,8792
7150,2582
6211,2843
9958,782
3385,6473
5374,4905
1431,8428
4997,3639
3494,5978
7656,789
5394,4359
2886,7956
6713,4683
4212,4532
1695,7421
7256,2001
3626,5987
127,9447
2459,9282
7902,2688
1843,7151
4167,4868
5912,4622
397,9196
9834,132
2171,7263
7895,2107
3087,7406
5575,4085
4786,3800
1706,8616
2633,5847
7656,1871
6942,3511
1986,7506
3780,6651
596,9281
7529,3051
7290,3503
9002,1412
4036,4851
9078,364
6331,2868
7034,4127
3975,7268
7290,2528
54,9539
6170,4044
3432,6835
6891,2847
5383,4487
4196,4611
1148,8922
7772,999
8605,537
1584,9441
8684,2750
9591,1527
795,8244
8017,1334
3752,6649
4220,6336
7321,2542
6457,3232
2306,6843
8152,2252
6866,2840
4620,5495
7047,2888
2386,6688
4593,6426
1627,9498
4326,4529
3341,5885
2973,6131
5993,3560
2132,6886
7563,3717
9092,487
6249,3624
8957,30
2870,6235
6386,2218
2963,5918
1525,7984
6090,4616
4050,5312
2434,7127
3005,6582
1529,8963
4811,5756
4136,5893
8147,2257
4729,4748
4574,6697
5968,3951
4756,5528
5688,6266
8730,2768
2222,8529
8039,2700
7861,2140
1819,9467
8492,1997
6577,3689
4863,4381
8063,895
3160,6601
6223,3170
4607,4747
1780,8440
5827,4369
9016,1630
3297,5842
6401,5386
3602,5214
6525,4265
8768,1812
2986,7933
8164,608
1138,9634
3077,6728
3746,6900
4037,5233
2138,6824
3249,7616
3714,4873
9082,1596
8217,3069
996,7462
6526,3747
2701,8644
2400,7866
4145,5201
8190,1713
5401,4516
3169,6889
6374,2789
7595,1299
4472,6557
2503,7363
3855,7273
6406,3204
5976,3970
5793,5445
7134,2355
6549,4653
2676,7479
7241,2506
4969,5419
7483,2011
7555,2093
4266,5659
5481,5181
4452,6309
1824,7800
4663,5960
8979,2045
6913,2014
5329,5027
5317,5354
4158,6810
7623,1098
5916,4267
4227,4531
4576,4418
4738,4685
1704,9073
5740,3166
1090,8433
1069,7498
4128,4091
5008,3624
4434,5204
6171,2470
5226,3928
7796,1334
644,8502
3893,5451
5563,4272
2892,7527
73,8880
4752,5447
7634,1816
3196,6205
3292,6705
893,9225
4238,5102
9804,194
2355,7154
4006,6937
4714,5430
3938,6460
5916,5432
2840,9069
8480,2525
5249,4608
1220,9022
3474,5995
5668,3270
5977,4371
5339,2808
8767,929
8163,2818
6497,3825
8701,2251
5751,4882
4832,5479
8997,979
1035,8183
7214,2220
2192,8184
6482,3299
4412,6105
6380,2903
5446,3132
1114,8749
6335,4134
3386,7336
2261,8617
4353,6363
8820,1117
4352,4346
5132,4515
1590,7551
1601,8206
4501,5239
2621,7159
4368,5013
4619,4914
674,9606
882,9369
9746,561
729,8575
5928,3975
5464,4139
3013,6667
312,9745
5097,5050
8237,1530
7740,2195
480,7808
1320,9217
956,9408
4926,5484
6383,3542
7876,1530
6943,4186
4693,5302
5558,5758
3235,7512
7312,2609
5586,2970
3330,6979
5837,4983
3085,6216
1921,7917
9221,458
32,8841
3778,5214
4682,5007
8293,2400
847,9914
8525,2227
8991,1747
1815,8485
8784,1416
7894,37
8286,2984
1657,6922
2915,5952
4793,3873
7386,4330
5348,6244
432,9531
6018,3939
6032,3672
8620,711
3709,6599
8176,2764
5245,5876
6444,4375
6522,2783
8912,2348
9256,1327
3812,7608
7734,1932
2779,7414
2326,7577
5064,4000
9084,1734
3970,6576
7050,2704
3826,6061
734,8432
4293,6600
2686,8470
5429,4743
982,9625
5317,5432
1296,8416
7887,1885
4719,5168
6,9418
2751,7970
8077,1856
7301,3246
1331,9714
4979,5117
2614,7560
4150,5157
7200,3028
5899,3016
1530,9000
7806,848
2005,6988
2772,7959
1852,8987
5995,2873
3273,6275
5114,3762
6656,2156
3244,6172
2642,6581
6458,3151
3182,7318
5127,5142
4568,5088
3843,4367
5567,4980
6657,3108
9102,753
7535,1953
5467,4065
7109,1807
8030,2452
5932,4183
6526,2808
3776,5934
7952,1532
2136,8427
5713,3225
1503,9457
8517,2669
6639,4831
1736,7358
2381,7166
3628,4262
3312,5571
3950,6253
6159,4169
518,9762
7167,2159
3176,7535
388,8795
5803,3657
5414,5065
2959,6323
5279,5812
3090,7244
1454,9136
6981,1982
6263,3498
4296,4518
7189,1358
8583,622
1885,6968
4624,7014
3439,7115
8554,2050
1636,8000
4617,6379
4772,4406
9999,480
8997,964
4695,6341
343,9684
3820,5205
2622,6958
6489,3087
7593,2165
8373,2350
4902,3937
6439,5316
704,8550
4074,4705
420,9374
2497,6781
1586,8464
2458,8369
4754,6184
1462,9442
8329,2635
6642,2134
3677,6303
562,7991
8854,1738
5978,3111
2441,7537
5742,4585
6400,3729
2870,6311
4476,6117
8350,1674
883,8666
7353,2218
2184,6607
8511,586
9107,2542
2066,7506
4579,5117
6539,2601
7766,1506
6418,4080
227,9618
6109,3928
4780,5030
4841,5212
4886,5595
7053,5410
883,9525
9050,1342
2473,8785
8457,2987
8111,843
4690,4160
5913,3382
8520,865
883,8287
5823,3910
1595,9064
890,9531
5370,4533
6244,4203
6364,4296
5623,6186
2491,6844
9209,1638
6747,2708
4556,4754
6620,3797
3783,6656
8323,2268
7493,1309
5779,5185
2338,8091
8040,2996
7785,1291
3652,6580
9346,552
2180,7083
2998,7434
686,9287
6197,3007
9440,1099
2347,7129
4506,4424
3715,4557
2588,7867
3160,6844
5395,4698
3012,8482
6655,3902
5417,4880
3271,8029
564,9961
4535,7960
8841,1485
5792,4453
6744,3341
7380,3982
8715,766
5236,3770
3923,6464
5418,5754
4477,4582
2857,5558
4538,6059
5498,4811
7317,3151
5803,5425
7315,3446
1766,8497
7568,2750
7241,1782
3715,5563
7062,4796
3874,6492
8243,1991
3480,7216
9691,196
3245,6235
661,9593
7413,3600
5773,4325
388,9761
2326,7526
6968,1993
5185,3679
5284,6436
2165,8361
8942,370
871,8245
5300,4320
9535,1582
1742,6553
436,9948
2157,7828
4728,6216
7710,1639
9601,1460
3303,6901
2618,7307
4407,6969
8487,1932
5597,4913
4915,5172
2192,6021
8020,1363
4394,6679
236,9002
6628,4021
267,9927
5687,2716
2985,6283
2151,7835
4710,4641
7247,3085
4073,4366
2893,6597
7586,1964
1541,9120
6612,4033
8845,623
4119,6193
3440,6667
6850,2365
2685,8143
4412,5762
860,7817
2692,8188
5729,4995
4933,6151
1229,9182
4564,5658
3896,5500
4499,4085
8763,376
4165,5271
4513,3476
5154,4754
3926,5562
8793,1738
4510,5001
2350,7000
8031,1641
2684,6062
3710,6964
8130,1659
6859,3416
4377,5067
3427,6241
4724,5883
6817,3098
753,8970
2862,6111
7775,1058
5068,4125
6147,4883
4412,5283
5590,3983
4064,5419
3230,6274
5122,4857
7609,2302
3359,6435
7804,3201
4714,5310
3277,6437
4915,4487
6410,3379
1721,8989
7972,1959
7065,2509
978,9837
2251,7441
7930,2262
2704,8112
2241,7662
4153,5436
4649,5563
4223,4948
1796,8675
4225,5316
3392,6244
4322,3110
1866,7610
1053,9957
3319,4418
7060,4574
6663,4417
4189,6125
4645,5433
2742,6031
8409,1736
5946,4535
6355,2745
4832,6055
6507,2843
8322,1208
5180,6951
8171,2245
6831,3013
6960,1965
6424,3601
4666,5017
33,9176
5135,4924
1613,8855
614,8598
346,9672
2478,6600
1154,6964
2913,6426
4503,3963
5798,4081
1479,7931
8659,1212
8903,966
3112,6125
6908,3285
7007,2847
358,8117
1056,9215
3026,6404
2957,6667
9943,676
3205,6386
4865,3806
4267,4764
1685,8559
5013,4199
4172,5782
3238,6793
5639,4706
252,7982
5426,5046
4148,5178
7771,2213
8274,2264
881,9426
4935,4886
348,9108
4530,6549
8732,2726
8386,2121
2111,6703
491,9971
4709,5608
5899,5510
6784,3942
9125,494
1202,7719
7034,2957
3301,6164
2083,8365
784,7520
3789,6657
6584,3748
5409,6417
6239,2969
4739,4817
3170,6983
8436,3298
426,9120
4756,5401
8379,268
1401,9793
6327,2672
4903,5542
4817,4230
1556,9667
8827,2070
7199,3480
4429,5664
1110,9860
1587,6876
8567,769
8732,423
4799,4813
9683,1636
3181,7665
2858,7037
8991,146
2292,6197
4197,5970
5032,4503
3320,8397
7574,3239
5048,5833
6011,3995
6536,3173
2740,7510
5062,3916
6518,2784
3213,8303
8166,2909
5338,5614
2135,7612
1792,8782
4469,3633
6890,1637
1935,8350
5816,3257
3570,5303
3231,7008
3798,5807
4502,6818
3660,4644
3087,7322
1313,8923
9837,1937
2824,6557
6098,4663
5762,5410
1750,7644
3149,7257
4630,6796
6370,4351
3453,6046
5204,4980
6726,3367
3746,6331
3084,6613
4362,5802
3984,7049
4608,6211
586,9098
6833,2894
7205,3902
7103,2295
4510,5056
4943,5588
4898,5155
5929,3820
5254,5167
3782,9336
4483,4098
5544,5038
5933,4926
5260,3870
2999,7615
1330,8450
9099,1771
4019,5139
3860,4842
8342,2572
284,8423
7669,2173
7619,1521
7835,2090
8986,1450
5307,5123
576,8664
3657,4997
4620,4836
5133,5802
2925,6871
6011,3797
5719,4203
5631,4232
2542,6643
3488,7588
5483,4375
2569,7554
3736,7335
2753,6653
8819,1980
9536,296
6611,4909
8573,1077
1611,8507
8552,1224
6726,2226
627,9165
5902,5401
3455,6536
1729,7386
6012,4448
9131,1762
4159,5409
9182,594
228,9706
6623,3207
8798,1276
7403,2233
6372,3396
3926,5566
2930,6932
3487,5762
5447,5233
3371,8265
1642,8695
3579,6310
5141,4128
7793,4121
5558,4021
3035,5302
7696,2434
6144,5962
4828,6047
6219,3113
6468,2996
8035,2273
3581,4090
5730,4192
2696,6456
9150,1751
8136,2687
3416,5215
8557,2044
7213,2374
6304,2361
3617,6609
3239,9147
2270,8560
3103,7721
3730,5866
6907,2867
4335,4722
7135,2188
3112,7578
5895,2107
3666,7272
7588,2543
573,8898
4292,5700
1417,8951
8711,1022
4522,6187
8843,1579
5155,4976
6020,2759
7290,1825
5729,5772
5356,5531
2975,8255
7446,1585
2038,7435
6016,4217
7768,1861
5107,3896
5449,4083
7960,1020
8532,1489
5952,3054
4359,6052
2908,8769
5212,4861
1154,8762
4774,4678
3442,5626
5195,5625
1307,8701
2057,8108
1429,7144
1416,9466
3113,7173
285,9553
7222,2758
9332,1012
7588,957
4215,6016
5654,3878
1149,7864
7894,3378
2399,6605
7493,1966
4427,5811
1951,8361
9391,373
2628,6202
1260,8991
5691,5369
5889,5506
4464,5093
9014,737
6137,3831
6835,3332
8221,1376
2623,7061
7167,2460
2798,6845
7289,2788
9468,1426
9433,1257
8486,2729
8602,1886
4577,4762
5067,3626
3710,6108
9240,730
3488,5838
2709,7895
2779,7236
7913,3963
4634,4981
7583,2274
3938,6378
7242,2502
5649,5297
4502,6158
597,8833
1403,8414
5577,3251
6554,2793
3861,5644
4585,4510
1955,8198
2194,9848
5413,3150
9039,181
5555,3839
2301,8503
5419,5314
5838,4773
2355,7670
9188,436
4525,6003
3535,6382
5716,5061
2203,7986
637,9965
1387,7863
2536,6097
9810,921
4844,5832
4277,4544
8485,1565
5598,4306
7033,1676
4646,3748
7187,3871
6464,3370
6147,3620
9526,1170
2519,6569
1796,9867
4227,4694
3381,6487
3591,6924
7961,1008
9837,1381
6632,2905
2541,7433
8484,2620
4336,5897
6916,4033
1605,6269
9833,732
5644,3058
4912,4545
7910,2141
4644,6557
3087,8163
7752,2370
2181,7845
7114,3262
9168,1729
8156,76
2374,7998
9279,1864
1321,8115
589,8879
1494,9755
3546,6578
7529,2436
2823,7502
6637,2937
1061,9434
5748,5997
5033,4525
6265,3009
7154,2885
5893,4248
2627,7343
6580,3935
9310,746
8731,2994
3229,6035
2740,8100
7284,3989
2838,7572
8044,2599
6382,3709
5344,4468
9094,617
6281,3009
7635,1763
4333,5250
5331,5328
2713,7546
8213,3097
2542,6969
9102,391
3519,6121
4285,3323
9970,256
2655,7674
8274,2955
2022,7949
584,9410
4412,7331
8307,1806
6251,4647
8724,1065
3255,6302
6669,3004
8988,542
7019,2218
7805,1656
324,8889
3009,6816
2652,8034
4851,4555
1431,8445
2326,8557
8337,2388
4272,5903
3014,7151
6559,3162
5332,3786
3007,6003
6688,3251
5584,5060
1696,8198
2914,7443
3526,5137
4247,5420
9330,1877
2452,7450
8083,3907
7460,2249
7822,1486
4235,7353
4439,3021
9510,1409
3714,6800
5073,4854
8834,2103
6732,5579
4234,5325
4760,5920
4505,4938
8633,1712
4031,6957
3032,8695
2508,5809
802,8973
9242,542
236,9370
2173,7714
3903,5881
6329,3291
4155,7099
2682,7110
2695,7952
2594,6802
8673,2377
5830,4016
5738,5385
9093,1044
3770,6752
8925,682
4139,3883
1160,8379
6024,3630
3189,5780
5784,3993
3412,6546
435,9525
3756,5749
2785,6832
7483,2891
5483,5452
6362,3581
1865,6806
1960,7578
9935,213
3501,5693
4535,5031
5244,5838
4075,5282
2638,7731
2450,7998
8621,1804
3044,6613
5891,5076
8969,911
2152,8233
5796,4490
2828,8254
5385,4555
3622,6206
3680,6041
3286,7999
3548,6387
3478,6528
7867,1106
8078,1413
7648,2905
2320,6163
4941,5140
874,8461
632,9316
61,9574
9164,914
7111,3645
6918,3775
8515,702
1447,9371
8056,2673
3017,7000
793,8651
2285,7410
7457,2329
5206,4592
4500,6230
5106,6083
3692,6418
8442,1387
6906,4187
3564,5740
3630,4686
7966,3365
9934,1165
7162,2190
4727,5749
8380,1275
9055,1718
3832,6037
3772,7297
1730,8411
3077,6015
8972,1148
4966,3875
4444,6115
2241,6398
2752,6824
7606,2636
7800,1352
3159,7482
6951,1818
8372,1075
566,9064
3301,8108
6803,3419
9984,562
4844,6274
4320,5279
3916,5556
4560,3700
5360,5513
6113,4290
2820,8323
7792,1201
3087,5410
7984,3191
6582,3051
7724,3280
5666,4570
6220,4221
6159,4679
5858,3507
2183,7813
5938,5253
2791,7407
8325,822
5122,4775
8494,1167
3829,6483
5785,4789
2585,7912
4144,5225
1134,9679
5479,4328
4784,4846
3944,5107
5951,5323
3353,7873
8071,1041
6667,1970
5107,3961
2430,7219
6156,4768
8332,2193
5867,3697
4854,4545
3518,6437
4388,7363
6165,3878
6064,2701
7192,2894
2834,6896
1790,8071
7400,3943
5368,4060
3845,2968
3422,6873
5269,5764
4338,5546
8216,3484
9586,355
7604,1356
187,9355
7122,1744
7394,2073
4056,5351
6263,3783
371,8475
9031,898
4361,5227
9454,101
7275,2645
7083,2125
6507,4399
6144,2805
975,7526
4688,5564
5116,5872
5579,4415
4981,3763
9355,1453
4009,5962
2037,6801
4142,5512
2451,6115
2714,6268
8521,831
6040,3122
2260,8388
7682,1756
1950,7386
8411,1337
4692,4072
6687,3362
8033,3108
1211,9279
515,9229
4054,5962
2754,6398
9841,662
9062,572
2016,8273
2240,6352
2884,8387
4647,5342
1653,7205
3055,7511
5792,4064
3817,4402
3688,6962
4213,5806
7507,1955
4789,4603
6193,3884
1362,7798
4128,5419
7731,3044
7112,3774
3878,6700
1921,8904
3415,6193
3078,6451
4694,5218
7630,2732
3556,7677
2931,7084
4773,4366
8941,1793
6617,2804
5177,3696
5003,5831
8567,1899
8323,3698
8275,1221
4396,5882
7760,1553
5572,3657
3118,5586
6631,2513
3672,4913
3342,6020
8661,765
2533,7454
7494,2131
9818,422
6325,2626
2371,6703
5292,4183
888,9276
2004,8183
3266,7327
7515,1332
2171,8082
2731,7151
3857,6010
6517,3234
4525,6548
1013,8370
4410,5712
8020,3471
4951,6022
4663,5636
150,9983
61,9705
5011,5313
3238,7867
5041,4042
1962,8296
7903,3588
8982,1375
6373,3884
3089,6824
3427,7338
4969,6563
2271,9163
2048,8916
3216,7796
7631,1358
1273,8337
3999,5880
9653,527
9414,1445
1473,7950
7556,3885
6896,2834
7641,1590
6873,4135
5308,5072
6641,4152
7770,3202
3309,6015
1358,7703
6764,2236
8672,2006
6074,2669
4764,5557
5372,4586
7305,3326
2620,8463
4589,5395
4160,6741
4378,4105
7599,1418
3779,7018
4610,5260
7103,2403
2445,7068
293,8625
8406,1647
4414,6277
381,9507
5540,4858
5295,4842
1521,8954
4718,5509
9285,714
4463,5698
4504,5183
2713,5218
6499,3135
8143,1673
7973,2081
4639,4012
167,8471
9269,545
1379,8586
8114,2772
4034,6093
7014,2455
1266,9564
6543,3014
2528,7577
2116,8198
3630,7608
5176,4970
4883,5312
8547,626
6665,3841
668,8467
2315,6292
5030,5990
8823,720
4345,5797
1247,9565
5279,5030
5327,4822
7635,1815
3364,5886
5874,2758
3691,6332
3437,6814
3883,7350
5942,4891
7356,3951
8268,1911
5429,3558
3210,6950
6567,3706
422,9979
5769,5150
3520,6459
4480,6967
7498,1937
585,8899
4881,6651
9336,1345
5241,5433
1686,7282
4787,5952
615,9747
3371,6675
2291,7286
5618,4815
6905,3310
6793,2814
272,9036
4388,6048
3281,7225
4199,5566
6930,2389
9390,3499
2982,7334
3885,5744
1773,8114
3473,6697
6017,3908
4356,5269
964,8079
3408,5173
3740,6754
259,9564
6235,4576
2713,6591
4060,4877
903,9136
896,9537
6538,3399
4361,5482
8952,1001
7974,248
9993,751
4924,5390
4680,6476
4433,5585
5123,4677
5617,4180
5700,6293
9849,187
2041,7815
4284,6718
1890,8899
9845,1887
1868,7142
5146,4608
6002,3133
5319,4048
3162,7792
5593,5010
6047,5775
7067,3070
6784,3324
941,8582
6982,1956
7604,2828
8219,1374
2434,9186
8298,1218
2841,6704
5756,4129
1135,9470
986,9048
6690,1638
5096,5520
4357,4307
1578,7527
6062,3905
7911,2819
1699,7274
5518,4954
9029,89
4338,5385
4082,6519
3613,6274
5780,2828
6008,4170
3655,6623
5556,3501
6608,2460
1643,9269
1965,7345
5165,3862
5068,3972
4076,5188
7558,2172
6290,4232
4484,6010
2828,6578
5367,5387
7493,1186
9255,706
137,9734
1217,8452
3739,6030
4289,4766
9597,812
170,8920
2725,6430
8616,1997
2408,7098
2079,8084
6465,2859
1184,9225
5161,5816
6363,3881
2015,5600
6300,3945
8829,1649
1661,8445
6990,3929
5610,5080
2930,8594
7214,3191
3333,5351
8729,2318
5906,4007
7193,4476
6395,3835
1806,7799
5757,4093
5257,3607
4715,5235
6827,4375
7288,2392
4051,5418
4859,6073
3083,5997
8208,2453
3563,5746
7048,3676
476,9967
8080,2786
3635,6237
788,9286
1314,9413
8113,1031
8675,1009
3400,6994
6859,4783
1695,7138
2583,8632
5334,5650
7648,1416
8517,2316
5618,5032
6435,4175
5507,3881
3417,7459
5611,5002
4126,6647
2544,7779
5484,3247
5805,5030
4383,5373
3405,7351
8197,1702
5905,5025
8890,2111
5428,5090
2294,6589
3990,6179
7569,479
3745,5942
4651,5852
5903,4373
9358,399
2311,9157
2270,7613
4518,4636
620,8817
4556,5441
5460,3715
4868,6637
9559,1723
1758,7040
8897,1312
6017,4297
7639,1334
9040,1682
2213,8796
6684,2961
4209,5366
334,8230
3312,6720
8965,914
5349,5298
5257,6114
2054,8344
7486,2574
6788,1945
343,9543
4187,6604
6482,1631
2167,5629
5471,3225
729,9731
4136,5902
2873,7074
6710,3896
6913,1818
3021,6704
6997,4929
4126,6117
3614,6546
9720,1269
4145,6962
5084,5163
7953,2588
5101,4916
2304,7876
8816,2472
7144,2869
6295,3429
6469,3873
8441,948
7336,3167
5583,2888
5442,5119
5533,3265
3306,7290
6813,3344
5187,6195
5721,4997
4218,5170
6083,4118
4409,4907
8679,2627
6599,2499
7910,1435
7574,2478
1984,6333
3254,5552
3445,7381
6219,3888
8681,2210
1494,8890
4665,5751
4686,4206
3375,6553
7003,1709
6756,2727
4706,6436
8702,1603
4950,5450
5546,5796
2064,7889
1646,8358
5821,5643
4609,5923
4991,4655
1938,7896
2499,7081
3665,6181
4322,5414
4018,7458
8439,1786
5286,4585
6267,2485
227,9984
8553,1754
7053,2963
9413,85
8976,1256
8423,834
2130,7628
8138,2804
6374,3232
139,9247
7358,1341
1822,7092
7566,3610
6136,3760
2037,8121
4294,3831
8050,2656
5329,6302
7124,3708
6891,3279
9429,1220
2586,6534
460,8748
8291,2579
2582,7125
2290,8545
2901,5052
1341,9886
6118,4685
7806,3680
7212,2075
8886,1237
8599,1276
4446,6408
4033,5813
3086,6106
2490,6977
5951,2351
1825,8349
6346,2891
5551,3562
2586,5736
3787,6629
3010,7745
5999,3080
2754,6676
3163,6788
4793,6523
3855,5003
8223,1155
8049,694
5442,4022
7500,2809
7975,2120
5581,4202
3689,8353
7861,1510
8427,1319
7206,2741
8741,533
2732,8531
7760,2576
8958,2110
210,9460
9520,893
3188,5942
1546,8183
2145,8471
6168,4078
5714,4143
5623,5081
9481,828
7630,3613
4223,5531
7566,3758
6928,3182
2878,5598
8787,3008
2083,7814
8370,2521
5725,4395
5369,3261
3092,6410
3123,7773
2390,7852
7482,1735
9894,1170
2522,8338
4971,4108
1959,8158
7370,2212
4774,6561
4000,6231
8380,2823
5696,5921
147,9920
3722,7832
6094,3873
3516,8378
3292,6538
8104,4166
9519,498
1690,9327
8743,925
9062,236
2493,7652
6039,3017
9561,1609
8776,896
5759,4906
2814,8008
8324,1086
2637,9179
7111,2046
3223,4830
7682,2229
4235,5854
5351,5077
865,9443
5216,4163
2279,7699
5221,4817
8173,576
4885,3948
844,9519
8488,2236
5998,3471
9300,1015
3061,7205
8534,1117
3894,6245
3336,7069
6446,3931
5967,3673
6338,3877
7798,1482
4726,7389
5392,4704
3991,5226
3584,5960
3272,6369
1417,8936
4207,6575
1855,7199
4870,6842
7658,1997
7769,876
1894,6796
9130,1651
1761,7890
5312,5041
4366,5930
6060,3281
4735,6198
1717,7306
1503,9714
6676,2071
7002,3188
8859,2612
5999,3579
6224,4281
6842,3428
9576,128
3810,7829
1165,8735
4214,3584
6354,4182
7266,2393
5859,4023
2056,8309
3141,5470
2113,8560
6257,3488
4282,5801
8298,587
6809,2581
4772,5071
5304,5175
3817,4951
4919,5251
7259,2673
4958,5311
1118,8908
9573,1554
9672,597
9200,1231
6966,3551
5778,3976
2625,7130
5058,4480
9303,1168
1844,7571
8929,2478
1323,9362
4085,5455
4059,5192
4760,4614
7891,2012
6587,3180
814,8425
4877,4221
6447,3069
8077,477
5571,4245
8150,1323
9297,1774
8980,1156
5027,3941
6745,3780
8355,2223
2453,7703
2670,6628
8369,1353
7254,1835
6074,4886
2722,6882
1889,8029
362,9233
1684,8374
6092,3437
310,9673
8924,1051
3720,6305
5054,4041
9468,722
1758,7738
4021,6065
3199,6865
7969,2954
3390,6893
2705,6992
5323,5797
5624,5354
2385,7104
3744,5235
341,9294
2535,7348
6563,3020
4468,5896
4348,5306
7853,2638
6906,1706
5522,5600
540,9967
9457,704
3606,6476
6167,5533
6958,3168
4330,5870
2262,6776
3503,6692
3839,6865
2618,6688
8567,847
5659,4522
8299,1461
7685,2968
8506,1025
6244,3593
2640,7871
3747,5521
5588,4123
5579,3611
5490,5538
8142,2526
3829,5699
2917,7516
1944,7695
3393,3948
6471,3611
112,9539
1821,7679
7685,1497
6312,5395
4862,5003
458,9086
1708,8314
6820,4161
3752,5725
3305,7419
5642,2143
3855,6520
2456,8884
5678,4346
4185,6908
6168,3578
6460,3641
3744,5484
1411,9320
5413,4119
4726,6589
110,9293
9361,1315
3940,7242
4823,4393
4545,5289
2266,8660
5682,3212
8967,1369
7659,1744
2664,6836
6425,2091
4331,5499
2361,8050
1207,8886
2726,7030
6237,4022
6439,4784
872,8172
2094,6558
3708,5041
2129,7470
3859,6119
4023,6454
9662,1174
8987,970
6647,3269
7246,1552
9040,2173
2737,7391
2270,8174
6077,2986
3651,5357
1924,7713
4131,4382
1448,9150
1933,8222
3124,8066
5702,3889
5911,4015
2188,8289
9186,1633
5268,5179
975,9210
3439,5749
8693,1485
6282,3545
7296,1729
5455,4583
3608,7925
5755,4026
11,9568
5315,5007
838,9551
2328,6353
8514,1019
4947,4489
8062,2755
7057,2607
2413,7348
8576,1223
7734,1515
9431,638
3543,5168
3100,5967
3971,6320
3927,4768
4823,6190
3830,6599
9233,986
2486,6512
5385,5255
2533,6724
2835,7385
3289,6944
766,8935
1595,8286
2196,8937
8345,1962
7874,2947
5181,5179
7047,2748
6534,2663
5101,4912
3981,4667
9709,1845
6127,3536
2292,7966
2960,8739
1356,8167
7832,1394
4822,7456
8187,1970
9380,1237
2130,7824
8402,1608
1548,8369
5946,4782
1985,7323
3659,5656
1761,8097
6760,3910
5252,4405
3284,5873
697,8121
5064,4038
1837,6724
8846,2144
5448,5409
3737,6205
1180,8452
2648,8404
7721,3568
3966,5860
7218,3384
7306,2470
2064,8734
3512,5706
9980,1235
3210,8275
7619,3424
4476,4244
5148,3009
2844,6777
4528,6158
6782,4746
6523,4011
4412,5168
4256,5102
9869,1185
7106,901
4460,5536
5746,3333
5184,5089
3436,5075
6863,2365
3447,6489
8348,1440
104,8491
5447,5144
3474,7011
8022,1785
9402,585
9030,1780
8650,855
4096,6260
3876,6184
1529,8616
2318,7626
3764,5900
5379,4214
7183,2508
5780,3201
7207,3534
7798,1911
5431,4133
1942,8801
5340,5467
1230,9302
7633,2474
6349,3324
2973,8357
3362,6348
2428,8136
6066,2932
8848,106
6163,4511
3657,4900
4681,5848
6883,2418
5671,2867
5124,3026
4064,6778
5138,5550
5398,4024
3531,5469
7103,2267
3281,7130
4190,4648
1995,8115
7483,1912
8866,2291
6576,2574
5636,2809
2920,6728
6291,3847
6528,3775
2257,5825
6572,4622
5546,3769
7424,3344
5912,4487
5552,3511
6530,2293
4518,5925
4391,6024
1839,7463
3771,5185
4206,5857
8814,1449
6659,4282
659,8950
7374,2676
3751,6559
1158,8421
7386,1575
2504,6041
2477,8499
1929,6573
4208,5068
4984,5384
3414,5993
2548,7425
6375,3032
5602,3641
9299,1728
8673,768
1625,8846
5636,3956
843,9516
4739,5016
6760,3126
6031,3875
5086,3609
2782,8656
7735,2738
1095,9027
5164,4767
4641,4264
5033,5504
6483,3116
6774,1606
6338,4521
6336,3828
7477,2916
6782,3484
7141,2461
3992,8605
8942,972
2047,7879
8413,1009
9110,2617
4208,3674
6721,4700
4462,5171
4612,5259
4874,7412
7469,2767
7055,3061
5770,5275
8769,2027
7135,2031
1222,8232
4117,4954
1561,7706
2567,8407
2902,6114
3418,6606
6888,2490
3188,7156
6328,3700
86,8569
4928,6667
5408,3943
6984,1862
8751,1517
8784,463
5415,4312
7769,2206
7827,1307
8272,1206
4091,5391
3625,6930
3302,7596
126,8644
7648,1740
6605,1852
1893,8177
5660,5204
8327,1200
5242,3729
1066,9907
6369,3348
280,9808
3491,6371
3436,6134
5951,3206
2059,7748
4884,6773
7261,3917
2640,8566
7126,1665
7190,1036
2725,7048
6863,2690
6647,4675
5223,4790
9186,845
798,8841
6321,3118
3362,5982
4602,4083
3963,4832
1262,9069
3286,5592
5725,4331
7301,3472
5911,3248
5114,4798
4756,3864
5536,2259
4423,4060
192,9983
2642,6970
5620,5860
6087,5440
6673,3523
3624,6694
3176,5932
5311,3759
6741,1123
6127,5188
2205,7678
6475,3557
9570,545
4800,5570
7971,3252
5542,4240
6377,1926
1423,8882
8289,1501
9170,400
8724,101
3800,6011
627,9878
3668,6457
7432,4082
5709,3948
9001,1773
8923,1497
1895,7281
6357,3987
5857,1754
4419,6825
3877,7043
9913,379
6090,5365
943,8042
3939,6960
4124,6387
3041,7265
8253,567
1468,8658
9516,949
4315,6490
7197,3782
8719,911
6403,4139
2574,6845
5854,3224
5498,4175
3382,5755
6177,4076
9382,499
8253,714
2570,7843
4880,3399
6542,3802
9038,860
1047,9322
4443,3960
2555,7716
659,9632
564,9753
1783,7071
7497,2289
1280,8400
2068,7760
2921,5706
1496,9069
1017,7947
4115,5391
4745,5631
6840,3275
8546,1140
1385,7407
3038,6727
8355,3664
5957,5730
3788,4416
3784,6527
7882,1570
505,9153
3762,6362
2148,7600
7415,1156
6404,3476
5675,4232
3810,6710
1828,7350
1822,7606
7675,3017
6212,2836
575,8683
5300,4779
8887,1282
9194,1030
3833,6327
5914,2622
4085,5031
4421,4277
2766,7650
1583,8402
1398,8620
7971,1075
5183,5341
5061,5232
1912,7683
1531,7407
4558,4586
8118,667
7767,1713
4854,5735
7459,1451
8547,96
6711,4144
6255,5110
5016,5710
7703,1324
7313,1470
6190,2947
7497,2599
6216,4383
4430,6364
3853,6441
2315,8233
5084,5086
7577,1154
5388,4771
4022,6756
4423,6277
4597,6326
6404,3593
204,9209
4769,6117
3247,5200
4472,5748
4166,6499
1587,8058
2218,7846
8528,1816
7896,3502
5856,5353
3201,6957
2037,8220
1461,8631
3522,6119
9160,1738
4019,6160
4299,4356
5684,3860
5911,2687
5960,1706
7827,415
2490,6138
2874,6176
6742,4421
1810,8536
2954,6446
7807,1965
5201,4082
7975,1256
4709,5394
6745,4791
1310,9039
7778,2086
5553,4555
9787,52
1952,7057
3684,7806
9573,831
5304,4545
1410,8705
2234,7859
1002,9329
9402,1369
514,9896
5626,3901
4811,4845
1903,6937
5282,4329
1309,7928
3939,7284
5614,4394
6031,4365
2883,8152
6401,4142
7222,1734
4305,6389
8878,992
9172,698
3692,6197
4839,4737
9300,1075
403,8983
6448,3826
4813,4838
9152,1382
6485,3431
6094,3286
3022,7779
8239,2024
3994,7123
8815,1446
6563,4514
1339,8008
9787,634
9566,546
4798,5563
5954,3477
3921,6437
6248,4153
8033,1932
4774,5383
4144,7210
7818,2188
5006,3289
3766,5545
3890,6879
4807,4808
4504,6985
4666,5880
5981,3267
2445,6934
4367,5806
3124,7913
5659,4000
5607,4393
4193,4730
2638,6594
2311,6537
5797,3212
3583,6821
2946,6561
7643,2714
3761,6848
2518,8283
5027,5845
3863,6005
2719,8969
9126,2876
7619,2412
2430,8123
3174,7019
3510,6071
5214,3838
3470,5164
8857,1141
7840,2254
9373,172
5765,4856
2737,5877
7599,1054
6123,2904
1492,8115
4784,5484
4449,5688
8224,1663
5806,4420
6100,3549
3995,7631
8531,1053
3037,7029
3397,6124
451,9966
6327,3946
1904,8130
6566,3645
3299,6720
8940,533
5538,3629
4944,6333
4875,5933
8330,1917
6789,4344
1039,9720
8197,378
4725,4425
5590,4300
3210,7214
8798,1310
3010,7158
2259,9013
3920,5561
2760,6885
7818,2713
2201,8178
1216,8827
1432,7227
3127,8556
3117,6444
2917,6744
2746,6455
6833,2735
1095,9447
6616,3273
5772,4678
4924,4997
5938,3102
1015,7287
7859,1908
423,8480
4850,6256
5913,5130
7751,4286
2562,9059
6685,3842
6851,4928
4396,5539
5767,3245
3175,6871
3171,7281
6052,5320
1709,7668
8589,1354
9494,711
5933,4208
4840,5348
2905,7237
4098,5519
1763,8189
2542,6710
3364,6061
7301,2880
2533,7549
174,9072
3117,6282
7165,2605
4861,4235
5949,5550
8775,561
5255,5049
3787,4993
4633,5130
5660,4377
8264,1357
1932,8908
9302,2862
248,9746
4789,6349
7727,2925
6961,3429
2435,5663
6686,2588
9425,2433
3061,7395
9947,487
2327,7498
3576,5802
5656,4339
3339,5982
7906,1600
3643,6576
3752,6428
1972,7814
6604,1129
4350,5428
4604,5536
5134,4707
7634,3253
7366,2178
7063,2621
6114,3350
9398,886
4163,4386
3741,6699
5811,2924
9556,1647
4523,4098
352,9099
6089,4512
8673,1420
8709,2595
7774,2009
5704,2807
7396,2797
5518,4167
6325,4465
5205,4276
8799,1164
5156,6124
9139,1949
7649,2637
7542,3018
7697,3413
3289,6631
1994,8411
3037,7067
1412,9185
1089,7824
215,9232
79,9034
8207,1899
4380,5281
9373,487
9245,1180
7620,1637
8117,656
7941,3777
4173,6721
3231,6494
8366,2560
2452,8963
8195,1486
2751,8730
2375,7267
1540,9128
6359,2707
8618,798
1043,8663
1304,9389
2542,6731
8699,1755
5806,5139
8767,1538
2887,5240
6916,4590
8258,1078
6209,3753
4568,4507
5779,4986
389,9886
6102,3138
9876,699
364,9630
7429,2305
4289,4997
2497,7404
9716,833
4319,4505
3571,7413
3809,5875
3806,4341
2841,8925
4238,5577
4692,5728
7698,1918
7143,2271
7489,2490
1427,9041
4856,5446
3131,7260
5844,4174
9587,685
2628,7772
5828,4448
1323,8946
7890,2715
8231,3387
2435,6906
5101,4507
7731,2318
9104,1793
6015,5169
6691,2328
1615,8034
7662,2534
2560,7021
3400,5504
792,9405
8085,1880
7216,2610
9597,244
4822,5380
4457,5256
8366,451
9880,751
4147,6437
4469,4811
939,8727
5806,3808
6646,3390
610,9237
4670,5440
6290,2794
4256,5795
1306,8436
2590,9169
7450,3774
5401,5412
8181,3879
9993,500
1196,8910
5340,5386
5851,2789
2304,8647
1568,8531
708,9990
9401,997
9187,721
1639,8260
5120,5595
5461,7049
1610,9235
4805,6247
724,8662
6470,3660
7995,2262
5450,4152
1789,8067
1808,8387
3031,5881
6819,2269
5542,3505
3514,6757
9302,1834
7255,2149
4269,5948
8054,1968
3574,6097
6815,1459
9945,119
2209,6674
9160,20
3614,6512
7234,1881
593,9059
9169,17
1521,8417
1656,6643
3905,5054
3785,5145
8401,2840
943,8352
6712,3679
3672,6246
4340,6049
3259,6220
1541,9542
5836,3768
5732,4658
7674,1698
9540,791
6842,3233
7525,1853
1932,7566
8886,952
4794,5171
4913,5744
1318,9451
3372,6442
767,7993
5801,3352
7779,2500
2825,6704
4353,4651
4981,4023
2162,9323
5470,4468
6426,4482
4464,7518
2709,6755
4242,5857
7394,2473
8285,1459
4644,5774
8842,2144
5713,3944
2618,7589
2453,6882
6988,4005
5987,4670
9168,1246
9007,695
3317,6805
7630,1684
419,9095
7009,2372
1174,8811
2354,8594
6014,2249
5345,4707
7272,2956
4302,6048
5519,4896
8704,1543
556,8419
8061,1717
7327,3356
4977,5103
778,7952
5650,4316
4525,6307
2492,7802
8367,890
6705,2823
4008,4869
754,8533
4918,4606
3237,6488
5407,2977
3506,6545
5384,5529
3233,6604
4212,5400
8967,1745
7123,2203
2204,7580
4451,3638
6517,2845
7554,2838
7976,1483
7095,3111
6493,2942
7586,3139
6500,3732
4420,6300
3857,5616
6067,4798
497,9865
5258,4722
2088,8975
4135,5892
2795,6233
1359,8919
2104,8164
8327,3181
8972,1558
2861,6078
6170,5329
2118,7570
408,9376
5665,4905
8068,1617
5065,4148
7452,1025
8632,877
2102,7088
4453,5700
5580,2497
5876,4390
6108,5627
2192,7998
3031,6773
7552,3445
4510,5362
7351,3397
6535,5175
9629,27
8909,1653
7509,2660
7715,2914
7762,1306
3038,5753
4353,5893
6554,3455
5455,4874
1703,8285
4761,5992
4934,4873
2203,8063
3299,6473
6304,3484
8372,1477
2433,7510
6054,5459
7599,3636
3581,5395
7139,3279
1965,6806
4216,5562
430,9279
8424,1745
5905,4830
3920,5161
6167,2997
6839,2511
8762,2342
3619,7606
5095,3800
8244,2396
4673,5266
4167,5364
7238,2641
2623,7636
7501,2513
3435,8109
7021,2775
9016,949
5701,3640
3844,5973
4695,5542
8637,914
1469,7354
5883,4061
7646,3466
1129,7233
5427,3482
2054,8812
220,9792
4682,5858
5802,2985
7093,3124
8124,4166
1998,8371
3707,5545
6219,4052
6023,2275
5953,4054
8512,1612
3585,6745
4077,5386
9125,1164
8747,1168
6140,2998
5380,6487
3513,6933
8330,1525
7445,1140
3948,7213
5923,3392
8543,501
3046,7489
2288,7582
9239,220
8945,904
3519,5372
6105,3717
6597,4815
1208,9640
3446,6938
3960,6705
6596,1989
7279,2479
2878,7238
1955,7005
4850,4339
7232,2492
5624,5017
4319,5928
6804,3343
6821,2999
4987,3230
3966,4796
8559,1468
7652,1320
8397,1596
5963,4301
2892,7060
7395,3617
3519,6329
3778,7782
9595,744
302,8738
8652,415
1018,8691
3993,6967
8610,1528
5824,3769
7097,2769
4600,4363
1736,8048
5494,5407
4514,4576
5208,5192
2621,7264
4888,5410
4091,5385
3026,8931
4869,4546
8661,1374
1717,6841
3165,4726
9184,1692
926,9402
6533,3370
7034,1803
4474,6727
4887,4995
6817,3160
8160,2048
5219,6221
4250,4395
424,9891
258,9910
8806,991
1360,8992
1600,9255
6816,5054
3790,6490
1695,7937
1273,7824
2167,7356
2136,7589
5724,3986
6086,3906
2737,7102
6685,2733
4436,6479
383,8826
1267,8648
3421,6701
1837,6743
8734,1217
2673,7311
3581,7300
6586,3279
8153,3015
6746,2191
1545,7549
4296,5072
8377,1218
4822,6258
7100,3547
2481,8083
6487,3612
4772,4663
1488,9315
3155,6652
7382,2286
8018,1438
5683,4640
749,8367
5359,2739
6668,2193
736,9551
4971,4785
5603,5257
6847,2004
4767,5164
3008,5735
5660,4376
2825,6125
526,9771
4684,4213
7076,2951
7354,2929
7330,1450
7691,3720
6752,4730
5234,3422
6206,2293
5849,4212
9853,1050
2496,6739
5589,4480
8964,1497
8563,2171
5426,4586
5588,4721
4235,7306
7963,2146
9618,1224
6426,2570
3510,6705
9404,2149
9008,2012
4490,6291
4714,5796
9645,705
6839,3864
7320,3840
2386,8059
3998,5165
7577,1946
8946,846
7053,2523
3449,6186
7997,2632
920,9434
4262,6155
6747,2828
7936,2204
9287,1022
2667,9345
4427,4152
7134,2513
7022,4178
8639,1545
1916,7311
4609,5079
9769,414
1869,7708
8232,2126
618,8168
7120,3554
728,8507
2429,6962
6161,5599
5330,4755
7857,1377
6626,3184
6102,4269
4815,4875
2932,7093
4507,3731
9912,61
3365,5554
6874,4884
4753,7866
5122,5083
6835,2750
4917,5341
2222,6564
4722,6417
4773,4801
7625,2848
4459,5701
5176,5265
7069,2774
3336,6825
3235,6782
1720,7944
5906,4658
7805,2084
3644,7163
2255,7591
7534,3437
1271,8176
2563,6649
5232,5425
6862,3894
8990,989
38,9926
6468,4494
3194,6047
5201,4623
7789,1676
751,8401
7889,2743
7510,2542
3021,6554
1290,6803
6521,2815
3403,7016
3468,6806
1852,7801
5714,4665
7842,2218
2303,6631
5170,4555
4492,3873
1551,8407
2005,8728
7984,2527
4154,6277
1326,8143
7080,1379
9627,135
8865,1213
2115,7477
5755,4488
4643,4128
5800,3657
8304,2090
2770,5772
8561,914
5496,5690
7522,1349
9250,1454
7379,3016
195,9104
8515,2300
8327,1190
5789,3820
6639,5322
6117,4868
7388,2156
978,9175
7461,1629
6956,1966
4295,3393
6890,3226
1965,7506
7762,2706
3783,4713
9321,151
1380,9342
3040,5773
2991,6608
4597,6135
3700,8401
7123,2285
4780,4183
2256,8169
6950,4904
6068,3467
3922,5170
5987,5178
5621,3356
8668,2715
3199,7180
4591,4415
3920,5085
1887,6881
2056,8711
7692,2627
7571,2711
4553,4354
4139,6204
5133,4259
4081,4713
7348,2352
3245,6831
7338,3137
8245,2691
6412,3862
8727,2373
3990,5538
8271,1942
1835,8828
5357,4584
1255,9531
4588,6399
7604,1807
4113,4760
6651,4160
4729,5065
4669,5631
5817,4710
1864,8488
953,9386
3770,5780
5022,5463
2835,8413
7282,1747
6104,4415
5793,4536
664,9074
4407,5597
8075,783
1445,8209
9810,1067
6345,3603
2523,8589
5662,2983
7577,2803
6489,2898
1828,8723
1859,8004
2770,6920
1317,9771
6277,4379
3969,4560
7563,2258
7793,1925
5113,5227
4748,5522
342,9953
8158,850
6967,3473
2191,8586
7534,2247
2060,8328
4606,4743
1702,8698
648,9330
4527,5678
8631,1974
3782,5586
5939,4676
5150,4272
7616,2439
4780,4271
6712,2899
4267,5643
8910,1752
2443,8304
8932,1433
7602,1578
2698,5742
7015,2317
16,9167
7399,3742
8732,1547
5282,5289
4277,5989
7952,1740
2783,6018
5945,3276
7774,1117
2021,6468
1724,8324
7630,2153
5389,3486
6214,3965
7733,3429
1770,7315
8594,503
1062,8315
2621,7812
4574,4642
2528,9321
7898,2197
7252,1572
4715,5706
3858,7275
4397,3792
5626,3959
2914,6551
4846,4439
5810,3325
6249,1867
5588,3898
8511,3345
5522,5528
2909,6975
5017,6428
8883,2413
7866,3058
4089,6806
5157,3997
3916,5977
1387,8145
128,9894
3741,5373
6936,2492
3701,7528
7339,1654
1318,8273
6954,3722
4578,4458
4625,6012
8817,1147
5400,4666
5128,4337
7315,2445
8401,2146
2413,7535
5805,4100
3431,5355
1720,7291
3579,5195
3235,5900
7028,3332
6247,3867
8142,2710
744,8835
4612,6248
1196,9068
9210,653
5397,4334
7301,1975
1072,8611
7116,3484
719,7727
3225,6177
1623,7998
6495,2743
7498,3152
4192,5833
7790,3357
2964,7656
6493,5363
4664,5400
5275,3980
5655,4741
4687,5305
5094,4186
5471,4140
8317,1106
241,9702
8066,1891
9620,288
5899,3681
4202,6827
2792,7723
2459,5972
5721,4524
6270,3695
5803,4102
4825,5719
5710,5995
7152,2676
6377,3374
6706,3471
2364,7602
3591,4384
9086,1021
4341,6188
6712,4293
3511,7893
9787,449
9047,2402
2882,5642
4580,4754
1648,8988
2038,8421
6900,3831
8868,702
7731,1731
762,9827
6938,3354
6360,2988
4706,5546
2088,7069
8368,1371
821,8438
807,8096
2815,7911
4821,4863
1180,8079
1944,8340
3861,6042
2749,7977
6376,2848
5783,4964
1752,8217
6274,4360
6723,3186
8476,2371
7240,2369
6068,6206
5558,6194
8068,2848
9247,1496
4965,5419
5748,4062
3156,6245
7892,814
9086,1349
3391,6403
1296,7297
5534,4652
195,8665
3768,7595
485,9521
5043,5915
6085,2438
3636,7732
4720,5026
6364,3693
3605,5781
140,9924
4920,4775
9637,658
2351,7102
361,9309
4099,4397
5621,3253
7689,2977
8942,1267
5726,4918
1304,8569
4512,6578
2890,6971
4559,6495
3471,5577
3214,7552
3356,6019
9466,1145
8714,443
486,8758
5106,5457
4563,4899
6367,3307
7556,2775
7164,3616
8965,247
6207,3732
3960,5239
9204,933
6353,3049
3461,6530
3103,6836
5833,3537
4547,5174
4691,4186
5691,6780
1223,8603
7571,2505
4966,6830
4264,3894
4386,6542
4942,5507
3204,7577
5811,5525
2883,6983
4390,4486
4123,5172
8548,1382
9255,198
4558,6672
2583,6518
5343,5430
8349,2321
4087,7621
6523,2404
8169,2539
5250,5093
2205,8312
6052,4179
4515,5134
5352,4850
8592,1187
4614,6206
7523,1095
2921,6639
9736,1707
4969,5712
8808,3050
3397,7707
893,8510
3475,6214
8539,516
9127,443
6973,2940
4573,6198
6591,4228
2755,5406
4123,5115
4943,6017
9401,1428
8299,2768
7276,2727
4157,4932
770,8844
8523,2099
5644,4886
493,8986
879,7449
3128,6821
7410,1368
6180,5480
3750,8109
719,9540
4351,5221
4532,5038
3333,6697
1901,7525
1179,9772
4300,5674
6463,2740
8499,2676
5025,3371
6169,3361
5861,4383
6725,3794
9229,1976
2655,6372
8007,1321
9786,1461
2294,9010
3049,7833
3410,4803
2385,7301
4926,3302
7136,3302
2931,6589
8041,1347
5845,5181
5225,4021
4209,5377
7586,2549
6308,3810
5838,3545
7190,2976
6304,4641
9825,1033
4468,7065
2613,4987
364,8931
6689,3628
3474,7514
5217,5403
5911,2827
4951,3482
2943,7032
1989,7707
9640,251
5302,4912
5792,4358
7899,2426
1376,8362
3568,6320
7989,1742
5421,5219
8212,1848
7181,3648
4171,5539
163,9372
7803,1696
8471,2466
2283,6189
4199,7875
8673,2625
5438,4175
2045,7384
8702,938
2855,7668
4217,6196
5764,4803
3323,6071
7370,4616
9926,578
1660,8939
3480,6714
3640,5703
6480,3751
2489,7031
6570,3834
6049,3499
4993,4600
8476,2205
1764,9107
635,8067
3415,6876
6825,3143
880,8743
3656,7629
6466,3102
5902,4051
3500,5526
8053,2158
1771,7106
5286,6342
5896,3175
1141,8135
8945,1642
8099,1822
9270,1335
642,9080
656,8573
7621,3571
2093,6700
5878,3987
5740,4999
2646,5997
4160,5836
2206,7003
5747,4083
4736,5883
2118,8647
2972,5920
4793,4629
5971,4632
3003,6321
4221,5421
1702,7388
5997,4268
6666,4146
3421,8190
6745,4397
2145,6790
427,7869
5830,2872
3261,8243
5137,5625
3097,5999
7623,3639
4508,5891
390,9807
2917,8220
5133,6239
6331,4810
3883,5807
1208,8384
6685,2721
6825,3191
2683,7636
9766,2022
7425,3017
3296,6821
8287,829
5365,5781
8098,1947
2719,8478
1585,8773
6516,3122
8522,3627
3642,6623
8376,1818
2581,7488
2382,6645
547,8798
9878,274
9764,478
6327,3693
6357,3126
254,9769
9149,1259
2771,8154
8223,2010
5403,3293
2127,8229
7588,4350
5171,6216
7333,2578
4525,4280
4098,5410
3251,5589
7472,2825
2208,9048
7026,3254
2483,6381
3929,5440
4797,6578
1035,9248
4985,5455
7176,3825
7163,3266
4068,5759
5124,5766
7065,3362
4467,5229
7320,3959
7697,2440
3699,6030
1848,8582
1836,8766
1852,8582
3103,6813
7258,2953
9080,1406
129,9548
6075,5343
6642,2655
2971,7623
9743,556
1664,7874
3985,4555
3248,7087
3430,7788
5098,4072
3840,5972
3544,7780
5146,4969
2674,7735
53,8715
4111,6021
4034,5251
9622,897
6934,3516
4429,5359
6651,2136
3095,7312
6518,3775
1048,8818
7539,2111
4329,6717
4909,5330
6983,2498
6752,4105
3315,5456
4931,5225
7689,1409
6524,3781
3086,5998
2284,8315
5006,5472
2084,9255
6000,3141
1364,9252
3485,7413
2089,8494
3921,6931
2681,7573
6080,4186
2207,8180
2865,6731
3238,6527
3020,6683
6194,3672
4064,6434
7227,1832
7273,1676
9480,3
3813,5510
3957,6283
6828,3706
6076,3205
4838,6768
5862,5079
7308,654
1587,9673
5531,3146
5845,3675
1868,8879
5133,4618
5737,5277
6568,2924
4465,6736
6366,4236
4756,4960
4904,5184
5792,4004
3723,7080
1542,8945
7821,2667
812,9348
6005,2933
6493,4590
936,7751
9573,729
2575,6842
9730,724
1179,8036
5538,4187
3215,6822
2122,9546
1473,6878
3852,5900
9717,207
7119,1465
7222,4185
3108,7344
7422,2187
6415,3101
5254,4672
7012,2414
1597,9142
1474,8473
6911,4320
3698,5019
6164,3756
7942,1218
8646,3322
7798,2203
9723,287
6507,4983
3732,5651
9010,614
8170,1524
2189,7460
5130,4682
3992,6352
588,8840
9406,1327
2446,6952
2862,6429
7276,2357
4812,4414
8577,2269
968,6676
8028,1682
5855,3105
3853,5402
760,9204
2622,7013
7247,2267
5107,4751
6468,3531
5387,4542
6968,1963
7522,3403
1126,9742
3959,8124
7576,1668
3897,6643
1762,7021
2933,7834
6556,3112
329,9604
8499,1924
1809,8816
3028,7134
7677,583
4341,5204
2904,6635
8407,1823
6032,2680
6693,3770
6434,2201
8229,2489
4304,6407
6312,3605
4646,3433
3272,6998
4695,5527
8630,1347
6531,2906
798,7799
246,9507
319,9314
664,8983
7651,2493
5253,3184
6565,2250
4097,6468
6138,3714
3274,8363
7760,2186
4022,3707
6610,3288
4069,6700
9656,723
1610,9631
9216,758
3815,5566
6431,2456
4214,5924
6406,4135
4038,7598
4518,5654
5309,5047
600,9195
7880,2036
6169,4335
8247,2346
6362,4173
5744,4223
3973,6416
6628,3076
2182,7166
3036,6982
4002,5407
6632,2869
2106,8670
3448,7198
6243,3274
4273,5133
5218,4754
2486,6817
2943,4205
4121,6508
5414,3893
5623,3102
5555,4091
8333,2885
888,9694
945,9540
4763,4518
9234,1641
7063,4161
6259,4649
8068,937
6610,3351
8245,2583
6173,2022
9396,324
6241,5118
7023,3791
4962,4888
5098,5773
699,8880
7087,3746
3311,7845
5555,5372
2960,6516
9416,360
6767,3810
4641,5707
3391,5952
7534,2092
4770,5682
8313,962
2593,9413
2603,7113
8369,2099
5105,6180
2032,7272
4580,4575
3578,7394
3692,5404
8865,1976
6900,4174
8163,190
4522,6135
6366,4414
6583,2729
6066,3141
7053,2467
992,8841
8069,3511
6019,4737
6719,2120
7438,2857
7408,3384
3555,6989
3734,6878
6761,4156
1979,6835
3234,5904
2795,7825
3378,6408
8168,1088
5901,3590
5464,5059
7773,1427
5594,4636
7272,2992
1432,8129
6437,2652
3442,5710
7248,1297
5665,4747
5871,4292
9218,2071
965,8503
1739,9200
6106,4247
1727,8990
9176,1203
2888,7189
7656,3673
373,9418
7209,2300
8418,2249
6399,3344
7935,3186
765,9530
2208,7939
2722,7152
6180,3929
1446,7972
8584,2130
4838,5054
1691,8031
7744,2204
5439,6287
5214,6039
7062,2431
4373,4448
1970,7657
7096,2815
6447,2945
9301,467
2057,7576
2373,7097
8658,471
9263,255
7091,3625
8257,1527
5439,5843
8535,2400
3702,6345
1846,6358
7192,2244
6423,4066
3907,6042
3249,6277
7892,1943
5033,5810
4732,5902
885,9517
7955,2751
4127,5755
4865,5934
7794,3586
3473,6885
4850,5805
5452,3388
2006,8316
1898,7473
6259,3737
4512,5184
2928,5819
5504,3193
4602,5057
8530,721
7602,1636
3001,5999
7690,1962
8833,1107
8574,1267
2814,6957
2104,7397
2098,8536
6745,3792
5701,2553
6380,2374
5169,4401
9733,1139
8257,2070
4483,6818
4546,5512
3616,7239
4526,7148
5363,4034
2806,6783
5267,4809
8145,1905
8973,3024
5341,4995
6607,3144
9553,179
4856,5231
5665,6375
5449,4893
2532,7342
1185,7769
545,9596
3697,8467
3710,5457
5116,3164
6538,4649
2841,8038
5421,4625
2408,8450
8212,1361
6259,4231
689,8085
4436,5506
5642,3204
857,8798
8879,1130
4876,5678
7244,4009
6579,2903
5323,2986
8311,2438
3622,7059
7556,2936
2544,6166
9813,1133
6145,3887
1858,7494
6755,1981
771,8115
6525,3099
8713,2267
4742,4804
612,9656
3287,6527
4152,4751
886,9473
6880,2137
7490,1648
406,9452
5184,4410
7743,3360
6084,4438
2716,7220
8194,1553
5523,4868
8413,1849
7175,3091
1024,7087
3679,6118
8906,966
1997,6757
5588,2810
4863,5922
9270,1098
4456,5072
6108,3612
3895,6260
5704,3929
2634,5706
8511,1294
2740,7775
7694,1159
7801,3103
4738,4279
7853,533
1791,7597
5378,5930
3889,5679
6510,3412
5584,3910
6746,3673
4002,5372
5296,4975
528,8674
1337,8752
5127,3540
5051,4822
6812,2398
9007,1407
1312,8527
6400,4612
6857,3229
5190,3430
5186,4918
6388,4539
5508,4877
7519,3419
6311,4631
2513,7097
3679,5035
8991,1090
4640,4783
7061,3086
3814,6583
6995,2708
3098,7422
2436,6872
1111,7875
3858,6247
5778,3737
3754,6666
3662,7960
4378,5098
7701,1631
5988,3497
8623,207
4301,4375
2539,6834
7989,1765
8278,2262
8627,1930
6667,5001
1218,9732
5541,3649
2055,8793
3435,5476
5793,3515
3835,4795
3679,7865
6477,3249
5412,5668
2816,5777
6760,2537
3516,5280
1855,7238
7539,3722
1031,8355
2069,8764
3848,5274
2064,7600
1750,7733
1529,8365
5337,3332
1193,7441
5330,4347
5928,6052
8835,854
3812,6820
5675,2363
5826,4475
1089,8349
3138,6882
2765,5985
1623,9251
1439,7942
2114,8231
6481,3391
3839,6110
9302,639
1023,9121
1245,9951
2564,8718
9402,134
7277,3237
2439,7368
4014,7732
5400,4150
4605,4797
1057,8375
6224,4042
792,7814
1020,8626
1988,9705
6633,5167
6397,2838
3135,5172
4291,5351
6291,4415
6319,5356
2617,8036
8104,1715
8100,1604
2925,7658
8133,2045
2660,5818
4485,5617
6623,3923
5711,5218
7431,2528
2856,6824
9482,1121
5065,6849
898,9325
1863,9071
6523,4037
7115,1506
4985,4426
4205,6295
5008,5224
6192,2086
8019,2071
1849,7514
5670,2451
536,9173
2007,8798
6547,3792
4139,4652
6371,4564
9363,511
8356,3165
5194,4080
5254,7159
5929,4200
2343,6876
4863,5098
7247,1958
8066,2689
7976,2153
7591,3095
4457,4994
2118,7612
6195,1748
6710,3331
1879,6712
8827,632
6910,3300
4160,5652
3495,5992
3087,7306
3531,5924
5017,4621
7276,2542
1798,9044
8338,3387
7496,3263
3402,7684
7152,3650
6360,3671
7943,2403
5155,5136
3608,6596
8091,1841
7629,2746
4337,5867
6459,3742
607,9404
7104,2506
6527,4269
6485,3893
3351,6003
2489,5180
9315,518
6991,1697
31,9771
4030,4656
168,8825
6846,3770
2067,7938
1218,7553
8327,909
4711,7271
6204,3807
6796,3771
4326,5773
5514,3727
995,8792
3491,6518
9023,1791
3082,7472
5051,5202
1099,9059
7442,2003
5367,4890
8625,1003
7424,1669
7117,2083
4350,4291
2733,7540
2814,7640
1784,9890
7902,1074
6022,3180
1617,7890
3787,4691
2259,8492
1074,8093
744,8274
4742,4290
4693,5841
5360,3067
6865,2885
5165,4475
5997,3593
5218,5147
1182,9933
22,9584
1168,7667
5620,4234
1380,6609
1000,9046
6882,2012
6836,3478
1716,7442
2704,7448
4562,5304
8357,2322
1524,7857
2883,7626
3784,5512
8612,2112
5878,3865
5850,3943
7418,1770
6568,2853
5043,4697
3650,6304
1821,7314
6447,3626
7382,4119
7553,1956
7314,2033
2409,7265
7865,3165
8738,1170
3831,4912
2632,6259
2398,7233
8204,3385
4032,7297
6148,5409
5290,3387
4367,6007
137,8986
4375,6062
9923,332
8964,3389
5403,5083
8989,1007
2442,7073
1313,7551
5591,3798
7653,3279
5894,4382
8944,1535
4304,4854
2762,8052
9578,735
8564,1118
2889,6074
8757,2518
2613,5517
5004,6058
4277,6317
1289,8914
3915,6419
5799,3541
4736,5125
3918,5670
6362,3366
9731,1371
8663,754
3113,6567
2406,7477
8665,738
6658,2479
2838,6297
3559,6532
7374,2630
2413,6944
2403,7341
9294,1470
2412,6824
471,9690
7431,2408
1416,8864
3885,6910
3290,7183
888,8177
5506,3992
3770,6850
6712,2131
5803,4800
5564,3573
4235,5909
4452,5262
3141,8394
1762,7269
6851,3117
1395,9543
5555,5058
4620,5851
1592,8551
8499,2315
2653,7194
2827,6012
4845,5675
3431,6694
6553,3575
7718,1721
8155,3162
8210,2872
5733,4689
6650,1793
7800,2676
5552,5747
4036,5532
400,9943
8578,1101
4412,5972
9235,1150
7621,2957
3765,6683
2991,6328
5524,5387
3274,7175
3412,5726
1942,6419
2385,7503
4585,5152
6854,3064
1062,6249
4927,5906
8936,621
6234,5312
1213,9704
5293,5157
5167,3880
9624,958
4116,6263
5712,4880
7702,3015
226,8297
7279,1433
774,8594
1132,9205
2758,7292
5450,4874
778,9319
6314,3793
5131,5621
3444,7157
1356,8735
8733,1443
4317,5180
7666,2400
468,9028
2013,8423
7951,2892
2418,7466
732,9483
5354,5012
1952,7970
760,8295
2767,5918
7045,3318
5875,5849
6293,5083
1772,7544
4582,3776
2197,8502
7163,4038
2949,7021
4890,5103
4798,4591
5947,2825
7322,3877
5095,5049
5333,3862
2356,6874
1882,8311
3688,6659
2403,6063
6727,4276
6254,2904
4056,6417
8130,2777
272,9798
4927,6002
9130,1314
6124,3465
7293,2909
2240,6849
4545,4812
2611,7241
5901,3927
5886,4354
7074,2966
6480,4593
1527,9363
5788,3625
7895,1876
1656,5791
1839,7613
5289,4944
8822,1011
5656,5525
8108,334
4936,4846
5422,5011
145,9362
6781,2961
3156,7799
6226,2713
6010,3404
6412,2774
7610,2095
6551,3792
5801,5470
1892,8583
1799,6888
1824,8249
3205,6796
5507,4954
5671,4275
7493,2416
6313,4392
4382,5255
5785,5960
4936,5943
2920,6627
2049,7510
1839,8355
2128,7754
9593,1051
2862,6405
619,9415
7150,3111
2023,8157
6333,3196
2129,8260
5788,6148
2699,7047
5984,2951
4503,6082
5055,5695
5656,4299
4226,5982
2727,7075
5061,4351
2772,7047
6762,4801
4170,5597
3694,6316
6093,3417
2389,7369
7350,1949
3484,6276
8641,103
4753,5537
1390,8253
7130,2383
3508,6224
2205,8929
4857,5535
1493,9704
4366,7389
5564,5527
1713,8601
8208,3439
3485,5810
5945,4299
4276,6488
3554,7416
8140,1991
1947,8331
3540,5228
8015,2336
9866,1091
1871,6713
9694,44
2491,6111
8127,829
1525,8220
3696,6363
8059,2843
2480,8231
3658,5286
3049,6500
9498,298
2802,6920
5570,5059
6630,4578
4583,4836
3620,7243
6141,3818
7436,3629
5411,4447
2253,7349
1295,9803
1758,8308
5575,4067
6712,2518
2522,6355
6827,2759
3077,6248
5837,5201
6060,4774
3168,7053
6077,5434
9794,19
990,9592
5695,4302
2476,6322
4508,5428
2399,6842
5484,3375
965,8634
4687,5724
4604,6133
6904,3147
3805,4994
8944,1182
9009,1168
8664,665
6613,3217
1058,7736
8942,70
4431,6520
6634,3988
7449,1535
5439,4272
8496,1920
723,8923
2848,6817
3511,5141
1300,8747
5539,6002
6362,3738
8160,626
2676,7121
550,8448
169,9685
6953,4905
7342,3409
8398,1864
1265,9023
4166,5508
6474,2257
8172,1595
3816,7561
289,9763
8739,1992
3257,7885
6031,4986
7175,2715
1768,7069
7648,3080
3988,6479
455,8186
7262,2484
4492,7169
3375,8228
7746,465
4531,5290
3648,6571
2747,6938
7825,3553
7789,2583
3443,5671
619,8928
9137,726
5400,4483
3851,6624
6489,2748
8448,145
796,9170
8323,2220
6366,4449
4994,4382
5158,5383
47,8302
9253,1137
9340,697
5780,4734
393,9168
9040,3586
9913,86
2371,9087
2923,7527
9616,1639
3872,6361
2533,6131
3451,7121
6477,3607
5260,3521
7632,2758
1255,8905
2773,6943
2325,8111
4918,5345
1328,9288
8893,3021
4596,4448
21,8956
370,9017
6493,4981
3567,5780
2238,7503
5998,3621
7249,4033
4345,6536
1664,8007
2450,8642
4125,5046
1962,7110
4635,5774
4354,5039
7721,3275
5155,5477
4375,5503
1228,8449
5518,4513
1503,9334
5790,2807
951,8470
3969,5427
7521,1439
2344,8040
9536,1904
5559,6459
3942,6960
8008,2293
2190,7406
5865,4149
3957,6251
763,9152
4861,5252
824,9092
7570,2876
409,9658
1196,8008
3367,6733
5963,5560
2796,6450
3298,6238
3210,7971
7385,3486
490,8103
5658,4885
7066,2442
5310,5239
4264,6146
629,8846
1582,8112
6527,2090
5075,5415
2232,7832
8343,1429
1821,7521
3295,6845
2174,7179
4809,5744
5264,4237
5376,6154
1381,8185
2808,8451
5983,2390
7464,3273
5135,6268
5932,4326
4337,7151
5533,3157
1174,9670
3631,5508
8177,507
6511,4299
6794,3235
3971,6684
8862,1570
6247,4176
7538,4464
5426,3795
6886,3666
7154,1531
9289,502
2733,7895
3550,6522
4864,5202
1183,8609
5910,5178
6971,3021
7412,2333
6698,3026
2766,7315
6966,3422
6345,3890
3468,6479
4340,6815
6114,4120
7994,1441
3403,6880
5091,4235
4013,6069
2253,7753
2391,7283
3819,6488
4336,5778
3679,6712
2895,7341
8096,1509
6346,4041
7971,1920
3898,6592
7505,2657
3554,7318
4286,5122
2440,7251
3769,3786
8900,1398
4193,6096
4311,5394
7803,2434
4148,6921
9920,22
952,7232
5514,4937
3781,6126
2176,8904
1643,8284
8290,2486
5606,3788
9226,2340
4717,6336
6409,3674
9264,2335
6976,3041
4800,5903
959,9331
4647,6181
5197,5084
3525,5875
9068,1125
433,9449
7622,3940
5219,5402
5346,4018
9688,744
6326,3329
6439,1747
3410,5539
6483,3528
6528,2615
2487,8640
5215,4885
6552,2092
7163,3618
5729,5069
9492,817
1581,9053
4504,6208
7711,2038
566,9057
5434,4937
2397,6281
4149,6483
4393,6384
4353,8007
1397,8396
8305,3901
6726,4378
3097,6082
8136,1522
2183,8768
2772,6825
1812,7004
6468,4236
8194,1887
5784,4021
1015,8559
9880,1167
7149,1350
7544,1457
4596,5792
4473,3888
8728,569
1456,7755
6860,3088
5101,4835
8695,1023
6773,2456
9879,48
7827,2068
3554,7051
8930,1564
2899,6705
3649,4567
791,9412
6876,2504
1305,9597
6872,3466
4316,6196
7153,2682
1966,9094
3783,7071
5227,4771
6499,4195
6079,5026
4252,8170
3083,6560
4266,4838
4618,4704
207,8339
3195,7072
3774,5847
6434,2472
5289,5883
1715,8960
5791,5037
4863,4601
6941,2434
5351,4495
4597,6838
1590,7537
1545,8258
9909,810
6879,2377
2579,8114
1446,7190
8037,2448
7489,1859
2806,6839
9072,664
1124,9554
617,9781
4209,6181
7785,3051
2302,8624
7721,2841
5080,5201
154,9591
4052,4010
3651,5518
1841,8734
8099,2913
8314,3844
1613,9618
5141,4608
4149,6246
4899,6646
3672,6249
3583,6109
7980,2637
182,8661
3264,6265
1518,7775
55,8493
7204,1497
7587,2472
1085,9802
5765,5878
5241,4414
5479,3972
1591,9082
5998,3916
4951,4520
4232,6830
7812,882
4682,5582
4088,4664
7625,2436
4087,6402
4028,5548
8240,1413
4653,4608
4288,6086
8208,2418
7580,1501
7310,3953
7502,2571
9933,100
5658,3658
3102,7849
7127,2618
2238,6421
1654,9208
6952,3731
843,7743
8966,2275
1047,8561
8797,1867
8460,829
2325,7289
357,8546
7428,2675
3583,6782
4531,5937
1124,7511
5490,5056
8533,1335
6904,4223
8939,989
3641,6875
5375,4112
4040,5467
4671,5494
5316,5695
448,9043
2957,5752
8950,799
6054,2742
4609,4214
7585,2941
2917,6178
5055,4799
3876,6766
5566,4943
2615,6949
8268,1703
1863,8133
137,9976
6728,2925
4368,5640
5322,6251
6093,4762
1635,7690
9182,845
6999,3064
4215,6350
8017,2361
8172,3322
1784,9811
6107,3673
4379,6441
8327,1763
7760,2077
8727,1084
2990,7316
2807,7525
4793,6216
7577,2500
22,9115
2604,6803
4007,4626
8644,742
5507,4619
4441,4365
2358,8004
6067,4216
6859,4112
6051,3165
1757,9321
4162,5259
3967,6576
2141,8642
7348,1840
4424,4447
1926,7930
9140,1223
5034,5002
1207,7661
8516,2489
846,7788
5865,4416
4314,5857
4624,6079
3041,7353
2266,8636
2867,6020
1063,7244
8761,2091
5892,2548
5635,4518
6533,2338
4060,5893
5007,6335
6993,2296
5464,4961
3376,5770
