9000 2
1968,1834
7380,7670
8265,6223
5513,6783
1298,2483
6829,4688
3928,3827
2160,1872
1398,2762
7964,3759
7655,6955
4653,5083
7482,6892
2691,3097
3381,4158
4354,5027
7600,5554
6425,3915
2351,4499
3512,6087
5976,5866
3350,1932
8500,6462
6466,4248
3489,2694
6230,7458
2589,2354
6224,7243
3233,4685
6665,7874
8543,8543
598,765
4957,5896
3823,4622
4757,2527
5288,5495
4842,3992
1185,1474
2205,4929
7159,7463
4224,4166
3769,2348
8388,6360
2077,5039
7722,7743
4511,3812
3637,6762
2699,2739
7066,6391
5704,3582
6757,6405
6207,8208
2709,3021
914,2583
8639,8706
5991,4936
3236,3491
8842,7419
5157,6319
5525,3508
2491,3393
7234,4295
5157,6101
7001,6251
8226,8275
1558,1100
3447,2098
4557,5463
8823,5637
1826,2913
4487,5279
7401,7672
3657,5908
4506,1379
956,1265
4609,3167
2254,1948
4941,3632
6134,7752
4222,3556
4537,4559
3187,3136
4896,6059
5994,2209
5239,4950
5831,5671
7653,6712
5083,5407
8137,8221
7557,5366
7619,7973
4681,4413
5857,5246
3409,5360
5076,3272
4618,2871
7415,5939
5880,5970
5309,918
7106,7765
3495,2651
5019,5228
2305,3024
6687,7722
7829,7220
5635,4954
8227,8419
3494,7515
3930,7343
1011,746
5067,7398
7574,8242
5246,4806
4132,1651
1258,1488
7769,6529
8464,8731
7142,2428
6449,5407
8525,8232
5077,2331
7605,5315
6032,6180
4923,4297
7080,6924
753,359
5501,4820
5983,6786
8437,8844
2834,3411
4075,6219
4592,6353
1203,1059
6687,6929
725,1279
6895,4773
5438,5684
3711,2152
7803,7703
3184,2498
2181,4403
3699,6364
5981,5575
5229,4947
3648,3083
6519,5058
6614,3358
7575,7157
7841,4172
4440,6685
8083,6459
4860,6562
3033,3896
4942,3314
7173,4954
3811,2945
6089,6702
6586,7400
8181,8001
7289,3652
3954,2888
8259,9161
6138,8664
6319,6330
3154,4880
4723,3237
3764,3306
1863,2546
1005,1086
3235,5000
5574,7648
6203,6456
4274,4238
1439,2259
2732,1011
2013,1276
5073,8506
6659,6456
9178,8767
8964,6260
3997,6823
6429,5704
8899,9290
4404,3876
2879,2944
4423,4416
6705,5567
6402,5219
4554,4762
9161,8485
7424,7923
1144,783
610,637
6203,4623
5823,3298
8536,8540
5520,3379
6921,8232
7654,6300
4873,6712
5930,6583
6424,7367
6219,3625
9101,9032
3208,2592
2226,2733
2532,4892
6885,7990
3564,2413
5627,1384
3162,2609
4550,5402
8792,7976
4044,8358
6873,5344
7619,5809
1272,1584
6459,7192
9392,8830
3381,6274
3449,5234
6723,7402
8669,8987
4847,6226
4904,4294
2406,3089
2395,2533
7471,7914
7952,1976
8025,9067
1706,1817
2298,2825
342,304
2641,1995
6301,7059
9017,7584
6588,3982
4946,3817
6966,6983
1840,2686
7837,8135
3679,5646
2423,2207
3956,2380
4149,3463
7335,5407
2852,1762
2303,2198
8399,6882
4133,3206
5635,2547
7664,7962
3963,4805
2393,1898
7397,7899
5063,5592
3257,3616
4216,2950
7360,6255
2991,2373
1778,3133
1092,4739
9131,8987
2778,3313
1771,615
4906,5078
4515,5058
7238,7280
3653,3390
9474,9274
7780,8449
3886,5735
5014,4906
8047,7840
1894,2029
7806,4256
5234,3703
8064,7457
3491,3769
8513,8076
1354,2134
5417,3574
7897,6412
8244,6252
4981,4584
4069,6416
5155,2707
4699,6215
4921,2735
1720,1420
5004,5836
2132,2671
6847,3632
2363,2387
4793,5248
3245,3575
2480,3870
5098,2517
6305,9126
1597,2489
564,836
4125,2566
5713,3973
4577,4144
2820,3228
5850,4394
6567,3999
6714,3051
2334,2792
4006,2793
1837,5963
5845,6985
3080,2955
4638,5908
5506,2910
6229,4215
6039,6725
5555,5978
1396,1161
1091,2550
2723,7436
4206,6981
7288,7811
6967,6562
7446,8862
5559,3838
4790,3602
3485,4291
3010,1100
7291,2326
4791,4977
4413,6090
1644,1841
6252,8706
6803,7158
6103,6893
2573,2185
3336,4351
2833,4025
6455,6289
5357,3992
7003,8063
4778,6869
3661,7297
8814,9111
3860,6788
6570,5306
2084,2978
4707,3395
9424,8672
3051,2319
1966,3000
1623,3930
8364,6350
5983,7093
2337,7517
6240,6145
6187,7746
5030,6059
6783,8329
5095,7578
6295,3264
2908,1879
6193,7568
7895,4634
6170,5085
3655,2834
4511,1908
3918,4620
6398,5292
5025,4914
8188,4793
7482,6836
9720,9644
1867,1884
2570,2507
6447,2509
7921,4933
4517,4987
6751,8004
4508,7201
6645,7534
1403,1597
7246,4328
3898,5488
4493,7086
3912,4287
1781,3830
7678,6835
7183,6176
5777,4173
4968,6035
4175,4955
4347,1512
7098,5103
3710,4646
8300,7435
6876,4511
7263,8482
7838,6121
5176,3656
6141,6252
4857,4918
7330,7994
7080,5757
4319,5210
3271,5268
8390,8699
6483,4772
4796,3387
4340,3620
6108,7871
3284,4045
5018,2286
866,642
3509,2567
5168,5166
4507,3403
3023,4364
4916,7982
1926,2837
5284,4192
2213,3271
8909,3689
1969,1242
9098,6903
8082,8256
3371,2594
5420,5630
8752,7878
2237,5561
6641,8801
5823,5894
3980,6237
3109,4412
3888,3372
2681,1700
2225,3518
2517,6824
8110,5097
5798,4357
5578,5573
498,426
3971,3336
6952,3853
7423,8933
6559,8411
4280,5024
8280,7572
7275,7258
3800,3216
1529,790
7988,9317
2473,3268
5081,1301
3517,4030
7014,6773
3379,3678
7926,7999
1846,3634
308,519
2189,2433
5633,6595
6145,2321
5005,4856
3314,3646
6274,7635
3130,3251
4232,5237
6768,7032
3239,5599
6044,5229
5696,7790
4604,2983
7206,7015
6570,6066
5270,4919
5290,5396
1836,3100
2738,2633
7314,7195
5501,6394
5825,5220
7872,7528
9324,9222
2066,3842
2912,2747
3983,2774
2578,6672
2492,1966
7829,7410
8622,7431
3670,6256
6882,6999
7762,7790
7346,7995
2188,2335
4367,4548
455,1185
4907,5375
8621,8439
4940,4361
4573,6099
1662,897
8804,7494
5314,2121
3484,2566
5504,4077
3410,5556
7233,6208
4365,5697
5581,5310
7949,6981
7100,5359
2627,2711
2198,5101
8386,9366
6864,5904
5965,5822
1849,1939
3693,3705
507,2037
8341,8195
6123,7825
4158,1978
5955,6840
6859,7883
7344,1707
7584,7274
3148,4692
4658,2427
587,561
2843,3626
8173,8697
7952,9093
3301,6174
1415,3032
1248,925
3624,4952
9847,9737
8454,8400
4199,3010
9114,9477
2598,3303
2692,2058
4542,4398
3631,2156
7261,7719
8752,9066
2969,1900
5679,3432
3380,3600
5418,8707
6270,2348
7651,4983
4650,4402
3674,5249
2627,2735
7552,7900
7592,6001
6597,3718
3737,5594
4654,5687
6400,3460
3258,3085
529,476
1925,2980
4459,3730
3085,2653
5203,4057
455,301
3085,6894
8362,7474
280,462
2215,2028
3379,2960
2982,3827
5973,4997
2971,3485
8066,6959
6962,3939
2140,2346
1494,1886
3058,4354
7013,5218
2117,3583
5739,2905
7228,7889
8069,6776
8731,6714
2539,3808
6836,5975
6551,9487
5957,5718
3347,4292
7046,7459
7125,8281
7361,7340
3998,4718
8078,7624
4910,5597
6942,6730
1054,902
4856,6823
7371,8393
4862,5025
3330,4796
6766,6705
2410,3276
3766,5126
5715,6439
993,1046
5583,4407
4135,4078
7355,5083
9201,7336
3002,2256
4175,5656
5688,6072
8241,4790
5271,3910
961,1486
3164,1894
5155,5834
2719,7764
3823,7957
5070,6330
5504,4523
3217,3912
4089,4747
8724,9139
4229,4818
384,568
1846,2401
5624,3940
8000,7282
1772,3056
2284,2308
2610,5143
8115,7170
5403,8456
5784,6331
4584,1858
5567,3716
4211,2553
4806,5217
4259,6085
6413,5480
6397,2394
3997,4968
2918,3140
8126,6693
3190,1626
5066,7525
6936,6099
6974,6752
2796,5367
5792,3732
5829,3737
6956,7012
3597,6940
1615,1719
7297,8042
1217,3264
2680,2258
1952,3490
4808,6027
4106,2634
6469,6443
1573,657
5084,4387
2582,3220
8940,8765
1981,3438
2473,3901
4309,3343
1436,1534
7777,5841
8060,8734
3474,4592
7130,7328
3580,3925
3174,2291
5815,5751
6040,5557
7070,7663
5347,8635
5895,8543
7691,8016
7637,6621
4673,4417
7869,6174
4141,5231
4360,5649
8781,8513
6267,4630
7447,4167
5132,2303
7668,6584
4848,2664
5751,3469
5069,5083
3926,2704
2074,2438
7374,8559
671,396
3905,3276
5764,5083
3877,6114
841,2062
3099,3661
5750,5006
4266,3959
6871,8791
7844,9098
5761,8990
3516,4243
3055,1243
7023,7307
1330,1036
5063,4519
3788,4566
7590,7853
5468,6303
4954,4418
8726,7195
7584,7931
1882,2676
2956,1115
7140,5681
5074,5108
3521,2887
6716,2876
6354,6130
4598,3276
5032,5350
4898,6194
7591,8249
1295,2602
5369,5297
6142,6432
6651,3987
7471,6218
5880,2950
7597,5806
7196,6479
9269,8908
4281,7346
2228,2019
7438,7552
6103,2724
9084,8697
1818,3700
7166,8401
3654,3170
2950,7111
2757,4925
7442,7700
4686,3894
6731,7305
5753,6958
8165,8798
4118,7044
8021,7505
5650,5799
4768,4284
4915,3594
4274,5335
5866,2621
5388,4170
1967,2003
8393,8701
2155,3221
6875,2085
7441,8062
6260,8663
6587,8190
6429,4050
7929,5135
3719,4071
4203,5782
4770,4317
5163,5941
6035,4541
3428,7354
4698,4263
5877,7087
3304,2687
2036,2707
8933,8172
4448,4203
4556,4897
7473,2692
7736,7430
5633,3970
2956,1583
6802,6417
3001,3380
6389,6070
6857,3365
2974,4179
7681,5576
292,383
7048,6175
3612,3547
5050,5288
2238,2828
3268,2625
701,684
2426,1102
4158,5604
5278,3526
1856,2561
8498,8739
2679,5628
5618,7464
2149,1798
5591,4002
2400,4899
1445,2453
5499,4309
7357,7431
7783,6005
8136,8661
1958,2677
4429,5693
4811,6849
6377,5001
2511,4997
2186,2372
6763,6193
3195,6666
6390,6941
5584,7177
7094,7371
6926,4887
2337,5406
2326,3625
2737,2595
1208,545
8873,7935
6251,5493
8390,5994
6888,5313
4911,5339
2236,3026
2691,4425
3650,6842
6297,4042
6285,5553
8408,7091
1192,1693
3678,3843
3722,5558
5435,6831
6463,3526
6021,7980
6343,5063
6561,8858
7233,5964
2764,7064
5872,3550
5489,6523
8126,7201
4944,2851
4864,3962
3046,4324
6133,5918
9162,9037
4361,3825
4497,6257
2068,2301
4808,5090
7243,6886
4005,4540
7546,4970
8677,7774
4925,3890
4201,2871
5611,3158
1871,2064
3099,5310
6908,5256
6778,8194
7767,6340
6392,5717
6070,4734
6355,5914
6606,6100
7319,5535
3907,2804
2463,3154
5627,6205
5438,6010
5945,7097
5718,3625
6187,6643
7400,7365
8889,6454
9658,9791
2162,4008
2872,1822
7139,4843
4742,5743
1008,1273
5986,6846
8096,2293
8287,6066
3644,5272
1466,1895
9693,9771
5742,4753
5878,6126
2867,1385
5729,2624
3699,2909
6645,6726
9262,9297
7229,4607
1403,627
1933,4217
4583,2803
6765,6766
3023,2658
6502,6770
8912,8257
6022,3713
6835,5284
7134,8536
6456,6975
4546,5051
6742,6880
8323,7176
2768,2163
3444,3705
1484,3121
7456,4790
6371,6829
4417,6523
3188,2179
6863,6541
1358,1538
5730,4489
6610,8545
6738,6761
7595,7774
1927,1678
4020,7283
3328,6545
5782,4241
7820,6111
3196,2342
5591,7102
2420,4240
2977,3890
5637,7528
3871,5223
7839,8522
4452,5660
3130,3068
8255,5724
720,464
2784,2190
557,901
8554,9186
1878,2493
6932,7744
5566,3320
4171,4483
6976,5787
6270,4017
6706,4957
6659,5142
7855,7883
186,639
9014,9010
2141,5541
9332,8689
722,4767
1418,1612
5523,7660
5467,3069
5698,5178
7418,4473
3995,6499
5519,5921
6315,5544
7372,4614
6997,6097
3848,5090
3761,4934
5906,2246
5902,6011
5112,3382
6889,5197
9010,8664
8216,7643
3602,3996
6846,5513
6278,7795
5291,4349
2079,2221
6825,7895
8380,8765
8229,5718
6852,8206
4649,1116
4380,7325
4070,5083
4611,4887
4827,2615
6970,4362
9167,9121
1685,1873
7649,6088
4614,3749
4558,2379
4549,4522
3679,3421
2508,2321
6944,6241
5807,8095
8036,8679
8212,9175
4161,3288
2053,2348
6685,6161
4321,3771
7821,7902
6666,3153
3810,3665
3054,2325
4956,4744
4859,7152
3693,3436
4410,5837
6123,3498
4744,3522
4798,5459
8669,8386
6184,5887
1924,3484
9322,9436
1719,2327
3610,4935
7570,7987
4374,2865
4024,4323
2759,5902
8225,7848
3435,4356
5168,7253
1892,4441
9695,9586
3228,4380
3915,5101
2364,3550
6244,7080
7546,7885
6276,4006
7165,7058
6893,8583
3069,1882
3825,6791
6812,5445
5153,5471
4980,2496
7773,6380
5624,4748
4088,3417
5543,5846
4720,2536
5186,5681
3009,6143
2981,5900
4213,4755
2840,4369
5807,3416
6199,6377
3609,6130
6173,6009
7935,6550
3221,2766
7983,8403
2566,1801
3951,3198
9357,8995
6676,5226
1958,5677
2805,1677
7330,7407
6598,7759
5892,2819
3332,3446
8416,7655
6471,4621
4389,6311
5180,5581
7603,7550
5460,2813
4048,2952
6121,5632
917,1423
6091,6226
6005,6433
4570,1607
7355,7026
1198,2114
3434,3672
3210,7256
7553,7205
1907,3064
1534,1772
8750,7454
6812,4912
5782,7598
1448,1638
7708,5652
4923,5016
2943,3476
5196,6007
5867,7234
5046,3248
7530,5322
6813,5151
4820,4589
7695,3170
3601,2274
7183,8343
1745,3934
5358,6304
7771,7567
2749,3559
7588,6596
3467,4571
8365,6769
6067,3798
5673,4948
3970,5936
7569,6277
7889,7347
5445,4794
1610,1402
2702,2310
4313,7317
4603,4609
5844,5751
7495,4520
2697,1181
5155,3819
4580,5519
2375,5723
5077,4802
2943,4939
1601,2330
3350,7383
5927,7425
8150,8162
7355,7368
8079,2289
1339,2272
5985,6150
3487,2449
4699,4259
5807,6939
1628,1842
4389,3378
4636,5125
8313,7078
2005,2577
4691,5186
5188,3898
9135,9026
7437,6847
5831,4008
7268,7099
515,1201
7287,5266
523,867
5856,3746
5375,3897
7043,8074
2306,3409
4462,8176
2392,4587
5779,5442
6562,2024
3622,3109
1891,894
7798,5661
2408,3097
4223,6467
1310,1312
7347,7524
5552,3647
6072,6292
2101,1213
2801,1464
6805,7304
8909,7665
7220,8619
7594,9050
4845,5033
8579,7126
6026,5954
4710,3295
4668,4579
6993,6737
3945,5147
5154,4296
5777,5068
7668,4502
6629,8758
6305,5745
4063,5247
2366,2748
7130,7472
5444,5422
6793,2195
8150,7520
4195,4900
928,1244
8089,7008
1760,1265
4137,5939
2494,1595
6156,6708
4536,3815
5264,4097
5149,4260
1261,1138
4269,2743
1884,1013
5562,5732
2245,2657
4612,3401
4980,5442
6268,6124
8576,8928
7393,5656
4727,4443
8012,8550
4910,5520
672,159
7813,6693
7113,6339
4969,4749
6686,5693
3382,3892
7088,7656
6677,6784
4867,6612
6345,4824
1992,2077
3311,3777
8825,9174
2203,3699
6284,4035
3964,5724
2631,2902
2507,2491
6699,8000
3098,5046
6402,6979
2916,2677
8330,7850
8947,8450
5535,7722
3846,4588
6929,4604
2893,4122
4389,6348
4532,4631
1843,2015
1652,1729
8114,7490
3229,6573
1365,4665
2352,2154
2918,5757
5844,5398
7072,5947
6103,8164
3098,3233
4393,6385
2886,4789
2769,4001
714,1189
9478,9195
6469,4571
7497,7963
4554,2982
2829,3304
6463,4567
7284,7861
5263,3578
6010,7889
1190,2115
7174,6204
2444,1701
7379,2459
6552,8048
1366,984
6932,4199
4661,3313
5057,3660
1681,3015
7601,7679
7176,3489
5102,3148
2499,6880
2994,7573
2323,1733
1556,2788
5355,2461
5038,3686
4908,5260
8112,6937
4183,2435
1576,1694
4857,5641
4218,4258
6454,5638
4559,3425
4261,5264
7456,8804
3978,5040
3211,7394
4366,3347
6964,3801
5189,5715
5529,5632
7219,6382
6160,4583
4661,3752
7294,2423
7135,7109
4218,4805
5142,6793
362,499
5209,4443
2852,4234
1010,1181
7098,3287
3154,2090
8508,8407
3255,5544
3976,3316
3566,4479
1907,1043
1672,6243
8967,1771
4906,4861
9050,7729
3037,2253
8118,8205
7607,7640
6012,4444
2856,2123
1278,742
4114,7168
7198,6605
5839,3708
6280,4110
2553,1985
7740,8655
8739,8157
2191,4188
3530,3797
3873,3134
3061,5449
6079,4351
5355,4992
2418,2990
6667,7022
1309,932
8867,5121
7652,8296
3657,5307
2975,6115
4561,3305
7612,7542
1129,2224
3960,7241
5308,2002
4039,4832
5906,5908
3534,3815
5080,5096
6666,5962
6130,7116
3155,4689
3565,7595
856,1475
3019,3836
8605,7517
7099,7424
6278,5898
1936,6829
7126,6428
4577,3457
7138,6135
5540,3097
7970,4341
2262,5325
5632,7246
2645,4996
4445,6503
2971,8737
7668,7019
2337,2088
6780,5816
7978,6874
7024,3212
7465,7557
4333,6067
3980,3165
8204,8291
664,2144
5566,4433
4171,3452
2203,2958
7101,5040
4008,3214
7088,3953
7088,6357
7673,7253
6921,4066
7148,3234
4827,5572
7495,6407
3648,1945
4514,7417
5615,3757
4718,2851
5005,3899
7780,6647
4781,7078
7216,5322
2676,1346
6157,3995
6873,1536
3345,2679
5876,6555
8253,8162
6019,5136
4852,1996
6399,6346
7840,7636
7732,7265
7431,2614
1946,1800
4768,2925
8275,9400
6614,5060
2157,1774
2734,3622
7382,7686
4179,7141
3653,1283
7648,7108
3301,3361
6573,5277
3124,6384
8199,8658
1813,3334
5065,6936
7946,7202
3204,5408
6928,8182
5355,5222
669,1024
5583,6684
2711,2321
2290,1938
5928,7082
7645,8157
845,2191
7575,3042
2355,2291
4715,6404
2832,4824
5454,6871
3717,6592
4297,3604
2636,3806
7081,4980
7118,7089
1667,2337
6604,2115
8977,8965
470,1237
5670,5428
2075,5780
3161,4582
3967,2258
5912,6172
7873,7073
2473,4644
6339,7441
3621,3756
2125,3522
1932,4890
6635,7431
2867,5300
1244,951
6647,1374
3519,4271
3595,3285
1573,1342
7501,8567
8024,8769
3641,4178
5889,5491
4057,4478
7720,8488
1538,1608
3886,3254
7156,3898
4069,1910
7268,6499
5359,7892
1173,2214
3342,2947
4703,4424
2300,4660
2729,3476
2411,3676
6646,1782
8877,7609
5641,7043
3797,3755
5824,6991
2389,2939
7724,7365
5490,3629
6589,7636
1088,1092
6931,5616
7990,8086
7157,6668
2356,1567
5537,1756
7981,6463
6620,3246
2134,6533
4982,8130
780,1359
3457,2261
4678,3456
1387,2113
1666,3937
2007,3919
2931,2102
8639,8555
2336,1922
4087,5356
5920,4906
7524,6495
4730,5437
8670,8895
3321,3661
8652,9009
7610,7730
3822,4568
7827,7192
6868,5079
8195,8659
7680,7548
9562,9447
4875,3370
4576,7271
3248,3741
1802,4349
4808,4962
7110,3097
4403,6678
4587,6158
5195,6730
1443,1128
7345,6745
6801,8572
4276,6830
7604,6505
4525,3151
6766,5447
6629,2902
4038,4008
1340,1866
6930,3925
6659,5934
1964,2856
5902,2231
5820,6075
5896,7291
7020,5330
8499,8571
5570,7094
3616,4572
8682,7805
2402,3779
6442,6941
1955,5159
5385,3523
4304,3727
8325,8904
564,740
1357,2030
8189,7203
7841,5997
6674,7232
2743,3906
3473,3304
7265,3662
8289,8481
5660,5591
1063,1535
8016,5547
4393,4060
646,3423
5089,5981
4956,4617
4199,3718
8548,8236
5976,4917
5092,6201
9002,9549
6801,7959
2363,4310
8704,7268
4231,4969
2231,3921
3344,5771
3501,4629
4478,5971
7582,7812
8974,8834
6087,7466
5557,6462
5749,7600
4305,3345
6353,3442
7631,7502
2231,2985
8967,6755
8799,7162
4103,4709
5124,4431
8398,5889
7809,8957
3647,7828
7303,8249
7356,8407
6509,6515
1925,2739
7571,7737
2035,1771
7153,8507
4827,6489
4037,6867
2517,5611
5912,6945
5213,7409
4507,4863
7613,2951
3374,1695
5908,8223
2264,2910
6528,5335
4195,6942
6088,6353
8474,8608
5340,4757
6136,4304
5139,6161
5856,4736
6719,5287
5112,7085
8647,9242
5204,7556
2564,2511
4329,5184
4437,5940
6752,6996
8113,7247
7215,3122
2446,2547
5961,2487
2104,2294
2586,1971
3158,2384
4348,3065
2615,2618
980,2579
4147,2396
4753,3147
5813,3967
3243,6101
3226,2123
2902,4591
6278,5697
3899,3583
5764,6128
3214,6083
4182,2550
6686,4451
4983,3551
6674,7772
4902,4735
7560,6932
985,375
4440,4633
6056,5115
5241,6764
6289,7520
7556,5961
295,473
6057,6461
5378,4321
4979,3187
2902,7272
7564,8737
2857,1987
3574,3039
3670,6733
9300,7763
2612,5278
2099,3386
3080,2857
5844,6466
1769,3367
3108,4853
5442,2511
5782,4721
7750,8958
3176,3061
6325,6197
2462,2438
2652,4875
2553,1833
2918,2756
3752,3557
6375,3616
6743,7301
1872,1879
1072,1022
1841,1473
8734,8865
6172,3360
8071,6314
6827,5930
4746,6476
9408,9667
3990,2949
9318,8619
2745,1934
2846,3177
2923,1898
1632,2372
2351,1999
9196,8674
7857,8698
3251,5762
7058,7563
9251,9053
6161,5175
3587,8027
6172,6068
8224,6908
4131,4002
4542,3973
6971,6389
4572,4046
8897,9082
3970,2063
6442,4723
3801,6460
8464,8689
5976,6896
4194,3258
4562,5464
5637,6924
6653,7269
5561,3961
1046,2001
4434,4602
7898,8279
1906,3040
4798,4282
4075,3575
3160,5670
7597,8400
6213,4453
7707,8368
5664,2554
6865,2314
5562,6765
3667,3934
7520,7526
4760,6249
3629,3250
1489,1563
2644,6887
7228,7146
2957,2747
3375,3416
5899,3870
5719,4400
5851,7302
3714,6549
3816,3662
3875,2666
2880,2459
4374,2673
7399,8352
2815,2980
513,644
1137,2161
2913,4683
7749,5462
9032,9526
1287,3582
5177,3649
6293,6779
2772,2531
5904,5127
3357,6866
7374,5837
1304,3431
3057,1810
2547,3655
4321,6668
4994,6044
8163,6877
646,268
5451,2562
4891,4341
5017,6898
3071,1263
4618,5980
2918,3819
6847,5594
1035,773
8426,8416
6832,7653
2822,4370
7652,8552
6979,5228
4481,6030
6102,7302
2365,1705
3756,3839
2445,4111
5957,6657
4547,3766
7515,3676
6204,6434
2771,3386
6468,7439
7359,5889
8270,9270
4650,2566
6308,4914
7125,7534
7259,7696
1784,4190
6216,6038
7365,7454
3852,7460
6248,5372
6172,4952
3850,4715
5829,4166
5777,6101
5462,6547
7886,6848
2289,2231
6766,6902
6153,7728
3621,3048
4910,2850
4091,6064
4631,4057
5135,3650
4784,5371
4208,5737
5761,6979
4044,4373
4519,4898
6370,5922
4910,4581
3091,1389
3844,8178
3378,3693
5105,6873
6691,5447
6401,7647
4952,7073
4476,6837
2357,1970
6165,6307
1548,2191
5103,3567
3526,3208
1658,2354
3541,4021
9586,8701
8871,9266
2636,6329
3865,3859
6781,8486
4255,3280
7256,6513
7679,8012
4876,4398
3916,4492
4354,3300
4890,3276
5231,5450
7038,7843
9171,9301
1904,1856
7875,8112
2358,3180
6837,7515
3916,2240
5725,5902
695,597
7022,6658
4613,2889
2049,1252
6974,7876
4999,3535
5971,7447
5238,2434
5607,6412
7403,6420
1868,2262
3074,3400
6601,6177
3520,4070
4647,2404
3191,1936
2150,2935
4908,2544
9492,8719
5107,3966
8426,7931
6747,4410
4496,4137
1910,1989
3056,7495
1687,2011
2498,3182
8354,6780
5843,5513
1468,5700
6730,7062
2419,1867
3827,2498
5285,6760
6177,4104
4531,4874
3615,4911
3221,4492
6939,6423
7236,7588
1619,2982
7803,8241
6123,7984
1691,2387
7571,7158
5337,7016
5219,3332
7131,6898
3348,1886
5940,7114
3192,2988
7369,7351
7932,8525
8250,9052
4884,6363
5536,5797
3199,4618
3237,6241
5111,4272
6131,5051
1911,3709
7565,7106
7440,5475
1531,1436
3421,3129
4371,6175
5639,5975
6199,6072
6062,4451
1802,1696
1959,1519
8059,6868
2876,5151
2894,3859
1497,559
5598,4862
3459,5134
273,476
7143,4958
1461,1989
3080,2946
1512,4872
4459,4580
7128,5703
4999,2533
3093,4880
4760,3129
5973,4611
6063,4324
3719,6678
8994,7240
1148,754
3511,5971
3126,2161
5938,4147
5968,5036
5295,3650
3422,3222
7211,6184
3590,2670
5760,3990
1491,4803
4039,3023
6859,5885
4684,3439
1923,1722
7879,6084
7204,5866
2180,1352
5057,4213
6168,1927
3157,2859
5705,6486
4279,3948
2176,3150
8695,8288
7717,2460
3443,2348
7688,5213
4978,4954
6873,2790
9084,8959
5030,6844
3075,6006
7743,5794
4296,3352
1582,2448
6307,6568
8797,8087
2308,2969
7227,4426
6255,7492
5596,4881
7981,7262
5994,3675
6427,3552
3049,4169
3270,1833
3206,2066
6448,7508
2569,4511
7812,6456
2665,4766
4517,5426
2085,2588
5565,4938
7099,7162
6740,5944
5399,6686
6045,7142
7767,7715
3073,4910
5570,4248
2264,4433
5301,4561
1649,3483
3982,6756
1580,898
6457,7837
5081,4036
4066,4347
6568,4010
3118,2369
9595,8297
3633,5240
8308,5730
1576,2545
3593,4337
6545,6159
5495,1972
5796,6796
4023,4434
5075,7770
7157,3150
1426,3310
5246,4214
4125,6780
2170,2084
2976,3071
3928,4316
5393,6052
3283,3573
8192,7952
3412,4860
9063,5057
8935,8529
6466,4251
7365,6042
6234,6107
5737,5731
6459,5842
1542,3684
5921,5330
6841,7788
6035,4312
2906,1241
8075,7628
4001,3862
8232,7773
7951,7180
7614,8154
3981,8116
3951,5295
5406,6603
1085,1037
3080,4376
6866,3802
4611,5429
2728,3447
2803,2971
4010,6748
4001,6669
1257,2078
7233,5830
7686,7115
2835,4073
1338,1764
7913,6977
5264,7429
7145,2632
1727,1750
9074,9024
2013,2575
6872,5824
6630,6196
2107,2655
3149,2802
8958,9463
5768,5914
7192,6173
4976,5527
4677,5008
8598,8171
6658,6318
4989,6628
6563,5502
3505,5399
4841,5333
7135,6541
5845,5537
7407,5860
9371,9190
4398,4125
5047,6342
7201,6678
4018,7878
6710,4391
2218,3316
8272,8754
2945,3238
1909,3933
1686,2014
8276,6487
8895,8995
3346,2415
8983,8510
3908,6060
7246,5668
1822,1001
4471,5131
7128,5386
6884,7298
2257,3373
3149,4954
6115,1495
4833,5146
7213,6658
3419,1908
1903,5354
5399,3054
733,666
6390,7735
7316,6915
2368,2083
6033,6964
3103,2936
7792,7284
1715,4794
389,428
8079,6350
6113,2940
3421,2484
9574,9514
2282,3212
3965,4847
2270,1891
2477,1602
1422,1120
5386,4703
4856,3680
3845,5091
2441,3554
4349,2053
4646,3805
7130,3998
6141,3230
6942,2551
754,1121
7777,2417
3554,4253
4708,7178
3890,1928
7377,7306
4746,2156
8427,6446
5457,3393
4910,7454
5034,3768
5802,5086
6663,5756
9051,8434
3051,2639
7889,8632
9007,9465
2340,2585
2547,5972
5293,3881
5030,3459
3378,7122
6469,3996
7478,4944
2916,5084
3404,2935
5109,6851
4463,4072
9077,9071
5522,4813
4957,5680
2714,3250
4198,4219
2669,4205
7398,5295
5518,4877
162,410
4144,2943
2819,5127
6800,4266
5805,7109
7681,8058
6687,6284
6456,3500
2100,3401
4347,3535
5287,5658
6363,2060
472,654
5271,8807
4059,7243
6543,6047
2497,4598
6524,6179
2682,3126
1628,2071
5218,6111
2804,2323
5591,6717
2592,2230
7298,7296
722,1005
7899,6380
7708,7297
7111,6569
3478,6154
1355,3859
5676,3168
4459,2837
7558,8304
8441,8299
6922,5715
3042,3472
3460,5482
3784,1118
6805,7048
1228,2538
7560,3404
3697,6825
7524,6690
33,98
2061,2084
274,257
6632,5652
4817,4018
3742,5285
5857,8352
6130,4556
8554,8441
2492,2073
8960,9250
2851,5697
7326,2444
2919,6181
922,363
6617,2671
7221,4426
4782,5136
3785,3912
4057,3298
4309,4449
5013,5208
3145,4804
5607,5714
6098,4703
5735,4811
2512,3893
6994,7945
4701,4207
3251,2943
7743,5982
7320,6847
6493,6825
3004,4404
6283,6978
5233,6797
1535,462
4762,4611
5820,5367
85,152
3590,4804
7204,6183
7030,4740
7144,5081
2606,5647
3786,5935
2050,3693
3812,5360
5897,7181
8492,8518
5372,6422
9567,9160
7724,7521
1312,2716
4130,3659
843,1785
3118,3694
2930,3380
8375,7114
5714,5666
2702,2015
4705,7406
6594,7632
6700,3058
4184,3863
5445,5117
4581,6734
3020,1032
3208,5316
2454,4035
3704,6786
8626,8605
8627,8324
4800,7003
7565,6529
4967,4756
5273,4649
5986,4076
9404,9200
1623,2543
6258,6542
7109,7872
4489,3608
6525,5557
5427,5782
8568,8730
423,789
3172,3904
7219,3154
4706,6688
6244,6889
5579,3249
9102,8989
3826,5022
4119,2140
1875,1197
5988,3503
3972,2885
5931,6614
3810,2219
2001,1465
1460,3970
5886,4662
7317,8522
5214,4223
8173,8227
6265,6626
1784,1737
6751,8679
3103,4146
4621,6658
2400,4122
6726,6298
3792,2732
8081,7471
5481,2986
6387,5262
6059,7460
6097,4685
2977,4252
4016,4015
6403,3124
4088,5538
6896,7944
6082,3245
6608,4395
7941,5510
7600,5823
3125,6831
4587,6147
5645,2352
3877,2327
8215,8065
3083,3765
4509,7782
3776,4286
5816,6105
3381,3261
2170,7100
4731,6486
4286,5858
6742,2070
2471,1414
5272,5393
1134,1104
3934,7933
7203,7563
9158,9105
3076,1122
4403,3984
4915,3066
6045,7052
2593,656
2560,4285
4558,6225
2292,1124
8168,8356
8582,8157
2958,3603
7432,5410
7109,7591
7185,5560
8091,6522
2984,4600
7419,6925
1655,4793
1329,2064
2104,2418
6456,5932
1768,1084
4068,3976
9192,9252
2123,2844
7918,7047
7177,6787
1917,1289
2357,3186
2551,5971
4596,5446
3399,3595
5703,6585
3000,4515
3685,4625
7348,5588
4496,6264
6007,4836
3944,5568
3242,2747
5404,4444
2606,4916
3781,3976
6165,4390
5082,6168
6884,6196
5848,3773
5807,6300
3275,4620
5089,3832
3614,7224
1903,1531
3254,6813
8671,6429
7195,7766
5367,4339
3668,4650
5669,3901
2032,4180
2426,5382
5001,7745
644,949
5868,4304
4405,5257
8617,8739
7455,3859
7341,3483
2674,2685
2563,2804
6144,2453
4169,7749
5044,6219
1097,2129
2727,2214
2750,5862
4868,3324
1803,2091
4420,8513
3673,1668
4722,7005
1805,2561
6405,4217
4500,8483
9587,9552
3573,3337
4890,6648
2190,6187
6796,8204
2501,6038
5328,5690
4615,4552
3744,5866
4451,5725
6166,5959
6304,6078
7420,5800
3229,3434
7312,8937
5334,4515
9222,9117
1269,1822
1819,2711
4310,4370
1607,3984
3136,3648
6981,7331
2808,2544
3691,2555
6277,4329
2184,1708
5342,6422
9023,8773
7850,8676
6333,3996
6326,4504
2190,3099
8399,6464
6991,3017
6671,6404
6627,6594
2962,3206
3941,3763
2152,1760
3991,6222
3440,4270
3674,2290
5985,4634
4763,5470
5009,2803
8038,9326
4288,5068
4657,5531
6695,3120
4844,4431
4736,4764
4447,2394
3251,6782
8017,7981
4942,7217
1794,1762
3416,5552
5340,8049
4209,3666
7412,5708
4747,4811
4990,5386
5089,6303
6546,6945
4499,5229
3376,5950
8131,8640
2020,3250
3601,5515
3711,8003
7215,8316
5207,5026
5469,3163
8229,7458
8125,9353
4891,3289
6848,7359
4741,3184
6578,6573
2819,4607
2140,5451
999,2352
3893,3895
3831,4014
7978,8120
2896,2177
1570,1490
8312,6918
6598,2924
6285,8769
1796,2535
3977,6301
4200,6275
798,682
2750,2384
6916,7443
6922,6474
6558,8014
7152,4620
4148,5266
6477,5364
2720,3025
3158,4118
2593,2368
8309,5439
5559,3054
8294,7033
6986,4587
3753,4425
4025,2442
7084,4030
1896,856
3132,4838
7032,4861
8595,7095
4497,4903
6734,7383
5849,5554
6490,4366
7205,3382
4252,5488
6155,4733
2379,2804
8476,8118
5722,6839
5325,4807
2617,5391
5610,4481
6931,4074
7921,4901
6878,4474
5504,4549
1584,3122
4225,4883
8769,8180
6394,5239
8898,8603
5109,5583
5444,4253
1892,1952
5190,4401
5923,7749
4693,2526
3136,3498
9231,9321
806,5524
2272,1626
9234,9094
6088,3555
9026,9505
4273,3604
5276,2290
5173,8099
2865,4502
7230,7587
7124,7419
2933,3639
7787,6172
3909,7297
7419,7568
5451,4562
2717,4682
5522,3645
1481,2328
6507,4519
3622,4863
2680,955
4982,7658
1698,1909
3646,5964
2214,4273
8798,8946
3568,7066
3075,3787
5876,7434
8654,7955
7032,6934
4528,1319
1529,2036
3830,3686
3108,6416
3039,2276
1266,4548
1774,1915
2109,4464
7990,7581
972,1466
4788,5789
5295,3812
3347,5603
5461,4577
3892,5916
1549,1724
7786,5281
8076,7052
6962,4994
4946,6640
5121,4637
6651,7546
4674,4814
5748,4002
6178,6560
1304,325
5644,2273
183,398
2589,2101
380,627
1031,1836
3983,2921
7140,6714
2039,4152
4233,3855
7476,2527
1030,644
3470,4890
6103,7563
2524,4193
6802,4048
8635,8083
5033,6718
6067,3664
5467,6015
4273,6549
5146,4436
522,605
3936,1886
6742,5224
6237,4082
1539,2871
6857,4299
3458,5832
1593,1801
9306,9211
4338,7427
3330,5526
1130,4242
5419,6338
5156,4845
6808,6760
6148,7716
6526,6659
8769,6871
6575,4775
4572,5991
1551,1285
8176,7741
3787,2282
1917,2643
5032,4416
4506,4850
3047,3639
2670,4613
6748,6775
7243,5419
3242,3879
4150,5228
1709,1128
4830,5297
4936,6413
4838,3481
2503,3911
343,469
3866,4836
4056,5228
8618,7186
4508,3066
8332,7016
7767,8726
8544,8903
3380,4307
4176,4027
4953,7348
6514,8394
2725,5008
3482,4385
3954,4249
6974,3855
7958,7895
4925,4202
6369,7004
4688,4085
5542,4872
5381,6201
4612,5554
2957,2262
6719,6339
2943,2477
4796,4709
3293,4020
6009,4749
8873,8317
6235,4722
4344,5825
2193,2232
9214,9204
6476,2894
8385,8405
2838,6525
8754,9129
5993,8367
6611,6261
7428,5120
4162,5695
2968,4405
7263,4305
4807,3933
3241,3905
2946,5319
4478,5389
1425,1394
2773,5311
3177,6289
2109,2330
4867,3244
3638,3201
2990,1745
3560,2374
3800,5431
8274,8770
1702,874
4190,3345
3063,3582
7662,7875
5509,5523
2641,3432
5312,7534
2740,2649
4800,2087
6383,7037
3902,2582
4087,2314
4789,8261
4509,2516
5408,4081
6506,6276
1224,1108
6890,4716
8550,8608
6022,4676
4461,2444
2197,3287
3741,3129
4984,6598
8089,9204
8479,2128
3328,1972
7539,8005
6574,5982
5749,7240
3839,4533
8238,8757
5349,6778
7557,6630
3964,5248
5646,5176
3680,5127
6330,4447
3991,7110
4980,8209
3325,2488
5536,5326
3450,2992
8081,8566
4486,5727
3824,4362
3752,4123
6051,3794
5398,4275
4615,5732
7865,7948
4253,6320
8550,7150
6816,7160
4229,3561
1633,4618
3188,3518
256,425
8572,6375
4775,6464
5874,7160
3423,2587
8608,3579
4870,2569
5469,4762
4062,6442
5735,5614
2898,5436
6171,6633
8016,4461
6329,7695
4213,3681
7194,7740
7090,7386
5216,4308
5719,7065
2378,2486
6367,4149
1057,1526
6964,3606
516,764
6994,3449
5554,2314
5023,6238
2796,2089
2794,6552
3880,2681
4549,6935
2042,1310
5438,7134
3870,5245
1972,1119
4284,4496
6972,4722
3846,7218
1362,1126
856,3387
3121,4378
4884,5912
6912,8354
3218,2425
4536,7124
4788,5487
3135,3556
6080,3953
6692,5497
3742,4420
4488,1742
7208,3796
3790,2599
9467,8810
5665,5536
4258,3457
4222,2711
1053,427
5956,7387
8514,6720
4475,4183
6756,5679
4532,5427
3200,5155
7372,5761
4806,3001
6542,8921
4221,3134
1182,1691
3052,6978
5255,3681
3214,5565
7375,7415
6428,6149
6178,5560
5022,4149
4592,5332
3651,6653
6568,5091
3621,3306
6855,4298
6179,7263
8339,9001
7613,2952
2352,1279
6496,4073
6869,4040
9980,9965
5823,5229
1913,2140
5924,4437
1397,1289
4287,5678
3923,6068
835,366
8819,6125
6010,8460
6018,6378
2384,4178
2519,3819
5054,2428
3277,3037
2126,5039
2819,4028
6147,6510
4597,5234
4687,1545
1043,806
8717,6976
2258,4406
2283,5285
4369,4305
6279,6568
6119,8199
8132,8487
5589,6126
6881,7904
4465,8022
591,819
3096,4645
5911,6980
5330,6037
3372,4195
5514,8425
421,426
3602,4198
8121,7820
6614,6551
4681,6080
6272,4423
6589,5609
4666,5287
4246,4289
2011,1939
4150,4452
8445,8787
3537,5323
1576,3047
2757,5949
4763,3752
5292,3646
5733,5309
5787,5879
7485,3646
7303,2805
972,496
4044,4894
4421,4604
4837,1749
1777,1401
3705,2672
8253,7465
6845,6863
8192,8763
1987,1608
2606,2538
4396,5416
6419,6580
5245,2391
9288,9412
1119,2835
5688,4133
4552,3421
7461,5111
6961,7158
5630,7633
3739,5630
5388,5697
4541,5485
5306,7319
4881,4645
4582,4087
3498,5491
7017,5299
5587,6463
8417,8276
6857,8911
6300,8708
4500,3365
1159,1834
7323,7307
8683,7443
3353,2956
6443,4563
4091,4493
1733,4930
6633,6779
3941,6039
4357,3305
9823,9553
7214,6641
1153,545
5700,3643
7893,8366
3502,4646
6657,7710
7546,8026
8743,8054
8939,8387
5380,6924
7642,8631
7945,5671
7208,5875
8843,9444
6189,6639
1464,2127
6953,7898
3938,4673
5195,4098
5158,4210
3572,3681
5298,7223
4644,3642
2165,1663
2134,2641
5729,6247
1853,2578
3571,4631
5085,2377
1849,1052
8546,8092
5684,6167
3746,7138
7164,7928
6789,4263
5037,5643
4176,4676
6341,6616
1860,1192
1072,4668
5301,6534
2190,4339
6000,3198
5977,5090
9238,7308
6199,5508
892,1000
7592,6020
2232,1551
5753,5771
504,365
4088,2682
7359,6014
3626,7125
564,741
3460,6818
8056,7764
8689,7755
6792,5573
8170,6766
2212,3824
4509,3772
3998,4533
5908,4788
4721,5709
7595,7849
7735,7153
1714,2216
6404,6101
2391,7731
3233,6825
1682,3097
4632,4819
4217,2973
5562,5457
5424,7227
2603,2628
4656,5206
2507,2454
4694,4849
3447,1994
7604,9217
5418,6756
8257,6041
2503,4813
5057,3574
2155,1316
5152,3173
7045,8353
743,747
3716,2306
6205,5284
2083,2582
4757,3173
3688,3631
3262,4301
5833,7426
6594,8114
2365,1360
5050,5407
5970,5996
7844,8304
4444,2447
5780,5234
8076,8985
7937,7667
4353,3738
863,1374
3033,3205
2183,1479
3529,4315
2252,2905
4856,6150
4356,2957
5805,5090
1736,2904
2727,4523
6212,6029
5574,5469
1517,1418
3504,5242
1599,3056
3411,3687
5622,5274
2394,1858
5033,4640
7204,8127
3139,4160
6884,6721
5216,2867
6300,4191
3614,1976
2235,4847
6478,3767
513,442
4501,1272
7131,6527
4945,5887
3008,1458
5425,7669
5478,4583
6498,3568
5471,5355
3656,6827
4106,4130
3976,3910
4576,6404
4069,2593
3483,5161
3191,2558
4870,6189
6332,5715
2259,2300
8657,8503
3834,7252
4582,3134
3852,4396
5174,4481
3506,7264
6440,5525
3448,5992
2837,2759
7697,3158
4184,5313
7959,5354
3518,4211
6673,6024
9221,9390
4727,6827
2453,2493
5396,3024
6409,4681
6042,6230
3921,3507
1473,2072
3061,5312
997,1574
7499,8547
6799,6559
1944,2017
4865,3023
6532,8733
6691,6505
5320,6046
8499,7876
4441,2003
7275,7829
6142,4931
3679,5998
7893,8424
6236,5972
4657,8032
3564,3227
6714,5357
1959,2318
3234,3469
2901,4638
3613,3592
4908,4809
2471,3528
5005,7844
982,1013
748,1266
4274,5170
6345,2121
6990,6009
6697,5024
5649,4601
4724,1504
3377,6675
5766,2169
6912,6697
3804,4098
1111,2709
2047,913
5731,7397
3085,7349
3166,4533
7859,8781
3821,1983
5727,5591
8189,7325
9609,8602
5827,6420
1811,1763
4261,5713
4660,2092
7904,8482
7541,7031
9572,9804
8858,8160
7378,4194
3135,5196
3732,4875
5813,7450
8390,8021
6360,4997
8477,8716
6153,5585
7671,7367
2478,3672
4562,6353
8283,5914
8031,7641
6806,5395
1555,1880
2829,4083
8641,8816
4574,5005
5185,5778
7283,5317
4328,4743
3538,1776
7813,8215
3852,7533
5399,6277
3995,4440
3067,5392
4928,3475
6460,6970
9571,9716
1822,3799
6452,7675
5685,6328
6988,2922
4502,6255
6461,5524
3189,2284
5634,4443
6257,6025
5258,4390
6229,8521
5256,5491
4195,7402
2292,2020
3966,584
1132,1192
6774,4322
6634,5361
4605,6246
2824,4268
5875,4055
9162,9275
8009,7235
7033,7963
4590,6634
8390,8436
990,744
3598,3319
7652,5806
2496,3685
8058,7477
4400,6657
6337,6070
3368,6018
6464,5956
3482,4628
4460,5723
2139,1425
7545,7507
5208,4396
5043,4386
8605,7590
8879,9083
2871,6216
2402,2218
7013,6460
4733,7616
7071,6451
8634,8247
2954,5394
4724,7606
2275,1890
4501,4652
4578,6894
3531,6920
7733,6491
3013,1227
1750,1525
4618,3383
4116,4834
7311,7480
1949,3504
658,674
6298,5076
1376,3076
1486,2201
6490,4584
2313,1404
3712,6039
2414,1957
1867,2268
6551,5862
6851,7024
1760,944
3344,3701
2086,1310
2840,6040
5449,2967
7133,5250
6576,3757
5119,7003
4409,3900
7666,8932
6955,4160
434,773
6150,3986
5984,6323
3559,4090
5359,4729
8487,7540
5673,4696
6567,6175
6943,6590
4565,7748
8647,5449
6352,4988
7857,8871
3826,4208
9134,8225
2657,1931
8141,8534
5998,6474
9340,6157
2762,2657
4868,6327
7652,8526
4302,3417
2676,1995
5756,6551
2279,4062
7051,6469
4543,5166
6335,3725
4151,6335
4619,2380
4205,4115
5865,5208
7005,5647
4870,4381
7184,7314
4100,4654
4842,5816
3583,6134
7559,6844
3552,2469
688,609
8177,7871
8768,7470
1354,1031
2216,2235
1783,1146
4150,1970
4798,3144
5156,8481
470,964
6667,7805
5365,3421
6982,7254
2023,2708
5657,4327
3702,3649
6316,7400
7061,5434
9267,8502
5998,3232
4984,2760
6126,8326
3224,3907
8375,8567
4006,2434
7029,7426
7343,5597
5158,6165
3180,6602
1328,2983
7345,6866
4541,5277
5246,4781
8713,8124
5316,7648
5956,6566
4336,4929
3978,4165
8941,8668
5739,6111
7256,7942
4427,4604
5024,7597
3986,4272
3272,5509
2896,7468
4595,6944
5736,6652
2473,4034
1904,2087
4164,3563
3684,3297
7216,5432
3988,5618
7885,5474
8526,8663
7684,8007
6727,4193
4611,4903
7109,8176
3502,2069
7764,8032
4119,4769
4727,2176
6998,5860
3987,4514
3816,3126
5773,4228
6011,6891
5623,6341
5659,4496
4656,4726
7660,8118
4889,4255
4897,5404
2963,5240
2476,2246
5929,4035
6937,7086
3048,2641
4774,5662
2164,3339
6411,7282
1138,2523
7318,8066
4234,4991
5445,4371
3497,2906
7986,5511
3584,5614
4224,2731
4510,5615
6909,6325
6981,6189
5287,4596
2998,2373
1177,1020
4217,6348
888,1838
3012,5503
569,654
3670,2716
2297,7870
9659,5444
2794,1910
6057,7355
4388,3205
2061,1584
1468,2136
3994,2947
7044,3179
5078,4310
5444,4670
1186,2614
6419,5850
7907,6330
1968,1262
8754,8946
5092,3735
3379,5049
2292,2879
6430,5926
8101,5073
3500,4500
6797,8308
7326,3003
1325,1912
4762,5382
6633,7146
3071,3134
8301,7558
8086,7360
5556,3377
5443,4884
4624,5395
2477,4062
4199,7362
2761,3882
907,3012
3302,2493
1883,4013
3828,5455
3739,5195
8756,9074
2910,2146
4659,6130
5048,4617
5612,5253
3569,3445
7801,6770
6189,6197
2642,4454
4796,5289
3073,3958
1867,881
2345,4417
9742,9422
3987,8197
2472,4216
7709,6555
8360,8241
3580,3277
5278,8116
6204,4800
7105,8472
6344,4191
7617,7321
7607,6745
7570,7307
8009,8758
6370,7422
3236,5291
3643,3489
3216,2497
2585,1629
6081,5534
1889,1236
8027,8498
4236,5791
1746,1586
4095,2321
1120,2439
4967,4507
1999,4755
6295,2554
4002,3703
4383,4461
783,1101
7809,6937
6833,5252
3208,1818
5191,3974
4943,3052
5371,6486
2803,5774
2572,3576
4399,6505
4332,6443
3847,4771
7389,7647
3233,4181
7722,7844
5423,4175
669,967
4176,4415
2755,2051
3079,3347
5562,7484
4370,5882
2952,4494
3527,3739
1699,1641
2346,1726
1189,5004
8136,7113
5473,3850
1597,6453
1721,1695
4525,4719
5923,4839
3917,7006
3406,2918
2499,3076
4404,5334
8068,6881
8826,6455
7638,3575
4783,6746
5751,6531
7904,8474
2769,3983
8217,8132
8022,5979
3220,1452
7082,5282
7402,7121
3859,5998
2359,3084
6313,6467
5339,2942
5170,3423
1363,1556
7437,3262
1440,2792
7422,6799
7354,6995
6390,5766
4071,6104
3357,5993
5326,6041
3485,4029
5795,5977
5089,6583
1406,1639
4673,3954
5207,2498
5885,6605
3210,3460
709,1534
4876,4297
6755,3090
1210,2406
3304,3305
3070,1976
6708,5898
8437,5912
3630,4210
3059,2788
3213,4849
7906,4369
4758,3514
2985,2988
4849,7134
5761,6702
1284,2036
6700,6906
2600,4718
3138,2992
6945,5534
4089,3594
2147,3721
7662,6980
6054,4104
4416,7171
7984,7896
4278,8034
1180,1373
1229,1318
3946,6046
2680,2609
3599,2052
6595,8225
8695,7384
1027,1946
4246,2279
7225,7631
6918,4020
6138,6937
4508,5053
4517,4286
3280,7409
5402,5840
4728,5044
2104,1716
4798,3091
3620,4033
6419,6284
4852,3011
9138,8991
7748,6740
1286,2688
7923,5990
9055,8619
6500,3923
6201,4560
2082,1425
3816,3461
5643,2742
4659,2325
2924,5011
5183,5169
5645,6600
8391,8745
6994,4583
2344,2999
6648,7687
7801,7073
5795,6688
5273,5147
6580,9221
6824,7859
7739,8740
7367,8065
6295,5093
2152,5064
3129,2495
7475,6165
6426,5588
5369,4202
8213,7712
5580,7265
4076,4651
3822,4454
4638,5198
5978,6077
1029,1582
3003,7165
4008,3049
4068,2769
4614,5899
5504,2455
5247,6010
4014,5978
1699,1485
3387,7254
9059,9148
4318,6412
3584,1565
7369,2603
7267,4828
2258,4283
5775,7173
6036,7210
2493,864
4219,2156
5488,5398
6160,5924
7738,6715
6159,5285
7589,8326
7681,7383
6173,6504
8058,7350
6668,6040
3225,3331
6047,6493
4651,4468
2245,3750
2823,5577
7206,7171
4679,5000
3369,3648
5684,5261
1025,762
1286,1542
6484,4823
2986,2787
4862,5375
4470,3273
5619,4331
3523,2171
5197,5182
4258,4933
2702,5073
3012,3333
2702,5912
7061,5846
3735,2934
4590,4949
3378,3816
8465,7483
2848,5118
3404,2489
4728,4402
3697,2908
9416,9442
2417,1333
2565,2800
6078,6473
5238,3256
6430,7254
8361,7636
9294,9263
3682,4077
7157,2885
5242,4789
3121,2909
3141,4664
1361,1582
3743,2698
5265,3615
4697,6486
1388,1735
5803,2372
6159,3412
3558,2798
4297,3220
1958,3023
7373,8055
6378,7265
9354,9535
3756,5987
1886,1786
4889,2309
2661,1998
6076,5991
2770,2368
3879,5020
3538,2620
7477,7780
8740,7953
6742,7837
5124,2984
4436,5558
1371,2585
6753,4575
7130,6600
6170,4263
5781,4330
7951,8655
6211,7363
1947,923
3058,2998
3703,2373
7763,6915
4064,3659
6100,5912
3434,2325
8503,8144
7179,4335
9453,9340
8888,9513
1769,5527
7882,9308
6238,8645
6928,6823
7539,7848
4411,712
3784,6288
7833,7354
2851,4744
6178,7170
5107,1849
6816,7864
8238,8475
7005,8865
2190,3062
8974,8721
595,516
2113,3221
2653,5512
7234,6832
5538,5798
8220,7398
4711,3764
7022,5630
5804,4450
2185,3234
4231,6602
6627,8626
7214,9401
5129,6302
3387,6651
4869,3813
1087,2914
1749,1672
1827,3631
8247,6881
6388,5611
4930,5153
8962,8705
2460,7124
2019,4676
1726,6407
7544,5265
5689,2884
1424,1674
5922,6845
8782,4120
7460,3590
2123,2275
8385,8856
4707,7687
2544,1223
4602,8877
8436,7468
1175,1435
1511,4462
1483,4066
2534,1575
5810,3003
8023,7767
6656,6520
5053,6432
7224,4712
3334,4160
9603,9596
4839,8041
9043,7629
5606,5143
5361,4478
6998,8583
2899,1655
8272,8262
6767,6378
3906,2317
5799,8049
5565,3939
5199,3605
6120,4334
5297,4562
6211,6374
6623,5603
3408,3283
2532,4934
2598,3807
6586,7521
3269,5424
1349,1533
5101,3674
9025,7645
7411,7088
507,451
3868,4243
4306,5907
5799,6225
4582,4780
6710,5790
2693,1419
4852,7277
199,164
1065,1249
3738,7198
4611,5448
8385,3407
2594,2324
6388,3763
4313,5387
1682,2019
4194,3456
4413,4025
7931,6609
7180,8014
3687,3469
7718,7981
680,766
5771,6959
2256,3367
4430,3991
5108,6712
3592,1819
2200,1314
5963,4947
2990,3468
3799,3483
4316,4016
7492,9124
7176,7905
2801,2849
7797,8280
3110,1314
5211,5930
8431,8380
3075,2477
3648,5438
6701,5180
3185,4821
6715,6961
4969,6927
4970,5044
3227,4239
4480,4510
6487,4051
8233,9356
6620,6320
852,739
3405,6711
4504,3094
3754,4901
4821,6086
8611,8634
7523,8823
2851,4634
4983,6189
3185,3452
2820,1853
3973,2349
2984,3596
8554,8996
6036,6207
7361,6399
3347,4893
2962,4317
4209,4802
4895,4941
6948,3392
4461,5834
3279,3230
7252,4473
3654,4337
6140,5382
6612,9372
5489,5821
3554,3539
7859,7870
7797,6814
8300,8254
4705,4424
7611,7088
5952,4261
4821,3331
7059,6186
6990,6505
2333,5023
2412,2531
4102,4743
5301,1774
5158,7460
5534,1672
4184,7042
5153,5413
5283,5434
5075,7707
5375,3613
4489,3988
2367,2309
1829,1919
4357,5531
2777,2347
3675,4212
7517,6311
3064,2954
5867,6025
3773,1975
6581,7516
6230,8530
8185,7955
6806,6818
3676,2745
1904,1820
8813,9003
4090,2303
9350,8754
4812,5974
3634,2031
4657,5500
7938,8021
2690,7020
4974,4215
4068,7269
1441,2559
5863,4667
4968,2563
7431,3018
3375,1386
3441,5865
2361,1510
79,78
7486,7261
6660,3849
4557,3789
5495,5542
4924,3561
3847,6411
6859,8035
6295,5697
7857,6217
9283,8952
1868,1490
6899,7983
5861,4891
1507,4002
5153,5354
2743,2806
3539,4063
6593,5935
7144,5264
3490,2258
1124,781
2493,3717
3953,2215
1276,3792
6513,7777
817,596
5120,4283
5754,4036
3194,2645
7830,5246
4556,5115
5660,4773
7559,7416
8176,8021
2047,2587
3848,4597
8343,7101
8200,6271
4052,2547
2677,2089
6643,6076
5811,6118
8588,8017
4916,4301
3673,3882
4624,3870
3657,4176
5643,6930
6159,7186
6314,4599
4535,2553
3927,2953
2747,7509
6903,5652
8389,6830
7665,6795
8945,8726
3072,2852
3348,6599
540,571
2221,2095
6748,5504
3605,4756
4254,5168
2765,6583
2975,7095
4889,2856
2786,1619
6515,7364
7280,6812
4026,5886
6713,3395
4663,2616
3037,6792
8573,8348
6551,7628
1824,2827
6988,6390
7691,7980
4160,4871
850,741
248,194
4056,5992
6002,6419
4139,3140
7048,5508
2281,6209
6767,4523
3830,1177
2349,3811
3103,2758
3692,2859
5297,7055
6427,5008
3247,4340
6294,7001
2482,1952
4429,3016
2732,3039
3518,6187
3478,3345
2927,3698
6949,8097
3892,6361
2229,3428
9516,9447
5713,6812
1558,6448
3570,4830
1355,1534
1453,2413
6100,3106
6923,7576
8492,7977
6936,7306
4914,3198
913,3188
7933,6681
6075,4978
3176,2923
4727,5298
3656,3061
843,760
2597,3119
8663,7201
3617,4902
1992,4198
2762,3116
4457,3679
6936,5583
3160,5772
7823,6307
4845,4907
7566,7853
6318,7477
7599,7226
6026,6456
5918,5158
3950,5253
6943,6604
6018,6056
2833,2587
5733,6403
6103,3527
2389,5364
3354,4403
6336,7467
7210,6622
5913,6858
4684,7384
9322,8873
2470,5010
3010,7493
6202,5179
7008,6451
5902,5836
5258,5019
2543,3440
6221,2554
3556,3826
9385,8704
4760,4828
3621,6035
3599,6380
7331,6004
2774,1979
5841,3549
3334,2122
3377,5893
3307,5231
2087,1829
5780,7168
3087,4905
4689,4164
3896,6641
5766,6059
4354,4576
3821,3953
3289,7175
6086,4629
5104,5129
7020,7061
2370,1201
3290,6185
3428,4337
7656,6804
5415,3126
4056,2699
8979,8707
1221,1879
7265,6460
6806,5222
3866,6128
5697,5828
2359,3767
1387,2731
1741,1548
5198,4760
2031,2701
4909,8262
8215,7539
3765,3883
9153,7937
5981,5922
5858,4747
1170,1446
5980,3901
5290,4582
2439,4356
8400,4144
8080,3249
4211,5156
5514,7160
7497,5485
5904,3229
894,1172
2118,1865
2641,4439
6047,3605
4170,5334
5440,5278
2679,3175
8611,8071
2534,3783
3710,5639
5070,6708
1580,1570
6137,3409
3286,3933
3182,5227
9235,9109
9452,9469
8276,7569
5674,8158
932,2919
7552,6733
2946,3008
6141,7817
3890,5557
5219,4509
6894,4837
6050,4028
4243,3926
2007,1511
2517,4830
3492,4234
2305,2262
5099,3274
9011,9118
2353,1913
5158,8613
5662,2377
4199,3519
4247,2761
6656,8522
4279,2746
2789,4462
8786,8019
5827,2712
8426,9210
8092,6870
6637,7174
6435,5827
5044,6563
5300,7621
3511,3222
4339,6404
4529,7193
5210,4904
3792,2556
9777,9297
6863,1932
6092,3403
6311,6270
6305,4051
9339,9314
5374,5032
2106,6282
6306,2497
3527,4281
4553,2059
9438,9273
5059,5123
5088,5167
741,568
8420,9041
3482,6070
4790,8248
7253,7183
5483,7349
8847,8920
2396,1201
2321,3981
2754,2992
6336,6618
4767,5826
8957,7505
6789,7824
487,469
4771,3319
8126,8015
7146,6673
7022,3530
3632,7471
4824,3515
2602,6445
6177,4598
5431,4589
8269,8400
3017,1876
5210,3868
2856,1387
7436,6627
6618,5320
6778,6399
3233,5941
4003,4828
5442,5314
6887,7338
4116,6640
4886,5807
6492,5702
9246,8877
2925,4344
2381,1410
4537,4342
5324,8221
7025,7778
7597,7313
2902,2166
5618,4956
1894,1589
9279,9309
2486,3598
4106,6022
2367,2013
3276,2933
6230,5218
5408,7120
3775,4818
2480,3557
2378,1420
6788,8375
4230,3644
6368,3967
1210,684
7895,3427
2951,4994
6542,3430
3323,2248
2041,1484
8208,8690
7120,5382
7101,1896
6052,3076
6182,7376
2638,2651
3937,4735
4138,3362
9661,9644
1764,1989
1242,1886
9311,8304
6748,2465
472,319
6684,7091
8054,9290
2054,4008
3073,5380
3435,5827
6455,8472
5566,7959
5928,7347
4523,5569
5554,2222
7104,5657
6962,7638
6766,4576
9240,9326
5614,3373
4459,3020
2588,3774
8225,8662
3885,4959
4361,5452
3238,4869
6717,7696
6559,6247
5800,6704
890,1900
2347,2495
3034,2056
7655,5822
5284,4710
4948,4534
3620,3390
6048,6189
1667,4747
2726,2598
5082,6476
3377,1048
6726,7637
3422,5392
5448,4297
5682,5019
4225,1345
1545,4096
5910,4716
9376,9416
1062,603
9177,8881
6180,5737
7894,6546
7706,8539
7542,7638
5527,6151
1136,1483
4036,3688
4364,3744
7888,6222
6016,4803
3752,3762
3174,3284
3048,5586
5537,6282
7834,4652
4539,3962
5604,4056
2174,3186
6191,8406
4831,2571
8508,7454
5067,4030
4862,4310
6027,2916
6714,7171
6218,5080
7830,7940
8229,7822
7599,8284
4216,3564
971,2727
3557,5058
7330,7769
3735,3569
3360,4440
3102,2345
6150,6909
8302,7592
5671,4714
4752,6489
6505,5664
4573,2409
9013,6880
7619,6834
6619,7221
1847,812
5988,3220
3657,6358
5971,7423
6323,4912
8708,8468
8012,7344
5986,2386
2467,1948
1495,2498
6112,3469
5674,7487
3725,6280
7832,8976
3535,4677
4131,7774
7393,6842
2716,3060
8213,6608
9160,9477
4044,1374
4718,6603
6993,5666
4963,6533
5390,4937
3693,7880
7928,8868
3739,5164
7817,6573
5516,5314
4165,7797
5812,6138
1872,5075
6436,4151
4621,4121
4536,7296
5215,6122
4516,5484
7078,3835
8350,8961
3667,6568
2621,1553
8421,7978
3541,2519
1236,1053
5208,7216
6140,6782
8334,8413
7152,7681
5356,4464
3575,1295
3842,2853
8149,5065
6488,6615
8432,5726
4074,3754
6936,5380
4950,4832
2193,2720
4974,7557
6055,5709
7967,5316
7104,6915
5416,3985
2066,1539
6035,4343
5615,3828
3202,4472
199,317
8336,6831
4395,2760
7859,7022
5760,5903
5170,2604
4818,3453
6395,8273
4253,5564
6858,6740
8896,8216
1443,1405
4594,4192
2559,1784
4131,4818
7511,6230
4895,3758
2474,4315
7186,8202
6722,4821
5315,5965
2636,3184
5897,7450
7136,7822
1995,3163
4967,4142
9280,9267
6231,8538
7038,6599
1940,1420
1493,1742
5529,6409
8402,8270
4706,3036
6198,6341
5521,4819
4033,4926
979,1238
6430,7360
7220,7419
2876,3246
7251,4369
5698,3231
6482,7001
7864,5736
5861,6402
2002,5914
2582,5334
2633,3420
5062,6324
4269,2362
5315,7096
7919,8240
3944,6403
2145,724
5241,4472
7682,7125
7938,7560
1495,1700
7447,5416
5636,4940
879,714
6493,5702
7951,8451
6711,5569
3587,2712
2772,2583
8948,5754
3613,3676
8035,4025
1198,1186
5310,4422
4499,5247
7141,2926
2414,4778
6764,5757
6649,6470
3083,3018
8201,8791
4088,6153
4305,3551
6696,7281
3596,2321
5253,5063
8776,9250
8762,8811
3133,5709
8282,5634
3909,5864
3242,6328
3586,4106
8414,8670
7168,4458
2583,4065
3167,5761
5462,5410
6974,6918
5651,4566
3516,2791
5440,6355
2856,3225
4852,6472
3449,4471
2885,1326
7540,6484
7554,6734
1602,1179
4474,5632
6502,2988
5226,3592
6677,3308
8432,8222
8653,9512
1340,1246
1485,1745
4423,5474
3119,5569
7462,5980
2026,3556
6855,6799
1618,2454
8796,7899
5644,7499
5494,4857
5171,6643
2901,4883
8216,8740
4107,6952
5659,7057
6980,8136
5547,4004
4812,4164
3000,3122
1419,1929
8060,7244
1639,2999
2252,2206
4926,5864
6806,3615
5710,5015
3364,5625
4252,5856
5291,4974
664,364
7178,6611
7384,7597
7293,7517
7943,9552
3451,3975
8006,6923
6115,7193
8432,8244
7197,4677
1644,2005
5037,8198
6601,5664
8477,8883
4640,2717
9321,9499
2615,2197
5562,6517
6047,7106
7144,8040
2998,4838
1938,1614
1881,2633
4252,5625
7467,7382
2212,4095
3855,5096
4890,5045
7148,5732
1053,776
3597,7174
5519,5980
8446,8113
7219,6724
3592,5700
4104,7502
4770,5952
5691,5669
7776,8232
5078,4949
5846,4937
3288,3804
8502,9493
8291,7342
6816,5536
5436,4871
2677,3923
3469,5035
3757,5818
5266,5695
5341,4795
5417,4574
3453,2331
5256,7257
2896,5577
6733,3703
3055,3671
2795,2524
3817,3322
7148,2991
5155,4359
2684,4807
8378,5143
2853,3398
3583,3148
2611,6840
4641,6818
6244,2662
1066,883
6048,3369
2519,5537
2806,3262
9187,8800
6985,6060
4824,4293
4986,7069
4014,4762
8135,8414
7795,6928
7107,6142
3956,3532
3868,2405
5041,2185
4417,6318
4803,5149
4125,4930
2815,2835
4594,4921
2274,1049
2973,3583
5911,6035
1866,1229
3819,3844
3831,2569
4896,4272
5922,3306
4956,3721
3866,5239
3661,6346
8705,6481
4960,4775
8283,9202
6158,8185
8648,2874
5496,3062
8237,9250
5120,4094
3539,2748
4747,2429
7150,5465
3355,3116
2144,2625
7988,7738
4045,4947
8879,8105
7920,7892
6281,5483
7105,6474
2770,3093
7294,3343
6796,3890
6681,5895
3329,4905
6793,5575
5770,7350
1954,690
3277,4330
5045,6182
8744,8814
5629,4204
2431,1565
3792,8105
3409,3942
5180,3375
4313,3050
7609,7641
2067,1585
3573,3282
4359,5959
8510,8413
6845,7008
5116,4210
5257,6922
5086,3612
9021,8872
6744,6559
2913,1552
5994,6410
5717,2594
4162,4366
8450,8713
6102,5808
4640,3189
8637,8831
4884,5413
1921,3857
5945,3822
3730,3802
1708,4330
486,352
7971,6624
4841,5391
4532,1975
7748,7135
4519,3493
5112,6375
3900,5339
1707,1391
5346,4830
7107,5905
3912,5826
2599,4892
4127,4832
5727,6560
7814,8037
3382,1671
3728,2696
2574,3781
7517,7423
3532,3989
6017,5663
5196,2016
950,1386
3612,4809
2833,3415
3768,2484
2594,7575
4707,4215
4550,5275
2684,1737
4140,6358
4934,4616
4020,2322
6514,7801
5104,6741
4055,3019
4595,6057
3881,4074
8709,8436
1045,1464
3094,2800
7695,7955
3880,2887
5246,5948
3371,3221
4676,4726
9781,9521
5919,5734
1902,1130
1923,4474
4000,6247
5801,5528
5007,4353
4729,5703
3714,7759
9038,6451
7443,6066
8236,8573
5814,6579
8713,5797
581,749
8979,8872
2838,4725
4666,7113
5249,6465
4261,5096
2501,2661
6063,6678
6815,7953
3230,2352
4022,3556
5734,4451
1671,7693
3970,4312
3041,5514
2814,2386
5357,5524
5270,4481
5707,5286
7944,6754
658,1218
5863,7150
7776,8300
7691,5912
6266,5139
6877,6712
5848,6030
4004,1749
4692,3845
5505,6773
7791,5080
2104,3429
7019,3486
2077,963
6707,5208
8793,8248
2910,7340
1700,2803
3319,4779
9597,9670
2409,3764
4059,2372
3959,5137
1347,1318
3322,3593
5931,3866
4095,6462
7645,5443
3074,3405
5284,3300
5546,4641
1658,5688
1069,899
3422,4809
7549,5395
1907,1728
2166,1741
755,1512
1091,972
4969,1567
3402,3063
7669,7150
7191,6779
5892,2723
8699,8626
3139,5627
2236,617
8163,9397
6908,5628
5351,5454
7872,7072
4481,6981
2634,2280
5240,3928
5987,5682
1235,1636
5669,3422
4099,5170
1606,1010
437,223
4981,5591
4695,5539
3737,2251
5720,5093
3522,5057
6712,6215
34,64
1113,3993
5150,6495
5700,7304
7108,6526
1983,3835
4115,4786
4026,1583
7710,7515
8667,7384
6741,5786
2199,1004
5424,3773
2349,3852
3355,3840
5488,6833
4876,5165
5701,6472
1772,1490
8974,7391
8239,7604
8423,6924
7510,7717
876,435
8012,5656
5719,5236
3154,897
4084,7030
5394,4299
4927,7094
4961,6534
2377,3248
2617,4872
6800,4304
922,1838
5725,5060
7371,4319
8271,7885
4385,6013
5463,4459
1412,1414
8090,8800
5611,3478
734,989
5505,4657
6849,7096
5150,6446
4915,5144
8641,8929
4098,5609
2676,5913
5860,6589
5104,5689
8314,8616
1582,2055
3578,6145
9198,8231
5990,2954
3716,3892
6372,5090
7516,7317
4412,2841
4231,7962
3168,3282
5180,3890
4375,3586
8477,8592
3274,1710
3019,2204
6363,5959
7625,7460
6490,4792
1942,2500
4372,6512
2961,1433
2649,3251
8354,6875
6829,5181
4835,5104
4690,5217
5675,4499
3929,7269
800,977
496,1705
6738,6578
5509,4995
7131,7348
5940,6846
6587,6526
2882,5514
3137,4505
5148,7484
3343,4730
4671,7291
1325,680
5605,4320
1777,1732
6788,5769
3982,3689
1748,6037
3465,5095
3580,3842
3232,4947
4791,5723
5277,5239
5877,2844
5789,5681
5065,6394
4983,3594
2152,4177
5213,8263
3862,2729
5944,4281
5290,2898
3580,2488
7418,6058
7992,7968
3380,4939
2264,2207
3437,2207
5076,1721
3566,2530
3924,1548
7248,3975
8301,2867
4054,4237
2732,3027
9372,9362
8748,8044
4020,1241
5107,4028
6408,4210
1630,1274
6248,5206
954,1822
1763,2601
2010,1524
7999,6785
3310,5439
8034,3588
8040,8450
1726,2333
8638,7869
7641,8192
4466,4236
6043,6527
2139,2017
5359,4927
2786,5095
6674,5669
3893,3791
4375,2666
4995,3290
2874,5866
5829,7831
6992,3631
2898,2665
5106,4894
2215,2954
9127,7651
8212,3319
6854,2569
4558,3349
1947,1612
4005,2284
6928,6125
2544,4669
6498,2919
6930,8659
1483,2227
4228,5640
7762,7364
5936,4825
8676,7232
1491,1098
6064,5558
7576,8325
5325,7453
7335,8397
5817,3752
2267,5092
7470,5025
3231,2499
4528,6315
3533,3211
2968,4830
1063,3059
8776,9200
5766,5473
3169,3350
2069,2533
2619,1714
5579,5844
6743,7799
6714,7086
3819,4452
1839,1501
5096,7387
1183,2073
7890,4459
2595,3733
2694,4796
6251,4558
8326,7527
4506,3012
5494,2052
5926,5366
6631,4299
1829,7117
6373,9198
1668,4915
7601,3918
5625,4640
1684,3798
3857,2515
6314,2791
6547,6894
3249,5899
4880,4361
4845,5474
7770,8915
2986,1163
1187,1852
6471,4021
3327,3269
5165,4172
3811,4189
3749,3525
4295,3869
5110,3692
8525,9043
3114,7003
8493,7693
5837,5411
6678,4955
1057,617
6663,4713
7088,4365
9213,8376
3853,5500
6754,7556
1200,1262
5237,3347
3510,4547
8219,5180
9467,9199
6547,3651
2816,3586
2191,2240
6748,2600
6335,4263
3783,1850
5112,3953
6342,4233
1337,6155
6134,6928
4093,3960
2508,1153
2932,3306
1404,3431
8081,7222
9539,7575
5027,7006
7600,8433
6615,3250
6982,7098
3316,4969
6825,5300
5932,5389
2738,2415
3645,2919
5599,6888
7712,7725
7706,5998
1856,3771
7297,8079
4991,7613
4004,4277
6116,7176
851,462
6173,6997
2622,2112
6872,2873
5868,7096
2137,3954
7013,5950
2920,2030
3402,2489
6972,7740
8334,4602
2918,2652
7984,4660
3842,3779
3888,4084
1927,2122
2799,4728
2624,3967
6334,6050
3005,2202
2654,4844
6211,6155
522,1147
4127,2698
8677,8385
3512,3425
5804,6043
5092,7078
5190,5785
7986,8229
2916,2771
4320,2318
5949,4501
6656,7226
1148,1076
4146,6462
3280,5410
2952,3474
3011,2738
7851,6049
7424,7052
5699,7463
7985,7366
5106,7498
6811,4871
3564,4445
2409,2326
7459,6959
6718,7299
7789,5171
3366,4998
9088,9067
8919,9138
825,1556
3718,2971
5568,3120
5938,2938
1890,5464
5451,3277
5113,4401
3812,3245
4178,8897
5604,7297
2524,3556
3659,5841
6368,3334
3729,3596
6356,4399
2275,3658
6591,6921
7832,7895
7468,7830
7753,7441
9392,9383
3344,2545
5557,3655
6306,4838
8800,9162
8977,8802
2631,4301
5984,6869
2108,2169
7441,6800
2050,2336
797,801
3794,4308
4787,5864
5812,4874
8870,8018
6131,5335
5557,5876
9424,8159
7663,6320
7583,6061
5664,4881
9297,7394
8100,8367
6650,6654
3274,5233
3687,6111
5916,6925
6061,5184
2403,3101
4984,3476
5949,3852
7650,6723
8983,9066
3649,5029
5796,5267
5840,4522
7784,8553
4442,5680
5329,3805
6137,5679
5063,7359
4936,2851
2626,1949
6727,6640
3127,3438
1958,2678
3616,4015
3167,3514
3262,4715
5476,4684
5066,2812
2092,2510
6462,3913
8187,7644
2302,2133
6050,6968
2731,3475
2905,2514
8862,7424
5372,4728
6291,4054
2706,4592
3717,6672
7047,6936
7697,9012
3069,6643
7592,6330
4060,5256
7513,4406
5982,6934
2731,5086
8293,7814
5190,4469
4140,4028
8754,8884
5667,2894
6273,4413
7127,8805
4704,6505
6463,3237
8359,8648
7718,7846
6082,7795
8557,9280
284,312
7474,6261
2861,6705
5042,2802
2392,2292
3579,4202
8378,8866
4918,5419
2552,1593
3103,4460
1304,1829
7828,8394
5426,2809
1682,1975
7805,8324
7487,6499
2286,2764
6057,3176
7716,6689
4290,3368
7322,4525
1423,2071
5531,2272
1371,868
4532,7698
1100,4329
6333,5576
7031,7792
5777,7422
7334,7668
6947,6249
7085,7974
4434,1349
9584,9565
6182,3697
7779,6737
313,395
5416,5670
8548,7842
5630,5983
3543,4185
4755,3907
5869,3846
9240,9349
5409,1823
2753,4625
6663,5176
7278,7565
3254,3607
3901,6182
3690,3689
7840,6523
4662,3294
5728,3281
6430,4892
1875,1462
2908,2554
4870,3970
5382,5088
6305,6015
6321,5580
6884,3958
7924,5843
9184,9415
3644,5217
5003,2885
1214,1494
3578,3408
6374,3325
4783,2569
2665,5429
5489,6805
6597,2771
2342,1918
1851,902
7020,5121
3478,4942
6241,5632
4366,5478
5132,6243
2335,2491
5785,6742
5714,3048
220,127
5789,4001
7690,9332
7492,6817
8021,7416
3581,7184
8388,8068
4552,4404
8309,8576
1576,3214
3577,2850
3394,4316
2798,2442
4019,5122
9324,8418
3077,3555
5618,2442
4182,1698
1277,422
3253,6095
4089,6064
5352,6764
7634,6323
7019,6085
4657,4673
2307,2691
9334,8956
5373,7993
2428,1367
1573,1463
4681,7139
4049,5057
1776,2565
6585,5687
5612,4527
6359,4643
9117,8378
2557,4114
6991,5178
8946,8028
2007,2923
4774,5485
6601,6521
7080,7320
6526,4740
8498,7937
3108,3325
2940,4541
6343,4030
3400,7083
3417,2456
8066,8821
3801,3909
3917,2669
3284,4359
6001,7620
2454,3640
4475,3840
5987,5094
6817,8072
2283,1856
7330,5044
4950,5337
2214,1928
3734,3769
3360,4117
6101,2508
635,2768
7839,7177
2761,6679
1716,2804
2674,3918
3946,5298
6949,3690
6360,3960
7910,8047
6833,6913
4884,5597
5421,4543
3462,4754
3766,3411
7739,6268
7065,7939
6158,2631
4841,6538
1848,1981
3222,5609
3407,3205
4689,6919
6222,4965
2633,2150
7195,6892
4603,4904
3267,6637
8588,9148
4016,4498
7205,7714
5911,8714
5086,4504
2024,3007
5159,3046
7806,8473
2790,3391
5620,4242
1310,2593
6531,6315
4344,4156
1742,1331
9567,9623
2714,2980
7222,5864
7168,5956
5665,6794
4747,3555
7334,6175
8500,7939
1972,1454
453,551
6348,6607
4610,4444
6712,2213
1645,1828
4268,4555
4542,5424
8650,8216
8801,7846
6509,6572
4016,5913
1207,1086
8402,7501
8096,8397
7621,7372
4421,7264
8574,8311
6467,6707
7389,7116
6533,7895
4249,6753
5809,4962
7682,8628
818,1836
6327,4842
4877,3319
4280,2398
8040,8895
2152,4318
3115,2603
3211,3426
2668,3000
2948,6297
2717,4679
7655,1937
3411,6996
5030,3175
3115,4859
2839,3987
3000,1694
5161,7784
7382,6005
6318,5294
4895,4869
2430,2473
3136,4181
7856,6624
3741,3700
3280,6007
5939,5120
4459,6651
4999,3606
5166,7009
8153,8409
6147,7770
2487,1962
1958,2131
2245,2211
3805,4286
5428,5972
7285,6078
4338,5699
3487,3385
3762,4136
7892,5117
2803,4543
7996,1141
2261,751
5599,3067
3169,892
8073,9157
6333,7192
4258,6959
1423,2118
3212,4112
8274,8089
7295,6627
3477,7529
8203,6623
8476,8067
6179,3339
2038,2029
4384,5157
3812,4903
4848,4619
3290,4544
6862,7315
5335,4117
4519,2725
5510,5404
6991,4733
984,2325
7993,7164
1650,3036
4217,4621
9936,9680
9279,9506
6625,6420
2958,3889
5093,2865
6121,7463
3208,3347
4297,3766
3929,4291
5987,6186
1536,1525
7339,7239
3586,1725
2669,2564
8763,9000
1738,1887
3870,3511
3256,3901
549,819
4329,4074
7212,5726
4189,5758
6366,2827
8290,6107
1089,920
1436,1142
5373,6451
7620,6681
2216,1739
6897,3974
3360,1897
6185,4765
7764,3577
5335,4999
3309,3467
5522,5826
7336,7622
1475,1649
4919,5345
4180,2375
4444,3300
8316,6150
2261,4455
6686,7147
4214,3315
7904,7659
6972,7704
2643,769
2478,4470
6374,6159
4710,4421
2483,4069
8062,8336
8247,7074
8805,8857
7155,5481
7416,7302
4346,4103
2844,2070
5289,6145
2319,2204
4097,7825
6554,7376
7535,4413
4120,4032
4109,4099
5100,5590
8158,8501
2201,1497
7109,7861
4460,6083
4957,4125
2864,2504
7450,7466
3851,4641
6847,6220
3269,3627
1146,2337
8018,8026
6179,4099
5222,4333
1397,1531
4668,3172
6777,4735
7262,6720
8689,8824
3669,4930
323,442
7042,4958
349,221
6489,6400
5703,3689
6055,5489
3069,5159
4508,5029
7465,5368
6148,4829
6541,5468
6259,7244
4303,5307
6257,5854
9161,8841
6422,6281
1239,5002
4010,4181
3853,3577
4216,5946
4541,5061
2996,5435
6640,7977
3878,3531
2683,7269
1823,1319
8252,8988
8410,8680
7432,7015
2244,2356
3471,6854
2221,1157
4332,6195
2485,2838
4273,1759
4295,1349
3032,2869
6125,5467
4012,1913
6093,5120
4963,3561
7527,6433
5745,6664
3253,5305
4107,2825
5610,7767
3952,3116
3587,3578
2828,1933
3340,4132
2252,2811
4126,2778
3099,6062
4061,4128
7405,7420
5846,1894
5155,6424
5829,5538
3764,7139
4535,3220
1349,2023
6306,4670
6145,5860
9278,8439
3881,3367
4234,5611
4652,5673
1350,3315
2148,2277
5835,5585
7901,8104
2218,5521
2606,4761
1456,2245
3905,3739
2598,5533
2868,3179
3641,6685
3723,3117
6383,6445
388,760
7411,5683
8188,9190
4823,4593
3621,3464
2388,1890
6075,4135
4644,4643
6119,3567
5512,5409
1592,2441
4776,4624
3302,6382
2947,3855
7346,6898
3696,5827
5460,4991
6709,7947
1834,1715
5117,1641
4035,4267
4647,6868
4806,7055
2409,1849
4183,5755
3071,2093
5769,5244
5071,2969
3149,2242
5283,2547
7412,7729
5418,4458
6539,7687
4196,3685
8576,6832
7919,6996
2851,6851
7248,8134
5178,3243
5994,4498
644,322
908,1224
5960,5966
6345,7873
8876,7740
1889,1512
9132,4174
2882,1799
5448,7027
3760,6681
5757,5515
3550,4364
8028,7922
5118,6465
4852,6190
8496,8965
4483,8439
7191,8759
3341,3316
7023,7586
4293,4162
7626,5455
1867,1984
6868,6227
4121,5924
4293,8162
3428,5009
8135,6725
5380,4171
3593,6379
2926,4438
6240,4428
5869,4723
5234,6325
2332,2377
4497,4692
3199,4223
6108,6031
6530,4292
6930,4246
2895,7139
8009,7376
9485,9546
5697,4388
2867,3239
4092,6013
6168,7296
5138,4039
5862,3591
5772,7022
2719,6827
4564,3098
9284,9609
1020,2392
1099,1326
5200,6006
4604,4904
1758,833
7220,3375
6024,3553
2653,2295
1875,2023
6397,7666
6181,7072
2936,2735
5526,4968
199,251
7434,3954
1075,492
5037,5278
2876,4789
8412,4036
5497,4309
2727,7414
6445,5789
1192,922
4263,4949
3519,5437
3252,3810
4989,3655
7878,6731
3597,4034
6179,6102
7120,6648
8512,7764
4555,3988
2412,2521
6407,5262
7425,5290
6673,5215
3785,1984
6316,4942
8168,7689
6623,6941
7972,7546
2551,6508
4021,3578
4262,5121
5996,6804
6618,4298
4952,6658
4524,3861
1972,1694
3014,1560
4324,3597
1087,624
4430,4094
6804,5268
2308,5133
5789,5517
1563,1852
2777,2513
4755,6538
6717,5427
2099,1797
5182,6455
4267,4460
1121,1391
8129,7755
7468,3803
2376,3986
3363,876
8715,6301
1025,2628
2962,4245
5003,6424
5541,6044
7547,5715
4646,4399
5520,6069
7872,7325
6598,5989
3384,6180
7781,8973
6357,3357
6240,5011
4130,4058
5258,4175
4031,3950
2900,5371
3722,4316
6522,3236
4773,4454
7010,4972
3182,3432
2652,2926
6774,9149
5886,6516
8463,8198
4278,3566
9256,9547
5538,6740
2794,2456
6361,7043
8295,7114
6713,6776
7257,7313
6327,7645
2471,2505
3619,5315
6535,7301
1715,2327
7647,5704
2226,2009
8391,7972
1579,1991
598,458
5135,6898
1408,1339
8485,8709
9431,9481
2915,4873
6138,7165
3874,4072
4138,4636
4499,5563
5144,4739
4282,4902
6738,7386
2020,6856
7767,7682
5547,5712
3639,2604
3813,6785
3257,6014
6359,6039
5610,5871
7953,8572
6491,5409
9251,9146
7764,6921
7395,3861
1704,6619
8157,8302
6026,6173
2407,2081
3287,3547
4760,3771
1977,1754
2646,1333
5349,3860
6926,4940
6526,2242
4553,7697
7488,4908
3202,6077
7418,3235
1521,1003
406,564
3985,3551
7619,7326
5973,2198
9397,9292
6363,6934
6674,8360
777,586
4251,4362
5365,8231
5015,2225
4967,6614
7430,6427
7861,7833
5779,6101
7668,8890
5143,5801
7981,8704
3946,4300
8577,9250
2377,2147
5850,5011
1984,1894
4688,8110
2512,2221
2122,5723
8523,7583
6124,5585
6396,6566
3889,5387
7164,7805
2615,2550
1578,3271
6801,5512
5293,7952
7112,7811
3727,4943
2660,4701
4809,2620
2447,3982
8170,6744
6815,7235
5032,6957
6599,3473
2620,2883
4745,4112
7304,8394
3391,3248
6010,7489
4926,7074
8034,9046
5731,4095
2230,1866
4059,3437
7608,5479
7514,8076
7594,7217
2251,1545
6655,3125
3743,3526
3866,7133
6823,7020
1379,2428
7324,8083
5061,5686
6469,4875
4330,3012
5852,4536
6295,4478
4163,4716
6855,7078
8016,7105
3239,1327
6860,7264
1967,1723
2796,3662
7368,6222
3358,2536
4602,3360
3256,4349
5465,8086
8459,7266
1785,1790
7385,6324
6428,5580
7391,7196
5378,5561
1087,2776
4634,5586
3086,1801
6469,5112
6070,3291
2945,2959
4544,7627
1663,2252
3143,7482
5416,5413
6021,6152
5811,4361
8382,7441
6795,6208
5187,5621
1135,1359
4606,6372
7903,6637
6906,4244
6021,5623
6808,7022
8439,8399
4358,7012
5948,5380
2097,2302
4776,5001
1930,3209
2830,2145
1976,971
4454,6049
5462,6610
2444,2319
4977,4788
2666,6551
4614,6783
1687,2984
3749,3851
6719,6052
8846,8299
2407,1249
3210,7193
2021,2111
3128,5786
8763,7360
3582,4554
6350,5796
3690,5484
6805,4534
7333,3618
7041,7686
6449,6717
8264,5550
7866,6983
4014,3866
1019,3326
2010,1170
8300,6733
7175,4514
3449,2391
2180,1707
2954,2584
4010,2502
5036,4404
3978,4904
1326,2497
5843,6806
5939,3967
2989,2834
6127,4538
7887,5874
3050,2679
5864,2292
3248,4013
5093,2478
6024,3472
3590,3938
6019,5824
3175,3588
3382,1879
2202,2948
7567,7198
3411,5709
8005,8924
8252,7528
3639,6440
2300,1133
8783,8610
7003,8642
8707,7074
6327,3406
6610,8179
9288,8944
3055,2797
1238,3475
4505,3794
1229,1174
4370,8063
2257,1756
2325,3447
8372,9622
3097,5777
4639,3034
7755,7648
3688,5218
1641,1723
3259,2507
3665,4002
5394,4152
1679,3487
9340,6415
9417,8441
7875,8397
3740,2851
7605,7772
1146,1444
7010,5208
3243,2226
3598,4533
2001,5563
4522,4322
528,459
1630,3779
9383,9466
2203,7776
4278,5825
4854,5096
8238,8821
3277,6815
7930,7536
7278,5644
5181,3815
7792,8141
6511,5908
1801,976
7126,8020
6745,4937
7658,6780
7193,7558
4950,6295
4155,6018
6729,7607
7849,7682
1460,1350
6712,5195
3950,6058
2415,4518
3370,2952
8301,7830
4104,3866
2722,2477
5315,3706
4554,1743
4739,5219
6952,6102
4543,2963
997,1811
6623,4587
5187,3370
3761,4288
3887,2369
845,566
9397,8687
3527,7096
7383,8054
6645,6950
8058,7232
5055,5318
2223,7378
3852,7722
992,2157
5227,5965
4183,3370
4058,3338
1533,1726
4237,6328
7065,6866
7885,6630
1881,2041
8464,7443
2504,1420
4653,5958
1664,2810
2463,4683
2155,1665
7093,5811
7706,4775
1581,1825
5560,5852
6837,6948
4066,2155
3758,7058
3271,3201
3600,2694
5232,7826
2581,4675
4438,2418
2563,3364
7289,6031
7086,4525
2161,2276
3247,4015
2128,2928
5689,3103
7721,7546
8492,7748
2940,2698
2904,2433
2655,2893
3302,2308
4855,4427
3603,3928
3118,6075
3692,3425
7510,3081
4519,4805
2896,2441
7025,6087
3437,4359
3088,5087
4104,3673
7358,4925
4427,6543
9445,8963
8979,8032
8457,8146
4175,4966
713,302
7407,5640
1619,4332
5203,7237
2407,2527
5338,5417
4531,4325
9115,9165
4802,6128
2024,3398
6551,7138
3848,5161
7492,7346
6588,5271
6924,5314
5852,7208
6389,7383
5571,1082
9651,9559
2845,4288
3482,5947
6606,6425
4672,6154
1776,2204
6173,6775
5268,2306
2297,5270
5019,5040
8171,9263
5075,7078
5700,5394
4680,5324
4375,5241
2143,2611
6034,7153
3649,2048
4825,7260
6833,5382
5793,4994
3558,3091
5054,5113
7422,7131
6827,5013
3154,3266
6787,7482
5493,5309
6118,5047
4573,2205
4027,7552
7462,8285
4770,5540
6749,7671
4573,8190
4871,4110
4819,8214
7129,5182
3021,4212
7710,7849
7414,5096
2686,3024
6675,6205
3926,2790
5488,5367
2734,2553
7535,6287
3417,3325
7715,8393
7447,5723
2586,7758
1781,5597
4268,3110
3505,3474
5536,8484
6474,8163
4899,6571
6460,3153
5230,4758
3774,4568
5043,4174
7425,3092
7367,8474
1454,2915
8491,7635
8144,8047
3873,3185
9311,9290
5885,6193
3245,1619
3548,4609
7586,6773
3001,5988
8417,7618
516,322
6502,4662
5771,8292
1989,1559
7355,4630
6349,7737
6705,6987
5138,6413
7596,8256
1594,1842
8116,7704
5918,3402
4000,5024
5640,3594
5090,2635
6299,6054
7329,7207
5411,4490
4981,3436
5404,6727
2957,7511
3191,2770
3685,3998
3010,4516
928,1028
7695,8349
2568,2889
9360,9048
846,870
5028,5492
9248,9132
5610,6408
2927,3485
821,1291
1847,4477
6397,7319
2504,2366
5349,8384
8844,7141
6692,6464
5902,4160
6358,2507
4104,2267
6557,6227
4571,3138
4188,2160
6189,3738
2905,2989
1659,986
2371,5551
8491,8875
3758,3778
6277,3083
8434,8377
5657,5114
5101,5961
6625,6051
2018,3435
2450,1652
2212,3976
3490,3735
4451,5869
5181,7317
3702,2787
2280,1898
2065,2866
4684,5189
5489,3689
3455,7129
5652,4314
5100,2822
4634,3935
5320,3251
6756,7248
7629,6402
6791,5824
7386,4801
5915,4458
4730,4558
3035,3484
5723,4670
2772,7532
6341,8075
8090,7476
7007,5017
2530,424
8037,7958
9149,6590
3821,3785
5243,2828
2934,2533
5893,5026
3497,7026
3099,1161
4837,5583
2141,3270
7145,2276
3226,5777
4634,2244
6067,5435
4280,7104
7613,6323
5909,6388
4825,6577
2112,3759
3088,4115
3889,3557
3915,5656
2081,2267
5034,6779
9461,9134
3978,3106
5499,7029
3646,4391
5545,5729
6757,5088
8163,8602
7550,8225
2027,2770
6746,8754
7972,7455
6167,5549
7176,8243
4834,6078
7296,6605
3961,6249
3363,3360
6832,4643
3471,1496
6591,6984
3169,3043
6388,4721
895,1329
2266,1892
4710,2110
595,424
7937,7308
6014,3059
6064,4826
7354,5776
3734,2412
3823,5796
2586,4079
9291,8386
4190,6103
6528,2864
2251,2385
4087,4364
210,132
846,1701
5725,5239
5042,2774
4912,4603
4658,1924
8195,7786
6269,7218
2991,4711
7777,6758
7448,4110
3811,4062
6596,6762
2996,3028
3443,5494
9698,9335
5710,4720
5007,4804
8491,9281
3824,7590
4167,7273
7032,7355
4577,6514
5266,4530
6031,3157
5306,5422
6462,5383
8045,6976
2689,2202
4374,5688
518,963
5593,4586
8208,8460
7124,7626
6933,6758
5557,4082
8480,8831
3560,4564
3199,2807
3036,3712
9350,9190
4156,2962
3731,7615
2403,4418
4199,6710
182,372
916,1371
6564,5039
4569,3828
3449,5458
3380,6523
5509,6966
2965,3536
4190,3683
5144,4126
3590,4675
6088,7144
5877,6998
6282,6984
6879,8307
5603,7374
4947,7310
8918,6736
7776,7395
2424,2455
2189,2050
4432,3595
6896,6960
5784,3502
3341,3744
6559,7021
4119,5547
5558,6195
5668,5648
5999,8082
703,966
4004,1609
2613,4385
9477,9543
4245,3348
4590,3397
7191,6832
5990,5445
6229,2905
2681,1861
5259,6709
8780,8875
3815,5870
3892,6182
2671,4565
7636,7756
1807,3656
7673,7346
5104,4978
3564,1949
6815,4200
6351,6665
7275,7917
1799,1361
6152,3268
3385,4380
2445,1966
1784,5123
1428,3475
5352,7608
7198,8848
5233,4771
3734,3214
7315,3950
3790,6385
3929,6448
8880,9108
4680,1764
8238,7804
4885,3822
6485,5978
8217,6751
3152,3474
7826,5884
9741,9588
4263,6275
3844,4619
3444,4684
7467,7412
4172,5886
7076,8054
4982,6558
6737,7786
8875,9310
1175,907
2857,2856
5196,6449
2329,5286
6207,8174
4126,4585
3373,3392
6112,8197
2531,1862
6501,6402
8916,9524
3734,2952
577,936
5401,4217
7354,7619
7900,9005
3227,5315
6195,3831
4766,5430
4232,6167
8206,7362
2037,2740
8463,6398
6470,5579
7392,6653
7116,6511
6651,6262
2134,2114
6662,6343
3857,4745
1140,1033
7441,8111
4300,7055
4683,5684
5388,4519
5324,2751
7611,8200
2384,3446
2368,1489
8473,7311
4450,4875
2484,1908
4658,3650
2312,3882
957,2042
7861,4168
3111,4203
2964,3037
5939,4789
2209,1542
6412,5516
1091,844
6449,6134
2366,4972
6615,6404
5722,6643
9110,8928
5266,3850
5368,7943
2539,2919
7814,3512
6836,7071
4540,6108
3484,3885
4309,7105
5475,3981
5112,4317
7487,7013
4774,4261
5284,7253
9445,9390
731,763
2839,4019
5146,5741
5450,3750
7945,6743
2102,1608
6535,5014
7664,7222
3558,4041
6520,5212
5009,5853
301,675
7724,5209
8022,8954
3281,3462
6412,6091
1141,1542
4922,5533
3560,3104
5404,6438
7452,4542
7322,5527
1178,1926
2931,7712
5277,4599
5446,4411
4970,7127
3966,3854
3954,5445
2886,1558
6900,6423
3828,2724
5193,3597
8153,8303
8733,9216
2355,2710
2199,3752
7502,4852
7438,7470
6820,6501
2412,2802
5738,5677
8278,8866
5740,2426
6115,4615
5416,4263
6409,4168
3862,4110
3432,3951
7553,7620
1950,1623
6985,4117
6716,7209
6209,4053
3409,1559
3369,2928
1985,5248
2917,6164
4062,5887
9327,9379
2826,3479
8542,8782
6346,4738
3113,1936
4802,5141
9255,9162
5422,6399
4167,2628
2590,6135
6973,6932
7388,6718
2917,4889
3251,2867
1872,3716
4476,4500
8055,7645
2098,7526
9427,8005
5859,5108
3149,4080
1597,1183
1980,792
7971,9164
6728,6579
1891,6331
3722,1289
6958,8457
3517,4288
3906,1990
1687,1278
6082,4031
5195,3573
5839,6009
5228,6538
8581,7535
6015,4933
4170,6543
5344,3308
6051,4975
5503,5039
7671,6235
3575,2109
4008,2394
1817,4610
4927,6019
3186,2164
7421,1999
7740,8721
4165,2281
8475,7953
734,1022
2387,2516
8241,7171
3600,4804
6485,6931
1469,1056
4110,2577
6003,5734
5140,4162
5118,5368
7960,4671
5756,5178
6626,3601
5249,3908
4592,5582
6165,5427
6580,2743
8386,8069
5780,3807
2845,2109
6133,6857
3438,4779
1562,3494
3895,4300
7544,6743
3930,6963
2290,3512
3839,4898
3771,2895
2981,1577
6939,7938
6700,5608
2788,3096
7323,5724
2354,1464
2651,4802
5876,6346
1668,3302
6258,4959
2536,5359
8233,7156
4526,2376
6225,8593
8884,7481
5653,4048
2792,1409
5450,5585
7694,8452
627,1244
1743,2068
8692,8937
9145,7344
9070,9559
4851,4273
4642,3871
9244,8647
1700,1278
4152,4075
4284,5102
6843,4394
837,1884
5565,6564
3146,3039
4354,7101
6225,2413
2849,3142
8778,8966
6118,7318
7924,7901
1643,5878
7705,7826
5596,2913
5725,4334
4295,7913
6835,4595
5611,7180
3885,8403
7997,8609
8877,8141
6731,6225
2324,5236
7383,5442
3463,5454
1003,1672
8240,7550
5463,6049
2092,2513
5137,4630
2686,3046
2271,3120
7245,6525
7413,7180
8035,8795
2207,831
8629,7533
3868,3870
4100,5723
6465,2003
3853,2178
3378,6795
9006,9726
7879,8140
7254,7173
8053,5013
7081,3791
1811,2075
6435,5555
3833,4688
2400,6831
7355,1949
4590,4207
4009,5343
3917,2366
5822,6899
6020,6844
5886,8835
3371,3282
8447,7245
7155,7873
1693,1224
6552,2826
2656,4145
2052,3318
4941,6609
6240,2806
1647,1721
5067,5875
3747,4264
4606,3406
6285,8220
8811,8823
6516,3357
8127,8485
6901,6394
1716,4693
4157,2081
4009,1675
4680,4809
6363,7680
3905,6286
3119,4193
7979,7171
7123,6927
7508,5567
4025,2643
3136,6327
6899,8004
3333,4285
2347,5061
6830,8373
8413,8429
3066,4005
1764,1867
4489,4280
7200,7986
5344,3065
3137,6054
4953,6166
1380,1256
4726,6378
7903,5027
8222,8136
7254,6118
1246,2089
4458,7430
2479,3490
4500,4177
6050,4421
2436,2493
3003,3833
7112,8497
7012,7389
2212,4307
7128,5375
5864,5607
4476,4983
7272,2989
6464,4514
6163,3926
4936,3851
3337,3726
9325,9278
4387,4848
4862,7670
1702,2075
3751,7652
8337,8523
8238,8512
4280,2592
4138,7315
6012,5581
3917,7211
1117,938
5223,2781
1871,1278
3468,4033
2004,1799
6244,4798
1634,2426
4119,6704
4771,3446
3134,3161
3826,5634
2513,1693
968,1459
8433,8446
2147,1793
5726,5115
5563,5423
3988,4896
4741,6357
5522,6530
6643,7029
2704,2217
721,930
7478,5307
5113,5913
8782,7850
8069,9278
1968,2471
9239,8516
3008,6852
3927,5337
4623,3263
5403,5300
5382,5750
2020,2680
4654,2816
1259,4245
3686,4700
9900,9830
3200,3297
7340,6716
4238,5315
4663,3130
7057,6405
7438,8883
3634,5013
4459,5730
6614,2838
5130,7320
2543,2367
2233,1182
3104,7142
3564,7104
4278,3710
4096,3587
7280,5747
4700,4978
6821,6860
1032,1011
3599,2331
9237,9466
1576,1150
4799,5420
6019,5956
2174,2543
6598,4586
5006,3586
7221,5408
4827,6673
3135,3246
8400,6114
2910,5824
1307,2629
5607,6298
8514,8490
2835,2373
2818,2621
4286,6619
7819,7014
8446,6671
7190,8150
7204,7022
7572,8468
3697,7020
6404,7427
2283,1367
2240,4058
4935,4145
6264,6209
5304,4521
5342,7999
9320,9147
6662,8289
957,1823
7957,8296
4862,3654
2239,3945
7483,7666
7393,3916
7416,7211
1632,2115
6070,4873
3652,5591
7485,7719
6532,5683
8956,8012
3893,5087
6808,7738
8596,9199
6661,6219
4180,5361
5503,5752
8477,7885
5672,5292
8753,8486
6933,3483
3228,3893
2534,5720
8028,6558
3212,1709
2414,5737
8927,8612
7231,8124
5483,7353
7569,6502
6082,7036
3298,2372
6118,2887
2724,7646
4264,5724
6154,4953
2725,1989
1779,4637
1195,1062
4305,6112
4350,2937
3958,4539
9168,5656
9066,9313
6172,6802
5609,4521
3905,6013
7741,5542
6929,7213
5330,6562
7868,7004
2655,2415
5742,4337
8941,8467
4195,6496
7609,8379
4092,5618
2678,1799
5556,5494
2783,4665
8279,4763
6705,6198
1862,3450
5195,4058
1158,962
5373,4513
1814,2164
1844,4751
2631,4994
1108,1702
5946,5849
4174,3653
6258,5877
5850,4967
5624,4225
1527,1141
3257,4787
2068,6007
5570,3799
5747,4829
5226,4272
6254,8162
6336,4724
6279,8236
6068,8043
6754,7925
4466,6450
7028,8176
3361,2667
4590,6213
6327,6334
5986,7343
3551,7214
7013,6171
2445,1758
9891,9732
8895,9074
5443,6244
6840,1753
4564,2984
2427,3919
2330,1962
6746,6538
4422,6692
1325,3812
3939,3773
7279,8322
8764,8764
8370,7773
6034,6649
5693,3214
6789,4808
8016,8343
4424,5710
3528,3873
664,1225
5052,3611
7646,8377
5024,3408
4601,6384
6067,4183
3141,3998
6520,6088
1013,2451
3043,1084
7137,6562
7707,7347
7375,5179
7368,6231
4239,3794
1865,1641
4146,6653
1774,1490
5124,3866
4473,4145
6145,6219
4930,4256
5022,3724
6110,8462
1854,1402
7343,4387
4916,4058
7031,8172
2580,1170
4008,4760
6774,2673
7253,5688
3832,3452
3270,1776
2228,2228
3086,4752
3093,5597
4886,6378
8005,7801
8219,7685
1200,2256
7302,5097
4265,4120
3644,4543
8142,2992
5974,6966
4103,4831
3678,3823
8614,7934
4309,2695
8178,6661
2556,4843
8197,8953
2026,2417
4131,4630
9529,8718
724,871
360,430
6763,7160
8309,8596
7019,6169
7487,4553
8710,6836
1596,1943
4800,4179
2824,3042
5396,2315
6795,5604
1928,4024
2366,2915
8088,7584
5705,6652
652,826
6676,6688
6321,6758
6234,4712
3083,2714
8464,8528
8845,8787
8074,9055
2869,5878
1807,2813
2938,5313
4906,2204
4540,4646
3130,3512
7051,5796
3565,2738
6275,8917
2562,2514
3002,5864
2094,4060
1518,8090
4204,4044
562,417
1814,2191
5647,3315
5568,3406
3019,3697
4518,3950
5172,5834
2786,3847
1862,2885
5496,5761
6710,7376
8236,8902
1434,2975
3483,2168
5633,6046
5031,5329
4895,6135
7783,8206
5046,6242
3226,3608
2890,3920
1063,1536
5635,4271
2700,2426
5220,5348
8775,7877
3537,5891
6144,6201
7598,6046
3157,6850
628,449
5755,6328
6229,1870
7228,5290
6377,6233
2945,3760
5320,5685
3322,3356
4263,4826
3145,4077
3301,4557
6567,7906
4721,3190
8771,8108
477,952
2871,3372
5918,5172
3882,2049
4753,6069
3790,3664
1906,3324
2614,4157
6247,4988
2406,7148
4444,5692
8063,5239
3989,3248
4968,3617
3528,4545
2465,935
7214,6993
3574,3794
858,1448
7385,5294
4046,4393
5694,3694
7349,7540
5920,7562
504,1177
7637,5491
6935,4308
5605,6790
3411,4508
5009,6497
5311,3857
1134,1677
5990,7895
4632,3433
4576,4180
3217,3681
5129,3412
2173,1895
5882,8277
6056,6441
8467,8516
4211,5331
7169,6124
4349,7988
3804,5473
1112,580
5314,6401
5037,5413
7864,7973
7017,2384
2919,4139
1728,3529
7305,7125
2621,6221
6237,5992
6109,5167
7028,7142
6172,7293
4850,6156
8185,8799
8458,6460
3831,2527
2601,4394
6295,8335
4013,2652
4996,2672
4677,2383
4469,3905
6145,6805
3293,4235
6664,4388
7282,7155
1648,2062
4638,3217
3836,3538
4187,7462
7280,7502
4848,7424
4127,6022
9573,9657
9088,8647
4364,5408
1814,2439
2633,5375
3069,1035
789,1507
4017,3678
5152,5573
8772,8925
1821,1967
3854,3805
5045,7501
3979,3607
8705,8779
8455,8811
4039,2372
1519,1839
2367,6877
3453,6220
5086,5234
8124,7171
3733,3471
9346,9679
6463,6217
7231,6856
4719,4939
4462,4295
6827,5167
6724,8142
5690,7502
6088,4943
2917,3728
7710,7728
8922,8110
3519,2005
3757,5876
9431,9599
7161,6296
7624,6651
2461,7415
3936,1533
3337,3845
299,309
6907,8657
6390,4398
4051,4557
5388,3300
3788,5336
2754,2750
3862,5044
5921,4974
5227,5485
1674,1592
4807,4613
3512,5709
6954,6687
7583,8150
2802,6766
6092,7787
2813,3513
7919,8148
4849,3937
5438,3213
2805,1466
2857,4927
633,542
7712,6905
1762,1933
4405,4023
2019,2653
4295,4676
7430,3772
4219,8194
4774,4618
7204,6785
8107,7209
3811,6345
4764,4918
1783,2123
6425,4580
3305,2282
6982,7325
5087,5162
5337,2123
4646,7112
4741,7351
7484,7371
4393,5983
4392,7438
4457,2590
5889,6356
4047,4117
7647,6521
2890,3899
5327,7984
4435,3640
8696,9284
2101,1558
2340,5119
3901,4910
4795,4540
2290,2206
5354,3373
3182,6594
2949,4978
3659,5606
2558,4288
4705,5468
3656,3341
3368,3596
3857,5433
8294,8688
8057,6924
5980,6190
3237,2017
1718,4312
5071,7023
2423,6919
7484,6389
5217,5451
4503,5476
4983,3133
3287,7021
2602,2322
7041,6102
5215,4950
6889,5310
8543,7663
6233,3020
7575,7613
1445,2364
3219,6546
8941,8263
6347,7441
4937,5662
3525,3976
5706,6447
3721,4194
2241,2989
6438,6191
7440,6200
5865,2928
8647,7191
1844,477
2692,2481
2486,2047
8689,7060
5863,6043
7991,7902
7829,4440
2297,2327
4273,1408
3211,2754
6816,6025
4147,2974
5133,5157
4836,4274
6163,6797
5005,4173
6515,3567
2547,1479
7278,5191
5051,4501
4525,5489
7406,6766
3116,1637
5870,3639
5369,4771
4460,5427
2951,3392
4292,7861
4549,4939
5684,5529
6829,6860
8041,6571
5631,6799
3753,1815
7429,1423
6875,4967
7305,8036
6524,5637
6659,8693
2215,4335
8348,7340
3907,2246
6016,6046
3043,2635
7670,6401
4547,5817
1513,1577
5991,5336
2105,2610
5843,6629
8714,9202
4599,4630
5156,5400
8058,6570
3697,4262
5194,3626
3373,2268
5711,3781
2978,2738
7763,8064
3592,3958
3479,3924
4986,4238
7910,5296
7764,6677
5872,3918
7519,8168
7739,4678
6068,6102
4304,6503
4881,5369
3456,6228
7861,5540
4187,3786
6458,5954
6557,5896
8883,9417
6030,3783
8083,4623
2451,4403
7645,8374
8596,8641
4354,3485
2729,4726
7491,8868
6402,4510
5909,4735
8113,7242
3915,1970
7336,6376
5150,7959
6978,6365
6596,3646
3393,4122
6758,7994
5279,7754
2468,2396
6053,4036
5415,2624
6246,6506
3750,5280
1068,1132
8656,8981
3482,6415
3174,4424
4397,6201
4943,5134
5379,8005
7857,7709
2215,3852
5643,4855
8017,9025
4058,4756
1931,4909
940,1192
8146,6010
3350,2381
3243,2152
5260,5446
3919,4038
1744,1372
4001,2121
3454,5452
5847,5466
5158,5332
4554,3724
4660,5937
3976,6122
5074,3304
7365,7841
7068,5418
2278,1808
2469,6176
6690,6961
2734,3470
871,1285
976,854
2674,1774
5885,6684
2245,4169
211,726
2311,2338
6285,4434
2583,3231
2148,3410
8555,9072
2893,2435
3678,2703
3123,6497
4856,3662
8126,9328
6833,7725
1575,818
1535,1333
3424,3562
4159,2625
5376,3255
8260,7032
7427,6937
6777,4228
5742,3233
2215,2412
2263,1633
4203,4270
6469,8393
5266,5799
6491,6346
7390,2759
2258,3700
1895,1895
3699,2745
7214,2782
6657,5243
9484,9623
6691,7734
1317,1338
3534,5735
8762,8137
5791,5208
4662,4444
3727,5730
2992,2619
5462,6198
6200,5089
4194,3773
5127,6278
7820,7894
5691,2279
6036,2323
4736,4736
7557,7716
6872,6759
5437,5595
2461,2440
6563,6217
6217,6240
7332,7772
7589,2420
6919,8675
7277,8205
8259,6978
6373,3508
4455,2723
4934,5152
5534,6506
2168,4626
3225,5291
6529,5728
479,282
4464,5550
718,953
3665,5353
6800,5693
5760,5804
1227,1441
6248,6936
2066,4308
7617,6669
7801,7230
4611,6717
8049,5338
7050,3807
4453,2187
3137,3038
3040,3373
1565,5760
4906,5450
3463,1989
5601,3655
5232,4842
2437,3786
6061,7191
5247,5974
4748,3247
8370,8314
5485,8877
3566,4841
3398,7052
4850,3462
3922,2471
5927,6447
8239,7271
5839,6447
4963,5652
3708,2213
6517,8228
7234,4521
2075,3499
2043,1060
6552,4582
7832,8535
4417,3585
2658,2835
5098,3463
7758,2260
7286,2317
2252,2823
7168,6020
5049,6923
7780,7581
8883,8764
4785,7039
9405,9029
7774,8353
7502,6338
3817,1379
3041,3076
6253,6218
5949,6082
4990,6193
5127,2456
8954,8324
5318,6764
6584,6527
4185,4254
3953,2299
9311,9212
9097,8433
2443,2218
7117,7947
3261,1778
1516,1889
8179,6640
5673,4117
4840,6895
2568,1092
6985,7171
4543,3043
3625,2961
7152,8121
6385,5035
7447,7397
5489,5222
482,797
5542,3154
9070,8608
5394,4008
2710,2351
6329,8225
5313,6952
1145,3120
2226,2393
2456,3586
5724,2797
5178,6167
4643,5477
7176,7193
5415,4331
8260,8157
2571,3962
5633,3703
8844,8819
4176,7519
7985,3363
8023,6184
4178,4012
2798,4536
4459,4058
6417,4918
937,1651
8357,8182
5383,5404
4472,1521
1644,3386
6603,3672
7787,6668
222,207
3800,5551
2975,4708
5041,4034
2447,934
5029,5619
1471,1513
8278,8135
4980,4347
3835,2584
1560,2691
8207,8233
4121,5190
3696,4111
7153,4428
6482,6110
2574,3540
5798,4447
6086,2176
5666,5256
5567,5234
3793,6967
1534,7650
4042,3472
6129,3146
7844,8467
4133,4783
1661,1962
9115,8990
90,76
5819,7319
3845,5079
5933,2849
7867,8407
4431,4148
4942,6917
2305,3022
1986,1243
6072,5325
3177,2940
3625,5581
4771,4685
7284,7900
1046,521
5240,5528
4802,4893
3601,3590
4162,2712
7865,4788
8334,7544
4918,6096
6080,5443
3280,4777
8148,5094
2963,3225
6335,8732
7102,5560
6788,7065
1771,3597
4716,4124
5630,3890
1379,2103
2918,5917
5914,7768
3055,2714
7497,5398
6698,7080
2686,2951
2966,3565
5679,4157
3682,3223
2262,2147
3789,2294
4810,4595
2260,6574
5447,7430
8073,5512
7397,5454
5983,7107
2651,2582
9687,9659
3948,3106
2480,4194
1559,2103
6782,5104
3845,4223
3479,3893
3476,7837
5754,1811
9415,8568
7362,6840
6734,5066
4146,5468
5576,8375
3913,2637
4548,3255
8546,4438
3241,5145
3291,2221
8990,8799
5719,3005
6381,3239
7379,6229
2749,1309
6428,5506
651,960
8655,4524
6523,7665
1046,638
8749,7175
5521,8666
7623,6605
4470,6294
2821,1696
8428,8933
7571,6737
7662,4976
3680,3487
5709,6241
7810,7910
8287,7374
5163,4614
7535,6910
4639,5427
9057,9306
5715,8150
9387,9232
1976,1531
4113,7174
2010,2282
4581,4509
6173,3340
6603,4324
4737,6795
7035,7251
4446,2850
6598,5416
7507,8644
1723,3419
8279,9046
5381,6315
7861,6756
8143,8639
2666,2838
9909,9932
3487,4695
5288,4071
8553,9004
3017,4378
3181,2067
3970,5057
6718,7415
1825,1539
2533,2671
3355,4258
7901,7700
3023,3224
4882,6995
7775,8696
1148,3587
7247,7457
3997,7013
7110,6014
3149,1742
5650,3491
1393,3277
1609,4065
4522,3425
8560,5715
3659,2288
8357,5669
3021,5634
3949,3449
6953,4034
6155,6479
1215,1482
1631,2592
3983,1112
7325,5869
6214,6848
7911,8099
5973,7435
7521,5330
7813,6822
6232,4684
3523,2390
3640,3022
2116,1471
505,752
1731,1736
8179,6955
8654,7985
5701,3501
7293,6898
9779,9893
2831,3913
3377,4368
4079,6269
5520,5187
4485,2792
7618,6193
2342,4055
6710,7864
1523,1430
4404,3315
6215,5157
6047,1960
4006,3370
4712,3412
7144,2469
5987,7257
5228,3450
4848,5166
4764,4749
9366,8692
6005,6256
8937,8445
706,1002
6840,5153
1312,1530
4517,3946
2718,3769
1640,1429
1949,1834
2708,2923
7248,2530
6915,5521
4225,4275
2593,5950
927,1744
4597,6256
2679,2358
4815,4635
8098,5696
2638,5639
9151,7427
8905,8259
6047,4683
2816,3244
2445,3173
6958,8215
4472,5152
4679,3244
7591,7718
1457,1228
3062,5863
3148,4253
4418,4619
8194,5910
3729,3537
4794,5165
3603,6163
6662,8033
2318,5341
8199,8249
5600,1716
4032,6813
1822,2437
4381,5076
8575,8684
2341,2861
4349,4129
4052,2243
7573,9158
5154,4353
8723,9010
5635,3893
4807,1945
6929,3315
4484,2703
7686,8243
4497,6853
6256,4375
7233,6728
5803,5851
3761,3120
4919,6163
8706,8449
1796,1164
1827,3326
4413,4148
6216,2561
3942,3100
1714,1900
7428,7612
6769,5672
3162,5102
3668,4885
5754,7230
8721,7361
4933,5770
7681,6969
5907,7762
4158,6560
2075,6711
1405,1597
8077,7040
5431,3413
4002,5542
7534,8028
6661,6719
3725,5156
5163,5508
3464,3582
4682,3923
4070,4170
2508,2947
4166,2182
1945,6258
7165,7263
2690,862
2879,3220
1524,1067
3421,2155
4075,5258
7233,3036
8957,8304
6406,7205
5078,7082
8092,8158
3744,5503
8410,8601
9279,7851
1929,1600
6984,6746
1438,1302
3841,4976
726,1067
7099,8354
4063,4406
4207,5215
6282,3506
6787,3702
8497,9372
952,1549
9089,8609
6817,7077
5567,6741
4877,7565
2371,995
3782,5390
6964,4809
8056,6715
9102,7113
8081,8230
8391,7916
1815,1107
7206,8698
5868,6215
7084,7562
6805,3234
3550,5459
3311,4248
7236,7202
6395,5664
4363,5885
8716,8004
4799,2045
4808,5397
4833,5976
7804,4575
7449,5546
4971,3682
3477,5469
207,225
3116,2965
2616,2932
5067,5932
2780,1760
3456,5923
5898,3097
1950,4151
1307,902
6727,4526
3768,5474
6794,7807
3755,6688
1506,1783
7689,7752
3579,2796
566,708
3664,4540
4383,4184
3549,6599
3014,5278
5935,2201
9636,9804
1974,4360
6692,3791
7718,7197
4674,4203
7382,6636
2395,1787
7085,7273
5139,6394
5396,6955
4383,7853
5511,5865
5482,4035
4659,6760
4663,7008
3069,3235
6733,5622
2638,3186
6159,6555
6745,6380
5855,5881
4216,2744
4200,4126
6248,5237
8210,7578
3505,3816
7429,8011
7130,7717
3753,4566
5251,2890
2150,824
1786,2081
3518,5747
7072,7229
2624,5088
1381,1924
8606,9438
8124,6575
5731,2894
8769,9448
3041,3838
4889,4168
4461,6698
5638,2339
6632,8137
2822,6602
7648,7399
395,969
2020,4602
3093,7621
5385,6763
4207,6091
5073,6430
3884,3797
6071,3826
3598,5604
7545,8311
2780,2257
5757,5201
4967,5043
7700,8076
4858,7830
4496,1887
5468,4757
6572,6523
8854,8391
8734,6868
5130,5965
8338,7655
5341,3560
4946,4177
8962,7997
3993,1511
7601,5618
5465,6586
9280,9464
3926,8727
8820,8604
4037,4940
7581,6537
7029,7792
6331,6366
4687,6629
8744,8284
5922,3673
8370,8016
6779,7832
2681,4622
4002,6521
7657,5948
5163,3871
2735,4722
2174,3113
6559,6875
3809,2313
1397,1958
4311,3758
2523,3345
1402,2054
5822,4457
3050,2783
2803,1586
6071,4678
7740,7915
8021,4620
3206,2144
1251,1208
755,1650
4634,5565
4327,3247
6836,4950
5132,5440
9102,8708
1755,997
9623,9719
6086,7685
8445,7396
4378,3765
4338,7077
7674,7284
3936,4913
6009,2589
5665,5033
7453,8500
6703,7639
2671,2771
7339,6956
4509,2840
4314,4481
4386,3523
7050,6829
4630,7163
9460,9324
6075,3806
2719,1735
2742,2556
3484,5894
2838,2015
4570,5557
4502,2744
3339,3578
3416,3334
3800,3990
7630,7109
5081,2726
6329,8116
2864,3236
7129,7382
1502,2489
3935,5804
3406,5597
555,457
3598,7215
4322,5203
2130,2613
3383,5828
4462,4364
6127,6479
8576,7055
4211,5501
4374,3311
6838,5818
4012,6252
7218,5739
5982,6925
1143,2664
6516,4780
4633,4261
1635,2596
2206,2094
4079,6095
8711,8842
7955,7582
4335,6089
2611,1992
5457,6268
1643,2337
4669,6987
7454,5675
2352,2971
4618,7112
3916,2221
2866,3340
1013,3678
1578,2816
2680,6421
5827,1931
1204,1562
5340,5444
4445,7584
2058,3531
2626,3988
4933,3220
7120,7510
4275,2182
3188,5732
3672,5188
3410,2487
4167,3320
7192,7216
2955,4207
7961,8320
4932,4783
5180,4922
2605,1600
2270,3844
8040,7132
936,631
6619,3409
5412,2472
3394,6401
1792,1960
2893,4865
3758,2521
6529,7556
2904,4347
2817,3346
6473,3479
8790,5606
5504,5979
5066,5423
1904,3502
6201,5069
4116,4798
4648,5225
4373,4830
3423,5754
1376,1274
5944,4260
4511,6978
7177,6394
8825,7933
2823,4229
7145,6512
3834,4945
7146,7048
3000,3820
8241,8938
3287,4086
6393,6725
7515,6172
1849,2257
8644,8305
5086,5445
7800,8763
3919,5389
7062,2576
3694,5257
3166,8279
3190,1421
2835,1697
7086,5968
4109,5347
4171,2440
4384,4966
3714,5205
6853,6434
4868,3773
4778,6011
7309,6958
4756,5989
5384,4534
2601,6020
3944,2830
3315,3541
5051,4514
3509,2366
5030,4682
2014,2479
3448,3296
995,777
4527,2854
6080,7452
5287,7660
5224,4914
3407,4707
7730,6231
6080,5162
4199,3850
8145,7995
1554,3300
2783,4156
5220,7704
5892,3813
5221,6271
3858,5372
3371,4051
2690,2889
7703,7589
7144,5645
5939,5141
3026,2005
4691,3503
2233,4363
5218,3228
7150,6661
2002,1436
3880,3221
8216,8318
2968,2828
3209,7284
5048,3677
944,740
2593,7066
9502,9101
1979,4736
7701,8999
2376,4689
7937,8242
6763,6922
2543,1600
6198,7264
9089,8626
664,1264
1682,2195
2589,1404
2660,3491
8970,8849
3810,5197
1810,537
2457,6024
3676,2383
952,690
3648,5603
7101,5550
4829,2599
1055,2965
4951,5150
3275,7155
6462,4845
7169,7224
2613,4376
5027,4402
501,1255
4544,6056
6920,6317
7109,4113
7857,6469
6725,6652
5485,6090
5736,4629
3840,4480
1884,2836
6098,5184
4897,4910
2259,3954
2651,6055
2524,4998
8916,7464
2151,7063
5976,8095
3386,3077
4566,4602
9139,7620
1638,2797
5707,6706
5037,3406
3223,2919
5126,7584
7276,7892
2841,2496
7222,6215
926,1954
5185,6981
3710,2813
4036,3601
