1000 2
0,7226
0,3276
4434,3045
2325,0
5423,0
5942,0
3560,4037
0,4876
5483,0
0,8770
3792,4327
0,615
0,5613
0,6460
1732,2443
3639,7059
0,7425
5522,0
2932,3671
0,5445
5062,0
2060,1493
6743,7329
8043,5414
0,2608
2188,4012
3161,0
7402,5155
8560,8120
0,5262
0,6168
5102,7026
0,8352
4299,1665
5897,0
7273,7467
0,7689
1623,0
0,8409
6393,5147
6874,6605
7254,0
8337,9300
7394,3252
9236,0
6018,6894
8084,0
2884,0
5289,0
3378,0
6285,6482
6349,5828
6199,7965
5272,0
8969,0
0,6459
0,6890
4548,0
8382,6228
4760,2951
4236,4927
0,4361
0,4083
2139,4640
4666,0
3863,0
3366,0
3926,3045
3586,4009
0,4098
8804,9177
1546,1451
4436,0
2691,0
2776,1535
8177,7443
2417,0
1672,2641
8854,8107
0,3321
0,7979
6279,6472
2073,1458
6249,0
0,2543
2963,0
8120,8288
6816,8788
0,6100
0,4774
6561,8270
6063,0
4921,0
8108,0
7600,7885
3644,0
3229,0
1583,0
1301,0
7442,0
6137,0
1384,1575
8073,8288
3252,6075
0,6277
2231,0
7085,0
0,2888
4207,0
0,6674
0,1936
8358,0
5441,0
0,4952
6158,6008
7860,6814
5112,0
3506,4023
6119,7069
0,3069
4414,0
8202,3679
5175,6632
6489,0
0,4358
3456,4096
0,4712
5232,5383
7356,0
0,8611
1136,0
0,6276
7425,0
0,7425
0,8030
1436,1647
8608,0
0,7307
6715,0
0,5933
6813,8293
0,3995
5360,0
6393,2379
424,1551
0,8689
2554,0
3448,0
2275,6892
6054,0
3984,5800
4562,7262
0,3116
3302,0
1139,1764
6401,3934
3272,4042
0,2492
6935,5248
0,6767
8028,6709
0,4979
3115,0
2368,1978
0,3424
0,5492
6925,0
0,6131
3342,0
6615,0
7137,3720
4785,0
0,774
6704,4008
9117,0
0,6750
6439,7984
5257,3877
7866,8191
516,606
6920,0
6181,4034
8978,8664
0,4479
0,6788
4565,7298
0,7803
3270,0
9209,0
3815,2254
0,2392
5976,7065
0,1364
5030,4601
0,4087
3769,0
4574,0
5448,4198
0,6222
0,3273
6421,7607
7405,8153
4995,5396
0,4239
4042,0
6412,0
1915,0
4362,3179
5948,0
4579,4804
4360,7760
3555,6096
3026,0
0,3574
2967,0
3173,3347
3647,3158
0,5246
8434,0
6702,5158
0,2907
6338,6832
7913,5725
1486,0
8735,8885
0,5414
0,4941
2077,3132
4030,0
0,2852
0,5408
6777,6912
4128,0
2149,0
3837,2576
5325,6206
4210,5237
7548,8338
4021,0
0,6167
0,7799
1858,2679
5517,0
2850,0
5540,5828
0,2423
3459,0
2693,0
4117,2415
6556,6110
5160,0
0,5966
2770,0
4266,2813
0,1881
0,702
4826,5195
5149,0
7558,0
0,7271
0,2589
0,2877
2909,0
6727,4872
6474,6187
0,8889
2891,0
0,1837
7864,8284
0,6324
4814,4946
3446,7060
0,6246
2401,0
0,2195
0,4345
6278,0
7127,0
7600,5363
0,1959
9063,8553
7771,6725
7856,7089
0,7921
0,4779
4975,4874
6018,0
4087,0
0,5776
4190,0
4419,0
3305,0
5157,2630
2418,0
6215,0
7598,7767
6860,6348
0,2747
0,5276
0,4614
1615,0
7207,0
0,6233
0,2250
0,3275
0,7665
3177,4293
4259,5368
1874,0
0,5029
2373,0
6475,7930
173,0
5085,0
0,3210
4192,2265
5700,5078
4526,0
0,7908
3137,4297
3246,2050
0,5640
7992,5532
2178,0
0,3569
6185,4811
4655,4278
0,6191
6787,4940
1380,4348
0,8215
0,3809
688,0
4907,0
5434,0
6598,2717
7205,0
9273,8199
5327,4129
7807,8816
3450,5285
3900,6111
4755,4047
6669,4306
4031,0
5297,1930
6062,0
5560,5224
5521,1966
5612,4932
0,3691
1987,7983
0,4256
2641,6256
7264,0
1227,0
0,5918
0,386
7552,0
6924,3030
0,4085
3366,3161
6473,8904
4231,0
0,9066
0,7775
4493,5110
0,7974
0,6406
5885,6693
5754,5054
6392,0
981,0
7301,7867
2131,2510
2346,2748
0,3742
0,6359
2554,0
3993,4006
0,4047
0,9072
5598,0
0,8015
6060,1994
4343,2939
7594,4288
5591,7345
0,7370
4987,8152
3156,0
0,8044
0,2000
0,8420
0,7335
5967,6652
1725,1764
1761,0
8438,0
7941,0
4391,6656
8511,0
4090,0
0,4350
4782,0
0,7026
4855,0
8117,8325
8006,8534
0,2667
7495,4216
2883,2390
2643,0
7115,6333
3004,4040
3002,5036
1995,0
3318,1834
0,3747
0,4171
5897,4191
8190,5717
0,4965
6790,0
6167,7429
2962,0
0,2786
4960,0
9443,8097
4668,5351
0,7642
2924,0
6921,0
7267,6822
6931,3085
3858,0
6197,5832
8642,7679
6458,4548
5221,4177
7659,7127
5421,0
8631,0
5734,4690
8171,8108
2551,1352
6289,2408
4740,4467
5961,0
2307,1635
0,5488
2279,1216
0,2677
6370,5094
3027,0
5630,0
1756,1043
3236,4697
4260,0
0,5103
5762,4002
0,7707
3795,0
2976,0
0,3223
6912,3905
5827,0
0,6651
7040,6347
2687,0
6524,0
0,7176
2938,0
5937,3894
0,1269
7222,6427
9483,9728
4316,5164
1374,2503
0,2251
6976,5237
0,1968
0,2754
5923,0
7305,8011
5499,7724
6400,2691
3823,1967
6884,0
0,2950
0,8207
0,5643
1606,0
8210,5619
3588,0
6656,4116
5790,6606
6074,0
3420,0
1476,0
7397,7378
4330,4211
2672,0
3435,4891
7460,8353
0,3672
2716,0
7233,0
1095,643
6670,5152
0,7295
7913,5930
7819,7761
0,6474
3456,0
8884,9241
5935,0
0,5656
3285,4549
5172,4577
0,475
0,3762
0,3191
7478,7721
0,7732
0,5133
8632,8412
5263,8656
2718,4335
5355,0
0,6245
0,7436
3630,7681
4126,3668
5957,0
0,1637
4363,5017
3667,3780
8609,5114
5609,6896
0,5501
7810,4371
4030,0
4663,2576
6843,7297
560,1215
6462,5554
0,1325
6192,4613
1135,0
0,5384
0,3839
1631,1473
2872,0
7142,9101
0,2539
5365,3429
0,5301
0,5774
0,7755
7332,6921
4581,1962
0,5832
0,5140
6938,0
8056,0
2484,7116
5366,0
886,2808
3288,4431
0,7497
0,519
4382,4293
7587,0
0,3134
774,0
0,6872
4806,5529
4112,3860
2324,4271
4025,0
9298,8372
3689,3133
5574,3578
0,5732
1712,0
7515,3336
3385,2616
2592,1831
6184,0
6457,2207
3275,0
0,3182
6058,0
5161,0
6880,0
2283,3960
4393,5949
6225,0
0,3572
6366,4570
0,9674
3389,5304
5627,0
0,2056
8190,0
4670,0
1682,1822
1329,1770
2873,0
8880,0
0,972
6927,0
1407,1828
9694,9678
3705,0
4404,5401
0,1146
5971,0
0,6873
4494,0
3353,6081
6018,0
4485,2237
0,4911
7445,6576
6499,0
5792,0
0,3019
3107,0
0,8124
6254,0
5566,7178
3386,0
2258,1929
6964,7182
6868,0
0,5310
5911,7073
5414,2558
0,3494
2629,0
4290,5020
0,2539
6230,4621
4973,3036
7309,7558
2906,3787
0,5851
0,9624
0,1442
5934,0
0,7191
0,3017
7134,7367
2145,4473
4925,1604
2800,0
3759,0
2443,1627
6128,4634
0,1669
0,6409
0,7213
0,2957
2365,0
4142,0
4687,5262
0,5631
6277,0
7863,6391
0,2748
4946,7319
4795,3611
0,1984
3587,0
4360,2716
6871,7526
0,5499
0,2283
4802,0
4645,2300
2018,0
2558,7389
0,5125
4577,4369
0,8965
3059,0
0,3936
7408,0
7719,6757
0,6183
0,4774
1338,1605
5005,0
3465,0
3526,1933
2750,0
0,3243
5826,6165
5259,3224
5906,2169
8058,0
3705,0
5365,5880
2738,2721
5936,6123
0,4847
8268,0
0,7638
0,6584
0,5654
6200,0
0,3008
0,6620
0,6034
1771,0
0,7791
7052,6998
0,3981
4377,1426
6890,8109
2199,1770
7995,8387
6534,7348
1011,1214
4507,5396
7326,0
4037,6159
8576,8273
5296,6182
4503,3725
1343,3046
5436,4314
4489,7255
4092,0
0,6143
5446,0
3285,2199
3416,6037
1589,0
2908,0
5299,5368
8537,9169
3498,4491
2919,5850
0,7946
0,4642
1901,0
3713,3954
0,6648
0,3587
4357,0
0,2392
4937,0
852,3043
7273,0
2706,6517
0,2618
0,3332
0,2139
0,6968
7006,0
1262,3085
0,3202
3759,0
7450,5991
2645,0
7671,2503
5822,6134
3477,0
1102,0
0,4033
1190,1527
2911,0
0,7377
0,7965
5361,5679
3712,0
0,3964
0,6327
0,8898
5494,5467
0,6195
0,5936
6461,3752
5002,1007
7467,6490
0,7741
7937,7489
0,2238
0,1362
3848,3202
1433,1295
1787,4792
7731,0
6667,0
3011,4685
1457,0
2806,0
342,794
0,4403
2201,0
0,5389
0,4033
5671,0
7044,2740
6470,0
0,2630
9068,0
3621,0
0,6336
4819,0
5329,0
2694,0
1622,2484
1392,1405
0,4168
5608,5882
0,1343
0,4795
0,2736
2779,0
0,2601
0,3515
0,7624
2622,0
3106,0
6897,5631
7319,6614
8696,0
8174,8010
2373,0
0,7342
6521,0
4640,0
7027,4223
5733,5535
0,2541
7725,0
0,4520
0,8676
5916,0
3536,3908
3309,0
4077,0
7879,0
6812,5692
0,7466
5892,0
0,4943
0,6048
5215,4932
0,7457
3774,6561
0,2489
2374,3389
7353,5409
6224,5771
3579,0
5670,3743
0,5495
1755,0
0,2218
2839,1075
0,5487
7402,0
0,6899
7541,0
0,5398
6131,0
5649,0
6375,0
6659,0
0,7679
0,4518
6661,4490
0,2758
7111,0
5078,0
4805,7669
4300,0
2510,2205
7334,0
7965,6957
5949,0
6881,6917
3632,0
0,3529
3749,0
0,4462
6716,0
5285,4318
0,8593
9486,7562
4622,3228
7738,0
6707,6218
1313,2762
3748,0
4009,2399
9686,0
0,8463
0,7454
2252,1296
6384,0
0,3023
0,7724
847,304
3991,4539
0,6283
4972,0
6045,6496
8361,6412
2612,3503
3123,0
1909,2012
0,7052
0,8046
4806,6686
4121,5134
1796,2278
0,3058
0,5347
6137,0
4050,5636
0,1052
452,0
4697,0
7714,8720
1855,2964
8092,3914
0,733
8183,6714
8375,7164
0,1227
2313,5048
0,6907
0,8330
0,7984
3948,0
2960,3049
6489,0
6629,0
8437,7525
6328,0
4859,5215
3421,0
5718,0
7310,7414
0,4299
2292,4317
0,4332
4134,6903
7188,7710
0,5497
6007,5981
0,3249
4245,0
0,3551
0,7085
4380,2701
0,4775
3028,5558
5218,0
3883,0
6668,0
5228,0
0,3692
3688,0
7850,0
1849,2039
6110,0
0,4208
2360,0
0,6306
0,2871
0,9194
0,7841
7549,7119
0,1436
3481,0
0,5918
0,4053
0,5401
0,5279
3139,2865
6466,0
0,2917
0,2929
9080,8645
0,3594
7723,7350
5049,0
7062,7865
3499,4331
3469,0
0,6055
0,5526
3860,0
