5000 2
2298,759
2388,1268
1689,884
2440,1011
986,493
3124,1520
1818,713
1463,551
2813,1150
1862,500
1812,548
2501,1351
1715,717
2207,634
3100,1775
3044,1666
693,229
2942,1668
1786,733
1642,565
1075,303
989,247
2521,1341
2477,949
947,324
1012,431
2699,1282
930,281
2910,1234
2033,963
427,148
2059,585
2179,885
3338,1643
265,106
326,101
239,74
373,157
1423,508
1103,296
1007,207
549,132
2634,1113
163,110
1822,899
3091,1716
223,90
2538,909
229,106
571,186
1119,347
398,129
2050,913
1051,426
1291,405
2287,1130
1876,723
1304,449
298,85
2091,1010
985,400
3047,1822
980,447
845,216
698,287
2903,2107
1102,502
538,244
812,393
1910,730
2056,511
1251,496
2079,651
633,211
281,106
1748,943
556,239
2386,728
1229,684
1773,611
170,62
48,9
3230,1290
2060,933
2477,888
2574,1684
2003,1322
124,46
2860,1018
2612,1211
1019,424
2463,807
3227,1961
499,128
2832,1389
3041,1526
2549,1381
2958,1437
2519,728
400,172
1424,496
1708,668
400,168
1165,588
1232,255
3238,1488
2853,1684
2513,1269
433,107
606,162
449,155
1450,629
2747,1949
1376,299
1074,319
340,114
121,30
342,167
3244,2170
719,226
2837,810
446,122
1776,769
1238,586
3235,2450
2521,1048
1213,380
2205,865
465,156
252,85
1400,677
876,427
57,27
882,405
1991,685
415,87
1101,447
1639,594
2669,1700
1888,826
108,38
1270,284
1081,593
528,98
2208,775
2869,1681
2481,1071
2691,882
157,69
2176,622
2820,1453
1421,520
2859,1563
759,166
3031,1593
401,170
1964,766
1078,321
2289,1442
175,75
270,90
1469,604
1962,475
1136,503
1766,676
3204,1675
1183,533
1393,722
2668,1630
280,57
2089,588
3132,1573
897,325
1026,346
618,297
3465,1887
2148,742
2131,902
467,126
380,242
2285,841
1731,887
1439,364
291,143
2086,778
797,285
121,80
232,112
754,151
517,168
1801,808
2987,1823
1783,648
353,125
1430,523
177,56
2279,415
139,65
2401,1342
431,217
792,202
2853,1700
1372,571
3539,2831
395,168
1529,578
2177,634
889,319
2814,1633
1055,279
2513,1455
2278,1007
2052,1109
72,48
432,124
1269,370
2688,1058
2589,943
1531,612
2563,941
1755,411
2191,1138
339,119
103,45
754,424
1059,418
962,268
2592,1680
1574,347
2341,804
2590,1161
57,10
2756,632
87,43
623,119
2419,1124
2843,1508
2570,1382
1125,482
1070,302
3122,1353
247,100
785,242
3220,1502
3162,1778
1161,420
1040,371
1131,627
814,502
526,148
1259,377
271,85
2656,1519
2388,1119
3184,1935
853,285
1026,418
3122,1701
1704,600
1733,760
1586,543
2945,1326
2709,914
1646,700
2516,1757
1758,592
2647,1283
2992,1549
2952,1590
2741,1298
1589,600
2835,1000
443,171
2995,1600
319,90
640,274
866,300
408,174
165,90
112,28
1207,502
1456,521
268,92
2198,685
2427,1126
216,117
2332,764
278,81
2598,1289
1411,485
1360,475
1907,610
2975,1585
2892,1549
1220,446
2900,1154
351,192
1891,800
364,81
1697,752
212,105
1485,647
1133,378
819,414
1346,527
93,20
584,115
85,17
882,324
333,123
2373,1604
1909,847
278,109
1631,738
889,275
242,91
1019,422
1134,383
2946,1769
708,233
1613,797
313,137
139,64
1418,410
1105,720
1589,531
3039,1129
2267,1043
311,139
2995,1722
2030,823
818,386
918,202
782,164
2557,1363
1326,434
687,240
2525,937
813,289
790,278
1049,268
1943,653
709,188
2055,919
1327,603
1961,1232
2435,957
222,84
185,71
930,487
1046,389
2662,866
1224,313
2338,1101
2274,1037
1898,718
2382,798
136,77
1393,346
260,48
1091,619
1870,747
3026,957
1340,603
2490,1149
2512,591
2776,1065
1083,532
2968,1267
2960,1679
3257,1552
284,102
3044,1505
1935,1039
856,437
3016,2152
2482,1139
164,66
1277,697
1760,411
1909,946
795,332
1354,476
1082,371
1170,516
911,314
162,85
1516,678
1083,446
1027,288
2672,689
891,365
596,282
1405,441
322,60
2095,681
608,347
2947,646
207,95
606,309
2643,1091
237,96
49,21
864,157
2408,496
2487,913
2369,662
2037,1062
138,63
1888,818
2501,1453
126,39
1451,634
1094,400
342,104
752,296
165,81
700,239
2267,868
2688,1790
648,310
61,14
2539,1005
1782,597
1165,463
2687,1323
2253,1268
174,84
2598,843
592,240
1913,604
1283,397
1665,744
609,340
1306,527
2913,1395
945,361
1481,1006
1021,513
1363,446
345,152
1745,968
2081,321
1059,565
1196,559
1652,467
1055,296
1738,732
2023,494
877,360
1505,524
3117,2075
480,174
1513,852
1165,502
555,159
2446,1616
1849,836
552,224
1025,401
450,131
2506,1083
2500,1083
3041,2273
869,365
2369,1050
2798,1861
767,474
1222,528
2158,663
93,60
2068,820
1262,485
1586,748
2084,477
888,346
2119,1043
1949,853
119,64
1384,697
2694,1280
1828,589
1384,435
533,166
1116,358
209,58
2777,1462
1449,806
1594,773
1966,951
1645,848
1581,781
1977,894
2135,1174
789,287
675,312
2880,1557
3094,1698
1249,638
1548,301
545,228
3001,2125
997,268
587,359
2860,640
2398,737
135,62
627,341
678,229
171,83
170,54
2265,1069
2627,1028
1657,711
152,59
768,153
2600,1726
556,124
2481,1495
1055,620
549,193
2717,1509
1403,616
986,293
924,275
158,63
134,55
2265,1600
1317,493
1085,496
409,174
676,322
449,155
1646,686
1377,566
3024,1898
1735,871
1131,572
1288,532
2518,743
2256,1088
1878,1156
1149,463
933,374
1876,1118
130,54
1965,1192
1236,491
2072,759
1525,653
1370,416
2186,1011
733,323
2556,980
1653,636
1032,386
748,174
835,246
702,215
937,509
2906,1230
2009,511
2770,1553
3215,1435
453,196
1935,874
154,84
2037,748
2777,1450
1985,1088
334,82
493,204
273,136
220,68
1876,589
37,9
1993,863
2203,1623
1660,392
102,45
768,237
576,183
1682,892
1552,790
955,295
887,271
1664,825
2050,1191
827,472
2091,637
85,43
3067,1879
947,441
250,107
1132,476
1098,340
2121,1253
1853,432
2163,914
1261,502
2797,1322
343,163
2315,857
2530,797
1966,847
2884,1361
2741,1285
2283,1123
854,123
654,153
807,324
1875,828
1823,817
1812,813
38,6
2765,1557
1704,695
2440,1088
1711,536
1213,561
2119,833
3092,1909
1215,377
2152,829
1075,311
926,345
112,30
2119,1113
851,269
1213,528
3182,2097
1020,303
293,91
694,236
1760,697
2533,1587
1977,691
1277,475
110,16
2900,1949
1181,584
611,198
1714,832
1969,1025
2069,934
534,88
1216,706
2813,1234
2686,1197
1929,723
1090,333
1163,299
2268,692
1849,585
547,153
1598,775
929,373
598,196
2423,1060
2520,1398
109,25
1538,492
2473,1064
1322,571
698,275
2760,1182
2170,958
2238,876
1323,517
739,340
584,177
1581,846
3314,2021
3019,1436
1132,520
1859,822
3025,2172
2524,572
384,178
1003,440
1929,1097
1264,362
751,288
866,376
38,19
611,209
2910,1144
2413,1083
2002,530
1282,973
1079,376
86,30
2751,1594
1466,642
1219,422
2364,1369
413,157
247,50
499,79
1552,639
1508,321
2132,1006
2538,1002
413,85
2839,1778
1583,608
1176,645
245,96
1297,623
1611,308
310,57
2454,1078
1064,533
2544,640
734,291
1149,533
3207,1497
332,144
659,195
1074,384
2409,685
2850,1102
2390,752
532,175
2629,1589
1775,1040
2437,1868
1487,497
2215,892
2410,1795
1486,589
1828,614
2546,1366
282,123
1264,334
2802,1803
2737,1248
108,33
1540,528
1686,939
2121,659
2888,2365
2057,584
1641,571
431,179
1856,1009
1441,514
1778,843
205,76
1456,453
463,223
2205,852
3105,1789
1338,816
1050,339
2527,838
1618,547
2483,1031
1967,976
154,69
113,59
1686,768
1086,214
2742,1380
1417,727
794,240
2717,1270
2413,1245
2058,517
1157,414
2779,1972
1734,650
2171,725
2260,1015
2705,1253
2095,1131
2667,1363
1401,487
212,45
1684,524
1030,331
1835,1253
1779,755
997,376
398,114
2462,1406
3390,2031
1824,1105
2969,1518
2231,1487
1594,1076
637,411
2698,1337
1392,570
1705,826
1693,610
640,219
1576,855
1979,1058
1393,787
2941,1660
1307,523
2006,846
323,161
1885,755
2411,1304
2893,1199
2122,912
153,80
1337,507
3064,1260
1207,397
736,355
2259,895
1763,818
849,370
914,448
105,46
1781,1039
2179,1098
1900,683
2539,1224
1222,354
723,184
2859,1623
216,132
2617,947
2158,1023
1703,795
2171,1266
979,424
452,202
1650,805
1479,527
131,58
536,205
2825,1404
1488,518
1233,612
1195,592
732,221
160,68
2641,1408
2560,1056
2406,843
555,107
586,172
578,172
1753,553
969,394
1381,375
161,38
1139,502
1046,225
2642,1134
2641,1941
1455,589
883,358
152,38
273,122
1195,746
2266,1457
2370,1401
2451,1643
1658,677
3143,2034
2168,1118
2864,1131
560,86
180,38
726,312
2438,1277
2330,908
1816,866
1891,698
502,206
869,244
2035,739
2286,970
2077,903
1102,546
2815,1286
2316,1423
2328,754
1690,719
1994,914
134,36
2623,898
850,326
2394,869
1789,519
254,75
1535,444
963,495
1973,722
1142,427
826,225
2159,940
225,76
2912,1300
2309,1613
2541,1178
1872,570
1830,545
1782,567
1331,624
1841,564
502,162
2812,2100
381,157
580,155
419,153
2122,1055
404,177
1718,878
1106,334
1568,855
1254,470
800,441
2791,1334
1581,538
1397,474
1135,523
1853,761
3183,1859
1403,406
1551,364
2092,479
708,198
1209,528
413,199
1208,219
194,65
1541,472
2937,1540
2622,1465
2119,585
2795,1387
2686,1671
2647,1566
325,121
2125,1053
1170,533
1545,438
1839,702
373,133
2052,673
711,190
100,29
451,186
1324,403
1510,614
739,408
1167,292
364,67
2364,1337
708,335
277,53
1298,672
2097,1222
1012,422
516,171
1424,703
784,369
1333,520
1565,582
1557,654
633,378
2860,1082
2046,1042
811,511
2510,1634
3226,1446
2111,792
2119,1223
980,319
1270,443
373,109
971,554
541,327
577,228
2349,731
298,142
1966,874
3060,1254
1661,951
2710,1415
1917,925
2670,1255
2286,932
1331,747
1303,350
1337,579
332,101
777,391
2293,1365
135,74
2677,1441
736,309
496,259
1051,299
442,198
446,146
225,85
2754,1056
1239,839
1834,880
124,55
1159,406
2973,794
2422,712
2657,1073
298,88
2052,770
553,126
225,59
328,67
2146,503
2381,1033
1794,506
2969,1816
556,266
1447,535
59,8
2623,1292
298,63
259,59
2054,1115
276,59
2820,1106
2610,1271
1560,1062
1112,335
3239,1741
757,287
1867,657
1107,217
548,217
2001,713
2479,1202
580,182
1360,561
657,208
580,192
655,248
2919,1547
1635,327
2415,763
2562,882
395,94
1845,931
661,334
1980,904
2625,763
545,230
3417,2452
817,374
964,314
1243,371
253,53
1356,472
2075,1454
67,15
337,168
1609,777
1427,371
458,71
1320,550
2723,728
2287,1153
2370,1565
248,60
1112,371
636,192
476,179
1638,427
123,57
129,52
2765,2221
1506,672
1579,737
1077,422
2710,1179
1934,641
1584,595
714,356
1631,377
1411,352
2154,781
490,55
331,32
2434,1073
1892,899
542,174
1371,798
2542,1541
372,202
1716,808
2046,1096
2639,584
1574,615
1226,393
207,68
199,117
1686,567
654,308
247,80
106,38
2914,1771
2385,1436
1065,335
842,244
2228,567
2460,791
475,148
1086,390
1686,642
1829,341
1750,1044
1919,555
1666,635
696,249
1105,425
2730,1234
815,443
321,165
153,93
1845,903
1514,560
1815,568
1578,604
2014,1266
2111,994
149,59
2911,1688
1109,415
616,250
2473,870
1787,859
1317,476
2269,1180
461,144
431,140
153,55
2431,1217
838,157
597,190
1313,538
3175,1293
1822,1229
1592,643
1932,970
2116,860
372,103
611,231
1044,278
2128,1108
2865,1292
1423,444
586,235
2309,1269
527,167
2055,1326
2317,1184
504,188
1264,603
123,84
1796,689
1812,800
307,119
1505,681
1708,423
2902,1535
165,39
562,155
2238,798
3028,1827
1976,1585
2742,1560
112,42
1145,349
1771,799
2677,1818
2393,1196
1468,955
564,219
2167,858
121,15
1468,659
2016,838
1037,458
979,380
2467,940
1025,524
331,137
339,152
937,325
2319,1357
1724,913
1027,400
2750,1276
1260,470
1988,884
444,207
2627,1289
923,302
2060,1037
1603,229
2682,1392
2498,881
867,184
1298,391
1818,682
2189,832
1392,595
552,235
1132,505
174,52
2664,1396
356,92
607,150
221,73
2040,1298
1973,874
146,72
1315,520
1056,272
291,150
3015,2082
2789,1974
2796,1789
1793,421
858,230
2796,1517
740,335
1699,660
2822,1202
2914,1200
2164,945
2597,1582
1892,1030
845,219
310,142
1814,422
1433,464
787,390
412,117
2086,1009
1721,471
243,55
480,90
194,57
2257,894
1104,520
478,196
412,170
1979,747
2314,1211
187,59
1900,990
504,220
1741,1002
1191,517
2181,1095
2446,641
251,79
248,81
1892,639
741,337
1694,918
1803,998
670,161
764,207
271,65
1134,321
2150,864
1940,666
2671,1263
150,44
2590,1151
1187,583
349,134
352,191
1792,723
3063,1726
2090,1196
868,216
523,123
2980,1581
70,45
1204,655
1186,529
2599,1326
1951,918
807,212
2756,1552
1037,289
369,145
262,124
2913,1035
483,74
145,21
338,53
3044,1469
1186,454
2745,1414
501,187
1259,488
1623,644
1740,486
2667,1204
1782,1095
1447,748
2213,528
1446,634
2033,821
1938,940
1755,827
2610,857
1274,443
60,9
2433,1225
3129,1642
115,44
492,175
1909,1274
3077,1772
1989,815
452,144
2775,1760
1207,349
418,100
1883,506
1638,591
451,210
2214,996
266,54
1013,504
2906,1734
2274,765
2277,942
1521,831
493,132
238,92
2186,1221
1188,548
2554,1722
2447,1135
2048,791
1202,480
1765,996
50,20
1715,976
2840,1401
2722,1206
1885,936
683,201
1964,837
563,240
1855,1007
466,219
2457,1002
1432,814
305,123
2055,812
643,194
2988,1907
1575,765
1416,369
2625,1080
782,212
333,90
2099,775
1014,324
2317,1014
987,249
2081,1151
2323,915
1465,685
2491,1521
2093,968
224,28
1789,728
2640,627
1588,761
309,112
369,81
2988,2326
2421,1542
1248,612
1610,524
2638,1743
700,434
2830,2043
1130,350
2783,1115
2355,789
756,297
2787,1709
373,83
1547,500
140,37
42,14
1416,400
860,230
2302,1046
1058,237
775,313
2431,1726
1309,492
447,144
698,216
2324,852
461,64
2297,951
2853,1714
899,466
992,430
2511,1296
54,7
673,219
1658,677
1036,409
622,268
878,340
1345,402
565,173
780,229
1507,667
770,280
2207,1486
995,281
2262,1370
1232,253
690,257
356,98
978,417
1437,528
879,346
53,8
1350,687
1485,737
2586,1269
1171,441
3023,898
1187,442
2252,942
375,123
1364,504
182,78
1706,618
2803,1591
539,126
1643,364
1515,426
171,74
1666,688
725,207
2459,1509
695,204
416,152
439,202
292,95
433,173
1074,411
855,245
2130,620
2862,1536
757,183
393,183
1638,619
702,233
520,243
1139,329
2572,1016
2435,727
1238,454
1438,645
722,272
606,245
321,95
2856,1953
521,194
2155,1190
526,168
395,142
2474,1598
2252,1536
2909,2186
2726,1513
2054,567
1388,346
2251,797
1099,465
727,172
1472,442
1793,843
503,209
626,324
905,400
1702,519
129,34
2697,1434
2307,934
2961,1396
2170,1109
346,147
1443,515
1146,343
84,24
1822,825
30,2
1452,670
1154,384
1712,673
2009,692
3028,1908
2168,1365
3025,1815
472,168
992,413
210,65
782,348
785,236
1249,324
2045,977
2487,1310
1156,144
2570,1483
2494,950
127,54
957,440
1870,714
1950,471
2387,739
2492,1045
907,193
2984,2418
467,231
2079,925
2546,1557
413,90
404,191
2139,461
1034,356
622,410
521,346
101,64
1897,1059
832,155
2683,1727
1687,629
2555,1291
2020,572
1424,664
478,188
267,131
2034,982
1503,681
1655,621
923,446
1469,434
1712,469
253,57
2088,908
1858,437
1571,592
2041,808
1532,395
2076,1506
1721,455
2920,1794
2686,982
2122,1062
1487,769
893,479
1909,1063
2676,1506
1783,878
2103,1165
197,65
678,220
40,3
324,104
2007,978
2009,947
1955,626
2578,1458
137,48
1238,324
1807,689
1976,982
2613,1609
469,121
1456,916
611,208
2577,1511
829,311
2638,1277
960,174
2284,646
3053,1391
1157,352
2160,759
870,259
2867,1520
486,89
2686,1722
458,142
65,20
78,30
1937,760
1936,895
1285,576
1938,757
197,81
2402,1301
2135,701
2351,666
1022,393
586,223
1420,581
1637,788
2101,850
2993,1563
1297,600
2091,582
2624,1266
857,430
2426,970
601,271
897,474
291,77
3007,1748
349,240
1731,742
464,148
475,151
2556,1588
2493,1618
1602,722
2734,2295
327,117
1421,672
1040,277
378,90
1476,668
254,63
1290,290
2159,668
372,186
308,162
45,16
921,376
1734,632
2818,1497
2279,1029
200,75
2230,1124
1434,500
59,28
1375,472
936,303
2544,1444
2415,1185
2136,1202
2699,2055
2564,971
1114,377
457,149
2401,804
1297,385
2481,1212
1404,509
2347,1148
2834,1598
2216,758
1232,358
746,287
1083,413
245,114
1115,385
814,195
1586,544
858,180
939,218
1195,499
1120,498
397,150
1049,203
2923,1739
562,169
91,32
2258,640
1063,473
1288,323
2189,702
2031,969
2062,701
2069,997
2722,1861
1642,496
2101,1262
1971,1462
774,358
1920,941
972,527
2373,1075
433,169
2813,794
1787,1044
189,87
2924,2262
2535,1561
2486,1126
2249,1597
2431,1000
740,295
1182,476
825,241
2648,1062
942,308
2344,1201
2496,871
1950,609
1761,624
2062,703
156,30
1178,381
1684,984
2367,1193
925,428
800,107
2781,1406
885,142
1565,654
638,166
769,342
418,129
888,245
860,537
2063,1809
860,167
424,88
800,387
716,306
536,228
278,89
2017,727
2018,714
2072,483
2957,1941
190,70
1584,726
3001,1183
93,15
1170,774
535,165
1547,616
1061,339
565,211
394,165
2853,1824
1586,491
149,28
1117,401
993,212
1259,486
2317,903
714,190
1001,323
129,41
2876,1284
1689,724
1531,443
3127,1649
2126,974
873,450
1685,726
35,4
1436,700
377,83
3086,1809
268,52
1238,276
2305,1295
87,20
1244,367
3081,2186
304,91
2762,1767
2497,887
1490,700
1278,526
486,253
2315,1126
349,175
2543,1341
52,15
715,347
1304,446
2237,1245
1675,1049
1949,835
2502,1616
366,123
1647,676
888,255
882,253
234,129
761,347
917,298
1505,631
2960,1578
2557,1375
1785,765
175,77
92,22
1168,406
2545,1203
1998,1329
2696,1410
2005,841
2407,855
1676,707
2472,911
1245,533
2358,1196
2139,895
1405,601
2952,1603
639,277
1344,469
3113,2115
2395,1214
2787,1762
2090,298
842,195
1161,510
132,45
154,28
419,117
760,199
258,116
1092,494
2019,1223
3270,1266
1868,706
1965,629
174,64
1709,640
128,26
2017,687
723,569
873,440
1014,417
612,273
1207,778
1075,556
2682,716
441,143
2241,573
1971,890
1957,769
1491,657
1314,848
199,98
3024,2414
1771,998
704,202
2535,1754
1197,340
161,48
2395,1184
573,235
772,239
704,312
423,155
453,201
2012,932
1982,988
397,89
332,98
94,22
128,47
29,6
1739,716
640,262
345,105
1069,261
2605,1525
1978,1097
1519,492
1011,513
324,74
1180,414
1695,682
1321,608
701,276
620,332
1197,431
222,67
2616,1080
2444,1386
2120,1006
1750,785
2426,703
1442,395
2475,1203
2706,1759
673,255
691,332
2458,1075
430,174
863,326
856,363
852,249
2484,1474
126,49
280,91
1772,740
2237,878
1570,395
2147,1127
1602,681
1132,353
74,21
1496,406
1214,562
1573,408
330,153
2157,986
1571,612
469,216
1781,415
2321,917
2864,1491
1644,905
969,397
2190,1174
682,198
2427,1632
339,259
408,108
471,214
2397,1076
2919,1503
2377,1024
1675,742
2277,1192
2626,1622
1788,818
1651,674
734,256
483,200
202,54
749,206
1994,1106
432,184
1569,301
156,27
1546,606
1761,875
1198,531
195,75
2025,1013
1126,352
604,222
522,130
3070,1301
110,69
2284,1036
2770,1549
573,151
367,159
397,164
54,17
2300,1010
2760,1043
1749,902
2417,1264
2248,1448
1901,568
1690,756
1303,453
711,359
1110,503
312,144
721,363
542,282
1579,579
1822,610
2740,1564
979,334
1567,988
3005,2076
160,53
2758,1676
163,80
900,212
219,138
487,176
404,146
418,175
818,258
2922,1255
1443,528
1989,1016
2149,1025
2624,1061
1029,452
1322,424
849,293
1420,614
1170,404
732,275
438,129
2287,683
1973,568
1105,297
868,271
636,325
2695,1253
1582,577
2646,1867
106,57
1682,835
3028,889
1566,741
122,45
753,307
2439,931
1932,272
2505,608
304,168
3073,2041
195,58
1918,1005
2549,980
2272,1179
836,349
166,49
456,110
2240,852
172,64
1453,696
1990,952
2556,1230
1174,613
2045,805
1890,738
323,122
2147,846
479,191
2083,804
845,278
520,228
2933,1062
508,217
2457,1516
302,166
234,74
2345,1330
3281,3041
2088,1009
1291,582
31,9
745,123
1004,451
2854,1263
1175,412
870,412
1848,657
688,396
2265,1218
1120,500
1278,384
2763,1758
2857,1779
284,83
146,22
286,147
1968,809
1132,477
836,332
279,80
942,401
972,228
1600,509
922,509
626,150
1234,474
2377,1242
155,66
1002,254
1440,458
2995,1403
1798,874
2689,930
2687,1186
2403,924
469,182
2505,1540
2250,837
604,164
167,51
2714,1045
2057,846
913,310
1514,446
1421,705
963,404
2590,1053
2697,1435
468,189
1764,405
669,238
511,157
1463,431
1655,859
1751,680
205,49
341,127
461,138
2374,707
233,76
1951,608
665,266
2761,1072
1858,648
44,21
1650,922
2872,1600
331,111
762,332
1210,605
2956,1547
1446,580
778,315
1058,549
1865,798
936,248
1003,378
801,393
3029,2122
44,10
1386,678
374,171
2020,988
1600,616
102,27
78,20
1816,618
937,373
788,355
454,139
481,138
2526,1101
2714,1168
2626,1304
2049,900
657,358
2638,1551
138,52
1482,352
52,8
1646,611
2778,1137
3018,1270
1297,416
85,34
2774,981
3170,2264
1227,713
298,101
2580,1325
1437,423
308,133
2258,968
133,43
591,197
312,171
2660,1046
2004,976
408,217
1596,759
1610,746
2871,1086
1498,593
431,153
1361,447
1122,418
399,132
359,51
1793,532
865,286
1148,393
591,232
2328,804
258,87
2629,1621
1128,299
1282,901
2144,1380
226,104
39,12
1951,1217
2179,1027
655,283
328,141
1709,563
2790,1938
1128,458
2514,1155
1834,774
2122,831
1807,815
2961,1365
1194,573
1827,622
807,224
2636,937
313,134
1334,350
3032,1393
1830,879
1084,535
199,83
885,452
1505,595
1436,581
81,34
145,32
2188,1054
1747,843
1445,629
462,232
642,222
607,211
1809,683
1557,634
723,120
2670,971
1258,554
1917,732
1050,662
1935,1002
1313,197
1999,801
2897,1110
3061,1546
405,220
1812,461
718,297
2655,1641
2692,1607
136,57
848,270
2114,841
2689,1006
2039,612
1003,575
2390,1446
1706,694
2453,624
1840,822
1070,261
868,196
2383,1280
1477,843
533,258
1589,773
1435,569
2825,1805
946,297
2312,1061
801,347
538,244
1888,640
2807,1341
1793,613
1177,491
2991,1222
2484,983
2029,775
2626,1279
845,277
1779,1002
1161,498
2502,1134
2978,1610
2147,953
168,62
1765,336
1663,749
883,365
466,203
2166,1129
447,138
2212,777
2923,1352
760,223
2170,841
1549,841
191,95
1358,746
421,132
1044,260
992,250
271,78
2307,1093
2927,1577
593,164
3072,1704
177,47
522,211
99,35
1011,470
1185,410
1755,1124
1501,573
548,195
123,8
380,152
114,18
940,310
2139,826
91,42
174,57
1379,633
125,63
1183,459
915,343
513,149
352,178
462,218
1221,407
2948,2397
2703,1412
2637,1279
2106,843
2428,1047
1084,502
2091,871
1419,545
1137,320
1695,748
632,137
2597,1511
1529,953
2377,1281
1028,567
1141,498
906,366
868,359
730,204
2618,1330
3088,2037
2585,1299
1406,706
799,350
189,116
108,37
208,68
1755,423
412,171
267,72
1822,875
1372,428
1051,300
365,128
274,92
787,388
2333,966
2077,822
3002,2085
2219,1267
703,295
1425,534
1119,438
1143,507
1943,587
1864,520
1655,631
1483,479
2047,532
1341,772
1081,628
545,185
258,127
251,123
2662,1432
544,185
2408,1186
321,33
1459,917
1254,555
2349,1094
1867,608
2896,1815
828,286
231,100
2788,1162
245,107
313,152
337,67
1499,454
84,25
2120,1176
2739,1409
528,177
1193,396
783,188
200,81
2510,1088
871,291
501,163
1277,517
1403,466
912,294
491,172
70,21
964,341
2968,1404
2851,1526
1887,856
1204,529
1419,500
2487,1054
2220,844
796,180
291,68
1850,642
2309,721
2886,1730
2073,1130
131,64
307,129
1154,136
516,110
682,244
92,26
2716,1330
791,327
942,150
729,112
1411,484
913,313
498,171
1531,345
2640,1106
550,261
526,159
627,179
840,271
781,138
2184,734
919,372
767,323
842,310
1795,522
1354,467
2418,1651
1257,425
2876,1758
2804,1305
320,118
690,165
1594,752
270,95
2526,1259
168,66
185,85
341,89
258,30
228,65
2604,1061
2840,1486
1738,567
3012,1728
1633,671
2078,1317
2012,918
1334,625
678,293
835,233
106,34
2170,813
2728,1414
1308,583
2717,1741
91,40
2462,1032
536,181
72,23
517,226
1458,467
1086,393
2102,764
774,358
1850,828
845,353
1005,475
2605,1448
1962,848
484,187
944,357
2301,703
1157,482
2161,1155
1597,803
623,193
2613,1000
316,146
244,103
3171,1400
1338,709
2273,854
1276,646
449,127
3135,1370
1220,544
1326,768
1108,613
341,103
117,40
1746,337
1057,386
617,219
1086,366
502,248
95,32
1703,656
1163,419
434,158
2414,1161
2470,777
2125,948
433,175
1450,386
1291,529
1785,931
2089,926
1630,782
1477,654
729,242
246,118
2313,959
2934,1552
2743,763
918,284
2207,998
1397,512
75,23
2595,798
331,97
803,335
719,358
2355,648
1851,515
2821,1818
1438,690
2865,1162
2462,1327
684,184
672,166
657,114
2283,1189
2032,810
941,372
560,116
927,244
1860,761
1444,733
262,154
335,108
50,14
1993,909
793,376
236,51
374,202
2428,809
2832,1215
2937,1765
259,117
650,195
885,173
1120,525
2843,1310
1515,230
438,113
381,112
764,331
2567,1820
3122,2540
1351,433
402,146
503,104
314,90
2396,1243
2365,819
612,254
1082,362
3148,1351
1085,360
193,40
1456,316
1995,1001
1202,414
1117,383
2581,938
1565,746
674,125
850,273
182,28
2593,1197
1557,573
2213,1072
496,121
2250,986
1405,668
620,327
1756,487
2915,1345
114,51
2376,1323
2126,554
1105,308
563,258
259,124
814,270
2399,861
2609,1191
329,156
88,15
542,218
972,394
1505,942
2346,1752
924,292
877,379
266,86
339,111
2498,1849
1863,1078
945,339
263,96
1337,581
2585,1017
2299,568
1485,627
380,144
2602,1364
3196,1472
2562,1352
2511,1282
1560,434
2580,409
1611,576
3104,2154
372,137
1929,877
606,236
475,177
1695,748
2842,1405
2248,793
1005,430
811,229
2879,1519
464,225
112,44
105,28
959,320
742,241
1499,163
99,34
1171,507
2439,711
1070,343
2067,1251
53,17
819,315
2553,1042
3315,2107
2309,1219
834,279
3014,1461
1843,1034
2114,888
2598,1098
425,139
2630,1191
2336,1284
1940,802
389,218
1690,828
2375,831
3103,1413
1498,815
1481,499
3039,1435
1116,660
470,137
1683,609
116,63
1901,695
668,279
2582,933
1832,747
941,411
527,220
2373,1051
897,283
1086,450
1875,809
1496,498
1637,779
46,18
363,114
831,193
1267,110
1721,758
1605,605
1176,363
431,150
381,135
1783,632
254,103
121,29
1278,512
1876,578
2441,1307
2291,636
725,462
567,270
741,255
429,92
2149,693
979,405
509,117
2222,880
2283,1018
2191,1272
103,43
140,46
2209,846
834,224
256,141
1127,367
394,76
421,58
566,191
318,131
1808,994
847,319
141,28
884,347
819,224
2304,805
2922,1639
2904,1579
2117,1361
40,9
2151,825
313,131
782,355
2394,879
270,106
3346,2074
2716,1177
894,332
2285,1115
2549,764
2332,1041
437,126
1917,613
3164,1720
26,7
2784,1485
190,74
1968,729
1257,560
2463,1010
538,193
1774,684
726,240
2605,1380
436,175
708,247
877,310
1806,729
489,127
601,246
156,48
76,29
415,155
1591,530
2540,1116
569,211
767,177
2344,1016
2432,952
690,214
2108,1075
1023,280
1311,578
2710,1553
246,58
2163,947
1753,809
44,21
2010,927
560,183
1699,459
1129,411
935,227
2075,1115
1186,391
2254,874
1396,476
1287,437
1551,606
1607,949
2232,855
467,219
422,74
104,33
34,11
76,27
166,58
2094,1227
1573,701
815,269
617,328
1701,852
3003,1959
298,125
1624,486
1800,605
1267,393
350,131
1287,478
440,122
430,223
635,289
836,521
2302,1086
1902,1191
2437,1138
2753,1268
311,119
1471,764
26,8
3242,2140
2146,994
1030,246
762,363
2985,1309
2380,1365
37,17
240,97
1592,653
1886,604
3211,1916
3098,1567
1677,792
2172,1003
2072,1155
280,104
2863,1239
339,156
511,80
2079,890
242,81
2055,738
151,34
2661,1151
1369,422
1555,698
1555,606
1318,602
180,52
319,85
1297,583
2560,1105
1817,718
1402,374
653,282
1921,299
1708,378
1602,1010
1365,450
177,65
980,370
1838,848
286,56
1485,456
44,6
2147,821
1178,344
1155,513
1053,358
1969,970
1533,588
2204,791
893,325
2856,1508
1519,668
53,31
280,117
1773,468
259,125
763,273
103,25
2036,709
884,247
682,173
1608,504
48,19
496,163
1657,808
535,111
2571,1023
2638,1574
2773,1381
363,94
1349,544
2018,1287
2324,1040
2533,1257
2853,986
3277,2184
749,218
1987,866
1531,598
1524,394
1052,303
2074,1010
2386,1316
635,164
2999,1708
2897,1823
673,276
2989,370
1406,640
2283,1046
2410,1088
2303,815
829,301
2776,1346
1617,645
63,21
35,13
1131,444
282,70
2700,1099
2438,1333
542,183
2635,1923
2660,1040
1597,812
2588,1200
2577,1150
1721,703
2382,1561
280,116
1126,221
340,128
808,341
2792,1236
2029,1261
2651,1293
1030,335
2807,1277
613,264
898,395
1112,459
212,67
466,196
1083,375
607,231
1223,566
1712,617
2125,1002
775,251
470,205
1771,683
2693,948
1324,435
424,153
1695,751
1331,415
2397,963
907,199
3234,1525
1981,897
2679,1530
83,20
792,266
287,83
776,167
672,272
1052,430
721,276
2665,1588
890,476
203,88
1896,634
158,43
1462,619
3172,1867
2645,1532
2725,1601
1539,651
2142,979
1494,448
319,233
860,283
1035,435
2030,842
62,41
2603,1264
2867,1206
690,263
1354,691
908,458
2944,1348
266,57
673,195
1380,378
2423,1370
743,187
1781,491
2739,1259
2301,1112
81,46
357,77
2344,1050
1564,606
2096,967
3319,1729
1492,547
715,183
131,44
334,105
1995,839
2570,1449
986,339
671,185
460,174
327,110
590,240
1882,664
48,10
542,255
2092,719
1773,789
2335,890
2101,792
655,316
2293,835
1683,656
2856,1429
71,26
311,65
2823,1281
3072,1617
2820,1604
3084,1071
3274,1660
297,16
189,75
647,133
868,335
450,120
311,107
1039,571
2467,1217
2280,1020
2440,879
1480,585
2690,889
2797,1936
985,286
1086,290
3162,1563
1608,710
1668,697
87,19
167,52
784,301
679,150
2825,1496
2441,985
2072,773
2042,810
1305,341
833,279
2594,1470
3249,1660
2088,351
902,331
482,149
399,101
2200,1080
810,246
26,14
3064,1473
2810,1119
2526,1256
1687,596
1152,672
266,64
645,244
558,356
2104,1009
122,40
189,55
1381,658
609,297
778,315
642,182
888,281
2131,1031
3081,1436
303,83
1020,389
1010,411
838,239
292,90
2064,754
482,151
1183,311
2305,666
2078,1008
282,92
2335,858
1705,639
2243,886
2316,764
1439,478
2790,1249
1994,897
920,278
3136,1644
860,273
326,80
501,199
2592,1191
1395,423
676,203
1676,714
1155,512
2658,1410
2998,1374
2421,616
3106,2431
2750,1516
1964,599
3012,1347
453,84
1194,274
180,111
182,44
1472,537
201,75
128,44
255,116
1820,893
109,28
2565,1352
850,263
259,78
984,182
114,45
1295,549
634,189
2852,1810
3213,1785
2291,1041
600,335
273,66
1048,414
384,102
495,172
3125,2095
378,171
147,106
3114,1689
1309,572
107,40
525,160
2525,873
154,37
1867,552
521,139
329,88
3086,1493
1539,368
12,3
1788,774
3311,1634
2997,1410
72,7
602,214
787,325
1041,402
340,78
2949,1003
783,280
2991,1240
2435,1078
1992,915
525,95
240,57
2950,1829
797,323
1236,442
1686,784
1506,544
738,191
197,63
799,282
2216,893
2700,921
1029,253
1570,347
1305,340
224,75
1822,731
30,10
312,79
1719,658
908,378
622,162
1784,816
1165,504
2263,1082
103,59
209,88
256,150
529,234
82,34
2191,785
2174,626
1410,489
2473,1287
858,157
623,277
1726,633
561,206
1811,816
2709,983
1359,656
2000,986
3150,1758
2042,790
1490,633
2910,1349
397,93
102,19
1493,616
2217,669
1729,723
1316,359
228,79
2795,1578
2239,1000
691,138
337,67
2227,1238
603,233
2953,783
277,62
292,94
196,72
1752,591
193,39
1786,777
1430,597
1454,548
1950,717
911,339
696,257
3295,1826
2786,1458
2294,1308
1231,541
37,7
323,79
2333,1167
1797,707
1641,591
1530,372
1662,625
1645,846
347,69
706,182
2857,1464
918,209
547,299
1858,770
806,273
3020,1349
121,33
1574,528
1360,630
161,44
1027,365
108,38
2325,736
1035,331
467,167
2845,1054
1252,380
757,296
1071,324
178,37
2343,837
594,260
2528,1305
621,87
2067,623
2021,1152
1719,856
1526,676
150,35
320,118
1758,662
1294,420
1217,501
505,203
945,329
152,47
445,207
1760,913
1297,328
372,78
1146,244
902,308
271,74
630,246
685,115
1963,1084
1038,368
121,30
1417,550
462,142
775,272
494,188
337,146
1120,309
1142,474
517,146
524,169
885,244
724,271
1475,862
2060,846
63,23
1654,828
65,13
732,203
1184,453
1234,725
1250,530
1106,458
348,162
249,70
1317,612
72,13
68,12
451,163
144,65
810,270
1342,503
1632,791
806,292
156,43
1579,865
506,183
1238,542
608,284
1765,752
738,234
1271,728
1716,413
1025,402
841,214
593,169
812,358
188,78
624,280
1576,916
1231,277
761,205
1719,839
499,60
191,49
1051,248
780,277
62,15
1135,319
2201,1080
2094,781
484,154
620,289
2726,945
1691,733
305,112
602,190
1625,379
2524,1485
2159,852
242,27
1548,601
1092,492
957,348
820,238
668,252
1885,835
701,217
464,143
941,396
1831,544
95,40
391,114
1326,463
86,43
399,134
604,114
1373,639
273,82
2253,1015
1672,696
2677,1076
2909,1220
1691,513
2767,1317
681,255
2129,383
612,233
1060,327
1754,602
868,432
38,6
284,77
1081,381
920,203
333,114
2828,1328
1952,653
1088,323
2987,1470
2496,1277
488,228
2317,973
502,207
859,273
2431,548
2493,783
2326,490
3425,1982
803,317
2056,727
1712,654
2749,1022
424,141
225,49
2286,1130
1001,309
1688,778
303,71
1263,369
1190,515
181,41
2432,990
2372,974
2188,869
148,54
447,157
65,29
3003,1680
980,360
1615,565
1162,580
1545,616
2102,689
1501,651
1679,604
508,190
486,266
3241,1663
1382,618
2767,1189
2363,971
463,154
845,260
2457,918
1305,313
918,259
696,191
74,24
2811,676
101,19
126,31
2979,2070
624,165
1859,362
550,117
683,277
901,318
1050,282
192,63
1038,319
69,20
2729,1069
2162,580
345,132
526,177
2288,1005
613,72
2426,741
149,22
1688,448
77,28
149,19
1139,307
1815,665
2363,728
1846,823
511,130
279,64
1290,310
866,304
638,162
1083,441
1457,333
93,9
2457,1008
402,124
1507,396
1108,380
2649,686
641,137
2326,1100
2989,1528
2555,1458
987,145
907,335
287,150
39,32
2535,1202
983,285
1154,359
374,115
875,304
764,194
221,45
2126,791
2144,860
1619,429
169,59
403,103
39,10
2212,899
2751,1345
1201,498
2813,1674
1553,446
1219,437
879,119
2473,933
2122,699
409,140
719,252
3089,1619
411,122
392,114
3396,1892
3106,1414
1532,558
1182,372
378,131
441,135
1325,549
638,185
228,58
582,193
279,93
65,7
817,258
630,105
2605,1461
1389,436
1440,450
1407,350
774,185
1231,365
877,435
109,25
327,48
152,54
901,390
1963,938
320,108
343,74
31,8
1383,415
1896,642
2462,959
1601,652
1313,576
679,232
1408,345
1659,684
1750,896
949,298
3033,1619
1917,742
1916,581
1083,340
3156,1480
477,209
1665,813
989,285
3187,1674
3109,1547
3143,787
2420,931
1716,735
726,244
1110,255
2218,687
2707,1371
999,379
1928,376
1295,500
272,79
1765,839
606,172
2629,1151
1998,636
560,189
1107,224
47,21
1922,767
2225,738
248,29
884,285
1643,606
654,208
2294,794
1805,803
2484,1015
1140,478
2496,1322
2487,951
2171,833
1747,472
1641,518
1284,484
865,315
516,110
823,421
1251,516
1360,523
1683,1003
2556,1057
2383,756
885,281
575,138
2566,583
71,18
196,60
783,267
894,295
2700,1536
2351,700
1780,536
1742,602
633,252
1571,849
1555,236
943,119
969,350
1365,212
2829,863
2181,681
3318,1703
2068,714
1431,525
1373,325
447,129
926,180
37,11
2730,1418
122,29
559,121
1309,487
1722,607
842,270
3031,1640
211,60
131,40
2763,1147
1949,498
2374,721
620,255
2382,1104
77,29
1103,320
1679,714
1127,303
1369,441
1321,466
1976,397
1103,408
2774,1269
1941,727
3096,2048
435,137
1368,552
504,132
502,132
256,83
900,250
2747,1508
2577,1134
543,161
947,248
1243,296
2024,521
2622,1542
2396,1138
230,67
479,171
1597,500
1169,372
1982,797
1381,406
905,262
1974,635
2066,1078
2247,840
2008,897
1544,538
1313,531
1000,418
313,113
724,171
977,272
487,150
2020,915
1206,345
443,118
408,110
703,164
2067,603
843,271
1732,482
2403,913
2570,708
1682,331
1211,230
1029,325
344,94
2336,877
1457,460
1280,217
2458,1381
1435,489
178,64
98,25
819,161
304,68
2772,1375
473,169
783,239
345,98
1795,550
2504,908
2061,1148
598,206
2940,1450
512,165
3133,1515
154,36
1843,499
19,2
224,96
2233,1038
1617,572
1415,708
2988,1205
172,55
2534,1183
636,113
421,152
2365,828
391,88
1191,531
506,121
215,96
610,279
518,197
2464,1439
2148,678
412,136
473,153
2321,925
222,66
945,289
583,200
165,53
2254,830
1197,382
494,180
622,285
2548,890
337,75
42,20
216,54
1468,728
186,47
1337,450
714,219
260,81
2714,1333
2717,1136
2608,1558
736,196
3274,2038
576,122
483,118
1230,372
1772,909
2627,675
908,292
2817,886
390,120
1433,522
951,250
942,402
1827,647
1412,545
577,112
328,117
1201,314
2090,887
1184,382
2203,1342
903,336
1783,593
1790,997
1136,263
1492,527
106,32
16,8
1272,437
1396,451
891,397
300,144
1729,691
990,320
1806,953
1798,547
768,212
2605,1334
2839,1018
380,115
703,270
3281,1781
244,76
1645,747
2272,1087
455,131
1519,589
245,95
918,371
72,20
1185,354
575,179
2573,1165
360,90
1533,467
529,153
1340,636
1858,488
1731,304
2839,1176
1367,444
1659,397
1026,307
2265,813
1279,604
431,176
112,24
220,50
1502,696
648,196
403,101
2128,1082
827,391
2687,1145
135,42
471,223
344,87
92,43
701,266
978,369
2941,2122
3384,2346
999,264
85,27
538,149
268,68
495,101
281,82
119,36
1157,429
1912,622
848,341
652,88
3099,1953
246,54
338,74
1275,594
333,98
2019,871
230,73
2555,1128
371,98
1137,470
1393,377
788,242
239,84
225,66
2393,1005
885,383
938,282
175,58
531,127
2955,1284
1182,321
3021,1292
1915,923
237,74
978,260
1599,526
1775,808
2925,1604
524,153
2437,885
1837,651
1772,699
213,80
2469,1080
1018,317
1525,352
1234,560
676,74
241,71
1546,720
1913,778
1745,1147
2937,1126
2923,1182
1389,493
336,75
1085,474
1027,377
955,169
1449,347
353,48
807,146
1056,514
1282,353
1395,344
753,203
210,80
2351,391
1310,542
862,317
50,26
2729,1366
144,47
1641,643
666,300
43,28
975,347
1531,703
370,70
2015,793
495,174
2219,1454
805,379
2486,1881
2942,2105
405,138
1642,408
877,472
675,260
1372,305
164,60
2474,1203
1614,668
1878,869
1054,221
777,235
2849,1576
1372,428
538,243
1435,521
1529,603
2287,826
1879,832
1909,567
1283,381
1188,475
2704,1753
432,167
2563,1285
543,152
2483,844
2839,1327
136,51
554,202
670,227
973,402
2761,1709
640,468
1025,408
3190,2132
973,386
2319,1107
562,152
2933,1041
967,369
352,100
2348,1342
1703,529
170,51
1360,566
2818,1618
943,334
718,231
379,138
2740,1293
2841,1077
2082,776
1185,467
1532,696
2682,1412
2331,1000
792,184
460,81
2026,875
1710,751
563,192
1675,814
241,51
1831,501
125,24
1537,608
563,192
34,10
1034,471
1246,395
2268,970
1932,547
760,192
984,462
2697,494
1982,684
590,217
374,76
2950,1297
2179,839
1514,444
1292,393
1035,173
2624,1273
2526,969
546,192
115,36
1269,430
352,113
2421,1283
1414,486
889,326
103,41
1573,667
98,27
1762,586
509,132
2484,922
2783,929
702,118
684,60
1441,518
457,173
1530,781
3196,1791
2963,1130
1720,664
1884,496
1259,510
2291,1336
2253,838
307,65
3088,1695
2757,1513
196,64
2229,814
2189,621
1647,566
549,179
3343,1779
222,84
71,30
2906,864
1895,577
1011,287
812,298
303,83
2089,791
805,333
2315,972
2216,1443
2020,1114
3016,1398
2513,964
1702,661
2166,661
2385,698
181,56
2117,896
1486,552
650,177
31,7
1534,488
2021,1080
1748,832
2718,1133
2390,1047
183,43
327,102
494,171
1521,531
844,219
1146,559
761,261
259,92
1330,502
1293,464
1954,1254
892,368
126,35
2132,799
438,193
1533,507
727,239
967,437
199,72
20,9
179,63
856,348
1044,321
1048,144
1092,338
206,56
1574,686
2315,799
2740,1176
1863,735
2789,1400
2719,1375
1272,364
1197,599
931,361
256,116
2960,2201
1925,641
141,25
1787,412
201,40
171,74
2479,1280
733,234
111,42
2494,1139
320,187
2999,1699
312,65
858,91
175,58
444,143
2093,995
605,136
1836,1156
1310,296
1421,525
560,162
2824,1293
2859,1401
1071,370
414,88
1143,489
1181,545
279,80
283,111
1034,333
1354,513
2356,722
2290,1028
341,104
89,18
667,199
2484,1160
1309,702
3050,2094
255,101
147,61
677,142
1473,481
559,162
3035,1658
1329,510
2140,668
738,207
1111,382
491,262
1919,950
2033,688
276,119
2209,1272
3000,1361
160,30
1980,970
979,476
24,4
735,194
718,195
2173,977
61,28
2421,1073
712,263
185,62
1527,517
2491,1447
220,95
2815,1294
1035,289
2095,1264
1225,610
2123,795
719,312
2452,1181
29,4
456,105
2819,1304
889,330
1695,448
911,487
239,51
457,143
2799,1376
700,397
1121,469
292,118
762,198
2526,1678
1060,399
93,20
2320,993
2109,946
2569,959
2460,1425
933,340
106,23
1087,481
1486,666
311,95
709,202
1189,484
1667,704
575,202
239,69
99,24
140,45
2210,832
3043,1239
96,29
1614,478
1691,689
2430,912
827,388
70,22
315,131
3193,1401
1339,474
865,385
25,7
3129,1667
2966,2258
1595,840
412,124
332,88
2232,741
1137,336
172,53
3019,1640
1651,620
2385,898
774,436
859,510
331,123
1269,382
906,248
968,386
307,38
2500,1146
241,74
481,108
1925,687
51,19
2370,850
877,263
2154,791
2411,1296
1731,399
223,56
891,256
53,14
492,215
1048,434
2963,1110
1732,674
977,254
1232,585
1947,784
405,134
321,75
1220,508
2357,939
1427,539
2792,2045
1975,381
3119,1386
1024,490
1392,435
1496,510
3211,1769
1452,457
2600,826
488,92
412,77
85,36
1980,854
496,236
2285,688
1674,526
2297,830
862,408
1125,482
215,81
618,145
331,125
582,235
894,272
72,29
2872,1107
447,193
470,207
181,20
531,150
798,132
1091,353
2541,797
463,118
297,79
3037,1541
860,396
2112,1247
396,100
959,198
1674,672
1127,400
1125,406
1145,360
1722,735
858,255
123,42
699,229
528,139
1032,436
336,106
602,272
2103,933
810,304
1261,479
991,432
2563,1011
319,75
1387,390
1686,606
1015,382
838,228
429,165
764,189
458,135
215,104
2358,756
313,87
429,87
445,55
292,81
134,44
1013,401
1310,573
2049,401
1968,969
738,278
2183,1082
199,74
77,39
406,184
21,2
1178,211
1775,933
2734,1086
438,158
784,298
2693,1113
69,28
1413,545
685,268
466,203
995,424
2009,1129
911,264
2135,1045
1994,1191
1477,399
1964,980
1350,444
1868,738
557,103
1237,276
1732,659
1635,455
239,37
1400,650
2232,1616
1825,627
2061,699
215,75
1950,1160
1124,333
732,383
1427,566
2129,828
1424,365
406,93
662,182
1226,237
396,97
333,99
771,104
2162,1037
135,37
713,319
793,291
224,54
206,70
697,326
1741,715
1589,385
759,239
1937,834
1110,535
284,159
1274,481
362,89
1792,603
1558,944
1530,700
1212,461
170,34
2326,1683
120,53
2151,1118
580,199
1561,566
1469,393
268,88
999,511
1092,318
895,348
1510,670
779,230
1127,227
1145,508
472,134
752,237
118,24
1206,557
454,130
500,167
1264,651
921,289
568,172
1375,852
1705,563
608,165
69,14
1345,526
95,18
1780,952
1653,576
568,205
52,14
812,283
2386,1076
1033,149
1060,421
2331,1558
42,11
181,54
369,159
1729,879
342,116
401,149
94,34
307,115
369,145
1003,443
1553,643
1408,311
909,288
912,394
269,41
1402,617
3013,2133
508,216
1137,451
1273,500
887,326
503,173
330,37
2230,1255
985,396
1967,363
2248,923
2249,882
2796,1127
1188,450
2598,1440
87,15
1088,490
200,57
2985,2023
974,467
1209,198
1659,766
437,93
663,206
207,74
1191,375
862,273
568,176
441,111
878,276
619,203
803,233
221,60
334,95
2034,791
2259,810
1941,612
2640,1095
618,330
2020,791
2136,1077
963,291
802,242
1663,618
900,281
693,166
2687,1298
683,194
301,125
1627,636
1484,645
1249,587
2426,784
1029,454
638,232
655,265
2758,1177
1219,544
1174,325
68,2
936,347
809,247
247,86
1239,467
196,58
2184,1048
1652,876
93,30
2678,1446
1300,658
721,396
2171,876
1507,472
185,56
36,12
1221,229
189,32
719,263
1602,906
296,146
1521,543
435,125
318,110
1783,729
2552,1330
960,263
1773,564
1161,401
1618,821
2141,1042
2531,1281
224,64
480,202
172,25
1254,356
1614,529
956,357
1662,641
115,58
193,65
410,114
3122,2593
3023,1560
899,214
1503,638
2485,1068
161,39
2312,910
1109,352
1020,258
194,96
349,138
978,312
2777,1851
575,99
1856,779
1859,814
2396,1297
2252,760
741,270
764,216
936,343
156,37
1502,448
1923,844
2937,1695
2054,890
1564,430
822,314
633,137
488,109
984,503
562,124
1506,499
952,341
540,178
165,44
2783,1226
415,118
465,181
399,75
873,339
998,350
2159,879
1726,403
2421,1071
201,62
1396,622
638,138
2868,1488
1298,393
392,115
2457,1131
571,192
398,146
804,144
643,200
55,27
337,99
1416,298
388,139
1077,525
126,48
957,443
1366,412
1132,320
1744,545
300,90
1556,928
486,96
680,251
338,69
2189,883
1091,384
1416,593
1831,573
2013,1421
1956,943
265,89
135,77
192,94
2455,1656
904,294
2100,1204
905,432
2227,1070
2699,1513
1051,312
504,201
2086,946
98,38
2681,1446
662,241
790,349
2312,946
1446,884
951,306
289,66
719,188
2618,1463
2315,969
1926,802
2381,729
657,254
2069,604
2730,1628
1398,641
1992,1082
889,386
1865,470
233,89
1518,432
2033,1057
1468,461
2414,1244
104,20
878,203
1352,487
2378,1055
119,29
128,27
502,197
584,167
2311,744
1103,426
2156,648
739,213
167,44
1743,717
189,61
1253,404
236,90
227,81
982,221
1197,274
2304,1143
1330,480
391,115
1530,904
2092,807
271,30
1743,480
456,95
155,37
2300,1027
1404,660
1573,501
1245,680
735,204
1490,443
2383,713
705,232
259,83
1971,1331
2837,1387
1422,570
352,106
108,57
1149,499
831,465
1087,341
924,292
259,98
247,42
86,26
332,105
1605,685
829,386
1599,428
2341,839
647,208
1516,527
519,142
2353,1178
1708,958
2041,700
1808,454
218,61
176,63
1471,542
1618,472
1198,477
2105,832
1971,484
692,299
1684,526
1262,531
1536,522
154,31
765,379
1694,835
572,151
938,286
2513,1116
1431,624
1878,481
1513,645
383,152
631,137
869,237
2500,983
1241,342
2709,1920
287,109
1176,340
2703,992
573,156
2046,677
1708,606
399,97
470,152
534,318
1751,566
1176,309
845,250
903,427
470,214
1333,511
2676,1879
1520,488
2424,1234
1058,448
1816,660
380,153
2644,977
2780,1666
595,150
1662,690
1646,777
1326,475
1499,476
635,124
294,67
1980,857
486,132
2084,749
2276,871
992,399
470,205
333,145
508,171
277,75
1636,664
1181,546
1372,573
1686,965
2154,758
2666,1771
2269,643
2627,1503
1557,768
1001,217
2784,1531
169,31
499,107
2232,502
212,83
710,364
558,222
510,209
114,28
639,262
1777,527
2083,1113
1482,783
583,79
1754,709
1982,767
467,141
653,283
539,141
1421,611
2119,864
2254,845
442,267
1649,435
2708,2099
199,87
1283,338
2459,1483
146,60
1642,350
1120,471
1627,792
1807,497
2154,1143
2223,773
1087,437
797,337
671,217
1161,488
1198,609
2279,740
1424,752
1371,339
381,132
1264,584
1754,919
1016,425
980,375
777,152
2694,2024
1190,445
555,173
2133,556
72,35
1508,592
1966,497
738,327
905,213
2565,1105
714,271
627,230
322,130
1237,435
331,98
346,100
342,100
1047,445
483,188
1391,662
1134,590
2222,1067
1921,1104
99,20
1516,597
632,245
310,82
2164,1196
1368,636
157,64
2198,1173
1614,539
1263,410
2469,836
314,82
2129,1040
195,45
1596,444
2399,835
361,122
752,205
2236,540
1658,586
2541,1173
1123,444
976,291
1265,327
2163,1096
408,124
591,343
418,127
139,58
446,150
108,23
