5000 2
4320,3634
7548,2406
945,8754
9635,1042
2475,9163
7993,3437
3481,7039
4014,5357
470,8178
6720,2894
4868,5214
7424,2180
7909,2340
2196,5702
1719,8777
8230,2022
9372,1427
8812,1164
5581,4089
1483,7945
7414,4111
5376,4294
5449,4450
1695,8022
8044,3235
5335,5679
7123,3992
9750,248
4583,4637
5291,3832
1295,8518
8759,1237
5065,3491
5636,4761
6902,2223
4907,4876
8673,2996
3550,6869
966,9579
4250,5626
3589,5493
6377,2898
8198,2988
3727,5475
3245,8471
2793,6534
296,9722
7978,2482
6664,3175
5222,4296
4911,6822
5155,3961
3646,7002
9091,456
1601,9169
4956,5286
4801,5470
3179,6834
5803,4025
6290,5903
2708,6106
5447,5577
3579,7682
3567,6269
366,8701
690,8698
3808,5962
1384,8020
7449,1161
4251,5549
8121,1799
8605,2388
9088,255
8618,1064
8329,1979
890,9262
3486,6828
5949,4083
7881,1233
460,9399
843,8050
5117,5479
6242,5000
3449,5752
4057,5680
3868,5990
8461,2613
8422,3004
1275,7489
8799,1656
4061,6695
3504,5393
1769,6490
7614,1267
9815,184
2401,8598
4423,4143
8274,1754
7077,2585
3110,5677
4391,5138
8204,73
7967,2388
6502,4305
5835,4162
6719,3140
9948,9
4859,5729
2880,6641
6108,4562
3789,6243
4147,6127
6723,2701
5675,3981
4942,4064
4146,6455
6601,3551
6050,3485
5183,5090
8202,1630
8428,595
3670,6833
3548,6479
4616,6799
5259,4852
3714,5890
6912,2784
4970,5968
8291,2775
7216,3984
3204,6475
3213,6220
8208,2288
2722,8152
3877,7123
2983,6449
4337,6085
1924,7819
3981,7852
3349,7459
2926,7448
1157,8297
8091,1681
1107,9274
273,9346
3049,7362
490,9779
6378,3409
6171,6457
2499,6761
7660,1704
5178,5776
6009,5070
6875,3186
8205,1635
6948,3037
8004,2142
3919,6554
5603,4866
1762,6644
5246,4400
7929,3364
3018,7818
6011,4604
4608,4251
6166,2949
367,9926
3511,4844
5405,3016
7856,1789
1852,8113
5983,2763
3052,6541
4241,6156
4380,5909
5178,4025
1512,7885
7219,2291
8450,1783
6472,3630
5698,5165
908,8718
7967,596
5316,4234
735,8696
4828,7011
8098,3498
1488,7998
2364,6398
6979,3479
3895,5931
1356,7712
8856,1734
1221,8360
1934,7850
6310,3199
3793,5784
4613,6033
8059,3506
2582,7274
878,8668
5434,3613
7504,1791
1279,9164
5674,4562
2331,8553
3452,6191
1853,9370
6217,3914
1734,8403
4213,5645
6211,5010
3907,7527
6357,3336
9369,939
8120,1660
6989,2345
3961,5692
7954,1918
3767,6391
4622,6465
6368,3336
4584,5484
9105,507
8640,1714
2285,6926
2346,8343
5623,3126
7769,1445
6049,3242
4655,6871
7750,3004
9264,363
7652,2561
6562,2347
9008,1516
9502,195
7812,2083
5376,3310
125,9063
5620,3589
5617,5572
4799,4443
6027,4561
4254,4722
2816,7000
6531,4770
4821,4951
6968,3037
6184,3826
3070,7085
9602,681
5862,3376
7090,2383
5250,6379
4314,5499
4775,4197
5217,4389
3967,5670
3678,7433
7053,3254
2785,6844
1651,7988
1477,8223
5288,4788
3337,6659
6952,3508
9614,1506
1091,8821
2915,6889
9149,1876
2400,7933
5812,4245
4936,5085
8484,2794
1549,8784
7686,1516
5619,3788
4231,5259
3098,5924
2668,6939
2485,7497
5419,5081
7281,3883
1324,8859
3881,6681
5255,3703
3357,4986
2736,8062
5742,4314
340,8809
8845,1213
7285,2710
6586,2291
1593,8600
4585,5131
3433,6467
865,9924
5197,6157
4368,4968
7639,1621
4953,4564
2555,6113
2310,7244
5024,6228
5613,4176
3984,5577
5612,4439
1619,7989
3334,7091
5121,4999
3480,6615
4527,6952
3547,4869
4239,6659
2872,7276
6809,4116
9697,71
952,8746
5141,4254
4317,4909
8489,970
7133,2152
68,9781
1958,9075
6957,2562
3675,6774
3003,7481
7928,1871
7179,3207
6731,2829
4565,6099
3138,6437
7848,872
6031,2769
2223,9324
7681,2343
835,9073
1843,8333
686,8983
9817,194
1017,9226
980,7052
6443,2883
1449,8294
5825,4216
219,8341
695,9603
2620,6653
2825,6624
9864,541
9054,164
7458,2926
7568,2354
6766,3864
6799,4174
6698,4666
1910,7639
7602,2174
4680,5628
8647,1857
3367,6701
6257,2627
8904,111
1655,7467
959,9334
1602,9435
7558,2881
2438,7664
2272,8001
3539,4725
6909,3029
1401,8459
6153,3893
2113,8945
7150,4175
3050,5717
6445,4852
5979,4959
39,7962
9712,909
2933,6745
6565,3552
3288,7602
6994,3932
7567,2118
5608,4863
1557,7951
4556,5587
2177,7377
7812,2122
6465,4099
5766,4299
6147,4147
9582,59
5130,4640
4112,5420
2138,8184
6145,4253
7851,2405
5462,4753
3563,5615
5901,4573
2757,7217
6139,5053
2634,6801
3083,6828
3775,6550
3003,4824
2950,8303
3089,8565
2424,9267
3396,6840
5498,5565
6538,3715
3278,6263
5451,4089
3622,5475
4786,5101
9788,510
7420,2561
6065,4936
4112,6642
6395,3349
5359,4388
4463,4757
4370,3753
9216,1246
6694,4565
4624,4744
6146,4722
3798,4636
6108,3690
5518,4443
4929,5226
2960,7484
6115,5228
6184,2944
3626,4671
1431,7751
1529,7905
7738,1273
2526,8257
5938,3747
6185,5405
4233,5568
6670,3018
3826,6400
6251,3811
1971,8761
4057,5108
5659,4383
6028,5021
4949,4122
8119,3149
7594,1566
4349,5529
6644,2093
9039,1288
2525,6874
2006,8338
4314,7545
123,9764
3941,6342
3405,7297
3255,5527
3910,7199
6351,2812
740,8013
2283,8061
1026,7468
4486,4580
9684,1708
4392,4942
9638,543
1878,8215
7515,1071
993,9239
4546,4480
1726,8515
1447,9678
8972,16
3211,7862
7198,3824
7141,2775
7070,3924
7507,3931
8499,1746
1611,8096
642,9960
1112,8729
9568,2511
94,8939
5244,4489
5228,4317
2167,7585
4619,6900
5451,4514
3322,6453
5851,4569
6855,3873
4593,6005
6783,4035
6492,5230
1071,8957
5579,4489
5814,6016
5737,2740
5021,4642
3284,6164
4242,6140
2720,6820
5057,6335
7441,2764
1717,8146
1518,8704
3227,5825
1269,7784
7934,1826
8551,1932
4781,5573
5803,4774
6240,4712
3678,7580
3457,7067
6947,2592
9616,444
3978,6041
4188,6616
6454,3383
6200,3401
8915,895
213,9347
5047,4959
2519,8876
438,8347
8694,760
3405,6461
6398,4016
7321,2390
4460,5051
2459,6891
5147,5615
3051,5880
3502,5894
2915,8102
3225,6400
988,8711
2861,7740
8457,2471
2271,7478
4208,5854
8438,730
3583,7016
1852,8516
8115,313
4970,5223
6303,3478
4940,5444
1310,8765
9988,59
3051,6582
6751,3071
6653,4634
8816,23
6579,2892
9042,1606
3681,6181
7100,3010
7773,1638
2178,8396
6060,4016
6386,4283
7244,2887
365,8555
5689,5930
3712,5957
4475,4671
9202,648
9510,983
6406,4321
4625,5101
7926,2500
3378,8097
979,9251
6546,1574
5718,5206
2308,6880
4343,5168
6862,3539
2941,8378
1674,9502
3572,7346
8126,636
3589,8246
5842,5155
8256,152
1689,8990
7948,3213
9313,198
8661,2322
3153,6944
1165,9033
3382,4955
7996,560
4222,4747
5410,6021
1786,8245
2843,7412
7860,3121
1784,9233
7446,1852
6129,5100
4440,5694
1770,8129
5809,4938
3409,5093
7703,1639
3425,5994
4230,6459
2820,6957
8527,688
5180,5432
3954,5925
5628,4652
9845,130
3444,7273
3316,7092
3206,6761
648,8669
4164,5357
6859,4821
8409,2561
2063,7097
1391,8688
5415,5015
722,9587
3733,6216
9523,255
9091,1519
4136,4219
718,9582
9920,79
2967,8126
696,9352
3190,5300
6813,2473
3305,6550
4069,5642
5985,3539
3285,6762
1941,6553
3263,6305
8048,1541
2841,7014
1226,7237
4533,6757
6012,5151
8001,2420
6848,3224
5985,3722
2468,6835
1714,8109
3954,7445
3006,7459
2052,7910
4477,4785
1894,9340
7254,3901
8543,971
3238,7171
1522,9042
5256,6135
1104,9148
1300,8552
4618,5021
1597,8155
1692,7595
3000,7505
2124,9197
2002,7190
2391,6972
1841,9109
1811,9301
5795,4282
5370,5292
5783,4885
4376,4310
6913,2745
7418,2306
8472,1128
1123,9106
5375,3865
8329,1093
1933,8820
5901,5646
2744,7638
3792,5713
3350,7019
3722,5679
7134,4357
6809,1879
892,9117
4899,5097
4245,5706
9223,1202
2800,7696
9656,462
106,8257
6179,4195
5989,4184
7542,2518
6818,3077
6554,2720
6804,3870
4836,5123
5964,5168
1359,7787
6174,4579
6242,3679
5880,3650
993,7825
4449,4938
2059,8159
5337,4714
8579,1741
2011,8467
5685,5267
5278,4319
3890,6766
6161,5556
9470,869
7514,2302
2208,7844
4010,6929
2299,7536
1706,8973
8977,278
1064,9468
1249,8919
6201,4514
4143,6765
4534,5049
8969,1163
9621,1008
452,9894
6405,3468
3013,6838
1247,7649
3779,5732
1968,8560
5611,5246
6704,3673
6866,3660
3520,6865
7979,3085
3840,6054
2599,6269
8687,1329
9877,554
4774,4533
4061,6890
3765,5782
4260,5065
7368,659
6779,2657
2428,7481
3245,6995
8578,1646
4089,5874
7561,966
4884,4052
2165,7639
1033,7323
5620,4721
3496,6843
1901,7124
883,8861
8751,1544
5564,4194
7818,2748
4716,5887
1747,7524
9953,590
2828,7359
7749,3236
2113,8771
6124,4598
2218,6814
616,8982
6521,1856
6351,4588
891,7846
5015,4135
6311,2352
8751,1329
2582,6775
2605,6375
3454,6689
1419,8652
3825,6006
3761,6542
7773,2363
5398,4925
7102,2391
6340,2981
7074,2691
5111,6090
4426,5531
8894,765
2024,7844
6882,2656
6035,4794
3708,6219
8015,2049
4937,4733
4578,5258
8444,1020
755,9939
5519,4189
6516,2162
5933,5780
7497,4061
5953,3458
3124,6273
7891,2689
3144,7140
8917,370
2144,7644
6564,2486
8496,1968
5925,5292
6473,3046
7163,2821
7212,2315
6340,6128
8108,2082
7801,2610
4975,5930
2199,8149
6043,4488
5376,3862
4349,6640
8020,3218
1113,8097
4176,5832
4825,4108
5757,3531
8205,1613
5393,5325
4408,5938
6986,2501
506,9645
6208,3971
7575,2797
8339,550
2796,6606
4731,5671
8565,751
6526,3168
2495,7421
4447,6433
2411,9592
7626,1407
1564,8512
5183,5755
4802,5827
4947,4354
477,9685
8316,3475
5004,5209
1603,7740
3340,6649
6972,2946
9415,1225
7309,1042
6336,2961
4067,6530
686,8817
4951,5231
7668,3256
8200,2314
6463,3921
8881,1691
8948,1107
4965,4718
9568,265
9786,513
5953,4389
1380,7522
3600,6315
7261,2897
5631,4968
3836,6113
4286,6127
8509,1868
5863,4184
7632,2452
136,9732
5467,5337
4666,5191
2785,6659
2155,6421
1265,9815
663,7098
46,9291
6075,4031
9826,1674
9164,1673
3560,5872
8620,527
7984,2068
9071,661
4853,5198
6294,3715
6165,3830
6392,3841
4185,5976
4494,5763
2328,7349
4629,5859
5011,4700
7487,1702
3104,7845
3529,5912
5004,4793
5755,5664
5005,5217
4799,4802
6955,2186
5834,2799
4521,5704
4529,5761
5471,4578
4847,4750
6747,3852
6736,3890
2895,6966
2210,7036
7181,3546
4444,4436
4496,6011
8942,488
4234,5819
3177,7505
8194,3386
2508,6447
2523,9104
2948,5075
7076,2412
1157,8964
3695,6702
6356,4024
778,9201
2480,8747
5991,3577
3231,5871
5395,4873
8298,1366
9667,675
1638,9134
9021,21
4,9996
3426,7296
3922,5231
3569,7514
2415,6630
3251,7393
1274,8289
5969,3122
4743,4426
6950,5244
4873,4473
6316,3406
2945,6913
5279,3944
5506,5256
984,8905
4101,6067
2390,7486
5840,4598
3105,6760
6759,2481
2822,6523
3295,5445
1616,8975
2619,8159
9625,411
5417,6992
1858,7728
8864,1053
4905,4830
7976,2783
5970,3434
8460,1286
5137,5756
6347,3524
1661,8333
3197,6777
4038,6454
9098,6
9071,893
4605,5022
9269,2350
5016,6024
7475,2312
8771,690
7644,3308
5499,4408
4947,4316
4955,4222
4591,7584
4253,7082
2922,8038
5964,3202
6574,4668
3877,5504
6078,4174
1363,7408
3466,6889
4142,5489
7689,2449
8390,1250
2334,7976
2273,5805
5386,4284
3821,6542
2775,5896
6121,4532
1464,8818
7893,3045
5104,4724
8551,1800
5313,4154
3958,5294
1597,8080
5281,5193
2189,7546
8494,1779
8737,3098
3964,6677
3261,8132
3565,4966
297,9754
5571,4541
6003,5026
5378,5870
4108,5801
5024,4871
3257,6108
9151,1645
4739,5741
8459,1551
4331,6309
5795,3656
7871,2392
985,9500
7982,1761
3747,5773
7749,3148
9010,1273
9532,1398
3921,6417
1698,8667
3486,6230
7380,3380
7845,2739
80,8846
1177,7337
4874,4372
7540,3388
6059,5517
7699,2429
6408,3553
4420,5384
5128,4997
5067,3754
2474,7348
7359,1815
1055,8273
5775,5284
1570,8325
3611,6150
4850,5885
2728,7396
3998,6098
6204,4782
65,9770
1484,9328
4902,3546
3034,7628
5276,5210
4850,5779
4722,4943
1245,8171
5028,5569
1725,7778
6770,3811
9554,1105
644,8763
8731,1599
7987,2010
3766,6202
1143,8764
4530,4990
413,8289
1038,8425
2965,7229
3985,4601
9294,388
6267,5672
2376,8032
2464,8098
5289,5102
7502,1694
762,8835
8455,2447
6295,4878
6303,2420
6991,2767
7460,963
6061,5756
7025,2555
1654,9459
2220,8380
4611,4905
3536,4866
7103,2396
5781,4426
803,8894
9451,1066
8905,470
6137,5646
7448,3195
462,9724
908,9450
2328,6562
1743,8217
6538,3292
9371,551
4313,5662
6301,4221
8803,1807
1171,8540
4509,6221
78,9536
3572,6979
361,9253
8007,2697
9066,1217
207,9474
4479,4948
5705,4390
3403,5969
9344,778
2072,7295
648,9876
2202,7096
5481,5816
5557,4031
2476,7225
2734,6984
2943,6348
5820,4456
4222,5319
4198,4753
6340,3749
7180,1872
946,6973
5366,4296
615,7900
3822,6028
1572,7681
3681,6358
2685,7829
2299,7130
829,9867
6710,2586
3233,6039
5229,4351
5126,4514
5868,4420
5688,5300
314,9224
6810,4471
4216,6078
3166,8164
4537,4797
2484,6801
1568,8369
5225,3656
4478,5966
2659,7936
5332,5431
7841,1076
229,8720
6811,3267
6377,3367
5773,3755
2215,7579
1741,6841
9386,1923
2386,8007
5634,4440
4695,5427
3915,5026
3093,6773
4991,3626
1341,8697
7817,2143
4918,4731
5164,4389
5141,5119
5890,4481
3450,7357
5579,3910
1619,8457
2419,7772
4218,5426
6934,2483
5184,5713
3937,4791
8674,1260
4475,4898
2892,6179
8497,2759
8425,2268
5213,3921
5427,6476
2853,7430
8333,3010
3144,7842
2206,7706
6144,4716
551,8064
7514,1424
5924,4345
7967,2300
8148,1797
2357,7587
2019,8501
4272,6078
4644,4512
5272,5004
6236,1911
7166,3459
5325,3237
1291,7732
1308,9507
5184,4932
4169,5351
8850,1199
7889,1362
6653,3651
4285,4639
5478,4270
5489,3887
6974,2771
7693,2916
4551,3703
7637,2472
4877,4760
5360,5418
1982,9962
7307,3866
3824,5898
1998,6752
1862,8140
7197,2527
8445,2649
3752,6505
6849,2593
3828,6026
6233,3245
5073,6078
2470,7483
2132,9738
5691,3794
5028,5443
7050,3274
4969,4712
4882,3650
2796,6228
9538,922
2399,5836
7638,3754
3350,4797
5679,4192
5679,4744
4547,4644
5776,5231
7275,783
1621,9224
141,9685
2668,5991
7464,2001
8768,1841
7261,2572
4391,6580
5718,4336
6398,2935
8557,2141
5654,5539
7597,1516
801,9723
4565,5961
4303,6124
3710,5778
5278,4649
7042,2853
6627,2365
6075,5499
8520,651
445,8182
1354,9348
1844,7174
4805,4573
2915,7945
5857,4164
8084,553
8036,3526
9085,1369
7361,2778
3488,7294
940,7856
556,9443
9551,707
5218,4471
5312,5289
9887,2240
7599,2373
7653,3043
3596,7397
1446,7867
9966,1094
3940,5031
4227,5663
8165,2742
1604,9021
8193,2155
4321,4084
233,9818
5947,4109
3443,5318
3936,6186
4533,5197
1062,8279
2686,7469
5234,4655
3038,6830
6637,2459
8594,1551
9005,2008
5835,5915
6719,3300
5247,3782
3900,4999
7413,3649
6227,3118
7420,2116
2242,7701
4350,4782
3948,6566
5624,5120
3992,4552
6544,2315
8013,1986
7876,1629
6907,3138
2094,8485
7873,2646
1653,9370
7814,1796
191,9563
5035,5218
2275,7086
6693,3636
8134,1892
6615,4400
4484,7473
5591,4202
2163,8089
5143,3484
2873,7897
4980,5475
4695,5837
6999,2950
2777,8122
1633,7753
3608,7455
8667,684
6999,2454
5324,6300
2822,6900
3595,6165
6554,3309
4835,6059
3211,5097
5956,2125
5979,4160
995,9065
2146,8030
3846,6154
370,9047
6510,3875
5209,3882
2863,6874
7429,3812
2574,6050
3026,6359
8120,838
6728,1664
6758,2830
3509,7143
7217,2640
9170,2048
8550,1701
4063,4801
4218,4516
8918,932
5484,4228
5694,4288
2008,7808
3062,8070
5371,3588
6116,3096
6964,4146
4636,5053
7535,2316
4826,5990
8287,13
4361,5394
2172,6136
4149,5030
3976,6894
4832,5559
3175,6804
1500,8544
4794,5879
3156,6810
7267,3678
1983,7654
3001,6448
1159,8806
4303,5798
7398,1660
219,9500
1756,7379
3286,5508
2292,6575
1221,9814
5335,4212
2247,8879
1177,7633
7244,2350
1962,8125
5328,4556
3728,5570
5014,4311
483,8211
5895,4869
6215,4273
4392,5921
6084,3606
3968,7663
3119,6128
4730,5299
1718,8915
8337,1799
2800,7659
7205,3472
5314,4386
2099,7972
9409,380
6511,4407
8966,638
8455,1618
5084,5397
6525,2830
349,7993
4294,5863
9025,1639
4236,3988
4320,6187
1642,8110
7560,2443
3000,7027
4428,5240
1835,7305
5137,4037
2140,6554
322,8936
9451,618
6396,4866
9384,293
9254,249
1028,9214
2548,7226
8797,875
6671,3631
4648,3827
8040,2423
5081,5992
6854,4185
1870,6807
7415,3753
6638,3203
7824,2240
4183,5436
845,9047
4018,4999
5334,3982
1875,8229
2526,7343
3160,5949
6693,2268
4900,4888
285,9691
6302,4500
2851,7111
4661,4716
7592,2456
6047,3654
6758,2544
569,9069
9312,543
6914,2327
3891,6350
6005,3537
5577,4788
2577,7336
3182,7924
8697,1847
7963,1512
2794,6678
1807,8909
4612,4535
6064,3045
4214,4624
5466,5451
3415,6623
7236,2983
6108,3060
2707,7169
5274,6245
616,8686
6317,3523
9216,594
3699,5209
4532,5669
6848,3076
4334,6834
5578,4385
7413,2845
6324,2683
6813,2648
8578,1204
7090,2524
4438,5266
3663,4640
1771,8027
7056,2816
6463,3046
1782,7319
5568,3296
6800,3677
1703,6721
4260,5533
8325,912
4052,4748
598,9372
6425,4731
3291,6040
9953,863
6296,3882
4811,5769
6774,2284
2444,6948
6343,4535
1815,8122
4639,3230
6549,3735
6359,2418
2262,6723
2782,6839
1189,8844
2012,7717
3199,7345
4485,4643
3078,5313
1889,9399
5433,5556
489,8498
7167,2841
7816,651
9539,38
2223,8320
6485,3548
8629,2301
1158,6932
1522,8018
3577,6062
7903,3063
7771,1144
533,8553
1979,6459
5562,4331
7675,1119
7906,2113
4330,4656
1286,7649
4014,6029
8896,1931
3216,7408
4987,5537
8127,722
6110,4686
5841,3130
1589,7946
7091,2637
1721,8097
6303,3317
7852,3217
1518,8709
9935,503
8736,800
5360,4996
1765,7149
7069,2098
2969,7174
91,9994
4986,4303
3487,6981
5982,4300
6789,3057
2959,6372
1773,8122
4976,5730
3279,4309
3451,6104
5007,4956
3762,7249
4105,5069
4241,6446
1850,7273
6670,4859
6024,4526
2886,6498
3271,6622
6899,3302
4883,5528
2949,5766
4312,4972
3612,6438
9571,777
7929,1920
3860,7660
1225,9401
7905,1922
6392,3801
3410,5636
6886,2605
3926,5572
9664,2343
5952,4516
8591,490
893,8363
6366,3769
4045,5087
9952,12
7386,2197
8399,2439
3719,6691
7058,1046
5521,3855
1315,8853
6216,4690
5934,3406
8943,613
6024,2944
5200,5443
3788,5160
6090,3308
1026,7147
2883,5854
8406,2969
4427,6965
5621,5559
7351,2677
2804,7416
681,8044
6868,3309
4784,5612
3359,7831
6590,3302
4775,5388
3532,6710
9667,375
5758,4266
6049,3251
4019,7100
2915,4981
8992,1699
6925,3248
9098,2506
4111,6912
7247,3228
3726,6871
4137,5926
2825,8319
8575,643
9051,1047
5785,4888
5611,3791
4080,7685
1027,9137
5065,5846
6712,3598
7706,2047
3938,6288
4584,5268
3174,5657
5552,3570
3176,7580
8995,627
2111,8911
5687,4857
7937,1592
7304,1836
1136,8517
2347,7557
8133,2973
8341,3684
3466,7333
2336,5748
3550,6516
1604,8216
8487,1261
1529,7523
8558,708
4312,7351
2191,5902
8269,467
3607,5477
1748,8819
6743,2477
6207,3351
311,9746
8979,1115
7261,1954
4079,7821
5414,4482
8720,1242
3428,5641
1854,7410
4453,7115
8266,2526
8599,2584
2221,6638
4980,4551
2275,8579
9101,688
2544,7927
6974,3752
7559,923
7204,3243
8401,3076
6346,3028
7964,2084
5516,4092
3951,4925
2795,7236
3223,6483
4883,6161
8196,2529
7541,2961
7834,2490
7523,1765
7106,1241
4474,5743
6928,3461
7669,392
5182,4116
1952,7859
9785,110
4458,5227
2776,8093
3138,6434
9715,1132
3841,6774
7076,3160
8354,1645
9220,1967
3083,5989
8766,1717
2872,7010
6944,3166
8886,878
7363,2928
7529,2626
7199,2327
9869,1476
8349,604
865,9157
2575,5262
4493,4984
1263,8794
4579,5041
7109,2242
7810,1662
8818,876
5436,5443
3746,5175
4506,4375
9624,1653
986,8495
5264,5229
5994,4159
2974,6804
3985,6815
4004,4808
2676,5956
3646,5533
5637,4286
7875,3529
7107,3725
3195,7737
2917,6502
6444,5146
7610,1726
7800,789
7644,2575
278,8842
6065,6577
7374,4113
4758,5650
3072,6758
6352,3960
5029,3069
5032,5944
1736,9377
9644,131
7418,3412
7574,3314
1368,9527
8147,2803
3922,7032
7196,2975
5165,4255
9034,1272
9770,295
6864,3578
3672,6866
5500,6740
9039,1557
631,9798
229,8828
7734,2084
8822,571
5661,2836
5210,5025
9801,37
4830,5307
4759,5931
2625,8016
5373,5006
5421,4615
9552,1890
6405,3673
9051,596
5050,5317
4497,5476
6264,3180
1525,8588
3486,5815
3645,6311
8428,852
9811,15
3140,6411
4530,6131
6112,2540
3226,6425
7647,2407
2177,8443
5683,4313
5347,4371
5410,3490
4352,5260
5797,4270
6796,2148
4832,3987
8968,1805
3502,6199
5182,4675
3857,6098
8442,489
4507,5998
6496,3515
2357,9220
5530,4667
6743,2608
7802,2722
9496,426
6365,3447
4770,4604
6631,1122
4435,6107
9237,398
132,9028
6473,3610
7313,2570
3634,4820
8931,1443
2656,7716
4560,4903
5100,5477
7373,3538
5734,3940
862,8593
5285,5021
6803,3408
5260,4762
8052,1737
6160,3917
3171,9094
4606,6736
5669,4473
6416,2978
5501,5249
402,8092
1903,9067
6998,2158
1569,8794
7429,2310
6978,3167
3212,8160
5883,3266
8836,977
5941,4197
3401,7244
2297,8985
975,9931
3010,7832
8861,2143
3495,5577
5473,4540
3956,5446
783,8384
5750,3689
4578,3826
6424,4139
3202,6740
3827,8040
3080,4855
881,8562
3510,7994
5969,4776
9884,1484
2372,6560
3632,6801
5901,5891
6264,3069
7622,2649
7432,3292
1171,8814
4386,5586
4788,7022
4041,6467
7127,4722
1332,9618
7200,3252
5590,3812
3636,6309
3612,6419
3931,6179
4042,5514
8571,822
5138,5122
8376,752
6442,3264
5916,2991
3041,7322
5623,3586
4994,4806
4126,5628
3042,6414
3313,6489
6913,2899
6908,4087
7358,2583
3470,6795
2634,6843
1546,7977
1749,7520
5630,5203
3127,7805
3973,5635
3139,7473
5395,5715
1164,7364
2540,5698
4832,4125
3937,4681
9745,2361
6228,3575
4221,4296
5099,4352
6813,3276
9209,1151
3444,6728
5947,4627
7936,2940
6541,2900
2214,8136
7439,2902
7893,2673
6021,5107
5902,4209
8109,1174
4383,6102
5596,6184
2468,8790
6162,4210
2827,5867
9245,1825
2091,6558
7807,399
3953,5489
4864,6086
6783,3693
6864,1986
2689,6320
3750,6126
2462,7352
3302,4981
7516,2013
5398,2713
8091,1628
8090,3030
8201,2993
3186,6692
5409,4503
5234,5697
5747,3685
5792,3103
5645,4219
9336,929
6420,3626
4090,6629
5446,4762
5141,4901
6954,2316
7075,3206
8472,162
1784,6048
7271,2427
8135,1028
5337,4628
7001,3392
7176,2781
2680,9672
7764,1985
2089,7946
4602,3859
3010,6278
1633,7692
7311,3915
1683,8534
3766,4245
4070,5634
8537,1158
7425,3053
2308,6869
8263,2127
5512,5150
6610,2817
4162,6421
3160,7271
371,9980
9287,2725
7175,2944
1149,7637
6686,4651
3860,6990
4498,5923
6647,3915
2225,8416
1393,8353
6502,3799
7580,2075
5710,2609
9057,1015
3376,4837
717,8744
935,8311
7179,3258
6002,5177
294,9003
2789,7354
7512,1315
3590,5147
8109,2578
6106,4590
6142,3900
6683,3828
4277,6287
9439,1127
5496,4586
5917,3816
7564,1132
7609,2332
933,6692
3580,7038
9016,371
2595,7687
6064,5671
7698,2620
5472,5243
5285,4634
6284,3049
9439,307
7079,2246
4983,5697
4644,6680
8118,1522
9496,828
5713,4817
9269,1405
7898,2499
3324,7270
4483,5477
5961,4754
4748,5580
532,8585
6291,4153
5291,5645
7434,3153
3080,7109
3135,5592
4168,5329
4383,7645
9480,1899
2547,7928
1909,7427
8048,954
6274,4538
4535,5010
3446,6965
6393,2850
1517,8932
3196,6308
7654,1208
4801,7293
1953,7671
7783,3911
7487,2281
7961,2053
6264,3421
2890,7155
1581,8904
8214,956
6682,3798
4143,6838
8583,2474
6223,3346
2520,7203
2442,8227
9879,292
4382,4039
7680,3121
4132,5555
5717,5400
3565,5014
4374,5265
4796,6579
5576,3801
7288,2842
325,9605
5202,4557
1927,8663
9153,976
4716,5378
1451,8953
2115,8199
8237,2172
2380,7362
4910,4942
3982,7049
5484,3957
4959,4339
6455,4118
3044,6826
4460,5868
5001,4498
6246,3744
4317,5743
9755,1451
6838,2710
3426,8067
6664,4753
7606,3179
4279,6509
3486,7310
1857,7219
2858,7289
7184,3116
2069,8388
5811,3823
9746,153
7470,1371
6350,4288
1719,8169
5223,4183
5564,4263
2271,8181
4943,4770
9535,393
7634,2895
398,9715
9425,1935
8664,742
7951,4542
4490,4869
9628,1602
6622,4779
4865,4751
2904,6634
2044,8201
4062,6912
9196,979
4035,6134
4592,5266
6462,3405
5868,5181
4537,5358
9416,684
3132,7190
245,7543
8672,1876
4183,5247
7742,2953
5353,3954
2806,6926
3468,5601
1153,7782
6467,5058
4095,6436
8265,2180
7222,4083
4304,5110
4422,6304
7889,1574
1767,7051
6586,3787
3784,8234
4420,3622
4755,4637
4177,5100
3505,6531
7933,1408
6707,4300
3386,7058
2060,9043
4093,6222
7890,1827
6325,2951
7248,1541
6038,3716
5177,3864
5805,4958
8622,1774
9020,3655
4474,5493
4803,5340
1211,8499
4613,5842
2676,6464
5003,5714
3633,7029
4595,6049
4128,6204
654,9499
3773,7294
6316,4631
3112,6372
6364,4676
5439,3131
7042,3246
7147,3097
5414,4652
1845,8415
5488,2874
2527,5862
5673,5285
5108,6191
491,9874
222,8114
5534,4317
6250,3287
7043,3777
5997,2665
1811,8621
5454,4137
9028,1226
4832,5280
6634,3657
4682,5887
9309,883
4920,4875
4707,6583
4291,6366
9469,957
1982,7451
1192,8638
5462,5245
8392,1705
7641,2469
8942,1769
8724,1068
3775,6279
5234,5062
8786,616
1711,9157
7499,2111
7588,3221
5488,4830
3707,6675
3164,5284
2913,5558
3304,8415
5258,3613
4785,4446
1602,9023
5390,4083
8809,2289
5723,4519
6806,3713
459,8871
4454,5994
8791,1456
2901,6664
4196,4718
8974,622
4522,6723
8254,1806
2654,7257
3601,6850
2422,7659
1549,8553
4529,4700
2824,6102
3346,5712
4279,5624
1221,9418
9722,1227
3013,7778
4897,4593
7515,2628
5597,4328
2002,9701
466,8995
8122,2841
1343,7252
1208,9762
8041,1687
8101,3565
3582,5503
1393,9064
2979,6797
8395,2522
9065,1750
5712,4135
8983,1091
2542,7582
2678,7069
1777,8190
3586,5363
3995,5837
3746,6010
2010,9288
7357,1781
7338,3092
9032,399
8178,2134
2939,7699
4649,5135
7671,1116
3845,5867
258,9651
7567,2058
8003,978
5566,4368
7348,1955
9601,405
6161,4497
9352,1856
5440,5979
5177,3640
6800,3116
1828,8919
4590,4973
3745,4808
6530,3920
5253,5192
3852,6612
5842,3799
2218,6298
664,9210
8060,3192
9638,1570
3598,5009
6873,3790
7009,3068
2578,6257
6971,3645
4240,5001
4349,6212
2853,7266
9512,276
3155,7337
3590,5893
5824,3726
8891,1533
6996,3066
2677,7587
6081,4384
825,8598
1073,8948
7559,1023
3049,6868
9078,1538
1256,8658
767,9344
2342,8307
8514,3699
5723,5461
7773,3450
7363,3782
3557,7055
8103,1922
2885,6742
1509,8662
8969,180
481,8677
7443,3179
2321,8297
6507,3544
3840,6459
3826,6954
2671,7383
8600,1774
8977,476
5172,6297
6602,4025
2930,7080
221,8836
2205,7739
3784,6063
4689,5423
9263,1870
3373,5720
4784,4542
6636,4224
5389,3848
6551,3756
8056,3227
6260,4699
6495,3474
2561,6245
5433,4739
8451,1987
2605,5579
8915,668
6773,3253
4918,5424
6455,2012
5088,4145
9992,168
2228,9298
200,9681
2701,5605
5470,4516
7424,2329
3381,6845
6495,921
5495,3430
5470,4527
6287,4288
1260,9626
9839,687
8679,1674
2720,7365
3285,6456
3897,7166
1459,8854
3357,6283
2604,6924
453,8189
8180,2384
6924,1542
6522,2759
2315,7830
2292,7598
542,8470
356,9945
7503,1511
3903,5490
7547,1078
3298,6144
1681,8051
8367,789
1949,6673
7685,2069
3364,6272
6932,1844
6752,1740
6982,3826
4242,5915
4517,5160
5491,4461
5720,5368
7975,2629
5060,6412
2586,8263
4320,6203
4715,4479
1241,8613
5160,4955
4507,6448
8428,757
4823,5658
5281,5042
5401,4173
1820,8759
870,7104
9612,250
2675,7685
8664,1214
3076,7326
4112,7442
9603,488
1959,7471
9814,797
5982,4208
5676,3495
8028,1904
5140,5946
7849,2158
5631,5011
9368,860
5526,2628
5688,4489
3748,4650
5524,5463
4709,4559
5926,3948
5086,6422
3597,7732
1970,8215
7788,2104
2838,7222
7317,1712
4890,5861
7938,2478
6208,4094
6575,2680
7449,3817
3279,7920
753,9398
4798,3619
3534,8090
8745,2791
465,8672
7166,2561
3307,7442
6164,2523
5175,6437
2846,8030
4665,5247
6773,1950
2503,7418
3394,5769
6971,2112
3811,6732
8571,1888
7422,3284
3808,5374
7223,2174
8268,3091
5394,4487
7702,1650
977,8391
4203,5157
5033,5181
7091,3605
3646,5697
7061,1666
515,8536
5229,2934
4644,4867
8647,2811
4038,6197
2085,6401
2412,5965
4811,5963
5815,4048
4202,7352
2560,6825
4904,3702
5581,4835
5087,3937
2279,8458
8401,3153
732,8886
4069,6050
5927,5331
4017,5585
6449,3944
9553,520
3221,7940
3108,4289
756,9504
923,9318
7258,4134
5599,4665
6654,2660
413,7875
7168,2469
7481,2329
9235,1127
5570,3886
748,8378
3705,4486
7370,4100
3318,7596
3906,5722
6815,3595
2501,6236
4599,4888
1396,9841
3466,6311
6203,4614
253,9989
1262,8230
218,8915
5427,5864
4324,5297
7761,1857
9458,221
6818,3880
4005,5718
1662,7236
5731,5212
6370,4891
2334,7643
2261,8430
5053,4611
4535,5709
8672,2439
5590,3711
3904,5655
7775,3267
2118,6407
6532,4074
3225,6857
4315,5888
7932,2391
6628,4807
3134,6771
2117,8061
5799,5266
4352,7053
1458,7857
6767,2742
1260,9934
7747,2522
6669,3576
2307,7752
6973,3346
2312,8463
2911,7498
5635,3523
3251,7391
2695,7186
8439,1563
7762,2599
3672,6451
3611,6962
9015,2283
8372,1431
888,8312
2737,6630
2260,7656
3657,5424
7029,3591
4031,6544
6662,2360
7111,2337
3742,7369
8804,1319
4798,5346
5987,3262
3677,5508
3977,5454
1819,6743
1799,7837
4126,5422
6355,3152
4557,6849
4954,4062
8287,1705
4664,4232
7655,3759
2078,8229
2627,7219
4646,4803
2816,6207
4334,5795
3008,7570
9194,788
4816,4713
6484,3055
6261,3782
3337,5579
1252,9164
3797,5345
3413,5971
8740,917
223,9042
1008,9276
2555,9091
6249,5795
4025,5781
2658,7684
7326,2559
3767,7351
7411,2446
6120,4407
1289,9555
8121,3028
3876,7229
8709,1876
6860,2174
9368,1159
5954,4372
8635,1589
4350,6748
4597,7044
3635,4162
4104,5830
3027,5574
7016,4153
4154,5297
3376,7078
4730,5536
3117,6594
9315,1234
6794,3860
627,7333
6912,2941
1558,7387
9266,364
5299,6109
5305,4772
5419,3779
8901,1257
6156,4838
623,9236
2867,6036
4906,4745
5498,3736
4941,4278
2354,7430
8597,2345
8033,1535
6347,3957
7524,1544
6245,3095
6461,3962
9,9969
7196,1245
6556,3962
5557,5226
6961,2160
2563,6360
1057,9247
7915,3592
2323,7393
8406,226
3127,8018
6201,3279
4042,6035
3143,6935
6395,2485
1322,7069
980,8329
1470,9502
2131,7204
4390,6049
5657,4636
5527,3710
1822,6149
6489,3556
3244,7433
8844,2097
9098,501
7323,3041
6261,4948
6696,3026
6683,2839
9107,557
9812,923
3671,5054
4499,4677
4043,5018
7213,3416
7366,2563
7455,3718
6012,3930
8607,1439
6563,3044
2587,7929
4302,4905
5019,3983
2012,9027
1468,8565
4523,6216
927,8774
4681,5951
6933,3572
5146,7651
3742,7984
8035,29
3518,7280
3748,7747
3554,6762
6454,4205
4489,7313
7761,2618
8599,1420
4210,5275
7195,2907
9101,1441
3712,9155
4388,4690
7802,1231
6888,2879
6347,2569
3641,6031
1853,8646
4120,5455
2090,7982
5815,4373
454,9341
3537,5307
2558,8781
9665,801
8110,605
481,9507
8164,2341
4562,3867
9534,399
9010,1249
7434,2585
3071,9159
4411,6222
7905,1979
6279,5022
5080,4703
7384,2398
5832,4157
9608,1468
6261,5577
6577,3431
6418,4143
6524,2661
2459,6455
9250,374
1837,9353
8200,2478
5550,6084
2208,6532
4579,5033
8391,759
3055,7983
2553,7755
4424,6388
7354,1303
6976,2804
6915,1577
3581,5631
6679,2641
7773,1885
6328,4339
2382,7409
1670,9709
7179,3884
4539,6300
1104,7302
2254,6887
5420,4806
5533,5622
5837,5012
2930,6544
7848,2099
7425,1327
7943,1640
7316,2267
650,9156
2061,8200
1009,8815
7573,1092
5521,4416
2481,6664
1641,8225
5681,3884
377,9849
6727,2547
2557,6805
5230,5424
445,7862
4197,5771
6818,2359
7924,2920
8537,434
6802,3750
7569,1255
3031,7996
3086,7444
7376,2619
1471,7416
4475,4453
5936,4547
5677,3748
4239,4136
1486,8511
6077,5254
1442,8727
8389,185
6921,1944
4207,6697
7601,3197
4863,4820
4044,5866
5441,5452
6100,3809
88,8755
4175,5737
792,8919
595,8346
6775,2471
9627,769
1591,8441
7438,1988
2628,6355
1387,9600
3687,6823
5159,4508
4086,5687
5054,4143
7111,1945
3289,7012
8836,2016
3337,8893
6677,4377
3758,6371
3014,7304
7926,1744
6320,3756
7784,1925
3529,6536
5682,5427
9809,600
1479,9293
5151,3762
3754,6876
1920,7804
5119,4293
6397,3375
6146,4222
948,8600
1512,8185
8070,2452
3671,6399
7443,1811
4595,4170
4281,6439
6544,4754
1059,9042
7262,2032
4693,3897
2615,8884
2248,7707
7732,1598
2262,7363
1424,7884
6805,3824
2004,8570
2543,6763
5426,5017
2931,6273
2063,8377
4362,5723
2357,6047
5760,4012
36,9522
3083,5921
7251,2803
8162,1371
4524,4917
1090,9158
2214,7675
4416,5850
3959,7156
9201,1683
4458,6389
4062,6153
680,7888
2106,6472
8628,1667
7062,2071
4368,5370
7651,2559
7092,4079
3767,5573
6049,4381
4638,4198
3906,7753
891,9918
3337,7165
5351,3772
8245,1906
5792,4770
198,9700
5069,3834
7621,2482
1628,8889
8516,2306
3270,6154
3614,6754
3128,6101
5336,4961
6128,2227
6064,3556
7781,1939
5183,3957
8209,976
4109,5645
8087,1506
6534,3104
8344,1155
9143,1024
8023,808
4962,4803
4772,6163
2675,6224
8943,1441
2199,8531
8716,664
3077,6159
9202,1889
1462,7948
7858,2040
8050,1397
4560,4308
3708,6495
260,9006
5588,4055
7217,3314
3510,5814
3458,6083
4024,5155
661,9549
4602,5677
2740,7149
3982,5195
780,9235
1129,9873
7712,2086
6974,3667
3515,5872
1204,8044
8142,2425
2242,7772
2854,8458
4241,5707
4651,3884
7678,3412
1794,7680
5291,4036
5897,4079
7051,3348
3149,4461
9261,617
3021,8167
7784,3807
2661,6529
8135,1874
3735,5994
2333,8363
3485,7201
9562,520
2322,9181
4209,7096
2918,7326
4290,4873
5979,4713
6252,4386
2741,7551
2162,7891
2578,6753
6495,3069
7468,2613
7996,2034
5918,3762
4186,5653
8718,1619
7751,3516
1295,9678
7763,1351
5720,4801
2724,6598
8542,1160
4952,5548
1651,9069
3057,5428
6111,4000
4680,6114
1508,9547
3558,6803
9616,1815
1374,7998
4276,5177
9182,2321
3305,7072
4093,4867
2076,6796
6499,3500
6437,3600
5662,4187
5116,4025
4293,5077
2986,5889
3176,6202
1883,6985
2154,6747
380,9669
8601,1563
5261,4535
8319,2550
7475,2149
8610,2559
1164,7372
1094,7709
5902,3496
4261,5508
9931,295
9211,691
3250,6880
2600,7607
6492,4352
5305,3551
7653,2505
3720,7777
2662,6489
5668,4862
705,9685
9461,964
6738,3765
3794,5046
2342,8603
4170,4891
5827,3069
4732,5164
676,9200
7893,1981
4858,5171
6672,3267
5585,3650
4117,5322
7173,3327
4370,6263
5378,4315
4227,7359
2709,6601
4772,5716
1688,7641
5008,6152
6017,2714
8908,970
7293,3032
7732,2922
6001,1973
3822,5456
2890,7143
1865,9153
1572,8081
5227,4926
6706,2706
4351,6333
1444,8148
9053,519
7586,2121
4216,5216
8807,859
3261,6880
7856,3156
1536,8251
3276,6170
3667,5000
8996,2693
5607,4546
505,9290
5153,3608
1523,6766
8814,1324
3676,6106
4967,5074
3565,6722
8429,2999
4177,5909
1508,8534
4589,5399
9504,593
6008,3655
3236,5896
8135,2358
3645,4528
9164,361
3793,4244
7309,2520
1098,8915
7432,1840
6482,4981
7275,1870
4869,5884
9053,1371
7564,3338
4053,5067
4882,4687
8598,2023
3783,4845
9160,1203
2713,7607
1852,9045
5329,5366
3194,7058
9016,52
6068,3546
3365,7346
6451,3752
9739,299
7315,2407
4317,5552
7760,2793
1828,8216
5172,5534
8029,3244
4116,4988
3999,3831
5879,4720
5391,5097
1017,8708
6939,2908
5509,5557
7225,3136
916,8976
881,9796
8167,2882
2576,7079
9634,119
5658,3557
4633,6003
5891,4433
7452,1674
3640,5801
8330,1483
6460,4490
6479,2836
1178,7405
5411,4172
6591,3055
6788,3536
6207,3884
18,8575
3878,6807
1977,8578
2767,6304
7383,3778
3202,6559
9695,577
5329,4573
971,9279
4452,6046
2015,7992
1955,7153
3398,7767
5517,3901
5233,4055
7685,3715
2052,9196
4838,5368
6067,3016
793,7448
5023,5111
698,8367
5655,3666
2753,8434
1155,8040
4975,6094
8853,1692
5370,3853
2809,4797
5962,2706
4032,5887
9281,1071
5208,5649
5932,4067
7977,3011
9330,1354
5657,5539
140,9646
759,7932
8441,2564
6494,4165
2238,7734
6032,4086
7331,2823
4167,3842
391,9244
5414,4999
1745,7993
4630,5353
7016,2202
2749,6412
1971,8562
4126,6284
6310,3028
8980,2581
2601,8485
3854,7180
261,8716
5127,4442
2100,8381
5475,4321
6416,4249
2648,8003
7430,3877
468,9416
5176,4490
4870,3787
6364,2978
4879,5239
4845,5033
834,8421
2865,7649
5598,5341
6828,3431
3628,7330
2212,6431
8352,1820
2717,7086
7288,3236
3571,6357
4969,3972
1249,7715
5567,5504
749,9314
5274,4659
9386,306
1577,8168
5029,4102
1709,8567
9004,10
4987,5150
4130,6192
6684,2784
5804,3744
5386,5598
3490,8499
1024,8847
8874,1777
2301,8410
1682,9242
3520,5979
7051,3003
253,9399
2774,7563
4212,5063
3504,7334
6070,3412
2182,8937
7842,583
9753,1495
2617,7057
5456,5124
7763,1844
3808,5066
1732,9036
9716,1156
2915,5589
5704,3641
4912,3914
5396,2688
3664,5267
7269,2911
3133,6090
5624,3562
6818,2944
5665,4239
8764,385
4902,5033
4456,5891
5608,4870
5384,2595
5129,6168
6432,4952
1514,7908
9654,742
3383,7118
3182,6505
5181,4925
5903,5514
7610,2168
2777,6319
8823,1382
6025,5267
5272,4887
3878,6778
3201,7022
1937,7643
4617,5563
1350,7781
2212,9065
9311,174
945,8785
4494,6461
5658,3136
931,9351
1500,8499
4283,6386
3063,7513
4205,4553
6202,3660
1031,8160
4383,5941
3612,5369
6185,4264
7185,5214
6063,4067
7827,2390
956,8746
7673,2488
5868,2395
2995,5861
2002,8054
9627,1549
4538,4557
5731,4061
8637,323
5331,3728
5246,4854
1383,8397
823,8437
6569,5355
6284,3858
3587,4827
7411,2824
6959,3579
5653,3809
735,9251
1526,7883
3633,6974
6178,2141
7550,3163
4787,4278
1753,9139
7343,3623
6773,2320
5809,5575
7207,1779
3646,7293
7605,585
6049,4181
4071,5249
5943,3336
5900,4409
1804,8090
9884,415
9304,1302
7397,2495
4257,5141
3402,6989
1095,9549
8556,2549
379,9258
7534,3573
4155,4671
9646,789
4966,4601
3249,5597
1896,8979
1676,6845
2727,6171
4494,4367
6160,3219
1209,7974
7964,1915
7560,2330
2682,7630
8453,337
1746,8626
5316,5298
1941,8898
2125,7508
606,9632
2621,8249
7075,1948
5072,4888
4273,4705
9567,403
8469,2991
2975,8191
2463,6622
5650,4703
2844,8006
3778,5905
3287,6372
9070,787
5797,3249
6735,2405
3101,7383
9050,401
6107,2462
2975,6081
27,9775
4579,6557
5487,4124
4926,5585
3019,6424
5701,4356
7954,2618
7071,1878
3397,6303
2431,7389
4874,5539
1442,8038
3506,6686
6296,3838
8015,2070
3656,6713
1833,8031
2373,8075
2265,6554
6375,3850
9651,1362
7819,3184
3051,6812
175,9349
6712,3713
1738,8478
2982,7800
6943,4445
6925,2038
6979,3502
319,8269
7062,3637
1501,8806
3404,6548
6308,4440
1452,7819
508,9480
6641,4483
6500,3383
6576,3818
6434,3763
5784,3579
3622,5919
2915,7403
9221,2185
9301,367
4977,5244
5221,3333
5131,4625
3476,8228
7313,3648
4267,6830
3564,5930
7418,2249
7702,3345
7431,2121
4831,4968
1507,7985
2403,7010
5686,3781
1389,8673
8903,1059
3368,6280
4029,5832
194,9296
3563,4687
858,9188
5909,3016
7542,2619
8103,2649
4644,5573
9090,616
2973,6524
6840,2803
6624,3501
4438,5123
1234,7596
2868,5176
1286,7147
7195,3126
486,9205
342,8978
3728,7000
6599,2913
5721,5365
6966,4352
4858,6461
3420,7766
6393,4252
5054,3425
1717,8037
4194,4648
6641,4077
6062,3045
9259,736
5435,4006
7516,3764
889,8332
5259,5121
3324,6461
5535,4787
9367,655
6231,5487
8962,3306
160,9357
4813,5515
5881,2890
3887,5729
8002,1072
2900,7830
7130,2681
2285,7382
8277,1564
7245,2190
7089,2299
107,9332
6164,2973
7031,2896
4703,4683
5771,5018
5652,3797
8548,1492
8284,2013
5629,4372
3759,7069
8333,1385
6831,4127
5741,4078
2327,9423
4664,5934
8334,3220
9228,1499
7324,2649
4387,4491
471,8795
8024,1506
946,7903
8010,3063
8045,2283
5545,3168
5708,4436
1650,8320
8013,1598
3560,8056
5474,4187
2502,7184
7397,2137
5855,5351
2654,6409
3410,7989
5724,4675
7643,1796
4349,4850
7732,2180
9857,1231
970,8634
4101,5324
6750,3707
2105,7461
1716,7487
5854,4870
4814,5173
2161,7187
4089,5175
7814,2423
5115,4463
8953,1365
4290,4419
5742,4242
6673,2812
4431,5690
9536,1558
2705,6961
3545,7002
2600,8093
6468,3865
4405,5016
2261,6070
8675,1336
3416,6295
8328,973
5897,5284
4542,4679
9611,252
5985,4272
4350,4787
4121,4377
9059,1807
3556,5424
1703,8469
6055,4688
3170,7167
7407,1448
1631,9562
6186,2983
5596,4960
3490,5795
5991,3393
3309,6773
8032,982
5969,5800
2125,6590
2909,8777
2385,8005
8607,412
2348,7066
1728,8465
3369,6981
1164,8430
4840,5462
5417,3488
7677,837
4933,6150
6017,5176
8352,2204
2217,6961
9509,1432
9802,239
2469,7286
4859,5658
5125,4973
76,9203
9471,158
6510,3550
3115,7063
8417,2006
8796,2048
2963,8472
6742,3017
8935,1777
1067,9913
2964,5470
690,8851
6289,3840
9342,2072
7657,1810
4083,5193
2504,7089
5374,4823
3633,6863
3948,4375
3784,5481
4437,6320
4299,5006
5516,3763
762,9632
6904,2004
8216,1684
7900,1627
2852,7824
7483,3261
5102,4824
537,8885
1671,8503
5797,3399
1733,7457
5170,4010
2727,6697
8499,2068
9705,1262
1588,7361
5867,2251
9327,1602
5049,4923
2466,6312
1852,7260
6838,3032
3154,6637
3767,4725
5930,3805
998,9412
5471,5568
9655,822
4804,5667
1210,9467
8393,1153
3510,7465
3030,5988
8406,692
6852,3741
2396,7821
2506,8328
9085,1935
445,9834
7755,1788
7635,3097
4688,4909
9377,478
3635,6142
474,9426
3195,8221
976,7584
6092,1999
2543,9015
4255,6129
6357,2860
3324,6890
4267,5155
1838,7819
3861,5678
4961,5354
7657,1311
2293,7833
3520,7196
1611,8057
8350,1183
151,7969
5106,5100
5156,4820
1270,8810
5527,5400
2261,7736
3847,7365
3043,7534
1654,8308
6113,2859
4772,6171
3517,6037
7620,4622
5768,4548
5380,6355
4546,5777
904,9209
9458,311
1861,8833
9511,655
8068,1877
8575,1314
7460,2992
3418,6641
3748,6520
1950,8572
6135,3502
5787,4710
4260,5298
6412,3436
6865,4148
5628,2863
6338,4298
3230,4920
7114,469
3928,5104
7225,2471
7588,2171
6196,4902
5603,4694
4649,6731
3597,6194
6541,3019
5119,5326
509,8290
8149,3672
3003,8310
8743,1070
7108,4478
7458,3421
2094,8056
4465,3482
5583,4711
4229,6466
4426,4626
4490,5301
6026,4495
7125,2370
2809,6644
7555,2770
7662,3167
2358,7793
846,7554
4996,4791
5921,5494
5822,2483
3883,6093
2782,8028
6726,4121
5180,3163
1326,9873
4143,4706
6063,5468
2958,7659
5494,3779
2465,7384
4647,3821
1712,8300
2956,6313
1263,8801
3116,6494
2208,7263
331,9102
6216,4875
3401,7782
7076,2504
2606,7039
3268,6966
6020,3308
362,9772
8283,1464
3866,5301
5318,4880
1680,8302
7331,2906
6650,3116
3393,7396
3028,7028
5836,4317
3176,7007
1580,8683
6998,3925
2175,9738
9268,737
2129,8937
6149,4713
1772,8249
2843,7989
5022,4277
8176,2176
6116,1804
3992,5962
6480,2849
5032,3647
1684,7301
5910,3296
1141,7270
3646,5499
2376,7232
1529,7578
8655,246
4469,7310
4854,4508
1953,8644
5021,3242
6646,4066
2806,6918
9395,811
5408,3671
2360,7251
1807,9036
2720,5744
1566,7856
1308,8912
2812,6165
9288,497
3775,6044
9098,895
5256,6113
6083,3186
7752,2182
2705,5902
3933,6334
9533,728
7243,1980
6959,2568
3583,7242
4884,5737
3212,4954
6347,4077
4657,4604
5359,4750
3397,7079
3355,7732
5689,4290
3641,7310
7609,2639
3790,7430
1176,9073
1521,9856
4245,4522
2694,6873
6007,4800
1147,7996
3445,7577
1467,7347
1866,7744
8128,2363
5084,3970
3726,7677
8147,1100
5328,5834
2425,8506
6386,2018
3443,7279
2067,9964
5421,6147
3971,4280
8258,1782
7988,3084
1207,8720
7112,3094
6282,5869
6294,3256
6735,4397
9844,57
9828,2197
864,9779
4130,4619
9309,930
4022,6828
8997,1426
3021,5728
9430,1079
7027,4483
4798,6796
4748,5820
6656,5035
2392,7863
7052,2310
5390,6899
9641,669
3225,6785
6752,3115
3608,7572
2107,6973
6662,2013
7284,2226
580,9233
1806,7065
6839,2667
2854,8000
3123,6628
4526,6099
7352,4565
3104,7767
1229,7597
9409,2008
6611,3120
4856,5501
6968,2681
1315,7927
5247,3576
3433,5009
7061,1697
9795,703
5938,5221
5387,4413
5744,2827
6190,4646
1971,6674
8276,1905
4364,7061
2201,7335
6597,2352
6063,5695
3056,5607
6147,4226
1952,8434
5398,4462
2547,7984
6600,3902
5530,4520
4087,6161
6492,4661
8038,3991
2219,7809
3780,6193
6728,3707
7232,4360
5535,3386
9303,1095
3682,5762
4998,5262
5881,5173
8757,190
3692,6130
1191,9240
7642,4502
4720,3992
7086,1870
6490,2717
633,9712
6492,2848
1208,8793
7110,2730
5798,3547
8304,733
9056,2680
4627,5009
8017,1681
5532,4882
8065,2467
8065,3011
5592,4710
2843,6967
7678,2278
3432,6556
3034,7827
2576,7019
1454,7664
9112,1787
3450,5978
2312,7197
7604,3796
2722,6789
9854,1021
4307,4963
4429,4825
8984,1791
8197,1877
5433,5372
804,9631
8918,617
5256,4628
2930,6903
9311,791
8507,2555
6612,3255
4119,5900
5070,4630
6699,4928
438,9629
6147,3154
7854,2361
5143,4586
6194,4078
4258,4800
135,9721
7325,2044
7330,2989
3765,6279
3851,6735
7846,1565
5927,2939
3132,8089
3555,7157
2311,6965
4814,5782
6852,4241
3661,6327
723,8767
4216,6172
4640,6297
6347,3916
5173,4404
5853,5107
3760,5738
3016,6737
8490,1623
3622,6467
2862,7267
2148,8451
8483,634
1741,8400
5580,3556
1103,8530
9168,919
4081,6613
4004,4246
7106,3282
7388,1971
6746,5069
7909,1014
4115,5217
4084,6925
8827,2224
4153,6103
7026,628
3009,7519
2316,7287
9347,201
1895,6781
6931,2942
3713,5532
4870,6254
9323,1405
7251,3458
2687,8084
501,7873
2819,6464
5036,4800
5003,6115
3052,7568
769,8916
8264,932
6706,3092
7777,850
2642,7350
2588,7552
6778,3305
3239,5161
7675,1972
2220,8582
3505,6166
6221,4486
6017,5935
5774,4758
4129,5874
8785,555
8006,1205
5266,2979
9515,1233
8204,2254
1762,7725
36,9434
8471,2140
2638,6814
3950,5147
6002,4551
2335,6525
3279,7015
9015,1319
2943,5555
3225,6903
3031,7069
6248,2624
4144,4631
7011,2386
8281,600
8063,1709
3231,6423
8713,1877
2668,6533
4937,4929
8126,1086
9600,168
2761,7541
4590,4563
8559,2215
9657,1156
4598,6573
7493,2430
5144,3972
5756,3271
6170,3439
6784,3701
7137,4297
1134,8006
1796,8015
4286,5408
8529,1309
6661,3727
3620,5166
6679,3934
6841,4765
9938,2075
2003,7811
1635,7710
5537,4347
5240,4934
9805,61
8854,165
9258,1253
4067,6566
6755,2348
690,9409
119,9343
3869,7513
6955,2724
6501,4110
2976,7638
2314,8392
4801,5287
4351,4054
5916,4316
8183,1496
9455,858
8865,2065
7477,2806
8711,643
3998,6494
9155,1256
1763,8149
1409,8166
4021,6179
3816,6761
4163,6192
1489,9235
3171,6373
2708,7139
3448,7406
9033,279
2155,7093
6898,3699
3308,5405
3325,6039
5788,5477
3618,6934
8096,2120
2147,8046
5224,5348
3798,6784
3025,6924
1451,7940
7314,2277
4353,4317
5191,4252
9362,1460
2704,7369
5794,3967
5418,2716
6656,2663
5065,6237
6899,4921
3569,5707
5939,6003
4013,5193
6514,4620
2345,7372
4111,4832
5318,4017
3245,6081
9454,236
5625,4173
91,8872
4154,4310
336,9536
4378,5412
4820,4138
7075,1371
4156,6393
3535,8005
1919,8658
6713,3120
8967,2344
3641,5976
9317,268
6219,2595
6577,2744
2325,8678
4577,5036
3522,5024
5825,3894
6230,3450
1950,8821
8011,1515
6677,4031
4944,3892
8806,1693
2605,7552
5050,5629
2715,7934
4014,6100
3040,7116
8979,1317
8394,2259
1043,8186
9330,747
5539,3082
5629,3267
6755,3941
6286,3501
2093,9172
2008,8163
4618,5073
8107,3443
6911,4134
5667,4276
8322,960
6252,3667
4164,6981
3231,7689
154,9954
3585,6265
2269,7251
7990,46
5243,3915
9097,757
4392,6146
1741,8065
3189,7721
3928,6166
2391,8079
7787,2629
2913,5824
4826,4989
6744,4655
4123,5058
2901,7578
2776,7732
2308,6884
2181,7193
9490,1691
3610,5650
4822,4672
6236,4447
2022,8468
5314,3654
6074,2869
1256,7803
7555,3059
3630,7155
6168,3023
9780,1290
2830,7005
8485,1582
2689,7149
2585,7309
8728,2274
2153,7966
3359,6169
6798,2262
6981,3922
7548,1819
4117,5305
5187,5978
3118,7312
5308,5809
4842,4722
6176,2917
7665,2506
967,8656
5280,3716
5705,3900
1258,9352
5520,2885
2757,6908
5240,4423
2274,7552
7917,3397
3797,6017
2071,6864
7553,3338
5780,3255
5550,4334
5823,3580
8794,1632
2558,6900
6788,3710
5320,3970
6074,2697
9171,1982
4552,5546
2718,6796
1752,8952
6717,2704
4067,4280
3649,6495
6006,4308
3949,6493
5237,5795
7517,1777
2772,9405
4535,6147
2675,6479
6078,3483
4756,5880
680,9398
6872,2724
3053,6990
6928,3835
2641,7044
3942,7085
7914,3253
3212,5978
882,8787
2844,5850
2935,6823
2373,7053
6065,3383
5856,3951
3181,8810
5616,3138
8139,1822
8677,1240
8995,1086
8315,1767
4620,5869
5683,5082
2377,6555
3070,8244
6276,2605
6644,1689
7900,2710
7121,4521
8859,808
1902,8574
5299,4712
5288,4514
3690,5566
5565,5909
2368,8257
3714,6236
3757,6593
74,9032
1813,7010
5072,3117
7996,1458
4178,4670
8774,1093
5809,4002
9667,1018
4749,5310
3774,7474
4330,5019
294,9330
4714,5282
2360,9220
3247,7262
5617,5303
1042,9734
7594,3166
1483,8823
3480,7379
1437,8798
8032,2426
5700,5089
4856,5660
7387,2619
8362,2863
5355,5149
4440,6005
8522,1962
1503,7938
7009,3033
8919,1529
9918,1509
4794,5335
407,8422
2987,5801
2042,6653
9555,1549
5402,4840
5729,4201
6247,4281
1618,7037
7245,1966
5713,4117
6469,3541
9277,1959
1760,9475
2084,9471
4904,4594
6480,3273
2524,7003
807,7558
3756,5367
6085,3752
2665,8070
6117,3227
5029,4302
729,9677
6629,3485
6232,5123
8436,1097
5361,4377
2232,6875
6850,3130
3767,5250
3429,6222
7393,3291
4585,5025
1536,8909
4072,5935
2861,5828
954,8876
4287,6151
6630,3869
5078,4268
6540,5028
4151,7552
7669,2715
418,8820
8418,1536
5829,4703
7450,4154
4330,5338
2013,6477
6502,2845
4604,3899
9526,35
7506,2459
2919,8053
5072,4388
5193,4513
6285,4140
410,8896
2506,6097
7360,3128
3630,5864
2592,6357
3576,7004
3720,4804
9036,1290
3372,6973
4955,4630
1579,9229
7060,4082
5967,4624
4076,7493
8185,1542
2207,7401
8044,1743
6847,3633
7099,2702
8074,1807
8766,1237
4287,5109
6599,3439
4054,7093
2813,8198
5779,5591
5321,3828
5917,4847
6644,3607
6515,3352
8480,1873
2298,7722
3529,5857
5229,5421
9463,561
6405,5209
8812,274
8858,602
3262,5818
9078,1444
2383,6731
1889,9135
8483,1883
9995,390
2373,5687
8461,1773
4949,5468
5604,2755
1688,8848
7652,1156
6037,3804
9412,124
736,9502
5937,4331
1304,7941
3922,5442
3535,5533
3388,8193
1748,8697
1915,7309
8482,1462
8637,1740
5904,4305
4428,4583
7712,1501
7512,2203
9401,389
2033,6683
6433,2285
3347,6896
5832,3173
3063,8327
4888,6883
3175,6390
4949,5606
3059,6490
4122,5483
4750,6631
3182,6744
1178,9575
2519,7175
4215,5359
6236,3320
1105,7356
6817,2750
1244,7695
1915,5792
4371,5649
3991,5667
5308,3380
7669,1278
7134,4515
8271,1951
7261,1598
7322,2398
3942,5557
6262,4528
3759,4662
9536,181
8699,124
936,7407
7465,3062
735,8600
7807,3214
3778,6362
3308,4971
8894,2165
5590,4067
6932,2167
5359,5100
1114,9098
901,7542
3800,6082
7458,3028
451,9377
4394,6432
5817,4790
4810,4064
5632,4646
6837,2857
3252,7004
4525,5513
5163,5446
5350,4490
4190,6844
810,7777
9756,368
7612,3360
9379,417
4073,5120
4957,4562
7817,2112
6281,3609
3172,6699
4925,4396
6676,2632
4898,6753
6341,3309
6574,3279
2257,7788
7919,3907
6391,2862
7988,1507
6188,4287
5868,1558
7315,3545
4467,3708
5170,5737
5606,3711
2244,9051
6869,4593
4869,5576
2268,7863
1221,8870
7977,1834
7499,3442
3289,7411
915,7486
7255,2639
2259,6697
3252,5578
1223,9730
5994,2947
2951,7487
5320,4180
7340,3933
3500,8718
7105,3086
7297,3708
8929,2392
1815,6735
7561,1378
5385,3689
4623,5010
2475,7202
4601,4185
3436,6313
3818,6787
1978,7176
3913,6384
7461,2060
691,8864
3841,6656
1872,7286
3540,6357
3121,6549
5722,5791
1392,8191
842,8886
4115,6477
8419,153
5466,4687
2180,6531
5916,3588
6653,3846
1092,9350
6191,3585
8268,788
3201,7069
4579,5276
9907,1065
898,9665
8980,2664
8424,832
7081,4691
4099,5764
5678,4286
7313,1264
6421,2691
6615,2804
7471,2832
9425,1174
2165,6538
4082,6911
1687,7712
1544,8622
5393,5685
3288,8039
7255,4095
2024,6728
6466,2645
3258,7571
7225,2532
5481,4530
1482,9017
2312,8755
3202,6225
9067,1574
3892,6607
1524,7492
3474,6078
6314,3500
8181,2568
5310,5851
699,9009
3358,6656
6869,3240
6402,4800
622,8667
796,8806
6804,3218
6397,3605
9798,1512
4241,5573
8556,1513
1547,8738
6923,3747
5415,4580
7698,2048
4649,4188
679,8717
1531,8590
6056,4548
6009,3279
4696,4638
4373,5832
3188,7307
2652,8985
8253,2262
7355,3190
8280,990
4514,5593
2037,8521
5568,5344
6952,3334
8427,1292
9109,643
2900,5800
6130,5435
2596,7013
3819,6074
3189,7082
3953,6396
5243,5526
6066,4234
8696,1087
3482,6267
4432,6108
1699,7806
7983,1695
7747,991
4543,4513
6442,4843
4327,5382
5064,5329
3803,5486
1376,9199
2643,7667
8828,462
5428,6178
2859,6099
6313,2989
4004,5952
5477,5582
651,8538
1904,6898
4869,5906
4363,6314
7988,752
87,9377
4327,4944
7266,1944
4420,5564
3459,5734
2761,6713
7263,363
7911,1853
9272,1539
9200,1151
575,8866
4300,6064
6306,4111
5908,5150
4328,7385
7629,1984
2310,7026
8601,2706
1288,8643
9016,1804
4193,6353
7088,1217
4992,5636
7235,2079
4122,6332
6434,3637
2885,5618
2213,6835
6307,3457
6164,5197
8601,1167
6129,3260
4120,5830
1845,8713
5282,5624
1092,8665
9503,763
3992,6714
9538,1101
6082,4759
3338,7259
9472,654
9270,2210
2893,5282
5909,5468
4256,5380
5169,3792
368,9823
4386,4578
1385,9002
3037,5722
7059,1313
7772,1919
8613,860
1757,8208
5390,4408
225,9431
3602,7364
6923,4070
6175,3029
5756,4654
7185,3078
2972,5999
6710,4411
4623,4722
3252,6828
6141,6351
321,9399
4297,5935
5276,4226
5371,4979
3654,6561
1190,7947
3275,5981
4549,5872
6565,3147
4818,4977
7794,1918
7058,3134
7371,3472
3069,7091
6256,3246
7389,3655
9506,768
1404,7838
8800,155
1550,7859
737,8366
5641,4282
4399,6614
4077,6265
5168,5589
5825,3917
1921,7561
4366,5385
7604,3949
5891,5277
2272,7470
5971,4549
5668,4794
2881,8236
4997,4976
3068,6118
