5000 2
2298,0
0,1268
0,884
2440,1011
0,493
3124,0
1818,0
1463,0
2813,0
1862,0
1812,0
0,1351
0,717
0,634
3100,0
3044,0
0,229
2942,0
0,733
1642,0
0,303
989,247
0,1341
2477,0
0,324
1012,431
2699,0
930,281
0,1234
0,963
427,0
2059,0
2179,885
3338,0
265,0
326,0
239,0
0,157
1423,0
0,296
1007,0
0,132
2634,1113
163,110
0,899
3091,1716
223,0
2538,0
0,106
571,0
0,347
398,0
2050,913
1051,0
0,405
2287,0
1876,0
0,449
0,85
2091,0
985,0
3047,0
980,0
845,0
698,287
0,2107
0,502
538,244
0,393
1910,0
2056,0
1251,0
0,651
0,211
281,106
0,943
556,0
2386,728
0,684
1773,611
170,0
48,0
3230,0
2060,0
2477,0
2574,0
0,1322
124,0
2860,0
2612,0
1019,0
2463,0
3227,0
0,128
0,1389
0,1526
2549,0
0,1437
2519,0
400,0
0,496
1708,0
0,168
0,588
1232,0
3238,0
0,1684
0,1269
0,107
0,162
0,155
0,629
2747,0
1376,0
0,319
340,114
121,0
0,167
0,2170
0,226
2837,810
446,0
1776,0
1238,0
0,2450
2521,0
1213,0
2205,0
465,156
0,85
1400,0
876,0
57,0
0,405
0,685
415,0
1101,0
0,594
2669,0
1888,0
0,38
1270,0
1081,593
0,98
0,775
2869,0
2481,0
0,882
157,0
2176,0
2820,0
0,520
2859,0
0,166
0,1593
401,0
0,766
1078,321
0,1442
175,75
0,90
0,604
1962,0
1136,0
1766,676
3204,1675
0,533
1393,0
2668,0
280,57
0,588
0,1573
897,0
1026,0
618,0
0,1887
2148,742
2131,0
0,126
0,242
2285,0
1731,0
1439,0
0,143
0,778
797,285
0,80
0,112
754,0
0,168
1801,0
2987,1823
0,648
0,125
0,523
177,0
0,415
139,0
2401,1342
431,0
792,202
2853,0
1372,0
3539,0
395,168
1529,578
2177,0
889,319
0,1633
1055,0
2513,0
2278,1007
2052,0
72,48
432,0
1269,370
0,1058
2589,0
0,612
2563,0
1755,0
0,1138
0,119
0,45
0,424
1059,418
962,268
0,1680
1574,347
2341,0
2590,0
57,0
2756,632
87,0
623,119
2419,1124
0,1508
0,1382
0,482
1070,0
0,1353
247,0
0,242
0,1502
3162,0
1161,420
1040,0
1131,627
814,0
0,148
1259,0
0,85
2656,0
2388,0
0,1935
0,285
0,418
3122,1701
1704,0
0,760
1586,0
2945,1326
0,914
1646,700
2516,1757
1758,0
2647,1283
2992,0
0,1590
0,1298
0,600
2835,0
0,171
0,1600
319,0
640,274
866,0
408,0
165,0
0,28
1207,0
1456,0
268,0
2198,685
0,1126
216,0
2332,764
278,0
2598,0
1411,485
0,475
1907,610
2975,0
2892,1549
0,446
2900,1154
0,192
1891,0
0,81
1697,0
212,105
0,647
0,378
0,414
1346,527
93,20
0,115
85,0
882,324
0,123
2373,0
1909,847
278,0
0,738
889,0
242,0
0,422
1134,0
0,1769
0,233
0,797
313,0
139,0
0,410
1105,0
1589,531
0,1129
0,1043
311,0
0,1722
2030,0
818,386
918,0
782,0
0,1363
1326,434
687,0
2525,0
0,289
0,278
1049,0
0,653
0,188
0,919
0,603
1961,1232
2435,0
222,0
0,71
0,487
1046,0
2662,0
1224,0
2338,0
0,1037
1898,718
2382,0
136,0
1393,0
260,0
1091,0
1870,0
3026,957
0,603
0,1149
2512,0
0,1065
1083,532
2968,0
2960,1679
0,1552
284,102
0,1505
0,1039
856,437
3016,2152
0,1139
0,66
1277,697
1760,0
0,946
795,0
0,476
1082,0
0,516
911,0
162,85
1516,0
1083,0
0,288
2672,0
0,365
596,0
0,441
322,0
2095,0
0,347
0,646
207,95
0,309
2643,1091
237,0
0,21
864,157
0,496
0,913
2369,662
0,1062
138,0
1888,0
0,1453
126,0
1451,634
0,400
0,104
752,0
165,0
700,0
0,868
0,1790
648,310
61,0
0,1005
0,597
1165,0
0,1323
2253,1268
0,84
0,843
592,0
0,604
1283,397
0,744
0,340
1306,0
2913,0
945,0
1481,0
1021,0
1363,446
345,152
0,968
2081,0
0,565
0,559
1652,0
1055,0
0,732
2023,494
877,0
0,524
0,2075
0,174
1513,0
1165,502
555,159
0,1616
0,836
0,224
1025,0
450,131
2506,0
2500,0
3041,0
0,365
0,1050
2798,0
0,474
1222,528
2158,663
93,0
2068,820
1262,0
1586,748
2084,0
0,346
2119,1043
0,853
119,0
0,697
2694,1280
1828,0
1384,0
533,0
1116,0
209,58
0,1462
1449,0
1594,773
1966,0
0,848
1581,781
1977,0
0,1174
789,287
675,0
2880,0
3094,0
0,638
0,301
545,0
0,2125
0,268
0,359
0,640
2398,0
135,0
627,341
0,229
171,0
0,54
0,1069
2627,0
1657,0
0,59
0,153
0,1726
556,124
2481,0
0,620
549,193
2717,1509
1403,0
986,293
924,0
0,63
0,55
2265,1600
1317,0
1085,0
0,174
676,0
449,0
1646,0
0,566
0,1898
0,871
0,572
0,532
2518,0
2256,0
0,1156
1149,0
0,374
1876,1118
130,54
1965,1192
0,491
2072,759
1525,0
0,416
0,1011
733,323
0,980
0,636
1032,0
748,0
0,246
702,215
0,509
2906,0
2009,0
2770,0
0,1435
453,196
1935,0
0,84
2037,0
2777,1450
1985,0
0,82
493,0
273,0
0,68
1876,0
37,0
1993,863
2203,0
0,392
102,0
768,0
0,183
0,892
1552,0
0,295
887,0
1664,0
2050,0
0,472
2091,0
85,43
0,1879
947,0
250,0
1132,0
0,340
2121,1253
1853,432
0,914
1261,0
2797,0
343,0
2315,0
2530,0
1966,0
0,1361
0,1285
2283,1123
854,0
654,0
807,0
1875,828
1823,0
1812,813
38,0
2765,1557
1704,0
2440,0
1711,0
1213,561
0,833
0,1909
0,377
0,829
0,311
0,345
112,30
2119,0
851,0
0,528
0,2097
1020,303
293,91
0,236
1760,697
0,1587
1977,691
0,475
110,0
2900,0
0,584
611,198
0,832
0,1025
2069,934
0,88
1216,0
0,1234
2686,0
0,723
0,333
0,299
0,692
1849,585
547,0
1598,0
0,373
598,196
2423,0
2520,1398
109,25
0,492
0,1064
1322,571
0,275
2760,0
2170,958
0,876
0,517
739,340
584,0
1581,846
0,2021
0,1436
1132,0
0,822
0,2172
0,572
0,178
1003,0
0,1097
0,362
0,288
0,376
38,0
0,209
2910,0
2413,1083
0,530
1282,973
1079,376
86,0
0,1594
0,642
0,422
0,1369
413,0
0,50
499,79
1552,639
1508,0
2132,0
2538,0
413,0
2839,0
1583,608
0,645
0,96
0,623
0,308
0,57
0,1078
0,533
2544,0
734,0
1149,0
3207,0
332,144
659,0
1074,0
2409,0
0,1102
0,752
532,175
2629,1589
1775,0
2437,0
0,497
2215,0
2410,0
1486,0
0,614
2546,1366
282,0
1264,334
2802,0
2737,0
0,33
1540,528
0,939
0,659
0,2365
2057,0
0,571
0,179
1856,0
1441,0
1778,0
205,0
0,453
463,0
2205,0
0,1789
1338,0
1050,0
2527,0
0,547
0,1031
1967,0
154,0
0,59
1686,0
1086,0
0,1380
0,727
0,240
0,1270
2413,1245
2058,0
0,414
0,1972
1734,0
0,725
0,1015
0,1253
2095,0
2667,0
1401,0
212,45
0,524
1030,331
0,1253
0,755
0,376
0,114
0,1406
0,2031
1824,1105
2969,0
2231,1487
1594,0
637,411
2698,0
1392,0
0,826
1693,0
640,0
0,855
1979,0
1393,0
0,1660
1307,0
2006,846
323,161
1885,755
0,1304
0,1199
2122,0
153,0
1337,0
3064,1260
1207,397
0,355
2259,895
1763,818
0,370
914,448
105,46
0,1039
2179,0
0,683
2539,0
1222,0
0,184
0,1623
0,132
2617,0
0,1023
1703,0
0,1266
979,424
452,202
0,805
0,527
0,58
536,0
0,1404
1488,518
0,612
1195,0
732,0
0,68
2641,1408
2560,0
2406,0
0,107
586,0
578,172
0,553
0,394
1381,375
161,38
1139,0
1046,225
0,1134
2641,1941
1455,0
0,358
152,0
273,0
1195,746
2266,1457
2370,0
2451,1643
1658,0
3143,2034
2168,0
2864,1131
0,86
180,0
726,312
0,1277
0,908
1816,0
0,698
0,206
0,244
0,739
0,970
2077,903
1102,0
2815,0
2316,0
0,754
0,719
0,914
0,36
0,898
0,326
0,869
1789,0
254,75
0,444
963,0
0,722
1142,427
0,225
2159,0
225,76
2912,0
0,1613
0,1178
0,570
0,545
1782,567
1331,624
0,564
502,0
0,2100
381,0
580,0
0,153
0,1055
404,0
0,878
0,334
1568,0
1254,0
800,0
0,1334
1581,538
0,474
1135,0
1853,0
3183,0
1403,0
0,364
0,479
708,0
1209,0
0,199
1208,0
194,65
1541,0
2937,1540
0,1465
0,585
2795,0
0,1671
0,1566
325,0
2125,0
0,533
1545,438
1839,0
0,133
0,673
0,190
100,0
451,0
0,403
1510,614
739,0
1167,0
0,67
2364,0
0,335
0,53
0,672
2097,1222
0,422
0,171
1424,703
0,369
1333,520
1565,0
1557,0
633,378
2860,0
2046,0
811,0
2510,1634
3226,0
2111,792
2119,0
980,319
1270,0
373,0
0,554
541,0
0,228
0,731
0,142
1966,0
0,1254
0,951
2710,0
1917,0
2670,0
0,932
1331,0
1303,0
1337,0
0,101
777,391
2293,1365
0,74
2677,1441
0,309
496,0
1051,0
442,0
0,146
0,85
0,1056
0,839
0,880
124,0
1159,0
0,794
2422,0
2657,1073
0,88
2052,0
553,126
0,59
0,67
2146,0
2381,0
0,506
2969,0
556,0
1447,0
59,0
0,1292
298,0
0,59
2054,0
276,0
0,1106
2610,0
0,1062
1112,0
3239,0
757,0
0,657
1107,0
548,217
2001,0
0,1202
580,0
1360,561
657,208
580,0
0,248
2919,1547
1635,0
2415,763
2562,0
395,0
1845,0
661,0
0,904
2625,763
0,230
3417,0
817,374
964,0
1243,371
0,53
0,472
2075,0
67,15
337,0
0,777
1427,0
0,71
1320,550
0,728
2287,1153
2370,0
248,0
0,371
0,192
0,179
0,427
0,57
0,52
2765,0
1506,0
1579,737
1077,0
2710,0
1934,0
0,595
0,356
1631,0
1411,352
0,781
490,55
331,0
2434,1073
0,899
542,0
0,798
2542,0
0,202
1716,0
2046,0
2639,0
1574,0
1226,393
0,68
199,117
1686,0
654,0
247,0
0,38
2914,0
2385,0
1065,335
0,244
0,567
2460,0
475,0
1086,0
0,642
0,341
1750,0
1919,0
0,635
696,249
1105,425
0,1234
815,443
0,165
0,93
1845,0
1514,560
0,568
0,604
0,1266
2111,0
0,59
0,1688
1109,0
616,250
2473,870
1787,0
0,476
2269,1180
461,144
0,140
0,55
2431,0
838,0
597,0
1313,538
3175,1293
1822,0
0,643
0,970
2116,0
372,0
0,231
0,278
2128,0
0,1292
1423,444
586,235
2309,1269
527,167
2055,0
2317,0
504,0
1264,0
123,0
0,689
1812,0
0,119
1505,0
1708,423
2902,1535
165,0
0,155
2238,0
0,1827
1976,0
2742,1560
112,0
1145,0
1771,0
0,1818
2393,0
0,955
564,0
2167,858
121,0
1468,0
2016,0
0,458
0,380
2467,940
1025,524
331,137
339,0
0,325
2319,1357
1724,0
1027,0
0,1276
0,470
0,884
444,0
2627,0
923,302
2060,0
1603,0
2682,1392
2498,0
0,184
1298,0
0,682
2189,0
0,595
0,235
0,505
174,0
2664,1396
0,92
0,150
0,73
0,1298
0,874
0,72
1315,520
0,272
291,0
3015,0
2789,1974
0,1789
0,421
858,0
0,1517
740,0
0,660
0,1202
2914,1200
2164,0
0,1582
1892,1030
845,0
310,142
1814,0
0,464
787,0
412,0
0,1009
1721,0
243,0
0,90
0,57
0,894
1104,0
478,0
412,170
1979,0
2314,0
0,59
0,990
504,220
0,1002
1191,0
2181,0
2446,0
251,0
0,81
1892,639
741,0
1694,0
0,998
0,161
764,0
0,65
0,321
2150,864
0,666
2671,0
150,44
2590,0
1187,0
349,0
0,191
1792,0
3063,0
2090,0
868,0
523,123
2980,0
0,45
1204,0
1186,529
0,1326
1951,0
807,0
0,1552
0,289
369,145
262,0
2913,0
483,0
145,0
338,53
3044,1469
1186,454
2745,0
501,0
0,488
1623,0
1740,0
2667,0
1782,0
1447,0
2213,528
0,634
2033,0
1938,0
0,827
0,857
1274,0
60,9
2433,1225
0,1642
115,44
492,175
1909,1274
3077,0
0,815
452,144
0,1760
1207,0
418,0
0,506
0,591
0,210
2214,0
0,54
1013,0
2906,0
2274,765
2277,942
1521,0
0,132
0,92
0,1221
0,548
2554,0
2447,1135
0,791
0,480
1765,0
50,0
1715,0
0,1401
0,1206
1885,0
683,201
0,837
563,0
1855,0
0,219
0,1002
0,814
0,123
0,812
0,194
0,1907
0,765
1416,0
2625,0
782,0
0,90
2099,0
0,324
0,1014
0,249
0,1151
0,915
0,685
2491,0
2093,0
0,28
1789,728
2640,0
1588,0
0,112
369,0
0,2326
0,1542
1248,0
1610,524
2638,0
0,434
2830,0
1130,350
2783,0
0,789
0,297
2787,0
373,83
1547,500
140,0
42,14
1416,0
860,230
2302,0
1058,0
775,0
2431,0
1309,0
0,144
698,0
2324,852
461,64
2297,0
2853,0
899,0
0,430
2511,1296
0,7
673,0
1658,0
1036,0
622,0
878,0
1345,402
565,0
0,229
0,667
770,280
0,1486
0,281
2262,0
1232,253
690,257
356,0
0,417
1437,0
879,0
53,0
1350,0
0,737
2586,1269
0,441
3023,0
0,442
0,942
0,123
1364,0
182,0
1706,0
0,1591
539,0
0,364
1515,426
0,74
1666,688
725,207
2459,0
0,204
416,0
0,202
292,0
433,0
1074,0
855,0
2130,0
2862,0
757,183
0,183
1638,619
702,0
520,0
1139,329
2572,0
2435,727
0,454
0,645
0,272
606,0
321,95
2856,0
521,194
0,1190
526,0
395,0
2474,0
2252,1536
0,2186
2726,0
0,567
1388,346
2251,0
1099,0
0,172
1472,0
1793,0
0,209
0,324
905,0
1702,519
0,34
2697,1434
2307,0
2961,0
0,1109
0,147
1443,0
1146,0
0,24
1822,0
30,0
1452,0
1154,384
1712,0
0,692
0,1908
2168,0
3025,0
472,0
992,413
0,65
782,0
785,0
0,324
2045,977
0,1310
1156,144
0,1483
2494,950
127,0
957,0
1870,0
1950,0
0,739
0,1045
907,0
0,2418
467,0
2079,0
0,1557
413,0
404,191
0,461
0,356
622,410
521,0
0,64
1897,0
0,155
2683,1727
1687,0
0,1291
0,572
1424,0
0,188
267,0
0,982
1503,0
1655,621
923,0
1469,434
1712,469
0,57
0,908
0,437
1571,0
2041,0
1532,0
0,1506
1721,0
2920,1794
2686,982
2122,0
0,769
0,479
0,1063
0,1506
0,878
2103,0
197,0
0,220
40,0
324,0
0,978
0,947
1955,0
2578,0
137,0
1238,0
1807,689
0,982
0,1609
469,121
0,916
0,208
2577,0
829,311
0,1277
0,174
2284,0
3053,0
1157,0
2160,0
870,0
2867,1520
486,0
2686,0
458,0
0,20
0,30
1937,0
0,895
0,576
1938,0
0,81
2402,1301
2135,701
0,666
1022,0
586,223
0,581
1637,0
0,850
0,1563
0,600
0,582
0,1266
857,0
2426,970
601,0
0,474
0,77
3007,0
349,240
1731,0
464,0
475,151
0,1588
0,1618
1602,722
0,2295
0,117
0,672
1040,0
0,90
0,668
0,63
1290,0
2159,0
372,0
308,0
45,16
0,376
0,632
2818,1497
2279,1029
200,0
2230,0
0,500
59,28
1375,472
936,0
0,1444
2415,1185
0,1202
2699,0
2564,0
1114,377
0,149
0,804
0,385
0,1212
0,509
2347,1148
0,1598
0,758
1232,0
0,287
1083,0
0,114
0,385
0,195
1586,0
858,0
939,218
0,499
1120,498
397,0
1049,203
0,1739
562,169
91,0
2258,0
0,473
1288,0
2189,702
0,969
0,701
2069,0
2722,1861
0,496
2101,0
0,1462
774,0
1920,941
972,0
0,1075
433,0
0,794
1787,0
189,0
0,2262
2535,0
0,1126
0,1597
0,1000
0,295
1182,0
825,0
2648,0
942,308
0,1201
0,871
1950,0
1761,0
0,703
156,0
1178,381
1684,0
2367,0
925,0
0,107
2781,1406
885,0
0,654
638,0
769,0
0,129
888,245
860,537
2063,0
860,0
0,88
0,387
0,306
0,228
0,89
0,727
2018,0
2072,0
0,1941
190,0
1584,0
0,1183
0,15
1170,0
0,165
0,616
0,339
565,0
394,0
0,1824
1586,0
149,28
1117,0
0,212
1259,0
0,903
714,0
0,323
129,0
0,1284
1689,0
0,443
3127,0
0,974
873,0
1685,0
35,0
0,700
377,83
3086,1809
268,0
1238,0
2305,0
87,20
0,367
3081,0
304,0
2762,0
2497,0
1490,0
0,526
486,253
0,1126
349,0
2543,0
52,0
0,347
0,446
2237,1245
0,1049
0,835
2502,0
366,123
1647,0
888,0
882,0
234,0
0,347
917,0
0,631
2960,1578
2557,0
1785,0
0,77
92,0
0,406
2545,0
0,1329
0,1410
2005,0
2407,0
1676,0
0,911
1245,0
0,1196
0,895
1405,601
2952,0
0,277
0,469
3113,0
2395,1214
2787,1762
0,298
842,0
1161,510
0,45
0,28
0,117
760,199
258,0
1092,0
0,1223
3270,1266
1868,0
1965,0
174,0
1709,0
0,26
2017,687
723,569
873,0
0,417
0,273
0,778
0,556
2682,0
441,0
2241,0
0,890
1957,769
1491,657
0,848
0,98
3024,0
1771,0
0,202
2535,0
1197,0
161,48
0,1184
0,235
0,239
0,312
0,155
453,0
2012,0
1982,988
397,0
0,98
94,0
128,0
0,6
1739,0
0,262
345,105
0,261
2605,0
0,1097
0,492
1011,0
0,74
1180,414
0,682
1321,0
701,0
620,332
1197,0
222,0
2616,0
0,1386
0,1006
0,785
0,703
1442,395
2475,0
2706,0
0,255
0,332
0,1075
430,174
863,0
856,0
0,249
0,1474
0,49
280,91
1772,0
2237,0
1570,0
2147,1127
0,681
1132,353
74,21
1496,0
1214,562
1573,0
0,153
0,986
1571,612
469,0
1781,0
0,917
2864,0
0,905
0,397
0,1174
682,198
0,1632
0,259
408,108
471,0
2397,0
0,1503
2377,0
1675,742
2277,0
0,1622
1788,818
1651,0
734,256
0,200
0,54
0,206
0,1106
0,184
1569,0
0,27
0,606
1761,875
1198,0
195,0
0,1013
0,352
604,0
522,0
3070,0
110,0
2284,0
2770,1549
573,151
367,0
397,0
54,0
2300,0
2760,0
1749,902
2417,0
0,1448
1901,0
0,756
0,453
711,359
1110,0
0,144
0,363
542,0
1579,579
0,610
2740,1564
0,334
1567,988
3005,0
160,0
2758,1676
163,0
0,212
219,0
0,176
0,146
0,175
818,258
0,1255
0,528
1989,1016
2149,1025
0,1061
0,452
1322,0
849,0
1420,614
0,404
0,275
438,0
0,683
1973,568
0,297
868,0
636,325
0,1253
1582,0
0,1867
106,0
1682,835
0,889
1566,0
122,45
753,0
0,931
0,272
0,608
0,168
3073,0
0,58
0,1005
2549,0
2272,0
0,349
0,49
0,110
0,852
172,0
0,696
1990,952
2556,0
1174,0
0,805
1890,0
323,122
2147,0
479,191
2083,804
845,278
0,228
2933,1062
508,0
2457,0
302,0
234,0
2345,0
3281,3041
2088,0
0,582
0,9
745,0
0,451
2854,0
1175,0
870,0
1848,0
688,396
0,1218
1120,0
0,384
0,1758
2857,1779
0,83
0,22
286,0
1968,0
0,477
836,0
279,0
942,0
972,0
1600,0
922,0
626,150
0,474
2377,0
155,0
0,254
0,458
2995,0
1798,0
2689,0
0,1186
0,924
0,182
0,1540
2250,0
604,0
0,51
2714,1045
0,846
0,310
0,446
0,705
0,404
2590,0
0,1435
468,189
0,405
669,0
0,157
1463,0
1655,859
1751,680
205,0
341,127
461,138
0,707
0,76
1951,608
665,0
2761,0
1858,0
0,21
1650,0
2872,1600
331,111
762,332
1210,605
2956,0
0,580
0,315
0,549
1865,0
0,248
0,378
801,0
0,2122
44,0
1386,0
374,171
2020,0
1600,0
102,0
0,20
1816,0
0,373
788,0
454,0
481,0
0,1101
2714,0
2626,0
2049,900
657,0
2638,1551
138,52
0,352
0,8
1646,0
0,1137
0,1270
0,416
85,34
2774,981
0,2264
0,713
298,101
0,1325
0,423
308,133
0,968
133,43
591,0
312,0
2660,0
0,976
408,0
0,759
0,746
2871,0
0,593
431,0
1361,0
1122,0
399,132
359,0
1793,0
865,0
1148,0
0,232
0,804
258,0
2629,0
0,299
1282,0
2144,0
226,104
0,12
0,1217
2179,1027
655,0
328,0
0,563
2790,0
0,458
2514,0
1834,774
0,831
1807,0
0,1365
0,573
0,622
807,224
2636,937
0,134
0,350
0,1393
1830,0
1084,535
199,0
885,0
1505,0
0,581
0,34
145,0
2188,1054
0,843
1445,629
0,232
0,222
0,211
0,683
1557,634
723,120
2670,971
1258,0
1917,732
1050,0
0,1002
0,197
0,801
0,1110
3061,1546
405,0
1812,0
718,0
2655,0
2692,0
136,57
0,270
2114,0
2689,0
2039,612
0,575
2390,0
0,694
2453,0
0,822
0,261
868,0
2383,0
1477,0
0,258
0,773
0,569
2825,1805
946,0
0,1061
0,347
0,244
0,640
2807,0
1793,0
1177,491
2991,1222
0,983
2029,0
2626,0
845,0
0,1002
0,498
0,1134
2978,0
0,953
0,62
0,336
1663,0
0,365
0,203
2166,0
0,138
2212,0
0,1352
760,0
2170,0
0,841
191,0
0,746
0,132
0,260
0,250
271,0
2307,0
0,1577
0,164
0,1704
0,47
0,211
99,0
1011,0
1185,410
1755,0
1501,0
548,0
123,0
0,152
0,18
940,310
2139,826
0,42
174,0
1379,633
0,63
0,459
0,343
513,0
352,0
0,218
1221,0
2948,2397
0,1412
2637,1279
0,843
2428,0
1084,0
2091,871
1419,545
0,320
0,748
632,137
0,1511
1529,0
0,1281
0,567
1141,498
0,366
868,0
0,204
2618,1330
3088,0
0,1299
0,706
799,0
189,0
0,37
0,68
1755,423
0,171
267,0
0,875
0,428
0,300
365,0
274,0
787,388
2333,966
2077,0
0,2085
0,1267
703,0
0,534
0,438
1143,0
1943,0
0,520
1655,0
0,479
0,532
1341,0
0,628
545,185
0,127
251,0
0,1432
0,185
0,1186
321,0
1459,0
0,555
0,1094
1867,608
2896,0
0,286
231,100
0,1162
0,107
313,152
337,0
0,454
0,25
2120,0
2739,0
0,177
1193,0
783,188
0,81
2510,0
871,0
501,0
1277,517
0,466
0,294
491,0
70,0
964,341
2968,0
2851,0
0,856
1204,0
1419,500
0,1054
0,844
0,180
291,68
1850,642
0,721
2886,0
0,1130
131,64
0,129
0,136
516,0
682,244
0,26
2716,1330
0,327
942,0
729,0
1411,484
913,313
498,0
1531,0
0,1106
550,261
0,159
0,179
840,271
781,138
2184,0
919,0
767,0
842,310
1795,0
1354,467
2418,1651
0,425
2876,0
2804,0
320,118
0,165
1594,0
270,0
0,1259
0,66
185,0
0,89
258,0
228,65
2604,0
2840,0
1738,0
0,1728
0,671
2078,1317
2012,0
0,625
0,293
0,233
106,0
0,813
0,1414
0,583
2717,1741
91,0
2462,0
0,181
0,23
517,0
0,467
1086,0
2102,0
0,358
1850,0
845,353
1005,475
2605,0
1962,848
0,187
944,0
2301,0
1157,0
0,1155
0,803
0,193
0,1000
0,146
244,0
3171,1400
0,709
0,854
1276,646
449,0
0,1370
1220,0
1326,0
0,613
341,103
117,0
1746,337
0,386
0,219
0,366
0,248
95,0
1703,656
0,419
434,0
2414,1161
2470,0
0,948
433,175
1450,386
1291,0
0,931
0,926
0,782
0,654
0,242
246,118
2313,0
2934,1552
0,763
918,284
2207,0
1397,512
75,0
0,798
331,0
0,335
719,0
2355,648
0,515
2821,1818
1438,690
2865,0
2462,0
0,184
0,166
657,114
2283,0
2032,0
941,0
0,116
927,0
0,761
0,733
262,0
0,108
0,14
1993,0
793,0
0,51
374,0
0,809
2832,0
0,1765
259,117
650,0
0,173
1120,0
0,1310
1515,0
0,113
0,112
0,331
2567,0
3122,0
0,433
402,0
503,104
314,0
2396,0
0,819
612,254
0,362
0,1351
0,360
193,0
1456,0
0,1001
0,414
0,383
2581,0
0,746
674,0
0,273
0,28
2593,0
0,573
2213,0
0,121
2250,0
1405,668
0,327
0,487
0,1345
114,51
2376,1323
2126,554
1105,0
563,258
259,0
814,0
2399,861
2609,0
0,156
88,15
0,218
0,394
1505,0
2346,0
924,0
877,0
0,86
0,111
2498,0
0,1078
0,339
0,96
1337,581
0,1017
0,568
1485,627
0,144
2602,0
3196,0
2562,0
0,1282
1560,434
0,409
1611,0
3104,0
372,0
0,877
0,236
475,0
1695,0
0,1405
0,793
0,430
0,229
2879,0
464,0
0,44
0,28
0,320
0,241
0,163
99,0
0,507
2439,711
1070,343
0,1251
53,17
819,0
2553,1042
0,2107
2309,0
0,279
3014,0
1843,0
2114,0
2598,0
425,139
0,1191
2336,1284
0,802
389,218
0,828
0,831
0,1413
0,815
1481,0
0,1435
0,660
0,137
1683,609
116,0
0,695
668,0
2582,0
1832,747
941,0
527,0
0,1051
897,0
1086,0
1875,0
1496,0
1637,779
46,0
363,114
831,193
0,110
1721,758
1605,605
0,363
0,150
381,0
1783,0
0,103
121,0
1278,512
1876,0
0,1307
0,636
725,462
567,0
741,255
0,92
0,693
0,405
0,117
0,880
0,1018
0,1272
0,43
0,46
0,846
834,224
256,141
1127,0
394,76
421,0
566,191
318,131
0,994
847,0
141,28
0,347
0,224
2304,805
2922,0
0,1579
2117,0
40,0
0,825
313,0
782,0
2394,879
0,106
0,2074
2716,1177
894,0
0,1115
2549,0
2332,1041
437,0
1917,0
0,1720
0,7
0,1485
190,74
1968,0
1257,0
2463,1010
538,193
0,684
0,240
2605,0
436,175
708,0
0,310
1806,0
489,0
601,0
156,0
0,29
415,155
1591,530
2540,0
569,211
0,177
0,1016
2432,952
690,0
2108,1075
1023,0
1311,578
2710,0
246,0
0,947
1753,809
44,21
0,927
0,183
0,459
0,411
0,227
2075,0
1186,0
2254,0
1396,0
0,437
0,606
1607,949
0,855
0,219
422,0
104,33
34,11
76,0
0,58
2094,0
1573,0
815,0
0,328
0,852
3003,0
0,125
0,486
1800,0
0,393
350,0
1287,478
440,0
430,0
0,289
0,521
2302,1086
1902,1191
2437,1138
0,1268
311,0
1471,764
0,8
3242,0
2146,994
0,246
762,363
2985,0
0,1365
0,17
240,97
1592,0
0,604
3211,1916
3098,0
1677,792
2172,0
0,1155
280,0
2863,1239
0,156
511,80
2079,890
242,0
2055,0
151,34
2661,1151
0,422
1555,698
1555,0
0,602
0,52
0,85
1297,0
0,1105
0,718
1402,0
0,282
1921,299
1708,378
0,1010
1365,0
177,0
980,0
0,848
286,56
1485,456
0,6
2147,821
0,344
1155,0
1053,358
0,970
1533,0
2204,791
893,0
2856,0
1519,0
53,31
280,0
1773,0
0,125
763,273
103,0
2036,0
884,0
0,173
1608,0
0,19
0,163
1657,0
0,111
0,1023
0,1574
2773,1381
363,0
0,544
2018,1287
0,1040
0,1257
0,986
3277,0
749,218
1987,0
1531,598
0,394
0,303
0,1010
2386,0
635,0
0,1708
2897,1823
673,276
0,370
0,640
2283,1046
0,1088
2303,0
0,301
0,1346
1617,645
63,21
35,0
0,444
0,70
2700,0
0,1333
542,0
0,1923
0,1040
0,812
2588,1200
0,1150
1721,0
2382,1561
280,0
1126,0
340,128
808,0
2792,0
2029,0
0,1293
1030,0
2807,1277
613,0
898,0
1112,0
212,0
466,0
1083,0
607,0
0,566
1712,0
2125,0
0,251
0,205
1771,683
2693,0
1324,0
424,0
0,751
0,415
2397,0
907,0
0,1525
1981,0
2679,1530
83,0
0,266
0,83
776,0
0,272
0,430
0,276
2665,0
0,476
203,0
0,634
158,0
1462,0
3172,0
0,1532
2725,0
1539,0
0,979
1494,0
319,233
860,0
0,435
2030,842
0,41
2603,0
0,1206
690,0
0,691
908,458
0,1348
0,57
0,195
1380,0
2423,0
743,0
1781,0
2739,0
0,1112
81,0
0,77
0,1050
0,606
2096,967
3319,1729
1492,547
715,0
0,44
334,105
1995,839
2570,0
0,339
0,185
0,174
327,0
0,240
1882,664
0,10
0,255
0,719
1773,0
0,890
2101,792
0,316
2293,0
1683,656
0,1429
71,0
0,65
2823,0
0,1617
2820,0
0,1071
0,1660
297,16
189,75
647,133
868,0
450,0
311,107
0,571
2467,0
2280,0
2440,0
0,585
2690,0
0,1936
985,0
1086,0
3162,1563
1608,0
1668,0
0,19
167,0
784,0
679,150
2825,1496
0,985
2072,773
0,810
1305,0
0,279
2594,0
3249,0
2088,351
902,331
0,149
399,0
2200,1080
0,246
0,14
0,1473
0,1119
0,1256
0,596
0,672
266,0
645,0
558,0
2104,0
0,40
189,0
1381,658
0,297
778,0
642,0
0,281
2131,0
3081,0
0,83
1020,389
1010,411
0,239
292,0
2064,754
0,151
1183,0
0,666
2078,0
282,0
2335,0
1705,0
2243,0
0,764
1439,478
0,1249
1994,897
920,0
0,1644
860,0
0,80
0,199
2592,1191
1395,423
676,0
0,714
1155,0
0,1410
2998,0
2421,0
0,2431
2750,0
1964,599
3012,1347
453,84
1194,0
0,111
182,0
0,537
201,0
0,44
0,116
1820,0
109,0
0,1352
850,0
259,78
0,182
0,45
1295,0
0,189
0,1810
3213,0
0,1041
0,335
273,0
0,414
384,102
495,172
3125,0
378,171
0,106
3114,1689
1309,0
0,40
0,160
0,873
154,0
0,552
0,139
329,0
0,1493
0,368
12,3
0,774
0,1634
2997,0
72,0
0,214
0,325
1041,402
340,78
0,1003
0,280
2991,0
0,1078
1992,0
0,95
240,57
2950,1829
797,0
0,442
1686,0
0,544
738,0
0,63
799,282
2216,893
2700,921
1029,0
1570,0
1305,0
224,0
1822,0
30,0
0,79
0,658
0,378
622,162
1784,816
0,504
0,1082
103,0
209,0
0,150
529,234
82,0
0,785
2174,0
1410,0
2473,1287
0,157
0,277
1726,0
561,0
0,816
2709,983
0,656
0,986
3150,1758
2042,0
1490,633
0,1349
397,0
102,0
1493,0
2217,0
1729,0
0,359
228,0
2795,1578
0,1000
0,138
337,0
2227,1238
603,0
2953,0
0,62
0,94
196,0
0,591
193,0
0,777
0,597
0,548
1950,0
0,339
696,257
0,1826
2786,0
2294,0
0,541
0,7
323,0
2333,0
0,707
1641,0
0,372
0,625
0,846
0,69
706,0
2857,0
0,209
0,299
0,770
0,273
0,1349
121,33
1574,0
1360,630
0,44
0,365
0,38
0,736
1035,331
467,0
0,1054
1252,0
757,0
0,324
0,37
2343,0
594,0
2528,0
0,87
0,623
0,1152
1719,0
1526,0
0,35
320,0
1758,0
1294,0
1217,501
505,0
0,329
0,47
0,207
0,913
1297,328
372,0
0,244
902,0
0,74
0,246
685,115
0,1084
1038,368
0,30
0,550
0,142
0,272
494,0
0,146
1120,0
1142,0
0,146
0,169
0,244
724,0
1475,862
2060,0
63,0
0,828
0,13
732,203
1184,0
0,725
1250,530
1106,0
0,162
249,0
1317,0
72,0
68,12
0,163
144,65
810,0
1342,0
0,791
806,292
0,43
0,865
0,183
0,542
0,284
1765,752
738,0
0,728
1716,0
1025,0
841,0
593,0
0,358
188,0
0,280
1576,916
1231,277
761,0
0,839
499,60
0,49
1051,0
0,277
62,0
0,319
2201,0
2094,0
484,154
620,289
0,945
1691,0
0,112
602,0
1625,0
2524,1485
0,852
0,27
1548,0
0,492
0,348
820,238
668,0
1885,835
701,217
0,143
941,0
1831,0
95,0
0,114
1326,463
86,43
0,134
604,114
0,639
0,82
2253,1015
0,696
0,1076
2909,0
1691,0
2767,0
0,255
2129,0
0,233
1060,0
0,602
868,432
38,6
0,77
0,381
920,203
333,0
2828,1328
1952,653
0,323
2987,0
0,1277
488,0
2317,0
502,0
859,0
0,548
2493,0
0,490
3425,0
803,317
2056,727
0,654
0,1022
424,0
225,0
0,1130
0,309
1688,0
303,71
1263,0
1190,515
0,41
2432,990
2372,974
0,869
0,54
447,0
65,29
0,1680
0,360
1615,0
1162,580
0,616
0,689
0,651
1679,0
0,190
0,266
0,1663
0,618
2767,0
2363,971
463,154
845,0
0,918
1305,313
918,0
0,191
0,24
2811,0
101,0
0,31
2979,2070
624,0
1859,0
550,117
683,0
901,318
1050,0
192,0
0,319
69,0
2729,0
0,580
345,0
526,0
0,1005
613,0
0,741
0,22
1688,448
0,28
0,19
0,307
0,665
0,728
0,823
511,130
0,64
1290,0
0,304
0,162
0,441
1457,0
93,0
2457,0
402,124
1507,0
0,380
2649,686
641,0
2326,1100
2989,1528
0,1458
0,145
0,335
287,0
39,32
2535,0
0,285
1154,0
0,115
0,304
764,0
221,45
0,791
2144,0
1619,0
0,59
403,0
39,0
0,899
2751,0
1201,0
2813,0
0,446
1219,0
879,119
2473,0
0,699
409,140
719,0
3089,1619
411,122
0,114
3396,1892
3106,1414
0,558
0,372
378,131
0,135
1325,0
638,0
228,0
582,193
0,93
65,7
817,0
630,105
0,1461
1389,0
1440,450
0,350
774,185
0,365
877,435
109,0
327,0
0,54
901,0
1963,0
0,108
343,0
31,0
0,415
0,642
2462,959
0,652
1313,0
679,0
0,345
0,684
0,896
949,0
3033,1619
1917,0
1916,0
1083,0
3156,0
0,209
1665,0
989,0
3187,0
3109,0
3143,0
0,931
0,735
726,244
1110,0
2218,687
2707,0
999,0
1928,376
1295,500
272,0
1765,0
0,172
2629,1151
0,636
560,189
0,224
0,21
0,767
0,738
248,29
884,0
0,606
0,208
2294,0
1805,0
2484,0
1140,478
2496,0
2487,951
0,833
1747,472
1641,0
1284,0
865,0
516,0
823,0
0,516
1360,0
1683,0
0,1057
0,756
0,281
575,138
0,583
0,18
0,60
0,267
894,295
0,1536
2351,0
1780,0
1742,0
633,0
0,849
1555,0
0,119
969,0
1365,0
2829,863
2181,0
0,1703
2068,0
1431,0
0,325
0,129
926,0
0,11
2730,1418
122,0
559,0
1309,487
1722,0
842,270
3031,1640
211,0
131,40
2763,1147
1949,0
0,721
620,255
2382,0
0,29
1103,0
0,714
0,303
0,441
1321,0
0,397
1103,0
2774,0
0,727
0,2048
0,137
0,552
504,132
502,132
0,83
900,0
2747,1508
2577,0
543,0
947,0
1243,296
2024,521
0,1542
2396,0
230,67
479,0
0,500
1169,0
0,797
0,406
0,262
1974,0
2066,1078
2247,0
2008,0
0,538
0,531
0,418
313,0
724,171
977,0
0,150
0,915
0,345
0,118
0,110
703,0
0,603
0,271
1732,0
2403,0
2570,0
0,331
0,230
0,325
0,94
2336,0
0,460
1280,0
2458,1381
0,489
178,64
98,0
0,161
0,68
2772,1375
473,0
783,239
0,98
1795,0
2504,0
2061,0
598,0
2940,0
0,165
0,1515
154,36
0,499
19,0
0,96
2233,0
0,572
1415,0
2988,1205
0,55
2534,0
636,0
0,152
2365,0
0,88
0,531
506,121
0,96
610,279
518,0
2464,0
0,678
412,0
0,153
0,925
0,66
945,0
583,200
0,53
0,830
1197,0
494,0
0,285
0,890
337,0
0,20
216,54
1468,0
0,47
1337,0
0,219
0,81
2714,1333
2717,1136
2608,0
0,196
3274,2038
0,122
483,118
1230,372
1772,0
0,675
908,0
2817,0
390,120
1433,0
951,0
942,0
0,647
1412,0
577,0
0,117
1201,0
2090,0
1184,0
0,1342
903,0
0,593
1790,997
1136,0
0,527
0,32
0,8
0,437
1396,0
0,397
0,144
1729,0
990,0
1806,0
1798,547
0,212
0,1334
2839,0
0,115
703,0
3281,0
244,0
1645,0
2272,1087
455,0
0,589
0,95
0,371
72,0
1185,354
575,0
2573,0
360,0
1533,0
0,153
1340,636
1858,488
1731,0
2839,0
0,444
1659,397
1026,307
2265,813
1279,0
431,0
112,0
0,50
1502,0
0,196
403,101
2128,0
0,391
0,1145
135,0
471,0
0,87
92,0
701,0
0,369
2941,0
3384,0
0,264
85,0
538,0
268,0
495,101
0,82
119,0
1157,429
0,622
0,341
0,88
0,1953
246,0
338,74
0,594
333,98
2019,871
0,73
2555,0
371,0
0,470
1393,0
788,0
239,84
0,66
2393,1005
0,383
938,282
175,58
0,127
2955,0
1182,0
0,1292
0,923
0,74
0,260
0,526
1775,0
0,1604
524,0
0,885
1837,651
1772,699
213,80
0,1080
1018,317
0,352
0,560
0,74
241,0
1546,720
0,778
1745,0
2937,0
0,1182
1389,493
336,75
1085,0
1027,377
0,169
1449,0
0,48
807,0
1056,0
1282,0
1395,344
753,203
210,80
0,391
0,542
862,317
50,26
0,1366
0,47
1641,643
0,300
0,28
975,0
0,703
370,0
2015,793
495,174
0,1454
0,379
2486,0
0,2105
405,138
0,408
877,472
0,260
1372,0
0,60
0,1203
1614,0
1878,0
1054,221
777,0
2849,0
0,428
0,243
1435,521
0,603
2287,0
1879,832
1909,0
0,381
1188,475
2704,0
432,0
0,1285
543,0
2483,0
2839,0
0,51
554,0
670,0
0,402
0,1709
640,0
1025,0
3190,2132
973,0
0,1107
0,152
0,1041
0,369
352,100
2348,0
1703,529
0,51
0,566
2818,0
943,0
0,231
379,0
2740,0
2841,0
2082,776
1185,0
1532,0
2682,0
2331,0
792,184
460,0
0,875
0,751
563,0
1675,0
241,0
0,501
125,0
1537,0
0,192
34,10
1034,0
1246,0
2268,0
1932,0
0,192
984,0
0,494
0,684
0,217
374,76
2950,0
2179,0
0,444
0,393
0,173
0,1273
2526,969
546,0
0,36
1269,430
352,113
0,1283
1414,0
0,326
103,0
0,667
98,27
1762,0
509,132
2484,922
2783,0
0,118
0,60
0,518
457,173
0,781
0,1791
0,1130
0,664
0,496
1259,510
2291,1336
2253,0
307,0
0,1695
2757,1513
196,0
2229,814
0,621
1647,0
0,179
3343,0
222,0
0,30
0,864
0,577
1011,287
0,298
303,0
2089,0
0,333
2315,0
2216,0
0,1114
0,1398
2513,0
1702,0
0,661
2385,0
0,56
2117,896
0,552
0,177
0,7
0,488
0,1080
1748,0
2718,0
2390,1047
0,43
327,102
494,0
1521,0
844,0
0,559
761,261
259,0
1330,502
1293,0
1954,0
892,0
0,35
0,799
438,0
0,507
727,239
967,437
0,72
0,9
179,0
856,348
1044,321
1048,0
0,338
206,56
1574,686
2315,0
0,1176
1863,0
2789,1400
0,1375
1272,0
1197,0
0,361
0,116
0,2201
1925,0
141,25
1787,0
201,40
171,0
0,1280
0,234
111,0
0,1139
320,0
0,1699
0,65
858,0
175,0
0,143
2093,0
0,136
0,1156
0,296
1421,0
560,0
0,1293
0,1401
0,370
414,88
1143,0
0,545
279,0
283,0
0,333
0,513
0,722
0,1028
0,104
0,18
667,199
0,1160
0,702
3050,0
0,101
147,0
0,142
1473,0
559,162
3035,1658
0,510
2140,0
0,207
0,382
491,0
1919,0
0,688
276,0
0,1272
3000,1361
160,0
1980,970
0,476
0,4
735,194
0,195
0,977
61,0
2421,0
0,263
185,62
1527,0
2491,0
220,95
0,1294
0,289
2095,0
0,610
0,795
719,312
2452,0
0,4
0,105
0,1304
0,330
0,448
0,487
239,51
457,143
2799,0
0,397
0,469
292,118
762,0
2526,0
0,399
0,20
2320,993
2109,946
0,959
0,1425
933,340
106,0
1087,481
0,666
311,95
0,202
1189,0
1667,0
575,0
239,69
0,24
140,0
2210,0
3043,0
0,29
1614,0
1691,689
2430,912
0,388
70,0
315,0
0,1401
1339,0
865,385
25,0
3129,0
0,2258
1595,0
412,0
332,0
2232,0
1137,0
0,53
0,1640
0,620
2385,0
0,436
859,510
331,123
1269,0
906,0
0,386
0,38
0,1146
241,74
481,0
0,687
51,0
2370,850
0,263
2154,791
0,1296
0,399
0,56
0,256
0,14
492,0
1048,0
0,1110
0,674
977,254
0,585
0,784
405,0
321,0
1220,0
2357,0
1427,539
2792,2045
0,381
3119,1386
1024,0
1392,0
1496,510
0,1769
1452,0
2600,826
488,0
412,0
85,0
0,854
0,236
0,688
1674,0
0,830
0,408
1125,482
215,0
618,0
331,0
582,235
894,0
72,0
2872,0
447,0
470,0
181,0
0,150
798,0
1091,0
0,797
463,0
0,79
3037,0
860,0
2112,1247
0,100
959,0
1674,0
1127,0
0,406
0,360
0,735
858,255
123,0
0,229
528,139
0,436
336,0
602,0
0,933
810,0
1261,0
0,432
2563,0
319,0
0,390
0,606
0,382
0,228
429,165
764,189
458,0
215,0
2358,0
0,87
429,0
0,55
0,81
134,0
1013,0
0,573
2049,0
1968,0
0,278
2183,1082
0,74
0,39
0,184
0,2
0,211
1775,933
2734,1086
438,158
784,298
0,1113
0,28
0,545
685,0
0,203
995,0
2009,0
0,264
2135,1045
1994,1191
0,399
1964,980
1350,0
0,738
0,103
0,276
1732,659
0,455
239,0
1400,0
2232,0
1825,627
0,699
0,75
0,1160
0,333
732,0
1427,0
2129,828
0,365
406,93
662,0
0,237
0,97
0,99
0,104
2162,1037
0,37
713,319
793,291
224,0
206,0
697,0
1741,0
1589,0
759,239
1937,0
1110,535
0,159
1274,0
362,0
0,603
1558,0
0,700
0,461
0,34
2326,1683
120,53
2151,0
0,199
1561,566
1469,0
0,88
0,511
1092,0
895,348
1510,670
779,230
1127,0
1145,508
0,134
0,237
0,24
1206,0
454,0
0,167
1264,0
0,289
568,0
1375,0
1705,563
0,165
0,14
0,526
95,0
1780,952
0,576
0,205
52,14
0,283
2386,1076
1033,0
0,421
0,1558
0,11
181,0
369,0
0,879
342,0
0,149
94,34
307,0
0,145
1003,443
1553,0
0,311
909,288
0,394
269,0
0,617
3013,0
508,0
0,451
0,500
0,326
503,0
330,0
2230,0
985,396
1967,0
2248,0
2249,0
2796,0
1188,0
2598,0
0,15
1088,490
200,0
0,2023
974,0
1209,198
1659,766
437,0
0,206
207,0
1191,0
0,273
568,0
441,0
878,0
619,0
803,0
221,0
0,95
2034,791
2259,0
0,612
0,1095
618,0
0,791
2136,0
963,0
802,0
1663,0
900,0
0,166
2687,0
683,194
0,125
0,636
1484,0
0,587
2426,0
1029,0
0,232
655,0
0,1177
1219,544
0,325
0,2
936,347
809,0
247,0
0,467
0,58
2184,0
1652,0
93,0
2678,0
1300,658
721,0
0,876
1507,0
185,0
0,12
1221,229
189,32
719,0
0,906
296,0
1521,543
435,125
318,0
1783,0
0,1330
0,263
0,564
1161,401
0,821
2141,0
0,1281
0,64
0,202
0,25
0,356
1614,0
956,0
0,641
115,58
0,65
410,114
3122,2593
3023,1560
899,214
1503,0
2485,0
0,39
0,910
0,352
1020,0
0,96
0,138
978,312
2777,0
0,99
1856,779
1859,814
2396,0
2252,0
741,0
0,216
936,0
156,0
1502,448
1923,844
0,1695
2054,0
0,430
0,314
633,0
488,0
0,503
562,0
1506,0
0,341
540,0
0,44
2783,1226
415,0
0,181
0,75
873,339
998,0
2159,0
0,403
2421,0
201,0
0,622
638,138
0,1488
1298,0
0,115
0,1131
0,192
398,0
804,144
643,0
55,0
337,99
1416,0
0,139
1077,525
126,48
0,443
1366,0
0,320
1744,0
300,0
1556,0
486,0
680,251
338,0
0,883
1091,384
0,593
0,573
0,1421
0,943
0,89
135,0
0,94
0,1656
0,294
0,1204
0,432
0,1070
0,1513
0,312
0,201
0,946
98,0
2681,0
662,241
790,0
2312,946
1446,0
0,306
0,66
0,188
2618,0
0,969
0,802
0,729
657,254
2069,0
2730,0
0,641
1992,0
0,386
1865,0
0,89
1518,0
2033,0
1468,461
0,1244
104,0
878,0
0,487
2378,1055
0,29
128,27
502,0
584,0
0,744
0,426
2156,0
739,0
167,0
1743,0
189,0
1253,0
236,0
227,0
982,0
1197,0
2304,0
1330,0
0,115
0,904
0,807
271,0
1743,0
0,95
155,0
2300,0
0,660
1573,0
1245,680
0,204
1490,0
2383,713
705,232
259,0
1971,1331
2837,1387
1422,0
352,0
108,0
0,499
0,465
0,341
924,0
259,0
247,0
86,0
332,105
0,685
829,386
1599,0
0,839
647,208
0,527
519,0
0,1178
1708,958
2041,0
0,454
218,0
176,0
1471,0
0,472
1198,477
2105,0
0,484
0,299
1684,526
1262,531
0,522
154,31
765,0
1694,835
0,151
0,286
0,1116
1431,0
1878,0
0,645
383,152
0,137
869,237
2500,983
0,342
2709,1920
0,109
0,340
0,992
0,156
0,677
1708,0
0,97
470,0
0,318
0,566
1176,0
0,250
903,427
470,0
0,511
2676,1879
0,488
2424,0
0,448
0,660
380,153
0,977
0,1666
595,0
1662,0
0,777
0,475
1499,476
635,0
0,67
1980,0
486,0
2084,0
2276,0
992,0
0,205
333,0
0,171
277,75
1636,664
0,546
0,573
1686,0
2154,0
2666,1771
2269,0
0,1503
1557,0
1001,217
2784,0
169,0
499,0
0,502
0,83
710,364
0,222
0,209
114,0
639,0
1777,0
0,1113
0,783
583,0
1754,709
0,767
467,0
653,283
0,141
0,611
2119,864
2254,845
442,0
0,435
0,2099
199,0
0,338
2459,0
0,60
1642,350
1120,0
1627,0
0,497
2154,1143
2223,0
1087,0
797,337
671,217
1161,488
1198,0
0,740
0,752
1371,0
381,0
1264,0
1754,0
1016,425
980,0
777,0
0,2024
1190,445
0,173
2133,0
0,35
0,592
1966,497
0,327
905,0
2565,1105
0,271
627,0
322,130
1237,0
0,98
346,100
342,100
1047,0
0,188
1391,0
0,590
2222,0
0,1104
0,20
0,597
632,0
0,82
2164,0
1368,636
157,64
0,1173
0,539
0,410
2469,836
314,82
2129,0
195,0
1596,0
2399,835
0,122
752,0
2236,0
0,586
2541,0
0,444
976,0
0,327
2163,1096
0,124
591,343
418,127
0,58
446,0
0,23
