1000 2
3045,7808
1004,7717
2939,7944
2262,8844
1007,0
2805,7514
1000,0
2457,0
1778,7311
1362,7943
2457,8083
1392,0
2618,9174
0,7587
2611,0
2273,7577
3210,7653
1362,7942
2272,0
1544,7501
1744,0
2619,7815
1329,7584
2269,7586
2613,9179
2449,0
2061,7293
2936,7955
3034,7640
2182,7635
0,9175
2830,7496
2628,0
2458,7272
1744,7846
2938,7946
2458,7368
2263,7561
2274,0
2453,7371
1332,7577
1583,0
1527,0
2715,7805
949,7632
1911,7288
1554,7376
0,7721
1650,8063
1295,7759
2859,7723
2302,7255
2846,7705
1901,7284
1165,7633
0,7708
1023,7749
2261,8843
1296,7760
0,7763
1554,7375
2264,8843
1292,7758
0,8840
1551,7378
1552,7376
1519,7394
2256,8835
1559,7374
1024,7750
2263,8843
2255,8831
2253,8837
0,7375
1297,0
1551,7376
1288,7764
1296,7759
2254,8835
1261,8019
1605,7346
3222,7718
2500,8814
1604,7348
1273,8023
1600,7349
3210,0
3224,7719
3228,7717
3222,7719
3223,7719
3225,7718
3231,7715
1302,8018
2554,8757
1305,8025
1305,8021
1855,7391
3164,7694
1059,7604
2480,8500
1714,7327
1298,8025
1244,7593
1877,7339
1976,7447
1428,8009
1296,8026
1303,8025
1059,7603
1305,0
958,7653
1299,0
2745,7654
2947,7507
1875,7341
957,7651
1854,7388
2275,7591
1907,7284
1308,8018
0,7788
1306,8027
1304,8024
1536,7385
3069,7673
2933,7956
1305,8024
1648,8180
1273,8000
2875,7719
1218,7583
1874,7340
1245,7595
1874,0
2755,7661
1109,7965
997,7632
2545,7854
1289,7763
2454,8129
1298,7759
1976,7448
3269,7487
1975,7447
808,7755
1298,7757
0,7628
2037,7292
996,7628
2140,7732
1018,7638
998,7630
1977,7447
2268,7283
2947,7923
1283,7741
2934,0
1748,7320
1001,7629
3105,0
2041,7285
0,7628
970,7689
3187,7631
2173,7256
808,7754
2037,7291
0,7484
1736,7411
2113,7057
2229,7079
2601,7637
2336,8532
2335,8533
2125,8163
2046,8587
3253,7597
3074,0
3254,7596
1099,7696
3073,7678
0,7704
3031,7803
1359,7531
3096,7719
0,7696
1103,7703
1023,7878
3036,7807
1987,7535
2855,7712
2672,8841
3224,7630
2648,7463
991,7811
2324,7738
0,7817
2044,7283
0,7289
2298,7250
0,7811
2325,7739
1629,8044
2302,0
992,7814
2998,7818
1010,7817
2303,7258
2469,8497
2304,7253
0,7809
2041,7283
2756,7765
2992,7810
2756,7768
2300,0
2671,8842
1251,7500
2751,7767
0,7811
1872,7288
949,7631
1229,7669
818,7743
2113,7907
1229,7666
1229,7663
1306,8024
1005,7707
2173,7935
1232,7665
2110,7903
1230,7664
1229,7667
2114,7908
3046,0
1231,7664
3055,7729
1003,7704
2943,7955
1236,7662
1006,7698
0,7805
1008,7705
2933,7955
2108,7906
1409,7450
1233,7661
1232,7663
2939,0
2113,7909
0,7762
2686,7558
3161,7487
2236,7320
1335,7478
2532,8299
2455,7370
1068,7984
2458,7369
2532,8297
0,7689
2456,7369
0,7381
1334,7475
2458,7366
2232,7318
1362,7941
2230,7318
1051,7621
0,7868
3292,7513
967,7693
1363,7942
1120,7818
1670,7424
3404,7532
1792,7379
1791,0
2222,7603
3402,7532
3404,7533
1995,7375
2937,7698
2563,8510
1912,7731
0,7816
3227,0
3407,7526
2947,7964
1995,7383
2942,7962
3403,7532
1742,7841
2700,8824
2686,7056
1248,7579
2732,8861
1166,7663
1760,0
2993,7813
2617,9174
2733,8861
2958,7432
2303,7255
2623,7822
2323,7264
2736,8862
3405,0
2921,7953
2322,7272
2618,9175
0,7384
943,0
2790,7808
0,9262
950,7635
3053,7956
2093,7777
3163,7486
3163,7487
3033,7683
2964,7966
2545,8182
3162,7487
2255,0
949,0
1987,7532
950,7633
3089,7700
3402,7477
2255,8835
3089,7697
2646,0
2247,7006
809,7754
1210,7523
2257,8846
3131,7559
1670,7423
808,7753
2705,8846
3298,7492
1194,0
1364,7942
2682,7579
1020,7620
0,7214
0,7580
1862,7340
2687,7577
2691,7578
2690,7578
2698,7577
1279,7741
0,7982
2719,7580
2692,7569
2181,0
1286,7484
2029,8582
0,7946
1887,7327
0,7573
1140,7668
2689,7580
2318,8804
0,7820
3102,7715
0,7696
1908,7300
0,7846
1773,0
2123,8168
2621,7305
2648,8032
2628,7302
3090,0
2483,0
0,8032
2626,7306
2628,7301
2163,8560
0,7606
2657,0
0,7749
2646,8034
1695,8223
3201,7731
2251,8838
1744,7838
0,8035
2528,8300
2529,8300
2036,0
971,7689
2531,8300
2530,8300
2456,7372
2228,7316
2532,8298
0,7578
1225,7906
2315,7578
2849,7708
2854,7725
2846,7703
1906,7283
1853,7383
1792,0
1374,7969
1243,7575
1295,7764
1193,7982
0,7583
0,7740
1252,7821
2920,7896
3110,7715
2883,7882
1730,7830
1742,7834
3400,7433
2993,7812
1738,7849
1733,7856
0,7318
1535,7512
1533,7646
1743,0
2271,7584
2275,7589
2615,9178
2919,7951
0,7847
1747,7837
1972,7714
2316,7993
2252,8832
1877,7328
2522,7587
3300,7490
2258,8847
0,7642
1583,7803
2248,8831
959,7642
2646,7464
2864,7717
2862,7712
0,7703
2848,7728
2856,0
2865,7719
2855,0
2846,7706
0,7752
1529,7391
2863,7722
2847,7704
2847,7748
1549,7391
2862,7706
2850,7707
2862,7731
1327,7573
1331,7577
1333,7577
1792,7378
3407,7481
3409,7483
2993,7387
1978,0
3118,7718
0,7561
2023,7301
2673,8841
2119,7281
3408,0
3006,7851
3110,7713
2563,8511
1855,0
1537,7389
0,7376
2848,7710
0,7391
2854,7712
1557,7376
2854,7711
1551,7377
2867,7744
1765,7590
1766,7589
3406,7483
3411,7482
2118,7056
3408,7479
1373,7971
3407,7483
3412,7484
2089,7041
2027,7300
3104,7724
3411,7483
3402,7483
2669,8831
3404,7480
3408,7482
2028,7299
2992,7387
3406,7484
1273,7782
1527,7638
1874,7378
3010,7838
1415,7781
1855,7389
1848,7385
1979,8583
0,7377
2337,8534
2875,7905
2228,7080
1864,0
1833,7383
2169,0
3022,7505
3021,7493
2561,0
1532,7390
0,8061
2172,7935
1898,7326
1526,7391
1547,7380
1525,0
2504,0
2495,8811
1523,7392
0,7391
3089,7696
2835,7693
1557,7375
3406,7437
1545,7381
1521,7394
2306,7007
1540,7401
1903,7284
1554,7377
2560,8513
1557,7380
2164,6960
2562,8511
2121,8137
2170,7299
1421,7641
1101,7701
0,7995
2544,7857
3270,0
2519,8552
3132,7558
2969,7703
2386,8037
0,7487
2484,7992
0,8581
1862,7380
2536,7863
2000,7378
1851,7384
1491,7998
1854,7390
1853,7388
1855,7380
1858,7376
2560,0
1184,9301
1859,7374
1993,7353
0,7384
3033,7641
1162,9272
3069,7685
1231,7666
1865,7378
1229,7665
1853,7391
0,7664
1063,7692
996,7625
1245,7582
1242,7574
1102,7696
1134,7679
0,7577
0,7582
0,7284
1928,7286
1911,0
1297,7764
2855,7713
1917,7286
1536,7512
1743,7837
1744,7848
0,7511
1734,7855
3030,7801
2671,8876
0,7316
2045,8586
2071,7098
3042,7825
2757,7768
1749,7840
3089,7699
0,7801
3090,7697
1857,7395
3048,7917
0,7585
2802,7332
1223,0
2322,7743
2217,8819
0,8842
1167,7813
0,7487
1233,7664
2274,7588
2252,8836
2270,7587
1232,7660
2847,7752
2857,7733
2844,7707
2856,7704
2851,7721
0,7706
2853,7724
0,7723
3064,7688
1852,0
1851,7387
0,7424
1792,7380
2559,8516
1857,7376
1749,7839
1517,7662
1725,7838
1745,7838
1737,7847
1192,7983
0,9274
3091,7697
1168,9272
1699,7332
1700,8178
1295,7765
1910,0
1906,7286
2717,7800
2644,7464
1865,7287
2716,7805
1194,0
2161,7300
1593,0
948,7638
2923,7953
2914,7573
2614,9181
1715,7829
1304,0
0,8024
1305,0
1234,7665
1582,7803
0,8018
3074,7677
3213,7717
2967,7951
3211,7716
2309,7008
2990,7798
3031,0
2223,6896
1925,8490
2545,8183
2531,8301
2162,8752
2702,8826
1134,7771
1274,0
2315,7987
1287,7764
2928,7954
2883,7876
887,7659
0,8093
2686,8102
3090,0
1911,7289
1891,7282
2026,8584
2307,7261
1900,7303
2719,7800
2716,7799
1893,0
1912,7286
2368,0
2715,7804
1920,7297
1908,8202
2690,7091
2012,7306
2112,0
3088,7734
2907,7705
1243,7596
1140,7670
3071,7684
1336,7469
0,7635
2707,8845
0,7630
3090,7582
3210,7627
1003,7716
2491,7462
1909,7288
1917,7279
1307,0
2852,7715
0,7282
2849,7716
2846,7718
1899,7312
2866,7730
2847,7718
2845,7707
2843,0
2851,7746
2332,8530
1282,7970
1454,7433
1003,0
1740,7849
1750,7846
1304,8027
2305,0
2305,7235
2544,8183
0,8582
959,7643
1772,8330
2715,7803
3220,7720
1791,0
2436,7280
3231,7716
1888,7310
1303,7758
1301,7770
1896,7283
1316,7763
1291,7759
1891,7283
1904,7286
2092,7775
0,7045
2117,7057
959,7713
1153,7602
2462,7364
1771,8330
873,7670
1985,7532
1163,7598
1987,7538
3109,7713
2124,8163
2789,7629
2256,0
1752,7351
1101,7698
1363,7941
2230,7317
1110,7736
2460,7368
870,7772
2462,7365
873,7771
1743,7839
1299,7479
2701,7600
2716,7572
2689,0
2691,7588
0,7584
1744,0
2538,7864
1793,7376
1017,7641
0,7088
2274,7590
0,7631
1748,7839
995,7626
1015,7635
999,7629
1250,7594
0,7719
1586,7450
2323,7739
2026,8583
2120,0
2538,0
1931,8478
1988,7532
2372,8103
0,7374
0,8330
2458,7363
1199,7982
2303,7261
0,7806
2318,7263
2721,7800
1199,7978
2689,0
2683,7580
3023,7493
2299,0
2302,0
2116,7059
2116,7060
1262,8019
0,7717
2685,8097
3039,7806
2687,8101
3458,7745
3043,7757
2513,7357
1263,8020
2611,9183
839,7697
3104,7714
2679,0
0,8610
2858,7705
0,7718
2864,7716
2864,0
2849,7748
2862,7718
2038,7812
0,8064
1180,0
1166,7616
1162,7608
0,7395
0,7588
1260,8019
1151,7604
1177,7819
3309,7530
2791,7631
2930,7918
3200,7729
2801,7331
2835,7941
0,7748
2985,7959
1006,7710
2458,7271
1233,7659
1232,7662
1139,7672
1861,7290
1140,7669
1238,7552
1233,7662
3029,7800
932,0
1282,8024
1259,8007
2117,0
3126,7706
989,7672
1529,7392
2704,7590
2698,7586
0,7825
0,8014
1302,8020
2277,7220
1863,7287
2301,7251
3161,7488
1259,0
1175,7976
0,7596
3226,7718
2259,8839
0,7691
2251,8839
849,7694
848,7695
2512,7358
0,7643
1981,8582
0,8182
2975,7852
3071,7671
1771,8329
2545,8184
2306,0
1101,7695
1201,7599
1245,7569
1240,0
1140,7667
1308,8026
2070,7091
2219,6902
3018,7816
3028,7804
2224,6896
2161,8750
3033,7804
3219,7635
0,7571
1792,7370
3090,7585
1856,7391
2220,0
2253,8834
1859,7373
2258,8834
3412,7488
960,7716
2856,7725
2858,7706
2853,7723
0,7393
3406,7482
2942,7914
3108,7730
2748,9538
1295,7769
2686,7579
1295,7757
2280,7584
2271,7585
2627,0
1293,7490
2071,7097
1699,7330
1552,7383
2334,8530
0,7653
0,7640
2890,7658
0,7835
2896,7939
2958,7964
3255,7612
2716,8836
2808,0
0,8021
1294,8019
1303,8013
1307,8026
1187,7981
2276,7593
2433,7285
2288,7272
2932,7958
2310,7259
2715,7806
2688,8818
3103,7710
1096,0
3109,0
961,0
2722,7749
2164,8765
1914,0
1282,7768
1916,0
2851,7707
1743,7840
