9000 3
3548,0,0
0,759,448
618,182,69
0,0,291
1272,617,85
0,769,519
1689,0,222
0,0,540
2134,805,389
2059,876,567
0,0,740
602,0,213
0,551,146
0,1150,253
1862,500,524
335,0,36
3100,1775,289
2258,845,378
2942,1668,388
1244,386,339
913,0,166
0,0,46
0,146,0
3352,1518,1257
989,0,93
2521,0,479
2477,0,644
1012,431,224
0,1282,0
930,281,339
2910,1234,219
0,206,199
462,0,0
0,0,890
0,963,414
649,0,0
2179,885,714
3338,1643,536
265,106,54
0,559,159
0,101,40
0,0,70
0,508,343
1528,0,0
2003,0,0
3061,2076,0
315,90,21
549,0,0
0,0,50
1822,0,0
3091,1716,487
2761,999,0
2538,909,522
3602,0,1463
0,1761,1007
0,186,57
2889,1239,947
2588,1651,350
186,60,37
0,426,175
238,54,0
0,1130,515
1448,592,0
0,0,184
1304,449,326
298,85,31
1592,0,0
2091,0,383
830,189,43
0,141,124
0,400,237
701,0,0
3107,1119,0
0,1822,0
0,0,113
0,0,33
845,0,0
1642,320,0
0,1785,0
698,287,170
1627,0,374
112,48,25
2903,2107,0
1102,0,106
812,0,136
0,2261,0
0,0,128
2056,511,0
3322,0,610
0,311,0
1754,0,439
0,496,142
2079,0,281
0,1218,0
0,573,121
946,279,284
0,1250,0
2922,1652,0
281,106,74
1517,0,494
1748,943,345
0,239,70
2591,1400,262
0,0,229
1910,593,619
0,728,0
0,1771,208
1229,684,285
2339,0,0
0,0,378
0,0,286
0,0,141
0,0,128
0,186,177
0,62,56
48,9,7
3230,1290,380
0,0,701
2477,888,0
2499,878,0
0,0,103
2599,944,915
2860,1018,556
0,1015,906
878,246,0
1019,424,0
0,197,0
3227,1961,717
1727,328,0
0,1389,221
0,1526,393
0,1142,0
0,1381,837
2958,1437,204
1356,425,0
0,0,128
0,728,0
1424,0,182
0,0,397
1708,668,103
967,0,116
1165,0,143
0,1488,351
2853,1684,684
0,1213,0
617,173,115
2513,1269,0
433,107,43
0,212,0
728,256,227
1055,317,46
449,155,17
1450,629,488
0,1949,0
0,0,244
0,175,55
0,30,14
2353,1260,0
3244,2170,222
2837,810,704
0,122,0
2239,1021,553
1776,769,179
1238,0,128
2521,0,0
0,380,327
0,156,105
252,85,0
0,677,137
876,0,0
3222,0,286
1175,337,380
0,465,0
0,0,251
0,685,509
307,0,94
276,162,33
1101,447,254
1639,594,0
0,1700,0
1986,815,434
1888,826,572
1270,0,236
3046,1686,340
2208,775,0
2869,1681,292
0,1044,0
0,1071,235
2691,0,0
0,381,0
157,69,0
0,1453,315
1421,520,441
3031,1593,0
1964,766,464
0,426,237
2289,1442,836
756,0,145
445,0,0
270,90,62
137,0,23
0,604,0
1136,0,0
3204,1675,465
1183,533,247
2797,0,0
2280,0,478
280,0,0
2089,588,0
2283,759,0
0,0,198
0,1887,1004
2529,1525,630
2131,902,212
467,126,0
0,242,0
568,96,0
802,182,69
775,174,0
2285,841,0
0,243,0
1731,0,366
1439,0,574
2540,0,501
1159,340,177
508,161,66
2086,778,697
0,517,137
797,285,0
121,80,36
232,112,39
413,0,119
0,151,140
1801,0,631
3378,928,1149
1783,648,194
353,0,0
0,523,170
0,415,0
0,65,31
2401,0,0
431,0,97
792,202,59
0,0,422
0,953,363
1372,571,0
139,64,0
3539,0,0
0,709,119
101,18,15
1749,0,0
2177,634,0
889,319,88
0,0,327
0,282,330
0,0,687
432,124,43
1269,370,329
2688,1058,940
3109,1465,0
133,33,0
1030,435,216
2589,943,0
339,0,0
1755,0,0
483,152,107
1016,507,85
2191,1138,284
0,0,301
2787,1015,585
103,45,0
1055,629,115
1059,0,253
2592,1680,273
2661,868,1025
1574,347,0
2577,953,538
2636,1302,407
538,0,30
2341,804,810
3001,1456,344
0,851,642
447,173,0
0,721,246
0,10,0
2389,652,226
1983,780,181
2756,632,0
0,43,22
0,0,276
0,119,111
2419,1124,189
2843,0,0
2590,1050,328
1125,0,339
274,0,77
0,1461,0
0,302,0
0,0,239
905,269,193
949,246,350
2056,0,262
1347,0,346
0,889,490
1338,0,104
0,100,63
1581,803,163
2515,0,671
0,1129,0
0,502,158
526,148,43
425,276,0
271,85,92
1722,0,112
223,0,0
3379,2275,1383
2656,1519,727
2388,1119,0
614,0,62
1026,418,88
3122,0,0
105,26,28
255,97,0
1449,0,267
1586,0,0
1772,732,179
275,0,0
617,177,32
0,914,234
2913,0,0
1646,700,0
0,0,125
2516,1757,317
1758,592,403
454,0,130
1203,0,278
279,72,73
1282,658,0
2992,1549,299
1731,0,0
2247,0,219
2952,1590,320
0,1298,0
1589,600,137
2835,0,0
1850,0,419
319,90,100
172,31,45
0,0,147
0,160,84
165,90,49
0,28,3
0,502,349
1364,450,112
2351,1660,660
1456,521,269
2066,757,390
0,744,332
0,0,69
0,272,235
2427,1126,400
1121,0,125
1480,689,0
540,269,117
0,117,0
866,0,106
0,1459,214
2139,0,398
0,515,307
793,164,63
278,81,0
515,83,47
651,273,179
0,431,0
737,0,54
2598,0,0
0,126,30
2975,0,0
2747,942,0
1527,496,511
2558,1375,0
0,81,0
1461,0,343
0,0,249
1549,0,202
1697,752,332
1485,647,0
2390,1239,758
2150,0,357
1133,378,131
819,0,75
0,527,0
0,20,25
0,341,259
882,0,234
2335,1032,787
2823,0,0
2373,1604,0
0,0,252
1631,0,212
3328,2427,0
0,383,110
2946,1769,967
2610,0,390
1613,797,510
1418,410,151
0,830,0
1589,531,0
3039,0,0
0,1043,207
2889,1574,273
0,0,585
1004,0,229
918,202,228
136,38,28
0,0,200
2557,1363,168
1326,0,381
687,0,44
2401,796,379
2184,564,0
1650,492,0
790,278,47
1943,653,187
709,188,0
2055,0,557
0,0,697
0,1232,345
1625,874,183
146,62,0
773,0,224
0,957,0
222,0,0
185,71,0
1046,0,314
2338,0,341
2809,1218,893
0,1641,376
3167,0,417
2274,1037,198
0,0,449
0,408,161
0,507,145
2382,798,0
136,77,36
0,346,415
260,0,0
0,1465,666
1091,0,229
2922,750,1036
1870,747,137
2026,0,186
1340,603,0
0,370,0
1687,0,0
2968,0,606
249,64,38
3044,0,712
562,168,0
1935,1039,0
2795,1416,0
0,31,38
700,170,56
0,561,371
0,1139,0
969,241,296
1136,589,78
1760,0,356
1909,946,0
0,332,0
1114,614,285
0,476,0
989,510,253
2904,1723,422
2442,687,641
1082,0,163
0,516,431
2639,825,273
162,85,27
1516,678,143
1070,302,0
0,0,321
1083,446,0
0,288,103
0,1179,0
1487,0,123
891,365,0
596,282,0
1405,0,236
612,267,117
608,347,0
0,796,551
0,0,270
743,0,0
1438,727,96
207,95,16
606,309,31
625,323,49
1112,486,117
49,0,16
864,0,234
2408,496,0
2487,0,168
0,1055,688
2369,0,548
2501,0,440
0,1564,587
552,0,95
1451,634,126
342,0,100
0,296,0
165,0,29
700,239,218
856,0,0
1772,689,372
0,1790,675
1682,0,0
1338,490,361
0,310,0
0,321,144
0,0,695
487,248,74
2539,0,270
0,463,329
2687,1323,293
0,0,273
0,98,40
0,155,0
592,240,0
2705,0,454
1913,0,0
1283,397,0
2877,1527,1070
0,634,293
643,287,107
996,347,0
1306,527,0
1645,0,495
2232,935,394
289,0,59
2913,0,0
945,361,261
1481,1006,154
0,1942,1029
1021,513,280
0,446,440
0,975,239
1568,518,0
0,457,115
0,0,143
2302,879,693
0,1176,0
2224,1119,210
1745,968,0
0,321,564
0,565,186
1196,559,0
1667,749,0
1652,467,611
1055,296,400
1738,732,266
2847,0,828
0,537,212
2419,0,0
1239,435,284
2709,0,604
1505,524,587
0,65,0
0,2075,0
480,174,47
0,759,0
1513,0,0
908,0,0
2595,869,734
1165,502,92
555,0,0
765,0,47
0,0,299
0,224,0
0,433,0
0,171,73
0,131,38
2531,911,219
2863,1599,899
2506,1083,1072
0,1083,0
0,2273,0
0,1861,926
767,0,264
2002,589,0
0,771,0
0,0,911
270,116,0
1222,528,317
2158,0,307
0,146,75
0,43,0
1262,0,0
1958,0,376
1586,748,124
2084,0,0
0,1464,0
1960,938,865
955,397,255
49,0,9
0,346,0
2119,0,204
1647,583,0
1949,853,0
0,188,142
119,64,34
0,379,173
2694,0,687
996,0,236
0,717,0
111,49,13
2018,0,0
289,0,27
209,58,25
2777,1462,828
0,656,0
1449,806,462
1594,773,474
176,0,11
0,848,518
0,0,563
2583,1344,0
0,403,0
337,0,80
2104,955,0
2601,0,701
0,209,0
2256,0,363
3094,0,457
2005,0,234
551,0,146
1051,404,97
526,269,0
1680,0,0
1249,638,236
2488,1227,238
1548,0,211
0,665,387
0,228,0
3001,2125,0
0,0,374
587,0,157
3130,1753,0
1535,599,0
1425,444,0
3097,838,370
135,62,0
438,180,75
0,403,0
2264,1210,0
678,0,51
1342,514,0
2265,1069,698
0,0,428
0,0,24
1505,0,404
1276,539,484
768,0,69
3333,1609,0
1552,526,258
0,224,101
556,124,67
1776,974,306
0,1495,0
1426,875,119
0,193,0
2717,1509,231
0,0,253
986,293,81
0,275,0
1421,612,98
0,63,50
0,0,35
2265,1600,801
1317,0,0
0,1082,565
0,0,229
409,174,33
676,322,50
1623,293,302
449,155,82
936,372,266
2775,1258,610
0,566,348
3024,1898,449
0,745,0
1735,871,513
0,285,173
1131,572,333
0,74,0
2518,743,0
1878,1156,175
2653,0,0
1149,463,0
0,102,19
933,0,115
1798,0,0
130,54,12
1965,0,188
1594,0,303
1236,491,0
2072,759,0
2547,686,249
1370,416,0
0,980,0
621,0,62
748,0,0
0,246,116
0,0,230
1935,874,121
0,0,27
2037,748,122
0,1697,0
0,0,216
1985,1088,404
334,0,0
1722,820,555
0,204,97
0,0,49
0,589,358
0,9,0
0,1623,0
1660,0,0
119,53,10
768,237,147
251,0,46
155,49,0
576,0,102
723,0,180
0,338,304
1327,0,420
2429,1528,481
2582,861,268
1945,0,353
0,271,250
1664,825,0
0,472,0
2091,0,223
890,415,160
85,0,14
805,372,0
2857,2232,420
2327,693,509
3067,0,1071
947,441,79
2553,1304,177
1382,583,0
250,107,55
1132,476,304
1098,340,0
0,151,71
1853,0,0
2163,914,0
2797,1322,332
3246,1598,1075
0,920,442
0,620,652
2315,0,0
2530,0,0
1966,847,577
1220,590,338
2884,0,0
2741,1285,277
2283,1123,188
854,123,240
2851,0,830
0,153,110
2118,973,0
0,523,0
2411,0,0
1823,817,310
0,813,307
38,6,5
0,0,847
1704,0,260
0,1088,636
66,26,0
1042,511,108
0,0,751
0,1215,383
1169,0,321
1215,377,114
0,829,0
0,195,0
2131,664,642
868,0,214
1075,311,0
926,345,0
0,0,10
0,0,32
678,209,0
0,179,119
2041,0,178
851,269,75
1213,0,379
1802,0,0
3182,2097,0
1020,303,112
727,212,75
0,236,181
1683,676,0
0,691,289
1277,475,372
2416,1178,0
1819,0,297
110,0,21
2557,1414,209
2369,1354,182
800,364,169
1174,671,373
0,0,52
0,0,3
353,212,0
216,0,14
0,1107,239
0,0,119
1773,646,373
0,832,541
438,191,134
1969,0,680
2479,1266,0
626,0,145
1323,0,279
0,36,17
2813,1234,214
0,723,260
839,390,101
1163,299,162
2268,0,758
0,585,359
547,0,108
0,775,351
0,0,1288
1748,816,539
0,610,552
0,0,802
911,0,0
2520,1398,458
643,224,111
400,150,0
1538,492,0
1080,504,0
1322,571,0
0,1219,580
0,275,0
2760,0,0
590,224,0
2170,958,554
2238,876,678
311,146,23
0,0,666
584,0,0
277,121,0
1274,485,172
0,846,0
0,1009,678
2940,1612,300
3314,2021,310
0,280,49
0,0,327
1132,520,113
1859,822,205
3025,2172,390
849,0,138
1419,301,244
2524,572,284
2496,0,294
1003,0,202
1929,1097,0
0,0,76
0,664,614
751,288,279
866,376,0
2231,1000,654
523,210,142
0,209,125
1641,0,0
2780,0,0
1490,0,380
2002,530,137
2572,1431,256
0,725,204
0,211,0
815,514,114
1550,756,0
2731,1777,227
1079,376,0
86,0,0
0,0,250
0,1903,1025
2364,1369,0
413,157,46
224,63,0
746,129,0
1552,639,450
0,1191,650
131,0,30
0,102,83
2566,1082,0
165,66,42
126,0,0
2538,1002,0
413,85,46
2839,0,0
0,608,145
0,0,538
1176,645,0
0,623,0
0,308,0
0,251,370
310,57,0
1963,0,0
1265,388,0
0,533,259
1757,581,0
0,28,17
927,435,281
1264,0,191
530,189,94
1332,378,238
2714,1394,290
1149,0,292
332,0,0
948,264,0
0,0,204
1074,384,141
2409,0,254
385,156,20
2850,0,842
0,0,225
795,297,0
532,0,147
2517,1127,0
879,285,60
2629,0,447
0,0,17
0,0,16
2971,1444,191
2035,0,631
1487,497,315
108,56,23
2410,0,0
0,118,0
1486,589,128
0,0,693
282,0,56
269,113,62
0,334,0
0,1248,274
108,0,0
1243,0,315
0,0,301
1686,939,167
1110,653,96
576,0,71
2121,0,186
465,0,0
459,215,97
0,0,400
3265,1940,1043
1347,570,0
1171,0,82
2130,0,183
431,179,40
809,232,68
1856,1009,0
1398,303,391
1778,843,0
0,453,0
0,0,45
3105,1789,994
1338,816,327
1213,395,0
2081,754,163
81,40,10
1050,339,102
0,838,0
0,547,431
1967,0,149
154,69,45
0,59,0
0,49,0
1417,727,248
794,240,226
2717,1270,0
0,1245,170
2058,517,616
0,1972,586
0,650,227
0,965,0
0,458,328
2260,1015,215
0,1769,669
0,1131,347
0,0,173
976,0,174
2667,1363,548
1401,487,337
0,0,569
0,961,430
1959,647,742
0,0,494
1779,755,0
997,376,59
0,534,168
948,420,113
0,114,55
496,0,96
0,111,93
3095,0,0
2462,1406,0
3390,2031,1444
1824,1105,0
2969,1518,791
403,148,0
2698,0,215
1242,609,85
278,83,0
1705,826,0
640,0,184
1053,0,0
1979,1058,0
545,272,37
221,85,64
1307,523,206
3145,1404,0
323,0,0
1885,0,0
2411,0,916
2122,912,625
0,80,0
1337,0,0
649,202,68
1917,568,0
0,357,109
0,0,108
0,0,233
1763,818,513
0,370,0
0,448,259
0,46,19
2537,1456,802
756,417,225
1219,386,0
1900,683,0
1222,0,242
479,0,0
216,132,51
0,544,0
0,947,210
279,92,0
76,32,0
0,795,347
2958,1281,1013
2171,1266,0
0,424,96
452,202,35
527,222,61
0,805,0
0,0,295
0,527,146
125,56,9
131,58,13
2825,1404,0
0,300,85
0,183,61
1488,518,171
1233,612,125
160,68,37
0,1338,228
0,1825,0
2144,0,604
0,1408,572
771,304,0
1570,667,119
0,0,648
2406,0,0
1998,0,382
555,107,40
586,172,76
1753,553,198
969,0,177
1381,375,104
2764,0,0
1139,0,0
0,225,103
2642,1134,454
2027,678,0
0,1338,386
0,947,200
883,358,72
0,38,50
0,771,405
0,911,414
2915,0,0
0,122,105
0,746,98
2266,1457,245
2370,1401,291
2451,0,196
0,677,140
3143,0,0
0,362,191
0,1118,0
2864,1131,197
560,86,0
180,38,0
0,64,77
0,0,453
1389,492,0
869,244,63
2035,739,208
0,0,852
2885,1858,331
2392,1004,227
125,0,39
0,700,0
1102,546,133
0,688,223
0,194,257
2815,1286,0
2316,1423,0
385,0,71
272,95,0
2499,626,233
194,63,27
1595,0,165
1838,0,588
57,16,17
0,0,571
0,32,0
0,0,726
1366,233,410
523,0,73
0,326,0
0,0,43
380,124,0
2394,869,564
254,75,19
0,0,94
0,362,241
0,722,0
1781,871,507
1794,0,0
1457,783,246
0,83,17
1782,567,0
1331,624,0
1841,564,324
502,0,116
875,512,225
2812,2100,576
381,157,75
1246,486,107
2115,0,181
0,155,0
0,0,172
27,0,3
2585,2055,238
404,0,42
1718,878,0
2934,2585,0
1568,0,432
0,0,113
1818,912,187
0,420,399
0,523,94
1853,761,0
0,1859,896
1403,406,380
0,479,0
1209,528,89
0,0,20
796,329,0
0,219,326
0,1951,719
194,65,24
1541,472,0
2937,1540,414
2622,1465,200
0,585,602
1938,0,0
2533,915,426
2795,0,596
2647,1566,0
325,121,55
2125,1053,450
0,588,0
278,0,0
1170,533,296
0,0,381
0,1087,0
1839,702,515
1466,569,0
373,133,118
0,0,775
212,0,40
0,176,88
2052,673,566
2945,0,493
100,29,14
302,126,112
451,186,105
0,743,645
1164,382,312
1324,0,0
0,614,613
1136,0,450
374,161,163
2131,1210,552
1392,0,373
0,408,179
2123,0,184
1167,292,123
364,0,0
0,1010,0
1176,0,0
708,335,212
526,0,49
3140,2119,1190
0,80,86
277,0,58
964,0,0
0,290,0
442,0,0
0,1350,704
0,0,218
1012,422,50
0,171,49
0,1072,699
1424,703,462
0,520,86
2204,0,448
2802,0,0
1543,937,290
0,29,29
1557,0,338
1549,629,104
1467,599,97
633,378,36
2860,0,1216
2857,1553,691
811,0,0
2510,0,0
0,0,229
189,40,43
0,792,418
0,1223,0
2849,1203,464
1213,444,321
0,180,0
1512,881,185
971,554,115
541,327,70
577,228,0
298,142,52
2304,991,441
0,1254,539
1661,0,0
2670,1255,658
0,932,115
2588,1334,837
0,747,225
0,350,0
2243,0,0
1636,1056,316
777,0,214
2793,1175,908
0,0,167
0,74,14
0,819,0
0,792,146
2677,1441,256
736,309,76
496,259,0
0,299,121
2673,1161,242
225,85,26
2754,1056,188
0,0,329
0,880,0
0,55,34
0,406,89
1594,567,156
0,0,627
2399,0,0
0,0,287
844,326,170
0,194,126
2657,0,842
1092,440,0
298,88,80
2347,1290,0
0,770,181
2146,0,409
3111,0,525
0,1526,192
0,1816,275
2582,0,0
771,496,54
603,349,0
0,0,3
0,1292,0
1286,0,0
298,63,0
259,0,40
0,59,65
2820,0,0
2375,1061,427
1956,924,400
1112,335,74
3239,1741,0
2593,1747,258
0,0,84
757,0,75
1107,0,0
0,642,0
0,0,53
0,713,0
2479,1202,442
0,182,166
2359,0,440
0,1092,0
1095,297,84
0,208,61
0,1230,835
655,0,0
0,1547,759
0,301,65
536,169,69
2925,0,613
0,0,473
0,882,657
395,94,0
1845,931,268
0,597,0
661,0,81
329,148,29
1980,0,236
2192,672,467
2625,763,0
0,489,440
1960,0,636
3417,2452,509
1686,626,151
0,0,170
817,0,119
2182,1402,200
2088,0,545
964,314,243
1243,371,265
980,359,309
1356,472,384
0,1454,383
0,15,0
451,247,0
337,168,0
1609,777,0
1427,0,0
458,0,35
0,1266,571
1320,550,0
925,206,208
3093,0,646
2874,0,0
911,320,0
0,96,62
0,1153,128
1638,427,264
252,109,67
0,2221,419
2832,1469,828
1506,672,88
1579,737,0
0,422,0
2710,0,0
1934,641,328
1584,0,206
0,51,19
0,0,93
714,0,68
434,218,43
0,377,348
0,352,104
1689,562,0
0,0,228
1738,375,159
0,572,458
0,0,586
490,0,0
1892,899,99
542,0,39
2641,1749,676
1108,553,230
0,582,0
2693,1431,0
0,408,0
0,919,0
1371,0,320
2118,1023,545
372,202,0
2311,1053,366
0,1096,435
0,0,401
950,524,263
1226,393,0
239,87,18
207,0,0
0,0,93
654,308,120
2161,1088,398
106,38,9
2914,1771,551
2385,0,410
1065,0,0
100,30,12
1934,1024,569
2228,567,584
0,0,693
475,148,0
1753,0,413
1829,341,220
2186,637,454
1750,1044,197
1919,555,154
0,638,230
696,249,215
2266,977,139
1161,552,67
1105,425,72
321,165,67
0,93,0
0,205,0
1845,903,528
1645,818,359
2166,0,184
1032,293,74
1564,587,0
1514,0,0
3194,2012,0
0,776,264
1815,568,418
2417,1122,0
0,0,168
2014,0,0
2809,1278,1017
1109,0,0
493,165,49
0,250,61
0,0,478
2408,1012,0
0,859,361
1843,0,456
1659,599,391
0,1180,0
431,140,41
0,777,629
0,1086,124
838,157,217
2963,1301,0
999,449,174
0,538,176
3175,1293,545
0,740,390
3088,1543,789
1932,970,0
2116,0,499
1744,757,414
0,278,286
0,219,0
2865,0,353
484,215,132
1423,444,268
586,0,138
0,0,78
0,1269,391
527,0,0
0,0,87
2055,1326,231
2578,0,994
0,1279,0
0,958,0
212,56,0
0,810,0
0,1549,287
2620,1967,287
2790,0,686
0,603,208
1768,0,143
0,1100,0
2032,507,673
123,84,30
1426,300,0
1376,588,270
93,34,25
0,0,102
1796,689,0
0,206,0
2120,0,686
0,800,0
1708,0,465
2902,1535,0
1078,601,0
236,0,0
208,0,0
165,0,11
688,194,214
0,350,106
0,326,223
271,188,0
0,1585,0
2742,1560,321
0,885,416
112,42,0
0,380,97
997,335,88
2393,1196,586
0,955,249
564,219,0
0,0,391
180,66,48
1037,0,214
979,380,226
0,832,108
2467,940,653
1979,0,254
546,226,0
339,152,38
937,325,87
0,0,264
1724,913,111
924,0,0
2035,573,339
0,400,0
0,922,140
1988,884,274
2156,906,0
30,0,6
1482,0,0
444,207,137
1296,455,150
2627,0,633
1035,442,79
0,302,95
1603,229,0
2682,1392,0
0,790,196
2090,899,155
1298,0,0
0,682,0
0,37,5
0,832,0
0,360,0
0,28,0
1132,0,245
3222,2457,514
0,0,226
575,0,133
2664,1396,178
1124,528,305
0,92,79
999,0,188
0,73,15
1710,0,0
1031,447,90
1093,172,290
2040,1298,375
0,874,149
0,520,104
0,272,84
0,150,0
0,0,581
3015,0,0
0,57,42
1952,713,105
2796,1789,248
0,421,189
0,230,94
2817,0,0
2796,0,835
833,0,61
740,335,0
0,1202,0
0,1200,786
0,0,195
459,0,95
0,1582,305
1377,0,259
1892,1030,182
845,219,186
1974,472,0
310,142,34
0,0,53
0,456,320
3032,1318,747
75,23,17
412,117,100
723,145,0
243,55,25
480,90,0
194,57,0
185,57,13
0,894,187
0,527,0
0,843,473
1104,0,0
2409,806,0
478,196,63
0,25,12
0,0,571
2027,842,147
1578,225,0
0,1447,0
1934,978,0
0,820,451
617,223,125
0,1002,459
0,544,159
1191,517,0
2181,0,0
0,641,708
2040,779,507
0,375,207
608,222,0
251,0,0
0,81,0
1892,0,0
183,97,39
558,240,0
1694,918,312
2609,0,523
1803,998,257
550,0,0
237,49,66
0,161,107
650,0,103
493,142,0
271,0,51
0,250,0
0,0,388
2150,864,168
1467,0,155
2252,870,0
0,57,0
1047,287,163
1139,493,195
1940,666,166
0,554,263
2845,1163,261
2664,976,704
3398,2520,0
0,324,0
2590,1151,0
1187,583,218
746,392,159
0,0,100
349,134,0
352,191,49
1341,354,398
2332,1117,0
237,67,29
1963,0,142
1792,0,336
380,0,88
0,0,141
2090,1196,449
868,216,208
523,123,0
0,93,86
0,741,0
70,0,4
1204,655,61
0,0,256
575,262,192
0,589,0
1085,0,295
3024,1440,0
2018,909,305
2098,0,439
0,34,0
1599,780,0
0,1590,866
0,280,0
807,0,0
1037,289,229
1183,0,154
1698,0,0
369,145,29
0,295,348
2418,1253,186
0,0,112
0,53,0
1040,351,118
3044,1469,565
1186,454,295
2175,1258,609
1229,0,0
946,489,287
0,323,0
257,144,63
1259,488,0
2358,1073,0
0,486,0
0,1204,509
1782,1095,266
800,212,55
3049,1611,0
1447,0,109
858,0,0
2042,848,186
1446,634,0
0,214,69
2033,821,155
0,940,142
0,443,0
2838,1508,312
3129,1642,921
115,44,27
0,661,0
2775,1760,461
1207,0,254
2626,1732,0
0,375,198
0,694,305
418,100,117
1883,0,0
1638,0,304
2214,0,664
1805,716,0
2274,765,611
2825,1268,1005
2876,0,244
0,942,605
0,1674,325
0,0,308
0,0,264
493,0,62
930,454,134
692,0,90
2331,1304,247
145,83,13
1188,548,227
2784,1979,0
2048,0,0
1154,463,282
1274,403,0
0,695,0
990,0,96
0,996,0
0,20,6
2840,1401,508
304,123,0
0,178,0
2982,1867,870
2349,0,293
0,184,78
680,338,173
563,0,37
0,1007,246
2457,1002,521
0,0,97
0,276,0
305,123,88
2055,812,277
1565,0,0
1436,391,191
2331,981,589
883,0,137
2988,1907,688
1716,849,0
2468,0,0
1554,0,0
2665,1391,519
2465,990,209
0,765,210
1333,375,0
551,163,129
0,0,206
333,0,0
0,73,0
2148,0,274
2496,1146,0
0,324,274
148,31,0
2317,0,0
2531,1660,744
0,0,260
2323,915,0
1161,560,213
1465,0,128
2491,1521,0
0,0,420
224,28,52
1206,0,235
0,0,207
1619,0,0
1433,0,0
1266,542,0
0,325,155
382,184,96
0,141,59
975,248,0
369,81,0
0,0,601
2421,1542,491
0,261,180
1248,612,0
494,0,0
1447,477,0
1938,0,157
1411,0,0
0,534,90
0,0,382
1130,350,0
2787,1709,0
1422,415,163
1547,0,236
0,37,0
0,14,0
0,400,361
556,0,0
0,237,0
775,313,183
1551,671,0
789,259,69
0,264,150
0,780,471
2716,974,159
0,0,596
0,492,179
0,709,524
1216,0,319
2933,1621,501
0,852,178
461,0,0
2297,951,0
153,0,25
0,564,0
899,466,245
0,590,0
992,430,201
549,160,0
0,31,46
54,0,16
137,24,30
1749,0,0
0,776,668
1164,375,309
673,0,195
491,156,114
0,0,448
1036,409,271
878,340,263
333,0,0
309,105,0
0,667,0
0,280,0
2447,1346,456
995,281,240
2262,1370,0
0,102,0
1232,253,231
2602,0,0
0,528,0
0,633,0
879,346,232
53,8,12
0,674,568
1350,0,0
818,334,125
386,145,29
0,1269,0
2922,1908,1194
1187,442,0
2252,942,422
1019,703,247
505,0,0
0,156,53
1559,0,0
182,78,76
0,618,0
0,288,0
0,210,55
1423,816,74
2914,1370,710
0,1630,0
1643,364,485
1515,0,0
311,66,69
803,0,0
0,698,358
0,0,47
1666,0,0
725,207,186
695,204,167
125,25,33
2740,0,174
416,0,77
1528,0,281
0,0,531
1607,0,147
0,411,0
0,395,0
0,0,17
0,770,657
2472,620,743
2862,1536,871
2284,0,635
0,619,449
1222,476,0
702,233,0
2572,1016,0
2397,1437,354
0,727,155
1433,413,485
0,454,130
1438,0,102
722,272,84
2428,936,0
1548,615,0
0,321,0
39,0,9
606,0,73
321,95,0
0,761,194
514,88,99
0,1953,300
520,0,120
987,383,375
0,168,130
1107,366,0
395,142,91
516,0,65
2252,0,264
1298,587,117
63,15,13
2909,0,437
2726,1513,0
0,567,425
2251,0,373
1472,442,443
1290,634,208
503,209,0
905,400,261
1702,0,242
2552,1571,0
0,34,0
2697,1434,0
0,934,596
0,92,17
2761,0,0
346,147,38
1533,627,393
1146,0,0
1062,319,190
84,24,0
2426,0,248
0,939,298
1970,1033,0
1452,670,0
2900,0,0
1154,384,0
0,0,63
0,663,406
28,0,0
1174,646,0
2600,1049,582
0,1908,796
2168,0,170
1428,561,143
472,168,109
0,0,63
210,65,13
0,348,50
0,1220,332
1405,0,342
785,0,0
0,1283,642
2045,977,0
688,342,86
2487,1310,649
1156,144,271
2570,0,0
2494,950,205
127,54,17
957,440,0
446,218,56
1950,0,484
0,5,0
354,166,0
2492,0,658
0,1854,777
0,1491,235
2665,896,0
467,0,103
0,1557,0
2417,0,541
1174,455,0
2525,969,0
0,1430,338
0,461,595
1034,0,85
0,346,0
0,64,18
832,155,165
360,0,0
2683,1727,532
1687,629,138
402,83,86
2555,1291,271
2020,572,137
2375,1669,217
1529,411,331
0,188,71
0,131,77
229,53,66
2034,982,662
1655,621,433
2650,1636,0
0,398,121
0,434,205
1135,305,0
994,402,260
253,57,0
512,46,0
1858,0,499
216,59,0
1799,0,0
2041,808,96
0,395,0
0,0,398
2665,1053,0
0,886,146
2920,0,455
2567,1178,491
818,346,138
594,290,166
0,1063,237
2506,801,582
1770,826,449
0,388,490
2086,602,470
0,963,255
119,28,23
324,104,0
0,1422,1003
660,318,63
335,53,119
2007,0,455
2009,947,117
0,788,218
1746,0,545
1955,626,603
137,48,18
0,48,0
2514,1334,289
1238,324,122
0,689,180
2402,0,186
2701,739,738
1976,982,155
2613,1609,950
469,0,59
96,50,4
520,129,115
611,208,155
923,0,0
1294,572,0
1037,0,317
1501,0,353
332,119,0
0,0,166
3075,0,528
0,311,264
2638,1277,0
960,174,222
0,646,513
0,1391,203
0,352,0
1191,430,175
2160,0,445
870,259,233
0,89,0
458,142,33
1280,685,0
65,20,10
78,0,16
989,321,214
0,185,0
1730,674,282
1937,0,127
196,48,33
0,81,51
1531,573,304
2402,1301,0
2135,701,545
162,47,29
1022,0,93
0,1665,922
1420,581,433
2101,850,0
2497,917,171
0,600,0
0,818,189
0,0,61
857,430,122
2426,970,562
0,0,91
0,745,0
601,271,0
0,474,0
291,77,31
0,455,149
349,240,44
0,826,709
0,1240,688
0,0,312
475,151,0
0,0,193
19,8,1
17,6,0
2493,0,306
1602,722,285
2734,2295,373
327,117,0
0,672,247
0,644,167
378,90,0
0,668,477
0,0,22
1290,290,366
916,327,0
202,37,46
865,0,0
372,186,74
0,632,455
3003,1274,1000
2279,0,0
1924,0,194
1434,500,339
1375,472,326
936,303,0
1838,1027,175
0,0,369
0,1185,515
2630,1735,0
2136,1202,0
0,2055,477
1114,0,0
457,0,82
520,210,0
0,804,0
1297,385,0
2481,1212,0
2664,0,531
1404,509,330
2347,0,0
1401,478,0
2834,1598,300
2216,0,0
746,0,0
1083,413,256
81,33,0
0,385,260
814,195,0
1610,533,392
625,0,89
397,0,43
1279,548,95
653,78,0
0,1025,0
562,0,0
1462,556,150
2258,640,0
1063,473,0
440,0,104
848,214,0
45,17,9
0,702,255
2031,0,631
2069,997,518
1642,0,419
2101,0,208
0,1462,323
774,0,153
746,351,0
1920,941,0
972,527,181
1573,695,272
0,929,0
463,308,0
2373,1075,164
2555,0,476
0,169,31
0,300,124
2813,794,927
1787,0,387
0,0,25
1314,0,238
2924,2262,0
1437,816,0
2486,0,323
0,1598,0
290,44,27
1123,418,286
2091,1524,0
682,259,0
391,0,123
2431,1000,0
0,455,0
646,261,70
1673,0,207
0,790,0
825,241,0
2344,1201,596
1950,609,173
0,624,132
2062,703,164
1334,411,304
0,30,29
0,381,0
1684,984,331
875,0,0
2367,1193,192
3029,1876,407
800,0,185
756,264,164
2781,1406,476
1659,743,437
0,174,184
0,166,0
0,213,109
0,0,238
0,290,350
958,473,206
860,537,0
2063,0,0
0,167,122
0,88,89
189,76,0
0,311,96
308,0,86
2892,0,0
0,89,26
2559,1051,411
2017,0,566
1158,0,85
1670,842,557
2613,0,206
0,0,23
1523,0,67
1495,633,242
1254,690,0
1584,0,398
0,1183,0
93,0,17
132,0,22
0,0,712
0,616,0
273,112,0
0,79,0
565,211,143
0,0,44
2853,1824,417
2734,0,0
2202,1211,536
2657,1817,0
2894,0,0
2914,1692,974
2277,823,513
0,0,840
0,0,96
2253,1218,222
0,0,605
1001,323,227
702,0,134
0,0,18
0,532,0
1617,0,528
1689,724,130
1763,713,273
1531,0,155
3127,0,457
2126,974,214
0,0,186
873,0,0
1685,726,265
0,4,9
1492,0,453
0,700,410
0,0,40
418,215,0
2305,1295,0
1244,367,267
0,2186,398
1808,771,114
304,91,0
2762,1767,427
2497,887,0
1292,500,227
1278,526,114
0,253,57
0,1126,614
0,458,105
0,175,43
0,173,0
2543,1341,270
461,0,69
183,51,0
115,29,8
0,0,7
3089,0,361
2059,885,261
535,0,76
2458,965,0
2616,1451,0
942,0,158
227,106,0
1918,0,0
0,446,99
2237,1245,0
1819,0,188
1491,414,0
2004,950,423
2278,0,0
2502,1616,228
0,440,436
0,199,170
2489,0,0
1647,0,600
1127,499,0
0,255,0
882,253,250
0,349,101
0,378,195
0,129,36
0,0,622
761,347,0
3023,0,557
917,298,262
1505,631,366
0,0,1005
2960,0,0
2557,0,634
0,0,63
0,0,57
0,144,106
867,417,0
0,765,0
267,99,31
92,22,0
1260,325,131
1168,406,73
0,1203,279
1998,0,198
2816,1767,435
2696,0,511
2407,0,235
1676,0,274
1469,621,0
0,662,417
1405,601,0
2952,1603,1026
1344,469,376
0,2115,805
2395,0,0
0,124,0
2787,0,291
2090,0,0
842,0,95
570,211,53
0,204,53
311,0,0
0,510,123
219,54,0
154,28,33
419,0,0
1566,521,0
1292,0,236
0,199,0
2801,1677,670
0,12,0
0,494,272
2019,0,0
0,122,0
3270,0,235
1868,706,177
0,144,62
0,629,0
373,89,86
2112,1021,0
128,0,30
1007,487,280
2669,0,694
2017,0,0
0,569,68
0,764,146
0,0,55
612,273,36
0,0,183
441,0,131
0,0,664
0,890,125
0,0,119
2401,412,0
2551,0,0
1491,657,0
199,0,46
1086,508,168
3024,0,0
1389,773,101
1771,998,0
2870,1136,386
2764,0,297
704,202,0
1197,340,0
2065,0,215
161,0,0
2395,1184,600
573,235,0
772,0,163
2525,1333,668
0,0,68
0,155,0
1542,521,0
221,109,0
2012,932,0
1910,0,531
1402,412,206
2032,710,244
1982,988,264
2150,963,0
482,257,0
397,89,77
2568,1071,187
0,0,51
0,22,12
2834,0,639
0,716,117
640,262,120
866,0,113
0,905,260
0,345,65
669,191,132
345,105,77
0,0,255
0,1213,268
862,394,0
0,315,46
815,263,243
2578,0,426
0,1525,0
0,616,332
1828,983,0
1519,492,0
1609,0,0
0,200,193
0,513,0
451,408,64
0,74,81
1217,672,293
464,83,128
0,332,0
1321,608,200
0,276,121
620,332,0
1190,0,0
0,431,351
222,0,10
0,1080,420
0,752,534
1812,796,592
0,0,324
1176,620,0
0,1006,143
0,703,178
0,1795,288
2475,0,718
2706,1759,872
0,255,82
691,332,102
0,1075,0
609,0,103
461,157,30
2706,0,655
204,65,49
0,587,140
0,171,0
1131,417,131
2970,0,0
521,143,139
0,1471,334
1012,304,115
0,0,25
852,249,90
1391,768,0
100,41,15
2484,0,618
0,0,32
25,10,0
101,0,0
2226,0,453
1946,0,393
2138,979,180
0,350,0
1772,0,664
2467,0,781
1276,387,306
2567,0,0
1931,981,0
1570,395,0
2626,1234,685
1664,0,396
0,0,89
1132,353,246
74,0,0
0,562,117
2704,0,0
0,408,517
0,153,97
2157,986,301
2224,0,0
1604,737,250
1571,612,162
2878,1392,0
1781,415,0
2321,917,642
1114,569,320
0,1491,879
1644,905,273
0,0,198
2190,1174,0
682,0,143
0,1632,0
2441,740,856
408,108,0
0,603,99
2344,0,0
471,0,81
1331,498,0
0,1076,623
2158,0,235
385,163,70
0,13,8
0,517,141
432,179,63
1323,336,0
1675,742,420
1754,0,121
2277,1192,584
2626,1622,0
1788,818,0
0,369,0
650,226,137
1651,0,0
0,456,125
0,256,0
0,0,53
2791,0,216
0,0,60
1994,1106,368
432,184,48
2023,838,0
0,606,0
685,0,69
1229,616,123
0,634,0
562,0,132
1172,0,0
107,35,14
343,173,0
195,75,29
2025,1013,208
0,352,272
522,130,127
0,0,986
110,69,0
0,0,710
0,355,86
367,0,45
397,0,0
2300,1010,0
2760,1043,170
1749,902,0
2248,1448,350
2454,1500,387
1901,568,0
0,756,0
2663,2056,427
312,0,79
0,768,0
0,282,137
2155,1116,0
1822,0,0
2740,1564,0
979,0,246
0,828,586
895,329,231
0,988,302
51,14,18
3005,2076,0
0,53,0
0,0,362
163,0,33
900,0,0
219,0,0
0,600,0
487,0,0
0,146,97
418,0,52
2922,1255,922
0,138,0
695,0,156
0,528,499
1989,1016,445
2149,1025,560
3018,0,545
57,25,0
473,131,42
849,293,66
0,859,254
1170,404,0
0,275,119
0,423,312
924,520,83
2736,0,0
1582,577,114
0,1867,0
106,57,19
1682,835,169
0,236,125
724,0,124
3028,889,973
128,0,43
3114,0,0
875,352,223
0,45,31
753,307,0
1932,0,265
2505,608,697
304,168,60
890,273,161
3073,2041,447
195,58,57
0,11,0
0,7,0
0,40,33
3085,2345,0
1918,1005,264
1567,817,128
2206,1356,555
498,229,0
0,980,334
3064,0,268
1104,0,0
2405,934,0
2272,1179,630
836,0,110
2240,852,615
172,64,28
2090,781,163
1792,631,0
2587,916,783
1843,1142,0
1453,696,203
1990,952,256
0,1230,199
3064,1874,392
1174,613,170
256,0,0
2045,0,175
1890,0,166
323,0,0
1497,0,237
0,0,488
479,191,38
0,0,184
2579,923,260
845,278,173
0,0,277
2457,1516,0
2904,0,504
234,74,0
2166,0,257
0,323,0
114,37,0
744,286,95
1578,319,455
0,284,356
3281,3041,0
936,0,194
2088,0,496
0,582,0
0,9,0
745,123,169
1658,622,483
0,463,493
2854,0,955
870,0,0
3054,0,0
0,657,0
0,396,48
2265,0,217
1250,376,113
1278,384,375
0,1779,855
0,1760,824
0,83,39
146,22,28
286,0,41
0,0,47
1968,0,435
0,332,184
2817,0,0
3136,1170,578
279,80,58
3031,1890,705
942,401,77
1972,0,331
972,228,227
1600,509,0
0,27,0
1478,482,0
0,509,103
626,150,138
698,0,95
2377,1242,0
141,71,0
0,0,17
0,1552,599
980,223,284
0,76,0
0,293,70
277,96,54
2980,0,0
0,0,185
2995,1403,851
0,874,139
2689,0,139
2687,0,616
2403,924,557
469,0,0
2250,837,580
2714,1045,0
2057,0,296
913,310,176
0,464,117
1421,705,0
0,1029,0
0,0,173
0,1053,299
1079,402,0
0,1435,0
1586,0,307
0,500,332
468,189,0
669,238,170
511,0,55
1463,0,296
1326,672,0
0,859,271
1556,649,380
1711,756,0
753,344,198
1751,680,373
0,127,56
1658,863,182
168,0,0
1951,608,115
1858,648,151
0,0,533
44,0,4
1650,922,0
3013,0,0
331,111,0
2166,0,687
1890,0,412
282,71,0
2956,1547,819
668,265,0
778,0,0
2159,1174,475
1058,549,0
936,248,115
1003,378,197
801,393,190
0,0,328
3029,2122,251
640,168,180
0,10,0
1386,0,210
374,171,27
534,85,87
385,132,0
532,223,0
102,27,26
0,20,9
560,157,129
0,507,0
1816,618,194
0,0,194
0,373,262
788,355,133
0,0,107
0,0,294
2976,1472,0
2526,0,543
0,718,0
789,210,81
1733,0,120
0,0,367
2819,0,466
138,52,53
52,8,7
2308,1165,478
0,287,270
2778,1137,0
2610,0,0
3018,0,249
769,327,160
197,0,23
1984,0,513
0,416,0
85,0,13
0,52,22
0,0,257
869,0,0
0,1604,531
1227,713,113
2171,860,0
2965,0,703
0,0,167
658,162,134
0,1325,0
0,393,136
1136,176,275
1437,0,127
308,133,48
0,1119,483
591,197,159
0,171,27
0,0,938
204,74,13
2004,0,489
408,217,93
0,914,384
0,746,397
2680,1674,490
2871,0,253
1498,593,350
841,296,177
1513,484,0
1361,447,0
0,132,38
359,0,106
1793,532,228
0,0,350
0,393,220
591,0,0
2328,804,527
258,0,64
946,339,235
2629,0,553
0,0,271
1499,0,166
0,901,154
0,0,665
0,12,3
1951,0,0
0,283,0
3060,2185,533
513,170,0
414,132,0
1377,673,0
0,0,77
1709,0,0
0,0,98
2818,0,373
0,344,48
157,61,18
0,0,29
2733,0,364
0,1155,296
680,381,91
0,374,0
0,101,63
0,792,494
65,0,0
0,622,0
2636,937,710
1116,393,0
0,0,642
1236,385,300
313,134,95
0,395,0
1796,777,187
1334,350,171
3032,1393,246
1084,0,0
199,0,21
0,452,105
351,126,0
1505,0,107
1436,0,0
81,34,0
0,0,293
845,335,169
0,843,348
1445,629,0
462,232,32
0,0,174
607,0,167
1365,587,143
1557,634,0
760,0,59
879,378,168
723,120,0
0,971,0
2177,1294,0
1917,732,0
2637,1408,449
0,334,408
1593,517,216
0,1188,0
0,205,0
0,801,579
2897,1110,832
0,220,63
1812,0,0
718,297,0
0,717,0
0,1641,206
706,289,66
0,270,0
601,0,144
0,662,0
0,1006,631
2039,612,335
1003,0,128
0,0,112
0,1446,0
0,0,31
265,67,0
1070,261,0
1501,919,198
1428,0,0
50,24,14
2033,0,0
89,36,11
0,0,607
0,142,222
919,0,153
0,0,263
2825,1805,959
2312,1061,628
801,347,0
263,103,18
2499,1066,0
2807,0,0
965,606,83
0,0,298
2484,0,375
2626,1279,180
845,0,268
1779,1002,437
1161,498,0
0,1134,366
2110,1178,0
2147,0,0
168,62,27
1765,0,0
705,0,172
958,446,290
417,162,47
973,484,0
1587,698,279
0,1754,333
447,0,0
8,2,3
0,777,250
1949,1159,0
2923,1352,0
760,223,66
0,443,103
0,841,138
499,0,182
1549,841,247
191,95,30
1358,746,217
2692,1079,662
1024,421,48
958,594,81
2653,0,0
2927,1577,0
2007,925,0
3072,1704,837
701,298,55
354,194,33
2378,0,491
522,211,47
139,0,8
99,35,8
0,470,236
1185,410,0
1038,747,109
953,378,0
772,0,0
123,8,15
114,0,28
0,310,0
0,826,389
0,42,0
174,57,0
0,633,118
0,490,146
2098,802,523
513,149,40
352,178,0
581,261,31
462,0,28
1221,0,321
2948,2397,502
0,1279,834
1966,0,469
2106,843,506
1084,502,0
857,365,0
2091,871,547
1419,545,0
0,823,0
909,0,57
0,352,51
0,1478,0
0,748,334
632,137,146
0,0,386
1529,953,235
0,558,0
1349,714,154
1028,567,0
1141,498,0
0,0,72
2618,1330,0
0,0,417
1642,500,0
130,74,0
3088,0,986
0,779,140
0,1299,696
1406,706,197
0,609,267
556,259,115
799,0,0
2946,0,273
0,0,165
0,314,462
438,155,56
811,498,0
1822,875,0
1051,300,258
803,0,179
2536,825,765
787,388,130
0,582,0
1996,902,473
3002,2085,684
0,1267,0
0,824,183
1539,750,0
703,295,177
1425,534,182
1119,438,0
0,507,107
386,0,48
1864,0,619
1096,0,281
0,1829,650
2047,532,488
813,571,104
1722,1114,204
2422,1400,317
2821,0,718
0,185,114
258,127,0
1857,1267,0
1556,569,171
2662,1432,635
2408,1186,0
1254,0,0
0,1094,262
0,2175,326
828,286,202
231,0,41
2552,0,0
2788,1162,0
245,0,0
313,152,52
337,0,0
375,187,0
1499,0,0
2120,1176,0
2739,0,0
0,846,238
2809,950,681
1220,440,286
200,0,0
871,291,69
1277,517,394
1403,466,402
491,0,0
2382,0,0
0,21,0
964,341,0
701,0,93
1206,386,231
2577,1196,0
986,0,0
0,529,0
1419,500,384
0,1054,266
0,844,189
796,0,132
2477,1219,341
0,721,0
2043,1504,306
2886,1730,607
2073,0,255
196,76,28
65,0,8
0,64,20
0,0,47
1279,202,300
1154,136,0
516,110,140
3255,2633,652
0,484,304
2716,1330,629
331,169,56
2559,1674,384
729,112,0
0,0,378
913,313,241
0,0,453
2472,0,610
2640,1106,776
176,60,0
779,319,199
0,0,259
0,0,87
0,734,498
2657,1495,377
0,0,545
110,30,32
738,269,142
476,0,114
2435,0,0
919,0,77
767,323,66
0,310,0
1795,522,0
1354,467,0
0,1651,179
3126,2326,853
2878,1637,956
950,434,171
2065,0,0
2435,854,514
2027,0,0
2804,0,0
318,113,100
0,123,50
0,118,47
0,752,0
2096,1074,397
3093,0,0
270,95,0
230,0,23
0,1259,0
0,151,0
0,114,29
0,30,0
94,11,23
228,0,0
2336,0,206
3020,1450,667
2604,0,861
327,141,0
0,1486,996
1138,0,74
1738,567,94
2860,0,0
614,257,132
1633,671,413
2078,0,0
2012,918,0
1334,625,301
678,293,148
106,0,27
0,23,16
3102,1431,367
2170,813,0
2257,0,485
0,1414,226
2233,832,703
0,583,287
737,428,100
0,1741,468
0,40,0
440,134,43
2462,1032,286
1251,417,0
2208,735,772
536,181,64
0,0,8
0,467,0
0,393,307
2102,0,307
1918,969,0
774,358,165
1850,828,395
845,353,166
0,475,0
0,848,549
0,551,0
484,0,153
944,0,232
1157,482,179
2587,1068,623
2161,0,465
600,289,0
1597,803,330
2041,956,0
0,1000,216
0,0,32
0,1400,248
0,721,160
0,1296,242
2924,1458,273
0,0,28
2329,0,718
0,646,392
1053,413,326
1994,0,0
1108,613,0
117,0,0
1824,687,0
1746,0,287
1057,0,209
0,219,0
0,0,103
432,251,35
502,0,0
0,249,110
95,0,18
551,217,92
0,656,190
2565,714,507
1065,411,123
0,319,123
1074,300,286
2019,0,551
434,158,70
580,0,0
408,111,47
2997,2099,553
584,289,148
2414,0,0
0,777,593
1567,578,396
0,199,197
0,0,477
433,175,50
114,34,20
358,127,27
1303,642,179
1120,291,80
0,173,54
2259,1046,0
0,0,270
2960,1657,489
952,0,74
2690,1221,225
746,235,138
1291,529,373
0,0,316
604,0,0
2788,1288,0
0,626,362
1291,452,0
589,0,112
3085,1989,909
729,242,124
246,118,0
2313,959,657
0,0,188
531,98,108
481,0,99
1267,0,140
0,0,207
0,284,118
1879,722,417
0,0,127
1325,518,0
1438,517,327
0,512,0
635,219,72
128,37,26
562,168,146
2595,0,821
331,97,109
1727,0,322
0,335,0
924,0,0
0,403,250
719,358,193
0,0,563
1762,945,179
0,244,73
591,0,0
0,49,0
0,361,0
0,648,265
1851,515,0
1176,0,0
3011,1203,604
1300,662,172
0,690,0
0,0,93
429,130,81
1635,0,179
1858,739,198
362,115,40
1611,0,512
0,665,0
0,1155,0
0,22,15
307,65,87
2462,0,509
684,184,203
657,0,138
1696,1055,175
0,395,0
1889,0,251
2283,0,345
2211,938,0
0,1102,439
2032,0,0
2033,1293,0
0,271,196
0,1433,0
0,1000,198
1762,735,385
0,574,214
0,0,65
0,1271,599
2659,1112,687
0,0,59
0,0,145
466,0,0
94,15,0
1427,548,217
2709,1061,712
0,761,588
205,0,78
0,733,0
0,196,51
1026,0,282
0,321,168
2174,0,0
3007,0,244
1367,0,206
0,154,0
166,42,32
0,108,0
50,0,4
18,0,0
1993,909,422
1055,407,53
135,40,36
2551,1251,279
0,51,59
374,202,108
2818,0,269
0,258,0
0,809,318
575,140,0
2036,531,0
0,0,246
272,54,28
0,1665,0
259,117,53
242,117,50
0,0,256
87,0,23
74,35,0
885,173,0
0,256,0
1120,525,0
1061,383,0
1664,520,98
0,1310,690
1615,0,253
892,365,137
2687,0,0
0,728,384
1515,0,377
438,0,71
381,112,0
956,334,0
1011,0,0
764,0,192
127,32,27
2832,1443,734
1706,516,319
2522,1340,347
1326,630,151
0,522,288
1856,686,402
0,0,83
0,187,163
938,286,90
0,811,568
2567,1820,0
3122,2540,0
2735,0,812
0,1154,0
0,0,24
1695,905,221
108,37,34
1987,714,228
62,0,0
116,0,27
2432,1471,447
2722,1712,677
2748,0,489
104,18,12
190,102,63
148,55,30
3192,2016,295
0,0,99
0,118,0
0,1187,0
402,0,32
2830,1956,0
2493,680,0
0,0,96
543,198,68
2065,0,516
0,1032,191
314,0,61
2196,0,727
181,72,0
1283,0,0
2365,0,119
2668,1206,0
612,254,152
967,0,0
1709,1359,0
0,0,225
0,1351,0
1085,360,0
1400,0,172
2706,0,251
193,40,0
0,0,525
0,0,120
0,316,0
1995,1001,594
0,414,0
0,31,0
1117,383,143
0,858,323
2311,0,352
2581,938,217
0,1720,360
1526,0,200
0,0,559
0,746,308
3002,1993,0
674,125,153
412,81,120
1061,0,0
112,0,0
746,387,0
850,273,55
182,28,39
1531,510,230
1194,551,342
2573,1267,620
2593,1197,0
700,264,89
587,217,0
113,0,0
0,1072,248
0,0,19
469,0,19
0,986,0
519,171,69
2732,1645,524
2421,0,157
0,688,120
620,0,100
0,875,300
2404,1271,512
107,21,0
1756,487,0
2915,1345,206
0,0,126
1648,758,589
114,0,11
0,1323,0
0,0,221
2142,867,551
2126,0,630
1883,706,0
592,0,133
0,1401,0
1481,0,115
2404,1232,322
1725,0,174
0,0,50
0,308,227
387,160,41
131,30,13
563,258,0
459,214,62
259,0,36
0,772,0
2184,0,201
142,50,36
814,270,198
2399,861,728
707,237,173
0,0,286
638,229,0
2888,2138,521
2609,0,371
0,1381,663
632,327,0
0,156,0
303,151,31
743,320,83
133,0,15
542,218,0
0,42,0
2273,1006,645
1856,0,195
1325,0,0
972,394,88
0,383,122
290,0,89
1505,0,121
0,285,359
2346,1752,0
0,1104,374
1710,0,205
659,0,237
1971,990,0
0,0,367
2592,1083,351
877,379,253
1731,0,149
266,0,0
0,19,0
0,1017,407
339,0,96
0,418,0
1863,1078,159
0,0,176
263,0,0
682,243,123
562,272,0
2236,0,723
2277,1164,509
0,1590,256
2585,0,249
0,0,161
1505,0,0
1912,0,426
0,424,0
0,390,337
1928,915,262
0,522,558
343,0,100
678,205,78
380,0,0
96,0,0
2273,760,0
0,745,355
730,519,0
2147,0,173
110,0,18
320,68,79
1355,0,0
0,260,112
0,0,57
519,115,0
1121,0,326
0,802,0
0,1645,830
1426,431,118
1483,924,181
0,728,0
2800,819,727
2562,0,209
2852,1767,546
0,0,511
3046,1629,187
217,52,42
1611,576,201
2766,832,0
624,406,81
1443,616,147
0,763,0
0,2154,905
456,0,0
0,249,0
0,475,0
0,877,214
0,0,159
606,236,151
475,177,84
2706,0,267
0,564,198
949,260,127
594,192,0
743,425,110
1944,906,263
0,1242,0
1695,748,0
606,352,0
2105,0,0
0,1000,659
1422,0,246
2248,793,0
1099,0,313
1005,430,90
50,0,4
811,229,0
3215,0,332
2879,1519,233
392,123,37
2024,776,354
464,225,63
1192,0,383
0,362,42
112,44,0
2733,0,321
1595,0,0
202,113,30
0,300,0
0,28,37
217,79,21
0,991,330
2085,0,271
0,203,46
0,1151,0
2772,1710,0
2933,0,0
228,90,57
0,958,280
905,271,0
1259,486,336
2401,0,319
0,395,0
0,339,71
0,463,578
1122,324,0
0,0,87
744,230,208
265,66,30
99,0,0
86,29,15
1013,0,225
2878,1478,410
0,405,112
0,428,217
0,96,32
2439,711,0
2281,1051,0
0,1282,206
1334,523,131
161,82,0
2870,0,238
2145,915,178
2561,844,560
2105,1046,476
2503,1115,423
1434,338,251
53,17,0
540,0,0
3121,0,0
1096,337,128
1207,357,103
3315,2107,443
1063,251,255
825,268,0
2927,1537,686
573,123,0
0,0,17
2062,0,0
1181,504,118
85,40,21
2441,0,856
444,166,0
2244,0,243
0,0,336
0,0,126
2566,0,0
834,279,0
1015,623,0
882,543,92
1327,1037,117
1165,366,341
0,1461,595
0,778,553
960,397,0
1132,381,283
64,35,0
2665,0,282
571,271,45
773,243,0
0,0,266
2467,902,502
1843,1034,299
3154,1401,286
3027,1840,452
2586,0,253
2114,888,0
0,0,459
3095,2101,1063
425,139,51
170,0,23
674,265,71
0,669,1026
0,36,42
0,0,327
348,74,0
43,0,9
1357,0,185
398,158,121
0,1191,0
0,0,709
2772,1091,0
1940,0,0
2978,1421,697
0,1357,0
0,0,163
1923,268,0
389,218,56
1885,1044,389
695,234,71
1690,828,357
0,24,26
70,10,19
2375,0,186
3103,1413,237
2076,800,0
1498,815,181
2955,1510,229
108,46,31
1657,776,160
1481,0,312
1946,625,563
3039,1435,846
2066,1013,99
1116,660,0
0,137,0
1194,463,105
1841,609,0
2420,0,180
975,406,107
0,0,498
771,230,157
0,1003,174
1455,437,340
824,294,0
1901,695,504
0,279,180
0,0,357
1293,0,0
0,182,111
527,0,131
1706,813,176
354,171,0
563,0,75
0,74,33
125,53,0
1823,1330,0
2034,581,242
3008,0,356
164,0,45
897,283,0
0,432,0
2795,1408,310
1175,444,165
1582,851,236
0,0,127
2432,0,278
0,744,300
0,0,136
1875,809,0
1496,0,0
0,219,142
2505,0,420
0,0,35
1742,524,161
1777,829,407
2881,1730,830
1637,779,112
0,0,16
46,18,7
0,0,63
0,879,0
833,195,162
0,193,0
2527,1374,239
189,64,22
0,996,269
2790,730,235
2287,740,485
2179,1062,578
1605,605,0
0,740,0
270,105,0
1082,417,0
0,0,76
883,363,0
0,632,476
535,192,0
0,271,84
254,103,28
0,168,0
140,33,22
121,29,0
1278,512,0
0,0,244
0,187,0
0,720,728
1471,512,0
725,0,0
545,0,54
817,251,187
1976,0,189
381,120,0
115,34,0
344,77,0
2207,780,472
0,158,69
1863,622,403
0,114,0
2020,1209,259
98,0,0
2643,1566,760
2149,0,0
2815,988,227
905,0,272
1075,0,289
994,0,0
509,0,96
2222,0,497
1902,460,0
0,0,491
1840,0,0
0,1338,439
2191,1272,253
0,0,168
0,0,921
0,82,61
937,346,213
1662,744,150
548,0,145
0,46,0
2496,1108,286
0,0,190
549,137,56
374,98,41
112,0,9
612,306,182
2223,1042,0
1037,418,105
2771,1367,660
0,859,260
1718,0,0
0,0,11
0,609,184
891,225,69
0,1116,0
256,0,42
1127,0,342
984,0,185
809,0,77
769,0,73
3332,1893,0
0,0,170
3144,1495,0
421,58,0
386,0,0
535,255,0
0,0,102
580,276,94
1886,0,593
0,0,24
1314,743,0
0,741,0
0,1632,407
318,131,51
0,0,184
1280,0,0
866,418,0
463,0,35
0,0,292
0,1536,292
0,1576,899
1350,478,182
3102,2404,511
0,994,665
847,0,78
2553,971,633
1197,0,314
0,0,32
0,88,49
1268,551,205
1479,228,402
991,326,296
0,243,0
1848,714,429
2234,783,0
0,0,66
0,28,0
1965,622,546
0,196,206
0,120,0
0,231,0
1020,311,227
3070,0,394
1176,446,118
293,102,0
1081,0,249
0,1212,691
991,0,257
819,224,85
2304,805,220
2922,1639,233
2511,1279,744
2904,1579,564
2198,0,0
2700,0,0
255,0,0
215,0,15
0,9,0
129,30,30
2106,0,468
1398,780,330
1757,777,0
1652,435,252
3120,1695,318
1714,742,453
313,131,33
782,355,82
2394,879,494
0,106,0
216,0,19
0,0,54
429,98,0
545,0,0
0,1177,870
2880,1375,670
0,506,700
367,108,0
252,96,0
2510,1141,639
894,332,97
2285,0,705
1946,555,0
353,144,0
0,0,312
437,126,39
0,13,7
371,0,0
2923,1497,0
169,43,45
0,1691,258
65,0,0
0,1690,0
0,7,5
2784,1485,255
0,0,95
0,46,11
190,0,24
381,90,106
0,560,317
1159,555,149
0,0,301
3095,1803,319
122,30,19
1657,641,0
1746,769,257
2463,1010,0
0,0,416
2564,1578,829
2220,1055,219
0,0,1530
718,252,124
1774,684,0
117,47,26
0,221,0
81,0,0
0,0,88
400,0,0
2800,0,0
0,102,42
1423,495,204
436,0,0
987,320,135
0,0,634
0,1057,202
1310,0,301
1707,671,391
2735,1137,0
708,247,81
800,104,256
877,310,0
1806,729,188
820,275,0
1772,0,417
0,127,28
471,0,27
1481,405,0
0,0,191
2053,0,0
601,246,0
1602,880,183
156,0,0
2918,1445,247
1299,394,381
91,31,0
0,29,0
3056,1420,862
310,90,0
0,155,37
871,284,90
956,0,88
0,387,0
2724,0,223
0,1116,257
1436,501,372
1021,0,0
569,211,94
0,204,0
0,0,295
2519,901,704
2040,0,454
2432,952,0
646,0,0
565,252,0
2750,0,0
2623,1474,405
690,214,247
2962,0,1258
81,35,0
64,33,0
2108,1075,0
0,0,75
889,0,66
159,0,0
1152,514,300
0,64,67
246,58,0
2499,1035,240
1164,428,132
0,947,214
1753,809,0
0,0,226
2920,1574,0
1263,561,184
560,183,57
1699,459,170
2492,0,149
0,27,0
0,0,150
2112,1021,0
1276,525,215
0,1944,928
0,0,107
0,209,113
306,126,0
1712,664,392
0,34,23
642,0,68
2833,0,0
1578,590,196
1764,0,455
0,717,556
107,32,28
2075,0,0
571,227,81
1516,0,99
1186,0,232
2254,874,246
1551,465,391
0,0,212
0,437,195
451,204,70
0,370,167
0,0,332
1062,449,0
0,354,0
1211,453,303
1723,892,345
0,749,88
834,0,194
332,142,51
2759,1572,852
2232,855,166
422,74,49
645,0,50
2555,950,0
34,11,0
70,22,17
76,27,19
0,58,49
0,701,216
2691,0,726
0,727,0
0,955,701
0,655,0
1931,0,291
1526,543,163
1932,0,162
239,46,66
1398,245,513
0,1809,148
1320,757,0
78,0,14
1104,177,264
1134,556,0
2559,0,403
1757,0,0
2604,1207,322
1701,852,0
1736,839,0
0,573,279
0,710,169
867,345,86
0,453,0
2541,1093,246
1004,391,0
0,648,320
0,508,353
554,214,120
2430,1167,0
251,0,85
996,194,0
0,0,157
2819,1051,711
81,62,9
329,0,118
202,0,0
127,40,47
2795,1187,0
215,51,64
713,0,0
2609,1419,263
2108,0,0
670,156,137
2977,1643,346
719,213,55
1800,605,454
1425,0,0
591,240,68
0,393,294
2860,1511,342
1274,421,315
1295,439,212
2034,690,0
0,610,140
350,0,0
938,0,0
0,656,146
1287,478,195
356,157,48
0,1177,0
0,332,113
1643,791,0
0,2541,522
0,44,19
1549,0,0
167,56,39
0,134,0
0,0,38
430,223,76
0,0,346
41,0,0
2823,1472,708
149,59,53
1861,386,436
635,289,59
0,287,58
0,328,89
1585,628,335
752,331,102
2728,0,568
0,319,0
324,0,0
1141,358,0
1077,0,279
3099,2217,919
104,50,46
0,521,97
0,831,0
0,231,164
0,0,118
787,341,0
1536,495,282
1500,565,205
1019,0,158
0,1111,489
1656,762,358
0,0,306
0,1199,0
0,750,147
1402,584,248
2302,0,0
2644,0,805
0,1138,284
336,0,83
2753,0,668
308,69,64
229,46,48
0,23,16
0,119,0
1471,764,143
2477,0,0
0,0,10
0,8,0
990,0,0
1579,0,0
307,158,50
0,0,44
2146,0,740
2548,0,281
0,802,179
998,341,0
0,1036,0
1589,673,379
762,363,145
2985,0,0
0,0,621
737,281,0
1299,0,418
268,79,31
2380,1365,201
781,0,221
0,0,55
240,97,0
283,0,0
1887,0,456
0,653,0
3082,1554,0
2396,769,0
1886,604,192
941,279,132
3211,1916,956
0,15,3
2410,468,0
0,706,295
120,0,29
1124,0,249
166,66,36
0,1567,780
1677,792,134
0,858,186
0,135,83
0,191,205
1603,498,257
2502,1235,495
3086,1201,290
2172,0,0
1266,0,96
1546,639,106
833,0,268
1610,0,197
0,330,87
0,1155,432
0,187,81
0,187,0
1296,0,0
2477,1397,0
1823,0,383
0,347,0
35,22,8
2863,1239,237
2474,1069,337
0,156,0
2922,1391,232
730,237,178
0,923,589
2893,1235,0
1838,0,0
0,356,71
0,528,0
0,1280,589
51,39,10
2335,0,193
149,53,52
1433,618,370
354,72,35
641,191,56
0,2121,482
192,0,0
2498,678,690
1638,492,0
0,348,228
0,0,55
2661,1151,273
0,1341,0
0,422,451
0,1001,265
2878,0,1028
340,143,49
0,0,174
0,0,14
1555,0,0
836,188,47
159,64,46
2337,849,183
859,0,116
1555,606,0
1624,0,0
0,1277,476
356,96,0
0,0,26
0,955,0
1994,628,189
0,0,82
2605,1212,394
0,72,0
0,0,338
695,245,154
1297,583,215
2298,0,0
2519,1075,196
1242,445,0
814,338,0
983,248,90
1070,358,0
2915,0,424
0,8,18
1385,0,306
1548,606,159
2094,935,404
1441,653,279
0,282,125
1225,0,102
2867,1192,300
1950,450,493
1041,273,112
0,442,0
218,106,32
725,226,84
767,0,132
1321,518,225
1708,0,444
2253,934,519
0,555,0
379,0,60
835,398,0
0,0,51
1122,440,134
1838,893,326
0,1094,146
0,450,371
974,335,271
391,115,100
1515,672,235
2778,1559,870
579,233,139
378,163,89
0,70,50
169,31,0
0,62,0
0,62,56
345,0,56
0,103,0
313,132,31
1732,0,505
0,771,0
1333,614,67
0,0,74
759,342,68
1949,773,161
0,639,446
0,1123,851
2789,1040,193
0,132,0
1485,456,325
0,14,0
2591,1410,0
0,6,0
2322,953,329
107,43,18
2727,1144,0
0,424,153
2699,1215,0
0,221,188
1178,0,0
419,130,45
2972,1939,885
1155,513,129
965,350,0
737,200,0
0,188,0
1296,671,0
1644,592,358
70,22,7
0,1111,268
1969,970,500
309,86,0
255,0,59
889,0,86
0,588,142
2112,798,351
2570,1057,769
382,157,89
1096,455,191
2825,1204,753
0,73,12
332,149,34
2795,1333,728
131,47,33
0,325,55
1311,466,86
0,1508,460
1165,418,0
247,0,59
186,55,0
2648,1180,377
1447,0,499
0,0,95
0,0,67
2370,803,0
866,0,0
0,0,127
0,843,0
499,134,34
187,80,17
0,890,176
1460,0,224
1773,468,0
763,0,201
2597,1431,0
136,39,24
33,14,10
66,33,0
0,247,233
78,41,20
1053,0,0
537,172,0
0,0,297
0,1173,602
248,108,56
0,504,0
1163,362,0
1947,555,0
0,109,61
0,100,0
126,58,0
0,0,8
2201,788,495
1502,528,0
989,0,295
513,0,138
1762,0,410
496,163,41
0,59,54
0,1262,199
0,2063,940
0,294,226
0,1403,465
1595,0,296
2896,1513,353
626,0,199
2571,1023,0
0,0,400
2613,0,0
1786,636,0
2638,0,0
0,743,401
0,661,0
0,0,81
363,94,0
1349,544,228
2018,0,0
2324,1040,345
650,304,192
820,434,111
0,370,227
1697,832,0
429,234,58
0,598,122
0,979,0
2932,969,0
3277,2184,0
540,0,46
0,218,69
2738,1186,640
1382,631,0
397,117,126
2170,0,0
2336,0,0
0,894,0
1531,0,212
1022,0,83
1350,486,456
1052,303,353
0,1010,215
2386,1316,0
2303,0,577
635,0,189
1344,0,220
0,1708,0
0,370,0
2415,1313,315
499,0,0
3241,2383,855
0,276,78
0,370,1367
1406,0,226
384,76,96
0,536,259
1357,547,0
1121,334,181
0,582,0
0,85,79
230,49,45
0,68,0
1197,0,0
623,285,118
0,0,740
2702,1129,0
2303,0,0
1105,447,0
1617,473,122
1684,698,349
2209,906,138
877,332,0
829,0,76
316,76,0
2776,0,352
0,645,195
0,159,0
63,21,12
0,0,61
1930,0,415
2210,677,0
3533,1720,0
0,0,7
2853,1023,349
1131,0,281
0,856,159
282,70,0
0,1149,0
0,965,0
2557,1319,0
640,187,0
1536,0,271
0,351,289
386,162,0
542,0,0
0,0,231
1236,382,295
1004,292,99
320,115,0
0,72,29
0,1923,0
948,0,0
2636,0,843
0,1040,575
0,0,127
716,110,217
0,108,209
2654,1065,0
638,0,181
0,638,0
2867,0,963
1221,466,273
1095,0,245
1182,322,239
1955,937,298
1714,501,204
1597,812,181
0,256,0
0,254,0
443,188,29
1776,656,242
0,0,291
1032,0,219
622,148,188
0,0,250
2588,1200,335
556,185,55
1721,703,181
2362,1053,368
0,258,293
3361,0,846
0,1561,756
0,1686,0
280,0,11
1598,675,0
1841,0,368
3069,0,393
0,97,0
1126,221,262
0,0,139
1225,306,288
340,0,34
808,341,66
0,0,53
0,249,0
2466,651,487
1086,0,0
0,244,161
605,217,0
1554,597,170
2040,407,564
2076,913,445
0,469,0
0,746,0
0,69,87
1882,0,211
0,1261,464
1240,503,213
0,731,113
2651,1293,321
1021,0,0
2207,0,191
752,196,59
0,815,426
1019,295,97
0,520,378
0,143,0
1718,935,0
604,208,63
541,185,56
0,335,280
2346,786,696
1261,498,298
2807,1277,829
613,0,0
0,0,170
1428,904,234
0,0,246
2245,0,0
2544,1214,158
167,82,0
898,0,95
208,66,45
1112,459,0
507,0,0
605,0,65
266,0,0
466,196,37
0,120,48
496,0,0
1896,0,196
2858,0,0
0,252,0
58,0,17
0,0,3
607,231,88
1290,0,143
370,123,0
831,197,0
0,385,259
299,104,54
1039,0,155
280,0,0
1223,566,122
1931,448,0
1470,796,443
0,617,413
2472,1212,613
1771,683,284
0,948,715
0,0,669
0,96,53
1324,0,297
1018,445,0
167,0,45
117,73,0
0,410,222
0,153,53
2321,0,190
2716,919,194
1536,530,180
1331,415,278
46,10,0
735,268,77
2397,0,0
633,0,122
0,1337,0
0,652,0
1996,1101,0
258,0,55
944,0,75
2402,624,0
1722,0,148
0,0,208
0,199,0
1352,730,115
3234,0,0
2385,825,844
668,457,117
0,1530,0
1839,674,119
83,20,17
2668,922,0
0,266,0
968,280,259
708,199,61
665,181,0
287,83,0
2770,1322,0
0,794,456
0,0,5
776,167,236
2641,939,606
2579,923,595
1001,0,263
0,0,76
3091,1281,0
149,49,46
1510,822,0
1194,0,0
2086,906,405
0,1926,0
2496,765,650
0,854,164
802,402,147
0,0,300
534,0,105
0,1075,394
827,0,129
0,189,152
0,0,475
0,986,0
0,329,117
0,529,243
587,180,153
0,167,58
2941,1643,761
890,0,115
2158,977,214
516,258,59
0,88,22
1896,634,173
2923,2315,0
0,506,0
0,422,0
0,576,143
1352,389,350
3015,0,0
2356,1043,398
0,814,201
2500,878,0
1208,0,133
673,0,64
2534,877,0
1375,757,112
194,0,0
0,44,34
1566,563,393
0,1831,0
3172,0,357
0,1532,249
989,321,0
942,302,100
223,0,0
2725,0,423
3074,2238,0
2958,0,513
0,0,132
1017,438,278
2142,979,385
478,0,95
0,868,0
0,0,217
1841,0,279
1494,448,486
319,233,0
1955,0,0
0,303,208
0,0,23
1528,0,151
1499,802,146
1064,327,0
0,206,151
0,0,159
0,0,57
2150,966,324
0,0,144
1736,567,486
0,0,276
2603,1264,270
0,0,107
2381,1400,601
368,132,0
905,0,260
0,0,256
346,102,67
2329,911,0
0,1206,251
0,1211,317
0,263,56
0,75,0
1354,691,449
246,0,0
453,0,89
1188,479,322
982,0,170
809,0,62
1435,523,93
673,0,0
2991,1373,526
956,0,190
1380,378,0
1543,0,408
424,0,0
2423,1370,401
743,187,132
0,929,507
982,363,425
2383,0,690
2198,993,329
1781,491,0
2739,1259,345
0,42,36
0,47,26
0,46,30
0,428,241
1028,292,111
329,0,0
362,0,25
1614,0,302
0,77,52
344,0,100
0,1050,0
0,473,0
2717,1134,415
2060,742,246
496,136,60
2096,967,174
2262,0,184
1725,0,218
0,0,324
1586,415,355
3319,1729,808
123,22,22
0,1649,821
0,800,168
0,0,103
0,547,436
66,0,5
0,0,49
1961,661,383
571,221,0
131,0,9
1078,0,123
41,0,0
334,105,106
1995,0,532
369,0,79
0,339,151
0,0,41
0,705,441
0,695,0
162,26,0
0,915,560
1587,611,0
740,0,111
460,174,60
693,0,0
495,189,0
858,0,0
545,182,111
2631,490,729
327,0,110
2699,1143,623
0,580,0
0,240,0
1044,250,0
0,1055,239
651,0,156
250,85,19
1036,415,154
0,322,0
2615,892,0
0,228,59
0,0,177
930,312,0
200,38,49
617,172,0
1777,645,0
2371,1192,264
783,0,85
0,201,80
0,255,0
0,719,501
2617,803,709
571,0,0
0,137,0
1807,0,224
0,73,0
203,59,39
2018,1016,0
0,1029,492
87,0,9
2335,0,180
2101,0,0
1924,404,0
2193,793,138
0,241,99
1284,0,115
1238,474,148
0,0,129
0,860,0
2773,1043,346
519,0,87
274,98,40
0,669,256
0,499,155
0,1537,396
2626,1204,0
1269,471,0
74,13,0
1431,365,0
0,1711,0
591,202,93
0,1090,309
134,0,21
0,40,18
0,590,170
139,90,24
0,276,178
2588,1137,450
0,0,27
1427,791,417
862,0,242
0,0,175
2349,866,649
1683,0,0
1265,464,189
418,192,43
0,26,0
56,21,6
0,0,55
0,0,36
0,0,13
0,1120,545
596,232,0
0,83,34
280,0,21
0,709,361
0,0,554
3015,1780,354
2534,1217,229
1487,735,131
0,482,0
0,0,213
821,0,200
0,98,94
411,106,0
0,0,297
0,0,81
916,351,92
115,0,23
0,0,22
0,32,9
2588,1247,0
2634,853,412
0,0,300
276,86,0
3294,0,0
0,679,194
1059,220,75
2643,0,307
3084,1071,206
1002,475,153
1519,0,433
297,0,74
0,893,233
247,0,52
1708,499,455
0,1550,904
0,688,0
0,510,363
0,0,553
868,0,0
156,0,23
0,164,132
2103,0,323
0,792,302
0,425,236
0,0,455
1815,657,334
0,175,121
155,44,34
1775,0,140
323,176,52
189,75,29
647,0,251
598,0,64
273,107,33
325,0,0
1641,564,318
1012,0,209
868,335,98
0,625,0
0,872,305
3113,2106,804
816,441,0
0,0,77
934,0,0
1149,0,82
402,0,38
0,254,0
1463,539,352
804,296,186
653,0,143
0,0,572
2440,0,361
0,275,0
1266,363,319
123,36,0
2516,0,0
0,1205,443
0,769,0
1761,746,257
676,188,140
0,0,352
573,0,61
0,1623,727
0,37,0
118,0,25
0,6,0
0,585,0
2242,0,0
1816,650,246
2458,0,0
0,0,871
0,276,0
0,184,0
453,0,67
2690,889,0
0,0,132
1253,399,0
139,0,32
1775,604,460
2797,1936,0
0,208,0
985,286,0
1982,808,0
1388,590,286
594,218,125
1084,560,132
0,0,303
0,0,216
1608,710,0
1396,413,0
2169,970,367
1668,697,136
167,52,0
0,0,321
2530,1051,261
784,301,103
1404,737,0
1710,478,0
1031,328,0
679,150,176
2825,1496,496
2441,985,764
2042,810,228
1305,341,297
2460,0,570
833,279,0
415,117,0
0,0,203
1313,427,255
643,208,123
0,219,132
0,106,0
397,103,42
0,56,33
0,0,378
2946,1872,0
2594,1470,0
1235,311,138
317,0,47
795,356,0
0,718,342
1627,649,157
0,90,0
0,774,286
215,0,51
963,337,153
0,0,132
0,174,90
0,0,588
673,0,140
0,36,0
181,58,33
297,111,78
2200,1080,328
1601,712,0
0,776,499
1679,496,224
0,0,7
1716,609,362
890,0,0
1617,580,96
0,357,389
0,189,56
1901,1164,433
2701,1384,265
2491,1024,237
2810,1119,400
2915,1209,226
0,1331,281
0,422,135
465,190,0
773,85,0
2841,1161,688
0,672,0
305,82,0
0,518,238
192,47,28
0,1099,181
0,186,55
0,153,48
0,244,0
3096,1300,753
817,300,0
645,244,40
1065,376,174
93,0,23
2104,0,264
1639,465,0
0,150,133
335,0,33
738,0,0
571,138,90
0,132,0
1652,0,372
1806,198,521
817,0,0
193,40,46
0,995,319
1381,658,0
1357,479,420
0,315,218
695,223,0
0,291,0
1047,291,185
72,19,6
1164,0,124
0,664,356
298,181,57
2802,1494,555
1454,577,123
943,0,98
251,64,33
144,40,52
0,757,0
1066,0,179
0,616,184
1020,389,74
1010,411,76
0,239,98
822,0,0
0,0,271
292,0,0
0,189,89
1881,0,0
3159,0,804
708,0,48
965,285,99
3056,0,0
1009,0,276
154,55,15
2288,0,0
1228,479,325
0,482,286
255,81,0
674,170,132
184,0,15
83,16,25
2592,0,670
1057,341,0
1103,539,132
1018,380,212
0,294,158
482,0,79
457,143,79
0,0,53
0,549,0
204,29,56
0,935,394
539,0,50
777,445,82
279,86,0
1833,898,181
0,605,0
0,1176,432
1614,574,0
0,0,294
828,370,183
1217,318,0
1052,370,0
0,0,43
0,92,0
0,702,0
0,486,102
438,216,34
313,57,0
2335,858,598
230,65,22
623,181,40
0,639,323
2277,1178,0
1065,375,298
1053,470,0
2243,886,210
0,63,0
2316,0,193
0,80,76
2271,0,373
132,0,22
1840,317,593
2923,1158,0
0,86,0
0,72,14
500,188,0
457,162,85
43,26,0
0,190,0
848,214,110
1083,368,0
2687,909,235
0,582,190
0,1361,293
2002,1203,386
125,15,26
59,20,8
0,1751,834
0,151,0
2790,1249,0
921,0,97
2650,1174,394
949,304,249
953,307,0
2995,0,618
0,542,0
1283,0,370
1191,840,348
246,57,15
3199,1789,499
2050,691,0
0,387,84
576,0,38
0,93,0
2496,845,600
316,0,0
2492,597,656
0,90,0
0,1672,0
318,83,56
1758,506,0
0,42,18
2221,1210,0
3136,0,0
813,293,71
326,80,31
0,0,18
301,0,92
0,1710,721
2582,955,736
572,224,81
0,1191,241
1395,423,237
0,0,119
676,203,118
0,1570,652
0,0,85
69,26,9
3023,0,233
3045,0,0
1133,374,0
2831,1226,411
1155,512,184
945,356,81
306,0,40
0,277,98
2599,582,913
0,1410,253
0,4,0
2998,1374,326
0,616,680
3106,2431,0
130,40,0
915,0,0
2750,1516,807
0,4,0
1861,662,0
0,476,363
0,0,249
791,217,90
1173,0,159
0,1347,0
1156,342,319
1610,754,261
3140,1486,720
0,171,127
126,34,36
50,0,0
0,0,94
0,326,0
370,0,40
1059,342,261
904,292,106
733,402,140
0,56,53
0,390,0
2998,0,0
2386,0,160
0,1040,0
0,0,23
73,31,16
255,116,30
548,175,0
1022,444,276
1820,893,113
1189,0,179
1954,568,0
1952,0,0
109,0,0
0,563,143
0,346,318
2565,0,0
1477,314,0
0,0,6
1449,400,241
1625,433,221
850,0,128
798,169,0
0,0,49
836,0,233
316,114,73
2966,1751,286
0,220,80
2044,766,0
984,182,236
1214,0,119
0,1310,656
0,1143,317
1295,549,233
1814,817,253
321,0,0
850,100,204
2060,0,0
42,15,5
809,235,0
634,0,112
175,0,0
458,185,0
1941,1336,640
2873,0,781
1818,559,0
2195,625,454
0,0,392
592,0,163
1782,771,146
1185,542,0
0,229,60
406,161,0
961,0,0
3213,0,378
1918,565,638
1976,0,300
1595,562,124
0,388,105
1250,0,121
600,335,53
650,324,68
273,66,0
0,568,0
1238,465,217
0,349,0
1207,0,115
0,1213,0
1432,0,119
412,152,32
3125,2095,319
2563,1223,0
378,171,0
0,188,71
3077,0,321
0,106,51
3114,1689,502
1309,0,0
508,0,47
126,45,10
107,40,0
1397,551,304
0,265,0
1188,482,121
0,218,154
320,70,0
737,189,234
732,0,0
0,873,0
1762,928,547
154,37,0
540,133,0
0,34,22
2192,0,394
0,823,203
2456,1079,238
2615,1277,701
0,91,92
0,203,95
0,88,65
3086,1493,679
1518,887,361
775,0,70
1539,368,0
12,3,0
2896,0,228
3311,1634,330
0,62,37
0,699,0
218,0,49
77,0,0
374,113,107
0,445,96
1047,445,96
0,10,34
2661,0,0
334,70,0
72,7,0
1918,0,428
2937,1206,226
298,81,95
766,181,168
2970,1435,0
602,214,147
0,0,58
1892,938,419
1041,402,107
340,0,47
0,33,18
211,45,0
0,0,679
783,0,129
1920,531,148
2202,848,0
563,203,143
1496,465,397
2435,0,329
184,39,0
2137,541,562
1432,550,553
177,49,0
264,45,69
200,0,0
167,71,0
2647,1199,367
1992,0,326
1964,842,561
0,236,0
525,95,112
240,57,27
1936,0,471
288,91,63
530,227,37
1298,488,146
0,165,47
3287,1602,405
1839,770,187
0,88,0
1858,746,0
1701,890,0
680,0,157
0,0,159
443,66,0
0,403,235
0,659,330
895,0,227
2243,1036,794
256,56,0
374,121,37
1506,544,351
738,191,0
0,63,53
0,420,203
799,0,0
324,0,62
1547,535,0
2216,0,0
920,328,77
0,253,0
0,341,131
1305,340,174
1822,0,518
1784,0,176
312,0,30
1202,0,183
1719,0,152
2362,707,635
0,0,94
0,0,56
0,1220,242
0,291,244
608,198,77
43,27,9
710,268,173
713,0,171
1201,106,308
0,0,466
1784,816,0
0,504,0
363,89,99
626,0,149
364,203,0
2135,1040,587
0,423,123
0,59,14
209,88,46
256,150,41
243,0,45
0,96,32
1185,0,283
529,0,135
0,0,101
1978,543,98
2656,0,0
1956,0,143
2191,785,560
2174,0,0
599,0,47
0,898,169
906,282,158
1705,323,0
1523,439,0
1681,781,0
1647,773,170
0,667,0
1699,0,0
858,157,0
623,277,55
1968,872,0
135,0,0
1939,934,184
0,164,50
2575,1083,0
0,0,109
893,321,0
561,206,85
848,540,0
450,102,124
461,94,0
0,291,0
1760,474,193
2709,0,358
656,165,184
613,227,0
1094,493,234
3222,1518,0
0,0,644
0,656,334
0,885,521
2733,1087,391
2114,921,439
2212,751,147
0,0,48
472,0,45
1582,823,356
635,145,0
0,0,271
26,6,6
625,0,76
1761,566,103
2284,764,290
671,191,52
2000,0,442
516,170,91
3294,0,623
2064,0,0
530,0,0
2460,1139,0
2192,536,542
2848,1509,0
0,1184,0
2505,862,247
2379,1139,723
0,1758,296
1788,657,227
0,0,15
2266,574,171
2674,766,150
0,633,153
1290,0,164
0,1087,401
91,44,9
352,120,102
0,2357,475
487,149,97
2047,0,438
0,1442,745
47,0,6
0,4,5
1119,376,77
0,234,135
3118,0,0
0,723,0
1503,482,0
2235,0,327
2282,0,0
140,49,8
80,0,27
44,0,0
42,24,18
102,19,12
1703,663,341
1493,0,0
707,141,0
0,519,0
3030,0,834
2217,0,0
1794,0,392
3112,1450,230
1729,0,236
0,396,232
636,291,57
467,210,44
2340,788,364
180,0,31
2441,0,613
1179,451,269
0,0,259
1316,359,211
1813,0,231
0,109,68
1341,0,163
279,62,40
0,1221,280
228,79,70
1628,401,400
2795,0,232
2183,776,408
782,212,152
0,345,150
0,1000,385
691,138,0
0,67,0
354,71,0
538,233,114
1395,507,0
0,0,277
0,0,160
249,58,69
2176,0,0
234,0,33
808,0,0
2175,0,0
1633,772,460
0,297,374
2953,0,637
277,0,14
196,0,26
3145,1571,376
1193,0,123
0,0,103
0,394,535
0,580,255
1752,0,108
1455,0,0
3198,0,363
1887,642,216
1740,760,236
317,89,74
1458,550,439
0,777,168
1412,570,313
0,0,426
2527,1207,585
0,238,175
0,0,210
911,339,100
0,1826,0
1252,289,96
2569,0,229
2786,1458,0
0,139,133
1328,457,0
0,162,46
143,54,0
271,108,33
2457,0,775
0,1308,307
0,0,111
0,0,1201
376,112,0
351,108,65
2499,1149,424
37,7,0
425,139,118
2219,0,326
1272,0,242
2290,888,247
0,0,197
0,0,50
188,0,59
1641,591,0
0,746,0
0,42,0
0,372,215
1028,251,151
502,121,0
0,132,77
0,0,46
0,0,31
1662,625,305
292,119,0
260,109,0
2344,0,0
0,846,338
699,0,0
0,0,306
347,69,100
706,182,206
0,1464,309
2085,1216,505
918,0,0
813,0,226
2545,1249,0
748,353,76
1797,896,190
1761,0,536
718,235,65
1858,0,166
2839,1225,298
2033,952,217
806,273,81
847,0,213
3020,1349,405
1638,736,0
0,267,94
232,59,0
0,38,13
426,148,47
139,62,10
535,151,106
368,108,70
167,43,0
167,0,15
0,33,10
0,752,537
355,159,0
2325,1219,408
0,162,0
161,44,49
265,75,0
996,195,263
3268,1840,836
1027,365,302
1124,205,324
0,80,24
2325,0,594
1035,0,258
2809,1555,0
395,0,68
0,1054,213
105,23,15
0,0,11
1073,422,115
757,296,0
1071,324,81
0,0,60
0,0,15
738,202,0
2343,837,883
1305,410,379
111,26,26
161,64,14
1314,0,179
365,136,92
1470,608,200
594,260,82
2819,0,0
2528,0,0
546,150,79
1205,454,186
778,261,0
1719,856,212
0,409,109
1010,0,0
1581,701,277
0,427,0
0,134,97
0,0,180
1259,0,0
543,0,94
736,0,0
180,45,28
320,118,0
1043,346,80
1488,624,0
1763,0,224
162,0,46
368,68,105
714,0,0
0,0,93
1294,420,392
1217,0,134
505,203,53
1192,0,174
0,549,0
1139,342,132
1896,996,264
1204,407,0
1056,274,0
413,117,42
418,168,44
876,0,205
0,0,253
0,126,96
445,207,71
0,23,12
624,0,49
0,913,283
0,151,0
352,163,0
0,459,104
1266,385,0
697,166,0
1297,328,133
0,760,207
0,0,96
0,486,328
1066,352,145
784,0,0
0,92,0
1011,454,0
0,6,0
0,6,0
372,78,0
0,423,85
1146,244,108
0,220,54
902,308,0
1271,463,344
1374,398,416
0,457,86
0,0,84
0,0,139
1102,0,0
258,0,63
844,296,0
291,83,0
271,0,22
1093,281,102
0,513,0
630,0,54
1761,714,0
0,0,58
0,115,193
1116,428,68
0,1084,571
1291,455,137
1232,0,115
539,0,109
145,34,0
849,177,286
0,296,0
0,550,581
458,118,0
944,394,89
614,129,194
0,420,222
0,0,21
0,0,75
281,0,65
58,21,5
0,0,244
0,281,126
0,550,470
798,0,110
1660,443,351
0,146,28
924,0,228
0,729,0
1772,835,0
0,0,67
1107,392,0
0,408,214
160,45,0
0,516,201
203,36,0
1142,0,250
1517,454,197
331,97,0
307,65,62
265,59,54
1852,1053,355
1104,0,287
517,146,0
587,0,0
0,0,12
90,0,11
524,169,55
0,24,0
1027,256,320
1639,0,284
1881,0,194
724,271,76
734,0,0
699,145,130
63,0,14
1186,373,131
525,156,128
1654,0,310
386,0,93
0,119,0
190,0,0
145,47,0
933,339,221
1315,356,279
0,242,53
0,530,342
0,133,79
1106,458,0
244,60,41
959,240,140
0,70,67
0,0,182
1456,0,0
121,42,0
577,95,139
0,0,160
1269,315,0
949,0,0
0,385,162
165,56,34
311,0,97
1633,0,0
72,13,7
0,12,6
0,64,0
1118,0,0
0,114,65
990,303,132
2011,726,0
1481,0,425
0,356,0
0,0,78
0,560,0
0,0,138
123,34,13
1579,865,0
280,106,27
1770,622,0
143,28,0
0,0,370
206,43,20
532,191,38
1418,588,354
1271,0,275
1716,413,162
1686,690,163
313,0,75
1194,0,107
0,0,212
0,223,161
841,214,102
724,207,101
593,169,0
0,0,113
0,916,0
103,34,34
0,0,143
0,628,241
1556,378,172
0,0,89
780,277,0
1020,0,360
1154,355,349
62,15,0
1044,446,0
815,200,102
1578,697,291
3070,1809,359
1007,439,0
0,514,133
1173,0,282
484,154,0
2849,1311,605
620,0,209
0,64,21
862,370,88
305,112,0
0,410,135
118,0,31
167,62,40
0,59,36
261,138,26
1096,334,0
602,190,77
1625,379,144
1024,382,138
1336,451,256
2159,852,0
242,27,0
1548,601,461
1166,531,173
1092,492,160
3126,2107,476
0,1147,462
957,0,80
601,120,0
1675,376,147
0,694,505
820,0,0
2347,1239,632
0,645,172
0,252,0
398,0,107
1793,706,184
309,76,50
1195,420,86
0,168,73
0,0,8
2479,0,696
2127,743,729
1817,583,134
682,0,88
3103,1496,279
0,565,334
459,55,136
2875,1716,0
0,0,170
351,125,92
1199,465,0
1326,463,0
0,491,143
718,0,0
1473,0,198
1654,420,424
0,1388,409
399,134,0
0,155,0
446,0,38
0,413,486
1927,485,0
792,0,172
372,117,101
2253,1015,347
1672,696,150
137,0,33
0,1083,571
0,12,11
0,0,52
2776,0,0
0,815,625
2853,1989,0
0,0,153
1691,513,181
2767,1317,394
1556,841,0
74,18,21
0,0,51
0,92,39
0,383,0
2281,0,380
0,104,103
0,0,136
2492,1463,725
1310,321,225
132,34,0
1060,327,250
0,807,0
0,830,273
2443,0,0
38,6,5
0,3,0
1575,0,336
0,0,130
0,452,323
781,292,124
528,206,146
143,42,23
2881,1640,240
0,520,0
2071,910,637
893,402,44
109,0,27
989,513,0
879,229,110
597,180,72
0,653,0
860,318,138
0,1148,0
969,0,98
0,0,261
0,548,390
1227,0,138
582,242,76
0,1175,423
1831,813,271
0,0,1157
1532,0,121
859,273,229
0,548,540
0,0,274
0,367,482
1305,374,301
919,271,192
386,0,109
185,57,27
803,0,61
825,0,0
0,654,222
1613,641,191
424,141,0
1795,676,0
165,35,25
333,0,0
602,150,117
0,1272,327
2397,1285,0
0,10,0
1001,309,248
0,1457,0
0,496,335
0,159,0
1263,0,0
775,179,201
198,52,45
82,30,10
202,0,47
181,41,36
2372,974,243
2025,0,0
0,284,140
0,37,32
0,0,437
2093,945,332
447,157,0
90,0,33
0,0,23
2950,0,0
2782,0,0
1986,0,228
1162,580,182
581,152,71
779,292,85
1378,0,0
1501,651,250
0,0,448
1859,827,306
2238,866,308
0,266,25
0,1663,735
1382,618,0
910,458,80
3129,1806,428
1710,650,0
2859,0,363
0,710,333
0,971,173
845,0,222
1079,478,94
0,260,233
574,0,74
3190,1301,0
2352,0,0
1305,313,0
0,0,231
0,112,0
2821,0,298
2811,676,742
142,0,0
2783,1938,399
820,229,0
0,1022,608
126,31,23
309,169,0
0,76,83
559,0,106
166,0,26
1309,245,138
2939,996,355
1720,640,434
968,413,248
1874,822,387
177,60,37
0,429,85
1485,356,0
1038,0,250
0,0,52
2729,1069,787
0,1131,408
0,261,0
526,0,51
2288,1005,261
2618,0,229
1398,490,273
0,160,82
936,314,81
0,409,170
1331,0,366
2107,760,585
149,22,56
0,448,223
3443,1765,425
1152,249,389
0,1591,0
0,288,196
0,0,29
831,177,0
1670,842,391
542,213,139
593,0,0
929,0,0
2390,0,545
377,0,0
540,0,121
112,39,0
0,623,0
1815,665,388
1267,480,289
548,185,0
0,183,80
1810,769,406
961,235,90
2858,0,283
2974,1462,0
1008,0,0
2002,825,169
616,0,160
1140,0,145
1410,633,361
0,635,208
0,45,35
232,66,21
650,0,35
0,1299,494
1457,333,168
0,0,53
1597,721,259
979,386,162
1663,728,365
733,330,153
2720,0,541
1565,550,0
0,170,74
1359,690,291
2557,1598,205
0,131,0
2007,729,224
0,0,35
987,145,176
595,262,79
2535,1202,236
1154,0,316
306,177,101
588,257,0
453,0,59
2591,749,1015
469,164,92
431,131,0
2387,1092,223
0,54,35
0,0,198
2767,748,0
0,216,95
1491,363,0
0,479,137
0,791,192
851,0,0
0,14,0
999,242,168
3120,2071,522
0,721,333
0,498,465
0,0,431
0,0,25
1901,0,495
0,10,8
1216,598,109
1206,507,156
2371,1151,691
544,179,139
2183,998,359
2943,0,0
0,0,308
0,119,262
2473,0,330
0,0,14
397,0,0
0,301,562
0,39,0
0,2380,315
2504,756,284
2905,0,0
0,0,128
0,120,0
409,0,76
0,252,0
517,0,0
202,51,41
1020,401,105
1684,0,227
1312,391,284
2856,1145,447
0,216,213
0,800,0
2086,954,313
319,0,0
947,0,0
143,30,0
3106,1414,224
2394,0,0
0,0,207
0,372,382
0,403,0
1238,467,0
1686,801,321
0,0,535
1325,0,0
0,175,109
553,172,44
1155,0,132
307,76,71
1710,0,350
582,193,0
3040,0,0
0,0,96
3097,1125,418
0,302,0
1426,259,0
585,162,110
0,412,162
962,397,93
0,258,198
0,669,786
520,125,68
885,0,173
350,0,47
0,322,322
1050,0,117
1576,285,0
2798,0,374
2185,915,603
693,149,0
1407,350,301
0,53,0
886,360,81
1150,483,272
0,329,168
0,0,740
0,0,74
1447,597,203
299,101,56
124,43,12
109,0,17
0,437,219
609,0,0
1684,469,287
0,390,263
0,938,427
0,864,899
1786,467,556
722,0,198
183,36,57
0,116,0
0,0,5
0,415,229
1896,642,416
848,0,253
1601,652,124
0,134,0
1313,576,276
1563,0,0
0,26,13
162,38,46
422,143,97
810,0,274
2140,550,0
2914,0,252
2635,1185,0
0,684,390
976,501,222
2049,895,0
516,189,97
1329,690,334
495,0,128
169,84,43
0,102,85
227,89,26
0,94,29
0,481,0
0,26,36
3156,1480,378
2142,671,490
0,269,60
2601,0,275
0,0,109
429,0,0
0,404,301
0,0,379
787,292,0
434,107,67
0,144,43
0,0,80
1502,604,378
159,0,0
1549,0,461
552,0,108
319,96,75
2504,1086,388
1601,858,242
1247,403,0
2912,0,0
0,1184,0
1716,0,178
1503,673,0
213,0,0
1391,0,401
726,244,82
2168,795,651
1912,0,0
1357,0,0
0,338,222
724,0,0
0,665,246
2891,1779,755
999,379,176
1146,304,128
0,158,56
0,245,313
0,376,364
1768,342,335
0,500,285
0,63,58
1881,509,565
0,363,347
0,407,0
0,114,69
82,26,16
0,767,224
606,172,0
0,93,0
0,0,647
0,262,78
2346,1366,406
0,772,0
169,16,51
1998,636,295
560,0,52
343,112,52
0,224,281
181,73,28
0,55,14
2225,738,215
248,29,50
0,0,298
884,285,270
2566,0,263
2649,1506,373
618,0,0
2771,0,747
1582,0,374
0,0,254
757,0,0
900,296,250
430,173,0
1058,326,127
0,1322,546
2487,0,143
129,0,18
0,833,0
603,221,63
1642,0,271
823,0,131
0,306,140
600,308,0
0,1003,218
446,139,45
1731,687,0
69,24,0
1173,0,145
819,303,133
2327,1199,273
885,281,183
2049,0,609
996,223,0
1314,338,409
1731,543,476
0,528,145
666,145,0
0,450,216
0,1201,0
894,295,0
869,0,181
685,295,0
1827,691,0
2351,700,284
471,173,0
1742,602,0
0,0,59
0,0,48
0,36,0
1992,858,185
0,849,353
1889,0,186
87,29,6
0,0,215
0,0,574
1984,771,0
3181,0,0
1305,466,214
2243,744,186
784,277,0
802,236,174
601,119,0
0,0,323
0,0,197
0,0,306
1187,0,108
961,387,130
1329,616,295
544,259,0
2641,0,837
0,664,461
447,129,100
0,418,0
2343,0,514
0,29,0
2432,0,0
3485,2262,344
559,0,57
1309,487,262
1467,0,0
2254,946,286
1147,0,0
766,276,0
0,0,160
666,197,59
430,156,31
1170,152,0
2255,0,264
222,0,0
0,0,504
487,0,83
1929,898,212
211,60,60
131,0,40
1497,363,353
812,0,196
781,0,159
2006,0,0
0,54,35
0,1283,640
0,0,416
952,0,188
2954,0,0
1311,432,97
0,556,0
2008,618,363
0,955,603
2186,1011,0
1826,0,0
360,205,0
0,0,172
0,0,129
644,0,0
514,138,0
2864,1600,796
2535,0,742
1679,0,0
1127,303,0
770,0,0
0,397,0
0,85,0
2774,0,216
0,1634,0
2245,630,241
0,103,0
2518,893,426
435,0,45
2518,0,607
0,1241,371
144,52,26
1532,556,0
0,546,508
1355,364,0
504,132,59
0,0,43
0,123,35
448,94,73
141,81,31
1594,441,0
0,279,85
1315,409,0
3081,1395,279
513,182,165
0,197,0
2577,1134,0
2358,1066,389
0,566,260
0,0,188
0,0,208
947,0,0
1385,629,0
2873,0,1126
571,220,128
0,472,0
0,1542,0
1052,355,0
762,0,46
290,0,21
364,85,0
0,0,331
0,0,245
0,0,382
0,0,18
276,92,0
0,273,193
840,0,0
334,0,53
1381,0,162
0,1065,495
2152,1287,0
2581,838,0
905,0,0
1974,635,222
2995,0,498
0,0,52
0,840,0
2008,897,0
0,249,48
1416,397,0
1500,0,123
0,171,151
501,0,118
0,0,241
0,669,303
766,251,187
0,41,0
762,171,68
2980,1506,277
1392,0,117
756,207,0
0,843,0
1787,0,317
1849,839,143
154,40,39
627,234,130
2239,0,0
2753,836,690
1634,733,317
0,213,270
2067,0,0
843,0,192
1051,0,243
1039,477,146
2570,708,0
0,197,0
2317,800,463
685,231,189
949,0,0
893,292,0
1457,0,0
0,0,203
1280,217,408
2778,1342,325
1769,580,152
1961,497,610
469,0,56
3194,1310,433
0,424,346
0,1381,0
0,0,190
2260,987,0
2041,827,226
0,556,237
178,64,0
0,364,65
0,161,187
304,0,56
0,0,53
0,169,146
172,0,55
1134,0,0
0,177,79
783,239,164
2504,908,0
2706,915,0
0,530,268
1290,0,0
1188,0,0
0,1376,0
0,1148,0
1185,0,0
3119,0,487
577,103,70
2196,753,234
1913,464,424
637,212,33
3331,1367,385
0,573,0
0,397,126
1037,261,0
328,0,79
0,0,200
0,0,7
2931,0,518
0,0,155
2777,0,847
0,0,367
3254,0,263
1839,931,0
2580,1066,0
0,1086,617
0,251,188
1900,0,239
1096,363,82
0,689,253
0,563,0
516,195,0
391,0,140
159,48,0
2838,1214,0
0,1260,362
0,592,0
938,0,267
0,197,90
1494,0,437
720,176,156
847,234,0
0,1566,778
1401,0,0
1011,216,85
220,0,18
345,175,27
0,1099,0
1391,431,153
284,83,18
2148,678,0
3099,1836,0
0,1126,403
0,1626,0
0,1776,407
2936,1461,0
0,1121,414
1024,0,104
0,80,50
0,61,47
0,0,64
1968,810,202
1256,0,320
130,29,52
0,240,173
86,0,0
1376,437,262
0,589,411
168,64,0
929,358,0
178,44,41
3118,1099,308
0,71,37
707,199,0
1528,727,0
0,285,88
0,0,336
2548,0,662
533,170,128
0,0,5
1574,0,343
0,991,0
708,287,0
0,0,459
42,20,6
730,174,0
216,54,50
0,207,0
831,0,0
404,158,0
2179,746,296
865,261,261
985,0,165
1337,450,294
1886,712,286
267,117,72
0,0,60
0,0,17
2714,0,0
1262,492,221
1151,0,190
0,196,185
0,468,0
988,264,115
0,461,0
742,246,46
706,0,58
663,0,99
1145,372,0
715,0,0
0,601,190
1230,372,0
2516,792,413
1461,514,107
2866,1316,0
2130,771,397
262,82,58
1772,909,457
3017,0,718
2162,1015,143
3001,1622,770
908,0,206
0,886,737
2689,0,392
1522,432,208
219,73,12
2746,1195,450
475,238,102
2015,683,661
0,522,0
430,224,60
742,0,0
1525,0,0
2189,0,775
0,807,482
529,119,54
961,213,164
1396,0,376
0,0,7
249,30,27
0,589,0
0,0,216
1843,0,428
1307,284,0
1663,711,322
1054,507,119
1175,321,259
1184,0,0
1435,597,0
2177,487,213
2570,0,435
0,27,0
0,0,25
0,29,19
939,248,201
1649,0,326
0,416,201
2222,0,218
1594,426,550
2978,1663,450
146,0,15
3121,1817,1108
0,324,0
1790,997,0
1021,269,112
2523,1184,753
0,0,257
1066,437,0
0,151,146
0,95,65
1128,0,121
1865,637,464
1203,0,348
1317,528,325
0,451,268
2446,958,0
1624,585,0
2358,1345,0
317,0,0
1046,348,0
230,0,23
997,352,154
1806,0,250
768,212,0
0,395,0
1859,871,208
1167,535,0
0,336,86
1656,0,0
0,733,240
0,1400,0
0,233,69
2839,0,405
1830,577,398
356,118,128
0,0,379
380,0,89
119,44,32
2697,1457,0
814,222,89
601,88,128
0,1569,0
0,76,56
2272,1087,0
0,0,163
3182,2003,484
2852,1113,338
2089,0,521
2278,0,300
2447,1465,669
2388,1134,229
1933,731,586
120,28,37
0,0,246
0,282,198
0,187,127
0,371,0
883,345,0
0,322,426
610,175,118
575,0,0
2573,1165,249
1612,0,193
0,1068,388
0,368,0
214,29,53
0,809,273
0,0,236
548,0,176
841,0,79
1340,636,189
865,191,205
27,4,0
428,136,0
1858,488,588
0,304,331
928,339,184
121,41,16
132,21,38
599,174,0
157,90,0
0,275,0
0,317,227
0,217,114
1659,397,210
968,402,0
1026,307,172
104,0,18
433,127,52
1859,782,0
2265,0,541
0,314,65
2450,1021,254
1617,833,183
1089,0,0
2534,1329,285
0,0,310
2889,2080,713
0,1253,303
0,460,104
2401,993,188
356,92,36
0,908,535
1344,530,308
1327,409,332
278,0,56
220,50,41
0,0,29
1149,0,83
0,0,294
818,342,165
684,354,129
0,373,107
360,0,0
0,101,0
0,0,644
2370,1306,0
702,328,165
1489,721,229
1125,415,139
1840,0,0
507,175,65
0,293,89
0,426,228
0,81,25
150,37,31
165,0,29
0,6,6
1056,518,178
712,176,0
0,771,613
570,161,155
638,0,81
601,0,144
3384,0,280
290,0,0
1161,0,0
385,71,53
400,0,117
119,0,0
1283,494,120
2959,1162,253
1781,560,146
175,65,0
0,914,0
1157,0,203
848,341,0
1064,281,149
250,46,0
0,537,285
0,1572,647
652,88,88
246,54,0
3277,2832,425
340,70,26
0,1318,466
0,716,668
1275,594,157
2653,1345,0
0,871,193
2555,1128,248
1148,0,0
1460,689,164
378,180,51
2874,1080,558
234,0,16
1031,486,229
1137,0,78
2155,647,220
0,1485,881
2578,932,399
1139,0,163
788,242,0
0,0,85
0,18,0
2038,780,247
2589,0,0
0,0,78
0,372,574
0,108,33
659,258,0
938,282,108
2174,845,665
0,36,0
0,587,384
248,0,0
1235,254,145
1359,320,0
824,0,0
2491,757,634
2514,710,0
535,0,179
2955,1284,0
3021,1292,0
0,942,535
1281,558,161
1312,421,271
0,0,481
3103,2377,0
1599,0,0
202,35,0
1027,415,217
3361,0,556
2102,587,233
3059,1521,0
1951,489,379
0,691,0
0,0,24
524,153,122
2089,0,0
2560,932,750
665,207,0
1492,0,307
0,871,223
2563,939,270
2469,0,513
0,0,28
220,0,0
943,0,169
1546,720,353
2102,0,298
0,189,109
1362,0,143
1541,604,0
1286,559,182
0,266,151
0,0,351
0,75,51
2516,1035,0
576,196,132
1027,377,67
405,0,0
2796,0,333
1515,0,309
2239,1063,0
424,125,54
3089,2151,0
752,193,179
0,146,0
355,75,77
2452,911,613
1376,441,134
0,274,0
2715,0,261
2808,0,0
3140,0,381
1282,353,296
1179,481,163
0,191,74
0,169,0
0,483,0
1974,0,358
0,1333,592
0,2028,0
0,75,29
1303,422,219
0,887,211
1236,0,129
0,105,0
2059,619,0
0,0,114
0,1002,333
429,88,0
515,103,0
0,80,16
989,423,0
1454,779,250
862,317,95
1236,589,0
1344,586,0
465,0,0
1210,422,0
0,1371,0
131,38,14
127,0,0
1411,0,415
0,33,0
2615,1165,0
0,321,0
0,0,430
0,1000,421
1895,0,0
0,0,547
724,0,144
975,347,86
866,251,111
2418,836,289
1529,626,410
0,0,173
348,86,0
0,25,15
692,0,166
2307,864,194
1531,703,143
324,62,110
603,0,78
132,58,32
0,793,398
0,1088,0
89,0,28
0,72,0
1278,0,249
191,78,25
1813,0,0
203,65,0
162,42,43
405,0,0
0,783,762
2225,528,169
583,0,45
653,0,156
669,254,176
380,69,0
2658,1561,741
877,472,63
675,0,75
0,94,40
0,818,256
0,637,484
1407,714,167
2525,690,904
0,0,316
2378,790,0
1915,0,0
1761,0,0
2268,0,0
1177,0,110
1926,778,0
683,288,73
698,200,155
1435,521,86
2726,1599,0
1529,0,0
2638,0,0
0,0,53
2287,826,149
0,0,236
0,0,218
147,40,0
0,684,0
1239,0,173
1283,381,213
0,1240,327
2238,885,681
165,45,21
585,0,109
2763,1485,282
1965,894,0
1208,0,0
1355,713,270
220,67,38
846,249,98
746,206,83
0,844,654
0,0,139
1715,783,449
136,0,16
185,0,0
2596,0,0
2130,0,599
79,0,0
640,0,0
2121,1241,152
1330,592,178
138,0,10
122,45,9
2479,0,222
0,521,95
2662,1388,562
0,897,240
753,0,181
562,152,0
2359,1426,0
1033,332,0
870,0,82
138,40,0
666,0,0
0,0,57
967,0,97
2049,584,329
352,100,0
2348,1342,396
175,56,31
0,529,492
0,1210,213
0,1403,785
943,334,186
554,184,0
0,0,496
0,0,21
0,639,0
773,0,0
2082,0,403
44,0,9
1852,0,414
667,231,0
1532,0,253
2682,1412,269
2331,0,236
0,749,301
1365,349,0
2202,0,0
198,0,45
2353,1104,0
1510,502,0
0,24,31
353,116,88
289,104,69
986,361,0
0,0,54
0,0,688
0,0,259
1621,636,352
0,0,164
0,10,0
862,247,0
246,108,23
810,0,175
271,17,62
0,671,264
0,0,105
534,126,107
376,0,106
0,294,385
72,0,0
1503,553,400
148,56,40
700,0,134
0,804,0
0,0,216
1034,0,74
0,0,786
0,0,98
103,24,28
1578,0,108
1246,395,377
0,331,0
1208,308,379
0,925,240
258,54,0
1932,0,545
760,192,68
1043,319,256
2419,926,543
2152,726,185
544,198,149
0,486,0
2219,0,208
137,50,0
534,0,0
688,0,0
1315,534,163
1514,0,435
1337,620,221
0,12,8
1137,0,0
190,67,21
1292,393,272
1035,173,216
2649,1350,0
333,77,68
2624,1273,268
1373,494,168
425,252,51
0,0,113
569,239,45
310,125,20
259,114,25
0,326,0
554,221,55
0,41,26
0,667,0
473,0,0
1675,0,425
1542,0,263
1773,575,509
0,1708,844
0,0,583
660,114,100
0,459,292
2088,914,0
110,0,18
0,264,56
509,0,0
204,52,57
209,39,68
2314,1180,388
875,252,100
0,460,356
2484,922,236
975,486,0
0,929,928
1172,0,0
629,0,0
679,278,110
508,206,0
1546,606,212
322,120,0
1928,738,359
0,352,0
894,158,0
668,0,0
1334,581,101
0,0,83
1384,422,286
2651,1508,881
2953,1565,424
2768,0,0
3071,1636,404
0,0,200
621,202,0
1879,425,0
2204,826,0
2249,956,170
0,971,264
2351,0,553
465,0,0
821,194,0
0,0,22
0,0,22
2299,1442,354
0,325,0
0,95,0
2434,1033,475
1564,574,423
558,252,167
41,18,16
358,147,62
222,51,0
1374,622,0
0,0,439
0,229,118
0,47,39
0,334,230
0,862,244
532,147,107
0,821,785
1480,584,167
2757,1513,532
2020,0,230
0,491,143
925,397,259
0,58,13
2222,1029,682
130,0,0
1389,553,0
720,272,69
0,215,0
0,1689,0
0,1726,0
1325,0,0
1647,0,0
549,179,94
0,221,0
1531,387,0
0,283,98
3343,1779,0
206,81,35
472,78,140
2083,878,711
0,30,14
1895,577,412
657,249,0
291,65,67
3076,1476,437
2089,0,0
0,9,0
602,0,179
156,0,30
0,57,46
1702,0,0
2020,0,0
2285,683,0
1410,242,96
1702,0,460
2044,0,594
0,69,73
0,916,0
1660,738,260
1961,755,0
31,0,11
0,1080,0
2769,1817,659
2921,0,819
2390,0,556
2186,0,376
0,123,47
944,322,248
592,0,51
327,102,64
1796,608,206
1310,432,0
1316,472,242
588,228,46
2244,1217,710
0,111,89
0,48,50
1841,527,315
1223,393,0
2306,814,0
0,91,186
0,88,79
2024,0,525
0,219,238
1547,727,353
1421,907,0
1107,340,0
0,261,126
81,0,12
680,0,114
1412,618,133
2564,0,235
1081,436,0
98,0,18
295,0,0
2579,0,0
281,32,61
524,126,138
0,0,323
0,464,141
0,0,471
0,423,228
2080,0,217
386,98,0
1954,0,0
2205,0,604
2346,979,511
1754,852,0
2870,0,675
806,0,97
0,1545,243
854,313,101
36,10,12
2765,1185,457
414,109,107
176,52,0
376,151,0
1104,347,220
1554,610,0
0,72,0
0,34,0
182,70,0
856,348,83
1999,729,352
1464,422,346
412,0,24
2375,0,370
206,56,0
1705,0,181
0,1202,416
1202,0,278
0,0,220
0,587,134
0,0,64
1863,735,0
70,25,10
207,79,41
1272,364,0
0,175,91
1928,667,0
2928,1746,771
2605,1111,300
0,0,52
675,0,36
477,202,44
909,190,0
1199,481,0
2946,1662,410
1445,397,393
422,0,0
890,0,107
1831,0,489
0,0,276
2479,1280,193
0,1064,0
0,40,0
0,234,55
0,733,0
111,0,34
0,0,67
1665,690,295
538,183,84
851,213,82
215,119,56
142,92,39
2885,1871,0
892,474,108
0,200,229
0,574,243
1137,0,0
0,0,310
2441,814,0
0,452,0
941,271,255
98,24,7
1772,899,485
2521,975,605
2945,1493,0
1795,586,155
2614,1092,392
918,0,266
2677,1252,0
794,239,286
2424,1728,341
1828,0,126
155,50,0
2279,1225,0
2380,0,0
2494,1470,231
1094,194,146
0,0,107
705,245,165
0,985,405
2242,773,0
2821,1624,0
0,640,159
0,838,490
181,61,31
0,211,76
0,296,0
1495,378,126
0,188,142
921,373,0
2886,731,500
0,445,253
442,157,81
1939,646,178
0,62,0
2501,0,0
1679,0,0
1071,0,0
116,6,18
0,192,0
189,0,40
1947,1254,183
301,93,69
3120,1516,308
465,0,0
1181,0,154
2072,356,428
105,36,34
1354,0,344
0,151,29
456,0,106
0,18,20
0,0,72
0,1041,861
1975,974,0
319,79,67
0,0,24
0,702,145
3050,2094,681
0,0,66
2027,0,433
811,0,145
2252,1333,633
677,142,142
1314,540,424
2316,885,637
2246,0,0
0,481,436
2456,1581,0
0,60,63
3035,1658,457
0,668,362
0,0,476
1952,448,717
962,0,75
1445,0,222
771,273,117
0,1041,504
388,226,137
2410,0,0
0,0,319
1225,356,130
3000,0,0
979,476,112
735,0,123
2173,977,269
1729,556,277
1460,746,284
0,1233,297
712,0,0
0,193,0
1948,1134,0
0,0,275
0,39,33
1527,517,232
2095,738,127
306,80,66
1247,545,201
2303,910,0
2815,1294,410
0,694,581
2095,0,0
1293,0,135
1883,0,192
1776,0,183
0,0,646
269,43,0
330,0,82
0,218,70
1919,1039,165
0,1443,0
512,186,153
305,0,0
207,74,0
0,1145,377
0,4,5
0,427,0
1695,448,0
335,0,0
405,104,98
244,0,23
2799,1376,493
0,716,445
232,0,77
0,36,23
918,0,141
0,630,120
1121,469,95
157,0,21
2195,730,184
763,0,259
2490,0,0
2256,1143,0
0,253,315
2482,1066,0
328,145,0
0,399,124
2835,1970,391
930,410,0
383,0,0
470,111,50
1557,439,384
0,328,400
2651,1230,512
0,23,43
0,635,171
3239,2472,623
0,1631,0
1317,453,0
1474,591,0
2227,615,0
255,49,81
1667,704,130
0,0,398
761,242,114
1068,355,73
1030,408,316
725,355,226
0,1045,0
759,266,0
115,40,17
1553,638,129
317,0,49
0,2,2
0,113,55
0,912,445
2845,1148,799
2843,1503,0
827,0,0
131,58,0
0,22,8
61,36,10
1339,474,0
865,385,0
0,0,222
74,20,8
0,21,20
3129,1667,401
2829,1518,366
0,0,104
0,511,395
2881,824,0
0,688,264
0,374,111
172,53,0
1741,0,383
1415,839,286
0,542,124
3019,1640,0
130,0,0
986,430,0
1651,620,247
165,101,0
627,226,0
0,38,79
240,30,0
0,39,35
0,16,18
241,74,32
2344,1050,0
685,0,115
2660,1333,0
0,818,194
0,687,704
1477,635,222
51,0,11
650,0,105
1712,0,191
806,0,0
1664,661,248
891,256,178
0,14,14
0,0,40
1808,788,155
2485,1239,404
1115,567,110
517,0,0
531,0,0
2963,1110,0
562,92,49
301,54,27
261,38,0
0,0,346
58,9,6
2348,489,387
0,674,214
0,254,276
658,0,135
592,194,0
2871,1269,0
1410,543,232
855,358,100
2838,1896,732
0,1215,281
0,134,45
719,228,67
582,169,41
334,136,31
2540,1280,140
321,75,64
313,0,86
0,1057,0
872,207,191
944,250,191
2477,0,219
2792,0,373
768,0,0
0,321,83
3119,1386,762
1024,490,0
144,36,18
0,768,0
2949,1541,605
0,1322,401
0,451,0
1703,493,126
872,269,93
0,656,0
1496,510,235
2324,0,251
0,29,17
0,6,14
0,643,193
1452,0,267
286,0,23
1774,1259,0
977,711,0
0,0,266
1070,392,119
0,92,131
76,15,0
0,274,0
989,229,306
0,1178,225
1395,769,99
1020,356,228
0,36,40
557,115,92
496,236,0
0,0,195
1674,526,0
2310,0,190
1734,674,565
1581,319,156
2297,830,720
0,481,0
1063,346,251
1882,1033,565
0,0,676
1510,552,175
148,69,23
1781,0,262
0,185,0
0,0,450
1500,612,508
618,145,59
50,0,8
0,10,8
153,26,12
0,84,0
0,333,90
2059,748,0
1759,838,303
894,272,155
392,0,84
0,0,316
2872,0,0
0,1143,699
0,482,277
529,198,88
1269,0,120
0,1430,476
0,924,414
0,571,117
0,856,0
1234,523,142
2156,1022,0
1181,410,0
0,1929,281
463,178,0
798,132,345
456,0,108
2541,797,0
0,326,116
0,187,350
463,118,135
166,0,49
301,111,38
0,35,8
2104,970,305
0,764,0
2586,0,569
0,1069,0
0,297,0
2426,1393,0
2032,0,631
396,100,118
586,0,84
531,0,0
0,41,15
612,254,86
1674,672,161
0,0,366
2189,998,255
2254,1079,169
1724,811,129
530,0,0
933,321,140
0,165,0
0,884,199
2409,1056,0
0,737,0
686,206,53
2061,0,0
1145,0,0
1505,571,365
1722,735,0
2940,1528,794
2459,891,310
601,0,0
858,255,70
1112,0,0
0,110,0
0,0,32
0,271,142
94,34,7
0,709,240
135,42,0
528,139,0
0,0,327
0,681,150
434,160,0
336,106,0
1018,357,0
0,933,209
0,0,106
1014,0,184
0,432,216
2611,1476,0
0,35,61
488,0,120
208,0,40
0,209,0
0,414,297
319,75,43
1869,803,170
2093,529,420
1686,0,251
760,174,0
1015,382,0
1280,535,368
0,0,252
429,0,0
0,751,601
1042,0,165
0,135,104
0,69,44
0,0,260
1576,561,498
197,93,0
752,341,178
2639,1180,710
168,0,0
143,40,15
2528,1368,238
0,41,12
887,359,193
313,87,97
893,0,212
839,240,147
717,197,61
445,55,121
590,305,160
2715,1249,0
2159,840,0
983,388,89
2527,721,0
1754,607,217
0,288,158
88,0,0
0,1352,606
2133,0,255
101,45,0
2645,1274,657
1158,383,0
617,280,75
506,215,66
199,74,12
230,57,0
373,53,0
82,32,23
1748,663,454
1069,393,156
0,933,0
1030,0,127
0,267,0
0,877,0
0,656,0
0,636,0
0,0,317
0,0,350
1567,343,182
69,28,10
1094,0,0
995,0,271
1747,1027,149
1323,454,0
766,0,0
0,0,442
1525,0,233
0,399,308
0,1245,344
1349,0,250
211,72,0
0,532,0
106,34,0
946,512,0
295,0,67
1966,780,0
0,299,0
1455,327,368
0,0,351
0,136,100
2007,0,452
0,484,0
0,0,150
2232,1616,313
1298,0,0
0,753,0
0,110,0
1799,555,0
1352,287,0
277,43,34
348,0,53
0,0,612
0,75,41
0,788,0
121,0,23
0,311,122
0,0,703
1613,0,118
0,333,246
130,28,27
1752,775,168
0,0,102
2546,1850,527
396,0,0
755,370,73
16,2,1
0,17,14
0,0,352
1508,0,121
416,131,39
191,51,0
0,0,42
793,291,108
0,0,202
1864,0,0
2422,1232,417
1284,0,332
792,440,116
1398,0,0
781,400,108
0,0,80
777,0,0
0,20,12
0,80,0
1039,0,0
0,239,106
1110,535,291
0,481,151
551,194,186
0,33,31
1237,0,0
0,0,56
991,372,158
0,42,0
2162,855,0
1655,782,529
0,0,408
1748,0,0
580,199,76
0,170,152
0,297,68
1468,556,0
0,0,18
298,0,58
2127,1129,221
0,346,0
268,88,44
292,67,0
96,6,17
1798,486,546
0,58,25
243,62,26
0,348,209
0,0,465
940,217,0
0,682,0
0,833,0
1127,0,0
146,35,19
2100,1061,0
331,110,33
118,0,22
1227,0,279
0,747,0
687,239,179
0,772,186
0,557,118
1706,0,181
0,652,629
1020,477,104
781,266,213
671,282,73
1804,599,300
2181,0,213
0,120,0
1744,329,426
2087,0,281
735,324,0
866,0,123
1192,0,0
0,630,257
0,436,171
357,84,0
122,32,21
914,0,0
0,430,0
418,0,55
0,165,0
0,526,374
1121,549,306
0,148,101
0,161,0
179,36,25
2183,831,159
2000,0,149
1656,749,168
0,1,0
1657,583,443
1608,826,161
0,208,153
279,51,70
52,0,10
827,210,147
1080,348,102
0,81,0
357,77,63
785,271,287
0,0,277
0,23,27
1140,324,0
2331,0,301
1098,392,209
0,152,122
1418,583,311
149,88,0
1500,579,294
42,11,12
550,213,102
0,54,28
369,159,74
1729,879,0
1211,665,97
1755,808,325
0,0,77
0,209,196
0,1057,239
388,0,120
213,50,57
175,0,63
0,0,106
307,115,0
0,51,59
369,145,0
159,0,61
0,28,0
549,181,57
713,228,109
851,328,230
786,0,245
0,256,239
0,179,140
711,166,100
269,41,74
2134,705,0
1219,636,97
1273,500,106
0,0,70
2093,1088,334
330,37,0
1583,412,333
165,55,18
2289,1280,746
2230,0,128
1127,0,0
2010,695,0
2983,1786,314
0,0,300
348,122,63
328,0,60
920,0,0
3013,1485,0
0,534,138
376,135,48
0,1134,238
0,0,68
197,65,0
1661,0,166
407,0,37
229,0,15
2249,0,127
477,0,119
0,206,0
0,1004,530
1541,723,249
2541,842,320
644,181,0
0,1377,603
1061,227,260
1974,0,335
119,0,27
974,467,0
2233,905,0
0,198,299
1162,216,290
0,1055,250
625,194,0
0,0,407
0,459,158
0,1289,0
1191,0,365
2012,962,520
457,131,0
0,273,72
291,81,21
0,276,0
2642,1170,218
381,88,31
0,116,45
2010,0,0
2025,704,455
2034,0,0
376,148,52
2259,0,293
0,71,0
1876,874,483
2907,1459,0
289,0,39
792,285,121
3167,1562,257
2640,1095,247
2253,1437,512
1322,402,311
2010,0,525
2136,1077,0
1789,498,0
572,187,28
1326,387,256
387,51,78
1487,401,325
0,242,188
1663,618,171
475,0,0
0,786,0
694,118,0
900,281,0
1524,596,277
0,0,58
383,0,0
256,65,49
1627,636,0
638,0,209
1616,330,480
2052,765,0
444,200,0
292,151,0
655,265,49
556,193,0
386,0,36
0,0,132
1263,0,143
1174,325,155
0,2,21
144,33,28
198,67,0
2607,1169,0
2379,0,0
0,347,127
0,333,315
0,0,238
247,0,77
1423,522,0
0,0,144
0,58,28
0,721,346
996,305,0
2293,0,0
378,85,46
876,420,186
288,0,27
1158,284,122
1209,307,261
682,0,0
892,0,264
1507,472,150
392,99,0
0,188,95
795,275,0
185,56,0
0,799,159
701,121,152
0,0,251
1457,538,141
0,0,78
0,0,63
1482,554,0
0,8,9
0,0,122
1092,467,241
2559,1008,917
2076,0,319
857,172,0
0,0,145
1095,388,105
0,529,263
1149,541,260
1783,729,302
786,152,0
0,1330,0
1072,0,311
184,38,55
2982,2112,622
0,0,38
2723,1107,475
968,0,0
429,112,0
0,150,37
387,166,0
0,1070,0
0,0,145
0,101,40
0,302,77
0,436,172
663,217,155
309,72,28
0,0,366
0,821,390
1416,763,0
160,7,14
841,346,78
177,0,0
0,115,54
2193,1089,257
1419,587,229
821,0,158
598,0,71
480,202,126
1173,347,0
2468,0,192
252,0,24
1973,0,284
0,716,214
1662,480,0
0,257,143
184,47,39
0,25,19
0,153,32
2298,1614,831
0,33,9
1198,536,0
1254,0,194
238,83,0
0,144,109
2358,1394,0
956,357,260
0,58,0
860,438,158
0,339,119
0,1119,721
393,145,43
399,81,149
0,1096,684
2485,1068,0
161,0,0
519,273,52
2531,0,437
1020,0,149
2351,1069,558
434,104,155
0,183,0
0,988,0
847,338,133
1797,511,409
2330,1295,275
2805,0,0
0,273,78
244,62,0
1019,404,0
978,312,287
0,1851,344
317,0,76
653,173,175
2470,1053,660
754,0,210
0,0,47
2800,0,0
1856,779,497
2409,0,0
2434,0,0
2116,666,192
2666,0,0
2040,588,293
0,0,259
248,0,0
2553,0,792
0,1241,244
0,270,175
956,384,166
236,97,23
0,0,16
2400,1291,255
2408,850,282
1973,761,187
0,0,49
1469,540,138
1923,844,0
0,302,158
971,268,0
1974,0,0
2797,2010,0
2862,1417,369
2409,791,497
870,0,110
633,0,0
2177,1298,203
260,74,22
327,82,39
0,0,27
476,201,48
0,35,17
292,73,27
0,200,52
789,257,0
2482,0,627
0,0,319
0,1115,0
1426,636,140
0,341,225
167,0,32
247,122,60
0,102,29
2179,0,0
1174,435,255
0,1007,0
111,0,11
212,67,0
2487,1106,0
0,0,333
1533,0,342
1118,437,243
2171,1185,268
1964,646,626
319,78,57
1132,0,0
1283,252,129
0,20,25
1339,530,129
0,457,0
998,0,164
311,0,32
2159,879,252
2638,0,342
418,79,44
1089,350,254
1726,403,163
0,178,165
1399,626,0
1584,383,0
0,1021,203
1305,0,117
909,443,0
0,250,81
2337,784,0
0,0,44
1006,261,129
0,1080,558
1007,159,226
270,89,15
443,0,0
0,586,527
0,0,74
0,149,174
1886,939,0
0,0,139
776,197,191
0,1028,241
2614,0,306
161,12,15
2059,915,168
0,570,0
388,0,59
2718,0,0
1049,0,0
215,0,77
752,264,0
957,443,315
540,0,0
976,0,338
0,1661,0
1037,356,189
0,557,748
0,137,0
64,0,8
785,430,127
0,827,0
0,764,302
983,397,162
0,568,157
393,105,127
180,56,0
1583,422,0
1556,928,310
0,0,297
549,0,70
338,69,50
2513,1301,379
0,243,106
2587,0,255
1091,0,0
2471,0,475
69,15,5
0,0,20
1148,295,108
683,0,0
2225,0,209
1956,943,0
0,539,264
0,176,33
135,0,8
423,142,83
44,16,10
0,294,169
344,129,75
268,0,61
1984,708,348
905,432,0
1675,650,210
2699,0,190
0,0,176
2690,1313,416
0,0,42
0,178,40
0,549,293
200,45,0
98,38,26
151,51,24
91,0,22
0,686,0
0,277,0
0,946,343
2356,1469,0
674,158,106
1685,665,135
1926,802,0
1411,552,0
657,0,0
1223,646,431
2116,917,499
1319,669,0
0,0,245
2268,0,327
1398,641,201
158,44,39
531,183,0
1244,432,0
1979,0,0
0,31,0
2791,1154,0
262,74,39
603,0,81
631,184,76
383,138,105
0,1163,0
1688,923,0
0,0,426
633,295,107
1865,0,0
0,89,34
1468,461,183
1638,566,394
208,0,31
1101,276,202
198,36,20
0,806,0
0,62,0
0,0,43
0,0,48
36,9,0
1462,663,104
622,0,76
2390,1218,0
2137,0,704
0,197,119
0,261,113
1193,543,129
2311,744,0
0,294,0
2573,1292,0
1730,606,0
2857,0,376
739,0,162
720,208,0
1148,246,320
1743,717,512
0,134,57
227,0,49
0,274,0
0,201,80
628,0,83
126,0,0
0,17,26
25,7,0
416,172,66
153,0,0
1319,426,208
2092,807,226
1047,323,47
1133,0,0
1131,386,0
1545,0,224
625,0,81
767,434,99
0,169,22
1399,586,359
0,480,0
363,80,0
0,0,58
1461,0,160
896,0,0
865,432,245
430,127,53
0,1162,0
0,339,194
735,204,90
0,541,121
1490,443,0
0,626,0
2455,1668,247
1432,482,0
0,80,0
2383,713,502
128,29,0
1494,605,0
2096,0,693
2208,940,0
786,345,0
1422,0,135
0,0,163
1895,769,449
2302,0,488
0,0,29
0,1242,151
0,0,174
0,341,166
163,49,27
105,17,18
0,535,296
0,0,98
2008,0,0
0,1350,612
519,142,43
659,0,52
0,808,0
2190,0,0
0,0,428
2083,872,379
496,133,157
0,0,57
0,254,0
1059,0,125
1451,0,492
1632,463,452
2536,0,0
1669,590,199
200,55,29
0,122,68
0,0,109
2024,544,229
0,0,122
0,623,276
0,628,157
0,595,143
2552,1225,0
0,1035,169
1761,857,164
0,1038,373
476,0,57
2164,1481,627
279,79,0
0,1830,349
2666,0,0
2098,0,286
0,63,23
0,0,174
282,143,35
0,835,0
0,1016,503
1642,474,156
272,51,0
0,196,93
556,122,150
1632,325,245
1134,0,146
1932,557,0
1114,505,0
0,0,769
709,293,91
304,125,62
0,487,138
2439,932,0
2513,0,0
0,669,0
0,447,168
1035,340,0
960,397,221
1878,0,0
2524,0,0
1513,645,0
76,5,0
0,1089,195
0,239,90
510,176,63
2280,976,0
74,29,0
295,0,71
0,0,533
1881,0,403
447,0,0
156,36,0
0,0,565
0,562,301
480,178,57
0,157,0
1800,577,505
101,0,15
863,0,109
463,178,50
0,434,0
573,0,47
0,980,1059
1708,0,335
95,0,0
470,0,0
0,0,50
1482,529,423
0,0,290
0,373,0
845,250,0
903,427,305
433,213,175
2676,1879,302
2851,0,365
1058,0,128
1090,0,105
0,117,58
0,68,31
1443,531,148
2852,1434,0
1464,753,175
1662,690,158
0,0,362
0,430,194
926,380,62
547,230,0
1326,475,0
2068,872,0
1266,0,312
600,0,55
0,0,542
0,1070,395
1980,857,176
395,84,50
486,0,111
0,417,186
870,0,0
1102,436,337
0,77,0
170,0,0
1211,0,0
1107,0,107
470,205,41
0,171,68
2097,0,0
2323,766,326
2259,1054,274
469,134,61
1621,879,0
1758,0,334
813,331,96
0,91,0
0,43,42
2239,972,305
1622,733,0
2362,955,217
1181,546,219
1809,617,0
73,0,0
0,25,21
0,0,214
1686,0,302
1313,484,0
0,758,272
0,60,54
0,1771,0
0,383,0
0,854,397
1557,768,547
665,0,152
0,1181,576
0,1409,302
2885,1689,357
2784,1531,379
656,142,66
0,0,25
421,90,41
1404,0,0
0,11,12
2845,1675,291
0,0,38
2232,502,0
658,217,0
0,61,38
0,0,43
229,0,0
2407,1102,660
510,209,0
531,0,158
1914,643,391
114,0,31
710,329,149
0,1659,436
2803,1518,0
410,0,91
0,0,129
1163,365,333
1963,801,231
264,0,78
2058,639,0
1793,483,567
923,0,114
894,322,69
703,285,0
2809,1816,470
0,14,10
0,0,42
0,0,526
1882,638,275
643,186,112
0,129,0
222,45,20
0,1117,0
1137,0,122
2397,0,246
128,33,30
316,98,52
1891,1528,585
0,0,436
442,267,34
2029,898,0
1183,0,100
238,58,0
1419,504,284
199,87,73
1334,432,164
0,60,41
788,411,137
474,0,86
1186,476,305
151,54,12
0,114,35
0,846,486
1502,0,383
487,207,103
1291,517,157
2298,1019,405
2323,1217,0
0,57,22
538,262,85
1177,442,262
2154,1143,224
2947,2356,659
2567,1321,0
130,0,36
1123,0,0
0,221,154
0,0,269
0,563,307
381,127,33
1761,675,452
0,748,202
0,574,304
62,15,0
1614,0,0
1802,577,196
1428,0,152
1232,299,273
1843,715,242
810,0,181
545,0,0
1264,584,303
0,209,0
2570,0,1114
2003,740,235
1533,1033,0
1140,595,118
1016,425,126
174,59,10
1749,889,159
1477,0,440
1560,613,510
1237,468,188
752,144,101
883,523,135
447,0,124
2222,1539,403
1158,440,0
72,35,17
505,206,0
0,161,40
141,0,0
1754,759,142
2343,0,533
0,700,152
2374,0,0
0,0,101
1237,0,240
0,0,61
483,0,150
1424,769,353
1391,662,467
807,0,260
397,120,62
0,1067,291
1538,678,0
52,14,10
1268,426,410
1728,1025,0
1599,0,291
1921,1104,304
462,160,48
0,106,31
0,81,48
484,113,95
626,165,165
2164,1196,475
1333,516,306
74,42,5
0,95,27
1614,539,168
416,0,39
560,241,223
1955,858,207
1207,559,0
719,0,0
189,55,11
811,0,73
1392,0,0
1955,758,235
0,683,248
0,711,0
76,39,22
0,307,0
0,275,142
561,0,83
3030,2061,1007
0,540,472
1627,401,343
0,1173,0
1123,0,95
92,18,0
1384,729,154
0,0,326
0,2558,864
0,179,0
0,0,130
1403,1078,132
0,849,498
557,185,69
44,13,10
432,146,121
0,68,0
