11000 2
0,7929
0,142
0,898
7967,0
3453,0
0,59
6060,0
0,2727
2086,0
5981,0
0,8423
5913,0
2976,0
0,8910
3438,0
0,3351
0,9091
3494,0
0,1462
6327,0
0,64
3502,0
9179,0
0,1266
0,2768
0,6693
0,2419
0,4167
7099,0
0,537
0,9119
3889,0
8210,0
2300,0
0,8628
0,6844
0,5144
903,0
0,7690
9138,0
458,0
7043,0
0,4924
0,5163
5261,0
5701,0
8014,0
6445,0
0,8745
4424,0
0,6067
0,6066
0,3567
0,3818
1258,0
0,1717
8721,0
3367,0
6135,0
1949,0
0,7650
1188,0
0,7634
0,4215
6380,0
36,0
2812,0
9820,0
6267,0
0,7526
6836,0
0,5558
0,2610
0,9358
1796,0
755,0
0,1944
0,9185
0,8294
3401,0
0,3437
9713,0
6138,0
1877,0
0,9721
0,130
0,9175
5689,0
1786,0
4314,0
2328,0
3460,0
0,9434
3458,0
0,6860
0,2768
298,0
0,6436
0,2498
8842,0
0,8774
5224,0
0,913
0,9736
0,3223
3319,0
8293,0
5548,0
6214,0
0,3943
5867,0
6711,0
6720,0
0,8520
0,1443
0,2052
0,8838
0,8167
0,4913
7904,0
8136,0
9975,0
8003,0
1737,0
0,3639
0,397
8093,0
6562,0
0,9163
0,2038
607,0
4090,0
5786,0
0,5538
0,6896
4237,0
0,4212
0,6123
9736,0
341,0
4952,0
4663,0
0,1225
7859,0
0,1193
7618,0
8141,0
1821,0
1804,0
0,6812
0,3704
0,5831
0,9532
0,7652
845,0
1919,0
0,6582
0,4172
0,6703
9753,0
7897,0
9195,0
0,1017
0,886
0,9433
7698,0
3137,0
0,1054
7189,0
0,8034
9624,0
0,422
7208,0
0,5017
9380,0
0,7277
0,2410
0,803
0,3283
1689,0
2716,0
4801,0
0,175
0,4234
7503,0
2269,0
6241,0
7550,0
8778,0
8467,0
0,1682
0,8216
0,8752
9019,0
0,709
0,4752
0,7582
0,7142
7757,0
1377,0
3129,0
2389,0
0,9940
2821,0
2085,0
0,8580
2971,0
6796,0
0,5816
0,2909
0,7365
0,6623
0,8267
3765,0
0,5143
7967,0
0,356
8282,0
297,0
0,2382
2391,0
963,0
0,7759
2427,0
3575,0
0,101
4378,0
6724,0
5585,0
2031,0
0,9998
279,0
0,8561
2962,0
0,28
3035,0
0,3998
0,9652
0,9845
6400,0
6858,0
5435,0
0,2159
562,0
2650,0
0,8283
2592,0
2707,0
0,5670
3600,0
0,6636
889,0
635,0
9131,0
0,5531
7727,0
0,3163
6248,0
0,6811
3923,0
0,4251
0,1997
4859,0
4946,0
4634,0
0,333
5183,0
0,5818
2059,0
8211,0
4473,0
5225,0
0,1474
0,4425
8285,0
2398,0
0,8655
0,4058
0,4635
0,2255
0,948
2588,0
4699,0
0,6758
0,2396
6971,0
8335,0
1877,0
3672,0
1863,0
0,4262
9649,0
0,9338
1107,0
3973,0
0,7155
0,5381
0,4841
0,9706
0,9123
0,8571
0,438
0,6817
7876,0
9719,0
0,7568
4002,0
0,6919
0,5725
0,9361
0,250
0,5062
0,2039
0,3413
0,1504
2537,0
76,0
4286,0
0,2163
5288,0
0,1688
1581,0
0,6199
0,3126
1924,0
2488,0
534,0
0,6166
0,1812
0,2791
3316,0
0,3393
9594,0
4239,0
0,9527
0,4992
1216,0
0,8954
5682,0
0,7607
0,4568
4452,0
0,6360
707,0
0,287
0,1489
0,4051
0,1998
4977,0
0,8067
8650,0
3060,0
0,3958
8820,0
0,901
0,1688
0,1014
6228,0
0,6935
3665,0
7223,0
0,9627
5128,0
0,106
1041,0
0,9691
0,1234
0,4573
0,8378
0,2874
0,89
4562,0
0,791
0,8477
0,7460
4024,0
8537,0
4578,0
0,6204
3771,0
0,1945
0,5020
3179,0
9593,0
0,3121
1246,0
3210,0
5678,0
6600,0
2791,0
6934,0
0,5471
7875,0
9136,0
60,0
0,3778
4854,0
0,8034
0,8392
0,3502
0,7652
0,4724
0,110
0,61
0,1829
4388,0
8645,0
1989,0
0,1126
7375,0
4035,0
0,8889
0,161
0,2690
0,3330
0,67
0,624
4791,0
0,3829
0,318
5659,0
0,4304
2561,0
825,0
0,8201
7667,0
0,9029
2878,0
0,9802
3977,0
3132,0
0,4115
0,2602
0,1530
0,3064
1849,0
0,8686
0,4519
0,7221
4603,0
0,2270
0,5873
0,4333
0,491
4136,0
0,7268
0,6046
1384,0
8649,0
3634,0
0,5483
7173,0
4169,0
0,1681
0,4087
0,6213
0,602
0,7658
0,9248
8149,0
385,0
6341,0
2431,0
3798,0
7668,0
6162,0
0,3335
0,7084
0,5125
0,7695
0,7914
0,5571
0,5997
3230,0
0,1379
0,5631
7764,0
7325,0
6593,0
0,4261
8555,0
0,1471
774,0
8556,0
0,7322
5375,0
0,9285
489,0
5282,0
0,527
5099,0
6158,0
0,3484
3060,0
4607,0
0,3163
1776,0
0,2550
4974,0
0,679
513,0
5596,0
4891,0
9505,0
0,6714
701,0
0,6860
0,5053
344,0
249,0
5165,0
0,6941
4104,0
0,9079
0,9723
0,6456
5329,0
2207,0
0,1713
0,1247
8427,0
6152,0
7955,0
9931,0
0,181
0,9916
0,1368
0,3994
0,6350
3073,0
0,2832
6518,0
0,8725
1624,0
0,2018
876,0
3114,0
0,1070
950,0
0,5700
0,2622
0,3746
3990,0
7740,0
0,814
8172,0
0,4690
6302,0
3415,0
1463,0
0,2340
2721,0
0,6465
4129,0
0,3499
0,3998
0,1636
0,113
4111,0
0,2936
6299,0
0,9946
1086,0
1780,0
2065,0
0,2010
5585,0
5070,0
0,9200
0,7685
0,1295
0,8822
2932,0
8935,0
0,7159
9979,0
3555,0
0,4641
0,2940
0,4019
6185,0
6030,0
8578,0
0,6122
0,2000
3807,0
3295,0
1825,0
0,761
0,9834
7920,0
1048,0
0,2208
6117,0
5149,0
7040,0
0,3071
3104,0
4172,0
7462,0
0,1270
7476,0
6761,0
0,1681
0,4624
0,7983
7875,0
0,8941
0,5576
1962,0
0,9003
1256,0
2074,0
4939,0
4191,0
0,6022
3672,0
1147,0
0,2501
2114,0
0,3630
5545,0
0,5004
0,966
0,5906
0,1418
0,2145
0,6983
6506,0
0,698
2358,0
0,6030
0,7868
6464,0
0,8578
0,7495
0,2757
2497,0
0,6440
9369,0
0,257
9761,0
0,4778
0,8909
0,7470
9608,0
0,6328
0,3573
0,9588
0,4566
8166,0
0,375
0,4560
0,956
1000,0
9299,0
0,9061
0,809
0,4842
0,8574
2313,0
5667,0
5655,0
0,9852
0,534
0,6546
970,0
0,4165
1042,0
5121,0
0,4421
5390,0
0,5993
0,7322
836,0
0,3149
0,1564
6886,0
0,4197
0,8735
0,2040
0,5703
8522,0
0,9565
7905,0
1609,0
0,6999
4010,0
2993,0
0,3829
0,6114
6979,0
0,3866
0,8035
8064,0
0,2796
9399,0
8499,0
4257,0
7488,0
0,9097
3917,0
6097,0
0,9091
5003,0
0,4863
0,9900
0,9677
3766,0
0,1830
0,4484
0,3333
0,3126
1256,0
1493,0
2958,0
0,6876
7621,0
4804,0
0,9808
9169,0
4671,0
5852,0
845,0
0,8558
0,2015
3042,0
0,9580
0,6605
375,0
5349,0
0,3192
0,3170
0,5014
0,163
0,5627
0,9494
6795,0
0,7640
0,9082
0,3037
0,9241
9115,0
0,8318
3052,0
9016,0
0,4565
0,2742
7736,0
0,4193
0,2578
0,5005
0,6615
0,3074
0,8560
0,455
0,3255
9696,0
0,8519
9032,0
7717,0
0,249
2614,0
0,350
1476,0
0,366
3326,0
0,5399
980,0
0,5236
0,631
5691,0
3886,0
3218,0
3907,0
6343,0
0,7499
1874,0
0,4865
0,1726
0,7808
2093,0
2173,0
0,3153
9810,0
8389,0
0,4080
3220,0
9468,0
0,3375
0,7264
5000,0
0,6875
1904,0
1740,0
6741,0
0,8834
0,5151
6299,0
0,6110
0,6694
6826,0
0,47
4226,0
0,5147
3619,0
2411,0
4165,0
5495,0
0,7236
1239,0
0,4217
7768,0
9369,0
0,7674
178,0
0,7004
1864,0
7051,0
5387,0
1237,0
0,3649
7628,0
826,0
8949,0
0,188
0,4950
0,9719
5836,0
0,7357
1450,0
0,5819
0,4192
0,8021
0,6351
0,1521
5359,0
5171,0
0,5997
0,2100
9016,0
2289,0
0,6695
686,0
471,0
0,1921
0,6943
7741,0
0,8704
0,1420
5055,0
2941,0
0,8113
0,2412
0,9512
0,3127
0,6803
0,7404
0,4780
4661,0
9254,0
5892,0
6221,0
7101,0
0,4531
8778,0
0,1720
7808,0
0,1211
0,3944
723,0
7071,0
6512,0
4110,0
0,8772
0,5201
0,9874
2894,0
3507,0
0,5845
4528,0
3238,0
0,1047
831,0
0,6026
5906,0
0,2978
9689,0
4144,0
0,91
0,6240
5292,0
6114,0
4895,0
0,6525
5467,0
6934,0
0,9062
0,1590
0,2013
7616,0
0,3352
0,4685
0,4054
0,7859
4145,0
4100,0
0,215
7623,0
0,5805
0,5304
0,37
4011,0
9100,0
0,125
5778,0
7056,0
1834,0
0,7435
1020,0
5294,0
5003,0
4602,0
0,2225
3264,0
0,6367
4751,0
0,8762
5821,0
0,6687
0,8306
0,2687
9080,0
0,4539
0,673
8484,0
0,3488
9129,0
175,0
0,3439
0,699
9807,0
0,6212
1700,0
0,4228
0,7347
2535,0
0,1616
1930,0
0,6369
362,0
0,6201
8129,0
6644,0
0,9312
0,2158
11,0
0,7258
7763,0
0,9481
0,82
0,3561
5007,0
0,6937
0,1334
0,6914
5975,0
3116,0
4645,0
0,8618
0,4155
0,9084
5706,0
6342,0
2670,0
2952,0
0,9781
0,1758
6645,0
8696,0
3771,0
0,9746
0,3228
3851,0
0,6262
4680,0
0,5457
0,6123
1331,0
0,4002
0,2547
0,907
2328,0
2666,0
0,1362
2171,0
0,2284
912,0
0,4763
846,0
1025,0
563,0
985,0
0,2316
9196,0
0,3352
0,4018
0,2037
0,6926
1011,0
8288,0
0,1656
5466,0
0,979
0,7287
9481,0
0,44
0,3800
0,3249
0,950
411,0
0,119
0,8563
2157,0
5489,0
0,3778
0,9338
0,1817
0,1875
2797,0
0,2279
5240,0
0,922
5778,0
0,1896
0,4582
4333,0
4702,0
7895,0
0,3385
0,8020
0,6378
0,2598
8196,0
4473,0
6147,0
3273,0
0,5597
0,1393
9675,0
0,4704
0,7623
4036,0
0,1932
2626,0
0,2653
2649,0
0,7
5079,0
0,9553
8223,0
0,1497
0,8804
0,4998
0,6771
1480,0
1475,0
1111,0
8310,0
7444,0
0,2762
3590,0
0,2623
0,322
0,1963
9876,0
0,3066
9574,0
1871,0
0,2069
3440,0
0,4916
0,6670
0,3288
0,7873
0,344
0,7815
0,5878
0,3954
6201,0
5918,0
8369,0
0,7943
0,1014
4613,0
0,8054
8521,0
0,3499
5312,0
0,1505
0,1012
0,1908
8827,0
0,9267
0,3987
9559,0
65,0
0,9208
5872,0
222,0
9277,0
8540,0
0,1511
1298,0
4911,0
0,6184
9098,0
0,7926
9615,0
7193,0
0,6752
1436,0
0,9488
0,554
2677,0
0,1955
0,9581
0,4620
1092,0
1882,0
0,651
2187,0
0,280
6164,0
0,3357
3452,0
109,0
0,4791
4377,0
0,7055
0,6385
0,7132
0,8765
1752,0
9819,0
3062,0
0,5250
7196,0
0,3360
6442,0
6718,0
0,6827
0,3675
1618,0
0,6964
0,3236
0,5228
0,9315
3994,0
0,3813
0,9437
2771,0
4688,0
5602,0
0,2045
0,47
1940,0
0,6725
3301,0
0,2075
0,2106
5311,0
0,5680
0,1329
7802,0
5142,0
0,7914
0,8624
7883,0
0,1212
1252,0
0,3193
379,0
9919,0
0,5807
5755,0
7914,0
896,0
6747,0
0,4550
3518,0
8111,0
9636,0
6079,0
0,4922
8732,0
0,9993
0,6054
8129,0
9734,0
0,5490
0,9011
0,7744
4261,0
0,840
7856,0
2562,0
0,2199
0,3817
0,8609
8740,0
0,4416
8444,0
470,0
0,205
1332,0
5696,0
1555,0
5926,0
0,2691
0,3415
2974,0
9383,0
0,7067
4530,0
5676,0
0,6463
0,8033
0,8158
0,4066
8363,0
6610,0
0,8165
6313,0
0,1872
0,641
5288,0
0,4671
0,1281
1739,0
2420,0
4228,0
0,1916
0,6498
0,4651
0,8438
591,0
0,4712
0,8811
4760,0
0,7498
0,5972
0,9827
0,9638
0,2383
0,3529
9799,0
5539,0
0,5583
0,6815
234,0
0,826
7917,0
5538,0
6564,0
2584,0
0,2549
0,1009
2377,0
0,3486
6248,0
7016,0
6067,0
0,2808
8139,0
0,8374
0,4878
0,8562
0,4739
1822,0
0,4406
0,2835
0,9665
0,9333
3531,0
0,9780
0,9836
5828,0
0,5553
4612,0
5456,0
8906,0
9116,0
0,1747
2846,0
943,0
893,0
0,7849
0,4566
0,584
9059,0
0,4795
0,6193
0,2231
0,1212
0,7203
0,1670
3304,0
9777,0
0,2624
0,7256
509,0
4644,0
0,1697
5797,0
2282,0
383,0
0,221
0,6250
0,587
0,5215
7790,0
6886,0
7479,0
9064,0
0,3520
1049,0
8869,0
1028,0
0,6826
0,9674
0,2831
0,1333
0,1162
7584,0
1749,0
721,0
7960,0
635,0
0,9699
9233,0
3220,0
0,2089
0,4386
0,3369
0,6605
0,2894
0,5365
0,2489
0,1813
7995,0
6861,0
7817,0
0,8453
262,0
0,9495
4155,0
9778,0
3462,0
1898,0
9125,0
0,2169
0,3661
7534,0
0,4062
2047,0
0,8909
2862,0
0,9186
8611,0
9782,0
0,3937
8138,0
1450,0
9024,0
9220,0
0,3445
0,2465
7107,0
2699,0
1916,0
0,4257
3656,0
4415,0
9454,0
0,9236
9792,0
0,7930
0,4624
0,7166
0,8752
5316,0
2198,0
0,9305
3490,0
0,5406
4344,0
9664,0
0,4080
5390,0
0,6774
0,6899
0,2100
0,9789
0,4361
6956,0
0,2273
9129,0
0,6027
0,1399
0,7181
0,9969
0,6470
0,7384
0,3362
0,7658
136,0
0,1784
0,9387
0,4824
0,8530
0,6862
0,8651
0,8713
0,6790
0,303
3971,0
273,0
3390,0
8505,0
0,5579
1600,0
0,6157
0,9679
0,5102
4504,0
0,4026
0,4436
2677,0
0,7356
5120,0
0,9092
182,0
213,0
6179,0
0,7787
0,9115
0,5879
0,3061
5559,0
0,63
0,1796
0,6268
6232,0
4598,0
4123,0
0,1783
0,2828
0,9024
6402,0
0,3918
0,2042
3033,0
0,8307
6278,0
9125,0
0,9238
6238,0
5506,0
4400,0
1854,0
9823,0
0,8634
7329,0
7658,0
0,5401
7650,0
0,683
0,5365
0,9104
8846,0
3546,0
7355,0
0,2862
2255,0
2967,0
2949,0
0,3257
0,5938
0,9083
0,9206
0,7320
0,1929
0,1641
7295,0
0,6142
0,4291
0,2467
0,8557
0,6331
2983,0
441,0
0,9051
0,2513
0,2473
0,4661
1680,0
0,495
8012,0
0,5308
0,2882
1451,0
0,9984
0,1249
8542,0
7580,0
0,8022
0,9278
7073,0
0,2063
0,3389
6724,0
9472,0
0,7485
0,3436
0,5676
0,4245
7771,0
0,2335
4741,0
0,2322
0,418
344,0
0,7418
8404,0
0,7527
4878,0
0,4351
4913,0
0,3606
0,4630
0,9383
0,7054
2875,0
0,7616
5878,0
0,176
0,283
1933,0
7702,0
0,7183
0,8102
3390,0
0,8303
0,4290
1910,0
0,1193
8274,0
0,1149
903,0
8766,0
9255,0
6959,0
0,8892
3026,0
0,6249
3875,0
4352,0
3290,0
5569,0
1095,0
8005,0
0,6279
7813,0
0,8717
0,6196
5499,0
0,2458
5105,0
1350,0
584,0
0,4460
0,8733
1726,0
0,7296
0,6635
4776,0
0,3449
4365,0
369,0
0,4927
7990,0
0,2892
1141,0
0,2492
1978,0
3072,0
0,748
0,3555
1713,0
852,0
0,5628
0,3921
0,4245
8387,0
0,1570
4375,0
0,3116
0,1395
0,3707
0,8942
0,6960
0,2905
0,397
6461,0
0,7313
1216,0
0,1097
2221,0
0,608
1467,0
0,5842
0,2432
0,2336
0,5923
6044,0
4866,0
0,169
0,2384
566,0
1806,0
3801,0
9897,0
4120,0
8763,0
0,230
0,4907
0,6259
7340,0
0,1168
956,0
0,5822
1760,0
5991,0
5944,0
8275,0
0,2077
0,8053
8821,0
0,7584
0,2900
7815,0
7808,0
0,5148
8921,0
0,9877
4701,0
0,6462
8761,0
8249,0
8250,0
0,6406
0,3231
0,7424
0,4631
0,2487
7532,0
0,5340
0,9158
489,0
0,6806
0,3920
2007,0
0,768
0,8632
0,1155
0,7930
0,3761
1162,0
1186,0
0,6196
1776,0
9021,0
0,5734
8627,0
0,7847
6820,0
1768,0
0,2150
0,999
783,0
0,5942
3000,0
0,4162
0,890
3452,0
0,5229
2573,0
0,2099
1843,0
2114,0
1173,0
0,2941
7763,0
0,7359
9188,0
0,1343
1818,0
0,1522
9592,0
2413,0
0,9500
0,3758
0,2973
5857,0
0,7972
0,7473
6907,0
0,4671
8950,0
2030,0
0,4460
0,3202
9891,0
4724,0
3336,0
2529,0
0,803
8278,0
0,4136
0,76
2108,0
0,9016
1130,0
3687,0
0,5718
8220,0
179,0
8060,0
8244,0
0,1580
0,2084
6101,0
2888,0
0,6665
8516,0
6741,0
0,4291
9641,0
0,3329
0,5729
9047,0
586,0
6018,0
9297,0
0,8852
0,1355
937,0
0,3825
6325,0
490,0
0,7232
5467,0
1523,0
4136,0
0,4230
9509,0
2545,0
6714,0
8743,0
2826,0
4864,0
0,5802
0,9448
9627,0
6176,0
1782,0
7351,0
0,8874
2359,0
2655,0
3907,0
8285,0
0,5000
0,1005
1012,0
1181,0
6512,0
0,7126
0,1307
0,8336
0,5849
0,8777
3099,0
7652,0
0,307
6257,0
2472,0
0,4734
9543,0
5739,0
0,6920
0,4701
0,8112
1828,0
9419,0
128,0
1744,0
9622,0
5175,0
301,0
0,6559
9025,0
1102,0
4788,0
4703,0
0,2892
0,7633
7594,0
5745,0
8872,0
0,9000
0,7062
0,5632
0,4058
0,2207
4205,0
8766,0
542,0
7586,0
0,2289
5857,0
0,3305
9347,0
386,0
2199,0
257,0
8259,0
0,7141
0,6484
1200,0
0,5405
0,7458
8635,0
7327,0
1166,0
8512,0
9556,0
329,0
0,716
3997,0
0,4254
6187,0
521,0
5376,0
7250,0
7225,0
1981,0
3401,0
0,729
6839,0
0,5351
6545,0
9046,0
0,5517
0,1029
0,7566
5283,0
0,5805
0,1177
0,8391
0,5451
0,9735
0,7735
353,0
0,7192
5848,0
2544,0
5164,0
0,2196
0,6861
3226,0
4428,0
1670,0
4315,0
1407,0
1202,0
0,5536
8897,0
3272,0
2288,0
0,8137
8774,0
530,0
579,0
6135,0
0,9361
0,1090
7871,0
1319,0
3465,0
0,4668
0,2718
0,785
0,3477
0,970
0,6480
9107,0
5468,0
0,6047
9438,0
3734,0
0,2718
0,1296
3371,0
0,6837
0,8210
1505,0
0,1710
0,9610
5188,0
581,0
428,0
0,5897
9326,0
1944,0
0,5679
4866,0
8397,0
1106,0
0,4589
8607,0
2800,0
4934,0
0,8846
3340,0
2795,0
7414,0
3609,0
9121,0
0,1066
0,514
6745,0
324,0
8627,0
6913,0
0,5520
0,8820
5632,0
0,7455
0,5890
0,7581
0,1880
0,3421
0,9927
0,7817
0,8061
0,7739
0,8656
0,3258
87,0
2455,0
5317,0
0,950
9400,0
0,4186
0,2872
1767,0
4752,0
6602,0
2500,0
6258,0
0,4590
1233,0
0,4116
8911,0
3913,0
0,9230
4828,0
0,4228
1849,0
0,5218
1458,0
8399,0
2756,0
0,5256
7963,0
0,8985
5501,0
0,8747
0,3549
2080,0
4916,0
0,9744
0,7424
0,7742
6010,0
0,7469
0,1360
0,5325
6362,0
0,4325
9244,0
3310,0
0,7948
3492,0
1498,0
1433,0
0,8677
0,2989
6101,0
731,0
0,3692
0,5090
5052,0
416,0
1596,0
0,841
0,9049
5586,0
0,9079
0,8496
0,4504
0,1749
3181,0
0,9283
1205,0
1396,0
0,978
0,4215
4241,0
0,5838
0,1369
6679,0
0,2265
217,0
1345,0
0,5998
7792,0
7748,0
1898,0
0,3103
7958,0
0,7121
2631,0
1336,0
0,6966
0,5111
8335,0
0,8754
1656,0
6171,0
9183,0
0,6975
2912,0
7949,0
9237,0
7913,0
9860,0
0,2491
0,5654
9365,0
0,2076
378,0
0,6055
9710,0
0,5882
0,1133
7968,0
0,881
0,6058
5691,0
0,3605
8308,0
0,2625
6618,0
0,5983
4003,0
8059,0
1856,0
0,1567
0,2387
7449,0
0,5418
3901,0
6299,0
7688,0
0,1954
0,5197
6080,0
7823,0
0,6103
8681,0
7004,0
1068,0
0,1505
0,8918
0,7877
7694,0
0,1596
9043,0
7373,0
1586,0
8686,0
9460,0
1129,0
7466,0
3388,0
0,393
0,1566
9254,0
0,9682
8076,0
0,5771
0,856
7367,0
0,4741
0,2038
9004,0
9222,0
0,351
5749,0
0,9138
7221,0
0,110
6227,0
0,9299
8468,0
0,6029
0,642
6886,0
0,7338
0,4218
9377,0
3058,0
0,6665
8951,0
0,3114
0,4961
0,7113
5072,0
5899,0
0,4368
1685,0
0,4801
210,0
0,4274
0,509
8492,0
4738,0
0,7432
0,1550
5876,0
0,3458
917,0
571,0
6444,0
330,0
0,2015
9314,0
6817,0
0,2101
3798,0
2610,0
0,7349
0,9741
4781,0
1292,0
0,5957
0,8933
8398,0
4923,0
1157,0
4589,0
0,3903
0,4086
0,1753
6188,0
4896,0
0,2038
0,3360
0,929
0,3072
0,3435
0,5702
2369,0
0,7292
0,1547
0,6860
3543,0
763,0
0,4191
8530,0
0,3426
0,937
0,5040
4297,0
5970,0
318,0
0,9348
0,5522
6776,0
0,9047
0,5360
5907,0
0,6671
5516,0
862,0
0,2281
7473,0
0,2938
0,7516
183,0
7234,0
0,387
0,9889
0,6626
0,8724
0,8733
4084,0
0,9261
0,2989
0,9114
7035,0
1396,0
0,4615
0,8680
0,7631
0,9365
0,4384
9752,0
4274,0
0,7812
0,283
6546,0
1864,0
0,116
7008,0
9231,0
3588,0
8553,0
0,6000
7846,0
3632,0
6740,0
0,6493
0,4258
0,4358
2071,0
0,8617
5014,0
0,2747
0,9645
8823,0
3689,0
0,2242
0,1726
8243,0
0,1875
5024,0
3641,0
0,3389
0,4491
7747,0
1033,0
9956,0
0,2593
8795,0
2238,0
1373,0
30,0
0,1608
0,6415
1032,0
0,6057
0,1932
0,6859
5321,0
1350,0
0,2384
5458,0
0,4353
0,7228
9872,0
0,1245
2389,0
9101,0
0,8684
6976,0
7367,0
3577,0
7199,0
0,2520
4975,0
5590,0
2487,0
8276,0
5402,0
0,5274
8959,0
6520,0
0,5622
1909,0
4306,0
1881,0
0,5458
0,1352
0,2316
0,5076
0,9463
0,4906
511,0
5826,0
2499,0
0,1458
6970,0
0,4844
3331,0
0,7637
0,1087
0,7755
6545,0
0,6646
0,2981
1722,0
0,3447
0,2956
0,8345
8870,0
2321,0
7406,0
7768,0
0,1099
4930,0
0,8533
0,8048
6288,0
0,5396
7621,0
0,9344
3729,0
2792,0
0,6240
4594,0
0,6915
0,9595
6207,0
0,345
1578,0
3688,0
0,8118
8363,0
9093,0
0,6715
0,3337
0,9134
0,8852
0,7940
0,9977
591,0
6893,0
6877,0
3780,0
3446,0
0,7134
0,4702
5252,0
0,4346
3325,0
0,8730
0,7122
7864,0
0,3247
4664,0
3224,0
0,117
0,5226
0,2337
1914,0
7696,0
3800,0
0,9052
0,2309
3399,0
1534,0
0,4097
1584,0
820,0
575,0
0,3799
741,0
3917,0
0,7136
0,4115
3802,0
0,7602
0,5502
6655,0
7811,0
0,9346
0,309
0,6100
0,4264
0,8212
9749,0
0,491
0,5929
9790,0
0,1427
0,6868
761,0
4470,0
0,1126
0,6347
0,4423
0,5698
4732,0
0,2369
3400,0
581,0
7742,0
0,7002
8522,0
8462,0
0,4038
8456,0
0,2927
9087,0
4053,0
0,5235
7088,0
0,1820
6786,0
4189,0
0,4771
0,5933
0,6980
2935,0
0,1398
0,5273
0,5932
895,0
0,9983
0,2914
0,73
0,9736
7723,0
1556,0
1814,0
4697,0
517,0
0,7882
5015,0
3769,0
0,1244
702,0
0,1597
8219,0
0,6336
8951,0
6410,0
3966,0
6182,0
8643,0
0,3341
0,1786
1376,0
9668,0
2815,0
0,3088
4682,0
0,1859
4121,0
7896,0
0,6847
0,9764
3948,0
0,131
0,2541
0,690
5882,0
2477,0
0,2146
0,2887
0,5473
5976,0
0,4774
2126,0
0,22
0,5146
0,7753
0,819
0,8809
0,1072
0,9078
0,7234
0,4240
0,5281
6386,0
8169,0
0,4146
0,1617
0,4363
3736,0
4386,0
5860,0
9310,0
0,962
9581,0
2034,0
0,3797
0,7315
8038,0
0,4424
0,767
6395,0
0,8632
6045,0
0,9781
4548,0
1339,0
0,649
1181,0
1612,0
0,3647
0,5850
0,9862
0,5483
2524,0
0,3331
0,6303
0,1444
0,3805
0,7932
0,9827
0,4926
0,3957
5576,0
4674,0
0,8419
835,0
0,8280
0,7437
3764,0
3200,0
9595,0
0,7355
0,4911
0,6454
0,4747
6282,0
9674,0
0,5250
7937,0
0,118
5212,0
3995,0
1556,0
6920,0
0,120
8992,0
0,8967
949,0
0,2110
0,6723
6858,0
0,6532
0,7001
1783,0
3794,0
0,9006
7498,0
0,9054
71,0
0,4069
5530,0
0,5382
2334,0
0,6213
0,3894
2936,0
7660,0
4114,0
4822,0
6168,0
120,0
7622,0
6846,0
6673,0
1520,0
987,0
0,8651
0,6748
7264,0
0,7988
2740,0
5570,0
3718,0
8347,0
5582,0
0,5703
9025,0
3322,0
0,9996
2789,0
0,3777
9463,0
0,1897
0,9693
0,5170
0,3483
1069,0
0,4788
0,2231
3329,0
6747,0
4222,0
5266,0
1645,0
0,4435
0,8586
8212,0
4045,0
0,6254
0,675
1425,0
4158,0
0,8042
7282,0
0,611
2725,0
1098,0
0,6365
4492,0
2523,0
8875,0
620,0
9128,0
0,9061
0,8063
0,2345
6080,0
4840,0
0,2122
0,2209
0,4281
0,3832
1228,0
0,5721
0,2721
0,5340
0,8376
2427,0
3042,0
2005,0
8220,0
6309,0
0,1149
1649,0
3272,0
0,6006
0,9013
9839,0
1038,0
0,7503
2759,0
2843,0
569,0
0,3612
0,1524
7576,0
3266,0
0,8902
0,9598
0,8307
0,6256
0,290
5269,0
9005,0
0,3442
3811,0
5635,0
3526,0
0,3045
9818,0
0,7394
1002,0
0,8950
6739,0
0,3214
4623,0
9470,0
0,4740
0,648
1049,0
0,4860
0,9727
0,7764
5932,0
810,0
0,5380
3145,0
0,4426
749,0
742,0
0,5365
651,0
4304,0
0,7397
0,8432
4683,0
3293,0
0,4809
6685,0
8251,0
0,9047
0,1591
0,6094
0,1595
6052,0
0,9224
2125,0
0,6430
0,9250
3827,0
0,8511
3817,0
7432,0
0,4117
0,4037
0,1718
3084,0
0,3931
583,0
5527,0
0,6421
0,8212
7967,0
0,1807
0,8470
0,4661
0,2408
5639,0
0,1425
8532,0
0,145
0,8547
0,1287
2478,0
0,8006
0,6702
4428,0
4914,0
0,9557
0,2420
0,2794
7081,0
0,2720
0,8190
0,7956
0,9608
8102,0
0,2737
3716,0
0,4331
8641,0
1033,0
7525,0
5465,0
5505,0
0,3533
0,2469
0,7667
0,7967
5857,0
0,307
0,4026
0,7101
6764,0
7737,0
783,0
4530,0
9448,0
7766,0
5023,0
4582,0
6805,0
2880,0
4713,0
0,570
0,9241
878,0
0,3614
3454,0
66,0
4752,0
0,9283
2668,0
1339,0
0,6363
0,6514
0,512
3560,0
0,8273
0,9178
8844,0
0,9722
1488,0
3337,0
0,3404
0,6473
4254,0
0,6923
722,0
7357,0
0,1064
0,235
0,2729
0,7438
1002,0
0,9847
0,5038
9570,0
6726,0
0,8447
0,5319
0,566
9024,0
7489,0
0,4847
0,1234
5911,0
0,7488
4298,0
4926,0
0,1544
0,1736
6582,0
5979,0
7626,0
1756,0
0,6677
0,9509
0,1994
0,5130
0,1656
0,2752
3226,0
0,7525
9197,0
0,8180
0,7975
0,3294
0,5897
6604,0
0,8361
0,1547
0,8765
1056,0
759,0
7525,0
0,3889
353,0
0,594
0,923
0,5547
0,2475
3523,0
5770,0
0,2374
6539,0
735,0
7527,0
0,8584
8169,0
8897,0
7925,0
9584,0
6062,0
0,8783
0,4636
0,1336
0,7853
357,0
0,5274
5255,0
0,5991
0,8782
0,975
7367,0
0,6264
0,9224
7130,0
0,3193
6523,0
1976,0
1014,0
0,8126
4161,0
1008,0
5724,0
0,6979
2255,0
5761,0
0,3129
3955,0
9393,0
1755,0
0,9259
0,1322
5637,0
78,0
8001,0
0,2163
620,0
396,0
0,9241
0,4305
0,9086
0,727
2215,0
0,1609
1867,0
0,6666
4272,0
7988,0
0,8066
0,7547
0,1339
0,8858
7126,0
5203,0
9348,0
3482,0
7615,0
0,9831
0,2829
0,5958
7842,0
0,2114
7425,0
2024,0
8679,0
0,6917
9925,0
5775,0
0,979
6228,0
0,9710
2530,0
1519,0
6955,0
4931,0
1568,0
0,4193
0,5394
4807,0
0,3486
5498,0
404,0
1111,0
0,5448
7160,0
9133,0
8415,0
3792,0
0,747
5545,0
0,7114
1471,0
1308,0
2506,0
3272,0
0,8771
0,6
4195,0
0,6671
0,3347
5375,0
15,0
0,3808
0,2876
4555,0
1574,0
0,3046
810,0
9406,0
0,2679
0,3413
1450,0
0,5645
2807,0
2316,0
2953,0
0,2969
1483,0
6777,0
0,1333
4482,0
5031,0
0,5842
8564,0
0,2375
0,7347
0,8712
7289,0
0,96
0,6674
0,1768
0,9787
4738,0
7466,0
1060,0
2848,0
0,7880
6411,0
3722,0
0,2881
7351,0
228,0
5888,0
2347,0
7614,0
6921,0
0,1287
8619,0
7138,0
0,8198
0,2033
0,4263
0,152
0,3635
5128,0
0,2479
0,6744
5619,0
4261,0
0,1875
9129,0
708,0
0,9327
0,8165
5414,0
6363,0
947,0
0,860
256,0
4495,0
2886,0
0,9569
7756,0
2141,0
0,4959
0,579
0,4602
0,5725
3930,0
0,9344
1283,0
0,2230
358,0
0,615
6034,0
0,8921
8597,0
8491,0
0,632
0,8799
0,2267
0,290
6869,0
0,799
4387,0
0,5670
0,9012
7901,0
1667,0
1134,0
0,7134
6624,0
999,0
3529,0
5748,0
0,1340
0,6525
0,1039
0,7645
0,2931
7552,0
8602,0
0,6503
0,2664
7495,0
0,6072
6499,0
0,7498
2107,0
0,7856
8680,0
0,2850
9519,0
0,8063
8472,0
0,6024
7712,0
0,8709
6100,0
1373,0
1333,0
9668,0
8732,0
0,840
9694,0
8697,0
4172,0
1224,0
8720,0
1754,0
0,2749
3216,0
2346,0
0,8447
0,8638
2042,0
380,0
8088,0
0,3420
0,4321
4599,0
2695,0
6544,0
0,5264
0,4217
0,9878
0,5673
8434,0
2627,0
0,1549
0,9802
0,4718
0,9893
0,6140
0,3785
0,7912
2435,0
0,8979
7078,0
0,6114
0,6700
5992,0
2374,0
9643,0
0,7403
6550,0
0,8355
9184,0
8248,0
4861,0
6800,0
0,9236
8481,0
8216,0
0,2460
1674,0
9160,0
8999,0
2094,0
0,2221
6047,0
0,3253
0,5871
1973,0
8887,0
1252,0
2158,0
0,640
6884,0
6200,0
5602,0
0,4762
0,9859
6297,0
8502,0
0,4549
0,6545
7803,0
2417,0
7054,0
6611,0
6993,0
0,1919
9410,0
0,5611
8107,0
0,8966
0,9028
0,1723
6665,0
0,6523
1878,0
0,9681
0,5487
9458,0
0,6070
3203,0
0,2235
5705,0
0,766
0,6261
1428,0
5227,0
0,4054
0,9041
1382,0
0,3261
0,8635
0,1458
4123,0
6355,0
0,9558
4702,0
0,407
7564,0
0,7427
0,2602
0,1437
9457,0
5491,0
0,6874
1170,0
0,4786
6396,0
6244,0
5480,0
1434,0
0,6137
7265,0
6544,0
0,7718
0,111
0,3033
0,9778
0,7040
7813,0
3915,0
0,4050
0,2537
0,15
0,2610
2616,0
6562,0
0,3828
0,7174
8658,0
0,916
0,5214
3950,0
0,136
0,2806
8517,0
1791,0
9300,0
7197,0
0,254
9040,0
4746,0
2969,0
0,1698
2549,0
0,7442
0,7075
0,2957
1368,0
3094,0
456,0
7952,0
0,7252
0,3468
3682,0
0,2722
0,8469
8325,0
0,7757
0,6394
5847,0
3837,0
7656,0
0,9025
0,906
0,4600
0,9681
0,8789
6933,0
2258,0
0,5981
0,9628
0,1664
0,8297
0,429
0,5269
0,8529
0,8667
5023,0
7693,0
8843,0
0,1361
0,616
150,0
5275,0
0,3321
0,9992
2950,0
1657,0
1140,0
7559,0
6348,0
0,6473
7238,0
0,4931
8552,0
4354,0
0,3458
0,4765
9495,0
7174,0
0,5566
0,4484
8409,0
0,9549
0,9173
5381,0
7744,0
1700,0
9127,0
0,7680
9363,0
1,0
0,2939
8743,0
1152,0
0,2687
1484,0
7171,0
0,8786
9442,0
0,4824
0,5704
4566,0
686,0
0,601
0,8591
0,1376
2570,0
4316,0
0,5468
7232,0
8155,0
2707,0
0,20
0,8053
0,2073
0,7630
0,7444
748,0
0,9976
0,2513
8568,0
3890,0
6533,0
0,6353
3674,0
0,1830
8400,0
7157,0
0,1271
0,8486
0,7941
6116,0
0,6865
0,6524
0,8652
0,5410
2587,0
6549,0
0,9001
0,4809
8685,0
0,7086
7275,0
0,9549
0,9162
0,8413
0,4153
0,2489
0,9121
9013,0
7774,0
3270,0
0,9820
0,2114
0,4957
6924,0
0,3563
0,7254
7361,0
6803,0
0,4840
842,0
8993,0
0,11
9500,0
7872,0
0,1143
7636,0
963,0
7608,0
2077,0
7292,0
8096,0
9311,0
579,0
7887,0
0,8730
3392,0
9108,0
9960,0
0,7832
5882,0
8975,0
7311,0
638,0
0,2716
0,7016
0,7548
0,4084
0,9483
0,893
0,1154
0,1310
1103,0
0,1063
0,9454
0,3223
1271,0
6743,0
0,7382
0,7535
0,2954
0,4872
0,3456
8956,0
0,9155
4403,0
0,4027
2167,0
2760,0
2477,0
0,1374
0,5045
0,68
0,7057
7451,0
0,7549
86,0
0,589
2602,0
0,5542
0,8503
0,844
0,8568
2257,0
0,4735
5393,0
6109,0
1707,0
0,5335
0,6239
0,7007
3788,0
6153,0
3142,0
7588,0
4298,0
5745,0
8966,0
9267,0
0,2154
0,8962
8816,0
7682,0
0,6470
0,9839
2709,0
0,6498
879,0
0,4022
1757,0
0,6055
0,7010
0,7387
5287,0
8612,0
8177,0
0,6993
6642,0
7516,0
1971,0
0,4681
0,754
1179,0
3754,0
0,5511
0,7867
1567,0
4877,0
9994,0
4345,0
0,2522
0,6842
9516,0
2343,0
3889,0
0,7796
8997,0
0,176
0,2305
0,1294
0,8252
0,9385
859,0
7709,0
0,2054
9461,0
0,2641
0,4093
0,2414
0,6352
6730,0
0,5727
3645,0
5904,0
0,9970
9632,0
0,8794
2209,0
2835,0
0,7041
0,9398
0,6550
2039,0
644,0
0,1770
0,9486
3305,0
0,6950
0,1118
0,2708
0,4920
5532,0
3715,0
0,6550
7660,0
0,9633
7728,0
0,9768
4203,0
0,6959
8598,0
0,1904
0,1659
8855,0
0,4143
0,3866
9063,0
3177,0
0,1570
9329,0
0,2922
1109,0
6785,0
7398,0
0,1668
0,2720
6793,0
4625,0
0,3480
0,8830
0,5292
0,6687
1364,0
0,5179
0,8795
0,7346
1717,0
4976,0
0,2374
0,9180
0,7439
1901,0
1834,0
0,7887
0,2510
0,7630
7802,0
4317,0
5289,0
4346,0
0,1002
81,0
8766,0
2797,0
7433,0
3005,0
0,4906
0,1563
0,71
9450,0
2581,0
9069,0
0,3386
9550,0
0,3897
3609,0
0,3691
0,3666
8749,0
7491,0
0,496
0,8859
0,9973
0,6835
0,9873
0,2626
0,7344
3009,0
0,2560
2501,0
0,6110
7648,0
0,1691
5024,0
0,2516
4734,0
0,2393
6522,0
2367,0
0,2411
6818,0
0,2860
869,0
4488,0
608,0
9501,0
0,7149
8425,0
0,3450
0,7374
0,6187
5037,0
8581,0
7393,0
8505,0
3360,0
6169,0
0,7038
0,2672
8639,0
9662,0
0,2762
5289,0
5665,0
5997,0
0,1963
3306,0
942,0
8102,0
0,6608
980,0
0,7150
4595,0
4188,0
2788,0
0,2451
967,0
5213,0
4763,0
0,760
0,1894
0,1303
0,3667
0,6539
0,6028
0,2984
0,5079
134,0
0,4323
7862,0
0,5958
436,0
0,5650
4376,0
0,4765
0,4526
0,6424
5830,0
91,0
0,2095
5051,0
0,7276
0,5214
0,5059
9538,0
0,6689
7918,0
4808,0
0,9185
0,5659
0,2731
185,0
9155,0
5706,0
5038,0
1342,0
0,6422
7366,0
0,1464
7049,0
0,93
0,1344
0,2674
7438,0
0,6470
8364,0
0,8550
0,8358
4566,0
7605,0
0,8948
0,1595
0,7061
3584,0
8526,0
0,1952
0,6050
3296,0
0,735
7006,0
7205,0
6396,0
0,2816
4766,0
4943,0
8092,0
0,7787
6007,0
0,9592
0,3375
0,1883
5328,0
7934,0
5255,0
0,2262
0,6566
7632,0
0,1553
6458,0
0,1401
113,0
5814,0
0,1821
8124,0
1413,0
4144,0
0,9473
0,1641
0,7849
8300,0
0,5545
0,7745
0,7000
0,5645
0,9339
0,4854
7471,0
0,3391
4682,0
4160,0
6235,0
0,9942
0,331
1583,0
0,9884
3337,0
0,7362
6038,0
0,5337
262,0
0,7309
0,2148
170,0
0,4852
0,9700
0,892
0,8686
0,5784
0,2419
0,7198
0,4999
5491,0
0,1530
0,6725
0,2613
0,1544
0,9788
3692,0
0,9232
0,4692
8932,0
0,6938
0,6420
2723,0
0,4385
0,1143
9385,0
0,1748
7820,0
0,4688
3842,0
0,3765
4092,0
3859,0
0,8805
0,8089
0,4404
5027,0
824,0
2882,0
0,3680
0,1522
9970,0
0,7791
0,1743
0,4755
6047,0
8521,0
0,2380
4266,0
1185,0
0,5886
0,910
5168,0
8661,0
0,798
1731,0
0,1702
0,5590
0,9382
7334,0
0,3382
0,2658
0,9322
0,7788
0,6224
873,0
2111,0
0,7280
6678,0
0,4656
3370,0
3441,0
0,1910
0,8259
0,8615
232,0
0,917
0,5519
239,0
3307,0
9353,0
0,1464
2545,0
0,9223
6836,0
0,206
0,7321
0,9904
9231,0
8163,0
5793,0
5955,0
0,4044
0,9553
7173,0
6909,0
800,0
0,3345
1528,0
2569,0
812,0
8570,0
0,4467
0,3001
1646,0
3526,0
8415,0
5231,0
0,8541
0,699
0,4191
7226,0
0,5218
9306,0
1954,0
0,2766
0,9919
0,2095
0,6573
5096,0
0,8623
3473,0
8105,0
2737,0
0,20
2331,0
4211,0
8367,0
4775,0
8650,0
0,9999
0,7875
0,4215
0,4305
788,0
0,7382
3690,0
2390,0
2516,0
0,9763
5148,0
2169,0
5316,0
5027,0
8212,0
0,7762
0,6319
5638,0
0,5608
7901,0
676,0
8705,0
0,1096
0,4570
6224,0
0,1373
5349,0
0,665
0,5760
0,5253
0,7580
3016,0
3899,0
0,4434
0,4613
0,4939
2855,0
0,4908
0,5470
0,1784
5061,0
3157,0
0,3891
1077,0
0,1835
0,9090
9415,0
0,3315
0,8918
7749,0
0,3506
3483,0
0,2791
0,3528
0,775
5313,0
0,8470
3734,0
0,4812
2260,0
6647,0
1104,0
495,0
0,4776
0,7128
0,5763
0,6804
0,8604
0,3447
0,7856
0,7446
0,8811
0,4915
3714,0
9727,0
0,6374
844,0
0,1340
0,1816
6117,0
8944,0
2705,0
6241,0
0,5837
8304,0
0,2527
7764,0
0,3682
9789,0
0,9516
0,2255
0,1873
3654,0
3214,0
0,9331
5306,0
8769,0
0,5011
0,6854
0,1172
0,4542
0,4937
9416,0
0,9206
92,0
8723,0
0,4615
2995,0
0,6209
0,3091
0,164
0,4310
8175,0
9321,0
0,170
2216,0
0,5916
0,4129
955,0
3336,0
0,2059
0,1857
6674,0
8349,0
1375,0
0,6916
3371,0
0,1547
0,548
0,3452
719,0
8332,0
724,0
9561,0
6586,0
2729,0
4956,0
0,1631
0,5812
0,1441
0,3962
0,2390
8855,0
3938,0
133,0
0,852
1337,0
0,2061
4534,0
3742,0
8743,0
0,3700
1371,0
5331,0
0,6583
2878,0
0,1236
0,9400
0,5351
0,954
1880,0
0,3217
8438,0
5279,0
0,9021
4094,0
0,821
0,6864
0,1713
0,5015
8296,0
4037,0
0,5451
0,3237
0,2243
0,2683
0,6000
5901,0
0,1181
0,8030
203,0
711,0
0,7093
2561,0
8806,0
651,0
0,4689
5944,0
0,4187
0,944
0,1891
3628,0
7891,0
3464,0
0,9173
14,0
8976,0
6610,0
0,9172
0,6626
0,5890
0,2079
580,0
6540,0
3860,0
1666,0
6130,0
0,4022
0,4484
0,5536
3658,0
0,2635
6747,0
0,4567
0,7475
0,2269
3366,0
4349,0
0,889
0,8456
0,6335
0,1260
1630,0
0,6455
4252,0
0,7911
0,8443
546,0
0,2783
8624,0
0,9817
0,3626
0,360
7573,0
0,2242
7791,0
0,6539
7639,0
6307,0
6663,0
0,8655
0,1521
7099,0
0,8605
0,4203
0,2062
0,8357
0,8761
8718,0
0,9968
0,5888
6347,0
0,3986
4289,0
6908,0
9296,0
9608,0
2641,0
6787,0
5314,0
2424,0
652,0
0,6341
0,4737
9602,0
0,5107
9193,0
0,1621
5040,0
357,0
0,9654
0,4041
7423,0
749,0
3931,0
0,6356
3724,0
0,9743
0,8010
0,9397
1315,0
0,509
239,0
2131,0
0,2488
0,1605
0,298
5646,0
0,6395
3778,0
0,6579
6296,0
0,9099
0,9828
7109,0
0,8425
9593,0
0,9832
0,1066
5112,0
0,2341
0,5698
0,1849
0,8648
8244,0
8588,0
0,4884
0,5657
0,2812
5485,0
3219,0
0,2812
8443,0
0,5868
9521,0
467,0
0,6670
0,2738
0,4040
1386,0
3084,0
7467,0
4858,0
4365,0
0,9850
9935,0
4562,0
3197,0
0,5842
8875,0
3600,0
0,3698
0,9282
0,4532
3323,0
1297,0
7797,0
5116,0
0,9481
1497,0
9332,0
0,3895
0,3867
6901,0
9710,0
0,3310
5119,0
0,1132
0,3446
5665,0
0,6962
0,9066
0,866
0,8845
0,3219
0,9680
4652,0
0,5540
3668,0
4338,0
0,566
6689,0
7302,0
0,3320
7145,0
2662,0
5135,0
0,863
0,9202
0,9627
2422,0
0,7075
0,2883
0,2308
3361,0
0,9616
7520,0
0,4822
6075,0
0,3221
1672,0
0,6808
9217,0
0,8496
0,7380
0,741
6219,0
0,4859
0,432
0,3676
0,2854
0,4906
5231,0
9729,0
0,7872
0,9454
0,6164
6262,0
0,3933
0,3600
0,4516
4342,0
0,2159
2393,0
0,9560
5940,0
2415,0
4884,0
0,4613
0,1298
2485,0
0,1163
9648,0
0,4930
0,5450
8530,0
0,2873
0,1914
5032,0
4178,0
0,118
0,4167
0,2486
0,2867
0,770
0,9585
0,4920
749,0
0,9807
0,2886
5258,0
0,5224
237,0
7139,0
0,1318
2894,0
0,495
3059,0
2982,0
3655,0
5645,0
0,9900
0,417
0,4678
225,0
7564,0
1,0
0,238
7663,0
5508,0
9165,0
0,602
8898,0
0,1880
0,5045
1963,0
2867,0
7175,0
0,978
0,2274
0,7851
7757,0
0,8465
3856,0
6313,0
0,5479
7768,0
0,6666
0,7471
0,5113
2516,0
2388,0
0,9563
992,0
542,0
6465,0
9131,0
0,9698
2688,0
7928,0
997,0
4481,0
7691,0
0,1175
0,3979
6288,0
4490,0
5933,0
0,6925
824,0
0,7290
2941,0
0,717
0,4202
2349,0
3204,0
0,7685
2111,0
8248,0
0,6281
1523,0
0,6013
9759,0
2646,0
9691,0
6783,0
761,0
5233,0
441,0
6477,0
7231,0
6137,0
0,8249
6776,0
5792,0
1897,0
2653,0
3329,0
1495,0
0,1186
9447,0
0,209
0,4315
2485,0
6583,0
0,3815
0,6292
0,6013
4541,0
0,333
0,3527
7649,0
0,979
387,0
6955,0
4938,0
0,4020
6613,0
8336,0
2282,0
0,2436
0,6707
8729,0
0,3270
9459,0
3604,0
7876,0
0,133
0,3141
0,9188
3942,0
5591,0
0,2205
0,1181
0,9141
0,9365
0,4837
0,307
546,0
0,6
0,7181
0,1019
8435,0
1153,0
0,5038
0,4624
3862,0
6564,0
7654,0
7889,0
0,3991
0,4142
0,4395
4449,0
0,8026
9381,0
5208,0
0,3644
0,8504
4312,0
3542,0
7015,0
9618,0
0,7272
7003,0
0,9567
5993,0
0,4822
8949,0
0,2138
6185,0
0,1394
0,5821
5038,0
0,9351
0,7868
3521,0
5273,0
2441,0
0,9444
0,6643
0,7383
1197,0
0,146
0,6402
2285,0
9982,0
8460,0
6576,0
0,902
0,9031
0,6371
0,4044
0,334
3431,0
9778,0
6567,0
0,7764
0,4409
0,2392
0,196
0,794
951,0
8524,0
0,5709
8430,0
0,7201
640,0
1245,0
2967,0
75,0
0,6642
1536,0
4406,0
0,2317
5440,0
0,4898
0,3465
0,6243
993,0
0,9424
8505,0
0,9145
9327,0
9296,0
2547,0
5041,0
0,6577
3747,0
9625,0
0,5065
6784,0
0,4504
0,2782
748,0
7018,0
0,5524
9395,0
0,8723
0,3966
0,6177
3338,0
0,9353
0,1971
0,2264
0,2511
7330,0
7762,0
0,6479
76,0
6189,0
6570,0
2619,0
1083,0
4689,0
0,5709
0,4594
0,9115
0,4409
1086,0
0,2918
0,4004
1534,0
1298,0
475,0
8523,0
8470,0
0,1089
1059,0
8379,0
7785,0
1459,0
0,3230
7792,0
0,8878
0,4313
0,8134
0,3331
2131,0
0,2607
0,6509
9272,0
0,1260
0,2663
4332,0
0,2117
8565,0
0,2795
0,8587
974,0
7466,0
5056,0
0,3373
2594,0
0,580
5747,0
7090,0
0,8693
6281,0
0,613
0,9770
0,1490
0,3526
0,2746
2113,0
0,9579
8134,0
0,9144
0,1437
0,4909
2018,0
8890,0
3052,0
0,9333
0,9160
0,9251
0,2678
0,8574
6205,0
0,8318
288,0
0,8422
0,6741
0,5272
8179,0
0,197
7884,0
0,937
0,7109
271,0
0,218
0,5200
0,7725
0,9102
2753,0
0,3041
9904,0
1464,0
0,9031
8531,0
8883,0
0,6767
7785,0
7704,0
0,7976
0,3124
0,3907
0,1092
0,2099
195,0
7195,0
0,7099
0,8891
357,0
0,8889
5239,0
0,5678
0,5388
5424,0
0,2279
9254,0
5404,0
5411,0
8542,0
5829,0
1429,0
6354,0
0,9290
7748,0
0,5671
0,9529
2477,0
0,6051
2363,0
0,6943
2911,0
8446,0
4033,0
2044,0
0,7873
0,2331
0,7666
1188,0
6957,0
1503,0
0,875
776,0
7849,0
0,212
6615,0
0,9526
0,5602
7841,0
0,9886
0,362
0,4973
0,8658
0,3883
0,9597
0,1184
845,0
2059,0
4517,0
0,7654
0,4221
8122,0
3747,0
2879,0
0,2340
0,9919
2703,0
4892,0
0,7532
0,7575
0,2101
8760,0
0,819
9597,0
728,0
0,849
0,9826
8126,0
4999,0
6761,0
3347,0
1177,0
0,6070
1447,0
3602,0
0,733
0,1705
0,2361
0,8306
0,3254
0,8113
0,6933
0,2231
2105,0
3238,0
4198,0
0,5376
0,4578
1446,0
9948,0
0,2893
0,7640
4599,0
0,7125
2796,0
0,8305
0,4484
5238,0
6715,0
5405,0
0,9604
6538,0
4980,0
0,6426
0,7841
0,8067
0,7257
5708,0
1748,0
2460,0
0,2839
2851,0
0,8090
0,4039
0,4520
0,1645
4124,0
0,9104
9706,0
0,2962
695,0
0,1431
0,6739
6766,0
2449,0
558,0
0,3410
0,9389
0,335
0,6934
0,7422
0,8979
7954,0
0,7661
0,3614
624,0
621,0
8520,0
0,5287
899,0
4513,0
5415,0
4868,0
0,6368
0,9398
3303,0
6821,0
0,4776
5423,0
0,1817
2504,0
8906,0
0,7427
8011,0
2714,0
3953,0
0,9369
0,5237
0,9775
0,2977
9173,0
4803,0
6792,0
771,0
4499,0
4033,0
0,2939
128,0
0,8140
0,3082
0,8049
0,7419
0,4117
0,3424
0,4262
0,3066
9172,0
0,5965
0,9833
0,1313
3041,0
0,9311
0,8445
297,0
6585,0
8604,0
0,8914
0,9861
3032,0
3285,0
7976,0
9991,0
0,9053
0,7707
8887,0
0,1928
3508,0
0,8662
5784,0
0,2369
0,2789
6006,0
0,7063
0,4735
776,0
1660,0
1208,0
5901,0
0,9014
9807,0
309,0
1522,0
0,2762
2480,0
0,6665
4321,0
9454,0
8605,0
0,6840
0,8167
0,7554
6920,0
9207,0
1671,0
1835,0
0,2144
0,1028
0,6475
0,8443
0,8091
0,2747
0,4562
0,6927
5720,0
3768,0
0,2130
9169,0
1701,0
8375,0
8289,0
4852,0
2356,0
8825,0
1636,0
6761,0
708,0
0,9030
0,5887
0,2153
6354,0
0,4988
0,2936
543,0
1313,0
6930,0
9130,0
0,1486
0,6224
9805,0
8841,0
0,9549
0,1456
0,4870
7343,0
7023,0
4264,0
8687,0
0,9230
9679,0
8149,0
0,7279
0,2044
8766,0
8268,0
3918,0
0,2562
0,3577
0,5241
0,1363
9779,0
5061,0
0,3748
166,0
2978,0
5034,0
0,9678
0,4847
1723,0
0,9991
5746,0
0,885
6666,0
4463,0
0,2911
2048,0
8383,0
0,4646
858,0
4639,0
0,9673
4964,0
0,3372
4142,0
546,0
1067,0
0,8169
7179,0
1932,0
0,936
0,7830
9720,0
4940,0
7583,0
0,2222
0,8383
1896,0
7677,0
0,1820
2323,0
0,3390
0,4578
1560,0
0,3493
0,5457
0,8189
3287,0
0,8227
6700,0
0,2243
0,3661
626,0
8262,0
0,6235
0,6400
4755,0
9790,0
0,1351
1561,0
4844,0
0,9274
0,9271
3425,0
7499,0
3221,0
0,4153
5187,0
0,3449
0,1058
0,1425
0,4440
0,7249
0,8548
0,5569
9075,0
0,5059
2720,0
0,6146
8663,0
0,1884
3355,0
6038,0
0,3020
1992,0
4079,0
0,1537
6117,0
8787,0
0,7388
5695,0
0,6462
4743,0
614,0
0,9278
0,5971
0,4258
4612,0
2801,0
0,4793
0,4301
6470,0
5839,0
5609,0
0,6218
0,8410
0,2849
4872,0
0,5487
0,6103
4765,0
2074,0
4882,0
0,7683
2937,0
2477,0
0,8948
5674,0
0,1283
8120,0
0,136
2661,0
0,7534
4051,0
0,3772
0,7787
4396,0
3716,0
4254,0
0,7191
0,9440
9316,0
0,4990
0,9925
6274,0
0,3776
9605,0
0,2590
0,1233
1978,0
5006,0
0,9402
5036,0
0,9290
0,5643
6481,0
0,5798
0,3472
788,0
3398,0
0,7575
839,0
0,8021
0,8787
0,8791
6181,0
6262,0
3664,0
260,0
0,6004
7988,0
0,3072
0,5747
0,3657
894,0
721,0
7520,0
0,1934
0,6546
721,0
5338,0
0,1600
8265,0
0,8525
0,3487
4530,0
558,0
0,3427
0,6715
7085,0
0,7806
8631,0
9367,0
0,8949
0,6836
7787,0
0,887
1852,0
7651,0
0,6760
0,5060
0,8797
1539,0
0,3765
0,9309
6885,0
0,5517
0,6483
0,7699
5432,0
0,3220
9047,0
4108,0
0,1759
0,811
0,3890
5871,0
2688,0
0,4913
0,7151
0,8062
0,1338
3579,0
7821,0
3840,0
0,8376
0,5307
0,583
0,6932
0,1859
0,862
5750,0
0,8438
1026,0
0,2202
0,7574
264,0
0,3844
0,6735
0,1338
0,7566
0,6465
2874,0
0,9081
3299,0
941,0
254,0
0,3495
5130,0
3144,0
0,9944
6056,0
1301,0
1994,0
0,3302
138,0
868,0
0,3743
6221,0
0,9521
4600,0
0,4854
457,0
8350,0
904,0
0,8790
0,125
0,2740
5094,0
0,6799
2237,0
0,3106
0,6655
6849,0
1864,0
7275,0
0,7838
0,3898
3059,0
9485,0
1165,0
2755,0
0,9696
5344,0
0,6884
0,870
8562,0
0,95
724,0
7849,0
0,5124
9053,0
2963,0
7841,0
0,7327
0,1209
881,0
0,4561
2440,0
0,1073
0,8911
1943,0
2981,0
0,3706
0,2550
6295,0
7674,0
0,637
5723,0
0,5767
0,6648
6976,0
9391,0
0,1831
9947,0
0,5990
0,4848
595,0
0,5296
743,0
7846,0
0,5521
0,5965
0,8111
5001,0
3878,0
9467,0
8609,0
0,416
0,1592
5560,0
7583,0
8443,0
0,9213
0,7397
0,1322
4436,0
0,6824
7467,0
4935,0
5822,0
0,5289
9668,0
0,1313
2859,0
2906,0
8433,0
8036,0
8668,0
0,2144
0,2822
0,6524
0,310
0,1792
3313,0
4261,0
7098,0
4425,0
538,0
8080,0
0,987
1818,0
0,9855
0,144
0,4812
0,6634
7634,0
3158,0
0,6507
3751,0
4791,0
8515,0
6107,0
8657,0
1514,0
43,0
7725,0
0,9202
0,5494
9346,0
0,1634
0,7941
7390,0
0,3456
2563,0
2836,0
1664,0
0,7772
0,7904
0,5807
0,4462
0,2369
6324,0
1571,0
3000,0
0,3306
2552,0
0,9942
0,1148
3398,0
0,6234
0,6465
0,2426
0,1879
0,8656
0,4974
3118,0
0,9443
0,8914
7485,0
9831,0
0,2384
8995,0
0,2256
4630,0
8081,0
1960,0
5896,0
0,134
1426,0
0,9113
8993,0
0,6336
0,3460
0,8839
0,5083
631,0
7467,0
0,9794
0,2733
5520,0
0,7481
0,8061
7028,0
0,8455
8933,0
0,7927
8898,0
4264,0
0,9515
9092,0
0,9723
0,2066
0,3674
1860,0
0,7381
1197,0
4862,0
6633,0
0,4829
346,0
0,7914
0,716
0,8461
0,1580
0,60
2530,0
0,8101
0,9134
1775,0
0,8182
0,1565
0,8745
0,3388
0,1325
0,982
7595,0
8897,0
751,0
0,1719
3494,0
1780,0
0,1565
4126,0
0,5901
0,1067
4084,0
2632,0
0,6620
4227,0
0,2445
6200,0
0,5098
0,3231
0,7590
4951,0
5823,0
6531,0
8297,0
0,8996
0,4035
0,643
0,2696
1482,0
9316,0
0,7262
0,5871
2803,0
969,0
3867,0
0,8818
0,3553
0,5021
186,0
5678,0
2844,0
0,2908
2881,0
0,4364
0,4921
0,299
2183,0
0,4987
8867,0
0,2734
5123,0
1553,0
6409,0
8634,0
0,4313
0,3796
6551,0
6705,0
0,2310
3797,0
0,3873
0,9415
0,8443
0,971
0,9529
0,707
0,5259
4320,0
0,2954
0,3315
7267,0
0,3819
0,3818
3252,0
6128,0
2742,0
923,0
0,3028
3458,0
0,9042
6708,0
0,9093
2964,0
0,5328
7026,0
8643,0
7536,0
8113,0
0,1365
7732,0
0,475
9064,0
0,1840
0,8948
0,6367
7991,0
4072,0
4821,0
1812,0
0,8839
0,1009
3133,0
6766,0
0,6341
2612,0
2044,0
0,1109
0,4187
0,2736
0,1969
0,1127
7698,0
0,2519
0,681
0,2579
0,1221
0,2654
0,356
3901,0
0,6513
3461,0
0,2158
0,7910
0,2801
0,9482
0,9749
0,2469
0,9479
4989,0
0,220
5719,0
0,9309
0,6190
9666,0
1429,0
2751,0
5106,0
0,4958
8204,0
7760,0
0,2532
0,3488
0,1526
0,9991
0,3128
211,0
2810,0
0,5147
0,9362
1384,0
0,4136
0,832
4429,0
5791,0
4606,0
1484,0
6083,0
0,1085
0,3940
1076,0
7068,0
6665,0
0,6361
0,785
5724,0
0,1450
547,0
0,4977
0,8074
0,37
1626,0
0,7709
0,8495
0,791
2435,0
0,9503
0,3735
9382,0
0,4408
0,5820
0,4944
7271,0
9164,0
6343,0
0,3954
0,9255
3049,0
0,2229
0,5759
0,3086
0,91
2590,0
3827,0
0,3923
6382,0
9744,0
0,7016
8567,0
0,4911
0,4200
0,9120
0,1915
1276,0
0,1928
6180,0
5015,0
7258,0
0,1085
0,9498
0,5961
0,4754
0,6007
0,1730
0,8341
6642,0
2541,0
9506,0
7423,0
0,1568
2710,0
8735,0
0,5994
5332,0
0,4911
2513,0
0,7794
6843,0
3801,0
0,9699
6955,0
85,0
7917,0
0,5340
0,1912
6909,0
0,5645
0,8921
0,6143
0,8720
1054,0
810,0
2243,0
5964,0
6268,0
5744,0
4140,0
0,2057
5420,0
7398,0
0,4308
8879,0
0,9690
0,1593
0,5495
314,0
9944,0
8816,0
8778,0
0,5046
0,3976
8270,0
9806,0
2709,0
9207,0
0,9335
0,9900
0,4370
0,7533
5964,0
0,6278
2312,0
7402,0
0,6181
5909,0
0,2421
0,9498
0,7176
0,5782
0,9698
5891,0
9033,0
0,3007
0,2915
0,642
8339,0
6920,0
0,4323
0,1706
504,0
5101,0
0,2471
1232,0
9648,0
0,2052
1421,0
5476,0
0,8801
0,9844
0,4004
0,56
0,7407
0,4121
1731,0
5828,0
179,0
0,290
3401,0
0,3049
0,2443
0,8345
7302,0
0,2469
9380,0
0,1097
0,2800
0,3844
207,0
7966,0
4350,0
4175,0
0,8144
4820,0
0,8296
0,270
739,0
0,8042
0,7416
511,0
9680,0
7333,0
0,8486
9793,0
0,7759
0,4697
1554,0
0,6277
0,4047
4401,0
2343,0
3708,0
1852,0
0,8708
0,1636
0,9421
4461,0
5370,0
764,0
0,1112
0,3691
0,4477
5639,0
755,0
0,5157
9169,0
0,2878
4510,0
0,5635
0,4943
0,6239
0,1733
8517,0
1819,0
4898,0
0,7822
1430,0
0,7069
1241,0
0,325
0,1970
0,8946
4848,0
1532,0
0,2827
4994,0
0,9358
0,7584
9093,0
6866,0
461,0
1814,0
0,4115
8961,0
7171,0
5031,0
0,6783
0,8580
0,5864
0,4945
8691,0
0,7758
2984,0
0,2077
7741,0
6070,0
0,7885
94,0
0,9055
0,9172
817,0
4557,0
9456,0
3130,0
4752,0
7448,0
0,1564
0,8371
0,6546
449,0
0,6519
0,8226
0,2623
0,6405
0,8804
5577,0
1477,0
0,934
0,176
3437,0
1938,0
7219,0
0,8422
0,9033
4969,0
0,3725
0,5887
1952,0
8510,0
0,190
1918,0
0,3396
0,9733
4330,0
9910,0
1987,0
8654,0
9174,0
7629,0
0,2598
1016,0
6324,0
9385,0
752,0
1390,0
0,3309
0,773
0,2470
507,0
681,0
8803,0
0,7458
1875,0
8562,0
0,8701
2104,0
0,8428
1010,0
0,1763
9480,0
0,7566
1405,0
0,8111
1743,0
9147,0
9264,0
0,1531
0,6968
2972,0
0,9284
0,8578
0,4872
0,7623
6457,0
9387,0
1807,0
0,3212
4652,0
1323,0
0,471
0,9955
8423,0
0,3832
884,0
0,7358
0,478
0,356
5351,0
7980,0
6655,0
0,8462
0,1249
1674,0
0,2998
3795,0
3470,0
3740,0
6532,0
0,7416
9687,0
0,3431
0,712
0,9360
0,1768
1168,0
0,8914
0,1881
0,448
9280,0
3447,0
7042,0
5693,0
0,2226
0,4536
0,5698
8066,0
9130,0
0,2918
1436,0
4687,0
9098,0
0,7872
0,1682
0,4986
4940,0
8062,0
8685,0
0,7495
5982,0
0,5625
0,98
0,3604
0,5175
6523,0
3963,0
6215,0
5034,0
934,0
0,9255
0,4357
1024,0
6340,0
0,9105
7205,0
0,9236
0,2356
9335,0
0,1509
4372,0
0,8336
3695,0
0,8729
0,2332
9469,0
0,5195
2844,0
0,9185
2322,0
0,9527
0,6173
0,9208
0,8099
0,4490
9609,0
0,4729
0,669
6064,0
0,5133
0,8868
3620,0
4064,0
0,3047
5650,0
0,3941
897,0
114,0
0,8643
7762,0
0,7371
0,108
0,1137
777,0
0,177
0,8495
0,6918
4929,0
3383,0
0,9034
0,5733
2975,0
5364,0
0,4203
0,3668
0,4867
1039,0
0,3140
0,5752
1305,0
5930,0
4755,0
1522,0
0,4906
3660,0
3940,0
0,6916
5250,0
0,1156
9546,0
0,995
0,5864
2467,0
9004,0
0,310
0,3264
4914,0
8240,0
0,6327
0,9436
0,5284
0,549
2200,0
5892,0
0,5438
0,9674
0,552
5538,0
0,4542
3977,0
0,5313
2732,0
0,973
0,7180
7301,0
6617,0
0,5061
8422,0
0,4315
0,3605
0,1186
3279,0
0,8817
5089,0
3360,0
3340,0
0,6072
0,5785
0,4185
2966,0
1733,0
0,4566
4645,0
0,3400
0,6839
7005,0
8025,0
0,9764
9102,0
0,2463
5056,0
0,9436
3049,0
0,96
2843,0
4443,0
7772,0
9143,0
0,8742
0,2266
0,2824
0,3608
3109,0
0,2211
0,7008
4675,0
0,5352
0,7034
4011,0
0,6855
0,1574
1432,0
8238,0
1964,0
9317,0
0,4900
0,4791
8508,0
2671,0
5927,0
0,603
5465,0
5956,0
9907,0
0,7038
0,9183
8612,0
0,6850
0,693
0,8147
8476,0
3047,0
0,1555
2799,0
3436,0
4213,0
0,9678
0,5286
3505,0
5254,0
0,2076
0,756
0,8829
7607,0
9523,0
7308,0
0,356
7082,0
0,9881
2889,0
0,7102
0,7939
0,2872
3225,0
7978,0
1202,0
0,1302
0,888
131,0
50,0
0,7359
0,8704
7715,0
3921,0
4618,0
0,3227
3913,0
1166,0
0,4392
981,0
0,2183
0,3430
3486,0
0,3618
0,4369
0,1478
1728,0
182,0
0,4104
0,283
0,4049
3511,0
0,4678
0,2221
9071,0
0,1944
0,9346
5374,0
3848,0
5793,0
4062,0
0,5791
9994,0
5235,0
2601,0
0,3517
0,9454
0,5055
4132,0
7277,0
0,3000
0,9064
2346,0
1239,0
0,7032
3031,0
0,1346
70,0
9843,0
0,2445
9613,0
5962,0
0,4309
3025,0
0,303
4486,0
0,9634
0,5650
157,0
1845,0
0,4876
4654,0
0,4724
8084,0
0,9836
8512,0
7532,0
0,4681
0,639
5964,0
0,450
5518,0
84,0
0,242
0,1742
0,7888
0,5270
9879,0
9995,0
0,26
7800,0
9670,0
1896,0
0,681
0,5978
7645,0
0,3163
0,6513
0,3008
0,8298
4750,0
0,1369
0,6065
4211,0
4029,0
0,1829
0,2335
7162,0
9619,0
0,7542
3155,0
0,9584
3927,0
0,229
0,2853
8527,0
226,0
0,2868
0,2862
5507,0
0,8172
0,6523
507,0
8961,0
978,0
7669,0
0,4078
3718,0
3599,0
7001,0
2670,0
3409,0
0,2059
5765,0
4921,0
0,904
0,2472
7427,0
0,6388
0,7252
8468,0
1387,0
1827,0
0,5426
4923,0
0,7593
0,4965
0,860
0,6255
1884,0
0,7718
0,6974
191,0
0,6465
6667,0
0,5136
4755,0
0,6583
212,0
0,5135
9621,0
0,237
8531,0
0,5556
0,2982
7504,0
0,355
3978,0
0,904
7358,0
7910,0
0,2666
0,8888
0,6396
0,1259
0,3044
0,4260
0,3356
0,4380
8913,0
7363,0
0,8064
6772,0
8958,0
0,6317
0,6752
7394,0
0,3578
6037,0
9975,0
9927,0
0,4752
0,5787
0,3246
0,7021
201,0
3439,0
5596,0
2097,0
7619,0
871,0
0,8266
9478,0
0,5515
5778,0
4976,0
0,7481
0,9094
3269,0
0,3437
0,2543
0,9027
0,6565
0,8802
1119,0
0,1991
9188,0
0,8666
0,2103
4182,0
0,9158
6028,0
0,6486
6345,0
0,8687
0,642
1230,0
0,7935
0,8909
6737,0
5769,0
0,4957
3911,0
0,8455
6354,0
8778,0
6965,0
7529,0
1292,0
0,6346
0,6863
0,3794
0,6658
0,2062
5568,0
0,1337
4945,0
0,8857
2309,0
7312,0
7726,0
0,4691
0,6472
0,2189
0,1814
8535,0
0,5524
6705,0
2182,0
0,7750
6901,0
9088,0
0,5383
0,6351
5302,0
5015,0
0,3958
0,5004
0,6018
0,778
0,5730
0,6510
0,395
6368,0
0,8288
1187,0
4273,0
0,8316
0,8282
0,962
6299,0
3990,0
3642,0
0,4073
0,2606
0,5562
8337,0
0,9591
8938,0
0,7768
6730,0
0,1003
4492,0
0,151
9362,0
1113,0
0,5104
0,7315
0,1481
1388,0
0,6241
0,2425
4784,0
2017,0
621,0
0,7351
0,4992
0,3755
6071,0
0,5433
1664,0
1094,0
125,0
0,6940
8645,0
1486,0
0,1594
5158,0
0,7176
0,4397
2222,0
0,1484
5272,0
5239,0
7780,0
6776,0
0,7871
4782,0
5035,0
0,3680
0,2719
6413,0
4314,0
0,8089
8748,0
0,970
5892,0
0,1164
4340,0
0,2121
6842,0
0,1009
7157,0
0,2192
0,6534
5873,0
9254,0
7015,0
0,3838
1658,0
0,4145
0,5343
8381,0
0,2722
3731,0
0,573
0,6410
0,5459
0,6884
7652,0
0,3526
0,2674
5813,0
0,9673
0,7901
0,2105
2047,0
7448,0
0,3957
3151,0
2974,0
0,1276
0,7785
0,7166
0,4388
3708,0
7914,0
0,3728
4325,0
0,6979
4909,0
0,6956
0,6533
0,3443
491,0
9072,0
8533,0
4742,0
0,1478
0,7730
0,3815
0,3781
9325,0
0,3650
0,911
0,8501
0,9714
5458,0
6248,0
1584,0
0,656
204,0
5930,0
4855,0
6425,0
0,2291
0,2543
0,8102
9128,0
0,2721
0,2382
0,1088
2096,0
0,8345
9524,0
5084,0
0,5289
0,7401
235,0
0,6661
0,3114
8952,0
0,5026
1519,0
0,3272
7507,0
0,8730
0,7752
5411,0
6097,0
4234,0
0,5704
6470,0
3106,0
0,9498
3367,0
2613,0
396,0
7346,0
3058,0
5188,0
0,844
0,3249
8596,0
0,4693
0,904
5875,0
6609,0
0,9715
0,2490
0,2419
0,1827
0,9866
0,2087
0,3157
8042,0
3723,0
0,3019
349,0
7726,0
1106,0
7924,0
0,4534
9327,0
0,8379
7495,0
0,6966
5292,0
6833,0
7627,0
0,5669
5588,0
2770,0
5290,0
9817,0
139,0
388,0
0,5244
2598,0
249,0
0,7745
313,0
4711,0
1951,0
996,0
0,9545
5248,0
1816,0
9153,0
0,8971
0,1278
9894,0
0,7800
5756,0
0,6006
0,645
0,9102
0,8464
4708,0
9,0
8587,0
0,3836
0,7066
1855,0
0,2994
0,4298
0,3939
4811,0
0,568
5555,0
0,4344
7417,0
0,4474
8791,0
3483,0
3861,0
0,9111
0,4890
6178,0
9963,0
0,4007
4651,0
0,9462
8643,0
31,0
0,6606
8543,0
6934,0
8350,0
147,0
0,4008
0,3498
3120,0
8388,0
0,8352
0,8330
0,4302
3359,0
3765,0
9993,0
6202,0
0,4745
328,0
0,8679
3063,0
0,7590
892,0
1088,0
4229,0
0,1803
0,2964
0,189
0,3494
0,1032
0,490
4828,0
0,5231
6444,0
2568,0
0,5632
0,6464
3222,0
881,0
0,5111
3788,0
6914,0
0,7049
1808,0
0,2304
0,6040
0,4376
7739,0
0,4184
7009,0
7366,0
7809,0
9424,0
8390,0
5343,0
0,9132
0,2332
750,0
9381,0
0,9924
0,959
0,7658
0,3704
0,4943
7889,0
0,5255
7367,0
0,6792
0,1077
7099,0
0,2516
436,0
4849,0
0,4231
0,396
0,8609
0,120
6268,0
0,3665
0,1714
0,8755
6970,0
3685,0
2231,0
735,0
951,0
1847,0
0,6696
2575,0
0,6321
0,5083
0,1999
0,1199
8691,0
4864,0
744,0
9081,0
8375,0
0,607
0,8107
9937,0
0,1784
0,4547
8481,0
0,9409
0,5440
0,8582
7440,0
9781,0
8726,0
6457,0
0,5538
0,5959
0,4557
0,719
0,6503
4083,0
0,8837
0,6770
0,5291
0,9816
731,0
8398,0
0,8180
4302,0
0,760
8567,0
0,5753
6369,0
310,0
0,2975
0,9407
8924,0
8244,0
0,4410
4711,0
4226,0
1350,0
3614,0
805,0
816,0
8676,0
4043,0
0,413
9580,0
0,4903
8424,0
0,7348
0,2555
0,5018
6965,0
5697,0
6921,0
3817,0
0,4622
8452,0
0,7129
0,2298
0,4105
2711,0
9553,0
0,7977
8851,0
5325,0
0,2093
4388,0
0,86
1611,0
7134,0
0,5902
51,0
0,8306
6612,0
0,8718
0,3316
0,8114
9377,0
6091,0
7893,0
0,1347
0,1988
0,7083
0,3379
0,9208
8809,0
0,8860
8090,0
0,4703
0,7772
3421,0
0,3825
0,467
0,7818
8696,0
9235,0
59,0
8284,0
0,359
0,7408
0,4016
0,4678
2877,0
5275,0
0,328
7818,0
3941,0
6058,0
0,6877
3486,0
0,2722
0,5649
5468,0
0,5299
0,2685
2707,0
0,8723
7258,0
2830,0
9625,0
2862,0
3873,0
0,9931
0,5727
6808,0
0,2397
8680,0
0,4149
822,0
0,3835
8208,0
6415,0
0,3674
4490,0
6208,0
0,9071
1558,0
5875,0
0,8347
0,5963
4305,0
0,2985
0,6407
7135,0
1931,0
0,140
8740,0
5050,0
0,9541
0,6562
0,8680
5633,0
0,1509
3125,0
0,6762
0,4162
0,1384
0,9806
7792,0
0,9723
867,0
9863,0
0,4914
9227,0
4455,0
0,8111
1237,0
0,9142
7236,0
0,7093
3215,0
0,7415
610,0
7222,0
2686,0
8125,0
9955,0
0,3133
0,2388
6664,0
4946,0
5469,0
0,8796
0,9721
0,1529
6814,0
755,0
5879,0
6472,0
0,9158
6558,0
2712,0
5882,0
0,8785
8263,0
0,3209
3070,0
9393,0
0,4720
0,5659
6249,0
0,7004
0,3
8369,0
3104,0
5792,0
6031,0
6178,0
4378,0
700,0
2139,0
0,5210
0,5244
765,0
9964,0
0,6214
8133,0
0,8294
8654,0
0,1759
0,719
1423,0
0,7602
0,3603
0,8372
0,5568
0,2096
0,3674
7341,0
0,7305
7586,0
3520,0
5723,0
0,4378
8327,0
0,8054
9661,0
3812,0
5163,0
0,8592
9856,0
4161,0
0,4939
0,8171
0,1290
0,4069
8362,0
9789,0
0,3803
0,4064
0,4603
0,2405
0,5930
0,7329
7414,0
5922,0
0,83
2343,0
5022,0
1516,0
0,6994
5575,0
0,5364
0,1728
0,3295
0,1912
7898,0
4318,0
0,5609
0,1257
0,3315
0,1903
0,871
0,8421
1962,0
0,4344
3759,0
0,9751
868,0
1480,0
3214,0
0,1113
0,6267
1177,0
0,8570
0,1266
0,8813
3170,0
0,8419
3707,0
5184,0
5992,0
9138,0
8695,0
0,176
43,0
0,1992
0,2635
0,6504
1663,0
5075,0
1403,0
761,0
2247,0
2993,0
0,8178
0,8087
0,8728
9167,0
0,167
0,8779
0,3445
0,9707
6080,0
6212,0
0,1287
9691,0
0,453
0,496
900,0
0,2995
6320,0
1082,0
4769,0
9262,0
0,5257
2285,0
8703,0
4506,0
0,718
0,1259
2005,0
0,254
2672,0
750,0
0,7201
6568,0
3242,0
0,8011
0,4149
1516,0
9407,0
0,8110
6859,0
0,8949
8341,0
0,347
7639,0
601,0
0,1352
3885,0
8554,0
0,1796
8104,0
0,6005
4626,0
4324,0
5126,0
2143,0
5065,0
935,0
0,1144
0,8097
3187,0
8410,0
5709,0
6357,0
2748,0
6059,0
2423,0
6858,0
7192,0
0,2318
8623,0
0,3689
0,5239
7096,0
0,850
6819,0
5207,0
0,916
0,8138
5180,0
0,1240
0,2509
7107,0
0,4300
9167,0
0,7791
3868,0
1480,0
0,8576
852,0
9427,0
0,4635
2901,0
5552,0
0,732
699,0
0,1826
4632,0
0,4191
0,8978
4833,0
0,8701
0,8251
0,7083
6828,0
0,6255
9357,0
0,2258
5643,0
0,7680
7176,0
9803,0
0,4435
8229,0
8626,0
4000,0
1609,0
2162,0
0,2995
9614,0
4681,0
0,4039
0,2997
6298,0
9441,0
0,6617
2367,0
5766,0
8551,0
0,7178
5606,0
0,7216
0,2800
9747,0
5796,0
2245,0
0,4352
0,9596
7350,0
0,6791
0,542
3409,0
4658,0
9747,0
0,2348
0,8779
8949,0
0,6322
0,5743
2717,0
5106,0
0,3713
0,4621
3309,0
0,9538
3457,0
80,0
7408,0
6043,0
0,9215
0,8335
7994,0
9362,0
0,3189
9733,0
2814,0
2455,0
0,1771
0,1862
8437,0
0,1894
0,1480
0,5625
0,4804
2781,0
0,2286
0,2015
0,1865
6005,0
0,5739
0,7869
579,0
0,9132
7235,0
0,5672
0,2395
0,9518
3875,0
0,94
1133,0
4261,0
0,6764
0,951
0,3174
6467,0
0,9475
0,9492
4939,0
0,2175
666,0
7847,0
0,5415
0,5889
0,6632
5984,0
0,246
8031,0
7010,0
5722,0
8374,0
9326,0
0,881
6780,0
3223,0
0,3890
0,6628
5859,0
0,7347
2928,0
0,8913
0,8537
0,4696
0,6170
0,9031
1811,0
0,1137
5559,0
2019,0
9491,0
0,8272
0,2769
4900,0
0,6944
2340,0
0,6319
1649,0
4857,0
2093,0
6978,0
7197,0
261,0
9928,0
0,1948
8160,0
0,5905
9068,0
8674,0
1318,0
0,3659
0,1646
9978,0
9043,0
0,1136
3002,0
3127,0
9445,0
8617,0
0,9921
0,7370
718,0
3275,0
0,1949
3756,0
431,0
0,1649
0,9794
4516,0
0,8192
0,7633
8846,0
7832,0
3013,0
7665,0
0,8986
0,7090
7499,0
0,2337
4817,0
0,5248
0,8310
6897,0
8104,0
0,2736
9606,0
369,0
0,8202
6745,0
4652,0
0,1024
3397,0
0,896
0,4991
3234,0
5624,0
0,928
0,7763
0,8144
0,9529
0,8783
3007,0
0,6109
9451,0
2224,0
8392,0
0,1790
0,3242
0,9294
8233,0
4911,0
7650,0
4787,0
3541,0
5833,0
6866,0
0,9873
7963,0
5983,0
0,8207
1518,0
8771,0
2906,0
9889,0
0,8123
0,1471
0,9164
0,6769
0,791
4105,0
3510,0
0,5014
0,7364
0,6828
4779,0
5036,0
0,3807
2945,0
1073,0
0,7633
0,7606
9105,0
6771,0
9709,0
7146,0
0,657
0,5714
0,5632
3079,0
2461,0
0,7498
4156,0
0,7101
3995,0
9936,0
13,0
0,9119
0,4466
5474,0
8092,0
0,4405
3279,0
120,0
7776,0
0,238
1058,0
0,5215
7777,0
0,1773
1422,0
0,1435
0,9556
555,0
0,6029
0,2115
8651,0
6521,0
26,0
0,7802
9842,0
8041,0
0,5777
6116,0
0,8432
0,6241
685,0
0,3833
0,8232
0,8534
4262,0
0,2913
9220,0
4844,0
3814,0
0,3656
4985,0
0,8525
0,673
9843,0
0,2935
0,9792
7889,0
3625,0
7838,0
0,2101
5777,0
0,4998
0,9858
0,2570
0,1293
0,570
0,784
0,7250
1458,0
2938,0
1874,0
357,0
4473,0
0,2312
8422,0
0,4200
4682,0
0,3438
9286,0
6009,0
0,2236
5441,0
3021,0
0,4480
0,1308
0,5350
0,5402
5113,0
9385,0
2961,0
0,7374
2009,0
0,1208
8497,0
4651,0
960,0
0,6402
507,0
939,0
4244,0
0,9290
9765,0
0,4879
0,4078
0,9972
1887,0
0,3897
0,4149
5105,0
238,0
0,1198
9144,0
7601,0
7104,0
8530,0
0,8717
0,2721
0,5332
0,2091
0,9757
2064,0
0,9412
0,9881
3561,0
5970,0
0,6566
0,9203
0,2599
0,1010
0,7385
0,4096
6102,0
6817,0
8333,0
3274,0
4174,0
9044,0
0,4240
0,8313
4542,0
0,4601
0,7111
3804,0
0,2659
3799,0
0,6160
4947,0
0,1764
7331,0
0,606
0,356
5945,0
0,697
0,3166
9010,0
5482,0
7666,0
8234,0
7153,0
4130,0
8797,0
7113,0
324,0
5509,0
3767,0
8261,0
2048,0
3287,0
4905,0
0,3916
4875,0
5040,0
0,3275
4012,0
1221,0
9990,0
0,7104
0,2644
0,9272
0,7145
0,8561
6150,0
2769,0
1881,0
1249,0
1591,0
0,6631
0,3320
9906,0
2358,0
0,2348
1146,0
9453,0
0,2830
0,6087
9975,0
4649,0
0,7418
0,39
0,6814
0,6685
0,5393
0,1606
0,3223
4287,0
4351,0
0,5497
0,2874
0,4042
0,4588
0,5681
0,4779
1807,0
0,7372
0,7291
0,1887
3977,0
7281,0
0,5996
0,3020
7068,0
0,489
0,6386
0,772
428,0
5360,0
4750,0
5337,0
0,7535
3931,0
4826,0
0,8803
5245,0
6097,0
6081,0
0,3150
1483,0
3640,0
0,7004
2622,0
0,7983
0,825
3077,0
0,6062
5376,0
0,203
0,9782
9007,0
0,5105
8660,0
1720,0
9100,0
791,0
5054,0
0,7677
0,5820
0,6759
0,8737
0,4029
4800,0
5345,0
182,0
0,9189
9461,0
0,8122
0,6016
0,6479
9221,0
9220,0
6883,0
1953,0
4785,0
0,1430
6351,0
0,1152
2478,0
0,2660
5587,0
1850,0
5921,0
3171,0
0,6953
9780,0
0,9000
5658,0
7965,0
0,2751
5225,0
4182,0
0,9643
0,2426
0,5661
0,6037
153,0
0,6075
3082,0
9376,0
0,9156
0,2738
8156,0
1149,0
0,699
0,5123
8148,0
0,8096
2698,0
522,0
0,5609
9185,0
2545,0
1321,0
4529,0
871,0
0,7498
8479,0
0,9629
0,9681
329,0
4804,0
6062,0
6573,0
936,0
0,6029
0,1095
0,5250
1366,0
0,5896
3294,0
0,3149
9248,0
1159,0
9745,0
0,74
0,3518
0,4362
5023,0
3123,0
0,5033
0,4927
6128,0
0,7495
0,1057
0,9157
2807,0
0,2055
5144,0
1088,0
8758,0
0,7058
0,3517
1421,0
0,4544
4305,0
0,6295
5792,0
9560,0
3202,0
0,6593
4579,0
1622,0
0,6766
0,2979
0,9110
2781,0
0,6102
0,7590
4446,0
0,8751
9647,0
0,5439
0,4607
1410,0
0,8439
0,4609
0,8838
1495,0
5605,0
3146,0
958,0
0,7128
0,4023
0,6476
0,6853
0,2452
0,275
7892,0
0,9303
6609,0
0,3825
9522,0
0,1018
6183,0
0,9329
5532,0
0,9416
953,0
3440,0
3763,0
0,8992
8698,0
0,6590
7080,0
0,3689
9062,0
7515,0
9653,0
9603,0
8450,0
5165,0
0,422
0,7247
7710,0
0,1474
0,5445
466,0
6538,0
8373,0
0,4267
7308,0
7903,0
0,7556
0,1134
3392,0
0,8558
7437,0
0,836
0,6691
7676,0
8165,0
5511,0
0,2049
8365,0
0,2249
0,2976
0,3091
0,6727
0,2805
7862,0
6260,0
2599,0
0,1580
4534,0
8271,0
0,6437
2974,0
0,5520
6141,0
0,1810
0,1627
4787,0
4718,0
7608,0
5394,0
9406,0
6937,0
0,8303
0,9887
0,1858
2098,0
8295,0
0,3365
592,0
6800,0
7440,0
8660,0
3366,0
0,974
8744,0
0,8151
1864,0
157,0
1686,0
7103,0
0,9202
0,3898
4275,0
0,4868
9019,0
1901,0
0,561
8687,0
3940,0
0,2685
0,7336
0,5576
0,994
0,2405
0,9897
908,0
9099,0
0,3375
0,1501
0,7217
5565,0
0,2115
706,0
0,4646
5867,0
7331,0
259,0
0,977
0,7950
0,3899
0,4291
0,6947
0,8478
322,0
9980,0
4514,0
0,8191
7661,0
0,9693
4063,0
2616,0
6002,0
9562,0
0,8724
0,7236
0,6957
1527,0
3904,0
5342,0
7925,0
0,2439
0,1502
631,0
0,1187
0,4982
7610,0
0,3612
0,5939
0,7570
4663,0
4806,0
839,0
4152,0
6961,0
0,4886
0,1761
0,5687
0,7957
4218,0
9144,0
0,6755
0,5541
367,0
0,5140
4570,0
0,9377
0,9861
0,7584
4604,0
0,3574
7559,0
0,4885
7586,0
0,1805
0,1987
0,1948
0,7532
7489,0
4533,0
4251,0
0,3273
8481,0
3135,0
0,7739
0,3211
1314,0
0,6650
0,2696
0,2153
4501,0
0,8750
0,2883
6283,0
1994,0
6441,0
0,1556
9519,0
0,2654
2596,0
394,0
0,1708
3887,0
8358,0
7253,0
5350,0
1641,0
0,1622
2375,0
0,4370
0,5535
616,0
0,135
0,7195
0,8525
3430,0
0,2877
4892,0
0,3250
0,4688
0,423
6443,0
9915,0
124,0
3738,0
0,1344
0,7277
0,1845
0,4800
0,203
0,2471
3386,0
5348,0
0,2783
1530,0
0,8389
0,3915
6891,0
865,0
0,4603
6234,0
0,988
4830,0
2833,0
0,1874
2447,0
0,5834
4259,0
0,7448
2478,0
0,9950
0,4394
3865,0
0,4730
7940,0
9334,0
1439,0
5163,0
101,0
0,9721
9872,0
0,4218
0,6925
0,909
0,6392
0,84
0,586
4478,0
1511,0
0,9452
0,4274
3627,0
9557,0
0,9658
6787,0
9380,0
8545,0
878,0
0,4792
6250,0
0,2804
3430,0
3390,0
7735,0
5383,0
0,6743
0,7981
9542,0
0,8611
0,3559
0,5544
219,0
0,1097
0,6563
5889,0
9909,0
9136,0
0,2527
0,2337
0,6632
5011,0
3375,0
9765,0
8466,0
1529,0
96,0
0,315
0,7767
1412,0
0,7302
8878,0
0,8015
0,8978
0,8830
1315,0
5463,0
0,8839
8288,0
0,6755
0,3286
1386,0
1011,0
0,3475
9331,0
6021,0
0,4900
7904,0
2915,0
8539,0
4316,0
1430,0
0,1185
0,4471
706,0
0,6764
3663,0
2918,0
0,9387
8150,0
0,4172
0,2453
0,5075
2014,0
0,554
0,4877
0,6876
4657,0
8062,0
0,8769
3653,0
5533,0
4905,0
0,9083
0,142
0,5108
0,9764
7562,0
0,9576
5376,0
0,822
278,0
0,4936
0,5761
0,8199
4530,0
0,64
9183,0
0,1174
0,6356
1316,0
1465,0
0,9027
9019,0
8604,0
0,8735
0,7357
0,2917
0,6411
8678,0
4611,0
0,5102
0,1556
500,0
0,4981
8147,0
2054,0
9679,0
8639,0
568,0
0,7647
0,8312
5004,0
1229,0
0,9908
7804,0
0,177
1382,0
1733,0
8182,0
0,6329
8512,0
5941,0
7810,0
0,8379
1824,0
6026,0
0,1030
0,9528
8328,0
0,6132
1006,0
0,2388
8946,0
0,7128
0,1134
0,1020
53,0
9212,0
0,6102
0,5806
6088,0
0,4386
0,6669
0,1627
0,3351
0,2403
5906,0
4792,0
2113,0
0,4621
0,5439
5641,0
0,4853
0,8822
0,4356
0,7044
6624,0
1431,0
4908,0
1551,0
0,9311
0,4604
0,3502
9456,0
0,1438
0,2763
6878,0
3014,0
609,0
0,1565
0,5169
8610,0
0,41
0,8317
5388,0
4623,0
0,3333
0,6277
6835,0
0,9400
9586,0
2164,0
7643,0
8182,0
0,8723
9819,0
3893,0
0,7301
8471,0
5618,0
9519,0
7946,0
3575,0
8693,0
4785,0
0,4371
2352,0
835,0
0,9018
8249,0
0,8068
0,1635
6498,0
8936,0
0,4555
0,4609
4797,0
0,8372
3412,0
8783,0
6183,0
2568,0
0,3404
0,7724
0,6781
0,164
4850,0
1799,0
0,736
0,684
0,5147
5294,0
1922,0
8461,0
8038,0
3531,0
5839,0
0,6409
9504,0
0,1927
8072,0
2092,0
1758,0
0,7353
0,589
0,9919
0,3331
8,0
0,8470
2992,0
0,6523
7912,0
2624,0
0,2128
0,2096
0,33
0,6148
2955,0
40,0
0,4668
7815,0
4588,0
7896,0
0,3548
0,4202
0,8782
0,5150
0,3350
0,8299
0,7782
396,0
0,7813
5684,0
6988,0
0,3516
393,0
8081,0
0,5978
9580,0
0,2648
0,6765
1430,0
1915,0
0,7736
0,4333
5518,0
3869,0
8276,0
4104,0
0,2101
8781,0
7914,0
654,0
0,234
7853,0
2882,0
0,4312
8134,0
0,6989
0,6147
0,4304
0,5192
7638,0
4746,0
152,0
0,8933
0,1759
0,6350
9039,0
6584,0
1005,0
0,138
0,7659
0,9859
4648,0
0,5971
4276,0
0,1914
0,5910
3658,0
0,7503
6591,0
0,2387
0,8301
0,4565
5194,0
4032,0
0,7812
2378,0
7672,0
3329,0
2998,0
0,4162
9520,0
72,0
1460,0
0,8051
0,9944
439,0
8246,0
186,0
0,4219
8160,0
2031,0
9021,0
7565,0
0,563
9957,0
4725,0
3481,0
0,4942
0,3339
0,8445
3283,0
0,1530
4897,0
0,8393
0,3132
4058,0
3671,0
0,1236
0,3589
1800,0
3269,0
0,6751
1324,0
0,2131
863,0
576,0
0,4643
5678,0
8895,0
0,7367
3783,0
7871,0
8551,0
8691,0
1667,0
9372,0
0,4240
1688,0
1764,0
473,0
8069,0
6776,0
0,2454
9208,0
3105,0
0,6888
0,9828
4342,0
0,3034
8626,0
3526,0
4512,0
0,6200
0,4004
0,9361
6632,0
0,3409
0,6106
0,3049
696,0
0,2654
5857,0
0,200
0,390
3235,0
0,6761
1028,0
7306,0
677,0
0,260
5555,0
0,5967
0,1753
2073,0
4803,0
0,8472
0,8004
0,7907
8205,0
8297,0
0,8263
0,6694
2740,0
0,3418
1701,0
0,7256
0,1590
3224,0
3344,0
0,8147
0,3778
6620,0
1783,0
1399,0
0,9697
0,3156
0,9630
0,701
5138,0
0,6840
7048,0
4097,0
0,7321
0,2733
2619,0
0,686
0,7501
0,3832
0,5578
3820,0
0,5248
3002,0
0,2854
3938,0
2668,0
6857,0
5856,0
7903,0
0,4543
0,895
2814,0
0,4863
6361,0
8695,0
0,2515
0,6616
0,1565
0,2643
4419,0
2660,0
0,9517
6804,0
472,0
0,8748
0,933
9644,0
0,1226
0,6155
6988,0
0,8328
0,3435
4945,0
5000,0
8547,0
8592,0
6507,0
0,3312
0,1198
8019,0
0,7270
0,9591
9335,0
0,6263
0,7805
0,2861
0,27
0,1079
5931,0
0,4478
716,0
0,7224
0,6412
536,0
7610,0
0,7557
5827,0
0,5162
0,7967
0,6033
0,3313
0,1907
3341,0
0,9272
0,8865
0,7204
3336,0
0,8251
5850,0
0,3461
0,5491
1018,0
1703,0
4512,0
6135,0
5780,0
0,4674
0,2594
9865,0
0,6352
0,5617
3557,0
0,7986
0,906
2952,0
0,6475
4064,0
0,5767
3554,0
0,9689
6276,0
1597,0
5970,0
0,5836
2214,0
0,7881
5607,0
6884,0
3733,0
0,6686
0,5936
3161,0
0,8986
0,4877
9324,0
0,5600
9357,0
0,5328
0,9253
1164,0
9243,0
0,4851
9100,0
0,2833
0,7084
0,5411
3021,0
2189,0
0,4734
0,991
2795,0
0,2153
0,7722
0,1530
0,8645
0,6219
0,6996
0,1099
0,6585
0,8252
0,3453
3663,0
6134,0
1035,0
0,256
8793,0
4044,0
5536,0
3109,0
5527,0
0,850
0,3662
0,7376
0,3401
3962,0
1653,0
2148,0
0,8282
0,5359
0,1758
0,4878
5141,0
0,678
3657,0
3696,0
0,5359
34,0
9022,0
0,3783
0,1103
2479,0
8736,0
0,3060
0,9423
8419,0
0,4035
0,6323
0,4139
7002,0
0,698
6538,0
6057,0
738,0
0,7879
0,5736
0,1343
8672,0
0,6925
0,8881
0,9198
0,7531
3234,0
3855,0
0,857
0,3403
0,821
0,7613
0,5114
2693,0
0,1557
7584,0
2901,0
0,8872
3182,0
0,9531
9672,0
0,2906
0,918
0,3270
1776,0
0,3332
4940,0
946,0
0,3640
0,9158
5198,0
1134,0
8024,0
6971,0
0,4725
0,975
0,7801
3881,0
8720,0
1006,0
0,7680
0,2778
0,4775
0,4895
8416,0
4054,0
0,5188
1713,0
6018,0
0,7321
0,1033
8296,0
0,2178
0,7555
5896,0
0,3734
0,1882
0,8919
0,1626
3815,0
923,0
8688,0
0,402
0,9076
9087,0
0,2498
2404,0
6263,0
6873,0
0,2770
273,0
0,462
0,3017
9382,0
0,3197
463,0
1067,0
0,4126
9554,0
3202,0
0,9600
1140,0
4295,0
3647,0
5169,0
0,5443
0,444
5906,0
3461,0
0,8104
8486,0
3671,0
0,1226
0,2583
0,6883
1225,0
6484,0
0,779
0,5913
0,4941
0,5888
0,7648
0,6291
5671,0
1580,0
0,67
2959,0
0,5987
2796,0
0,2654
185,0
0,6669
2163,0
0,1935
694,0
0,9051
0,7261
0,1619
0,2371
0,5133
1454,0
5200,0
882,0
402,0
8124,0
6333,0
0,8847
0,934
3627,0
2869,0
1827,0
0,7114
0,73
8734,0
0,147
0,3899
9459,0
8314,0
5716,0
4021,0
0,355
2151,0
9202,0
7395,0
9561,0
7152,0
0,526
8504,0
0,7238
7579,0
7385,0
6944,0
4166,0
7187,0
0,1209
0,1665
0,5875
0,767
3007,0
0,2568
5788,0
0,5800
1276,0
2819,0
9700,0
0,7085
0,1864
0,7838
0,1118
0,1098
0,1445
2764,0
7321,0
4660,0
6415,0
0,2204
9008,0
0,285
9315,0
2161,0
1224,0
0,4896
8946,0
0,6069
0,457
7168,0
0,9933
0,9223
0,2034
9552,0
292,0
9445,0
0,7450
0,8618
0,1747
7634,0
8829,0
0,7775
3768,0
0,4920
0,1013
8400,0
0,5774
0,1773
0,8267
0,8100
0,8459
7402,0
5909,0
0,4184
0,6270
0,7565
0,8080
5340,0
5211,0
8695,0
199,0
2291,0
0,1007
0,679
9274,0
0,9990
392,0
0,6302
3171,0
487,0
4916,0
9472,0
0,4813
8698,0
0,7394
263,0
0,2555
0,7361
0,8263
8040,0
197,0
0,590
3002,0
6892,0
0,7380
0,6398
1551,0
1321,0
2367,0
0,6366
0,1530
565,0
0,5909
0,7648
4173,0
485,0
4127,0
4961,0
0,1854
3304,0
9234,0
4030,0
0,5352
4589,0
0,5856
0,2786
0,8240
4690,0
0,3956
9120,0
1263,0
0,5390
0,7656
0,9068
0,5825
0,8745
7211,0
0,6152
6083,0
0,1456
9978,0
0,7365
0,8933
8837,0
2890,0
5851,0
7563,0
0,481
0,2066
9549,0
0,6250
0,5103
6981,0
1256,0
8112,0
4522,0
0,8764
5455,0
0,4292
0,589
2250,0
0,9813
9155,0
295,0
0,9845
1070,0
6095,0
9350,0
0,607
0,7631
9324,0
5722,0
9430,0
408,0
5470,0
0,7720
5775,0
0,4930
0,7829
288,0
0,1359
0,3770
6888,0
6848,0
0,2991
0,6633
3657,0
9811,0
0,219
0,6410
0,7934
4131,0
395,0
6092,0
9495,0
250,0
7740,0
0,4629
0,7790
1037,0
781,0
8245,0
0,8056
0,5780
8275,0
0,3662
0,6321
0,6073
7987,0
0,7483
7298,0
4654,0
1070,0
0,5373
3386,0
6985,0
5783,0
0,623
0,6133
6403,0
3877,0
5224,0
4915,0
5628,0
965,0
0,8263
2317,0
0,3388
0,2970
8761,0
3676,0
0,9460
978,0
0,4264
2931,0
0,6808
5080,0
6363,0
0,1992
2900,0
0,3287
0,3158
8328,0
6546,0
0,5308
0,280
0,1179
0,2034
0,9823
6299,0
6310,0
0,1391
0,4081
1388,0
6074,0
6344,0
0,6674
73,0
0,6619
0,6910
1928,0
0,2983
0,6931
5018,0
0,1317
0,3065
0,5640
0,6622
0,5845
0,5796
134,0
0,7710
0,2784
3613,0
0,8483
0,1332
6340,0
4316,0
0,9334
2390,0
651,0
0,4095
5954,0
0,5676
0,1619
1473,0
0,4185
3228,0
6969,0
0,6374
0,8153
7706,0
0,2022
0,1743
0,9432
3758,0
9746,0
6104,0
0,6822
0,3762
0,2850
9280,0
0,2509
0,4006
9351,0
0,4677
0,8086
6342,0
109,0
3487,0
0,7245
3475,0
0,9580
0,4464
0,9641
8226,0
2492,0
2151,0
16,0
0,9368
9352,0
4045,0
2002,0
0,2112
3773,0
3579,0
7090,0
0,3176
0,7419
0,3037
0,5867
7881,0
0,32
9083,0
0,2618
0,1629
6534,0
6243,0
0,2600
649,0
0,4228
0,9535
0,6711
2711,0
0,352
0,1192
6219,0
746,0
8869,0
2984,0
0,5743
2776,0
0,9020
7520,0
1621,0
0,4066
0,8262
3601,0
4974,0
0,9105
6665,0
0,2884
0,1045
2478,0
875,0
1406,0
1206,0
2307,0
3202,0
0,4823
7996,0
0,394
0,2491
0,7438
8805,0
6543,0
0,6842
8356,0
7887,0
0,8762
0,1283
2086,0
5466,0
0,8668
4221,0
3492,0
8955,0
2612,0
0,6688
0,3680
0,5401
9151,0
2243,0
207,0
0,84
0,4639
0,980
2142,0
0,3401
5502,0
0,8995
1813,0
0,4426
0,6252
0,7386
0,3477
0,9084
0,5031
6592,0
0,4933
4358,0
9572,0
0,1715
2561,0
5116,0
0,3271
7059,0
0,8438
0,8910
0,7361
6297,0
0,9085
0,4905
0,301
0,9279
5235,0
3335,0
9265,0
0,1826
0,1640
0,8788
4912,0
608,0
5388,0
4204,0
4216,0
0,5054
9586,0
9960,0
8714,0
0,3949
2678,0
8757,0
0,5280
0,3473
0,3662
0,1833
0,2869
7127,0
9724,0
0,3940
1833,0
0,1420
0,8955
0,7913
8096,0
1862,0
0,619
0,9116
0,6491
0,2821
153,0
0,767
7720,0
0,7444
0,2851
1385,0
3638,0
0,2837
9336,0
750,0
9601,0
8207,0
0,927
3143,0
7418,0
0,7571
0,6609
8338,0
8392,0
5750,0
7960,0
0,1598
0,2827
0,6852
0,5185
4285,0
7798,0
7949,0
0,1092
163,0
6826,0
8409,0
8727,0
0,7120
1857,0
0,9817
8601,0
0,6117
0,5850
2970,0
1036,0
0,8835
9749,0
0,3169
0,30
0,2026
0,2418
0,875
9166,0
7996,0
0,6624
0,5220
0,2256
0,9624
8107,0
1860,0
0,8018
7979,0
2125,0
0,7326
0,8493
9352,0
911,0
0,78
0,8896
0,562
5521,0
0,7232
4200,0
6857,0
1431,0
1451,0
0,9430
4313,0
7276,0
0,5153
7292,0
0,8203
4329,0
0,8273
4975,0
0,497
1327,0
0,5527
0,4586
0,3172
3304,0
6170,0
0,484
0,5992
0,5087
0,6575
627,0
0,4957
0,3060
0,7378
0,2065
0,3771
6684,0
9299,0
192,0
1598,0
0,7769
3535,0
0,2436
0,7536
0,2273
0,8150
0,8890
0,999
1950,0
8378,0
8404,0
0,5089
1859,0
0,2051
4600,0
5547,0
2883,0
0,1136
1520,0
8673,0
9558,0
0,8155
1674,0
0,3625
0,7533
0,5045
3787,0
134,0
0,3649
0,8253
0,3245
9274,0
0,5430
0,3849
2714,0
0,2273
0,88
429,0
391,0
9542,0
7118,0
0,905
0,2213
6552,0
0,4250
5656,0
0,4930
6273,0
360,0
0,3075
515,0
0,4757
0,5778
0,7049
0,216
4082,0
0,6160
3387,0
8373,0
0,4236
4190,0
0,1685
0,5136
1510,0
4194,0
0,4709
1754,0
9466,0
4080,0
5461,0
0,9543
1925,0
0,5312
0,4077
0,8595
0,9442
3182,0
1128,0
0,2639
0,6508
0,5532
0,9580
3834,0
7992,0
825,0
7358,0
2997,0
0,8701
0,8984
2778,0
0,1092
9292,0
8269,0
0,583
0,6041
0,886
1573,0
466,0
0,8459
0,9820
0,682
0,4910
0,323
0,4563
9307,0
0,6886
7482,0
0,5752
4127,0
0,7188
0,3427
0,8726
0,8540
0,731
0,7458
551,0
8140,0
0,8107
0,7433
2670,0
0,7084
8072,0
790,0
7057,0
0,3393
2106,0
0,180
2712,0
8721,0
9289,0
0,9841
4633,0
1396,0
553,0
0,3224
0,9713
0,2532
1019,0
0,8077
6017,0
1470,0
9073,0
8303,0
6849,0
8633,0
0,2938
5979,0
0,7376
0,5938
0,1725
9163,0
0,9472
0,2458
572,0
0,6589
0,2006
4713,0
297,0
0,7146
42,0
0,2788
3415,0
167,0
0,6003
4739,0
0,3902
0,9168
3375,0
0,3947
5944,0
0,6928
4168,0
0,4465
0,8829
1612,0
9305,0
1097,0
4162,0
0,803
0,6259
0,4997
0,499
4165,0
546,0
7484,0
7954,0
3419,0
3271,0
0,1539
9234,0
0,8539
3097,0
0,7260
0,2781
0,9480
0,6159
0,9203
0,8642
0,7205
0,224
0,2388
8246,0
0,1518
7520,0
3057,0
9299,0
5293,0
0,6554
9657,0
9335,0
0,8376
0,21
7579,0
0,319
0,3097
544,0
5485,0
8555,0
0,6075
0,3366
0,395
6273,0
0,126
0,2450
6191,0
171,0
0,4052
0,9969
0,421
288,0
0,833
3778,0
9625,0
9002,0
0,97
0,1240
0,9574
0,3285
0,4042
0,5892
8056,0
0,446
9960,0
415,0
0,704
6891,0
1538,0
0,1163
3004,0
0,1414
1433,0
0,1926
3974,0
0,3675
6062,0
0,4119
0,7196
0,6817
6582,0
1370,0
5684,0
0,7222
0,2052
0,1935
0,9483
3350,0
3882,0
0,7857
0,1961
0,4088
2909,0
0,9766
0,2772
0,4879
7753,0
0,3438
0,989
0,5147
0,9047
0,6429
8530,0
1251,0
0,7999
0,4464
9961,0
8553,0
0,6760
0,1200
0,9220
6080,0
0,7351
0,3390
8340,0
0,1381
434,0
0,8965
0,9061
0,2493
0,1650
0,7022
0,5511
0,6357
2272,0
7558,0
0,3638
0,8926
0,9819
2317,0
1206,0
711,0
0,8522
606,0
0,1985
0,4645
3635,0
1668,0
7493,0
3447,0
4093,0
1571,0
4644,0
0,5634
484,0
0,1690
7944,0
0,4420
0,3938
6950,0
5923,0
6427,0
3955,0
6649,0
9659,0
0,3753
0,2784
0,5745
3449,0
0,3933
0,6344
5624,0
2020,0
0,6217
2893,0
0,8817
2749,0
0,6704
0,5026
0,2184
5122,0
0,6224
0,5536
1970,0
0,3350
9533,0
9695,0
0,1715
4113,0
0,7007
0,5933
5824,0
0,4201
0,2885
9228,0
0,4351
2347,0
576,0
6544,0
98,0
5897,0
0,5593
4789,0
7308,0
3196,0
5910,0
1175,0
6698,0
5937,0
0,5165
0,9492
0,6855
0,93
0,7044
0,1451
3497,0
0,1319
4131,0
0,1439
0,3113
6681,0
1686,0
2422,0
9393,0
0,3816
3526,0
0,3043
1275,0
3136,0
0,5777
4081,0
4315,0
0,8446
1038,0
0,5815
8699,0
6503,0
4425,0
0,3819
7286,0
7635,0
3100,0
0,4376
0,6992
0,5605
0,1087
9956,0
0,5626
5532,0
0,5418
0,9911
1987,0
0,6412
0,9065
231,0
7746,0
0,846
0,493
5223,0
0,2229
9168,0
3317,0
7342,0
4750,0
0,5962
8293,0
5873,0
9581,0
0,8119
0,6925
0,2982
4791,0
3829,0
1074,0
7164,0
0,6332
8818,0
5456,0
0,207
0,1032
6169,0
1002,0
0,583
0,4303
0,3449
0,2646
6432,0
3228,0
9622,0
9314,0
0,597
0,1682
0,8577
0,9367
0,6878
400,0
4208,0
6997,0
0,5210
0,689
8660,0
3336,0
0,6564
5355,0
0,4669
0,3731
5267,0
5414,0
0,3257
9832,0
136,0
5216,0
0,2213
6163,0
7423,0
0,6084
9636,0
1177,0
0,6532
0,5079
1202,0
0,6469
8683,0
6934,0
0,6766
0,7619
0,5639
1964,0
7852,0
2254,0
0,6565
0,50
4212,0
0,8423
0,9058
3503,0
0,2313
6743,0
6539,0
3684,0
443,0
1642,0
0,3607
6075,0
1735,0
0,2149
4895,0
2199,0
6776,0
0,5848
0,1034
6121,0
3348,0
2677,0
6542,0
3909,0
469,0
4428,0
0,503
7817,0
0,694
3043,0
0,5243
0,1709
0,367
7557,0
0,3679
3968,0
0,6646
4637,0
0,8547
0,3477
0,4501
3693,0
5005,0
4154,0
2205,0
7567,0
0,403
8847,0
771,0
0,2173
84,0
0,6628
8369,0
0,1377
109,0
0,4209
4290,0
7468,0
59,0
3135,0
8820,0
9403,0
0,8250
0,1878
0,1958
0,4740
3681,0
1368,0
0,1084
3429,0
0,8284
6855,0
0,4324
4460,0
5947,0
0,4768
8298,0
6030,0
0,233
0,1467
2191,0
6207,0
0,7576
0,8847
0,1354
1494,0
0,8350
4698,0
0,9158
3363,0
6754,0
3391,0
0,9421
4457,0
9655,0
9360,0
1076,0
0,7387
0,5645
0,1805
7000,0
1340,0
6080,0
3110,0
5197,0
7377,0
8995,0
7004,0
190,0
7969,0
7203,0
1692,0
2896,0
0,6041
0,1903
7846,0
9633,0
8698,0
5225,0
0,423
8283,0
0,7278
0,9380
7355,0
842,0
2650,0
0,4342
6325,0
3755,0
1591,0
0,9437
872,0
8624,0
9242,0
0,3710
4273,0
5556,0
0,8171
6028,0
0,6870
9622,0
0,2276
7968,0
7826,0
0,9417
537,0
0,1409
661,0
980,0
1328,0
0,5602
0,9171
2250,0
7343,0
3268,0
5150,0
1945,0
5166,0
1309,0
0,4545
0,2174
1677,0
3584,0
8744,0
2243,0
0,5858
5675,0
0,7926
7922,0
0,1190
0,1356
0,2638
1424,0
0,2733
2241,0
7279,0
6365,0
0,9950
0,4661
0,3539
4734,0
0,410
0,4428
0,8318
6802,0
9508,0
0,3590
135,0
2838,0
0,5079
6878,0
9731,0
0,5647
3195,0
0,7710
1128,0
0,526
5453,0
4954,0
7867,0
8332,0
0,4232
0,9389
1555,0
0,1613
8883,0
8949,0
2200,0
4262,0
2831,0
0,3959
0,2259
4485,0
1808,0
8858,0
1198,0
7051,0
1423,0
9841,0
1822,0
0,705
874,0
9320,0
0,3583
0,1616
8155,0
5576,0
3837,0
2839,0
9502,0
5322,0
0,2374
0,312
392,0
0,2214
0,7885
0,3787
1427,0
0,213
0,5333
1830,0
0,7406
0,748
0,4589
6395,0
0,1717
7672,0
0,8825
5489,0
0,8782
0,2733
0,9619
6520,0
1861,0
8309,0
0,139
1665,0
7546,0
6376,0
0,2771
0,4292
4489,0
9469,0
0,4959
0,8306
3741,0
0,409
9385,0
0,1246
942,0
0,9658
6953,0
0,4499
4014,0
9515,0
0,1502
6312,0
0,5782
7504,0
741,0
0,4483
0,8993
0,9723
6553,0
969,0
212,0
7155,0
500,0
0,4515
0,1181
0,8538
2683,0
0,3846
0,4966
3494,0
0,1449
0,5875
0,8747
0,6997
2145,0
0,2357
6471,0
0,6971
4090,0
0,8194
0,8021
0,5053
868,0
8900,0
0,2395
8868,0
0,2723
574,0
0,6172
0,3615
2740,0
0,9212
7427,0
0,1517
6684,0
9711,0
0,6443
4108,0
638,0
6059,0
0,4928
4497,0
7651,0
3537,0
1244,0
0,3985
0,8709
3197,0
4205,0
0,890
0,9257
9944,0
0,4053
9306,0
7061,0
0,2465
294,0
1714,0
5707,0
0,6951
74,0
936,0
8515,0
8703,0
0,8249
0,567
0,3555
3312,0
0,2618
9546,0
0,5684
7135,0
0,8850
6226,0
0,3294
0,4176
3100,0
0,1615
0,3555
0,7562
1804,0
8129,0
0,1441
0,9109
4060,0
0,2046
0,915
326,0
0,6552
6097,0
9847,0
8044,0
0,2895
0,9038
6450,0
6601,0
6844,0
0,8346
6172,0
7456,0
2151,0
0,9902
2151,0
3972,0
0,69
5785,0
0,3830
1953,0
6725,0
9173,0
0,5774
0,2259
505,0
0,6678
0,8061
0,1237
9297,0
1139,0
0,5111
3367,0
0,9153
0,326
2983,0
0,9708
8433,0
2885,0
0,4318
6108,0
3317,0
0,2403
0,9507
0,4073
8700,0
5523,0
9891,0
0,5072
0,1418
5399,0
3335,0
735,0
5497,0
0,908
0,1726
0,1257
8440,0
0,3216
0,7300
0,7629
2080,0
8127,0
1703,0
0,9747
1001,0
773,0
0,1509
6106,0
5130,0
0,3070
0,1538
0,1891
959,0
0,9888
0,2397
7517,0
0,5645
9340,0
0,6385
0,6229
0,7435
0,7134
0,6673
938,0
0,5650
0,1849
0,1474
0,8148
0,8849
0,4751
0,5553
2120,0
1198,0
0,6426
0,34
2656,0
0,3222
3810,0
9896,0
492,0
0,7639
0,7588
0,3885
0,8576
0,3772
0,3981
0,5448
439,0
0,3811
6951,0
0,9607
1431,0
2830,0
0,2726
0,8224
1021,0
0,1165
7977,0
0,3713
3553,0
7485,0
1767,0
0,2206
7336,0
6018,0
3995,0
0,5427
1180,0
668,0
0,658
0,473
0,3000
0,9025
0,6690
0,1530
0,224
8411,0
7035,0
0,4372
9980,0
8660,0
4334,0
9403,0
9281,0
0,8733
0,1565
0,1779
0,846
804,0
0,3543
0,2014
3767,0
8258,0
0,6709
5175,0
1179,0
0,5514
6390,0
0,5672
6657,0
0,7389
0,3613
9168,0
0,9973
4132,0
0,8205
4011,0
689,0
8086,0
0,3262
7119,0
0,4301
5674,0
0,6704
9160,0
0,3566
4933,0
7180,0
0,1640
0,4908
3637,0
0,7649
4876,0
9920,0
0,8900
0,4837
9060,0
0,4735
0,25
0,5972
0,3602
0,2504
0,6719
0,3564
0,682
8473,0
8275,0
9647,0
0,9567
0,3106
8468,0
7943,0
0,7082
2264,0
0,3704
0,4677
7306,0
0,94
4705,0
3659,0
4471,0
0,2746
0,4710
0,9109
0,2012
2216,0
4352,0
0,15
0,2539
0,4350
0,937
0,3550
0,6209
3645,0
9998,0
6694,0
0,1757
7215,0
0,3113
0,745
5125,0
3491,0
0,3766
9493,0
0,1983
6235,0
0,5262
6100,0
0,9745
0,1471
0,2169
0,6488
3926,0
0,394
6270,0
1140,0
0,4631
874,0
0,367
2922,0
2350,0
0,5271
0,3357
7115,0
0,2590
0,153
4759,0
6642,0
0,6287
9080,0
0,221
4128,0
0,5002
5632,0
0,8555
7956,0
0,5213
0,2133
0,108
8026,0
2698,0
0,7457
8695,0
0,5157
0,5225
7889,0
5446,0
0,298
0,3184
3550,0
0,1506
111,0
0,3104
0,5290
3212,0
0,5910
5002,0
0,3698
0,9513
8856,0
4738,0
4975,0
8764,0
483,0
0,4033
0,7453
0,8288
0,2260
1392,0
7550,0
0,4514
0,3106
3305,0
0,566
0,5661
2584,0
2408,0
0,1172
89,0
6958,0
2838,0
0,8378
3423,0
639,0
8654,0
0,6758
0,9938
9865,0
3823,0
0,7222
0,9160
0,4740
6720,0
5913,0
2484,0
2612,0
8006,0
0,1430
0,4341
6247,0
0,5669
1442,0
0,1307
0,9431
7978,0
0,310
6979,0
5051,0
0,964
510,0
0,3122
0,1842
8990,0
0,5020
1544,0
9704,0
0,1146
9311,0
2454,0
229,0
8376,0
743,0
8896,0
9056,0
6759,0
2766,0
0,6267
2438,0
3471,0
0,5016
0,6404
0,420
0,8404
1218,0
8960,0
438,0
8331,0
0,7227
6976,0
1816,0
0,4583
0,4006
851,0
0,4322
2481,0
0,7712
0,8431
0,6341
6835,0
0,5796
800,0
0,9131
7966,0
6358,0
7575,0
0,8891
0,3011
2898,0
0,8583
7933,0
969,0
0,9760
0,8109
0,2539
0,2448
8335,0
0,1468
0,7200
0,3752
0,4869
0,822
3761,0
0,6659
8298,0
0,6231
5879,0
0,5855
0,9207
0,2074
1747,0
0,82
0,3757
0,7083
0,8844
0,3101
3713,0
3923,0
7452,0
4133,0
0,9377
1982,0
0,5486
0,1563
4694,0
0,6442
8501,0
0,8191
1918,0
0,2876
0,6111
5977,0
8875,0
8109,0
7659,0
0,9034
1620,0
6287,0
9547,0
8773,0
0,2411
685,0
0,7209
0,2492
5285,0
5368,0
0,1346
0,3426
0,949
9754,0
0,1832
0,4813
5893,0
2023,0
3625,0
9684,0
3208,0
5069,0
0,8234
6274,0
6673,0
0,1224
0,7912
0,4237
8861,0
3144,0
6237,0
6867,0
0,8890
0,8940
0,7258
9037,0
0,4106
0,5207
2340,0
8072,0
4597,0
238,0
1056,0
1824,0
0,4968
0,5532
0,8840
0,1369
0,5237
0,7419
2496,0
0,123
3453,0
0,5794
9948,0
4809,0
0,5047
0,7604
0,3956
0,9232
0,9495
0,4979
8336,0
0,6067
0,6658
0,163
0,3802
0,9458
797,0
0,746
0,62
0,5570
0,7423
0,5048
0,698
0,304
0,9045
5284,0
0,1632
4598,0
0,8085
9304,0
1888,0
0,2686
5209,0
3432,0
9071,0
9803,0
6147,0
9230,0
0,3510
7832,0
0,3116
0,4030
0,7000
0,3039
0,2477
7335,0
2068,0
0,7278
99,0
1511,0
1816,0
0,7963
4292,0
5491,0
0,3323
1841,0
6440,0
0,1189
0,5853
0,6329
0,1565
3303,0
2656,0
0,2755
0,9189
0,7872
504,0
5836,0
0,1327
0,3955
4651,0
0,1091
8852,0
2281,0
1140,0
6425,0
8075,0
9870,0
0,7549
0,8748
6739,0
0,7244
693,0
0,8555
0,4808
2511,0
0,5117
0,8269
404,0
8365,0
8320,0
0,6396
0,886
0,7211
0,616
0,5176
6030,0
0,6723
5039,0
5279,0
9269,0
7261,0
0,6789
0,3312
0,5321
4857,0
112,0
0,4631
0,443
1843,0
0,7803
371,0
385,0
0,5424
0,9093
4248,0
6884,0
0,9792
0,2166
3105,0
0,7962
3817,0
0,7132
2231,0
0,4074
0,8636
1877,0
5726,0
8953,0
0,6206
8634,0
2728,0
3446,0
0,1745
0,8417
0,7592
6380,0
0,215
9593,0
809,0
1497,0
5806,0
0,1533
5638,0
0,3326
0,9708
5262,0
5227,0
8588,0
0,8692
0,9098
0,5337
1559,0
5552,0
8899,0
8324,0
0,4130
3771,0
0,9410
0,6738
0,5359
0,7999
6009,0
6707,0
0,7162
0,1172
6261,0
6509,0
0,2062
0,9949
8425,0
0,1387
1429,0
0,7093
0,4550
3831,0
9909,0
4263,0
1954,0
516,0
8134,0
5341,0
0,1850
2216,0
3913,0
0,2338
0,4726
0,9918
0,837
0,2372
5388,0
8637,0
0,2901
1216,0
3873,0
7245,0
0,2586
0,8918
0,8620
0,8350
0,7728
0,8299
2454,0
0,1299
5253,0
0,641
6072,0
0,7194
0,7156
0,9084
0,7516
0,4428
103,0
3347,0
6116,0
0,5927
4425,0
0,6880
0,2444
0,3250
7673,0
3892,0
4161,0
940,0
0,1211
0,5878
0,9550
307,0
7047,0
3371,0
0,6263
9092,0
0,3319
0,7840
5763,0
1091,0
1689,0
7182,0
0,8122
5223,0
9333,0
0,8061
