3000 4
3548,2191,1178,386
0,1268,291,374
1272,0,85,266
756,184,174,86
0,884,0,209
2440,1011,0,0
3124,1520,0,0
1777,714,389,0
0,713,93,249
1463,551,0,231
2813,1150,253,0
1862,500,524,149
1715,717,0,114
2207,0,0,135
335,117,36,52
3100,1775,289,305
2258,0,378,0
1244,386,339,98
1642,565,230,0
0,199,46,40
2477,949,0,186
947,0,0,86
167,78,54,8
0,431,224,87
462,214,78,19
0,799,0,189
0,148,135,27
0,278,108,62
0,1643,536,551
326,101,40,23
0,74,26,14
373,157,70,11
1423,508,0,0
2003,874,267,0
3061,0,0,427
0,0,121,238
549,132,40,69
2634,1113,1040,208
0,899,222,259
229,106,32,23
571,186,57,0
0,347,0,0
2050,913,478,134
238,0,61,9
2287,1130,0,284
1718,0,0,167
1448,0,454,0
0,0,552,73
573,141,124,25
3047,1822,0,343
0,216,244,25
1642,320,0,0
680,361,122,0
439,149,128,0
1910,730,139,241
2056,511,361,94
0,311,146,24
1251,496,142,142
2079,651,281,162
0,573,121,110
0,0,284,65
313,68,84,18
0,0,188,0
1517,609,494,89
0,0,262,0
1178,589,229,58
1910,593,619,165
0,728,703,0
2800,1771,208,0
1229,684,285,32
0,1134,179,469
2632,747,0,0
0,186,177,0
170,62,0,8
2003,1322,222,0
0,944,915,186
2860,0,556,149
2612,1211,0,198
2922,0,906,150
878,0,189,0
2745,0,0,383
2670,1338,306,265
458,197,125,25
2648,785,310,323
3227,0,717,250
1489,765,0,0
0,128,0,0
0,0,393,202
2863,1142,377,548
2661,1583,0,200
0,0,204,307
1405,433,397,0
0,425,0,67
0,0,103,0
400,0,136,14
0,629,0,206
1232,255,0,138
3238,1488,351,448
0,0,0,25
1055,317,46,236
0,162,29,127
2747,1949,0,0
0,175,55,0
342,167,0,0
0,1093,0,0
719,226,0,40
446,122,82,59
2239,1021,553,159
3235,2450,456,492
0,0,327,0
2205,865,592,153
252,0,38,25
3222,1499,286,0
0,432,232,51
0,405,0,0
1362,0,89,161
1991,685,509,128
0,87,134,0
1986,815,0,133
0,0,572,115
1270,284,0,75
0,0,107,154
0,98,0,21
2869,1681,0,248
2427,1044,677,132
952,0,161,76
0,0,441,182
0,1563,0,442
3031,0,551,0
1964,766,464,150
1078,321,285,90
903,356,321,0
1077,0,237,79
0,0,145,0
445,165,102,18
270,0,62,0
2183,646,582,117
424,196,0,19
1393,722,204,170
897,325,275,88
0,742,0,0
0,841,600,0
939,243,133,0
2171,863,311,0
0,501,243,110
508,161,66,0
2086,0,697,152
1424,517,137,0
0,808,631,108
0,125,0,30
0,56,70,8
0,415,0,97
0,0,26,25
2401,0,0,102
0,217,97,26
0,0,363,0
139,0,13,5
395,168,68,24
1853,709,0,255
1749,781,497,73
1529,578,187,156
889,319,88,0
0,539,123,153
2513,1455,173,381
2278,1007,0,0
0,1137,0,0
72,48,12,0
0,0,216,17
1870,803,198,286
339,0,0,63
1531,0,0,223
2519,769,870,0
483,152,107,19
0,0,85,0
995,442,0,0
0,45,22,0
754,0,152,45
0,629,0,109
0,418,0,80
2592,1680,273,311
1574,347,0,0
2590,0,0,281
0,851,0,93
1668,721,246,46
0,10,20,2
2904,672,0,0
0,482,339,123
274,116,77,0
2452,1461,432,169
1579,444,390,0
905,269,0,0
1347,615,346,0
1338,258,104,260
214,88,0,11
0,242,114,77
0,1502,0,0
1161,420,120,235
0,627,0,78
2388,1119,214,0
3184,1935,213,615
1376,0,293,159
262,70,0,41
1571,0,391,105
0,0,23,0
1026,418,0,0
0,1701,0,496
0,0,0,45
0,503,267,173
1586,543,0,158
2945,1326,237,492
2045,648,792,0
275,96,0,0
617,0,0,0
0,633,0,246
1203,558,278,61
2647,1283,742,180
279,72,0,0
1731,0,520,63
2952,1590,320,255
2741,0,0,163
2995,0,0,0
3101,1479,1246,325
0,274,147,0
408,174,0,31
411,160,0,0
165,0,49,3
2351,1660,660,150
0,521,0,239
2066,0,0,0
268,0,70,0
1838,726,333,0
918,272,235,42
2332,764,0,0
2646,1459,214,421
504,0,60,27
651,0,179,21
2598,0,0,278
1360,0,479,0
1907,610,445,0
0,0,0,121
0,496,0,0
0,81,77,0
1461,480,343,105
0,677,249,59
0,0,202,122
0,752,332,217
212,105,40,20
1485,647,292,197
2150,821,357,146
1133,378,0,0
584,0,82,33
882,324,0,44
3083,1035,1024,378
1570,0,219,0
0,847,0,141
0,284,263,0
1134,0,0,107
2946,0,0,0
708,233,186,69
1613,0,510,72
174,73,52,10
0,720,115,108
1589,531,0,100
3039,1129,662,0
2267,1043,0,0
2889,0,273,304
311,139,32,39
3065,0,336,457
650,307,45,53
782,164,0,0
0,947,684,0
1326,434,381,90
1482,0,295,0
2184,0,776,0
1049,268,304,75
1625,0,0,0
0,0,37,0
773,176,224,80
222,0,0,10
0,487,240,0
1046,0,0,0
0,223,116,22
0,1101,341,155
2793,1641,376,362
0,1037,198,220
1898,718,259,0
0,507,145,53
2382,798,292,324
2912,1465,666,0
1091,0,229,0
2026,818,0,146
2490,0,0,176
0,0,722,106
249,0,38,19
3044,1505,712,0
2716,1461,720,167
0,292,288,31
533,184,107,18
700,170,0,0
3016,2152,1090,0
0,561,371,150
0,66,0,10
0,241,0,53
0,411,0,182
795,332,0,0
989,0,253,45
2904,1723,422,0
2442,687,641,109
1170,516,431,0
2639,825,273,0
2672,689,0,195
0,0,0,205
0,647,123,228
891,0,64,111
596,0,59,117
743,236,144,35
1438,727,96,240
0,0,240,220
2643,1091,631,181
1112,0,117,125
49,21,0,1
864,0,234,0
0,496,330,308
2487,0,168,295
2842,1578,299,294
0,662,548,103
1888,818,697,0
0,530,76,234
0,159,95,29
1451,634,126,148
0,400,293,0
0,0,218,33
0,868,184,378
2688,1790,675,133
1338,0,0,0
1219,471,221,0
1782,597,353,133
2687,1323,293,403
0,843,273,473
215,98,40,7
0,1895,0,0
1913,604,475,0
1665,744,201,0
2877,0,1070,199
1639,634,0,124
643,287,0,55
1928,746,503,0
1645,425,495,167
3364,1942,1029,0
1021,513,280,0
1363,0,440,89
2302,0,0,0
28,21,5,5
317,131,34,37
1196,559,141,0
1667,749,302,0
0,0,266,163
0,494,666,0
0,435,0,48
0,0,194,46
0,524,0,0
277,65,51,0
2936,0,879,229
0,852,494,62
908,384,0,53
555,159,0,31
552,0,47,0
228,131,38,4
0,131,87,0
2863,0,899,229
767,474,264,65
2769,0,0,302
1492,644,0,67
0,0,26,29
0,507,110,0
1262,485,341,86
2084,477,636,181
888,346,0,0
0,583,292,99
0,0,34,0
889,379,173,59
0,0,0,223
0,256,236,41
0,0,231,261
111,49,13,0
1384,435,184,208
289,79,27,20
209,58,25,19
2777,1462,0,0
1594,773,0,95
1966,951,554,158
176,0,11,0
0,781,191,196
2104,0,0,0
356,209,32,0
2256,995,363,0
2135,0,317,152
789,0,208,30
0,1698,0,441
0,0,149,160
551,0,146,21
0,0,97,0
1249,638,236,118
0,665,387,103
241,112,18,25
3001,0,0,337
997,268,0,83
1937,765,202,247
2860,640,877,0
0,0,117,120
3097,838,370,0
135,0,27,6
438,180,75,0
1216,403,160,254
2264,0,934,245
1342,514,492,48
0,711,428,53
152,59,24,2
1505,652,404,0
1276,0,484,62
0,0,506,227
3333,1609,383,0
1552,0,258,171
867,224,101,132
0,0,233,0
0,0,193,201
1426,875,119,90
1055,620,0,0
0,1509,0,337
0,616,253,142
0,612,98,232
0,55,35,7
0,1600,0,269
0,0,265,101
2147,920,0,360
1085,496,83,196
449,0,82,40
936,0,266,62
2775,1258,610,0
269,120,91,19
0,0,348,117
1735,871,0,0
571,285,173,34
285,74,93,0
1288,532,0,99
2256,1088,212,300
227,56,59,44
2653,0,0,311
1149,463,288,71
0,396,495,98
0,0,12,20
0,549,303,0
2072,759,247,456
1032,386,112,55
621,0,0,62
133,31,11,17
0,188,24,0
1801,464,376,100
0,874,121,0
0,84,27,8
948,609,0,65
334,82,35,83
0,204,97,0
0,136,49,0
220,0,48,10
1876,589,0,0
606,0,50,137
88,0,0,0
2203,0,511,141
0,0,287,409
768,237,147,0
155,0,29,0
2405,0,0,85
1327,372,420,80
2429,1528,481,279
955,295,0,0
2050,1191,212,306
805,0,146,44
0,1879,1071,263
1382,583,359,0
250,0,55,0
0,0,71,30
2121,1253,290,0
1853,0,510,172
2797,1322,332,328
0,0,0,190
343,0,0,37
0,0,0,126
0,590,338,49
0,257,239,53
2741,1285,277,0
2851,1746,830,0
0,973,0,112
0,817,310,211
38,6,5,7
0,695,260,120
2476,0,641,109
1711,0,334,0
1213,561,119,0
171,50,11,0
1042,0,108,145
2152,0,693,97
2131,0,0,300
1075,0,0,38
0,0,715,0
0,1004,254,305
678,209,145,44
112,30,26,9
2933,0,0,768
2119,0,621,173
2107,1144,886,31
851,0,75,90
0,0,379,68
1802,735,0,114
3182,0,0,298
1020,0,0,157
0,0,416,84
1767,0,129,232
2416,1178,0,241
0,757,297,174
2900,0,0,259
1174,671,0,0
406,227,52,0
0,584,0,0
0,646,373,131
818,271,250,48
0,88,130,0
107,36,17,2
1929,723,0,0
0,333,159,158
0,692,758,147
0,153,108,30
463,0,94,21
929,373,0,0
3638,0,1288,0
0,454,0,88
679,258,179,40
1795,0,552,0
0,0,802,0
243,74,0,11
1080,504,0,143
1393,0,148,235
1322,571,226,81
2319,1219,580,195
0,275,131,43
2760,1182,0,0
2238,876,678,0
739,0,82,87
0,0,75,72
0,606,224,0
277,121,0,33
1274,0,172,113
3314,2021,0,458
660,0,49,56
3019,1436,327,0
1006,466,106,111
0,520,113,0
1859,822,205,226
1222,0,98,0
3025,2172,390,362
0,572,0,531
2496,733,294,453
0,0,0,30
561,229,156,10
0,19,14,1
0,530,179,0
0,280,98,161
0,209,125,0
2910,0,0,203
1641,0,0,209
2413,1083,673,0
2002,530,137,0
1249,0,0,0
434,211,0,0
1550,756,0,363
0,1777,227,0
1079,376,0,38
86,30,12,0
3157,1903,0,431
1219,422,0,79
413,0,46,0
746,129,151,69
0,1191,650,223
476,163,119,15
131,53,30,6
0,102,83,9
0,0,418,99
126,54,31,0
2538,1002,0,371
1583,0,145,154
2201,840,538,242
1176,645,0,75
245,0,46,0
1301,0,370,74
2454,1078,229,165
1963,0,297,163
0,472,247,231
1757,0,0,468
927,435,281,0
530,0,94,43
3207,1497,589,262
0,264,0,48
1074,0,141,75
532,175,0,0
760,0,63,124
298,0,0,52
0,1868,0,339
1487,497,315,198
1828,614,344,0
2546,1366,693,92
269,113,62,0
1264,334,402,75
0,1299,655,271
2802,1803,564,357
0,1248,274,0
1540,528,268,101
0,129,20,32
465,218,98,0
3265,1940,1043,274
0,570,0,83
0,583,0,136
2130,0,183,0
1456,0,310,65
463,0,45,42
2205,0,591,0
0,1421,533,0
1023,0,206,0
0,0,351,60
0,547,0,0
0,768,140,141
0,214,0,0
2742,1380,738,255
0,751,202,177
794,240,226,78
2717,0,374,280
2058,0,616,88
0,902,412,0
0,650,227,163
1215,458,328,57
2260,0,215,0
1521,709,191,0
0,1131,347,0
1119,556,173,66
976,575,0,86
1401,487,337,92
0,0,13,0
1684,524,569,113
1030,331,0,0
948,420,113,132
398,114,55,73
496,111,96,32
465,111,93,32
0,1319,0,0
2969,0,791,228
2231,1487,520,168
1594,1076,379,128
2698,1337,215,0
640,0,0,31
1053,391,225,48
1576,855,329,60
1979,0,0,331
1434,0,0,0
2941,1660,173,351
0,0,701,0
1828,778,170,291
2411,0,916,115
2893,1199,0,291
1337,507,336,57
1207,0,123,218
759,0,109,58
736,355,108,0
1218,469,0,213
1763,0,0,132
849,0,0,0
0,1456,802,0
756,417,225,39
2179,1098,0,104
1219,0,285,97
1900,0,588,49
723,184,167,0
2859,1623,503,348
2617,0,210,428
2158,1023,468,110
76,32,19,4
1703,795,347,97
1957,456,575,115
527,222,0,68
643,281,86,0
309,99,44,0
1650,0,206,121
0,58,13,17
536,0,48,63
0,1404,301,0
1195,592,0,72
0,221,146,41
160,68,37,15
2753,1338,228,0
1998,538,382,180
586,172,76,70
969,394,177,69
161,0,0,7
1139,0,294,47
2642,0,454,135
0,1941,159,529
883,358,72,133
2915,1524,609,0
273,122,0,12
1195,0,0,0
2266,1457,0,307
1299,670,207,61
1222,0,191,87
2864,1131,197,671
560,86,0,40
2330,908,456,279
502,0,0,0
869,0,0,0
2035,0,208,307
0,1745,0,370
2885,1858,331,202
2392,0,227,309
2027,688,0,0
1589,0,167,0
1016,0,0,0
2815,1286,214,216
2316,0,0,237
0,0,238,0
0,626,0,0
0,929,0,0
0,16,17,1
0,913,571,76
117,32,0,0
0,0,726,165
0,0,0,82
523,0,73,38
2623,898,0,556
850,0,0,89
1789,519,152,288
0,0,19,40
0,0,270,63
160,0,0,12
0,468,0,53
0,1903,0,0
2912,1300,226,440
2309,1613,0,337
2541,1178,0,149
1841,564,324,0
722,307,185,0
502,162,0,30
915,0,257,64
2401,1318,605,224
1526,806,380,142
875,512,225,0
2812,0,0,355
431,175,96,28
580,155,98,36
419,153,87,29
2621,1328,0,0
2585,0,238,283
1474,441,152,312
1106,0,138,145
0,0,0,202
0,55,62,17
0,441,0,85
0,1334,773,0
0,0,438,250
0,474,0,109
1600,420,399,104
3183,1859,0,129
197,106,17,0
0,199,0,50
0,1951,719,198
0,737,270,95
0,472,394,115
2795,1387,596,563
0,607,163,0
0,660,368,101
1170,0,0,0
1466,569,0,0
1233,709,0,108
0,0,775,231
2052,673,566,0
0,0,493,150
711,190,151,0
1164,382,0,91
1510,0,613,46
374,161,0,0
1392,0,0,0
0,408,179,62
1884,923,537,208
0,0,0,83
681,0,0,0
526,183,49,0
445,0,0,26
1298,672,218,0
784,369,237,112
1333,520,0,248
1543,937,0,149
113,29,29,2
1549,629,104,254
1467,599,97,238
633,378,36,67
2860,0,1216,233
811,511,0,57
2510,1634,0,0
189,0,43,6
0,792,0,0
2849,1203,464,0
1512,881,185,0
0,327,70,32
0,731,560,131
1683,490,466,0
2304,991,441,244
0,874,386,0
3060,1254,539,832
1661,951,506,0
2710,1415,770,142
1917,925,0,62
0,731,0,76
2243,0,0,145
1337,579,363,84
0,0,0,279
135,0,14,7
2677,1441,256,363
0,324,0,92
496,259,54,42
442,198,0,51
1239,0,0,124
1834,0,358,0
2973,794,0,0
0,561,429,247
0,1073,842,167
1092,440,0,55
1124,0,0,54
0,1290,386,145
0,1792,187,0
0,0,181,0
0,0,97,18
0,1644,525,250
1794,506,0,0
2118,1526,0,166
2623,1292,0,362
59,0,0,0
2976,0,0,272
298,63,48,0
259,0,0,0
607,0,0,54
2610,1271,580,0
2375,1061,427,240
1560,1062,157,196
1956,924,400,172
3239,0,895,451
2593,1747,0,233
0,406,0,0
757,0,0,37
2595,802,198,452
1107,0,0,0
0,642,86,148
904,425,53,93
2215,1290,289,234
0,0,430,383
580,182,166,0
1360,561,0,0
657,208,0,58
0,248,83,56
0,169,69,76
2415,0,245,560
1184,0,0,115
661,0,81,0
329,148,29,0
2192,672,467,0
2536,0,0,480
964,0,243,28
980,359,309,42
253,0,88,9
1356,472,0,0
1320,550,0,129
0,2014,657,0
0,320,87,0
2723,728,0,0
996,0,164,84
248,60,42,28
0,192,52,99
2765,2221,419,260
0,0,0,172
1579,737,0,0
0,0,0,218
0,641,0,251
0,396,0,111
0,115,0,36
714,356,68,74
0,1439,789,0
1631,377,348,0
1411,0,104,307
2270,1094,211,0
1689,562,0,0
1738,375,0,292
0,130,29,0
159,0,50,11
2641,1749,676,158
1643,582,468,144
2693,0,0,407
0,0,602,92
930,457,278,86
0,798,320,317
2311,0,366,341
1003,298,234,41
199,117,67,5
353,118,33,45
0,1771,0,0
2743,1208,0,122
2385,0,0,157
1934,0,569,62
2228,567,584,399
2670,1122,665,0
475,148,0,0
1753,0,413,179
0,0,0,384
1829,341,0,0
0,0,154,464
2266,977,139,0
0,552,67,0
1105,0,0,212
0,1234,525,0
0,93,26,10
1845,903,0,210
1032,293,74,157
0,525,110,203
0,776,264,0
1578,604,196,373
0,59,0,0
493,0,49,80
2298,0,777,144
1317,0,0,0
0,599,391,105
461,0,42,77
0,0,124,734
148,37,37,11
2963,0,583,344
1313,538,0,0
1569,0,390,126
1822,0,481,0
3088,1543,0,206
0,757,414,129
611,0,37,140
1044,278,286,0
2128,0,634,161
2865,1292,353,257
586,235,138,0
0,1269,0,249
0,0,0,248
2578,785,994,0
0,1184,297,232
504,188,116,0
2620,1967,287,231
1264,603,208,81
2549,1100,0,136
0,588,270,94
2120,831,686,149
1812,800,0,129
307,119,84,16
1078,0,0,148
236,0,21,37
0,39,11,18
0,0,214,26
0,0,106,68
0,199,96,30
1058,261,0,40
1976,885,416,180
112,42,7,17
1145,0,227,64
1771,799,0,229
121,15,0,0
0,593,0,52
0,458,0,0
2923,1761,837,447
1025,524,97,124
0,1091,254,0
546,226,41,68
331,0,65,11
966,170,0,42
2319,0,161,188
1724,913,111,121
0,470,364,19
30,5,6,0
0,688,0,63
0,0,137,23
0,1289,633,0
923,302,95,0
2060,1037,0,87
1609,790,196,148
2090,899,155,319
1818,0,550,115
2189,832,0,0
1132,505,0,99
174,52,17,13
3222,2457,514,0
0,993,0,0
1182,0,0,0
356,0,0,0
1710,0,490,51
1031,447,90,146
1093,172,290,35
0,1298,375,96
146,72,15,12
291,0,27,0
0,0,558,433
2789,1974,0,0
1591,435,0,142
0,713,105,0
1793,421,189,0
833,376,61,87
740,335,186,41
0,660,423,0
459,0,95,0
2597,1582,305,187
845,219,186,59
310,142,0,20
1317,456,320,142
3032,0,747,0
0,0,0,4
0,117,100,24
2086,1009,422,64
1844,833,0,0
269,85,21,23
0,145,0,0
243,0,25,25
480,90,27,0
1372,527,0,65
1839,0,473,0
0,806,0,590
478,196,63,0
0,25,0,7
0,1561,0,369
2314,0,191,358
0,842,147,380
1578,225,454,79
720,300,217,0
2991,0,0,743
617,0,125,22
783,377,189,31
1295,544,159,171
104,27,15,11
1191,517,144,160
2181,1095,393,0
0,779,507,0
802,0,0,0
248,81,0,14
1892,639,0,293
183,97,39,0
1036,0,180,0
1694,918,0,142
2609,0,523,0
0,998,257,0
549,0,108,51
0,0,66,18
821,371,210,0
909,312,210,0
0,334,0,45
2150,864,168,0
0,278,155,312
1186,362,387,84
95,0,0,0
1139,493,195,88
0,44,18,14
837,324,0,139
0,1151,499,0
352,191,0,0
237,67,29,0
1963,875,142,338
380,125,0,17
0,0,141,39
0,1196,0,43
868,216,208,35
0,123,122,24
2294,0,275,762
1186,529,256,82
575,262,0,30
0,705,91,170
0,0,295,0
2018,0,305,192
0,34,24,3
1599,780,372,127
2534,1590,866,0
807,212,180,41
2756,0,0,276
1037,289,229,28
483,74,0,22
145,21,0,0
0,1469,0,572
1186,454,295,68
2175,1258,0,120
946,0,287,49
257,144,0,32
501,187,23,89
1259,488,0,226
2358,1073,236,284
1740,486,0,149
1782,1095,0,209
1447,748,109,222
1446,634,117,0
596,0,0,0
2033,0,0,255
60,9,12,0
3129,1642,921,319
607,219,0,0
0,1772,443,270
1387,0,149,0
0,456,150,398
418,0,117,29
1883,506,0,99
1638,591,0,133
0,0,664,102
2274,765,611,90
1521,831,227,142
0,0,264,0
1829,967,170,253
930,454,134,58
0,362,0,47
342,0,65,0
2186,1221,234,206
70,33,27,0
0,791,0,251
1202,480,294,67
1154,463,0,66
0,403,272,120
0,386,0,0
1765,0,0,0
50,20,0,2
2840,1401,508,262
0,1206,0,279
0,123,0,14
0,208,155,49
683,201,105,106
680,0,173,46
1855,0,246,207
466,0,62,66
0,399,266,25
743,276,178,16
0,123,0,0
0,194,54,115
2988,1907,688,0
1575,765,0,132
1416,369,221,253
1333,0,335,102
0,163,129,58
782,212,206,44
333,90,86,0
0,324,0,82
1161,560,213,0
0,0,420,0
1206,932,235,0
1619,613,134,0
1266,542,85,0
667,325,155,40
2988,2326,0,0
699,261,180,47
0,612,137,138
494,226,42,67
754,0,0,71
1447,477,0,0
700,434,0,89
0,0,0,201
1411,469,0,103
2830,2043,0,264
2797,1479,984,126
140,37,41,3
1416,400,0,95
2302,1046,616,0
0,313,183,30
0,750,0,0
1844,758,128,373
2716,974,159,487
0,404,0,83
0,0,596,223
1914,709,0,139
2551,0,335,388
0,0,178,549
2907,1326,0,829
0,1714,562,0
1001,564,224,144
0,466,245,0
1544,928,398,0
191,31,46,11
0,665,0,142
0,375,309,0
491,0,0,22
0,677,448,89
1036,409,271,69
565,173,172,59
780,229,0,79
2761,1625,860,223
624,235,0,0
2262,0,324,192
0,0,0,9
458,102,88,0
1232,0,231,118
2871,1119,993,263
0,257,76,58
356,98,128,12
0,0,172,332
879,346,0,52
0,674,568,111
1350,0,0,130
206,49,46,21
818,334,0,72
386,145,29,102
1171,441,0,0
1836,808,0,0
0,898,779,115
0,40,30,4
375,123,89,0
2345,1159,553,0
1364,504,217,0
182,0,76,0
0,1591,0,0
809,350,137,70
539,126,138,26
2710,1712,437,0
2552,0,277,753
642,210,55,0
0,816,74,0
1643,364,485,0
311,66,69,0
0,0,114,0
0,229,200,61
599,286,0,60
0,152,77,29
0,85,0,14
2331,0,0,0
0,532,281,207
2076,806,295,432
1074,411,145,0
711,284,0,53
2472,620,743,0
2130,0,138,455
2811,1464,0,225
2284,912,635,205
702,233,154,32
1624,395,149,311
2435,0,0,0
0,413,485,0
1238,454,0,216
2428,936,0,397
0,0,9,3
521,194,72,36
3093,1854,328,634
520,122,120,34
526,168,130,18
0,366,0,50
0,224,151,31
395,0,91,19
516,0,65,31
2252,1536,264,0
0,587,117,293
2909,2186,437,0
2726,1513,0,0
0,0,0,120
1388,0,136,264
2251,797,373,0
0,634,208,86
626,0,105,30
0,34,19,0
0,0,136,361
1062,0,190,0
84,0,0,8
0,0,298,97
1970,0,399,132
1174,0,294,79
2570,0,532,133
2387,739,0,482
0,193,287,0
404,191,28,78
2139,461,595,0
622,410,88,34
0,549,250,0
0,80,97,0
1655,0,0,92
2768,1072,230,748
1712,0,172,0
0,982,184,567
0,346,138,0
0,479,252,63
2009,0,117,459
2010,0,218,0
0,0,0,110
2309,0,725,203
1425,0,193,0
2867,1520,857,139
0,0,0,251
858,185,182,0
586,223,0,44
735,167,100,48
616,340,78,63
2556,1588,193,373
19,8,1,0
0,672,247,0
2123,0,328,187
2544,1444,369,136
2564,971,268,399
0,358,0,173
1063,0,92,160
1288,323,0,62
440,0,0,23
2062,701,422,0
2069,997,0,109
2722,1861,716,228
2392,929,0,0
463,308,82,35
0,434,385,153
391,102,123,0
740,295,246,29
1673,621,207,0
2367,1193,192,0
0,0,178,25
418,129,128,15
860,167,122,0
716,0,184,21
2128,0,231,0
2018,0,0,380
0,443,67,0
0,0,49,58
2914,1692,974,111
0,0,513,243
0,212,236,0
1531,0,155,0
1244,367,267,96
0,91,60,26
535,0,76,0
2237,0,177,363
0,835,452,36
3023,2217,557,0
0,0,27,9
0,325,131,0
0,0,477,324
0,40,6,0
1676,707,0,144
2358,1196,493,153
2139,895,360,0
2088,878,600,79
0,45,16,14
419,117,51,86
0,116,52,14
0,494,272,21
2019,1223,0,0
469,0,46,0
2269,758,244,466
0,0,0,248
1389,773,0,177
0,499,203,79
2764,1410,297,0
2535,1754,218,314
2568,1071,187,0
1739,716,0,229
2732,1213,0,456
0,263,0,19
2605,1525,0,0
1011,513,0,45
464,83,128,17
2992,1795,0,191
0,1759,0,0
266,0,38,9
0,171,0,0
2970,1921,409,188
0,0,0,2
0,387,306,0
2567,1305,770,0
0,505,396,85
2563,1460,680,0
0,415,458,41
2321,917,642,0
2864,0,879,283
0,397,0,88
0,0,329,237
2344,796,170,0
2626,1622,348,0
1994,0,0,0
1569,301,0,68
685,0,69,115
0,130,127,0
573,151,0,14
54,17,15,0
1901,568,120,303
1303,453,0,244
721,363,151,54
163,80,33,9
487,0,0,0
0,138,58,19
695,0,156,0
1029,452,0,0
0,0,312,0
2695,0,647,304
3114,0,0,0
0,7,0,3
0,2345,344,422
0,0,148,61
0,696,203,102
0,1230,0,0
2147,846,140,240
0,923,260,632
845,278,173,36
31,9,9,1
0,451,239,85
2857,1779,855,158
0,0,184,75
0,0,763,0
972,228,0,0
922,509,103,0
913,310,0,0
2594,0,289,323
1079,0,190,62
511,157,55,129
1751,680,373,102
2536,0,822,203
0,707,0,95
282,71,56,0
1691,0,0,166
0,0,0,447
102,27,26,3
2526,1101,543,174
2714,1168,0,154
1773,718,366,191
800,318,0,185
0,416,0,0
0,162,0,35
1437,0,127,0
2258,968,551,103
0,976,489,113
0,217,93,19
1610,0,397,63
2629,1621,553,181
39,12,0,3
1534,180,0,87
1709,0,274,206
0,1938,340,197
656,0,48,81
2546,0,0,0
2514,1155,296,544
372,101,63,9
3032,1393,0,0
1830,879,223,281
1084,0,126,87
199,83,0,0
403,0,97,0
145,32,19,29
1279,0,0,211
977,205,0,45
0,819,148,405
0,1546,0,639
2039,612,335,138
2453,624,0,0
0,261,0,228
1501,919,198,68
0,603,0,204
0,1014,1066,248
946,297,304,0
0,640,104,303
1177,491,0,66
0,775,369,185
2626,1279,0,480
2502,1134,366,747
2978,0,498,557
2147,953,715,0
705,303,0,37
0,841,138,434
2842,1204,237,0
354,194,33,53
0,1268,0,0
522,211,0,0
0,57,0,24
0,35,8,23
462,218,28,49
2703,0,270,326
2428,1047,444,232
0,545,101,0
622,312,91,71
1349,714,154,215
2585,1299,0,157
0,0,256,77
1425,534,0,225
0,843,355,604
0,0,650,198
251,0,0,14
0,481,570,38
0,0,615,450
2662,1432,0,60
544,0,157,21
828,286,202,0
1499,454,0,243
0,188,0,0
0,81,35,22
0,1135,330,130
1112,490,0,138
1696,0,105,0
2487,1054,266,465
224,0,19,35
0,642,286,0
3179,1650,0,0
2886,1730,0,988
1477,0,358,0
65,12,0,4
0,1330,629,0
0,1495,377,218
842,310,79,260
2385,0,433,134
0,532,0,0
318,113,0,0
353,123,50,21
2096,1074,397,119
0,0,0,149
2860,1171,688,127
835,233,0,0
0,0,262,439
2287,1122,384,393
0,353,166,86
1295,568,167,0
623,0,129,12
316,146,41,27
0,854,0,176
0,1059,718,81
1746,337,287,0
0,0,0,29
0,168,0,17
584,289,148,0
0,1161,244,274
1303,642,0,103
0,173,54,79
0,0,489,288
1325,518,290,84
0,0,7,10
331,0,109,7
1727,949,0,119
2462,0,563,72
3046,2201,571,0
1762,945,179,132
0,244,75,27
1176,0,339,0
0,0,373,130
1635,0,0,155
1611,0,512,75
1356,0,0,39
0,166,220,19
2578,1335,0,0
657,0,138,43
2283,1189,345,63
2211,938,282,252
2211,0,0,225
941,372,197,39
0,208,0,168
0,0,0,63
262,154,48,0
0,0,4,3
2428,809,0,604
2843,0,690,0
1365,0,0,46
2271,0,0,98
0,374,87,150
0,18,12,7
449,0,99,17
2830,0,0,0
612,0,152,0
967,0,0,116
85,31,0,8
1526,598,0,264
412,81,120,0
2573,0,620,247
700,264,89,33
587,0,70,0
51,10,0,0
0,0,0,92
0,171,69,103
0,327,100,79
1756,487,0,298
1648,0,589,0
1883,706,477,0
198,65,0,9
2006,0,374,139
0,1083,351,358
1522,155,350,0
2893,1678,0,0
0,525,0,0
2100,0,191,250
0,592,173,435
0,68,79,3
0,260,112,0
1515,802,0,166
299,184,0,16
0,728,123,0
1560,434,0,37
2000,955,205,240
1748,763,0,105
1552,0,0,44
2105,590,0,587
1018,239,221,52
50,17,4,0
0,1767,0,299
1595,630,0,452
105,28,37,1
2279,991,330,0
1499,0,0,48
1122,324,295,0
0,0,0,93
53,17,10,0
1063,0,255,60
85,21,17,0
0,853,0,204
0,0,110,0
0,4,0,4
874,324,66,0
0,1421,697,315
108,46,0,10
1683,609,363,97
1957,629,564,37
337,0,98,16
2203,1196,0,163
2432,0,0,0
833,195,162,38
2207,0,618,205
381,120,69,12
1301,395,410,0
2815,988,0,567
979,405,247,60
509,117,96,25
1677,620,227,174
2388,1155,0,170
0,739,257,0
2902,0,762,0
0,367,0,0
0,0,0,417
866,0,112,25
1848,0,0,0
1527,698,0,58
293,102,0,0
2511,0,0,93
2344,1125,460,0
782,355,82,48
0,106,26,0
0,0,179,146
0,0,700,133
65,31,8,0
122,30,0,21
726,240,168,0
0,0,66,35
2521,1195,469,0
1591,0,246,0
646,206,145,12
935,0,198,31
2285,0,0,0
1243,541,107,0
497,223,29,54
754,335,0,22
2820,1069,280,0
2092,0,0,127
510,126,0,0
2094,0,286,180
2264,727,723,0
1736,839,191,132
1248,0,320,0
0,0,340,0
0,650,0,164
1624,0,139,353
2819,0,711,0
202,53,0,19
1769,610,140,328
938,0,122,0
0,1177,272,135
0,44,19,3
0,0,0,80
2582,1388,0,155
1077,291,279,33
2753,1268,0,223
229,46,48,0
1201,612,264,0
0,0,740,0
0,246,48,136
154,84,0,18
1887,0,456,0
1886,0,192,405
672,330,0,47
1603,0,257,235
0,0,271,295
2477,1397,204,404
865,347,0,49
2893,1235,273,564
0,356,71,82
2722,1341,428,295
2519,0,196,0
2915,1118,424,789
690,198,194,56
116,8,18,1
556,0,131,47
1441,653,279,0
2867,1192,0,347
0,0,186,82
835,398,126,51
780,235,152,57
0,163,89,28
169,0,24,0
0,0,0,221
759,342,0,78
2591,0,151,0
0,0,14,4
419,130,45,38
1199,521,303,32
126,73,12,9
0,418,0,0
826,394,0,0
0,668,120,100
0,843,189,390
2711,865,0,678
0,0,118,7
2597,1431,851,207
136,39,24,9
0,172,0,39
0,0,56,14
285,0,0,0
274,0,0,0
0,0,295,0
3207,1320,349,275
2022,743,401,128
2324,1040,345,315
0,0,192,18
1268,0,122,43
0,2377,1072,0
0,1186,0,326
0,105,39,125
2029,894,253,185
92,53,0,1
0,164,189,32
155,58,22,11
2897,1823,286,0
0,547,248,0
0,49,45,5
2728,1212,0,275
623,285,118,48
0,693,0,385
0,1129,0,0
2909,0,870,189
2118,877,656,0
948,727,0,55
0,0,0,80
1356,638,235,0
126,51,0,12
1032,0,219,33
556,185,55,0
0,1561,0,0
0,191,49,85
1126,0,262,80
2792,0,249,301
0,469,153,69
1882,0,211,405
820,209,174,15
2064,815,0,110
1389,502,262,0
0,520,0,59
1718,935,0,0
0,786,0,58
1774,835,152,225
0,749,0,154
852,302,94,53
0,0,143,0
1223,0,0,119
2289,1058,598,99
1771,683,284,0
1098,389,0,74
117,73,27,0
2074,652,324,216
257,0,42,19
3234,0,0,369
1981,0,249,0
1143,0,256,0
2340,794,456,72
0,430,0,51
2496,765,0,240
2038,854,164,274
0,293,129,0
0,781,566,36
2131,950,402,147
1896,634,173,0
1567,0,445,126
1704,576,0,0
2033,872,258,106
673,338,0,40
194,44,12,0
0,44,34,0
2958,1755,513,197
0,61,0,9
1035,435,266,45
2603,0,270,267
1344,441,375,0
690,0,0,91
1435,523,93,0
2067,0,518,256
424,137,43,75
17,7,4,0
0,757,0,78
0,0,485,59
0,47,26,0
1028,0,111,0
2029,1095,138,389
560,168,0,121
0,800,168,0
66,11,0,0
1995,0,0,55
545,182,111,24
0,580,200,74
0,645,445,89
1773,0,123,0
961,287,78,146
2901,1537,396,211
591,0,0,0
1033,305,0,82
1427,791,417,43
862,0,242,0
0,656,232,0
1265,0,189,225
56,21,6,4
485,184,42,0
235,43,0,10
596,0,52,69
0,1261,690,0
838,0,98,47
3015,1780,354,0
3260,1618,783,548
2820,1604,410,0
3084,1071,206,789
1002,475,0,69
0,0,183,0
297,16,0,12
1288,0,272,51
155,0,34,0
804,0,186,12
3060,1205,443,188
676,188,140,22
0,37,28,0
2169,970,367,120
87,19,0,0
0,1051,0,271
1710,478,0,0
643,208,123,0
2980,1644,443,190
2088,351,952,0
1950,774,0,167
1735,0,0,0
1601,712,0,116
0,1446,0,0
410,109,39,68
305,82,51,5
0,186,0,106
523,153,0,95
217,48,0,24
335,150,33,51
738,0,0,0
184,68,40,8
0,0,0,182
1066,0,179,49
255,0,34,0
1057,0,0,133
830,0,113,48
539,325,0,99
2078,1008,211,0
1789,702,136,0
230,65,0,0
1053,0,95,0
0,332,0,99
389,80,76,11
457,162,85,18
0,0,293,165
2790,1249,0,224
921,309,97,0
1044,437,258,0
576,190,38,94
0,197,0,0
0,153,0,0
0,42,18,12
0,273,198,18
3324,0,0,0
0,26,9,1
1676,714,227,156
0,582,0,71
93,4,13,3
59,4,8,2
0,44,21,7
0,342,261,0
73,0,16,0
975,0,115,93
1207,563,0,92
0,0,318,65
0,817,253,78
2060,0,186,116
809,0,148,39
0,625,454,157
1876,793,179,342
1065,330,98,169
508,176,47,73
0,526,0,99
2526,532,0,0
2818,1445,238,305
153,62,37,1
2269,755,308,390
0,21,13,8
1055,445,96,180
72,7,9,0
129,33,0,10
0,1445,743,331
959,227,186,19
0,376,116,51
1298,488,0,209
3287,1602,405,356
0,770,0,227
0,0,227,0
2243,1036,794,217
1341,561,143,132
224,75,26,0
0,162,56,0
1110,291,244,0
2606,0,0,603
2263,0,173,203
623,277,55,139
0,540,0,28
461,94,47,0
1760,474,193,0
293,53,24,0
1359,0,334,53
1921,0,555,86
635,145,131,0
2284,0,0,241
2597,862,334,221
1258,0,0,0
0,0,171,329
2261,649,0,0
2910,1349,302,246
397,93,0,0
0,482,365,104
0,0,153,16
0,616,0,122
3148,1039,826,342
1835,363,114,0
1316,359,0,88
0,71,0,4
2953,783,637,216
2348,0,0,0
0,0,34,42
0,72,26,0
1887,642,216,187
317,0,74,0
1950,717,0,230
1109,0,210,0
1070,337,0,110
3295,1826,0,182
0,1458,346,231
376,112,67,18
2499,0,424,0
69,13,12,1
429,0,0,19
1028,251,0,173
0,78,31,0
0,625,305,74
706,182,0,0
2545,0,266,241
1797,0,190,174
2053,881,194,0
3268,1840,836,0
0,0,15,14
0,0,0,529
105,0,15,0
0,37,0,4
365,136,92,0
0,0,0,122
1072,427,132,0
543,0,0,26
162,0,0,2
1134,490,301,61
152,47,31,0
0,207,71,23
81,0,0,7
0,6,0,1
1414,0,382,54
578,126,139,10
1177,513,272,0
842,0,58,124
0,0,222,30
205,0,21,18
494,0,114,20
1606,588,244,123
337,0,0,0
924,246,228,0
0,0,287,35
517,0,134,17
1435,587,160,192
744,0,152,56
42,0,17,0
1157,509,118,125
1570,592,0,116
0,373,0,302
525,156,128,31
249,70,67,7
0,0,160,0
0,303,0,41
1784,945,478,88
0,401,357,0
174,0,0,16
810,270,84,78
1242,513,140,0
1632,0,309,115
506,183,62,56
0,86,53,1
1098,230,0,48
1632,690,212,434
451,0,0,18
0,15,19,2
2593,1149,0,420
0,203,116,53
113,26,30,5
878,196,0,34
1096,0,0,66
0,275,174,55
1024,0,138,0
0,0,0,49
398,0,107,21
495,167,0,0
0,217,0,70
2096,708,0,347
391,114,47,0
2035,929,604,0
86,43,32,5
1811,0,502,71
63,16,0,8
2677,1076,563,0
597,141,52,111
0,18,21,0
0,750,0,0
32,3,5,1
0,674,0,70
781,0,124,0
2987,0,239,0
649,322,123,47
0,54,50,0
582,242,0,37
0,0,301,97
1012,168,262,65
1712,654,222,0
0,49,26,25
1112,471,184,32
0,422,0,42
0,574,332,0
1249,0,216,201
0,0,0,209
389,58,0,0
1749,877,276,0
2025,867,323,0
663,284,0,0
2188,869,259,519
0,54,44,4
0,0,272,0
0,190,51,66
0,1806,428,374
169,38,25,0
2363,971,0,330
574,193,74,32
1305,0,400,0
0,54,85,8
2821,1250,298,583
0,19,21,0
0,0,157,49
0,0,353,0
2337,1022,608,104
0,0,290,0
2939,996,355,0
0,0,137,227
0,745,163,304
0,0,52,7
2288,1005,261,160
2420,974,0,231
1305,302,0,185
936,314,0,0
3443,1765,425,360
1457,342,405,0
1670,842,391,61
542,213,139,14
0,657,545,121
1802,461,185,498
0,0,178,64
0,441,259,65
243,72,0,15
0,29,0,0
0,728,0,0
301,49,0,7
0,0,59,0
0,0,0,65
0,895,176,115
876,251,0,39
0,0,382,161
0,267,63,71
1809,0,0,105
605,0,64,89
1358,613,257,62
631,199,87,36
0,119,0,39
280,0,109,16
0,0,284,168
1492,433,159,273
0,950,0,0
1532,558,106,0
1272,403,0,35
441,0,84,0
2980,1636,0,0
586,175,0,0
262,72,76,0
1860,757,189,0
954,302,70,175
2659,1098,222,403
279,93,54,0
2563,669,786,107
1050,198,0,214
0,436,343,54
1576,0,154,351
1150,0,0,0
1740,0,387,0
3318,1484,349,698
774,185,0,68
1954,959,0,178
0,0,203,132
877,0,124,81
774,210,72,101
901,390,263,0
452,164,0,7
1786,467,556,70
0,0,62,10
722,0,198,0
0,0,57,0
1383,415,0,0
1659,0,390,93
1329,690,334,70
119,42,0,19
1151,371,109,302
176,41,25,26
989,285,251,0
1615,717,231,112
0,1547,803,162
153,0,0,4
0,673,155,0
473,227,0,19
2907,920,863,0
1295,500,285,82
518,152,50,0
0,0,0,53
2238,782,429,0
1343,0,347,30
89,31,8,9
2629,1151,0,236
173,93,0,12
653,262,78,37
0,714,0,158
0,224,281,17
2649,1506,373,175
0,208,0,20
3117,0,391,257
2484,1015,516,137
900,296,250,18
0,0,0,12
0,833,0,314
0,1608,677,0
907,0,274,32
0,0,264,325
0,1497,386,514
69,24,4,0
287,121,26,53
0,19,20,0
2480,774,301,384
184,48,39,9
1247,0,0,20
38,24,7,1
340,0,0,0
0,17,29,6
2148,0,238,0
961,387,130,67
1613,611,0,100
2432,0,611,127
766,276,0,27
3226,1822,578,156
1379,490,160,0
0,0,59,22
0,79,0,0
842,270,78,86
430,156,31,0
0,216,0,0
287,0,0,14
2215,0,502,235
0,898,212,0
3321,1772,498,462
0,0,0,209
0,0,156,17
1949,498,288,0
1671,0,154,0
0,438,0,0
1976,397,0,0
342,0,0,39
2245,630,0,0
0,2048,0,349
144,52,26,7
3351,0,351,395
872,0,94,68
1209,476,0,142
1025,194,184,65
448,0,73,23
251,36,55,6
586,197,0,39
2577,0,637,162
0,268,262,50
543,0,122,13
1320,315,181,91
1686,473,0,232
1385,0,82,0
2396,1138,394,246
0,147,0,92
2317,1068,0,0
905,0,81,125
0,635,222,122
1544,0,93,223
501,136,118,21
132,41,31,5
2402,0,0,0
0,0,0,98
154,40,0,0
0,110,33,39
2447,1557,359,330
0,226,111,0
1732,482,316,77
0,155,101,20
0,708,0,0
730,0,0,156
738,360,202,43
1472,0,0,0
625,217,0,9
846,183,102,98
0,1310,433,0
157,50,0,16
606,0,0,0
178,64,29,0
0,25,17,3
484,96,93,16
2539,1237,653,109
0,206,126,0
2196,753,234,0
1760,495,175,0
3331,1367,385,0
0,145,55,14
984,284,0,89
65,0,0,2
0,1498,737,0
730,396,117,47
2675,0,402,370
2112,0,253,195
939,330,273,0
1191,531,0,82
1770,722,0,232
0,234,65,121
0,80,30,0
0,1680,670,207
0,1439,0,196
0,40,25,5
0,678,261,0
0,136,0,50
2451,1126,403,0
2701,841,390,191
347,49,111,7
314,48,101,4
3067,1626,851,163
2664,672,0,0
3021,1776,407,185
2846,967,0,271
0,698,189,57
0,141,97,0
0,810,202,273
708,217,132,0
165,53,25,0
0,0,41,7
0,8,5,0
0,766,0,0
1872,0,260,139
404,158,61,35
0,0,53,121
3274,2038,378,411
706,215,0,0
169,62,21,0
1230,372,0,139
262,82,0,0
0,909,0,0
2162,1015,143,0
0,333,0,0
1945,437,187,410
0,73,0,28
0,0,124,0
0,345,177,199
0,511,488,105
249,30,0,15
0,172,222,0
1175,0,259,47
0,0,201,0
68,25,11,4
0,264,135,13
0,981,823,0
873,0,0,43
0,0,464,246
1859,871,208,0
0,0,122,0
0,336,86,78
104,0,0,9
243,69,0,0
2667,942,0,182
1965,747,401,77
227,0,0,45
814,0,89,151
703,270,205,29
3281,0,248,0
2278,0,0,220
0,0,586,34
0,0,0,14
1137,445,152,65
3020,2032,757,240
0,0,121,35
942,275,185,55
2735,1331,298,0
0,0,61,28
1858,0,588,0
132,21,0,1
2710,0,0,209
0,0,65,71
1330,460,104,0
1327,409,332,61
0,937,0,153
1149,471,0,150
525,0,122,17
1317,461,167,0
677,0,89,44
1952,0,122,399
712,176,220,17
701,266,0,20
465,0,60,48
342,86,31,26
2839,818,429,0
0,0,207,0
2380,677,547,90
3277,2832,425,360
346,0,73,0
1865,979,432,0
1971,0,0,480
2874,1080,558,503
886,0,105,78
2406,948,0,0
2825,1609,256,275
2491,0,634,95
0,127,137,0
0,421,0,17
0,74,56,0
0,464,299,30
1951,489,379,148
0,691,168,324
0,15,24,2
489,142,0,12
213,80,60,3
458,0,47,0
0,71,0,10
0,627,143,63
2923,1182,0,374
192,35,0,4
576,196,0,0
2796,0,0,0
0,362,0,33
2452,911,613,129
1376,441,134,0
1056,514,154,60
0,0,0,186
149,36,29,0
210,80,0,9
989,423,110,58
2601,0,415,136
144,47,0,0
1411,455,415,57
1333,0,247,156
0,197,166,16
214,69,0,7
1392,565,312,0
1813,746,350,156
405,138,74,0
0,120,45,84
2544,1010,505,67
2031,961,139,291
1054,0,81,185
777,235,104,83
2535,879,733,64
0,1374,315,385
0,0,317,0
698,200,155,0
0,826,0,274
147,40,24,7
0,567,330,0
0,1226,581,201
0,0,248,44
2563,1285,496,0
0,0,0,6
0,872,252,194
1715,0,0,77
946,468,92,67
2455,0,475,0
539,0,51,45
1186,521,95,114
1301,355,0,0
1671,583,153,0
0,412,0,108
2176,0,0,79
2933,1041,655,0
967,0,97,0
2049,584,0,0
170,51,0,6
373,101,35,25
2966,1075,0,625
1783,0,401,0
1472,559,0,0
2326,917,0,163
1572,661,0,18
1289,0,488,13
0,184,123,65
234,40,48,5
231,0,54,8
0,1429,250,420
2508,1194,440,232
1675,814,0,172
1356,645,0,90
0,0,0,49
34,10,11,2
1501,0,139,299
390,84,104,5
948,340,82,122
760,192,0,0
1759,574,240,0
2586,0,629,82
688,0,70,0
2179,839,0,121
0,1316,454,0
1292,0,272,95
0,1273,0,225
1373,494,168,114
396,141,0,0
0,0,51,0
546,192,108,44
2907,744,0,0
1773,575,509,55
218,105,18,17
2314,1180,0,284
875,252,100,0
0,721,0,259
685,0,127,33
0,238,0,27
679,278,110,51
1755,440,0,63
2128,1070,0,0
305,168,85,10
0,202,0,22
1720,664,0,81
0,633,209,69
2204,0,0,114
2299,1442,354,332
0,123,83,41
1379,557,135,0
0,85,37,0
0,418,118,160
0,814,0,0
1325,0,0,66
0,566,344,55
1757,532,0,0
2083,0,711,0
0,287,188,276
1713,743,464,98
0,651,433,0
0,896,210,177
2021,0,342,95
803,0,296,48
0,0,0,183
1188,0,0,0
556,98,135,0
3149,1788,441,258
450,0,58,0
680,227,114,56
556,205,81,35
1940,780,323,0
1320,0,399,53
90,27,10,5
1739,828,433,74
3059,0,243,862
1278,0,322,28
255,0,36,7
0,348,83,148
0,0,0,28
1048,0,0,27
1863,735,693,121
675,245,36,0
0,1392,414,290
2626,0,0,403
2508,895,276,354
0,0,166,0
77,36,24,0
2248,968,238,501
0,206,86,122
585,216,50,52
0,1092,0,0
715,196,0,46
725,0,86,0
0,224,0,0
705,245,0,9
0,0,0,163
0,0,263,83
1765,0,490,0
921,0,247,46
1824,813,327,64
560,0,58,0
2859,0,0,205
0,950,282,0
1947,1254,183,0
1143,489,0,23
2100,0,545,234
0,276,258,0
1214,473,0,109
1991,867,0,102
147,61,32,3
2316,0,637,204
2253,648,0,96
276,119,0,20
310,0,65,0
718,0,119,0
2245,1233,297,227
886,211,76,98
0,0,0,343
1404,0,405,0
2815,1294,410,375
1035,289,187,54
2152,751,0,226
0,0,0,6
0,0,4,13
772,237,152,43
0,397,0,74
0,1143,0,170
0,0,0,29
2482,1066,279,0
660,0,0,22
2835,1970,0,365
1931,792,349,0
0,0,356,472
933,0,205,0
2279,825,394,202
0,0,223,53
2906,0,0,0
3239,2472,623,0
1474,591,131,127
1441,0,0,127
0,355,73,70
1730,0,0,0
317,99,0,16
17,2,2,5
2177,771,629,52
0,226,0,25
0,36,10,5
798,348,75,102
0,20,8,0
2406,1235,555,0
0,994,356,0
503,0,45,17
1318,542,124,203
666,240,58,116
66,13,13,2
0,1432,311,242
673,245,94,99
13,5,4,0
0,215,151,47
0,1146,0,0
1805,586,336,212
984,459,304,0
481,108,77,14
0,2027,620,218
1240,636,355,80
2585,882,802,267
499,200,83,0
1089,333,293,42
2289,0,0,157
806,0,74,0
517,234,50,121
2871,0,0,469
0,0,0,112
58,0,0,4
0,78,0,27
0,1329,705,169
2348,489,387,145
766,195,0,22
592,0,0,21
659,0,45,0
321,75,64,1
1405,548,192,0
0,0,191,58
1975,381,597,105
1703,0,0,298
0,435,190,71
3211,0,0,170
2890,0,274,219
223,78,0,6
2375,624,373,185
0,651,0,266
1347,0,0,238
2361,1401,409,0
496,0,0,64
1646,840,125,271
0,0,156,0
0,1076,0,0
1882,1033,565,145
0,136,184,0
0,185,99,33
488,151,84,29
1540,277,606,121
0,0,0,69
1702,610,0,0
894,272,155,42
0,19,24,0
0,96,102,22
867,423,77,102
378,170,56,55
0,0,0,170
0,1393,295,393
2763,1622,0,203
531,0,171,16
1674,672,161,0
586,0,60,70
0,737,0,288
0,1178,718,266
0,1784,0,107
73,18,5,17
2061,0,0,84
0,0,794,149
81,0,7,11
1549,0,160,0
1999,750,0,192
1032,436,177,40
1018,357,207,0
158,35,0,0
0,173,120,8
1869,803,170,145
1387,390,395,0
1280,535,368,23
0,783,196,96
1576,561,0,107
362,76,32,16
2774,1511,430,260
689,283,76,23
0,0,25,42
872,0,178,0
0,1352,0,0
586,0,117,0
77,0,9,2
83,0,6,6
369,53,0,4
2734,1086,265,0
0,0,0,72
391,0,0,0
0,477,97,257
184,58,0,7
3147,1344,0,242
766,0,118,58
1382,708,128,96
739,79,176,0
0,136,100,31
1326,429,214,0
1732,0,0,97
0,0,132,55
2112,1123,709,85
491,100,0,0
1260,441,91,133
308,39,48,10
276,0,0,10
484,0,66,47
2129,0,350,0
2206,1054,211,0
2546,1850,527,0
0,17,14,5
83,9,12,4
1682,0,138,146
0,0,234,0
82,33,31,2
0,131,82,0
0,1113,785,0
991,372,158,50
2162,855,0,90
0,0,498,28
2209,0,381,339
0,1170,0,134
893,297,68,170
175,0,40,2
874,304,278,0
1534,507,327,70
1127,227,0,110
1020,477,104,12
0,332,0,83
454,130,81,30
2087,798,0,153
0,215,123,0
825,0,180,0
1707,721,214,354
0,526,374,48
179,36,25,37
119,57,24,0
1780,0,188,98
0,208,153,22
279,0,70,10
221,0,58,5
0,340,0,57
0,81,67,61
812,283,246,0
1625,1082,0,0
0,0,80,37
98,23,0,3
635,0,0,11
161,32,0,3
2482,0,460,171
894,295,145,0
0,0,425,0
418,184,32,49
0,643,225,0
0,256,239,40
997,376,80,114
1111,393,188,61
2757,1168,225,487
1127,568,135,157
0,695,408,67
2078,1227,686,0
676,0,52,42
967,494,71,92
1029,321,91,63
1541,0,0,108
2541,842,320,133
0,766,407,0
0,0,329,625
1636,712,362,0
0,648,0,32
792,0,121,30
1455,417,0,0
2136,929,0,64
0,333,65,105
2010,812,0,0
802,0,188,71
683,194,57,76
2052,765,692,0
0,0,32,64
528,103,56,32
0,467,144,53
1691,608,229,418
2229,0,317,125
2278,0,304,0
1156,262,0,115
2124,0,159,0
0,0,17,0
2076,0,319,181
0,96,0,190
1095,388,0,91
2629,0,0,125
0,0,0,178
185,0,55,0
0,38,0,6
429,112,125,28
0,170,88,29
0,150,37,32
0,0,0,63
268,101,40,20
1769,492,0,112
2141,1042,632,118
0,159,54,25
751,274,103,0
0,470,0,55
70,23,16,2
0,529,541,0
115,58,0,0
1974,717,0,222
0,0,149,0
2017,630,197,365
0,68,0,20
0,0,304,169
1875,0,121,0
179,33,47,6
0,781,283,0
1500,696,535,54
655,181,0,23
2214,799,505,115
956,384,166,0
2078,0,528,87
2138,987,0,75
1312,472,219,95
1973,761,187,115
2288,1257,643,147
362,86,99,0
982,283,0,0
0,176,73,100
0,0,0,43
0,0,169,149
187,36,35,2
0,0,92,0
373,140,44,0
1275,0,0,0
270,94,0,20
527,206,122,0
109,32,20,0
1339,0,129,160
311,159,32,43
1399,0,391,81
578,249,128,17
1962,0,308,129
707,0,181,0
2282,916,714,57
0,758,0,0
2614,1289,0,447
0,525,0,31
1765,939,228,0
1416,0,0,92
0,1035,247,0
957,443,315,47
0,320,299,0
0,382,171,0
2271,764,0,0
803,0,241,34
680,251,94,78
0,666,203,95
0,0,199,197
0,0,204,0
2471,1085,475,0
683,0,51,0
0,309,0,51
1382,0,264,82
1652,0,256,50
0,1900,341,0
0,1130,1104,0
2690,0,416,0
0,946,668,89
0,45,17,15
797,0,169,33
0,1001,0,97
423,0,86,24
0,0,0,88
0,0,29,2
657,0,73,0
1223,646,431,50
0,509,416,0
0,694,456,117
187,54,26,3
2791,1154,384,0
0,184,0,0
1444,0,192,0
1233,332,146,92
904,0,257,0
847,0,250,32
1146,265,356,0
104,20,19,0
0,29,0,8
924,0,150,58
0,833,404,0
502,197,0,25
739,213,162,30
0,0,349,0
198,76,30,18
126,24,38,0
0,0,0,9
270,42,21,13
1287,0,139,0
0,0,324,140
0,0,530,277
1404,660,328,145
0,432,245,37
0,255,170,35
2529,1428,810,147
1142,564,482,0
108,57,29,6
0,1242,151,164
2035,577,386,100
0,0,98,261
2014,636,0,62
0,352,269,31
0,105,0,12
1516,527,293,96
1178,467,95,198
0,0,0,132
103,0,28,6
0,0,210,83
0,61,57,11
1778,1010,390,0
176,63,0,0
786,0,122,27
1412,0,352,37
0,0,233,0
0,1314,1198,0
2192,763,258,284
1070,0,105,112
0,210,71,120
0,749,361,0
1265,426,143,177
0,572,0,141
0,124,98,10
74,0,32,7
295,134,71,13
2500,983,0,66
0,0,263,0
2424,1489,253,0
857,205,0,45
863,314,109,79
1666,0,248,0
1733,796,560,189
112,0,0,0
616,0,56,29
0,0,205,0
903,427,305,84
1333,511,314,92
2851,0,0,0
2644,977,238,151
262,117,58,17
219,69,16,27
0,125,123,10
1464,753,175,63
2647,1385,732,0
547,0,0,41
0,687,281,105
0,0,718,128
2047,1028,526,0
113,22,8,29
1462,221,147,73
2097,1226,139,106
1553,337,251,0
0,0,9,11
0,617,183,138
692,369,0,0
73,0,0,2
0,590,150,0
0,0,35,19
0,205,72,116
0,138,0,0
0,283,305,30
1907,1028,0,167
114,0,31,5
1065,324,142,36
405,106,46,0
771,381,0,193
2803,0,397,0
159,0,0,0
653,283,120,30
2529,1047,0,193
643,186,112,0
1421,611,340,80
2335,999,415,155
0,898,178,188
2638,1999,353,523
2653,0,647,0
366,0,0,20
786,627,243,66
1040,316,311,0
0,462,0,172
89,11,0,6
0,437,206,46
538,262,0,0
1087,437,0,0
2567,1321,416,142
0,0,103,44
1424,752,0,0
1843,715,0,144
2459,835,0,179
1222,401,0,0
777,152,108,0
883,0,135,184
1787,484,174,0
80,36,19,0
0,161,40,19
342,0,61,10
0,0,314,0
462,160,48,55
170,40,51,10
2148,0,606,0
632,245,173,70
0,0,636,264
1614,539,168,140
2376,522,402,0
2469,836,305,0
314,82,25,20
461,184,139,37
0,0,270,107
1937,0,219,109
0,835,306,0
2336,0,248,96
2569,0,205,0
968,275,142,0
2336,630,716,77
2066,959,759,57
0,327,387,0
1643,543,184,0
0,1309,1088,0
486,179,45,86
0,156,0,0
1994,1421,202,239
107,0,29,2
1725,0,405,99
