3000 4
7997,2908,0,7963
6243,7124,2326,3679
0,7115,8270,5406
3999,6401,3741,3662
0,7874,7049,1861
3387,7035,5432,8617
0,3300,9882,6154
3292,3501,0,6292
9722,0,489,3941
5574,4128,6963,5945
5347,8568,4490,2011
2759,9830,5820,1782
8450,3699,1724,7540
2178,8911,6021,1108
0,2134,0,0
2930,369,8260,8561
0,0,3694,7556
1974,8829,0,0
0,7398,7181,51
0,6317,4382,7164
3125,0,2751,7937
1265,8156,7547,5687
0,0,2148,1935
3096,5800,0,3239
750,4296,0,0
0,6345,2570,3466
0,3807,4424,5932
0,2676,0,5851
0,6447,3536,6422
0,0,6700,0
0,5969,717,7652
0,7985,0,0
6588,9569,0,1233
5029,0,6790,0
1284,8078,2119,7710
5430,3281,0,0
3612,6375,0,0
7968,5034,2881,4674
3275,7276,0,0
0,0,6469,9897
842,7499,0,5763
8688,8012,579,0
1255,6204,2947,7655
4680,1574,9584,5497
0,0,2979,0
1267,9350,4491,6208
1012,7635,2971,0
9447,0,0,5450
0,5694,0,0
0,2654,0,936
7314,0,0,4637
746,0,0,9564
4046,6197,0,3795
0,9058,0,1027
2119,5364,5724,6362
0,2396,0,9966
6540,0,6118,9848
0,3112,2229,9895
0,0,8275,0
1785,7366,7275,4170
7348,4380,1175,8061
8302,6024,5277,0
5463,0,0,3865
2724,2352,9715,0
0,2105,5985,9949
2727,2563,6856,0
0,7423,2260,9229
9073,0,5843,4992
6699,3356,0,6502
6535,0,3038,0
3649,8497,0,4752
7154,8090,0,3850
5282,3556,2037,9696
4249,1671,3777,0
0,6568,5106,8871
0,8171,5209,8489
5310,3627,7626,2780
5018,3277,2668,0
1096,7544,3886,0
0,1452,7818,4531
4258,3750,1001,8240
8203,698,3824,0
0,0,9840,259
0,869,8778,2962
4048,6403,0,0
5148,2428,7857,0
2751,0,8912,2854
7969,532,0,5699
4132,5004,0,0
3146,5926,0,5384
9236,0,6522,1931
4842,8286,0,735
6118,3554,0,5193
6663,4686,4139,3408
7909,0,5052,0
5032,3207,5540,0
8989,0,4036,3575
0,0,1119,8721
0,8254,0,0
0,0,3804,1091
0,0,0,7689
0,0,4342,0
0,1310,7413,7680
5138,4957,4288,5025
0,574,8622,4332
997,0,0,6926
0,0,6939,6354
3953,8065,2408,8220
8427,9687,0,5098
6135,0,612,7712
7440,7566,216,6918
8506,8168,3037,2970
3631,0,4840,7087
6065,6651,4388,4683
3593,0,5892,3293
383,9625,5254,4260
6642,0,9312,0
7629,401,0,7308
8847,2677,1798,5599
6582,2087,0,0
2968,9254,4867,761
0,0,3890,7289
2259,5116,0,7492
4201,7422,0,2150
3915,4057,6749,5181
0,9661,3502,4163
3687,7043,3173,0
0,1947,1972,5339
1039,5195,8028,0
9561,0,8261,0
3188,0,4121,9579
7590,3692,0,0
0,3635,8234,1358
0,2182,9706,3090
0,7187,0,0
0,5105,1570,8021
8433,2604,7917,1095
0,0,5195,3306
3220,6259,0,0
0,2010,7986,2677
1761,7452,997,9169
2904,4169,9435,0
0,3566,9779,1226
9768,1228,7877,926
0,0,0,2914
0,8537,0,0
0,7368,1328,9832
8438,2145,5636,7025
9616,3704,0,0
5141,1520,3033,8206
0,6478,2120,5717
3313,7836,4126,0
6406,0,5412,0
8528,320,3957,4197
3564,8450,0,8856
0,0,4741,0
6421,6621,2627,2807
1950,3675,0,5596
5306,0,6963,0
4745,0,3468,0
3747,914,8197,7213
0,4402,0,0
8125,9345,0,361
7216,3526,725,8694
5472,0,5603,3514
367,0,9218,4438
0,0,1946,6568
5968,5083,1502,5955
5048,3519,2670,0
2305,0,0,0
5667,0,0,6155
0,6675,0,5868
5291,0,0,0
3508,0,0,4251
8467,0,5025,3057
3204,4098,7809,3003
1639,0,0,7971
5601,0,0,2924
0,0,8767,1052
131,4213,8878,8650
8638,2979,5538,2960
3491,5258,6204,4479
8909,3761,4172,5100
5937,9783,3201,2783
4706,4029,0,0
3486,0,0,0
3573,479,0,0
0,4952,2102,6212
0,0,5991,4153
1795,7282,1407,6703
4882,6168,8197,622
0,5657,6924,2057
8607,8246,0,1682
3580,9256,3902,5290
3484,8500,1096,6631
5598,6085,3161,6508
0,3030,4653,0
0,2301,4896,7362
5858,0,4599,2302
0,6046,9176,2433
6826,6093,6262,0
0,0,5648,3102
7607,0,0,0
0,0,0,2732
4693,0,6816,3247
4236,5753,7506,2069
4140,0,3252,4740
4306,0,0,7369
0,6740,6877,3258
3603,0,4979,3329
6787,0,3141,5650
8423,0,0,5310
3481,0,4145,0
0,9710,3302,5552
5580,1318,3975,9424
0,1431,6126,4103
0,2083,3608,4086
0,0,0,4132
5460,0,1398,9687
3853,9554,0,0
6555,6743,0,6463
7314,0,0,2435
0,0,7175,8936
6756,0,4518,6826
5817,1351,0,6010
0,9949,4262,0
5732,4516,0,0
8057,0,3625,0
0,3171,8191,3918
1825,3815,4362,9681
0,0,6215,9841
8430,6870,1589,0
0,3964,9991,2931
0,0,3300,2249
9253,365,0,0
0,0,4880,326
1312,3053,8296,5145
0,8242,5108,5976
0,8041,6138,0
0,5274,3768,3555
0,8553,4358,992
0,0,6231,3756
7625,4631,5147,0
4498,6667,1068,0
2799,5017,6732,6330
3463,6664,6934,0
9157,839,0,1118
4244,0,3478,9930
6614,2369,0,2076
0,0,7107,0
6471,1693,6959,3671
4669,8634,884,0
9646,0,3396,3894
7220,7661,0,4098
4351,2814,6765,6877
0,0,0,5659
0,7828,6552,2039
0,0,6505,2841
0,1048,6021,8752
0,7479,4583,6147
8043,0,2367,1916
0,4220,5040,3918
0,3256,0,0
815,5319,7435,0
0,9727,0,1163
0,6012,4192,4713
3105,6247,1775,9760
6543,4052,0,0
3708,2726,7144,6733
5197,6829,2348,6004
5187,7309,7602,2182
6057,359,8798,6310
7,9927,392,7778
8446,6766,0,4504
0,7704,2219,567
2145,7983,1864,0
0,1072,0,1866
6262,854,9802,868
0,8597,0,7773
6322,5049,7683,0
4562,6355,7743,1637
0,6251,6681,3631
2088,5813,0,7495
0,6439,4781,935
5406,4083,3631,0
0,0,2829,0
4895,0,0,7644
2825,7241,0,0
0,0,0,7938
0,0,8232,3995
8753,3284,8229,0
6933,4305,9963,73
1327,0,8133,5813
2923,4167,3125,0
3041,0,8581,1402
0,3132,4659,2430
6624,0,0,5096
5236,2416,0,0
9138,0,0,0
6972,2122,0,0
0,2729,8809,7347
8248,924,4450,0
4803,0,6387,5151
0,6554,0,0
9565,0,0,5996
2036,5023,0,6329
0,9259,0,0
0,0,1313,6750
8583,3622,4606,1225
2463,7395,0,5604
2494,0,2261,0
7264,3789,1061,7616
7681,0,0,1945
0,0,4175,0
0,8431,2342,8361
4729,4464,6871,7617
6636,0,8486,4840
2556,0,6414,8917
0,0,3974,3757
0,9605,1017,5651
0,0,4443,4404
6468,3028,8314,0
6567,5313,6524,3230
198,5083,8426,0
5741,0,753,0
3270,7669,0,855
2522,7026,7200,4226
3513,9492,1548,3210
976,1984,0,6506
0,6808,0,0
1233,5427,4047,6320
0,5171,6438,6945
2951,0,7979,9438
9094,3894,3728,0
3420,7713,5744,0
5931,0,0,9340
5684,0,7801,848
3288,0,0,0
3090,5229,2025,9630
3483,3640,6850,8759
4394,5761,0,0
8480,7341,391,2700
186,9797,2870,5228
5566,8694,2282,1735
2749,6945,6079,2140
0,4263,0,123
3798,0,8625,0
9547,0,4445,595
1694,0,0,8473
0,0,3374,0
3503,8092,2359,8100
5370,0,3032,3710
0,9148,6635,2400
0,0,4859,9811
0,1369,9679,2228
4224,3836,8155,0
4078,2305,0,3522
6040,0,2914,0
0,0,0,1760
7414,9219,1648,742
8955,4860,0,5364
5252,3853,0,6674
4511,5001,0,0
1348,0,9641,7090
7069,3135,0,6257
0,6439,2484,0
8634,0,1879,8243
6355,8060,3328,0
6907,8653,2048,3801
4889,350,2608,9942
2020,8930,4198,6517
5699,7117,4045,0
6523,6411,1600,5251
0,4048,887,0
1857,4452,6372,8191
3940,0,8704,6147
3677,4858,0,4720
2145,0,0,9837
280,9630,3184,7291
0,0,459,6805
0,6218,5773,4692
9218,0,3338,5695
0,3459,5498,6822
5081,9580,1528,4668
5216,9170,1889,8437
7982,1546,6522,2684
0,2680,3779,0
2776,4285,0,4695
7285,0,80,9734
6303,2889,6666,5661
0,7447,5190,0
0,2272,7367,0
0,4096,5722,0
4954,4643,0,5206
6703,4883,6272,1750
2572,0,0,7067
4586,8976,961,4530
0,3393,7874,5823
4751,0,1211,9501
3548,6438,8352,1838
6356,0,4150,2028
8130,3363,6029,0
7440,0,0,0
550,4738,3191,8073
3971,5881,7001,0
6674,8392,0,1794
5514,8549,0,6500
4134,0,0,0
0,0,6238,0
8211,3608,3717,0
4838,0,7897,2924
7771,690,0,0
0,5223,0,0
1518,8265,2475,6211
2955,6394,3892,0
6182,5309,2370,0
7883,4744,448,0
0,0,0,6974
0,3755,0,1930
9082,2697,0,0
5602,2718,0,0
4916,5653,3895,4877
7593,2140,7518,7014
4178,5519,2456,9766
0,6213,0,9080
8737,3246,2390,0
7354,0,0,6929
0,7968,0,1876
0,0,9011,3586
7684,7799,3835,1954
0,4945,5652,5788
5211,624,0,0
0,0,820,9099
1968,0,6309,398
210,4538,4317,0
4413,3984,0,9427
0,4302,2118,4526
0,6075,0,5741
0,0,5867,4232
0,7168,0,9608
312,0,0,0
1956,3946,9014,6426
5642,0,8538,0
2448,0,544,9092
0,5633,0,0
5942,0,3820,0
7430,6507,3476,0
0,0,1107,7978
5490,5821,4844,3415
0,187,0,941
6731,5295,0,0
1724,0,3515,9296
250,0,9248,1947
7006,0,3313,9299
70,3108,9329,0
4466,0,0,2429
5947,142,0,5779
6375,1175,0,0
9479,0,5772,2305
4010,5259,7966,317
3043,95,9915,6171
1972,8223,0,0
6323,474,3812,8806
4691,8379,2347,3545
0,1006,6671,9694
6469,0,7640,608
0,7728,0,0
4111,5562,0,3978
1142,0,0,7681
0,0,7082,0
2028,0,4658,0
2587,5142,4405,5204
0,9673,2585,0
7468,6380,0,1844
4943,6042,0,0
694,9242,8783,3862
5440,0,721,7958
0,0,2802,0
4100,6007,2161,6476
8477,0,5903,1016
0,2880,1419,0
0,8677,0,1249
2172,0,4745,6940
7945,8059,579,0
0,0,2874,9201
9000,949,7670,3535
8228,0,7713,565
5663,0,8063,6802
1100,7460,0,7503
6331,2727,3334,6915
2993,1815,0,0
3161,0,7023,3418
3304,5122,2859,6772
9991,0,4567,0
5742,4311,7751,1680
4799,9081,7824,0
9173,684,8076,2445
1020,6992,5276,8875
9538,3815,2474,6045
6914,9129,0,0
5615,0,4618,3309
4363,8675,0,6066
0,0,3358,2618
0,5253,4471,1522
0,8150,158,3636
8091,0,958,6216
6876,3463,5723,0
4984,9381,4746,795
0,0,5761,3020
1184,9948,4710,3970
2074,7587,8994,701
4516,2395,5850,0
5829,2181,3849,4050
1627,0,5609,7034
2171,6574,5106,5941
0,5746,0,0
7314,6727,3321,4965
3488,7242,7460,0
1233,8208,0,9480
7962,1031,8019,0
4186,5381,2409,0
5114,0,0,0
5043,0,0,0
0,6578,8853,401
6250,7096,0,5449
4734,9534,0,4483
0,0,1921,0
8273,0,8702,0
5339,0,7477,4890
7960,4605,4929,2207
3123,8419,0,7867
4251,0,3533,6110
5830,1035,8535,6327
2466,7814,7119,3990
6381,9624,4847,943
615,9985,3110,0
2189,0,7913,0
2229,7094,0,0
0,6969,358,5407
7656,4801,0,0
2349,7394,5402,7066
7873,72,6512,0
0,9790,0,355
9939,0,4385,2085
0,0,6948,4444
3797,1075,0,7965
2174,0,0,8636
0,3625,0,0
5371,0,0,7681
5904,6316,0,2269
9323,4357,5594,0
7177,5873,6801,752
7511,0,8169,0
2191,7152,3336,8245
8600,0,7142,0
7554,3200,8539,4026
1745,0,4519,8141
6919,7147,5824,0
0,1560,0,0
1376,0,7331,7230
0,3807,7158,296
5061,0,3500,4582
967,3443,0,8894
1657,6185,7560,7060
5781,0,0,1909
4835,27,7202,8796
5364,7159,0,3324
5091,9225,2086,1888
9629,2452,0,5493
9017,709,4929,0
7441,0,0,2932
6013,4515,8219,658
0,4269,3478,2689
0,2625,6668,0
6547,4552,3569,8288
8340,6761,5434,119
3261,1144,9744,5221
0,7873,0,3623
3052,8159,2830,7088
734,0,137,9824
6570,0,0,3734
0,6348,6705,3234
1983,7069,5363,6982
0,1592,0,2360
6615,0,6444,3166
0,0,0,1817
8169,2265,0,7495
3285,3872,0,8617
7746,378,5960,0
2329,2464,0,6779
5476,0,7989,3494
8906,0,2876,0
3947,0,0,1527
3156,5853,8976,758
0,5125,4723,0
1507,1564,6821,8657
3445,3877,2913,9786
7925,0,4235,6562
8041,2866,3028,7773
8579,3700,3745,5065
0,5732,8322,6357
2955,0,0,0
0,3107,4386,3452
8661,4223,0,5277
9873,0,3392,955
7045,3098,0,0
4868,0,4459,546
0,0,5260,7464
6352,1521,5976,6338
4383,9019,3897,3314
5085,841,7023,7105
593,8355,5563,6067
6590,3459,9198,1400
7035,7334,3100,1957
2407,6354,7767,2158
2644,3462,0,4029
0,2054,0,0
2332,7985,6752,4109
0,0,6263,3937
6188,6013,1385,4654
0,4957,0,0
0,0,0,4985
1435,0,2970,0
1913,6711,0,8876
0,3303,0,0
2785,2594,6202,8505
4993,0,0,0
4978,2785,6861,7756
0,3956,9793,1081
4434,7125,380,8519
0,1019,0,6164
598,5995,7199,2350
2738,786,4867,9958
9502,6363,910,1336
4866,5806,0,0
3304,926,3785,9681
0,8287,6705,2487
0,0,2352,0
3783,1755,6854,3145
1304,9130,0,0
4551,3399,0,3298
2363,0,972,0
4827,2242,9890,0
3985,3112,6000,8400
6828,5779,0,2137
5696,4946,489,0
0,2649,5216,3839
3580,2366,9328,2401
0,0,7914,0
6052,0,4924,2933
5056,0,2375,0
8322,723,0,0
9455,0,4314,3792
7074,3262,8273,0
2342,7880,932,8488
9961,803,5210,1650
0,5433,4114,2416
1594,8547,866,0
933,4435,9745,0
0,0,0,6871
4832,0,3658,8937
0,9933,3996,4506
3974,9398,0,0
6150,264,0,6952
3955,9005,0,4468
2660,7864,1423,7890
893,0,6636,0
0,0,0,186
0,4986,6771,5700
0,6755,6022,0
4341,4272,9789,3153
1018,0,8181,5011
3223,8148,5055,2254
6220,1800,9416,2542
1538,6792,8286,1631
7965,593,0,7586
4244,0,3870,5280
1681,0,5934,6842
2025,6453,7333,3253
8776,0,4999,0
6661,3397,0,7849
0,0,743,9341
0,4943,5563,0
0,7484,9120,1632
5541,4780,1985,9648
5796,1223,7388,5044
1044,4002,0,8593
9009,1255,6895,1773
247,0,0,9753
0,0,3325,8253
8798,1818,5186,3298
0,6544,2371,7449
1217,9740,0,7960
5829,0,3640,2805
4621,0,9259,6539
9195,3801,2850,3786
9902,8444,2961,2417
9688,0,1343,2520
6425,0,0,6489
5143,1301,9450,0
2361,4116,0,0
2666,2942,3528,8434
2870,4075,0,1690
0,990,4946,8223
0,0,0,6093
2687,2869,8469,0
5863,3810,2489,8075
0,0,9899,4070
5602,4214,0,2316
1841,5920,5635,0
4581,2602,0,0
6171,0,0,4401
4254,0,6453,0
0,27,4133,0
5698,5898,4431,1866
7953,4360,3063,7387
0,0,3281,4282
0,0,2535,3754
0,9689,800,7588
0,0,3701,5045
7863,3187,0,2200
3034,7528,3126,8601
6334,2894,7497,3688
5094,6357,0,0
2641,7109,6573,0
0,5199,4360,5832
0,0,457,7438
8837,639,5669,4720
2605,8009,4931,0
0,0,5582,0
1031,9446,0,4724
0,0,6914,526
5474,5971,0,0
0,0,0,8526
6396,0,651,0
3656,0,4094,0
6459,5720,0,3372
7529,2722,9021,2173
4876,6566,86,0
4310,3720,6088,0
5230,6188,1941,6575
5485,0,6122,0
5441,5769,5303,3868
9637,0,1089,7904
2963,4633,8971,3951
2371,4129,5438,5773
3706,0,3251,0
406,0,8437,4968
953,8253,2555,0
0,3638,4114,6399
6817,300,0,0
7882,6352,313,4172
0,1661,0,8413
0,0,1627,6257
3718,0,4583,5813
1093,8720,5268,0
5705,1052,8137,0
6971,0,0,7086
5001,1198,7780,5684
4176,4219,2592,8698
9026,224,0,1994
3945,5899,0,446
2792,2821,0,6636
2682,3661,5682,0
3811,3140,0,0
8896,1850,2079,0
5787,3387,7959,2168
7554,0,6255,7211
4737,0,8615,4017
6238,1778,3163,0
5945,0,5280,1866
0,0,3997,6136
3697,0,0,5027
3678,2009,0,0
4231,0,3299,3257
0,5267,7448,1403
0,0,0,9520
0,4567,0,7710
0,1413,0,0
8059,0,4953,731
5157,0,5895,0
0,4837,5248,5640
3858,7978,1268,2598
7352,4378,0,7956
9768,4702,1109,3742
0,1880,6313,5623
0,8400,7907,2444
6793,0,0,5787
2901,1146,6670,0
2057,6757,4082,0
2123,7421,0,9727
6276,9030,1221,4547
6429,5610,3895,2361
7938,0,8477,0
6637,6643,0,0
5178,1931,6535,0
8017,213,1287,0
0,0,4313,5799
4800,3331,6177,0
1748,3462,8927,5176
0,0,0,5939
0,6865,5952,1011
1316,6591,0,4454
5652,0,0,3646
0,0,0,1644
6866,6686,1445,6478
2254,4369,0,4093
4025,9242,7907,215
1907,0,0,4677
4623,8333,6311,0
0,4884,7735,2536
8068,2487,0,3190
9531,2996,0,4085
0,0,2117,0
5455,3596,0,0
0,0,8370,2376
0,4142,0,7831
3071,0,7287,0
0,1987,9785,0
6177,3810,9544,1816
0,9343,0,3500
6293,6466,0,0
0,0,5041,1683
6548,0,9403,2795
473,5985,3851,0
6039,0,6763,4743
2091,0,0,8062
3065,5758,2872,7789
6701,0,5644,5931
0,8575,241,7790
8538,0,0,2711
3973,6551,3622,0
0,4088,6380,6234
8686,130,0,0
4888,6298,0,3627
8584,3161,0,0
6834,1856,0,9356
0,4657,7027,3100
5670,4579,0,5075
6853,0,1783,0
3053,6004,6599,7231
5585,9486,2185,430
0,0,3973,0
0,7878,5850,0
0,0,3079,4072
0,779,9477,901
4293,1876,0,8215
0,6016,913,0
0,0,2398,4409
0,9290,419,7324
7177,0,1022,4774
2633,7750,2284,7996
3902,0,5646,4752
0,0,5628,3324
0,7658,2108,9893
1616,6318,2247,0
7174,3999,1788,0
3900,7048,0,3583
1290,0,8666,6229
0,0,0,7351
0,4405,5909,0
5269,0,0,3226
9365,3535,53,8557
5623,2375,0,4920
0,6228,0,2612
2999,0,0,9959
4795,4554,9828,0
0,0,8741,1025
0,7423,0,6490
5209,4539,6135,4294
1071,6891,652,0
3153,5212,5570,5684
705,6855,0,0
3115,3879,5787,5761
2957,0,7051,2572
4079,9782,5390,1540
8246,4163,4767,0
1198,3763,0,0
0,0,0,4840
0,8336,0,3883
0,4603,1012,0
0,4844,6389,2917
6435,4813,0,4317
1758,8147,8912,3017
0,2953,7776,2431
8436,3834,8337,2741
0,979,9458,5137
4311,1097,0,8305
0,3801,2969,7699
4320,0,0,0
2266,4290,3455,7140
4229,4094,6365,6531
0,0,7095,0
9479,846,6553,0
4518,2432,0,2423
3491,0,0,0
4414,2563,0,6972
1932,3676,0,6154
696,2120,0,7194
6913,0,4880,0
0,8369,2531,2918
0,12,1904,9724
3178,6806,0,4432
5822,588,9715,4023
0,0,7160,8480
9794,0,4227,0
6804,3932,443,6425
2874,0,4275,3781
5777,2033,227,9519
1490,7992,6101,0
5680,0,0,0
9403,691,0,6898
0,4745,0,0
0,5908,6664,0
6039,6315,964,4241
4441,8149,2224,6122
0,0,5424,0
0,0,0,9181
6035,0,5862,2733
9168,238,4226,5795
6163,5428,114,8021
0,1101,8337,0
9659,3469,0,4851
4972,5062,0,3472
4054,0,5459,6171
5153,0,6439,5274
0,3575,8319,0
7664,3054,9435,1171
3636,9723,0,3231
0,6409,0,8335
0,9094,1411,6991
2974,0,1776,7810
0,0,0,8264
6807,5812,1016,5729
5015,8932,1983,0
0,2223,1751,9472
4718,9392,464,5607
7392,5577,4679,3174
4434,8526,0,2574
0,0,2462,0
0,6247,0,0
7400,0,8583,344
9138,1817,2335,9292
1900,7200,7046,0
3628,7472,4995,0
5577,4220,7556,5096
2181,1226,6066,7496
0,8422,8150,1066
2976,0,0,0
0,0,2599,5435
6840,0,4941,3748
0,0,0,5123
6071,2698,3203,0
0,0,7021,0
5272,9501,168,5900
6576,6286,0,7253
6880,4014,844,8191
4105,9130,0,8824
3781,2642,0,3542
0,3512,3560,4828
6486,4560,164,5197
3826,1041,8554,5706
5916,0,4468,4502
0,7157,9606,0
0,0,6775,2305
0,1023,2984,9178
6559,8079,3689,1052
7227,1273,6402,6705
3434,2976,136,7383
4165,0,0,5079
661,0,0,8956
9063,0,4817,3213
0,0,6878,5290
0,6041,4753,4158
3527,0,6466,0
5991,2121,9796,1926
0,6646,65,8122
2278,6505,4188,8696
9281,0,6967,0
0,4356,5488,6120
7608,7104,1878,5424
6685,2413,2516,8475
0,4729,5483,0
0,0,6561,3390
0,4872,0,0
683,5298,5515,7266
0,2216,8135,0
0,2544,0,0
3530,5603,0,3627
2128,5012,5753,9756
0,3870,4826,0
1126,6473,8318,0
5126,6263,3185,5904
0,4697,0,0
7692,3008,1323,0
1130,4015,5672,0
8943,0,4115,0
0,8805,3890,7274
7499,0,6657,3507
1813,5005,0,6840
931,6114,858,9540
4163,0,6929,6348
343,0,9362,4201
7016,0,7333,3515
8094,5011,0,0
8853,5429,0,3385
1051,5671,6367,0
7525,1150,4384,0
9749,0,3341,4465
3178,8165,6998,4897
247,2767,9950,0
4224,6266,1451,8528
5070,5494,407,0
0,2253,9094,0
0,0,1373,8305
3979,1329,0,7114
3238,0,5183,7898
1787,6728,0,0
5871,3757,9110,3725
0,3847,3094,5556
7548,256,0,0
2402,7707,0,4607
6346,8996,3843,1509
2671,0,5409,0
8694,4717,5292,380
9124,1505,4048,0
7649,2553,0,0
6080,0,3105,6998
5111,9541,1355,0
9720,0,3262,2956
4667,2111,0,5920
8483,1911,701,0
6693,8718,0,3892
0,2954,0,6428
7182,456,8484,3814
2838,5667,4620,0
0,290,5497,7320
7433,0,6440,6266
365,0,7867,7087
0,0,280,3928
4470,1822,4371,0
4253,888,7509,3436
5539,4135,0,3103
0,0,510,8037
8105,4667,2485,0
7613,1291,0,1979
0,0,0,7584
7127,0,6525,0
0,0,4438,4760
3966,0,4132,8803
5891,2116,3708,7940
0,0,1117,0
8315,781,0,1676
0,0,4406,3934
2462,5553,1006,0
3774,0,0,6024
9140,0,2628,6352
2494,8521,0,5763
5786,0,7031,211
7150,99,5056,8409
295,8639,4527,6136
5899,4867,7789,2469
8902,5637,6631,1106
1003,3445,9068,4823
4453,0,5428,7802
7333,1182,9365,1640
0,5681,6373,0
7511,3906,1990,0
0,0,8608,8571
8303,0,0,2744
6846,0,0,3985
0,7957,0,3740
0,0,3243,5352
1698,8068,5193,0
0,0,0,7753
4930,0,0,1614
0,1382,3995,0
3407,7070,2368,9748
60,6831,6964,0
2348,0,3275,7892
6017,0,6174,6042
1798,5567,4759,0
5464,0,0,0
7402,0,5789,0
0,6970,3346,1312
0,0,0,7881
9678,2902,0,2987
0,0,6607,0
0,1256,3010,9006
9300,3232,0,4562
8566,0,0,0
0,5595,4935,5169
8293,4989,2450,3707
2126,0,4815,5607
0,3225,0,3753
6088,4012,0,0
6462,1333,4642,5887
7113,0,5059,7929
0,4849,2053,4778
0,7643,5283,4745
8160,4826,4014,5016
6696,0,0,0
0,3909,6197,1745
3995,1866,0,6070
7809,0,2358,7753
2621,7154,8302,4209
0,7291,0,0
0,0,5357,2945
8025,0,4039,0
0,8481,6019,3564
2004,2367,4037,8706
0,952,2905,9728
2007,5253,7478,0
9001,53,6385,0
7978,6620,0,0
0,6303,0,0
296,8860,7828,1903
7310,0,1058,9734
0,0,4226,0
9954,0,2700,3876
9550,2937,1947,7524
3213,7391,8013,862
4120,9285,7758,196
6271,0,9548,0
9153,4388,4265,1140
2671,8255,0,7063
0,2667,5140,5127
5916,5321,2171,8666
3931,8710,0,783
1413,7997,0,4293
6558,3162,4129,4030
8241,0,0,0
0,0,590,7777
6334,0,0,3268
6454,0,7184,4390
2154,0,0,5496
5254,6024,3899,1664
2818,5673,0,9395
1543,9106,3850,7433
5374,1070,0,7197
7998,0,5150,2993
5790,5120,4436,5584
9773,0,0,0
2964,657,0,7449
5227,6293,0,7739
1639,9762,8139,1456
7987,4143,1110,0
6679,0,1884,0
0,0,6377,1352
9436,0,0,3717
6001,8247,4584,4585
0,8161,5359,1636
7695,8257,4681,2390
0,4074,6021,7725
0,0,5278,1889
8251,7243,115,7158
7732,0,0,3145
0,3443,9471,4216
0,1420,9091,5274
3618,3451,0,0
6524,3431,0,5583
0,5397,8194,4532
5256,8150,0,0
1073,7982,1370,9577
4721,0,2850,0
0,5165,8028,6256
5330,7153,3440,4635
8712,2067,0,5572
7628,0,0,9561
4394,1315,7536,0
1599,4381,0,8215
5146,0,0,0
5058,6499,0,6172
4690,7553,5284,1097
7749,8441,0,1313
3982,0,1773,9278
0,7147,7610,546
6226,6363,5488,2722
7291,6039,2826,0
7983,0,6738,2670
2768,5548,3912,7328
0,7037,5551,5976
8318,0,685,5312
8421,3767,5537,1743
2577,0,5133,0
4891,3622,7790,1291
1307,9990,1463,3718
5589,0,1637,5432
3168,6173,2001,8386
4301,8461,0,3976
1979,0,0,4021
0,5994,7441,7650
4478,2437,8870,0
5371,9404,0,0
5537,4053,0,4268
0,9810,792,0
0,124,0,0
3960,6231,9338,0
5302,8752,3558,1788
0,6333,0,2468
3757,5298,0,7480
0,2108,0,5235
8403,0,6906,4404
0,4986,4199,5156
8998,3714,0,0
5201,0,0,9843
6245,0,7112,3580
1654,0,4069,9317
2126,3157,0,2767
8371,6730,0,3231
0,0,6158,839
3958,5476,0,6993
5013,4025,3152,3989
0,1174,7312,0
0,0,0,2783
2906,0,0,0
7882,7217,1840,0
0,8799,4549,9034
179,0,0,0
6797,6728,29,8117
6436,5039,5414,4055
3907,8174,94,7134
7871,2034,0,0
6413,4107,1286,8838
8170,0,3343,3355
7248,302,0,7022
679,7858,0,2919
3687,7950,0,3802
3268,3465,7567,0
6264,6634,2059,0
8715,819,3594,3855
4421,5378,1544,7613
7330,670,1729,0
5276,5734,0,3940
4332,2772,7026,7451
4329,4977,3029,7085
0,4571,754,0
3433,5109,9695,3432
2143,0,5204,0
858,5415,0,0
6062,4360,0,4958
3673,7837,1070,0
7495,0,5593,5584
5231,3333,0,0
4797,0,1564,9960
0,5051,1458,8783
0,6807,5727,2995
6940,0,7457,825
5074,0,0,0
541,3904,6210,7225
0,4723,0,4215
4649,4705,4845,6047
7070,6398,3823,4339
2283,0,1436,0
5374,3712,6767,6084
1131,0,2249,8663
5543,5977,5319,0
7353,17,0,0
2888,0,0,9019
4123,0,5573,7562
2368,7785,2349,8542
7555,5331,2171,0
4092,9715,0,0
4748,0,0,0
0,5855,6299,0
0,3520,6574,3924
0,5009,550,7601
4923,0,0,5258
2863,2958,5049,9891
4134,0,5810,3089
0,0,0,65
3712,0,5921,2853
7558,4852,0,0
3832,7568,165,8772
0,3611,3827,5735
0,0,0,702
0,2446,7458,7639
3489,4682,3387,0
0,4908,5989,4955
2373,2551,0,0
2289,6379,0,0
7979,0,0,0
4848,5424,0,3858
2341,1750,0,6290
1926,7897,0,0
0,2661,6910,0
8068,4920,4631,5244
0,3656,0,656
2437,3793,5254,6932
3287,7994,5102,1274
0,2862,4138,4590
4947,3243,6353,7447
4435,2444,0,6421
1640,7508,0,5148
7328,6181,1868,2786
0,3384,7593,0
0,4731,7821,0
9038,6500,1612,0
0,1848,8218,4693
0,0,2919,5768
7853,1340,2079,0
3156,5230,8287,3155
3048,5404,4474,0
6870,5310,0,5722
0,993,0,0
0,7090,0,573
0,0,8675,2231
6959,0,3634,0
6451,328,0,5138
5710,3752,0,0
4035,9692,3117,3662
0,9022,0,0
4720,8433,297,4686
1468,8655,3933,5080
0,7694,0,6815
6601,3896,0,4505
1693,0,4930,0
6220,0,0,5605
5179,0,0,0
6244,3056,0,350
8550,0,0,1575
3622,6858,6914,0
2958,6626,0,4712
7368,0,4703,1955
5730,6848,2816,5737
5557,4676,0,4726
4387,6088,0,0
9650,0,893,4352
9354,1705,0,4165
4527,1465,9562,4914
555,8907,6008,0
0,0,8410,0
7069,0,3535,2486
4410,9753,1620,6021
5555,0,7994,0
4468,0,533,0
3690,0,1911,8815
4710,0,3683,6458
2753,0,4396,2600
1994,8982,0,1363
0,5727,5464,7814
2173,0,0,0
5871,3953,0,8727
7603,4955,1637,0
37,5624,0,3763
5092,0,0,0
8419,4723,4291,1468
8763,0,734,9058
4881,0,4026,0
0,986,0,3392
0,0,0,6092
0,0,8871,7303
5629,6304,0,4714
0,0,5053,0
6351,0,5639,0
2132,5171,9362,475
7716,612,2325,0
0,9476,731,8103
0,0,5181,0
0,5872,4270,7598
0,5290,6059,6076
2172,4404,0,3900
3166,0,0,8085
8568,6116,2429,0
400,8284,4784,3258
5723,2326,0,0
7254,0,0,3267
5714,0,0,0
4529,2816,8251,4148
3982,4091,0,9494
2887,1567,5541,7489
4074,1102,7255,0
5603,4277,0,0
716,6809,1729,8359
1495,7423,4964,0
7977,3830,4601,2952
8186,6133,0,901
4716,2261,2254,9534
0,9719,166,0
8520,0,0,4213
0,5364,3528,8613
0,3192,0,0
3837,0,5462,0
6849,0,0,7446
0,4299,0,5933
0,4647,0,0
3581,0,0,4996
0,1426,8235,5812
2537,1364,4538,7715
3972,0,8067,7495
0,6388,0,1233
0,1578,7154,0
0,3130,6030,0
7046,0,8652,2054
4356,0,7596,0
4379,0,4268,7401
1619,0,9033,2868
7469,0,4093,2499
2573,6954,8455,3768
5218,8865,0,0
4328,7626,7372,1727
3442,8178,3762,7017
3043,6735,9387,2441
9097,4253,5070,2225
2084,5366,4093,0
0,0,7737,8178
8566,4904,0,0
5491,7588,6638,0
0,0,2403,0
6209,1437,7497,3899
5043,3390,5545,7757
3809,0,6273,0
7070,0,0,0
0,5964,5837,5486
0,2307,3648,0
9687,446,0,2397
0,0,4027,0
5736,2068,8683,0
0,5593,8090,1188
0,0,3727,4803
2667,4876,7642,0
0,8867,2948,6077
3804,0,0,0
5719,1216,3618,8913
9301,0,8026,5122
6414,0,4866,4125
0,2908,2676,0
0,3159,0,7933
609,3201,3039,7681
2743,3385,7277,6830
0,5379,4655,3380
0,7453,0,4539
1414,5401,5962,9193
4386,8572,5529,0
0,1144,0,0
0,5334,5208,477
8362,0,0,3250
4019,3520,0,0
0,0,9815,3151
0,6105,0,7365
0,2833,0,0
0,8075,3810,0
7149,4806,0,1249
0,4219,2114,0
3351,0,3353,0
3640,6036,4320,0
2200,9882,7417,2186
3976,0,0,4597
7446,0,152,8021
9169,0,0,3461
3654,0,8849,2840
8409,4296,0,3889
8836,7606,0,0
6359,0,6613,3110
2257,6546,0,6708
0,9095,2563,7484
4901,0,0,6999
0,6944,6680,8427
9617,2716,7442,0
669,6246,0,0
3303,7196,0,0
0,5183,3163,3637
0,6937,5047,4701
8221,7958,3342,4130
8429,0,2217,4763
3921,0,0,6031
0,2763,0,0
9894,5421,849,3409
4695,3975,4081,6679
576,0,0,4475
2593,0,2081,5690
0,0,6519,0
6515,3401,0,5617
4427,3829,2381,7401
2989,0,0,4990
0,0,0,9800
5058,2287,4182,8614
5914,6687,0,0
2873,0,3468,7804
2114,4969,7558,2343
0,539,2109,9273
0,3491,6560,1571
4861,6697,4997,1708
5114,6788,0,7723
8037,6042,4412,0
6619,4175,2773,7057
3176,6853,8192,0
2728,9701,6134,2339
0,0,2577,1418
0,0,0,4395
1869,1301,0,0
0,7394,5838,4143
4402,2604,0,9502
647,0,7265,0
0,0,7593,0
0,5616,0,4380
0,0,7971,3615
6425,0,3745,5807
5061,7475,1139,9409
5105,1091,9534,0
0,3302,0,2832
5214,0,7027,3832
0,0,4366,4397
0,8076,0,0
7595,0,7568,5814
1206,6047,0,3814
3206,8126,3164,0
0,6406,3373,0
0,6674,0,0
4158,5296,1867,0
7235,1228,7053,930
4394,6191,0,3716
0,0,0,4414
3284,3591,3342,7431
3357,554,5383,0
0,3651,8975,7131
0,0,1728,8343
7348,6287,1421,3977
0,5475,0,5826
0,756,6249,0
5677,7353,9725,395
6147,0,4459,5949
0,7832,0,0
4475,3441,6855,0
3412,6575,2241,7027
6497,9659,1831,4524
4342,5856,0,3014
3403,0,5465,3970
4968,0,0,4258
0,8234,1826,9537
7547,6097,2208,6249
4570,6837,0,4612
5439,6237,9429,1869
2975,6084,0,5872
4126,0,5919,4483
5161,0,6086,7209
0,5146,0,0
0,7487,6308,1840
8963,5374,2923,594
0,2936,5082,3580
0,0,5149,2736
0,3463,7949,3988
5249,7907,7482,541
0,3285,1111,7112
0,2562,0,2880
0,5824,6864,0
0,1836,0,2036
2098,0,6377,5693
6467,0,5157,0
3573,5886,9381,0
5888,0,0,0
0,0,0,7542
5321,0,6029,4469
7459,5354,730,6683
5566,6440,1041,0
3526,4678,2996,8481
9049,581,8641,3999
3970,1741,8425,4816
3891,3801,0,0
5970,4570,6855,3226
7738,2084,3221,5503
4512,0,6252,2632
2646,2567,6425,7232
5648,0,5918,3161
0,3183,7302,0
498,2609,8197,8529
2464,4933,0,3116
7317,3112,0,2077
3480,0,7133,4484
0,0,1895,5396
7880,6434,1348,6925
0,8276,0,8869
5029,0,6371,0
4121,8391,1774,0
8211,0,6380,3555
0,0,7823,6864
0,6973,0,3772
7774,0,2355,4211
6884,0,0,8373
3604,0,5527,7071
1134,8579,0,5531
0,4772,2374,7320
5408,2441,3639,7425
8970,3027,1694,5646
6219,0,7369,0
3141,8967,0,3031
0,6642,6310,4864
4358,6972,8411,3402
5681,1990,5963,0
9423,0,7995,0
0,3606,7660,2519
5337,6782,0,5371
5277,4619,0,3054
6102,3107,0,1928
1418,9045,6187,0
5089,2765,0,0
9701,1611,3362,0
0,0,4555,2741
2992,8205,0,3456
8912,3591,2890,6201
933,0,0,0
1898,3789,0,5145
1020,7576,8251,4314
5791,6841,8262,621
5141,7604,0,7721
9896,3000,0,4807
8311,1855,9440,0
1552,8227,8306,0
5625,8423,2716,6879
4578,9419,3932,3006
4732,2254,6748,5838
2933,9085,2965,0
3594,7998,4071,6263
4368,0,0,1651
704,0,0,8736
0,0,4452,2778
5987,0,0,2978
1600,4191,5388,7763
0,5427,2507,0
5206,5897,7224,2038
5622,2533,6826,1221
0,6427,0,0
0,0,6735,8489
0,0,45,5538
7825,0,535,6708
0,6193,2516,0
2694,4478,0,6498
4069,3169,2462,7739
3222,3836,0,8956
6170,1961,4329,5236
0,4296,0,0
6095,5189,2345,8046
0,6355,1662,7186
4058,8042,8014,0
7177,3006,2198,5281
2500,7947,0,8795
9690,2725,8883,0
0,8331,6323,530
6839,0,590,2603
6987,0,0,4344
6578,3393,5426,0
4632,3348,9383,2031
7425,5452,5213,1104
2332,4886,0,3549
9483,1896,0,5115
4536,2280,5480,8530
7127,0,9875,0
4012,4025,5998,6262
4509,6454,0,9120
8497,4817,1946,3900
0,4872,0,0
6763,6029,1634,4895
7403,5120,2266,0
5255,3020,2669,0
1912,7963,3983,0
6643,5267,3084,4280
7905,3707,6505,0
4564,7982,7122,1259
2193,5018,8227,0
2715,0,5634,0
4239,0,0,0
2429,0,0,2446
0,0,6719,181
717,9909,3470,6062
4875,6536,3378,4278
0,0,0,2074
768,0,9515,0
5492,8333,0,0
8822,2762,0,0
4234,4909,9624,197
661,0,4086,5166
0,0,5986,0
335,7624,2579,9369
9694,0,0,2908
7272,4148,1200,9556
0,2433,6893,2881
4135,5558,4881,0
5108,4204,80,7079
4414,9880,6915,143
3477,5608,5395,5561
1257,0,0,0
8405,2294,1094,7848
3020,6948,4360,0
0,2910,7599,2232
2708,0,5565,6352
5317,0,5849,5467
5120,5758,1938,0
2076,0,8000,2772
3389,3886,0,7569
0,5195,0,0
5597,0,5377,6174
0,0,7765,0
0,6698,0,7941
5228,0,0,0
542,7104,2297,8803
2912,0,9403,2883
0,5293,3465,1465
7954,3234,0,4343
2678,144,9987,0
0,3453,7564,6538
0,9305,2131,2695
1093,6390,7802,0
0,6164,0,0
1240,8197,2174,8889
7652,4331,5690,3488
0,1782,0,6057
1400,0,2431,0
0,3824,3829,264
7340,3923,2539,5579
2283,8949,0,8273
8216,0,6212,0
0,7492,1374,7870
0,2502,7099,8057
5567,734,0,5721
0,1667,4781,4787
0,4919,6776,0
8913,3626,7072,526
9782,3069,6472,2485
6377,0,3106,1424
3686,1882,6420,0
1372,8594,6355,5679
7805,8537,0,4558
0,124,1713,0
0,6828,0,0
4349,9644,0,5852
6999,955,0,941
6752,5817,8616,137
6303,0,0,5383
2705,2521,0,6342
5586,6649,4422,6912
0,4625,1388,0
0,0,7535,0
4238,4619,6988,5239
5786,6207,7009,1359
9312,5227,783,4467
0,0,2336,8420
0,1953,4254,0
3280,0,0,9429
0,4093,6200,3125
0,4435,5827,0
8710,730,2258,7396
832,7912,3313,6282
0,7962,5089,5583
3416,0,7223,5269
8628,1528,0,5714
0,9479,2717,7050
0,0,1995,3730
0,4340,0,0
1565,0,0,7481
0,6598,1339,8558
1179,4215,8927,6468
0,0,2821,4526
5298,0,0,0
1008,0,4239,0
3827,0,3410,6354
1237,0,4339,8839
2513,6124,4321,6507
6693,6064,7343,353
5553,9879,0,3353
2967,9986,0,3060
8515,3171,7922,2770
6274,0,1939,0
0,2576,6267,3346
7414,0,3520,0
8754,615,0,0
0,0,0,235
2213,7677,0,6877
9787,0,3234,0
8067,0,1459,5747
0,4931,0,0
8056,2363,5622,6046
5325,0,4853,6504
7522,0,0,3409
0,1699,4228,5324
9966,2457,0,0
0,0,7933,5078
2637,0,2789,0
0,6680,4516,9746
8159,5171,80,5080
6960,5024,0,1196
1797,0,7124,6068
3572,5160,0,3563
3305,5440,4902,6054
1947,6729,5675,6603
5869,0,4958,0
5849,4515,0,0
5107,4364,1659,6837
5558,8145,704,1176
341,9021,3629,7336
0,6593,0,0
7488,7173,1029,2120
0,4264,0,9143
0,0,7076,0
0,0,2924,0
5728,9017,1190,0
7096,2195,9399,796
5392,2852,1176,8033
2185,4580,0,0
0,2802,7293,0
6910,6702,466,2103
8040,3630,0,6579
3627,5302,9195,3306
8952,1762,0,6051
7617,3311,7092,675
8458,0,3448,4166
5680,3788,1114,7529
4570,0,1200,7307
0,0,3577,0
0,0,718,4397
3354,0,0,7367
2721,4172,0,7775
6581,4657,8508,998
0,4918,0,4809
7782,0,8405,4438
422,5650,0,6265
6864,3660,2960,0
6781,4553,3747,0
0,9073,3262,123
2614,7081,7668,0
7321,8762,3469,2022
0,4806,5951,3531
6602,9718,0,1126
9927,4255,6042,0
0,4267,0,4027
0,9481,1101,3831
3359,0,6874,8096
2404,4490,0,7283
8074,0,5970,0
6908,2088,0,1932
4795,0,0,6007
7375,0,1773,6132
9726,6083,0,1405
2649,0,641,0
4566,3371,7476,5274
0,8662,2947,0
2335,7365,0,0
5403,3941,0,1895
2689,2602,5713,0
4827,3990,7151,6241
7478,2300,5925,2063
7889,2388,0,0
6510,2881,4743,4145
0,9852,4263,0
0,0,6530,0
688,7100,0,9914
9082,358,4408,0
6836,6040,6031,5257
6841,2247,4431,0
0,0,2207,0
0,3038,270,8871
0,2720,796,8737
2828,2861,0,4471
1805,4219,6006,0
2869,0,8616,0
6984,6818,0,0
0,2456,7733,2002
6404,3596,381,0
9193,6845,6132,277
4191,7332,4243,0
6489,767,8493,0
0,1712,8954,9668
3109,7591,3798,4862
741,6516,4138,8754
8513,0,781,0
6504,2395,5328,6326
8920,0,4420,3787
7733,2616,0,0
7804,7545,426,2032
3879,8373,3792,3383
8127,3458,0,0
906,0,6892,6628
9856,1417,9055,247
6104,2005,6444,7616
75,7938,4897,5079
0,0,5373,6320
2238,0,3623,4727
8858,2915,5168,0
7274,434,0,0
4558,2435,0,3034
3314,0,0,4743
0,3233,3326,0
7836,3328,3951,5118
5615,3180,4551,6669
0,0,6984,5212
6424,0,4896,8533
479,4581,0,9951
2700,4820,4535,0
0,6646,679,4115
4326,0,0,0
3800,5542,1155,7244
0,7790,0,5728
6078,0,4591,0
4584,8142,1200,0
0,0,0,3056
7267,2116,9436,279
6981,4349,3168,6837
0,3564,0,9741
0,0,3528,0
0,6156,7995,2391
8754,3483,0,4983
5388,8934,0,1383
9859,4004,2657,2503
1674,0,0,6453
0,3504,7428,5049
0,4714,2210,0
3725,4736,3502,0
1305,0,0,7155
1298,691,7210,9947
3872,4435,0,0
6552,3903,8959,1444
969,4179,6305,6524
6180,0,6420,4891
8798,1114,0,1228
0,0,446,0
6614,4614,0,0
2556,0,6649,4098
2002,9168,0,6234
3712,5472,1562,0
2182,0,4832,1166
2061,434,0,7995
0,6423,1887,5166
0,1836,9983,6642
0,0,0,5126
0,0,787,5542
5870,2835,9481,1793
0,6564,0,2845
0,0,0,1433
8976,2812,8514,2579
5620,2923,8487,0
5322,3,5284,9955
8515,0,8213,1960
1798,988,9150,6402
0,0,1194,6927
6442,0,0,7884
1271,9083,0,0
0,1131,6577,0
9379,3421,2171,5161
0,0,0,8373
0,3384,0,7808
1251,4965,0,8639
0,4137,0,5658
8940,0,0,2749
0,0,2907,0
1214,0,7553,0
4701,9999,2603,2778
134,6165,8514,5930
7580,2475,0,407
4001,0,0,0
5312,5617,5186,4104
6557,2194,6105,4118
434,8947,0,0
1825,6283,0,0
0,0,7201,1195
0,3404,3559,7871
3112,7464,5712,0
4727,4398,8939,2619
7821,4545,0,3894
0,1460,8151,2970
4629,6731,4664,0
8092,0,4021,5479
0,4146,0,6079
4260,3838,3924,0
799,3848,7861,0
1302,8603,5773,3328
0,0,0,1479
568,4869,5223,8670
3500,7542,3566,7775
0,0,7634,0
0,1800,0,8623
2350,0,0,5337
7034,371,0,5137
3935,0,8677,1329
5798,0,0,4121
3536,6487,0,3304
0,3002,9951,1044
7490,1970,0,2495
1253,9972,8355,1023
8176,1621,9546,0
9275,1156,9629,1855
0,2606,9453,742
0,3197,3302,0
1132,4663,9595,4908
0,920,4096,5691
9680,1505,2272,5127
0,0,0,4731
9451,3869,0,5370
2664,784,0,8462
0,739,7340,5350
8051,5544,3418,0
0,9701,0,0
8517,0,0,2562
8121,6896,3621,4005
6710,111,9519,2487
961,8544,3718,7933
0,0,0,6882
5924,0,3813,9635
4933,3420,3273,9263
4881,2564,6303,5530
0,0,3077,0
5130,5137,0,2867
0,1289,0,5705
5758,5382,0,5186
0,8288,1664,6465
1849,0,3333,8289
5219,0,0,6978
0,5398,0,5121
5058,7536,0,5465
2629,0,6548,8999
4409,3988,5924,4241
1419,0,4502,4411
5613,3484,5543,9234
5247,0,6583,2222
1981,4130,8651,2107
2112,5149,8892,1258
4850,0,5598,3232
0,8250,8435,0
2769,1834,7605,8095
2325,3352,6860,7774
5935,6311,7456,0
0,6315,1856,2781
1093,6310,5879,0
4461,7162,0,351
0,8083,8287,0
9845,0,3349,2490
8363,2092,5875,3391
0,4794,2337,6678
0,6378,0,4751
4056,0,4125,9035
6985,9253,0,1669
0,2080,0,7216
7139,1631,6832,0
4988,0,3339,7666
6455,0,9075,4438
7469,3689,6941,779
1221,6353,4451,0
0,3793,5428,2970
0,9898,2981,0
2819,0,5478,9536
0,2488,0,0
0,7388,0,0
3634,8056,0,3589
6541,204,3691,9696
9978,2163,0,0
8896,1860,9315,0
5945,5418,4749,0
4605,4796,9349,3228
6689,5118,0,1868
6832,0,0,4789
1886,0,0,0
7414,1351,7661,2130
0,0,3595,7186
0,7973,0,237
5308,5324,4075,0
1950,5346,3647,8704
8531,0,5213,3893
0,732,0,7685
5934,3461,2250,9918
1016,5277,0,0
0,0,0,7490
4720,4641,5458,4570
8040,6004,0,693
7907,0,2594,3462
2603,7429,2325,0
6847,6555,2220,0
2763,6438,1909,0
2477,8059,1633,8315
0,0,5856,0
0,5220,3247,0
8338,0,6117,3005
5078,0,5447,8513
0,0,8328,0
5411,0,2470,6202
3807,0,0,0
0,0,1180,0
0,1879,2280,5282
5345,0,733,4961
1731,7649,2273,9286
3831,8646,5657,5850
5564,7750,836,0
0,3569,8561,3410
9668,3030,4237,1700
0,9735,657,6661
4622,1516,6920,4817
8592,7357,0,0
3222,5162,0,0
3608,0,0,3777
3099,0,4460,6495
0,0,9001,387
2610,5472,6283,5452
0,0,4935,4964
0,0,5207,0
0,0,0,6859
4011,0,0,5626
1129,6818,7518,0
3642,2115,6954,0
7432,9209,0,629
3906,1565,0,9247
3065,0,1414,8119
0,0,0,2692
5994,3458,2192,9664
6103,6301,0,4516
5829,6727,0,7486
9433,137,0,4265
9516,2539,2069,4650
0,0,4106,7446
0,6489,3492,3871
4578,8934,0,3764
0,5955,8672,4611
9612,2622,6309,1164
7740,6495,3723,2649
0,7201,3459,4444
9956,4786,1617,0
4682,4336,3102,6736
4998,3117,3366,7508
0,3926,4622,0
1342,0,0,5146
0,7021,6045,3348
8561,7163,151,3740
4917,5274,454,8341
7015,1043,0,3993
2772,8308,4600,0
6054,0,0,3936
6506,439,5268,6763
3049,0,4232,6359
1849,0,0,0
2243,0,2045,8149
7335,2552,0,7134
4474,5338,0,8431
8546,3383,4793,0
5056,0,1473,0
861,5755,6754,8467
8169,0,2275,0
5291,0,6939,3467
328,6697,4802,0
5719,6933,0,4124
0,6068,7312,0
0,4670,3930,3714
0,0,1652,7564
0,0,5964,0
5489,0,617,8786
0,2047,2959,3662
0,7362,2606,3641
0,9108,5511,5478
0,0,3941,0
0,0,0,2165
3536,0,9152,366
5405,2385,2247,9226
5717,0,5748,0
9094,5277,0,622
0,0,5995,0
7124,3947,0,0
0,5762,0,8976
0,0,0,3424
4775,2297,6665,4499
1453,3441,0,3617
2924,7738,0,0
4237,7011,1983,3901
0,6490,317,0
1255,0,5768,4493
2950,0,0,0
9480,0,0,6170
0,3696,0,2710
1540,2621,0,0
9986,2850,3928,3734
0,1183,0,0
1139,5411,8868,7787
185,0,3892,5786
1505,5333,5405,0
2875,9684,2216,0
0,869,6723,5596
5073,8915,2382,2158
8017,730,6164,0
0,1901,9215,7334
0,6661,923,6249
0,941,5947,9052
0,6012,8604,0
4306,0,7334,5603
6618,0,5640,2287
4482,6476,4310,4318
0,2253,2740,6444
6229,0,5304,6493
903,0,1626,7731
2104,6647,8819,4926
0,3381,3766,0
8034,2580,5303,0
0,3386,0,6515
4520,0,6353,0
0,9060,660,4200
8346,4879,4874,0
3248,0,0,7200
0,0,5094,4119
0,0,5735,7077
0,7217,3941,0
6208,0,1082,5672
7667,0,0,5855
1501,8947,0,0
6561,6476,0,504
63,6589,7519,7872
471,6698,8849,0
0,3295,5130,7808
6210,0,0,5091
0,0,7298,2847
0,1070,8027,0
5609,0,2307,5695
3438,0,2362,0
7843,4130,4746,6508
590,9655,4620,5262
0,6426,4703,8209
7622,5645,3323,4611
4595,8890,7329,0
3144,7258,1847,9204
0,0,1162,7290
7454,5383,3987,946
0,0,608,6812
8391,0,1808,0
0,6059,4483,5482
4038,3748,9312,5604
5599,6060,4486,0
8656,5984,3245,0
0,9210,0,6574
6203,5088,7224,1174
9896,0,3686,4219
6348,2265,3368,9129
935,4701,7027,0
1485,5218,8053,5779
6652,6387,0,5670
7429,788,0,9917
0,7325,4310,5269
5417,0,4381,4427
0,138,0,0
0,7196,0,1183
6738,6127,0,0
3760,3949,6048,6142
5324,5319,0,3202
0,5260,7425,3071
0,4009,3194,0
2506,0,66,0
3519,2604,1981,0
0,3087,0,8845
724,8220,4811,7855
0,9215,0,3130
1434,0,0,3677
8493,5341,4288,0
5879,0,6963,4738
0,1977,0,0
2118,0,9468,6043
6858,2087,6505,0
0,4357,8642,4836
0,901,0,9417
4352,0,0,4240
4515,0,2069,6233
9449,104,5996,0
1773,4298,0,4833
0,3361,7640,9361
5714,0,0,8579
1462,0,7164,0
5005,984,5632,8701
5214,3051,0,297
8781,2692,5432,2628
7135,8072,2824,167
0,6360,7207,0
0,7798,3276,0
1148,6591,5511,0
2685,9216,0,0
0,0,5281,0
0,6178,5383,6395
5572,9221,5614,10
8147,3687,2160,0
0,2381,0,0
2167,2701,9389,7178
6996,6774,7804,1464
2990,2600,7294,8232
4952,4467,8036,2730
0,0,5900,7985
7084,7369,0,7905
0,2599,3372,4806
5897,3635,6430,2834
1530,4687,7957,4135
1319,0,2255,8425
1993,0,5826,4866
6773,2595,4934,0
6584,8168,386,7883
3138,0,0,4978
4758,6116,8928,828
8026,1491,6703,0
0,7402,5818,0
0,0,7793,5453
4015,0,0,9804
6069,0,0,7983
5131,5483,5309,0
5629,0,0,1932
5491,765,0,4122
1554,5306,0,9402
0,1257,7800,0
7571,0,2387,0
3493,0,0,3913
7280,3375,0,4451
1077,6803,3188,8936
9386,0,0,9599
3848,5028,7391,6677
0,0,6114,0
2507,0,4090,0
6164,900,6994,4456
0,0,776,4702
4579,7313,2557,0
4739,4391,5337,5592
0,9234,2737,2342
7370,2840,0,8287
0,9910,1399,0
0,0,8209,1518
6833,7971,1978,0
0,9459,0,7207
0,0,604,6104
1648,0,9599,0
5637,1431,2920,0
5802,6318,8403,1148
6913,7001,4266,0
0,0,2966,0
0,0,955,6502
4320,0,5252,0
529,6829,0,7507
0,0,4704,0
0,4203,1154,8288
2696,6389,7591,0
7412,1631,9291,0
4966,9142,0,0
0,9153,0,0
3843,0,5287,7763
2914,0,8747,0
1477,0,9720,1724
4768,4008,1984,7535
4646,3866,3696,6036
5144,0,4051,4341
3073,8391,2993,0
7109,4767,890,4895
4351,8153,0,1460
0,0,8233,34
0,8689,791,9211
2686,9074,0,5065
3006,0,0,5704
0,2436,8385,0
1435,6653,8205,0
7703,0,0,1720
0,0,2810,6069
0,5002,0,5618
2380,6513,0,0
1062,4949,0,0
2473,8823,3405,0
2595,6372,6503,5702
0,0,1250,2344
720,0,0,6398
0,0,6425,0
1814,8461,7672,7015
5354,2956,0,3277
0,4867,5659,1114
8128,4671,5380,1151
1434,2756,0,0
0,2257,0,0
1290,8987,0,7684
7517,4845,3730,7277
7257,794,0,4495
2005,4303,0,0
3154,0,0,2706
1014,8003,2913,7054
0,5238,3877,0
0,5929,6774,2494
3378,0,1158,4585
7338,0,0,3661
3295,0,2910,7176
0,0,6665,2113
4735,6748,2988,3139
0,2982,8628,3707
559,8277,2743,9547
0,7303,4534,6989
5876,9917,4176,4693
9129,1185,1907,5968
0,3292,3899,0
0,0,6293,6932
0,3433,7532,3217
0,2315,7638,5285
4182,6769,0,4638
674,6397,7424,7884
6405,5343,0,7013
9111,0,5902,120
0,6476,7429,1894
6911,2471,7799,1547
3586,6112,5876,0
0,0,1336,7110
7865,0,0,574
7513,8809,0,3702
0,0,370,7298
0,6817,2652,0
0,0,4954,4472
1275,5245,7176,7129
4034,7739,2818,5183
2396,0,4551,0
3532,0,0,6918
0,3440,0,4298
2442,7350,5331,6341
0,3472,4592,5442
6942,0,5071,0
0,5033,0,0
4230,6605,1233,7160
1096,8833,6124,6377
0,4566,5226,0
6858,6727,7535,235
7303,4692,0,5964
0,0,0,2029
7590,7187,1944,2905
2648,4220,8776,2228
8858,1998,8166,591
2475,0,0,6101
7436,1234,3111,9329
6980,7583,691,7028
0,1277,9729,3983
0,0,0,2946
0,0,6254,6724
6632,7385,104,5069
7192,0,3475,6352
8089,3112,1936,9050
2541,0,9644,9575
4829,2164,2982,6005
6333,0,0,385
0,6047,5746,305
5912,3935,9178,19
7696,4693,8727,0
1080,2288,8204,9796
7459,0,4674,5419
3075,3077,7361,0
5417,0,7825,4214
4158,6203,8583,1822
0,7585,5245,0
0,2751,0,6427
781,0,9859,0
0,4517,0,1318
2121,9412,1914,4835
6241,0,0,0
8522,2998,6337,5398
5511,3313,1634,0
0,0,4002,5651
0,589,0,6807
2393,0,8886,0
7876,5686,3828,2852
4693,5309,0,4778
5771,0,4659,3639
3524,2166,9877,2806
5235,3803,0,3189
4435,8441,0,0
6615,1840,6773,0
450,8490,0,0
4637,5434,0,5101
4093,7956,0,0
6961,2217,611,7723
4298,6907,0,3191
6258,2295,6963,3361
8165,2078,3308,5737
8231,0,1208,7517
9432,0,1123,2605
7516,0,0,224
1939,0,5587,5086
3374,0,9302,0
0,9198,776,1899
0,0,0,4326
4877,0,6920,413
4787,7442,5370,4775
4330,9904,914,5509
5431,0,0,3468
5994,5723,0,3019
2171,9298,1133,0
0,7881,0,0
269,4841,9997,4322
7515,0,294,0
4620,4189,3078,0
4073,0,0,0
0,160,0,5977
8535,1991,0,1258
2737,6710,2996,5070
0,6802,5361,2166
971,217,7295,0
3955,0,0,0
0,0,6487,0
0,7954,8629,2656
1264,6856,4258,9496
0,9009,7409,2580
5380,9222,175,3955
3173,0,0,5729
0,4520,0,581
0,7958,0,6918
0,0,241,5128
6754,4012,0,4935
6721,4211,4959,0
9922,333,0,8752
0,2752,0,0
3462,0,0,4539
0,5382,0,6681
8032,0,0,4287
4664,3906,2539,0
9940,0,6215,4066
4013,1239,0,0
0,8563,1569,6544
5718,8766,0,1841
7746,5007,0,0
8486,0,8264,2506
2028,0,0,6439
9033,0,1593,3091
4509,0,5859,1274
6554,4520,0,9514
4278,0,5488,3537
0,0,3548,0
0,0,1284,6344
2830,8717,0,1802
2190,0,0,8369
2183,5496,7734,0
535,8666,1510,0
3839,3892,0,6739
1223,0,5403,6217
9036,2953,0,2874
0,3275,2489,9422
5577,2446,8386,1394
0,5519,5114,2682
6720,6722,2322,2353
0,6967,3976,6113
3614,0,5143,9402
7410,2513,0,760
2837,0,3844,8566
0,0,2105,4627
0,4343,0,0
5475,3323,8312,0
2809,4814,4254,6883
5568,3373,4688,6498
9355,1146,7139,4012
1840,5405,1967,9157
4405,0,0,6737
2162,2682,8170,0
9221,0,6129,4553
0,7206,0,5977
9181,3453,4475,0
9327,2557,0,6485
9524,0,0,94
8200,1375,6599,0
4502,2915,0,0
2351,8780,2526,0
7989,4295,4554,0
772,4348,7301,0
8803,3577,2773,0
4566,3573,6776,4760
6122,1183,4055,6144
2578,6809,3374,0
408,0,0,9263
0,6187,9502,0
58,9012,6166,6538
3498,0,6064,9500
8577,5827,0,7376
0,0,4066,4932
0,6505,6126,3805
2879,8342,5385,1302
0,0,3821,6385
0,1975,6159,0
0,0,2000,0
5064,8243,6329,574
8657,4048,8351,81
5587,4540,0,0
3463,0,2898,2302
6337,4135,0,4060
5413,4183,0,5376
0,4515,8643,0
7220,0,3304,0
239,8492,0,0
8837,3733,0,0
1697,6075,8589,0
4921,0,7961,207
2282,4846,4114,7603
3079,0,8738,5351
3361,4495,6415,0
0,186,0,6580
0,3962,7815,1265
0,6363,7926,3965
3133,1139,9602,0
0,0,0,8232
0,9683,0,4885
9610,4781,3010,0
1009,9837,7639,2132
1760,9307,6376,0
7887,5638,1013,8201
8319,4228,6287,0
286,7343,0,0
5525,0,8738,2720
0,7180,2438,0
463,0,9654,6657
481,0,7974,3606
6480,8305,971,4366
0,0,8294,287
2237,7221,0,0
0,0,6590,5611
0,7915,4393,0
4322,2004,8281,0
1922,0,2728,7834
0,7154,4166,0
0,9018,0,2304
2661,6722,5504,2156
4381,2930,6233,0
1839,6448,6720,5278
1329,9071,0,6309
0,0,8079,0
0,7313,6407,1399
4664,840,5362,8759
2005,6664,4943,5588
8353,6922,0,3875
0,5205,1008,0
0,4225,4539,6077
4873,7113,3866,3433
0,5679,1296,7068
3915,9846,2726,4417
0,2128,9994,2416
1437,4297,0,6696
4164,7217,0,702
6997,4751,6235,0
9759,0,1221,6764
0,8847,0,0
0,3949,5405,7818
0,6231,1070,0
8758,2913,3139,0
1432,5545,1039,9206
0,0,6430,2532
0,2469,9871,3658
2349,7811,5473,3376
0,0,2664,0
3979,7078,0,5001
0,6167,0,4311
0,7259,8921,1831
9351,415,0,2137
4140,5877,0,8156
5453,569,7224,0
3356,0,4920,0
1066,0,6762,0
0,0,7029,0
5271,5223,700,8653
7009,5421,0,5225
1320,9087,4385,0
8667,2473,0,4346
302,2818,9192,8649
0,0,815,0
8758,2301,7575,3949
7380,4336,2430,4779
0,0,6640,8024
5065,0,5675,1664
2658,4986,5691,3804
2265,7391,4837,7342
4797,9918,0,0
0,5287,1287,8883
0,0,9523,0
0,0,9686,2791
2218,0,0,9455
6870,0,8664,3657
6967,3471,0,6498
0,5112,4562,8660
4256,6750,4041,6489
3892,9526,3547,0
0,0,0,3530
0,8303,0,466
7431,0,535,0
0,7940,1476,5398
7552,6903,6256,710
6931,9939,2175,2133
178,9334,0,4392
3664,8318,1814,5494
696,8872,0,4083
0,0,7800,4945
0,8561,0,677
8991,2467,0,6684
0,9165,2355,0
0,2144,5988,3353
0,0,8611,0
6373,5340,0,4684
1618,0,3603,7356
1757,4052,8605,0
2384,5786,0,0
4308,9108,0,0
0,0,7187,0
0,2573,7327,2626
2190,0,5941,7465
2650,0,6826,5515
5525,8229,3293,0
870,9307,4627,4680
3009,4582,0,1689
0,0,6097,5127
3591,9833,4774,3496
3755,6030,1912,0
0,0,6950,4828
9836,2320,1466,5897
0,4965,5220,0
2429,5081,5270,6094
0,4709,8186,2364
2850,6765,2485,4543
4289,0,7800,1296
0,2161,0,3885
2837,0,8016,0
7202,1496,2401,8124
6792,0,4836,4377
4875,4115,5854,0
8363,8725,0,0
2356,8614,1162,0
5150,4327,7896,3023
4613,3693,0,6646
4031,0,199,7598
2194,0,7349,0
0,8531,1787,0
119,4815,8738,6471
1190,0,0,8336
1985,3287,0,6162
8338,88,9078,324
949,0,5866,0
5012,0,6035,0
0,5785,0,0
0,0,0,6871
0,0,0,8794
0,0,1351,7012
4630,0,4767,1532
0,2146,0,0
0,2321,8952,0
0,2990,1248,9741
7862,0,1408,0
0,5110,0,0
7074,162,9286,1488
2473,1024,8744,6788
8548,0,3886,4615
6782,3743,9419,1239
6910,9678,3954,0
0,3556,7273,0
3884,5192,8446,6602
0,152,7254,4193
0,0,8237,0
3874,4470,6344,5683
0,4295,0,7015
397,9012,5090,0
8091,0,0,4458
0,1785,747,8822
6237,0,5151,4181
1647,7395,0,0
9742,4290,7614,892
0,9599,1082,7718
3503,6698,7012,3753
8058,1847,0,1066
0,7822,0,0
4562,5919,7970,0
2944,0,1251,7038
4277,7949,4620,4555
4961,9570,0,2498
5541,7346,5448,3499
5705,0,5911,0
0,2613,9897,4093
0,1127,9596,68
2290,0,9620,5929
7374,7448,1455,4756
0,6411,200,9524
5389,271,7706,7740
0,6479,2413,0
0,4403,5292,7224
0,6569,5453,1025
0,3085,3930,8944
0,4546,3543,7840
0,3812,7302,0
9857,0,7365,487
5132,4943,6249,0
1880,9575,6107,0
0,2918,7421,1316
0,0,6024,5658
0,0,5647,715
0,0,0,9738
6620,7915,291,4065
9166,0,0,282
1294,4958,5055,7651
0,2014,0,5842
9496,0,3250,4526
0,0,8580,0
6387,2531,3911,0
0,5961,0,2149
7836,0,6912,2953
4914,0,0,7016
3108,0,5857,5700
5660,5995,0,4725
7218,275,0,3027
6947,0,0,2971
0,8726,6402,946
5021,5848,0,0
4953,4743,6206,7087
980,6345,7506,8178
3587,9936,6444,0
4811,4031,5783,7179
0,9844,0,7210
4843,4678,0,3714
3054,3816,7653,4433
9306,495,3953,0
0,0,4377,6268
1341,0,2561,9328
9448,0,0,302
0,0,9375,6000
9369,0,805,0
6832,2583,1630,0
7596,3239,0,0
6293,2552,5024,5478
329,6228,6433,5195
0,0,9298,0
0,0,0,6379
8294,4517,9,0
1047,0,9755,0
0,5333,5617,0
1004,0,0,8761
5015,0,2339,8389
6277,0,5452,3122
5908,0,0,0
3429,3109,4541,9131
5091,3168,5883,3845
6229,4684,3960,0
0,270,0,5151
3162,5796,7730,0
0,0,0,7824
0,202,9636,3147
5697,0,3483,2506
1712,0,3272,7176
0,0,8008,2797
0,0,7659,0
3345,9510,0,5214
880,4389,6689,0
7042,0,3895,4296
5040,0,6296,9263
0,0,4954,1365
6880,243,8000,0
5047,3751,4539,6658
4540,3766,7353,6596
5116,4870,5943,3974
0,6083,6679,2684
6240,7280,5934,4090
0,0,7587,5767
0,3297,5626,7167
0,0,5513,7024
5105,0,0,0
8981,3358,5246,5516
0,0,0,9300
4007,3089,6795,7688
161,3710,3406,8623
265,1821,7162,9717
2859,5880,3795,4730
3862,4540,7482,3119
6426,8250,2671,5505
8917,1437,0,0
0,5080,3713,0
9939,0,0,0
0,0,0,2928
3030,6521,3254,5059
8051,1735,0,4233
3475,6680,7396,1536
0,1838,6296,0
0,0,6711,8063
2280,0,2643,6628
3511,8085,7453,1791
8223,0,0,0
1818,0,1887,9791
7458,3570,931,9637
7793,598,4856,0
0,6988,1944,8063
0,0,4247,2214
3814,3923,0,9506
0,0,4185,6713
5065,5239,0,2960
3948,3451,9589,4888
7997,377,0,6433
1288,0,2727,6834
2275,5674,4399,6780
0,8941,0,0
0,6144,8186,2252
6138,0,0,0
7802,1975,4283,7774
5728,0,2771,9382
0,0,7511,6287
5866,2331,0,1501
7092,0,7785,2569
0,0,8061,0
2564,0,7455,6478
7848,0,1779,7941
9549,0,723,0
6949,1919,4271,0
2249,2356,8411,6449
1767,0,3179,9195
6510,3449,9269,2333
5861,5423,0,0
120,0,0,7214
1430,0,0,6917
7864,0,6111,1537
4468,9081,0,0
3550,4378,4758,0
3667,7916,0,0
1865,3358,7158,8690
0,5548,0,4518
2246,7286,3101,0
9899,0,2346,0
5186,0,0,6655
5450,0,0,4196
9683,0,1511,3308
2184,2199,8751,4612
3596,7472,3987,4384
0,7703,4670,3425
0,7224,3650,0
8964,0,8212,0
6333,2511,0,0
1023,9741,2165,5575
8047,5507,0,6123
5615,6372,2216,0
5926,4328,6488,0
3936,3002,0,0
0,0,0,2012
5501,1935,9885,4929
4689,5477,7940,955
4685,3181,8312,0
0,2303,0,4557
4014,6708,1369,8998
5362,7547,4100,0
0,7372,0,3289
0,3166,0,0
5717,0,3885,9953
672,3012,7543,0
6272,4099,5998,3769
0,4145,0,1038
8140,4603,2531,6380
0,3907,823,7275
0,0,7067,0
0,3986,8918,0
0,0,9729,6246
4109,0,3355,1258
5782,187,2984,9683
7317,2453,5756,8641
8170,0,0,2215
0,6876,4674,0
0,18,7852,6984
0,0,8203,6964
8882,0,9601,669
9759,864,0,3055
6974,7484,0,4511
7784,1263,2413,0
0,3357,9072,2560
4676,0,3860,3899
0,8909,7812,723
2249,0,0,0
732,9836,4983,6018
8630,5164,0,4794
3233,3718,4731,8580
7388,0,4395,0
4492,7516,0,0
0,4749,8328,4011
5379,1023,9633,3681
4088,2099,4446,0
6638,0,6529,4967
5398,6344,334,4892
3911,6095,5556,2486
2968,7579,1342,9385
0,0,224,8621
4307,3830,2447,9133
4846,3242,9096,3292
0,6700,2473,0
8175,584,6237,7565
0,3190,2248,2496
9171,0,7194,0
6119,0,5896,0
0,7638,7844,0
1551,0,0,5513
0,0,1551,4356
1400,8057,5476,0
8728,0,6338,338
5900,0,5941,2621
305,9277,0,7869
363,6649,4924,0
8813,0,3897,2363
0,5846,0,4339
5728,4612,7584,2723
0,4953,5069,0
3261,8710,1254,7445
0,7531,4929,4712
0,3832,0,7056
4864,5362,5932,0
1492,0,5142,9911
1351,0,6464,5318
5212,0,9643,3539
0,0,3458,6123
3343,0,5279,2885
8194,0,9906,0
8621,0,6833,0
3220,0,4788,0
5118,6259,0,3685
0,1088,6195,8726
359,0,0,0
0,728,8155,0
0,0,910,1337
3128,3345,8335,4238
0,2199,7681,7463
3173,7815,3468,0
562,7437,8280,0
5699,1739,9424,0
1633,4323,0,0
1205,7512,1295,0
6953,0,2916,6429
