3000 3
9816,5268,4903
0,60,8765
9140,5216,3942
1221,2293,0
7360,8185,1649
8350,6549,727
6884,3025,3940
1508,216,7966
8042,3590,0
5870,6979,7858
0,6796,3126
6690,6938,3187
5455,6079,8403
0,7300,697
2090,4661,8882
3740,3011,0
4467,9896,8457
0,1404,8673
6374,9447,2263
59,5318,9243
7917,7106,6039
1044,3796,0
4232,9252,9057
2636,8650,6357
3333,741,1019
2216,4481,4031
0,8949,3927
6106,7357,5331
4780,3732,4779
7044,3791,98
6287,1709,7204
2327,2754,1000
5306,0,253
4363,9623,8904
721,0,9645
0,5174,4126
5771,2822,3076
9698,8929,433
5030,3709,4165
9809,753,7957
9907,7041,9666
7112,9369,2420
8113,4675,9407
8366,9039,9031
7270,9760,0
6915,1501,7163
1042,7273,0
4118,6971,8914
0,2002,2624
8717,1811,3378
6675,1719,420
6341,8832,0
8761,6945,4465
8169,5311,3504
7200,2581,3265
0,9497,4767
6352,539,2040
6338,0,9011
5253,9210,1013
7877,7928,2825
1255,4603,4545
1675,945,3377
1465,9707,322
5931,7876,5634
9435,0,0
2701,4267,7712
7469,619,8252
9509,6958,2911
8521,2211,2122
9535,89,51
2360,1345,4655
6906,3021,5600
0,4486,5307
607,417,3184
6241,9853,8261
4456,2555,2528
2169,24,3148
422,9533,107
3334,8054,2318
5456,7589,2408
5507,9950,3753
162,6857,6774
5763,7141,0
1070,7749,1678
4254,3990,1532
2516,8447,4087
5045,616,0
8194,1039,3646
0,0,1700
620,9830,9290
0,5338,9241
6781,5501,6099
3555,1264,3240
0,2334,989
6495,6589,4980
8028,9106,3427
2116,4151,0
6228,2345,5083
9874,647,9457
0,1267,9287
866,4295,4626
108,1076,127
0,4632,1391
9448,9449,0
438,5945,316
5418,3973,9422
8845,6089,3574
2889,0,5920
7973,2192,6567
7430,3768,7834
6718,4634,0
1344,4742,3206
1472,949,7838
2863,0,7288
6590,835,3233
6906,6254,7206
6328,5099,3295
9903,7989,5613
5823,5962,7806
2390,3393,1574
224,112,6209
2354,1457,951
5560,2929,1901
3399,5792,2299
688,2382,3135
3921,9289,9389
1127,5618,4489
0,0,2478
37,1344,8441
7844,3734,1834
9419,3959,1946
5628,6313,0
6580,1874,6332
8482,5274,2125
781,5962,0
3917,9883,3797
3307,1011,0
7796,5435,4937
274,5473,6281
8716,3317,16
550,2736,3975
2497,8365,289
5900,4945,2163
2233,3428,7438
4359,4209,3400
0,8127,3283
2665,1434,4295
0,9230,9730
7019,9505,5203
3301,8221,0
3317,8772,1258
7293,1269,0
7583,7169,4569
9747,9403,7997
7185,3762,2207
585,2630,334
3869,5295,1769
8164,0,999
7895,4397,505
3099,7698,8727
1620,1016,7499
2879,8310,8768
2503,5893,5938
7072,0,5342
5070,2826,9104
7277,3412,1734
7612,7281,7030
9382,5446,4408
382,3342,8805
887,6441,6503
0,8062,7520
7114,942,5830
5882,3445,1724
1821,517,0
7163,5588,192
6268,2866,3604
8003,478,886
5033,9861,6333
9442,243,9675
8247,1130,6117
4751,745,4180
2271,7859,5122
8101,3742,8567
9825,0,9085
7191,2727,4673
7383,8996,7539
987,6999,8018
1873,2033,7879
8207,0,8122
7882,9723,9253
4000,4474,9998
8180,6745,7858
3302,4847,1601
1869,4673,7165
954,1864,9893
5628,9247,8889
3167,234,5888
1186,2108,7921
9065,315,9397
7188,8198,9120
6441,2199,3594
6440,379,340
4298,3681,5187
0,5551,9860
3065,6506,1724
2958,2134,972
1847,5302,1206
7736,6488,3315
5658,5553,3631
5055,2742,1830
4175,9183,4029
7769,5623,4408
8110,9922,8090
3297,5822,3641
3158,8888,148
4883,1846,2283
5855,3694,0
7062,1430,4073
0,7089,9627
4009,2144,2369
5839,6319,0
9868,4089,7176
4276,2199,7099
2367,5497,2922
6008,0,1811
6157,3540,3657
8440,9396,7352
6025,6458,8783
99,6836,5872
9726,845,8016
2096,6684,4336
3649,6552,8425
826,829,625
7926,3196,6123
849,9205,4779
2660,5362,8320
0,3802,7716
0,9828,4174
2453,9927,1010
8326,9654,1856
6343,1751,8540
679,5400,5093
9105,6227,5922
9731,4153,0
5854,5002,8323
634,7662,3686
8954,0,7488
6671,7651,7317
0,105,7245
1856,8431,6900
3712,4774,8651
2253,5454,4051
0,4559,279
3269,0,4432
2387,145,9435
711,779,7098
4397,9734,1078
1886,6405,8729
9204,0,8835
6449,9108,7266
3349,2821,0
2000,5074,7495
0,2421,2055
6331,5690,6346
764,8078,6491
199,8789,7271
7297,3187,7006
8376,5074,3411
7106,4278,663
0,727,0
3208,4077,2592
5249,6077,7667
0,0,88
0,0,5779
1146,9226,3857
7638,9425,2647
0,6723,5835
1915,5100,909
5327,2206,5187
5990,8148,5915
0,1356,9992
8354,0,6070
6021,9350,0
6109,4151,6662
1889,5297,5889
5746,2936,5314
0,7845,2038
4228,9761,7138
5138,5089,9344
325,1079,7492
0,0,8849
6234,0,5454
2305,1217,4805
506,7327,8956
7169,9216,4254
3058,4962,7190
8372,0,5036
411,7585,4797
7549,2723,9886
6894,3049,966
4387,9291,7808
3236,5525,3004
8691,7831,4221
3496,8337,0
2453,0,765
6707,8564,0
3898,6937,0
8934,7349,6671
3732,4898,9394
3619,1793,2444
4586,6180,1735
2394,9417,7261
5398,8108,5092
9620,1605,3430
1170,4059,8936
1936,766,7501
7664,4665,4439
0,3600,1788
3421,0,6687
2816,952,8480
5260,0,0
6996,7933,4079
4257,3332,0
9350,2952,3793
2780,4122,7852
1717,6059,8619
9219,3723,3285
0,0,6885
5447,0,4218
2134,6712,5171
615,1973,709
5276,8969,0
9356,3226,1975
1544,2577,4927
5338,5357,0
3190,7075,5109
1810,6294,8833
5095,9952,9308
1981,5399,3204
0,7534,9916
1370,8149,1889
2080,3426,859
723,2782,4085
2698,4326,6662
7626,0,0
0,2855,9095
1786,0,5390
620,9762,5342
9928,1743,742
3133,7943,8277
3049,9314,6426
4939,1394,9852
5798,0,2635
9884,4817,0
6547,2443,6626
8568,9120,9482
7664,907,4149
3054,0,0
8396,1456,5655
0,0,3598
7416,7639,2912
3843,2579,4307
3695,8378,6426
6331,0,1243
3293,4810,3686
9920,3378,2807
9402,1042,3715
3552,4096,5243
7464,2493,6700
3119,1633,1290
6718,0,8929
9631,0,0
3938,6589,9887
364,2920,8150
1607,0,2961
5294,6133,0
8102,5536,7382
1817,9089,1479
7061,6553,3973
0,9672,5607
5051,6390,4657
3981,6021,7551
5491,9960,4140
5378,325,7061
3529,1933,3275
6490,7227,9409
2830,5330,4946
213,7148,4035
1693,4209,588
5667,7970,261
1274,3022,6651
5932,7004,2673
3483,2495,2634
7624,7874,0
4685,1403,4892
7961,7894,2120
7370,725,7450
2317,939,0
0,2632,8808
6941,8300,6779
0,0,9801
3854,0,6806
6528,8991,9301
9162,6615,7175
2121,1301,8578
7014,9263,6473
9134,6633,7198
6585,0,8137
1184,5303,770
9992,2244,9070
6772,9447,8646
6574,3301,0
3380,9829,3145
2681,8991,9760
9856,1113,1062
8435,8127,325
4909,7261,6959
2107,3847,5910
245,5031,1214
1016,5024,3459
0,1796,2906
8733,8370,6207
2886,1750,6036
0,4432,5028
0,4289,6141
6855,2725,4269
7180,7634,1531
4140,9741,5378
51,9987,410
1265,1003,5434
4724,1090,7231
7630,9824,5602
3838,2710,7353
0,8742,1785
4903,4535,0
1045,1390,8799
5314,8571,6433
6845,2712,6175
2224,2763,6163
2634,4029,7166
8069,8754,0
5300,6384,8081
902,222,792
0,98,9535
41,5001,4071
6115,6047,5462
4915,1361,4033
1349,8207,6746
7524,432,9510
3688,3066,3539
855,1136,2293
9112,6436,8678
7194,0,8901
7987,0,8999
7523,5636,4001
1594,1752,48
7056,6667,1410
1090,8016,9618
7836,5541,50
7346,9229,3117
886,84,4253
0,9197,689
1858,6391,8029
759,4379,3624
9758,1902,0
0,3497,1012
3808,0,0
5218,1643,5696
4836,9480,1238
4887,6827,467
8004,7713,551
2257,893,9749
2947,2752,6141
976,3511,520
4601,3270,2423
3862,0,5920
4874,838,6473
2555,6057,8117
8251,894,7598
9489,5781,4425
9957,3785,2139
509,6043,3033
258,8990,5785
6399,9967,9296
6919,4568,2567
9342,8430,9597
5262,3305,436
1736,5860,6493
9854,4112,7387
7452,3602,3169
1877,3559,6954
4016,4069,2997
7049,4327,1988
2834,726,1955
2131,0,6524
4698,6989,4955
4296,2252,8260
4732,3988,4121
1226,0,8233
8614,1294,1836
1783,0,5396
8738,7189,9465
1736,4239,3792
3724,7074,4519
5680,9205,2166
2204,3904,9155
7159,8201,1407
5420,2934,5396
9541,4160,9238
0,2775,533
9611,4559,3706
5007,3297,895
4473,5034,5134
8265,8758,2209
2785,4439,1415
4951,6644,5319
4106,3804,3520
5514,9224,6454
910,8766,0
149,0,0
683,6153,7950
4389,1161,1248
5285,5634,6282
420,3900,5041
2629,6686,9481
4044,1637,6125
9364,5744,9930
2885,1258,9154
9339,2169,7921
9955,2319,4463
3346,3002,616
1297,7391,1778
2546,2677,7412
8828,3097,0
3870,5726,7999
3351,9771,9636
9477,9135,5381
9407,2020,6640
8562,1360,8809
6483,1316,1128
947,4663,0
1564,5960,0
3342,8506,4200
755,7335,7297
0,1205,3024
67,4557,2796
9704,4035,1931
5086,3442,3952
1726,2005,5313
536,8489,6629
1665,9436,1292
0,1000,7253
7320,0,5759
1520,5098,0
8818,7167,4301
1843,7235,8858
4639,6940,2893
6571,2026,6336
523,3753,8341
5836,4290,6830
2466,5955,6267
3758,1752,7267
1011,9072,1611
6771,593,6709
9866,9412,3877
4167,1255,1112
3026,5895,8052
5919,2466,79
2256,2990,3832
597,8826,8122
7428,1292,4078
3695,0,5831
962,6063,4903
2574,2834,5497
0,2700,4910
0,6867,6165
4273,9893,2061
2326,5813,4527
2405,8069,7517
6238,8667,6344
4361,6095,0
8439,9790,0
0,753,8751
9174,3327,1586
4672,2611,4286
9582,5772,1154
5748,46,1048
7809,2372,6862
2336,4778,4932
9854,1016,3599
6198,5378,9695
3835,3817,9486
6524,0,0
5276,7262,3567
6862,1934,6179
1149,1516,1952
2303,7265,1999
3352,5074,4372
214,7410,9150
5146,7264,167
8746,3463,5545
8441,7299,9363
7927,3824,7451
8167,9100,4714
1735,5962,6648
7915,7112,8165
9868,9415,5430
1867,2768,0
6239,2982,7915
5390,8129,5180
5557,6876,8644
1103,5317,5943
466,3245,9767
7917,1413,8867
2631,3149,4830
9280,1065,1943
7446,0,1358
2877,2800,4127
3382,9039,7110
1297,4430,5239
6478,9987,2116
5122,1090,7434
1065,1557,680
833,0,2093
9701,2107,5243
0,1388,6308
6475,8834,7241
7834,1712,42
1961,5094,0
0,6392,3512
4311,2870,3499
6427,7993,4590
3861,9059,0
4541,9892,5623
6635,9593,7731
1878,4126,9119
8187,601,7954
5428,8435,9666
0,396,4761
4552,0,1153
0,3779,4024
1564,207,2017
6155,4069,1076
2303,8610,0
7927,5246,563
5658,0,4689
4778,5312,5290
2733,0,0
2399,6211,4122
7160,764,3590
8314,8829,7370
2338,394,7577
4355,6549,1647
5432,8853,257
6402,6780,5504
0,2439,2629
1656,7218,7941
6947,9951,8682
673,0,4894
4796,9512,5659
8387,7826,4488
5757,164,4882
3335,4520,1432
4982,9953,285
5240,6356,7066
744,3322,9506
0,4978,6725
1316,1925,6676
9999,2599,9028
4893,7395,0
552,0,6367
5041,1540,6531
9924,0,1052
1356,9858,1006
1642,5099,7362
8709,5844,684
8215,0,5663
4940,534,7589
1617,534,188
646,0,7583
9187,5980,3366
5554,1022,4906
2086,946,9782
0,2303,9641
4145,3945,4741
1507,2655,0
2191,870,9804
7855,5811,339
5444,7429,873
5632,8076,0
0,7263,2281
6582,2818,3304
1489,4904,4250
0,8043,6554
0,2188,500
5655,3696,3155
6241,5888,4026
6045,3743,9838
6385,9187,7268
7259,4820,5344
0,8036,2608
0,4619,5426
9146,6108,331
3397,7380,8374
0,8294,563
452,3950,4259
3607,191,148
0,0,3891
7472,2623,3079
4740,9882,7899
85,3442,5936
0,9284,555
8120,8431,6664
8451,1828,4044
6825,1780,0
7389,2233,0
1649,5840,6481
1797,3475,2719
5689,947,5342
8768,5688,5224
6668,5773,8666
2604,8467,7951
3160,6587,6382
9824,5038,8211
3869,1864,0
6209,0,2225
2499,903,8066
0,0,1541
1699,8390,2488
7041,7158,8177
2265,3826,0
932,6431,2418
8883,9592,0
5266,9416,0
3478,3286,5908
3470,9495,5162
5695,1994,6065
0,975,8766
5303,2675,7156
7792,9716,4315
5969,1982,8142
9920,2915,0
0,1798,4165
1344,7065,3582
5388,543,6868
1297,4013,6364
6459,9709,8359
2525,3471,9334
1292,8774,2009
0,6566,1726
2765,2536,3708
907,2456,6623
5481,4795,8422
9647,6139,5488
3229,1528,0
98,2826,45
0,9286,9755
0,1812,3227
4156,3104,2001
6165,1554,8568
7891,4320,1105
1600,5227,3561
8224,709,8357
6647,356,4497
2136,3586,0
8167,3685,8852
8213,148,8138
7969,0,9950
0,9126,0
3198,5292,4610
1766,3184,8930
2872,4785,4158
6433,3009,4867
4791,9657,5224
9288,1793,8811
5314,9961,2496
0,8175,2645
2304,6144,7615
2255,7340,6742
5310,538,2034
9920,2305,5219
8851,5177,0
3009,1611,3014
7877,6402,2672
3102,5691,4465
1913,1005,4427
4410,5172,2602
7055,7476,8747
4671,9731,6087
1413,5042,0
3448,4962,8931
8667,3813,4109
8672,6823,5720
1687,4700,2123
4359,7803,7814
8825,9716,8819
3252,4126,0
5855,1182,1468
4602,5853,1200
689,7266,6242
7315,715,1205
6247,0,5019
356,8055,1842
6076,9743,6543
8200,0,4346
0,2927,4063
4833,6179,8190
8825,0,9372
0,6637,5226
1493,0,2493
7736,4642,3208
8941,889,2591
3960,1246,647
5803,7323,0
2346,5523,4492
6693,1537,7420
756,6371,3600
8946,5196,5635
8318,5490,0
3544,6984,0
6037,4720,4241
9246,0,5131
1837,7622,6377
2485,3426,3701
2876,5772,9224
0,0,762
4789,0,7133
8389,0,0
4025,487,0
6297,4032,4804
5896,0,9525
138,9316,3187
5269,1154,0
1647,0,4236
5348,6515,8
4573,3884,2474
5335,8674,5696
2468,7064,7864
4798,0,8352
2618,0,2384
7423,0,2454
6948,0,1770
135,8691,2925
945,339,0
5181,5687,3080
5190,261,6965
7664,5596,5639
3361,8065,2704
1226,2863,3793
9578,5482,1180
1962,0,4464
4417,0,0
6188,0,6577
9113,935,6916
5678,6116,2604
8758,1306,2865
5724,8971,8462
1364,2332,6527
4068,0,0
7861,3137,4874
9042,0,0
3506,9517,7634
1392,5705,7624
0,0,8559
4886,497,4676
7490,9256,5982
356,4980,4954
8819,6345,7287
0,413,846
4738,8275,3984
9612,7318,9084
7392,824,8602
0,2217,4308
2650,186,9127
1210,5073,9625
5886,2564,0
1869,2920,3862
6824,1740,207
4111,7086,621
4957,1824,8897
8942,1436,6215
0,8829,7040
6629,3855,9257
937,6506,9443
65,7717,4517
9690,3603,7081
8572,5473,2
2434,2297,1742
2642,6408,8829
0,1366,653
2161,0,2090
8376,8335,920
5417,4964,4775
4674,5902,1282
4118,5968,0
8635,5659,2603
5716,4231,8076
5719,6666,374
7461,9309,6782
0,2573,8149
0,4734,8458
9035,3111,0
9955,8528,1758
4731,3202,7660
6014,0,3629
5014,5956,9288
7617,1673,3520
5694,7392,186
6068,4853,9496
2851,1144,2069
1000,8089,6804
9458,7125,9916
0,7080,8444
8010,1812,1647
5670,0,8968
9299,2840,4924
8588,458,6597
2108,6152,0
2295,2221,8844
0,5072,9988
3861,6072,8078
665,5531,5203
0,1783,2284
0,9793,4097
0,5464,1924
0,0,4764
4567,3352,5223
1165,5461,1376
0,7756,3597
3999,9548,8669
3988,3409,4742
2067,4075,274
0,4657,2057
0,3683,1851
3652,4358,7316
5576,4000,2080
341,8568,5433
5564,9734,895
6941,0,8652
538,8889,8200
9208,2878,1610
3950,4945,5686
4225,2216,343
6282,1771,4027
8134,5424,8385
5450,1000,2386
7531,1342,955
2964,6907,0
3860,3848,0
2512,4386,4469
712,3594,7348
2323,7545,2294
8009,1770,0
8353,8053,6282
2380,6188,1706
766,1638,2707
3153,9170,4049
4108,2135,956
4798,5995,4805
377,8507,9191
4847,9219,2786
2195,1543,332
4490,9552,2102
9000,7905,156
5283,286,6345
6990,1053,7983
9697,4206,7154
3747,8314,9289
4704,3112,0
9509,3490,3791
8701,8338,0
1487,534,4554
0,5024,4107
3922,4024,2013
4079,9308,2300
424,0,3353
8408,0,7559
5562,9743,5874
4851,4447,8987
135,3956,2478
3927,0,816
6938,4145,1350
1492,5965,6374
5600,0,399
7613,3967,9707
9913,4391,6005
0,0,2001
826,8362,1744
6700,3213,6191
5687,3349,148
8166,7276,2806
8982,4215,6951
332,5708,2916
6707,0,2804
7106,8922,6771
6814,8836,1163
2819,2103,3963
4821,2929,2325
6565,9630,5539
2757,5318,8889
2905,3484,6165
5712,0,0
2663,2799,0
5580,9506,7397
0,6613,6319
5155,0,0
6318,6247,7259
282,0,189
2607,0,9819
8147,391,5138
7036,3297,8622
3202,0,1089
3583,1673,3889
9672,7253,3396
7069,5638,10
3389,794,3437
8545,7113,9685
5804,7395,0
5993,0,8388
5813,0,8779
951,5185,2077
9574,8388,1087
664,1971,2760
0,0,14
7950,8713,0
7960,2103,6446
1398,648,3559
1083,6453,954
0,2447,957
225,8261,9106
9005,9213,4292
1083,8788,2680
2170,0,4652
4931,4006,6296
4945,1957,5009
598,0,7112
7044,1316,7761
0,2399,4215
1558,4237,6662
2516,4463,4923
1622,0,4137
5915,4552,2925
8596,6723,2378
3248,1654,6384
9544,6600,8342
4554,7198,8259
1667,4242,9576
9428,4847,1975
3643,6405,6213
306,8922,676
5230,544,4145
9367,6460,8698
2293,5056,5421
4671,8305,7076
0,7850,3676
9398,0,874
7658,0,5117
7234,3500,9964
9210,7144,6370
0,0,5292
6099,2681,5837
0,2049,2297
8943,4342,7354
4365,9013,5660
1441,0,3510
0,9468,0
0,7126,9986
1110,4360,3487
1074,3570,631
7444,8993,8082
2737,5093,764
8574,5338,2813
872,4282,7156
8226,0,6169
3887,89,0
7397,5208,5707
3313,1201,2834
3300,2311,7194
6787,3385,0
7418,0,9759
5501,3567,4852
6265,2141,191
9079,3013,4474
6235,1240,3122
2405,5127,3212
8644,2525,8420
4352,5838,9621
7187,9138,1932
0,5926,5318
5147,3345,0
4907,8846,9716
9760,5112,1857
0,4191,0
4425,426,6111
7548,2832,1239
760,1476,3765
9180,5829,9604
8802,3016,8743
735,7398,4669
6053,2546,8014
2202,7453,6861
1918,7213,1973
3776,7165,6165
8647,1591,6592
4759,9139,9424
0,9899,901
9764,9080,6731
0,7883,9747
8111,8618,7146
2780,4671,9692
795,6874,7145
7656,8792,4359
9630,0,1524
5796,1216,0
2388,5975,2254
1813,0,2154
2714,1738,1234
9445,1106,9118
0,9218,7736
0,0,2408
6032,2794,9282
3177,451,8074
7537,81,643
0,5878,1859
2176,8267,7834
4431,80,9809
6585,2795,1547
7820,2241,2654
6938,1435,1872
4675,7775,3871
0,3807,6665
6365,6985,0
4440,4522,7198
5084,3583,3077
6943,5760,1344
4778,191,1425
4587,6777,4221
0,4597,6463
8790,1536,0
663,6211,5674
4535,3295,9481
1201,9661,6466
8318,4102,988
5517,9186,4572
8594,6129,333
9939,0,0
1365,5496,7302
5586,1632,1900
2050,422,0
0,0,9648
5623,5621,2944
5104,6822,2605
1571,5140,6707
0,657,5893
7132,9252,2023
7465,9191,0
7990,557,8428
5293,6143,60
7193,0,483
630,8143,1569
278,3766,7191
0,8871,0
5828,0,9154
2535,3002,9812
8429,135,9065
452,7601,8257
3385,0,8814
1813,884,4958
0,8078,3152
2357,8708,1295
3927,8987,5062
1118,2210,3934
0,0,4376
4287,0,7379
4100,9003,7514
3165,0,5115
1422,2841,0
236,4655,1592
5194,6529,9671
8347,8887,8379
9643,2815,7366
4705,0,9577
8640,9066,7615
3017,3354,8189
396,7454,7193
7911,619,6649
3027,2042,9490
3735,2278,4146
5327,7473,675
4999,5820,9563
3378,5463,2378
745,169,6312
322,8809,5379
7938,1827,8734
6128,2223,6188
3321,0,6808
9970,3162,8850
9461,6897,1129
3607,2225,8603
4283,7224,4423
3846,603,9887
6225,1348,56
2537,1671,8866
7917,9609,693
6652,5737,2917
2841,0,3052
9649,9029,6215
8500,0,3113
9630,2097,5338
8233,0,2563
2656,227,0
2544,0,4515
0,8990,6187
1467,0,0
2161,3560,1534
5079,6401,593
8131,0,9623
0,4551,8113
7460,4181,211
2799,2415,6592
5362,5072,6819
0,7616,3272
3045,217,2262
9232,1685,9170
5029,3847,2730
6564,8926,0
0,7058,5183
0,1405,9734
4895,8865,3916
5106,1664,6331
1699,7027,1404
8519,0,9020
1791,8601,9238
4054,7834,923
3224,2863,4771
5955,9427,3697
5087,0,756
270,0,0
5,8262,1027
3922,3369,2691
0,0,9719
1658,3588,5275
679,5380,3877
9917,9434,1711
841,2659,4575
5612,8614,4003
9310,0,589
66,3972,3956
2228,3978,2219
3255,7900,5588
5947,8154,658
5666,9813,4246
942,492,9627
4820,409,9061
6532,1251,1720
1107,6863,0
5111,6174,4037
5700,6241,0
9657,0,1988
1876,0,9888
7465,7672,8043
8123,3339,7856
0,4282,0
1997,0,8758
0,5635,9
2780,6743,6873
0,1854,3047
7153,7554,9288
5163,7211,7758
7151,9088,9483
7040,0,0
5084,4677,495
2940,7047,4778
1289,9044,3881
47,103,9516
57,2884,6259
6930,5999,0
9977,3152,5667
9266,8316,2879
7024,5468,1967
6507,2508,8521
3663,7592,3198
4159,0,245
8937,1822,9290
2818,0,9394
2335,0,2278
0,8857,8277
6708,8835,1430
2376,8101,9747
5255,5125,5215
7223,1633,7723
5744,5296,5316
8943,9456,5850
9188,8394,7672
8479,1213,9543
7873,3548,1470
151,2143,328
8429,8851,9163
9860,0,0
9607,6483,2390
0,3707,4023
2546,9452,9320
7863,0,0
0,7584,7170
0,6063,8383
929,3936,1932
2399,4088,4075
2727,2517,0
1890,2377,4155
0,1984,639
1545,6807,4346
5568,9353,3799
4889,7216,2194
0,929,9778
836,2315,5842
9220,3244,9778
1153,5644,3866
5228,8371,6384
8156,0,8761
2312,9417,746
2951,963,7554
0,6532,6908
1097,1421,4124
3292,5086,5054
3070,5923,0
8913,5144,615
8692,6297,6259
2558,0,4631
8943,9682,4894
7705,1994,4312
8451,4946,5275
6006,2244,1807
2914,0,3228
7039,6633,8315
2094,9704,4239
9465,8618,9383
80,7310,5680
6340,9869,7206
972,8812,6889
5866,6517,8884
179,4969,3830
5454,975,6075
7262,3890,9416
491,929,6050
8806,3023,5755
3046,2488,4373
2429,2569,0
8110,8909,0
5316,9881,365
0,5748,0
1090,5927,1852
4921,1382,2828
996,8644,6718
413,9135,0
6464,7942,671
2219,988,3160
6593,3418,0
8277,1528,4639
9830,6845,4521
196,9051,269
7079,142,6197
8932,5064,7579
1760,6060,6224
8478,6474,5360
6126,2938,0
6797,5158,4292
9957,1751,7710
5687,29,9239
326,9860,6084
4847,57,5136
5117,7136,5279
1314,6068,343
8894,0,6404
5118,6307,2878
478,2434,5816
3781,9232,974
8073,9189,2726
5784,0,2756
5023,5203,2616
1108,51,2674
6244,5168,0
1523,6482,5879
1867,0,3708
8271,495,16
1149,974,0
0,0,1683
7941,2830,873
668,8614,5750
3424,3638,953
6041,4746,1004
8715,991,6173
8526,2514,2655
4405,4382,8032
8114,2653,8528
8131,3803,9503
582,769,4259
2265,8711,7090
3138,9379,5705
0,2803,0
9842,8845,4090
847,7560,5081
7020,6087,7596
9676,493,1978
0,8607,4631
6238,6739,8435
0,0,9205
1,9587,7916
7091,2726,7295
2796,1615,99
0,1458,8944
6230,2305,6505
1312,0,2593
8908,9002,3086
886,6712,1693
5518,2950,8433
3954,8692,5755
3159,8693,5342
1075,5784,8068
8371,8581,9684
8470,722,1142
7415,6953,3448
3921,8265,2774
6514,7174,1777
0,0,8489
1294,3580,1440
9727,7534,132
5482,693,0
825,1769,4610
8894,140,3192
8578,8611,3915
9721,6027,0
3169,9948,9134
5943,6463,0
7720,6063,4370
0,7358,7950
7651,7086,5484
7783,2569,6177
6609,3394,7947
1220,2289,8087
4412,867,6699
8328,588,2726
9196,3757,2674
8331,9701,9138
4640,7422,5202
9010,3632,2560
6960,1284,9646
2445,9067,2215
0,5677,5610
6570,6897,7899
4657,1310,8767
1356,9638,9356
4083,8835,3114
6758,7166,2815
5896,0,237
0,816,3870
3659,7777,5154
3305,222,4222
0,8845,0
1132,5415,6797
9032,73,8107
7799,1430,0
7155,5513,6580
269,2272,3746
3085,8168,5553
3322,9266,6370
7193,2926,4147
2348,6232,4370
6570,1753,3215
6470,2886,8631
3267,1918,8705
0,9718,135
9120,6873,5649
5700,7143,7921
9447,228,6090
5000,3551,5357
1371,745,8283
5518,3093,4515
0,9664,0
3105,6134,9155
1736,9402,1074
442,776,792
578,9896,7665
6227,5597,4809
4149,5044,5038
239,45,8589
5596,1416,9335
3880,6935,2428
8395,0,2093
4664,9930,8227
3819,1667,7630
4893,2109,8406
5685,2687,8303
3351,8915,3901
8161,0,8946
3199,3305,8991
0,8902,408
1124,2782,7344
3552,1177,4169
5646,0,0
3873,9661,5766
1503,4555,7875
9910,241,0
8214,3592,9478
2115,1754,2544
1061,4953,5849
53,6742,4751
462,7866,7533
7806,0,8711
1975,7065,4553
0,939,4214
1840,2443,8770
9716,2353,9011
279,0,2604
9758,2684,4358
2303,3745,9311
8152,3799,6053
2904,4261,3920
438,2067,5339
0,4043,0
3702,117,3344
7917,1958,5787
6688,1674,8141
5699,1954,8709
8304,1713,1394
2662,4016,5139
1974,2168,8939
8028,5072,3200
1948,0,5268
7288,4660,9311
9693,0,9429
3037,6281,1387
8825,2969,3062
6966,8669,5016
5676,6973,6729
0,9636,0
2210,1611,2915
1150,0,7988
4351,1588,3499
9619,8877,8160
8931,8570,6523
8360,1608,2805
9748,433,5775
2810,7400,4444
7826,3077,1418
4556,148,1055
5303,2359,2666
8218,3509,2306
6206,7860,3895
0,7480,2772
7865,6412,1343
4389,4772,2951
7194,4520,3385
2970,7331,786
7415,5158,3864
8833,9714,4013
0,5018,6373
2556,3236,9882
4862,9442,7743
8758,9147,5224
1530,0,1636
2873,1402,6409
5825,8597,930
9211,1567,8261
9997,8982,3419
3862,7816,0
7875,7705,8152
4248,261,1388
4131,5124,831
1875,3882,9979
7099,5413,6992
0,8287,8394
5146,4112,6991
6076,3323,8559
4337,3321,7541
7757,7183,5357
891,5058,3063
9044,9307,3325
432,3438,8449
1263,5313,2332
1242,2413,7745
8235,0,0
6629,0,145
3621,0,3469
2181,6710,6790
9722,4467,3973
0,0,9032
8143,4403,8339
1468,0,1778
9918,6099,7092
0,7342,9506
9996,5578,656
6029,2208,6952
0,5829,9325
9644,0,6036
6434,7733,503
408,2813,5862
9441,956,265
7781,2425,0
9560,2343,1201
6652,4593,8544
6158,4590,4122
6815,619,6330
0,0,2160
3093,6439,171
9129,2874,7904
9633,3283,0
5495,2724,0
0,506,4099
0,66,6442
2064,6718,1036
609,2877,0
4731,9692,6247
1061,3460,0
0,0,9481
3393,5684,0
1297,5317,5638
2015,813,8363
3690,6575,8869
7789,7438,8935
4232,9503,5653
5269,112,0
896,4844,8223
7143,5905,1684
185,9127,8239
9667,2521,3923
2023,3818,9241
7661,5834,55
6024,9524,6630
4894,7314,4069
0,1547,3573
9483,6817,0
8014,7714,8530
6238,4857,4435
7922,5043,3563
6161,4711,6085
85,0,9903
9326,4396,5738
9382,421,0
6013,5315,2577
0,9144,4125
3655,8628,0
7341,6643,0
5871,2881,3514
307,804,8558
3871,6966,3269
9956,7052,3
9860,6378,4399
5599,5761,4820
862,1774,136
3440,1856,9281
7565,0,7909
8508,2854,4552
7164,8726,7434
679,9034,8238
9237,2906,5205
2506,2863,2257
2510,2724,8636
6910,8323,4397
1731,9185,6171
1867,2626,0
1149,191,3541
9058,8699,6396
3611,5864,5123
1045,6543,4158
9284,5780,0
4490,8287,9927
0,797,2652
5383,7708,975
9781,9439,161
5953,1307,2787
0,2456,2978
7523,1515,1678
3920,5126,7542
9044,6172,4085
3202,0,9865
266,9947,8152
194,6695,8950
2846,2079,6658
0,1860,0
3983,7813,7405
6771,1796,9862
9750,9320,0
1428,3240,6504
8970,2284,2676
3056,5487,8133
2921,5753,8081
0,5948,4776
25,0,6855
6683,2617,8716
2782,6601,6530
188,3372,8326
50,3122,7646
1428,4550,887
7932,3521,3172
608,0,8659
8742,9499,4413
6824,574,361
1600,599,9157
8456,7283,1775
7172,65,8376
3703,253,1749
2029,0,4871
9676,1732,9422
563,9664,2944
3735,273,9521
2395,9015,9021
6808,0,9595
7170,7440,194
6327,5897,7477
8102,3070,7543
6479,6773,7797
8228,8802,8101
3100,8478,9834
2522,9042,9498
5466,2778,9772
4988,5173,0
4010,1982,4628
0,9152,0
3800,5480,0
1278,3583,1036
8822,62,7809
0,8290,6612
4721,1390,5090
4555,0,4133
4053,9380,6911
3826,4369,2085
2614,8379,0
0,1985,3220
9311,5786,8701
7277,7065,2284
8313,5887,2347
6123,2506,637
2735,7227,2028
7826,1782,5942
1959,5836,5323
0,9662,9692
956,2276,8072
5024,9518,58
8244,8830,5844
6946,6107,2909
9230,4420,8797
1577,543,1303
2215,3278,8531
4244,1105,313
186,3064,6150
5509,1936,5813
5202,2892,8090
3275,7917,7609
3333,6162,6439
9178,3108,2546
0,2338,6967
885,3916,7511
2188,6131,790
719,376,1895
1033,563,4959
7184,6073,6895
0,1275,9788
1087,4550,7705
0,7883,3868
5135,7062,6976
7681,9150,9315
4649,35,3231
2160,2224,9363
2950,2943,9739
4845,3977,302
9805,0,6375
6701,4159,7651
6489,5246,2201
4195,3943,0
8064,9079,7147
0,6761,6298
4356,1410,6333
7587,3570,8557
6951,0,1501
6691,1366,5478
6994,1171,6640
3369,0,799
1021,4362,6046
3223,8558,9989
0,6622,9068
456,1663,5830
6754,6019,7240
3088,3607,810
1645,559,7331
3146,0,8698
8625,4244,9869
5265,7614,0
0,8635,2105
2111,1858,664
2101,5167,7286
1170,5623,8950
7000,2378,4969
4240,5466,0
5051,7112,0
2382,258,6387
1080,8883,631
950,4149,0
8693,214,6881
799,2325,8739
1463,4427,3906
8750,0,9530
7700,0,0
2670,0,7376
0,1889,4488
385,4272,4746
6772,5353,0
7403,6303,7780
5649,4997,7994
2531,5796,320
1270,7259,4747
5177,6010,345
4708,3711,2942
0,6381,9781
3994,7629,1670
8482,8015,5943
3229,4787,1296
6860,2191,7600
4640,7840,2597
2634,372,0
2955,1642,5654
7702,6820,1664
8047,1529,5375
990,8147,1757
771,2142,9387
0,624,7402
8385,3854,2189
9682,714,4381
7282,5355,2222
9880,7989,2594
8275,944,4237
0,0,1057
5594,6695,2587
970,0,734
2727,8457,2876
2115,0,3501
9517,9285,7355
1707,8967,8070
6088,6250,3425
8310,6130,1415
904,4405,2360
5142,8335,1008
6199,3929,7703
8786,4899,5388
9521,7627,3846
2398,9742,0
5899,9260,4031
3255,968,2998
1326,7056,9249
4752,5367,5379
6167,6272,9785
8528,1414,8120
9536,7614,2050
7239,0,6949
2628,5923,4577
6474,8321,4319
1220,0,3580
5252,7477,4548
8251,8803,1604
7500,3555,6972
2880,9723,3245
0,8251,4659
0,7788,2274
2836,5027,8675
0,0,4598
4363,4131,2920
8683,5352,7141
2263,604,4619
6811,8856,3422
8416,6356,6978
5388,9236,6701
0,1902,4953
3293,2688,2741
5568,5524,7769
4243,5310,5426
8842,9674,9557
1763,0,4910
8904,620,5515
3523,7431,4371
0,5848,728
3924,1237,9964
626,9870,1866
5579,3164,4555
8321,8732,79
6090,2976,5390
1516,1819,5064
1074,3582,3422
5984,2486,4042
1500,6010,1474
5871,2957,7322
6599,6882,8559
6564,7508,8430
8431,3088,1595
2986,1410,327
3066,7500,3304
8457,9017,5123
3522,91,0
0,0,1192
986,7577,7203
2461,3448,161
9783,48,7043
8343,6613,4552
6773,5044,7641
0,8031,9051
8697,1098,6552
2001,9555,5569
7125,3077,5661
5830,21,1738
7023,1008,9315
4226,3469,2764
4387,3253,0
1431,1596,9426
5984,8370,4471
3625,6739,2502
2676,5436,0
9229,7438,3156
0,4563,6233
460,394,6255
2199,7417,7263
1515,1644,733
4279,6032,3986
7093,7463,0
6519,3447,3953
990,7073,693
3493,9750,6129
7094,8979,3568
250,0,8131
6484,4239,8526
2739,6439,5943
3,7954,0
737,0,3620
4723,9327,1083
306,0,4531
4260,0,1604
4953,330,0
1083,7424,333
4651,7675,4112
0,4159,8351
1310,6899,4791
7253,6903,2745
4841,7640,4979
0,2364,4307
9545,2670,154
4076,6930,0
5680,0,7321
7035,2967,4746
7369,0,2421
1481,403,6581
9833,1713,3480
4624,8967,383
7369,3808,8024
2349,2270,388
6657,1815,0
6811,5891,9989
3802,1572,1874
1124,8608,4842
5870,5977,2461
8292,7458,2864
4874,7292,4578
8354,1916,3545
0,9286,7353
6762,1636,9624
7151,8293,1439
210,5104,7331
199,8906,8904
2074,30,0
6916,0,3490
9377,4194,949
2242,9068,8241
6820,7423,158
366,0,9444
7720,2924,0
7344,75,9374
8783,285,4479
6115,485,3385
5019,2559,3416
2532,9475,9318
6022,8853,3513
6971,1096,2581
5212,7917,5
5371,8283,6166
4816,6003,9091
5897,0,9167
5272,2131,9453
9751,0,9938
3137,3266,2498
6554,5798,1974
5872,1820,828
9386,0,1924
1968,4005,9841
1973,0,8125
8140,4192,4128
0,89,0
6399,5361,0
5852,5113,7853
5791,8250,1119
8289,0,6918
264,677,8738
0,63,7531
3016,0,1536
2858,4004,912
983,2144,5105
5112,9376,0
2588,5775,556
2195,1627,5669
49,7418,3919
0,5708,8723
8087,0,0
6826,7064,9464
4357,81,1495
5893,2940,5500
6806,3923,7645
1911,9036,7021
7106,1624,2797
7662,3820,4425
3332,3869,1844
7251,5038,7552
5975,3126,3525
5376,9952,590
4841,4310,671
0,203,3612
1837,7010,7535
9482,8921,6571
6504,6027,8196
9301,3690,2016
0,7022,5885
5571,0,0
3124,249,4051
6649,5626,4003
7240,467,0
7912,6804,8517
1524,8642,5527
9060,8124,4449
5632,4629,477
3828,3930,4167
5845,0,1190
1731,3229,5464
2655,6354,5714
6706,3003,1341
710,244,1809
9024,8156,0
7542,9680,7255
3070,0,5380
7519,4373,9
7997,8201,3940
2165,0,1598
3355,5778,4828
8820,8433,1182
4535,5140,4186
5876,0,4430
7685,4876,2586
6299,0,2267
3555,0,1008
8936,3008,5381
8946,1005,3583
2886,3171,7630
0,6527,3408
9313,5347,1842
495,9883,6983
4681,5760,2835
9112,3446,7711
1698,9745,129
3966,3301,5617
4974,2238,8626
356,1184,9632
3940,4071,2803
1571,8556,0
4980,7870,4678
6822,8365,4562
3806,3047,322
0,2159,0
4352,3858,3514
4482,7825,6816
100,2800,0
8726,3156,238
8358,7097,4309
1162,0,2866
493,3648,736
5171,471,9102
9733,4277,2149
56,919,4309
3824,5272,8168
7339,0,5993
4155,9854,8793
0,8580,1950
3448,6939,9047
7758,8101,7716
624,8594,1364
1360,3766,1836
463,3500,6114
0,3556,7033
6922,7381,2305
5091,0,2059
1084,8876,1914
9878,2086,494
1829,5534,7434
876,3292,5536
8592,3917,4131
9957,5278,7897
1793,5741,1398
7907,8354,4955
4941,5277,2337
7247,0,7058
0,1453,5934
1221,1332,8020
1716,3161,3555
0,4038,0
4686,2631,0
8817,2588,6043
6715,4382,1785
8114,2290,140
0,7231,5417
5406,4479,0
2464,3786,7239
8399,5007,0
6419,6723,1732
9975,0,5770
6823,561,8401
7588,9378,990
3632,6094,5373
5418,4208,7663
5558,7278,4895
975,0,9374
0,5149,3160
4000,3549,8168
2572,0,4891
4304,9944,766
75,6767,1327
8477,4356,0
9467,7989,6800
4840,3407,1009
2504,8965,0
7400,9941,0
6775,6702,6123
9936,703,9672
0,3275,9641
2996,7580,9585
3762,7655,6353
5089,6132,709
5795,5600,8698
2596,441,2105
3605,2946,1071
1894,346,1012
2867,7121,7715
8990,7058,8418
8663,5162,1694
8304,8158,9274
7890,1921,6930
4243,7010,3063
4952,2806,8663
3651,5402,9105
5756,9008,2051
6827,902,0
7840,3769,0
5555,2760,6577
3974,0,1740
5669,9728,9899
4944,7619,1820
1874,0,8831
4938,6815,1637
3602,466,7039
2707,6223,6047
4758,3051,6949
7156,891,719
6676,6447,0
3254,422,4903
4994,6091,4632
4894,1035,2251
6715,2910,4114
0,7848,929
7184,1451,0
4223,4158,7619
0,8917,671
0,6074,1563
7941,2750,8010
1421,6005,8432
6324,1000,4524
957,5894,5560
3208,2609,8471
7323,0,6320
8252,5340,0
9649,0,1929
7269,9836,847
7940,0,6921
9503,4998,9672
7514,6419,5677
5947,2744,0
471,3701,2572
6032,6910,5182
4503,4233,3338
823,2486,8678
8594,2136,8243
524,9405,8079
1371,7346,5136
8293,6850,135
7965,4364,6555
3642,312,9300
320,783,3001
2892,6816,0
8074,1319,4145
1412,2143,6632
91,738,8768
8335,0,8173
6414,0,5520
1551,927,2370
1687,8892,6734
8242,2535,7046
7542,2855,7830
544,5747,4647
456,3822,5966
4602,5235,8110
1234,5327,0
2,3662,111
8176,76,2745
3696,1628,3673
6066,3315,2566
2801,1558,5101
9848,9101,7956
7679,9645,3704
2326,102,0
8293,4704,0
6403,5939,8089
5251,5942,1751
5362,4118,1828
8108,7814,3457
1781,3881,6773
4347,0,8331
9448,0,7432
7405,4210,7078
1110,6537,7181
8637,4830,1886
1399,1233,7825
9489,6484,3767
1241,0,0
3069,9955,5700
6527,1736,9582
3300,6084,6265
1632,5533,2796
9065,2938,7007
0,4049,3545
3325,2686,8375
5211,4086,9609
3036,3575,6093
6803,4816,7940
4689,0,0
390,4413,9632
9972,7714,0
6238,9346,1250
9035,8411,0
6043,4555,8238
9588,7880,925
7964,3091,5011
7573,6128,8586
3667,2932,3403
1608,7622,1289
9504,8012,5703
9136,7985,3417
0,4223,0
6104,3259,1175
293,9302,5731
8531,8890,3612
9456,6854,6704
4468,0,2832
3054,8095,5765
6458,9703,0
7747,9207,1400
3451,8344,9386
6868,3198,3610
9632,9302,6869
808,9595,6171
6540,8126,5062
152,7583,1917
6857,2051,6345
9690,5106,4440
5455,1565,4143
8843,9312,3351
243,2763,1695
9630,9632,4893
3240,9265,4196
110,73,3791
6281,6613,1918
1344,6766,9502
3261,0,1554
9607,3314,6660
4047,8769,8226
8191,0,0
1543,7856,302
3239,7487,0
8132,727,9200
2329,838,9273
6120,7119,5887
8039,8464,2654
7541,1725,6277
9095,1332,0
5756,5380,8361
3982,3572,5974
1521,5115,3831
1824,8354,1318
1759,6487,2046
959,8817,2884
232,4937,4
6120,2977,8468
8774,518,194
5052,9614,1527
4644,0,6908
0,9354,481
8980,0,5597
2811,2699,3952
4130,4458,440
6177,5417,9257
9061,5650,4195
9066,1770,7172
7535,545,7691
7730,5597,7306
9257,241,2677
6166,3247,2031
0,2227,2907
2244,5039,5607
6196,0,65
6636,5347,5483
5894,4409,0
89,0,2905
7261,1011,0
4953,0,9048
2259,7999,9290
4937,4165,2537
6968,813,0
9876,3058,0
5483,9255,8974
5548,5891,4321
1032,1786,8730
2167,1875,2206
5072,9137,3217
8523,0,1959
7571,6350,9958
6861,1287,4124
9399,8256,4937
4165,8132,7995
3970,3615,7250
2945,9164,3142
7267,0,4929
5998,2364,6804
8204,7436,5942
1422,5960,32
3381,3531,6383
0,393,7670
7464,9793,5927
2402,3959,4059
398,7929,0
7649,874,6839
792,8142,7036
0,4140,0
2526,2345,6838
8468,3768,0
0,7150,6330
4884,490,6723
2555,7955,6517
8482,358,476
2541,756,0
216,0,9281
7056,9199,7423
4093,4920,1563
3494,7446,3909
332,5915,7677
3130,4416,4827
0,9300,5318
6184,1855,3273
2702,337,3631
3179,2879,4388
1585,3095,2795
866,151,1994
8289,4244,6915
9853,7739,4361
0,8071,277
1440,1202,4693
6268,663,3993
1586,6848,5849
4860,9551,6187
0,2730,9066
2881,4315,2161
5676,5182,2313
7670,3472,6558
4585,0,4297
8947,7089,2369
0,8530,3572
3918,4798,4236
7912,6385,1084
3761,1245,636
9948,9738,3366
9015,2619,7682
1176,8295,0
3490,5966,6336
48,551,0
4346,9499,6752
6715,8724,5282
288,2642,80
4524,555,6466
0,4316,7712
6244,0,7450
9611,3280,69
7293,4457,8364
0,7947,4331
6495,7996,4882
6157,2342,4382
2910,9058,3106
8192,9346,5749
8273,3870,6304
4739,9479,621
2451,5724,4887
9902,5336,8168
0,2629,2625
8336,2788,573
2667,9283,8570
7550,0,913
1933,8351,9971
5039,6543,9318
789,4817,3189
7094,9556,0
7715,2008,8393
2602,1910,3730
770,0,6360
3396,219,9148
3970,2886,8432
2540,437,3873
0,2370,2225
3425,7410,8769
2744,8199,3586
5933,5294,3143
8603,3009,5151
6997,0,7062
727,6383,8945
7087,9779,9164
6235,3750,2051
4668,6290,0
8541,9744,4859
767,0,2269
9536,5914,469
3122,1848,5763
6265,451,8773
1417,7448,4385
8480,8176,769
0,5263,549
6589,0,4299
8641,6167,590
1129,4709,334
5989,5476,3504
8258,0,9418
8728,0,1267
4492,4402,1719
0,5819,0
7651,4299,0
8421,1725,2607
8970,8315,4107
3269,6956,274
0,8086,4984
4194,4075,461
7698,2334,5474
7117,1063,3610
8385,5555,8012
104,8821,3832
9272,0,0
6616,4894,9857
9223,3865,8173
0,7134,5129
3605,994,3216
8590,5189,7291
9051,2887,9626
4526,5,689
8136,8390,6245
6149,8495,5066
9982,7767,0
8114,4383,6435
7972,3607,300
6145,6937,7435
1275,543,0
4491,9134,3618
1783,8185,6506
1409,2711,6512
2099,0,4903
8344,6998,3398
3411,6980,1165
4951,5095,5548
1386,3068,9155
0,9214,6093
9121,489,6637
0,4981,5771
1170,6765,3957
7677,8174,6669
4189,0,7518
9093,8618,4516
2491,2029,1497
3656,0,6593
9205,8367,9661
8361,54,0
4455,9176,9366
1092,6727,4347
6864,7898,1112
0,5576,9287
7490,9765,9561
5008,8858,8179
9525,1350,208
1022,5006,7189
7616,4212,5556
7277,0,5610
0,7028,0
5519,8121,1514
9867,4985,9412
980,5806,4988
267,3297,4754
9829,8306,3613
8008,7831,4963
8217,8854,0
5406,6470,4183
962,3748,6756
6573,9902,0
1359,5422,1906
2873,0,0
2286,6270,2698
7275,0,5995
2030,6367,4302
5644,4375,2133
608,2593,988
579,0,0
4762,8962,1207
1518,5535,1109
5303,6894,6531
7209,9768,1821
4101,2055,8091
0,9330,4630
2795,1361,997
7097,7005,0
9231,7613,7966
0,8192,5965
0,2955,4927
8885,4474,462
9995,9777,7357
0,6987,7125
8349,1089,9181
0,7889,8511
1071,684,9873
2068,7782,6878
7442,0,4492
5408,7233,2685
1374,4912,0
6302,3798,0
6765,3793,9892
4122,321,6880
1248,8670,0
429,5111,5858
8941,6183,6543
8814,0,4325
5693,5694,1339
186,1103,8572
2871,2477,3485
8512,8780,7283
0,5545,1076
8519,9668,0
5399,917,68
3369,1347,5180
9228,289,1363
5771,9104,9616
97,4798,5310
1436,4984,6413
9,7855,8891
3494,6368,7672
777,4995,0
0,0,2886
3252,8914,3804
3321,0,5152
8501,1512,5441
9865,7284,4545
9481,7381,0
4792,8817,0
1206,8827,2183
98,0,8552
7770,3099,3547
988,4954,7061
0,8206,5976
7679,0,8260
2832,29,9773
8273,9894,7057
2819,9376,4438
2163,4168,3256
6491,5374,2083
8675,5472,4406
7227,3242,0
774,4231,2460
7836,0,0
3812,5786,2194
2073,8618,2223
1846,6892,2118
8903,9711,1494
3341,1875,5663
6598,8366,1037
8682,7041,6510
3088,4269,9752
594,5043,3984
3054,2879,2091
3720,0,7878
0,8765,6497
8139,611,3389
258,9514,3101
1752,2856,4976
7416,9454,3343
8453,8136,385
4964,0,4654
4717,1818,9697
8701,0,2577
792,8593,9269
0,4509,8035
5168,2648,8646
8557,2906,8161
1659,4659,1017
6636,2075,471
9979,529,8608
365,5493,9832
5019,210,1651
4717,0,6524
7295,9704,5118
6565,8375,9627
4600,3544,2275
3246,0,5182
1408,0,9841
2425,398,1917
2897,0,2447
1505,743,0
0,5763,8151
0,480,7063
9514,7775,0
4632,4340,5144
4260,8941,8688
6535,2188,790
1718,3596,4552
0,6022,4950
3477,8919,5329
5925,425,6072
3866,1764,1835
2018,4754,2316
9082,4269,91
5851,8901,4432
995,3162,3374
9684,9697,5562
475,1416,9158
5028,2976,5180
9979,0,4100
5308,2380,4526
1380,6246,6290
3216,8264,1044
5532,0,5314
5624,3197,4215
57,0,0
3431,3878,7075
0,4353,8492
8152,9382,1469
3333,9361,7923
0,4669,303
0,6050,6550
8250,9266,4814
9295,4798,2161
4609,422,5359
8825,480,9552
0,3911,3431
3279,0,7784
1771,1057,0
3240,0,6528
1164,1824,1197
1467,3784,7247
8018,2035,6513
0,1330,1312
4994,5939,1735
353,4764,2215
9906,967,6127
3337,4247,9032
1122,6018,89
8289,9258,4480
4817,423,6305
6014,1890,90
3262,9908,2125
9775,2741,3455
1088,7736,9395
2823,8089,4159
5038,7996,5127
1165,1334,0
198,2456,5393
288,746,4652
4768,0,5075
1074,1578,6966
1164,4840,6875
0,4616,9617
0,5704,7353
6140,0,5443
300,3566,3439
5428,4732,4773
4803,0,7230
196,5218,7976
4849,9987,0
9924,1062,5117
6890,2226,9958
0,5516,4574
3383,2262,278
736,8403,0
6179,8703,0
9618,0,7105
4392,8936,0
1622,9133,7255
9599,3982,7242
3138,3906,0
8256,797,531
0,4563,6048
0,7947,8311
3068,0,6714
0,4862,5418
4247,4481,9550
1353,8874,8486
3389,0,7619
644,96,1602
7887,3234,5509
6192,0,6306
0,9706,870
2773,2495,0
1084,5563,7501
7799,7438,2364
3217,1685,6845
2768,3038,0
1255,0,6217
8875,7073,6313
477,4961,9548
5986,1153,1039
2293,0,746
3164,652,3241
1982,1737,8804
9483,9536,6242
1847,2754,7928
8693,5523,0
4413,6778,7396
630,5654,4469
6944,6132,9430
6492,2119,584
7532,4413,8463
8278,7577,9115
1519,9559,852
324,9043,388
6567,890,3143
4496,9583,8666
5463,0,0
2859,4627,1100
7329,1571,7232
6760,0,9351
7345,5596,0
5808,3874,1342
4923,5394,902
5776,0,9945
0,0,836
0,6782,419
7975,2246,4416
3420,5106,9044
0,2435,616
1753,9196,8680
1105,6541,4276
4870,2349,8151
6213,7273,3545
7115,3049,9264
7061,9215,1551
7897,0,8333
8316,6498,580
2733,9919,5686
1777,0,8122
2393,6193,7319
1074,7298,3860
5350,2169,6210
3501,8382,3484
7047,5498,6534
6312,0,5749
7863,456,4273
0,8773,772
0,1507,691
2464,3284,5132
587,5678,1325
7906,6752,8624
1767,2103,794
7977,5605,9176
1461,2653,4674
7995,8965,7234
0,6829,7690
8018,3026,6464
0,9804,7971
9482,2269,1256
4614,2856,0
5940,763,3687
4564,2530,5791
5358,507,1396
4535,1969,4049
9210,9965,3015
0,3711,0
4135,1729,2870
600,519,2675
8572,2,4944
9828,4616,0
6763,556,8564
0,0,1094
6243,480,1602
7639,0,3572
1689,4226,3538
4704,671,7249
4549,0,8978
7420,5407,9498
95,3979,9500
5040,3808,4116
2842,571,4673
0,1023,9794
2501,7266,274
0,4906,5289
7677,6596,9516
1215,0,187
8464,5850,4994
7443,3270,402
6942,3366,4381
6442,8406,8190
559,1248,8761
5232,2655,0
5026,0,7051
5300,9262,1958
590,6939,8554
0,8155,9855
294,6619,5705
0,0,8976
5691,1005,2342
73,7447,0
0,8007,1998
7024,3239,4654
6810,8266,0
3862,3567,9074
5820,4158,6013
4375,4265,4168
4230,4560,788
9936,9849,4851
8913,5540,5857
0,5613,3305
2005,3876,1312
4003,0,4552
8657,7711,2819
8469,1574,6386
7543,7394,545
3557,1770,4810
7726,6001,9370
8514,5937,9219
3366,4851,4760
9223,6107,373
2528,8112,4250
3840,2116,5151
0,774,2863
1212,9244,0
7599,6787,1832
8144,345,3602
2955,8071,0
2325,6585,5541
1545,0,393
6306,9175,6500
6679,1704,4612
930,0,6729
6081,3938,7503
8945,5150,6747
3383,2749,3535
5216,894,0
8819,3849,1951
8423,6175,8537
3964,7721,8489
4357,4027,7665
858,707,9369
5471,1637,4914
2200,7719,8853
9704,6664,4004
0,0,6754
9987,5264,7648
3867,4083,0
5819,2506,7673
4356,6471,5394
2845,829,9421
510,1687,129
9880,7158,1766
4794,9359,9485
3647,9063,6150
7652,5514,6198
4406,5501,1463
2054,9369,5546
0,0,8052
1225,9544,4524
6619,2390,5353
6041,2901,7041
6171,2782,4200
7937,7576,3559
0,1224,2622
3574,8876,8136
9773,3282,3638
0,5337,0
6782,8889,8196
4835,114,7741
9360,6734,132
4713,2776,3033
1755,0,5815
0,6885,3392
9514,4309,4617
2136,0,0
0,7656,6777
3911,8893,2114
6919,5675,1004
5116,511,1119
2857,9871,7854
2989,4585,630
6023,6340,9578
1839,2295,6464
5232,1809,773
9849,3946,8657
3344,4219,6314
121,8131,5207
0,5051,883
3240,167,1395
4360,3024,1266
2214,6014,0
2845,2037,2192
2423,3877,0
8888,9109,6298
9661,8959,244
8319,2303,4464
4633,2425,2595
9841,4662,7646
724,7903,7813
2119,2263,838
3386,4478,6852
9238,7323,8890
1431,9747,2768
5919,8635,0
0,8297,837
2462,6616,0
6926,1250,5567
9522,1091,229
7168,1816,8132
4982,3935,396
5820,7322,4874
2673,6561,2197
1564,7992,1944
4333,3912,580
6211,6130,8877
7048,8592,5493
189,5519,6744
5756,5041,7835
5986,2210,9651
4118,0,0
4514,3013,0
9389,5687,7471
1586,7252,5463
3531,1585,9375
4111,7796,5505
2989,4844,4098
8483,5034,9617
5227,791,0
3062,6777,0
0,896,4062
6302,5411,7075
0,4800,2763
4683,6387,15
146,9918,1600
9522,4030,9397
5028,0,4241
0,5502,9276
8744,730,67
3404,0,6845
273,6507,7741
4336,2809,3153
1412,21,7953
4175,0,4341
4191,4851,4259
5791,4374,8290
5188,9403,5309
9430,8529,812
8707,7274,1542
8774,678,5335
0,952,1842
3362,5288,4652
0,6700,4673
4469,876,9378
8810,5067,0
3070,0,8605
1360,6048,8008
6670,5479,6538
7482,4186,3812
9025,2961,4491
4361,8581,5444
6204,1943,732
856,8459,7433
5530,0,8310
4909,1738,3377
9140,4808,0
7745,6169,0
5754,2839,5764
0,322,9950
6105,9347,2911
597,3708,1493
6041,0,3437
6774,0,1896
4208,0,4824
