3000 3
3421,4958,4366
0,4023,1970
3200,0,0
3737,4891,6625
3868,2704,4942
9356,8054,7420
7425,7502,8119
2000,2560,1817
4522,5499,4197
4358,6574,0
0,0,6044
2969,1724,2501
7816,8198,6671
583,1015,1078
7233,6007,7095
7505,0,7677
4166,3954,2889
0,3248,2265
4728,6712,5826
6139,6112,3795
0,4420,3032
3575,3148,4232
0,2998,1991
3368,3151,3655
1978,3788,2039
6061,7443,7048
3866,4417,0
4484,7016,3888
2911,5437,3093
4547,7541,4990
3570,3117,3458
6580,0,6073
6731,0,7524
5026,7436,5232
8026,4558,6011
2584,0,1584
1041,0,0
7537,8197,8003
5015,5926,6319
6204,0,5229
0,0,2200
3958,1762,3819
6767,3319,3864
4090,4825,1992
3848,7331,5514
4997,3457,2590
6784,5277,8400
3793,6834,7085
7406,7013,7461
6450,5875,4251
0,2869,5462
4182,3096,0
7095,7725,8093
7152,6067,6605
4019,0,2919
6872,0,0
0,2737,2428
6260,0,4589
5618,2708,5256
4468,7631,3690
5497,3701,4807
7152,0,5521
3894,3979,5165
3186,2164,4574
5604,5923,7511
3967,5975,0
4134,2825,4879
3071,4065,3778
4307,4013,2659
6816,7120,4465
6467,5527,5351
4503,5405,6595
0,3063,3017
6934,5480,7052
5418,2627,5007
4276,4579,0
5941,5586,3389
7265,5474,3450
5319,3940,3240
0,6424,6259
8103,6874,6346
6446,6171,5966
3353,4690,5369
2628,1730,4101
3801,6169,4548
5670,6852,6734
1786,1154,1418
5467,5408,5781
4153,5158,3251
5287,7533,0
0,5259,5218
1927,3179,0
4712,0,6797
0,7259,7093
7038,6264,8365
2150,2725,3213
0,2489,4009
7205,6639,6848
1281,1095,2228
0,4782,4621
7832,4385,7394
1981,4533,4500
2924,3919,4844
4222,4209,4124
4927,2642,6092
3898,6015,3338
1786,2725,3376
7014,6525,5215
3539,6438,5324
4966,5613,7113
3650,5764,5693
5289,0,5741
0,6744,0
7306,6574,6934
2698,2002,1776
5427,6329,5632
2379,2992,2238
4228,4487,6487
7233,7298,5281
4972,4634,4387
6632,3929,4019
6623,4967,5617
4925,4408,5493
3846,5438,4279
4785,4075,5852
6110,0,5665
6850,3063,5030
2503,3638,1495
1726,1383,1042
7586,0,8176
5339,6235,4021
6856,7443,5933
5551,6376,6640
2501,4043,2479
5557,4756,7398
3299,5341,4648
6404,5268,4246
5250,4177,3959
875,0,1781
5407,5827,6115
3965,4374,2588
3991,4175,7199
3659,2779,3782
5444,7176,6183
6506,6275,5992
3091,3361,900
5693,4685,3943
0,3448,0
7010,4828,4078
4959,4676,3619
3131,0,0
4964,2833,4567
7678,4381,7773
4004,4069,3080
7068,7873,6994
4421,3602,2644
2725,3321,1738
3790,3974,6198
6126,6220,7206
5780,4297,3178
3954,4044,0
5618,6859,3227
4860,5322,9079
5938,6571,3374
5484,5597,5048
7658,5762,6386
2209,3366,3374
5085,2982,6644
6072,0,7386
5117,4569,4576
7647,3852,4990
7753,8002,7283
6917,4709,6659
6659,5333,7222
7413,5960,3810
4518,2887,3938
2158,3736,2495
5448,0,2835
4810,4750,0
3325,5419,4221
3573,3197,3852
3477,4400,4202
3235,4404,5669
5504,6388,6604
0,0,2462
5684,6737,7790
4787,2434,7403
7950,6591,8120
6146,2968,5225
2977,2310,2815
1421,3242,2874
0,4631,3975
0,2704,2762
5029,5679,0
4066,4258,3517
3160,3793,3193
5818,5761,7257
2278,4991,5820
7522,4298,7472
4587,0,3311
4112,2645,2649
8168,0,0
5904,5015,5815
6895,7288,7314
5583,7665,4465
6293,6014,5092
7872,7987,7933
3806,6365,4761
3333,3016,2409
7860,0,6538
3320,1712,3333
0,4761,4259
3535,3865,4041
5960,5261,6061
8570,0,7254
5912,7356,7595
6723,7341,5164
4842,5233,7572
4832,6985,5659
5895,7267,7599
3987,0,1954
5045,4324,5603
3369,4644,0
7859,7896,0
6458,5197,4225
7671,7152,6352
6083,0,7177
0,8282,7083
3175,3600,2436
3747,4835,4526
4092,4520,5441
4698,8156,0
7616,6429,3483
7651,7866,8501
5879,8053,0
2008,2844,3912
3385,0,3798
0,1989,1323
8319,7406,8950
2228,2761,2371
3620,2924,0
5469,3383,1974
3888,3911,0
4591,4622,4847
4955,7490,0
4390,2489,3948
4871,4277,4795
2855,3784,2811
5338,7703,6963
6049,5675,4216
6398,7709,8594
7994,7527,8200
5753,6035,6584
3608,0,4956
5936,6632,7171
6214,6676,8247
0,2891,0
0,6854,6056
4619,3420,3792
1681,2793,3204
3505,6678,4460
3449,3830,3385
6372,0,5188
5352,0,3097
3210,2830,2538
0,4831,3651
7718,4919,3723
7283,8152,7789
7258,4694,5073
8052,7531,0
1660,1794,2413
3190,3614,6233
5751,5256,4128
3271,7647,0
6707,0,7432
7073,6220,4803
2928,4511,3893
2098,1643,1596
2562,3726,3162
7325,5617,7435
2616,2504,2249
4825,0,0
5923,5218,0
3504,3313,4758
0,6248,8282
6433,5803,6164
9278,0,8903
7077,8228,6231
2584,6288,4982
2738,1944,1240
7403,6483,7373
4881,4227,3226
0,2656,3054
5402,0,5397
4767,3729,6192
3919,3773,6833
3371,5718,4104
4969,2932,1954
0,5342,4435
5373,5822,4470
4065,4609,3660
7009,5421,6078
2576,4945,3703
3597,3925,7075
5223,6720,5526
5836,7206,5717
4229,3032,0
0,8332,9022
8677,7824,8332
0,5475,6336
5630,2798,6535
5851,4035,3827
6178,6953,0
3329,0,0
2137,0,3181
3475,2934,2355
6174,0,5756
5822,2426,0
0,5153,3671
4681,4560,5067
2791,1555,1929
7055,0,4855
4228,5929,4503
6663,5682,6369
5161,4264,5606
3025,5691,1755
0,6336,7326
3801,4363,2815
4507,3477,4770
3048,6296,0
5730,6507,6673
8198,8956,7958
7519,5738,6961
3985,5205,3112
6771,5076,5140
3566,4066,4746
8491,4939,0
5346,4736,2900
7330,5946,7193
5495,7435,2924
3295,2323,6686
5415,7744,7783
0,7900,8779
1469,4654,6039
5641,7413,6255
0,6861,8482
5872,5706,4552
3328,2529,2778
3322,2849,2963
2566,1880,1951
3179,3973,5293
3112,3513,6061
6780,0,7600
5351,6674,7412
6011,0,5205
4519,4507,5400
3686,0,4300
5496,4637,4633
6756,7126,6964
4141,3590,0
4714,3941,0
6771,6659,7648
0,4853,6470
6847,6985,0
6297,0,4322
5743,3535,4054
4830,6230,2421
2157,1744,2942
4587,6901,0
4914,5729,6159
5029,5811,6133
5019,119,7361
3823,3195,4390
7113,3523,5350
5237,3737,0
5129,7262,4030
4688,7159,5282
6266,3265,0
4100,4262,3415
8058,7700,8716
2353,4008,0
4392,2506,4465
0,3325,3224
8805,8536,8515
3959,3789,4809
5790,5434,6815
8154,7057,0
2369,5345,2782
6477,5559,4413
4437,5814,3094
5431,6714,6481
5421,7957,8363
7550,6659,4970
5697,3496,0
4841,6234,6744
5532,8329,6414
2736,4654,7044
4015,0,0
4654,5663,6241
0,6209,3589
3161,4124,5318
2375,3119,0
8222,7699,6383
3577,2340,3318
3194,3312,5072
0,5629,3026
6994,6581,6893
5338,6187,3667
5566,7654,6989
2091,3019,4847
2568,1973,1573
2675,4161,5299
3530,0,5261
3199,2956,3582
1949,1629,1878
3222,3781,2905
0,2958,3715
5889,6410,7578
0,1356,1606
7984,6704,5048
4246,4777,5956
0,3143,3086
1452,3075,2694
7331,0,4762
5041,3921,3117
4614,6199,0
7126,0,5854
5513,0,5936
2757,1982,0
4509,5326,5992
8409,8960,8477
6595,3249,5002
3501,3372,3628
5513,4187,3613
6639,1433,5309
6939,6614,7003
5990,6112,6262
1136,1170,1678
6710,7965,4670
0,6236,5059
6754,0,6670
2830,2067,3451
3659,3754,4389
8338,8887,8134
0,5155,6834
8393,6073,7138
1935,1989,2253
4200,5173,0
5273,5411,5556
6474,5304,6472
5334,3018,4631
4310,3417,2960
2650,1646,2515
4246,7477,0
0,5481,6541
5057,6955,4748
5654,5526,7035
7641,7853,7897
6647,6250,6066
6431,0,6617
4176,5552,6086
0,8765,9140
3262,1705,2083
7684,4198,5726
0,0,9772
5726,6511,7035
7353,6727,6060
0,3322,0
5203,3315,6889
5107,3680,7834
0,5271,5565
3565,0,4112
0,5455,0
4759,5585,8355
4078,3132,4518
4152,3518,0
4940,6197,5041
6683,4430,5716
5246,0,3832
6561,5266,0
2392,1047,2488
5320,3172,0
2663,2165,2620
3274,0,3289
5198,5423,6832
6920,7394,7704
3893,5800,4767
8833,8653,7943
7349,0,6965
4076,4078,3175
0,7546,7679
0,7633,5916
372,444,717
5996,3536,5322
5177,5803,4596
1962,1595,3265
2342,3860,3777
2910,4785,3555
7188,4904,6474
5558,7520,7043
5620,5404,4978
5245,6820,6485
4003,0,5820
6682,7969,7755
3625,0,3746
6375,4760,6265
0,7341,8235
6360,5848,6308
6698,6924,6880
2363,3694,3768
6580,5760,6410
4896,4640,1950
0,6317,7223
2807,2370,3025
8441,9038,8975
7418,4129,6809
4930,2892,3834
2855,5202,2869
7668,8256,8637
5837,1395,4845
6006,2397,4227
4952,3499,1712
6506,0,7170
4148,2426,3336
5127,5526,3854
5733,7647,6727
1464,2897,3431
2458,3287,1910
7613,8073,5967
6215,4795,6024
3712,4114,3270
6233,2258,6504
4385,5989,3551
1793,3217,2679
4860,5756,8002
6575,3315,6782
5545,5373,6047
5041,6666,2818
6019,6440,0
8089,5236,5194
6606,0,6955
5502,5936,6930
6390,2282,6281
8351,5650,8258
7505,0,8087
6708,4232,4182
5146,7837,6615
2713,2295,2786
557,2837,1942
0,3513,7569
1657,2943,3833
6095,6638,6685
5508,5508,7373
6495,6327,7235
0,0,7873
4742,3775,5887
3827,4789,4236
7406,6325,6953
2724,4048,3061
6571,5471,6047
4469,4509,3594
7225,8148,7242
3713,0,4016
0,2318,0
5314,3976,4421
3334,2573,3369
3137,6022,7739
4663,3662,4767
6037,5031,5921
6263,4848,7158
6461,5206,0
6607,7926,7144
2008,1501,3834
3568,0,3891
4300,3452,4013
3509,5398,0
2100,1748,857
4166,5191,3485
0,7245,6624
5066,4873,4209
7268,7558,6383
6525,5091,4872
6046,7137,7861
0,7416,0
5899,6421,5310
6200,4957,5404
2689,5666,3204
5712,5915,5499
7118,7820,8884
4950,0,5944
3504,3590,3329
6395,6121,4976
4424,5340,5826
1341,1032,813
765,857,1271
7303,5678,0
5834,6366,6172
2791,0,3384
4985,4524,2586
8340,0,0
4579,5341,5573
7170,5656,7298
7416,5064,7287
6628,0,6623
6829,7223,6626
7737,7218,4598
7252,4420,2977
3548,5637,6681
6280,4172,3101
1471,2553,1207
3700,2672,4187
1676,1491,759
7211,7965,6574
5623,5637,2649
3585,4613,3852
4929,5136,0
4926,6230,4598
8097,0,8768
4391,3446,4916
4828,2808,3409
4206,3817,2755
2973,6812,4689
3787,5605,5389
5101,3463,2223
2270,2009,2170
8284,6808,5912
3388,5163,2757
1714,2868,3443
6505,8262,8200
6308,7001,5655
6146,4930,2467
6761,3664,2809
4441,1441,3266
2700,3857,4662
8325,7393,5803
4162,0,0
6142,6085,4324
2254,3327,4708
5956,7588,5581
3187,4894,0
5057,5066,2861
0,4035,4708
4460,3167,3931
1465,5182,3241
2099,3242,2627
2291,0,2584
2565,1972,0
3725,3778,4335
6433,2795,6411
5044,4519,5707
8147,5221,7370
8811,8304,8655
5650,3952,4016
1650,0,1779
7104,6422,5958
6526,7465,6324
7105,5551,7546
2469,0,1733
1840,2430,3647
0,6139,3484
3905,5404,3359
6198,4675,5189
3196,3780,3429
6416,5180,1648
5295,2569,3432
3020,3011,0
4944,5253,4136
3650,0,5567
5403,2037,4721
7565,7102,8216
6375,4945,5912
4642,3750,0
4486,5617,2848
7522,7179,0
5225,0,0
2892,1991,3144
2992,2245,1856
6973,6065,7241
4901,5527,8631
6352,5251,8354
3935,4196,4987
5456,3143,2964
3818,4901,5583
0,3287,5913
7095,0,3934
1535,1189,1295
3924,7548,2849
7430,0,7022
6714,7072,5866
7641,6245,7147
5472,4094,0
7504,8257,0
3283,5321,3768
0,6182,5671
7484,6937,5040
3052,4322,2828
6929,0,0
4496,2779,5990
4448,3323,4182
4617,7986,4065
5740,5231,6223
3571,3959,4644
6642,5252,6732
5204,6177,2863
4248,2944,0
7826,4937,0
4765,4373,4706
4368,5519,6618
2651,3522,2941
3775,2955,4040
4750,0,5387
1973,3206,0
4563,4232,4458
6981,6419,6091
5702,3294,3458
4090,4467,4468
4729,0,3499
4116,3046,4012
4118,3577,3483
5251,5517,6928
7566,0,7620
8623,8531,7194
8194,0,8642
7407,8941,0
6034,5876,6002
2739,3717,5505
6370,5474,6679
5441,0,0
3932,3465,3687
3069,4572,3758
5515,4982,2684
5412,2264,1969
2839,6408,4595
2882,3615,3786
6817,4283,8781
5908,7609,6681
7659,5072,5874
5363,5326,3530
7922,7673,8156
4777,6176,7315
7817,0,5707
0,7982,8779
3793,2316,3089
3584,3376,6057
0,7415,0
1917,967,3612
6165,5708,6445
3394,0,2282
5587,6024,7232
3330,2888,3268
3105,2962,4355
6919,5784,0
5636,7677,3447
4247,5121,6492
7408,7802,7387
0,1687,3033
4315,4236,3842
0,4711,4519
8888,7959,9344
6270,0,7219
6368,5812,2999
3759,7360,6411
2727,4674,3776
6521,6806,5525
9068,8696,9100
6206,5225,4240
8816,8373,8524
4584,2024,3035
3897,5263,6734
3649,4711,5558
5917,6247,0
6442,7068,4844
6687,0,6887
5102,5846,5374
6966,5004,5086
3848,3517,5426
7449,8796,0
6497,2090,6913
4351,0,3945
4245,0,5422
2429,0,3469
3401,5861,6105
6293,3225,6622
8824,6761,0
3793,2934,0
4511,3438,4232
2662,5123,0
5547,5030,3907
5892,4827,7229
3203,4663,5467
6637,4803,5086
6269,6944,7318
4411,0,2712
5145,6089,7799
2053,2306,0
5433,7174,6696
0,3349,4642
4359,5050,4061
2749,2067,1433
4501,6321,6217
7684,5187,5780
5898,5588,5795
5532,6971,6582
6193,5373,0
9397,9507,0
1760,2721,2470
6985,0,6378
5442,2409,2007
0,8341,7240
922,634,1175
3435,5728,6591
2027,2508,2225
7246,0,4870
7963,6473,5684
7246,7394,7957
4066,3764,5940
4771,4313,3440
4808,6656,4065
6645,6649,6962
5597,6129,6665
7837,6959,5972
1258,4902,4220
0,3486,4304
6046,3713,4574
1253,1166,1455
3790,3432,3765
7254,0,6599
5732,6357,5678
3680,3418,4105
3158,3626,1738
0,6780,3578
5170,5903,7886
3129,3481,4388
2169,0,2884
0,5077,2736
3272,4217,6684
2753,3202,2831
2707,3097,4392
6564,0,7124
6044,4014,6636
5840,6414,4394
6504,3231,5528
3628,2825,4311
7836,7373,8060
3885,3086,8423
7212,7369,6621
5664,4648,4000
7025,6769,8440
6387,5230,3407
2732,2757,3079
3379,3271,2433
0,7049,4829
4660,4594,6263
6955,6335,5416
2906,1511,2507
6938,5409,7778
2089,3339,4398
3262,3890,3864
5833,3336,0
4935,4529,3565
5344,4904,3597
5232,7902,5286
4507,5233,5671
6648,3307,3042
6562,5846,4780
7172,4917,3645
4578,0,2912
4739,0,4675
2469,4054,0
7380,6794,5746
4451,2942,0
3102,4167,2105
7918,6841,6801
3690,3734,2693
4547,2940,6233
6403,6329,8337
4883,3999,2958
9074,8837,8235
3713,1144,4644
2815,4010,4259
2440,4227,3304
8500,7403,0
8249,8936,8036
4220,5127,4867
3316,3300,0
905,1423,1482
7370,5503,7067
5006,6121,6197
7111,4892,4589
0,2847,5629
2617,2479,2297
0,2271,1947
3843,3886,3453
1623,2532,2805
2742,4475,4364
3507,5582,0
4307,5033,0
4284,4144,4497
5687,3859,3178
6841,5989,6930
4517,5904,6008
7999,7239,0
6137,5392,5922
7852,6896,6492
996,0,980
6436,7268,7168
1618,0,2610
6177,7705,8598
6283,3136,5687
4327,0,7019
5863,6691,7412
0,6797,6941
4398,6702,6928
2400,4226,4149
5693,7860,0
4453,4918,4182
6414,5254,5341
8119,7784,8066
4257,0,3388
5702,4022,6281
6356,5728,5567
3024,4766,4150
7266,7918,5499
5372,0,6343
6136,7277,0
0,7916,8072
3068,3172,7202
8704,0,8762
7448,5519,0
5971,6359,3395
3067,1145,2363
5527,7050,5548
6047,6992,3581
372,302,421
3229,2219,0
1531,2180,0
0,0,2034
3596,6259,1237
6813,4219,5710
9118,4831,5768
2098,2036,4551
5066,1386,5908
5823,5449,5748
0,5481,6970
6006,6841,8331
1905,4220,3685
1671,1584,2243
4507,3691,4325
6706,6815,0
5435,0,6117
9563,9476,9497
2823,1905,1214
6124,3154,3450
5598,6736,0
5554,6729,4464
4263,3873,2059
5321,0,3543
9380,8801,9024
3047,2781,3064
6700,7560,6437
1904,0,3916
2878,4155,4696
4826,6921,6361
6859,0,5722
1770,2561,2835
3693,5621,4268
2467,1769,2200
4834,6495,0
3436,5270,1430
4210,6984,5603
8886,7856,7003
6747,5571,6898
4332,4075,2603
3823,5731,4341
3030,5911,2672
0,5142,5334
8970,0,0
4459,3962,0
4814,6687,7165
4597,2469,3829
6118,5858,7108
7133,6180,8014
3233,5000,7393
4131,3340,5660
2656,2562,2583
2175,2533,1798
3531,4179,3793
5027,3722,7072
3662,4920,5289
5171,3765,5076
7634,0,0
0,6795,6270
1492,1681,1636
5632,4794,5757
2736,5229,5512
5225,5719,4460
8947,9098,8981
2536,2337,2116
5903,4905,4689
4442,0,2183
2341,4264,1981
7837,6399,7629
5374,6013,5083
4391,1631,2672
1595,2621,2012
3171,0,3907
7187,4775,6271
7593,8399,7117
4521,5852,0
3360,4737,5486
3341,0,4293
7467,7397,8235
8049,6014,5586
2162,3184,1998
6330,7684,7297
3676,3122,2314
5487,5317,2197
6932,6496,5377
0,2721,3883
7537,6041,5725
0,5605,4639
3698,3539,4047
2382,3531,0
6614,5465,5838
4089,0,1306
2274,0,4765
5865,2796,3882
3907,2031,3684
2855,1415,1754
6476,6702,7412
0,4957,8120
3791,4319,5232
5625,4689,4051
5948,7067,0
3368,4669,4046
9278,8404,7936
9260,8523,8982
5332,5018,5374
8867,9302,0
5465,3511,8597
6454,5427,6750
3367,6753,6089
6241,4379,4065
3228,0,2897
4899,6868,6212
2803,4280,2290
6047,6001,4646
0,5128,7656
6485,5573,6066
4311,0,8067
4919,5198,5013
1440,3277,1916
6183,6799,5916
4206,0,5536
0,4753,3556
2398,1896,1247
2687,3579,2955
3255,5045,3732
3947,5339,4623
0,5525,4074
0,5939,5404
1499,1730,0
6134,5982,0
3051,5181,4084
6699,5038,5850
3546,1136,4539
4502,6560,0
6325,5543,7151
1222,2295,1635
6718,6403,5602
5646,3777,4383
0,4302,2953
3297,1365,5202
3073,4595,2068
5888,5078,5609
6317,6996,6383
2671,1949,0
3839,3308,5998
4208,6742,0
7516,5879,6258
2957,0,3469
5036,6199,6089
4338,5087,2546
6935,3253,5671
4133,4946,4281
3313,5152,5535
2919,3712,2381
1753,1871,1379
4744,0,3856
5025,4880,5568
5387,6023,0
5753,6378,0
6203,3081,0
6589,8249,6000
2579,0,1984
5187,0,5403
5106,4763,3242
3310,4356,1999
4146,4363,5210
7083,4595,0
6449,6386,5790
4709,0,5229
7386,5979,6909
4643,0,3473
5498,2972,5500
1746,3795,4600
5120,6077,6302
3804,3418,4977
5743,6619,7485
5103,0,2068
6093,6879,4970
3854,3509,2474
5220,5984,2931
0,0,7274
0,5421,4178
8069,4485,3983
6407,4344,7179
4956,7625,5152
4118,5935,5783
3606,4826,0
5827,5563,4245
4294,5446,4499
6856,3842,5330
6731,4391,5862
5542,3947,5605
4094,5921,4423
4654,3642,4843
2294,2138,2544
2167,6295,4148
7138,4947,0
5548,3367,6270
4898,2280,3425
6247,3090,5176
0,0,2985
0,5405,3572
7254,6175,6695
6611,0,2833
6774,7917,7987
2652,5038,4174
2492,2408,2611
6072,7851,5005
5454,3816,0
0,6248,7920
4532,0,5016
4029,2082,2159
6725,7797,6564
0,985,1494
3190,1500,2292
5375,5746,6472
3793,3367,4365
5814,7673,6749
5668,4172,3787
4300,2654,6804
6370,4047,5609
1795,4237,3038
4112,5666,6808
6885,6783,8355
3535,4269,5098
2522,0,4862
3287,2702,2686
7572,7340,5605
2674,2691,1673
1904,3724,3801
7618,4127,3209
0,5549,5915
7035,7983,7675
4746,3493,4279
1837,0,2435
0,6848,5185
6112,6440,6468
4797,5239,4132
8347,5853,6713
2956,3765,3469
3591,7229,5211
4125,2967,4093
8923,9071,8933
5496,4405,7723
5427,4485,6332
8000,0,6709
5280,3740,4359
1826,1450,2344
2880,6554,5593
0,3109,3931
0,4996,0
0,7418,6173
7787,8265,8307
0,3275,2245
3067,3719,3979
6273,3506,4902
4596,3713,3631
4671,5259,6222
6490,7163,3312
6102,4331,5956
3704,4887,5101
4264,4714,4284
6539,4269,6425
0,5140,4560
8130,7889,8786
4272,3101,3121
4505,4287,3317
7697,8078,8274
5928,6129,5986
7407,4484,6948
6164,7827,5952
0,0,5716
3694,5753,4130
4068,4900,4283
1702,0,1179
4930,3007,6233
7638,8962,8223
6711,6162,0
6940,8019,7391
5181,5615,7067
5043,4630,6012
0,6763,7135
5201,4434,3377
0,3421,3505
5666,7895,5373
5612,6435,3417
3903,3122,3897
4922,5825,6725
3160,4321,4276
4704,5204,7424
1081,1021,993
5251,7254,6984
3540,4026,2245
5052,7371,0
0,7670,8066
7661,0,4817
5226,5713,6832
2596,2287,3276
3910,4199,3955
5392,6816,7757
7116,0,6200
4942,5338,7583
2113,2150,2249
6584,4328,5082
2294,5879,3679
7006,4958,0
3497,2153,5586
9207,9351,9089
0,2492,2027
0,0,2342
2562,0,2349
6783,7977,7797
2147,1912,2615
6926,4476,6081
3113,3946,2032
3864,2940,4046
4700,2076,4282
4238,0,4739
3477,0,5504
1427,1390,1557
5843,6788,5702
5249,7748,8599
0,0,3639
5561,6073,5514
0,3450,3814
7202,3948,4389
3113,1948,3159
3996,3829,4751
3775,4954,7208
6045,7234,5319
3376,6406,6028
3857,0,6105
4402,0,5613
5190,5123,5140
4707,2833,2795
2599,2380,2880
3687,5565,4593
2395,1582,2299
798,1081,923
4861,2397,4139
8071,6981,6839
6161,5931,5181
0,0,6013
7524,5502,7499
0,2565,3886
7825,7995,8891
4109,4216,4615
6115,2009,6171
6333,6472,4031
6713,7451,7015
5348,6399,5925
3732,3459,6736
4254,0,0
3298,3296,5503
6822,6768,8902
0,4868,2623
1205,1462,1856
5606,0,6884
8245,7431,6957
6537,5468,3312
3721,7334,7133
3205,4813,3814
2340,1769,2498
4493,5198,4174
3502,0,0
2943,2467,1054
3222,1750,2313
4492,5290,0
4772,0,3963
4976,5241,5682
4249,6814,6720
5284,9123,6352
2875,4675,4336
7250,5517,2713
5924,5973,5552
2607,3113,3059
3343,4938,4891
4729,5475,5084
6442,5433,0
5619,7797,4923
1253,1217,2011
5025,4228,5875
5719,8082,5815
6251,7089,0
8238,6937,7598
6611,5253,5000
6622,7581,5892
0,5322,3626
6257,6508,5465
3565,3925,4378
0,2124,0
1745,2443,4733
6682,6662,6639
8230,4661,6944
2864,2198,0
6345,5054,5681
5434,4222,4679
0,5818,6172
6468,4511,5301
1328,2633,3012
7453,6731,7083
5470,5911,4415
0,4367,5257
6497,4809,4962
5120,4354,0
0,3207,2575
0,8999,8421
6226,7210,4299
6773,3038,4759
2253,3099,4017
635,958,881
5129,4529,3149
6727,7154,7021
3344,3265,5701
8590,0,8986
1878,2920,2261
4678,3715,5861
4136,5293,4867
7419,6650,8645
5264,2361,3399
0,7527,6938
5365,4173,6418
5157,5159,5885
5252,3067,1749
5206,3567,2684
5832,4631,5631
6910,6524,7278
6417,5511,6336
2327,5922,6740
1651,1840,753
8962,9221,0
5037,7216,4582
4887,2380,5120
7883,0,5216
5307,5746,3618
0,6596,6835
8824,9161,9221
2924,4118,2692
4421,5112,3102
7862,7491,6513
2596,3166,0
8072,7379,7174
4313,5211,3959
7008,6826,5978
1614,1639,1545
4065,2111,3479
3519,7289,3098
6096,7237,4493
2129,3430,2821
2883,1476,3851
0,5269,3019
5305,5998,3868
7211,4270,5860
5302,3622,3917
2261,7033,5234
3872,3295,3632
0,0,1417
4591,4306,6021
5481,3196,5535
5854,2516,3536
5383,0,0
8926,5778,6153
0,7495,7784
6728,3846,6204
1760,2236,2866
8613,8166,7904
2641,3323,1938
7423,4759,6579
4625,3848,3841
5368,3994,5788
8549,7839,8739
4974,7079,4845
4847,3852,4312
1838,0,1418
4773,4441,3711
2741,2335,2775
6641,5469,7468
5654,0,3401
4629,4199,3726
4483,3961,2991
3898,0,7735
6421,3312,4908
5074,2594,7163
9401,9259,9366
4965,5999,4991
6227,6022,4679
7005,6812,7431
4003,5498,4985
3025,1519,2181
6490,5784,7505
5343,5805,4806
6995,5874,7228
6687,4016,0
2117,2270,1127
7011,6068,6792
7693,0,4830
4503,4617,5897
0,7493,3622
7040,4523,5367
0,8800,7844
4408,0,5701
4306,0,5829
0,2440,1353
7887,5737,3157
6746,6094,0
3259,6233,3911
4574,0,2737
3618,2112,1909
6837,5454,4161
7936,8411,7382
0,4917,4168
0,6873,5527
4444,5965,5591
7321,6702,6751
3454,2755,0
7303,4705,5585
2894,2008,2301
2018,1876,2374
6529,6021,3494
5476,0,0
6147,5719,5562
0,5224,5627
0,0,6058
4506,4727,0
1444,3568,2261
5970,7972,7001
4138,5056,5513
0,6759,6645
2020,4696,5654
3821,3296,3562
5717,5754,6989
3648,2685,2110
1417,1371,1943
0,5120,2371
7737,6401,5789
6771,7959,7956
8477,8290,9111
7807,6956,7512
3031,0,1178
0,7301,3565
7305,7227,6036
2980,2768,2688
2338,3060,3065
5789,6947,6928
4471,6099,7898
5588,7020,5172
6923,5829,5081
1469,3368,0
7200,6934,5842
6294,3177,5740
4540,2686,0
2909,2530,3885
4387,5960,5059
0,5532,3623
6015,7485,0
4346,3879,6757
6735,5091,0
5877,7586,6269
8144,8267,8995
6576,5446,8807
5656,6348,7561
7439,6083,5461
6425,0,2268
4514,3595,6016
3870,7501,4843
3845,6263,5284
7451,7657,8256
0,7019,6194
4542,5948,4022
2920,0,3304
3627,0,4891
3909,2859,0
7460,6024,6943
8628,6074,5493
3393,6176,5875
0,0,5491
5467,5956,2153
2616,5647,4129
6063,4504,2892
5549,5402,0
7049,4680,0
6414,6731,7364
5616,3541,7416
6367,3976,4935
4885,5085,3573
0,1725,1657
7569,7557,7858
2650,3380,3670
6915,0,3012
4191,5585,3201
5269,0,6928
5223,6842,3246
8479,7417,7789
2408,2681,2187
5137,2023,3454
0,0,6254
3217,5285,4066
8895,0,9257
5649,5966,5691
3200,3890,4845
4385,4232,5896
7033,5525,7651
1892,2024,1848
6345,4710,7830
7527,6106,7009
2573,4536,3683
3249,2810,3683
5183,6705,4078
6937,6794,6035
4140,4746,4655
4950,5644,6714
0,6337,6612
3110,2862,2310
0,7704,7089
2381,3512,0
6216,0,0
6305,4035,4298
3221,3369,4116
3095,4582,4213
8616,8688,8119
3503,2740,2980
4017,3743,4223
1373,1617,885
2515,2528,0
9068,9128,7925
3292,3465,2363
2969,3220,1523
6567,5214,5727
4252,5306,5125
4957,3113,0
5933,5685,7951
2537,2210,2664
5909,0,4863
4582,6561,5215
5542,6796,7408
0,779,0
7863,6152,6932
8394,7905,7747
3717,6459,6870
3110,3463,4536
7197,6712,6173
5601,4165,4556
3703,5185,5244
4065,4066,0
3168,4686,4919
4471,5412,0
2302,3286,3370
7915,8113,6329
3394,3125,2521
4119,3915,4699
6363,7079,6593
5826,0,5169
0,6798,7988
7645,5627,6451
1326,1219,1790
7395,0,4503
5365,4492,3585
3401,6784,3662
3063,5442,6024
4870,7734,2842
5273,6333,4443
1149,3175,3953
5284,4573,4914
6451,5882,0
0,3753,5278
1198,1460,1197
4607,7043,0
6925,4533,7895
5104,6197,6542
6451,6571,7378
3028,6691,6744
6573,6569,5573
7992,8196,8125
5414,3835,2887
8315,6422,4612
3786,5236,0
8581,6663,7051
3186,4681,3283
5688,7607,5610
625,1779,1941
3588,5133,4385
2467,1913,3945
3361,5371,4629
5552,5217,6553
0,6076,8255
2398,0,4916
5322,2912,7498
0,7588,5050
7692,6443,7009
8037,5298,6554
8429,6406,6001
4490,4079,3488
4556,3805,2909
3848,5325,3591
4414,4941,0
4134,6196,7628
8153,7508,7548
0,6359,3687
5959,6897,0
4290,0,0
6627,0,8033
3833,0,6214
3150,3354,4075
5758,0,3854
4577,1109,3685
6780,0,5661
5131,4829,6663
6360,5627,2423
4089,5256,3183
6607,7087,8021
3722,5806,6216
5128,5113,6165
0,6418,4564
2332,1895,2459
2391,6375,3919
3991,4538,0
4011,2998,2054
5731,3934,5789
5222,6989,4378
5523,5769,3251
4066,3105,3809
5770,6737,5794
5319,4246,3965
0,2050,1078
4610,3816,4868
3953,5274,4971
0,7012,5879
3283,5111,0
4092,2762,4902
4288,3019,2727
3005,3525,6540
4428,4193,3000
7709,7022,8515
3153,4827,4832
5540,6390,3576
4772,5223,6193
8579,7372,8862
0,7774,6937
3469,1480,0
7100,6810,5407
3556,5258,3484
4802,6134,7420
5195,5801,6631
4074,2872,3573
5698,4476,3345
6346,7050,0
2908,3414,1851
4011,5154,3950
3930,2881,4705
5169,5748,6243
4680,4204,3101
5146,6859,7986
6493,4194,6351
6692,4055,5942
7009,6407,7425
3377,5308,6237
0,7836,7074
7297,6822,5437
5285,3438,4813
3172,4444,3288
4951,3186,4797
4904,0,4744
4157,4233,5039
0,7001,6824
3433,4451,5094
1705,5007,5607
3410,6379,4828
5731,5470,7383
4761,5522,5413
8819,8260,7480
0,3512,1809
0,6814,0
3841,3307,3825
3739,6021,0
6541,6064,4186
6526,3119,2059
0,6837,6486
6611,0,5438
4086,7788,8405
3180,0,4009
0,3746,3144
1900,1412,1985
2253,4435,2920
6100,5862,5472
859,1567,1663
0,2625,2035
5137,3268,6271
6396,6156,6724
4281,0,0
5971,7332,6573
4566,5838,4282
7331,7823,6897
2822,3108,0
5702,5797,6008
3396,5799,4033
7450,0,7128
6726,7111,5683
6196,0,4388
4755,5631,0
8491,7422,0
4740,7340,3170
2229,0,2892
7142,6972,0
2159,4669,4525
5934,7713,0
7249,5100,6038
3588,5186,4000
7022,8270,7719
8155,4302,5839
4453,1820,3036
3189,4224,4802
7827,0,6481
3586,0,3040
5660,4488,4564
3157,0,0
1445,3309,2722
5925,5972,0
5788,5726,4875
2169,2024,2168
5659,6677,4301
4815,4317,4325
3070,3222,4615
4295,5051,3611
8780,9022,8830
5866,5447,7237
6900,6756,7768
0,1667,2086
6295,3333,6775
4611,4142,3666
4519,0,0
8033,6828,0
3511,6158,5306
5630,5245,4730
3972,3410,4098
4772,3561,4488
2264,1603,1952
7044,5681,5756
5466,3944,6601
7161,7156,7587
2539,3696,1726
5232,4543,2896
0,5398,4626
6126,4454,6011
8893,8859,7823
4517,3036,3699
3569,4546,0
5429,6621,5372
7913,5018,6711
5259,6064,5415
7089,7561,6847
8178,3616,5758
1532,3058,2669
6736,4282,7782
1083,1795,2123
5310,4975,3772
3722,3134,4733
4597,2410,3343
4567,5047,2858
6503,4982,0
4267,3896,5574
6945,7836,5833
4722,0,3488
3458,2575,3090
5029,2699,0
4534,7117,0
6037,5023,7042
3645,4335,4004
7901,3751,5817
6274,7078,5534
7642,5366,7234
4366,5493,3714
5902,5715,0
8081,8150,7444
0,5575,4387
4683,5638,5739
0,5497,6643
3618,2873,3005
5501,7841,5816
0,7000,7291
5238,0,5614
7276,0,7049
4257,2200,3107
5446,4806,3155
5200,2981,2401
3353,4980,0
2963,2682,2245
0,6491,6162
5525,990,4476
5550,4323,7893
2691,3582,4499
0,1835,2198
2783,7623,5381
2601,3946,0
3624,1667,4798
3335,1864,2856
4028,3543,4485
5230,6993,3250
5913,1972,4052
0,2294,1775
3855,4602,5751
3266,3366,3720
7140,4215,8100
3728,2851,5154
5301,2335,0
3636,0,4537
6646,7954,7662
2644,2180,3913
8875,0,9511
4164,3564,3695
1946,2623,2568
3507,5746,4196
4227,4905,0
7579,6194,7562
5627,5018,5046
3815,6058,761
0,5438,4474
6004,0,3161
4288,4116,0
4365,4388,6532
0,5610,7997
6297,5328,3335
6001,3769,3616
7895,7228,7959
4409,6742,6150
4443,2120,5531
5376,5084,5040
0,4297,0
0,3907,6075
7764,5978,6731
2703,2132,3804
7406,7830,6955
0,4472,4813
0,5927,6536
4975,8366,0
5298,5760,2452
7103,7220,5718
6774,6265,3815
3184,5269,7179
7545,6480,0
5652,4840,4270
5137,4303,0
7157,4994,4114
4044,4323,1900
4709,4225,4864
3458,3160,4226
7471,0,7349
4781,5072,4075
4384,5248,3061
6753,5648,5904
5302,7047,7606
8450,7787,8546
4756,3827,5663
3595,3926,2910
7897,7897,7654
0,5252,5332
7253,7275,6609
6287,8982,4493
7499,4193,4789
2249,0,1907
3157,5260,2577
3695,4073,5688
4987,0,0
4683,5885,6530
4643,6958,5840
5050,5527,7004
8819,0,7886
3080,4811,7138
4683,4027,4485
7866,6964,5140
4757,8269,4654
1393,1514,2080
2781,4012,2596
5452,5033,4958
6386,4767,4689
5029,0,5286
6107,0,6165
5967,3252,3503
6797,6822,6229
6430,7687,6765
7346,6560,7813
3407,4200,5053
7195,4935,3796
790,907,0
4852,3580,4283
8150,0,7926
0,4224,3064
6235,7780,5296
7578,5980,3305
3577,4760,0
8525,8603,9261
6471,5054,5241
4994,2218,5801
7628,5272,6095
6222,5492,6923
0,3607,2200
5562,7339,4627
1486,3054,0
5790,6574,8280
3445,2318,4532
0,5155,6206
1332,0,3206
3635,0,6146
5957,6679,6433
4885,3218,0
4972,5429,5517
2407,3086,0
0,4044,0
4439,0,4738
5830,5494,6484
6436,6337,6499
7094,3938,0
4038,6744,7139
5990,2902,6639
4636,4825,4558
3453,2876,3746
4881,4810,7036
6253,5593,5349
5974,5812,4306
5122,3208,5222
3112,0,5140
6719,6507,6980
6291,3915,5599
8170,8932,0
5043,5426,6589
6832,7337,6579
4086,3187,3924
0,4122,2418
4534,6586,5201
5794,0,4691
5793,0,5199
3895,5150,3670
2737,2794,2957
3863,0,5005
6074,5929,5790
0,7641,6833
3919,3375,5535
3750,3661,2325
4012,5014,0
6668,5446,4617
2968,5191,5869
3016,4306,6055
8821,6137,5376
0,7536,5361
4971,5435,6933
4872,3174,7731
3751,3046,5888
1160,3254,3673
4657,5570,6085
4212,0,5547
7153,5100,0
3112,5604,0
8470,7637,7693
5197,0,6294
3147,0,5597
6970,6964,0
3950,5115,6423
4083,6598,3911
8205,8489,7559
4144,2832,3074
5682,7651,6044
6775,0,3180
0,4658,0
6433,5915,3753
1812,1622,1127
4093,7595,5658
2927,7124,4720
4339,2855,4653
4964,7437,5270
2101,0,0
4215,4354,0
7034,5218,5601
8352,8557,8267
6187,0,5290
5909,5761,5055
3684,3208,3492
4038,5679,4238
1664,4830,5292
5326,7356,1931
8628,7575,7242
5771,0,7236
5718,2809,2133
5004,6090,5465
6966,6180,0
0,2300,2448
4285,4596,0
4920,0,5965
5009,0,4270
0,4714,2463
5247,3425,5667
5645,6925,4572
3041,3195,3653
1288,1442,0
3540,4486,2627
5231,7769,4653
8031,6423,6664
8499,8409,8925
1063,0,0
6049,5922,4106
4427,6575,4514
3329,3708,4960
4476,0,5336
6477,4848,0
2995,3538,2143
0,4484,0
3166,1869,2992
4829,5259,3945
3887,5681,6043
5146,3930,3888
7834,0,6487
8169,7992,7769
5017,2332,5935
5087,3878,6503
6206,6911,0
0,5777,7170
4968,6654,2583
4328,0,6645
2944,3378,4228
3785,5572,4587
0,5039,7264
5835,5903,5415
5239,5246,5790
5464,3325,0
5703,0,7012
6667,6222,5214
5365,4870,4950
5894,5265,6043
5560,4947,6475
0,2281,0
3822,4191,4058
466,2048,1189
3055,3561,4239
2858,3855,3079
3550,2389,3667
3419,2165,1791
7055,7204,0
7034,0,6708
2694,3828,3006
0,5597,5419
3664,3748,4306
6041,6451,4676
6102,3889,7121
0,0,8426
6498,5381,0
3776,5076,4823
4969,7556,6143
5737,4824,6836
7436,8573,0
6184,4738,6931
5713,4643,4385
7588,8188,0
6921,7426,8433
6351,0,6290
3181,3173,2649
4738,3674,7536
6484,6274,5334
6432,7993,0
7630,7708,7371
3963,2092,1828
0,5169,4829
6308,6073,4365
1359,4363,5964
3550,5303,5087
6104,5911,5557
4864,5627,7209
5198,4042,5853
6873,6374,6067
5953,7003,6070
6142,6432,7757
7944,4923,5827
8099,7297,0
6549,5633,5383
7445,6159,5369
6251,3261,3929
2832,0,3566
5135,5962,6119
1642,0,1211
4709,4869,4037
4600,5002,4772
1576,1376,1561
3180,3148,5424
8802,6893,6621
4656,4992,5266
6711,6459,6710
7529,6691,7709
6206,7086,5370
3826,0,1729
4495,4338,5031
5091,3669,5994
6790,0,6807
0,6393,4732
4758,4862,4423
3231,8352,4172
4826,5131,6495
3882,6074,7056
5325,6707,6632
4575,4499,6405
4033,3911,6352
0,1580,4273
5162,6884,4963
5260,5032,3739
6263,0,5033
4315,3850,2267
0,4269,5316
3552,3682,6331
2535,3854,3070
0,3842,4388
3354,2375,0
2650,3652,0
3463,2109,0
8284,8341,8642
3759,0,4583
4437,4517,0
6733,6225,6716
4922,0,0
5003,4780,3502
0,0,6536
8290,2903,4374
4385,4528,5058
8424,9080,8040
3680,0,4801
9293,9192,0
7443,5092,4345
4184,3735,0
6885,7492,7000
8329,7718,8281
0,3296,5885
4039,1908,4284
5091,3241,4178
4396,3163,4321
7898,8400,8211
8463,7915,8862
5957,6871,5041
7145,7249,6951
1097,2985,3469
8928,8531,8133
2095,3466,1774
7066,7540,6461
0,5905,5333
8418,8645,9066
3450,4937,4419
5047,3915,1906
5692,6323,4194
6333,4256,5401
1516,2623,2434
3246,4959,5049
3631,5868,5009
1545,1840,2017
4813,4650,5920
0,2299,3188
5347,6511,4387
0,4092,6250
8310,7104,8611
5706,6020,6469
5473,6400,0
1123,1532,2357
4033,4474,0
2580,2291,1658
3540,5444,3982
0,1803,5399
2469,2486,3341
4428,4939,0
7355,8076,6944
3058,3576,2526
5647,4504,2513
7097,5524,5791
5602,1370,0
4669,3547,2565
5033,3292,6172
2826,4275,3143
5164,0,7310
4517,5466,0
4713,6577,4458
6425,7567,0
7284,8600,8530
3293,4866,0
0,5434,0
2258,2486,2253
6033,0,6484
7647,7834,9240
3604,4108,4766
5418,7589,0
5721,6351,7695
0,0,3200
3022,3816,2892
6267,3122,6105
4729,5145,5519
5238,5661,0
2914,3076,3306
7502,6480,6337
4307,4764,5321
3406,2501,2320
5095,0,6414
1576,3099,2228
0,1672,1969
4565,5136,4670
5488,6970,6366
7991,8860,8519
3669,0,1681
7623,4153,4862
0,7673,3258
3996,3772,5777
2525,4337,6522
1043,1267,1389
4856,4188,3595
2502,2290,2932
0,5042,4040
2137,2409,2321
4371,3648,2384
5352,4672,3350
4328,7356,5599
5900,5012,5043
2624,4342,7244
7768,6711,7629
1722,751,0
6366,7005,5899
1054,3087,2828
3485,4169,3016
6816,6794,7037
6078,4305,4284
5279,3220,5156
1067,895,1025
2103,5415,3325
4761,0,3800
7053,0,7353
4509,4371,4904
5802,5935,4176
5254,5223,5592
2063,4305,3440
5118,6749,5106
4123,5861,4804
2263,1772,2676
5861,3822,6113
5658,4155,2432
3678,4683,4677
5542,4251,2502
9161,4554,6860
6297,0,0
7465,4674,4551
4186,0,4312
2543,2105,698
5832,4816,6083
3916,4939,4485
5001,2972,4767
5919,5044,6845
2914,3228,5307
4305,2158,3001
6159,8023,7167
6239,6481,6019
8472,0,5991
8835,7412,8035
6183,7579,5944
3668,4122,3737
2144,1184,1816
8463,7155,7785
5660,6934,5692
4657,3349,3792
2774,0,1691
3763,3055,2561
5012,5764,5491
6078,7104,6674
3661,5217,5095
8747,9138,8247
5355,6891,7208
3848,1564,3730
6454,0,5278
6754,6993,0
5763,6482,5163
5458,6877,4288
4614,7121,5999
7984,5406,5628
4680,7031,4626
4902,5030,6899
6667,7892,6533
6858,8002,8138
6340,7059,6872
0,6814,5906
1527,3484,0
7125,4431,8074
3275,6165,4872
1020,388,548
0,6167,8582
8908,7484,7578
3518,2414,1433
2440,2473,2704
5888,6887,6705
3095,2363,0
7905,8952,7918
1807,0,1201
2785,3779,3282
2258,3465,2187
3388,3007,3081
5990,7589,6954
7743,5964,7638
5666,0,6388
3646,1338,5055
5425,2536,4671
4966,6273,5547
2391,4274,5656
3365,3835,2610
2649,3130,0
6097,6552,6312
5907,5995,4809
3049,4616,7423
6555,7066,8119
6289,4861,5387
7257,6166,7076
3017,5532,6695
1878,1690,2221
3823,5953,0
4847,7587,6006
8088,5841,6547
0,8512,7823
3154,0,3633
2242,2468,2401
5497,3389,4947
2566,5121,5931
1681,0,2408
5017,0,3683
2564,4191,2462
3998,6598,6617
6364,5016,4700
6811,6269,3679
4410,3281,0
1754,1464,1874
7413,3611,5180
3471,3541,4200
4470,4274,0
6468,4578,3354
5182,2858,6814
5798,6460,5708
1685,3394,3462
3776,5560,1842
3653,4115,2511
4028,4296,7148
2375,5745,6028
5428,5168,4164
0,6519,7707
5394,8125,7028
2875,3707,2970
7198,7316,6904
5891,7679,5577
0,2859,7306
2104,7308,3789
6025,5262,0
6819,6122,4122
6499,7076,7223
7170,6306,6377
6654,0,5776
2458,4627,4132
4574,5158,0
3128,2831,1876
0,3884,5357
3028,2916,3121
4747,5236,6164
4067,3993,0
0,6579,3864
4387,4850,3040
6688,7625,7023
4694,3708,3991
7864,7720,6611
9686,9815,9797
6510,7986,4012
6649,5273,3311
3927,2591,4853
2193,0,1043
2992,2111,4128
1310,953,1623
4394,3563,6391
2502,3758,3614
7922,5980,0
6279,6480,4548
3698,4720,2755
4758,4095,0
4000,4308,3760
5134,4651,4406
2835,5089,5355
3780,5691,3959
7131,7432,8736
6896,7252,7470
6219,5724,6190
7252,7111,6156
0,7898,6993
2640,1674,2157
0,2378,2449
0,8657,6903
6582,5657,6195
7160,7361,6079
2596,0,0
4170,7820,4743
6818,2042,0
3371,4989,0
8512,7836,0
3855,6134,6568
8333,8028,7248
5581,4558,7825
5235,0,0
4221,3149,2924
5481,6043,6581
5757,7786,4704
8055,6239,7615
4448,5279,4574
4454,3737,3783
7798,6456,7400
6693,5724,4946
5498,0,5168
6447,6239,4092
3194,3732,3182
6467,5895,5176
4770,5114,4796
0,7641,6063
2769,3855,4417
4419,5754,0
6482,6851,7912
7218,6641,0
3914,2293,3106
4605,4567,0
2187,1430,3395
2682,2878,1322
5785,6685,6335
3840,3846,4102
2582,0,4496
6658,6532,6075
6176,4555,5994
1321,2839,4833
8395,7161,7908
5840,4122,6012
4649,7661,3770
6973,4453,5370
8209,7390,8447
8338,7023,7874
2508,3261,3145
4383,0,5283
0,7344,0
0,3048,1358
3913,3612,2198
7815,5583,7206
5970,7026,4377
4435,4385,3921
5520,5115,5075
6910,6525,0
4832,2611,4249
6746,5535,6395
8907,9163,9312
2197,3065,3451
5467,2094,3238
2298,1290,1663
5108,2860,3168
5448,4433,3405
4134,5056,7100
0,3193,4590
6513,4740,6491
7568,5700,5437
896,549,718
7255,0,6314
6703,8039,6556
6231,5604,6249
3837,4511,4555
2042,1901,2547
1618,2460,3114
6308,0,5737
1142,626,692
2154,3837,4018
5544,4850,4852
7691,8802,6956
5092,8228,7559
7501,7669,8181
4369,2751,2512
1326,1710,2004
5010,4121,0
7394,6032,7199
0,4268,0
2782,3462,4612
6232,6893,6444
0,6560,0
3904,5015,3766
2210,5663,3980
3352,5181,3848
6186,3569,2890
0,3114,3075
5389,5262,4720
3103,3641,1646
3120,2592,0
5391,4249,0
3508,2898,2267
4790,4086,6373
5874,6688,6428
6071,5521,0
6990,7194,5951
1000,0,1645
6636,5806,5505
1725,1842,2454
6582,7608,5145
4046,3970,5043
7107,6529,6558
3939,3929,4287
3859,1376,6436
4237,5126,0
3609,0,4940
0,8243,6927
5436,3903,6188
8604,0,8109
2593,5013,4565
7816,6422,7069
4249,4020,4063
3534,3969,5563
4645,4357,5208
4409,6039,4124
2675,4399,4231
3911,6351,6162
5699,2897,6797
5231,7903,5238
754,1189,1003
4722,4418,6692
3342,5481,6834
5085,2894,3503
3625,2794,4617
5960,0,5248
3172,4176,3784
3787,2800,3529
3082,8941,5699
2983,5674,3503
4755,4315,3659
3554,5552,4571
3025,4521,5109
8917,0,8431
5667,6718,0
4826,6252,2373
6198,2233,8134
3457,6028,5911
2259,4932,3180
0,3595,4245
6726,8212,7357
4074,4309,3623
4022,0,7293
3214,3582,3957
1676,3479,3169
8127,7439,7057
2857,6881,3761
2473,0,4343
3637,2849,2157
0,5296,3628
5831,4721,0
0,4139,2640
2908,2275,4005
5910,4004,4987
4752,5231,4510
3275,3576,5548
6127,6969,6553
5893,4980,2779
0,0,7557
0,6657,6942
8972,6153,7464
2198,4332,5447
9354,7954,8556
5972,5949,3980
6848,5909,5339
3575,3763,4056
3874,6451,6631
1513,2581,2243
0,5743,4602
8729,8144,8973
5279,3546,4717
5102,4407,5041
3896,4108,4355
6640,5674,5015
3199,5405,3218
3688,1918,4042
3668,3130,4108
0,1785,1401
0,6126,7071
5385,6352,6244
2841,3506,3894
5205,6699,6399
1831,2142,3526
0,4661,5224
2100,6195,4529
5342,4263,4588
5871,5911,6417
0,4968,4665
0,8145,0
6450,5558,6760
6221,5928,2677
3172,3608,4406
3908,5718,4577
7461,6779,6048
1028,2143,2847
5008,5902,2100
5548,4222,3778
4720,4223,2917
5988,6806,6810
5705,4992,8796
0,0,3648
3740,4813,2160
4658,4934,5351
6328,6559,7358
5399,4843,0
9149,9174,9031
5407,5836,5917
786,1583,1154
6286,3194,5823
6075,3371,3282
6826,8089,7353
2306,4319,4344
6138,0,5482
2423,3004,5201
5622,0,3927
3050,4920,4038
8022,5713,5368
2748,3176,4844
7155,6176,6704
2830,6749,6644
2755,4046,4433
6390,0,5124
4082,3275,2578
5091,5715,6271
4738,0,3202
5727,2938,2694
7130,5483,8059
4400,4385,2744
7037,6702,5830
8425,0,8027
4741,4438,5692
4600,4389,3416
3938,3750,5183
2409,0,3129
0,6660,0
4529,5832,6255
7995,8328,8597
7273,7197,6670
0,0,1601
4202,0,5627
5619,6386,6622
5143,5231,3366
3544,2723,4332
5601,5478,3635
4753,6753,6032
8192,0,6732
0,7498,8189
6745,6188,6332
6098,2850,3202
4649,6408,6475
3365,4624,5819
3745,3444,0
3598,1311,2786
4279,4760,3731
5502,5010,3109
7718,5870,7891
3472,3463,3598
5700,7286,2475
4476,5240,4000
5901,6651,6610
5321,7864,8296
6673,4767,3365
3536,2816,3931
1577,1885,1462
4325,4962,6224
0,0,2609
0,7129,6456
8053,8150,7734
6717,4418,5037
4206,5726,2863
5682,0,3957
3168,5682,5757
5551,0,3466
0,2397,4458
3229,5528,3282
2287,5019,4912
4978,0,6868
3503,3643,2578
4399,7028,5742
6491,6640,5969
7756,6372,7737
3165,4154,3712
3917,6671,5795
7226,0,7307
6960,7370,8115
6995,5658,6876
6221,0,5876
4606,4792,6136
4391,3470,2048
4528,0,7717
6964,6186,5330
7123,7208,0
2055,2733,1832
6380,6680,5355
1701,3242,2979
3180,2704,1766
5358,3731,5292
3421,2775,2177
5790,4485,4245
5824,5352,4320
0,0,3669
4755,2856,4052
4166,7487,3180
0,6655,7558
1911,4347,3698
2743,0,3538
5591,7033,8310
5824,4410,5061
2862,0,2053
2718,0,1591
5437,0,5320
6309,6766,4944
5935,0,3402
3645,3441,4605
4105,4155,3223
4688,6263,6263
5633,3327,5750
1602,1758,3140
5878,7297,6381
4177,2030,3059
2719,3083,1572
5336,5940,0
4367,3825,3368
0,5121,0
7847,7478,6051
7058,8600,7772
7343,0,8578
0,8207,7943
5486,5852,4150
0,3378,3568
5958,6014,7099
6893,6900,6411
2939,3536,2379
2343,0,2817
7974,7674,8181
5347,4784,4656
4677,4776,0
3826,3266,5887
2182,1792,0
0,4903,6123
3412,6529,4009
3517,4934,3569
6414,2960,6646
3574,0,3616
3356,3017,3392
0,4912,5470
5193,4941,5490
7437,7344,0
2799,1697,1977
0,0,6788
7094,5434,3171
1897,1387,1933
6152,3510,5888
5683,6099,4715
8302,8022,7555
6562,5253,4968
4385,2563,3312
4262,6901,0
7330,7239,6965
7133,4232,7162
2988,5347,4123
3150,4116,2771
5360,4750,5456
7073,6286,7188
3857,7018,4930
4634,0,4792
5428,6646,6350
3311,2203,1781
7926,7628,7847
3900,5979,4534
6307,6717,5987
6412,7108,6635
8427,8979,9174
3259,3361,3358
3614,3220,3008
3917,5533,6696
8501,9015,8528
7173,4895,7410
4585,4713,0
4100,4747,2918
4501,2114,3179
1195,1778,2621
4591,4221,5833
5593,6406,5589
4723,3798,3405
3807,4323,6422
0,4228,6301
4966,5787,3382
3766,3174,4600
4282,6425,0
3571,3424,3231
7517,3459,7660
3618,4741,3356
7204,7440,6608
7340,5753,7469
7367,3945,4752
2971,3909,2392
8971,0,8908
5718,3785,4506
4827,5987,6182
8650,4708,4453
6041,7243,4110
0,4962,0
6545,6172,3024
5469,0,5276
7756,6520,6650
0,2789,0
6847,5822,5448
6144,5894,9196
6635,0,5578
5354,7215,6868
5512,3818,0
3439,3755,2870
3397,3155,1961
7409,4538,6512
4136,5778,4740
0,3568,3778
0,4092,0
5443,5376,5379
6915,6099,4942
5538,5882,2081
3579,6222,4515
3501,2070,2640
4756,7286,5405
8013,6830,6589
6925,0,4755
5304,4939,0
5916,7265,7489
0,8271,7119
0,4492,7392
0,5058,6810
4648,0,4026
4176,0,1941
0,0,2696
2319,1009,2051
6333,7017,4476
7009,6138,5778
0,3422,4621
4094,6458,5964
6744,5073,6296
4296,3092,2458
2353,3504,5217
6635,0,7019
5129,3809,5082
0,5627,4518
0,3069,3855
5547,0,3780
1818,0,3106
5410,6912,5957
3166,2294,2776
6236,6228,5781
4804,3799,7164
3374,4152,0
4222,6644,3924
3710,0,3154
4137,5053,0
3696,0,2535
3892,5883,0
7314,5301,0
5497,6779,5558
6227,5696,3166
5564,4951,0
4675,4342,4694
0,5316,2815
3784,4422,3542
5805,3587,5084
7329,7482,7899
2909,4481,0
6049,5698,8373
7091,6552,4336
7831,0,8008
8265,7305,7269
7567,0,7893
6566,7641,6758
4485,4865,4941
5438,6786,5936
2998,0,3749
6743,5473,4534
3573,6537,6553
2944,3949,4092
8260,6610,6809
5023,5321,5689
7658,7051,7404
6560,5410,6566
4805,7841,5677
5746,3836,5350
6753,5264,5868
4391,4892,5055
3250,2537,3027
6381,6478,6555
4290,3068,4544
5824,0,7478
8149,7277,5456
5745,5944,2660
6080,6640,6834
3960,5720,6518
0,4682,5211
709,0,867
5113,4668,4697
5604,7087,6198
4266,6750,4044
3346,2263,1866
7647,6798,8715
4989,6966,5110
5267,5594,4247
0,5289,6426
6328,0,6097
8307,7792,7667
5075,0,3987
5967,5172,0
7048,8303,0
0,3853,4205
5607,4904,2436
1618,4669,3339
4669,6577,0
8012,7968,8044
4919,3306,0
4178,3998,4647
4174,1909,2459
3884,2516,1535
3115,3468,4001
2978,6720,4684
1750,3472,5889
1487,1530,1067
3169,6669,4300
2220,4444,5016
4474,5901,6575
3971,2655,5193
0,5022,3376
5461,6337,7751
3686,5215,7058
5140,6237,6052
8690,9266,8976
3737,5276,5583
4601,5234,4565
7276,7711,8438
5866,7390,5427
4036,4458,3535
7591,5776,5194
7247,6071,0
3756,0,5025
5086,4661,1666
3061,5048,3709
0,0,3550
7239,3964,4574
2473,3166,2663
8261,7770,7133
4900,0,4042
4665,3012,5471
3971,1459,0
0,0,7508
6522,6191,0
1966,2941,4422
3520,3896,0
2873,0,4274
6564,5277,4696
6325,5208,7002
767,2342,871
5444,7353,6810
4811,6372,7680
6048,6376,7407
5390,6067,0
3196,4860,3883
4617,4512,4083
0,6945,6760
4851,3024,3335
1707,1435,1806
4387,4579,3769
6293,5020,6090
2141,2525,3340
6080,7148,4543
6092,5129,6177
7367,8656,8551
6416,5972,5311
5715,3370,0
2551,4065,2289
