3000 6
5781,3553,2804,0,4578,4288
3703,3571,3478,3061,4956,2078
3267,3535,2355,3069,2489,3418
5445,5670,5415,4961,0,6868
0,6037,0,3397,4397,5349
5082,3901,5899,0,3418,7152
2393,2748,6431,1292,4027,3744
5160,0,4019,5248,4001,3699
4460,3151,2653,0,3829,2794
4554,3194,4147,3370,3672,2667
4119,2644,5527,3550,4076,3682
5063,6497,6818,2789,7140,4048
6612,7683,6831,7522,7580,8021
4417,5953,5571,0,5049,7195
5983,7620,6316,0,6701,0
4222,5039,2269,4168,4951,3776
5269,5511,6412,0,6852,6523
5348,2624,4564,0,3668,4136
3422,4563,0,5656,4070,0
2685,1559,2585,2528,1775,0
7384,5984,7016,7258,6817,6443
7023,4881,7907,6613,5928,7366
4536,7426,5306,8373,3863,4401
2500,1789,2771,3976,1227,3053
5072,7075,7659,6912,6987,6668
6972,4732,6787,4932,5381,5659
4665,3651,5255,3169,4889,3439
4257,4656,0,0,4254,3560
6242,5627,5146,0,5018,6325
4917,4710,6613,5117,4959,4735
3694,4940,0,4011,5122,5416
7336,8054,7266,6093,8209,7305
0,5593,9153,5703,0,4755
4361,6897,2961,5125,5126,5073
6209,6362,4260,4325,7411,6033
6998,0,6731,7585,7833,6396
3510,4417,5266,3705,3900,5015
5544,0,4643,4251,4940,5283
7015,0,0,6291,6446,8166
1634,4113,0,2073,5389,3933
7226,0,5381,5932,6236,5918
5489,4474,5469,0,0,5718
2612,0,4539,4198,4470,5200
3282,4466,2950,3489,3505,2962
7553,7318,5990,7193,7853,6987
2432,3793,4599,814,4217,6176
3658,3632,2550,0,3461,3783
5567,3784,6404,5292,7008,5914
4789,0,5574,7205,4771,3799
6732,0,5990,3484,4395,5650
5156,4422,4972,6252,4049,6925
1487,0,0,1723,1550,3169
5480,3355,4990,6366,2792,4800
6970,6848,6938,5874,4886,5921
3120,3231,4453,2640,5908,3589
6155,6193,7533,6607,5664,6527
4632,2380,4795,3925,4310,3784
6923,6514,6927,6994,7139,6754
5123,1959,0,4513,4462,2811
4691,7531,3092,5785,7111,3061
4026,5626,5045,6501,3754,5712
8198,0,7324,0,6451,6419
2105,5062,2247,5953,2654,4773
5299,6638,7400,5342,6563,7333
3791,4967,5320,4461,5104,5591
5415,4504,3762,4678,5770,4222
5362,4872,5517,5494,5033,0
0,2683,7092,2683,6166,3682
0,6905,7301,0,6192,6853
4867,0,4483,3883,5473,4235
5805,0,5526,5537,6206,5073
6024,5937,6116,6464,5548,5329
4238,2372,3284,4651,3496,3344
5383,7099,2592,7834,3550,4129
7384,2971,7183,4165,5290,6516
4326,5428,5074,3639,6021,4977
0,6341,6075,4659,6983,5805
5897,5945,6491,5416,6180,5352
6075,6071,0,5539,5644,4967
6526,8078,7550,7087,7115,7658
0,3601,3437,3313,4012,4385
6058,3709,6662,2836,8151,2586
5004,2711,0,2954,2960,4815
6279,5748,3878,4799,4308,6857
4380,5905,5002,2203,6082,3932
4964,3294,0,4728,5816,3400
5399,3975,1678,3970,5328,0
3803,6027,0,4107,3759,4428
0,3965,3068,3236,3201,3593
5115,6520,4516,4986,4585,4983
5026,3833,3087,3906,4431,3154
4625,4085,6383,4255,4691,0
0,5950,6240,6919,5009,7376
7742,0,7295,5933,5856,5717
6770,7157,5035,6643,6244,0
4997,4873,2555,4284,3649,2462
2565,5837,2775,6141,3081,6782
5524,2953,5769,3672,0,4495
6983,8834,6107,6960,8187,7006
7106,0,6868,6403,7725,7297
6484,6385,5371,0,0,5576
4155,5959,6051,5096,0,7018
3692,0,6104,0,6115,6789
2209,3395,1973,3472,4035,2518
6165,0,0,7267,5853,0
2419,3807,743,0,3498,3384
2878,2974,4137,3830,4032,0
4676,3275,0,5340,5193,4807
6831,3916,3385,5824,4128,4125
5942,6372,6192,4295,7192,5381
4197,6023,3697,3971,5081,3478
7471,3713,4685,2710,5841,4289
4351,5323,0,0,2296,5748
4597,2751,3722,4710,2647,0
3987,6869,6127,0,5424,8047
6406,5910,4064,7665,3570,0
7202,6659,5159,7190,5533,3742
4185,1757,4935,0,4337,4342
3272,5052,4389,4699,4168,3966
7682,4031,6065,6166,3970,3174
0,6819,6721,6324,6431,6940
6165,3509,5638,5843,4341,0
5129,5103,4144,6607,5736,4938
3324,5662,4951,5545,4820,5873
2762,2294,3737,3345,3086,4116
6118,6927,5176,7418,6412,7433
5021,4863,0,4059,4055,4957
3695,4570,2762,5824,3010,4551
3567,7331,4050,5669,4422,3318
4954,8116,2977,4951,5066,4148
4782,6161,4130,0,0,6221
5884,7971,5805,8037,5480,6962
6665,4831,7434,6796,6380,6118
4286,3439,4685,6409,3951,6135
5300,4215,3513,5049,3768,4625
0,5070,0,0,5205,7524
5623,3518,7114,3044,7423,3444
0,6451,6186,6088,6038,7233
1467,4330,2338,2540,3923,0
5153,0,3488,4025,4319,2806
6212,992,5991,4201,6163,3861
5165,3368,4584,4361,5539,4769
4015,4317,2403,2036,0,1383
6340,0,0,4553,5558,0
0,4079,4891,4393,4751,2741
7824,7983,7175,0,7229,7281
7331,5659,6615,5467,6318,5095
5646,0,3681,4963,5225,2854
4277,4848,5423,4217,3884,7669
2723,5808,2611,5611,4444,3829
5553,2779,4351,5537,4615,2867
2797,2695,3132,0,3200,0
0,0,6138,5775,4765,0
3323,0,5456,5539,0,6075
5041,4357,4250,4607,0,4108
5141,4237,6823,5024,0,5273
3680,4426,3348,4595,4487,2287
3924,5714,5082,3855,7052,5472
5244,3350,3889,4230,5891,0
4209,6555,5037,6106,5024,4008
5689,5866,5575,5263,4536,5965
4237,3870,4475,4544,3032,4704
3914,4582,3426,4528,1600,0
4342,6519,6011,6843,4409,7157
3561,3068,2870,4208,2430,3329
5695,5601,5604,0,6226,5200
6922,7353,7041,7345,7080,0
6621,6735,7784,6043,6251,0
3590,3706,4273,4089,3464,4442
4202,6005,0,5280,0,2565
2909,5939,4561,3698,5823,3263
2012,3309,2581,3720,2247,4487
0,3650,0,6665,0,5883
4811,4155,6014,5985,3886,6507
2832,5947,3504,4013,3549,5686
5320,6798,4460,0,4704,5867
5698,4124,4231,3443,0,5859
5875,0,3843,4216,7152,4862
3126,5199,5260,3489,5103,4517
3511,2065,2845,4274,2077,0
4053,3411,5200,3544,5060,2412
3032,6645,3675,5071,4345,5134
4959,6822,4876,5014,4906,5748
1918,2591,1116,1728,1524,1483
5773,6104,6729,4906,8104,0
4823,7713,0,7447,6439,6103
5510,5163,6670,4217,5733,7044
6892,3612,4326,0,4839,2783
7428,6180,7180,6414,6676,0
7045,5481,7797,5640,7238,6600
4705,2236,4676,3143,4331,3558
4656,4198,3229,4947,0,2912
3656,0,5272,6010,4707,5542
5456,4003,3735,3836,4915,3556
3607,3276,4864,4053,0,3262
4435,6316,4842,6685,3847,6107
3499,5582,3405,4107,5126,3731
2161,2027,2065,1429,2177,1976
3863,5131,3170,5600,5024,4315
0,5218,7068,6028,6331,4584
3416,3789,2966,4134,2681,3812
2423,4463,4317,4816,0,0
6976,6476,5137,8498,6284,6638
3381,3952,4568,2029,3948,3546
6463,4322,3994,5624,3566,4137
5664,5307,4395,5136,4891,5110
1965,5026,1298,0,4058,4213
6248,6986,6057,5987,6970,5099
6883,6275,5117,2987,7024,2434
4558,0,3825,0,4471,5194
6322,0,5397,2822,5184,4336
3269,5619,3487,0,3951,0
4364,5251,5008,5123,0,4038
5667,6674,5983,4412,7164,7059
0,6182,7506,3483,6389,5946
5518,6782,5740,0,6163,7038
5743,6964,6848,5789,6939,7616
4120,4381,0,5212,3042,0
4743,0,2713,3809,3597,1911
6482,5319,5263,8512,5968,6998
4611,7785,4932,4863,6438,5781
1620,3390,2022,2155,1977,4257
7125,2363,0,0,3288,3836
0,4029,4730,4933,4916,3610
6402,7099,7221,6139,6968,7840
2337,2724,2802,2427,2292,3442
4060,6294,5048,6492,4146,4995
3481,2610,4167,0,3230,3258
4426,4139,2800,4799,3157,4097
6081,5730,6867,6302,6167,7327
0,0,7114,5994,4973,5666
0,4425,5708,0,4169,8120
7233,5240,1929,4342,7142,3648
0,5608,4885,5064,4547,0
6868,4764,6283,7939,4048,6091
5735,4908,5154,6304,4221,6199
4793,2503,0,5037,3564,4987
0,5681,3082,5252,4505,5278
0,4389,5539,4676,4572,6435
3034,3376,4801,5387,4131,4223
5388,0,5138,7596,3364,0
3810,3961,6147,2725,5039,4596
5657,0,5639,3736,6347,5136
2057,3730,4516,4259,2692,5030
5858,3850,6103,6054,4719,6360
6554,5366,5159,0,6127,4402
2801,3066,3471,1934,3578,1897
7390,6722,5267,6225,7112,4150
3598,3188,4653,4307,2615,0
6076,6942,7324,4545,0,4907
6516,3373,3703,6320,6315,0
3885,4145,4091,3702,3227,0
4904,4186,3350,0,5892,2045
0,5323,3111,3961,3629,3771
5766,4483,4977,3794,5930,2429
6323,6165,3852,4943,4304,4598
4655,3664,3523,6250,4520,4606
4297,3687,6815,6690,0,6731
5384,6991,6026,5774,5860,5853
3667,2458,5131,0,3686,2430
5446,7594,7076,5536,5868,6288
5799,6715,6889,4240,6123,5571
5135,4222,0,6577,3389,7839
2400,5308,2393,4774,3596,5209
6978,5464,0,7562,2491,4326
6337,0,4904,5340,5036,4156
4927,3759,4341,3469,3438,5370
6723,7688,5722,6003,0,7198
3534,1608,3719,4873,1671,2914
4319,3346,2940,4708,3494,4277
6263,5080,4429,4671,6252,5495
4310,5201,4762,2879,4285,6983
5450,6999,6949,6005,6543,5191
6047,3865,0,0,4114,3904
3794,5993,3646,0,5413,4589
5794,3142,5468,5898,2812,6075
7085,7081,7366,0,7476,6920
4988,5826,5807,6588,4924,7585
3646,0,0,2750,5592,2626
3254,1615,2868,1368,3765,431
5044,3787,5091,4046,0,4988
5473,4677,6352,3802,4470,6141
5012,0,7220,6926,5600,7590
5186,1746,4962,0,4661,3199
0,6175,5446,3717,8115,5746
6605,0,5339,7072,5034,4731
5042,5103,5701,5879,4163,7770
6703,5806,5730,0,6631,4934
0,4943,4271,4380,4203,5480
5883,6500,7842,5651,6485,7535
3636,0,3620,5601,3532,4701
0,5011,4957,3295,5605,5418
5185,5591,5440,6227,0,4964
2304,2389,4832,3545,3307,0
3244,3550,4624,0,3103,0
4092,6633,0,4175,4260,3788
3615,5036,2798,6040,3306,4076
3756,0,0,0,4997,3309
4909,5580,5078,3790,5090,4147
2470,2696,0,2408,3130,0
5473,4847,4141,6203,5227,4603
4774,5593,5136,5306,0,7701
5825,3697,5384,3879,5001,6412
5219,4889,3600,5148,5105,2508
3144,1895,3609,0,3553,1980
5152,3326,0,4730,3584,4148
5764,5315,5992,6488,4626,0
5502,6079,2414,6046,5311,3581
4950,3866,4977,4198,4110,0
3398,0,3853,5345,3457,6315
7343,6935,0,8204,6856,0
4539,5844,3573,5181,4042,5148
3404,6246,5683,6106,5395,6837
7230,0,7790,3413,5393,0
5767,4587,0,6212,4948,3546
7336,5116,0,5083,4594,3903
4732,3796,5020,4380,5724,3608
5767,6882,6643,4657,0,5670
0,2053,4496,3256,4250,4471
4434,5967,4918,2893,3209,0
3682,2649,3074,3680,4019,2667
0,3956,6918,6173,4240,7485
3124,4108,2170,0,2186,3765
5275,4449,0,4589,3677,4020
2620,3688,2887,2693,0,2876
5223,5535,5475,4898,5078,5100
3850,4134,3018,3329,2955,3199
8015,6739,7858,0,6672,6844
5127,7543,4723,6068,0,6758
4310,3761,3273,4206,2890,4935
5838,6531,5796,6582,6488,5503
3442,4887,3611,4136,0,5776
5288,3561,5405,0,4739,4995
3074,4316,4012,3272,2831,4526
3742,3948,5289,4001,5598,4061
6309,6667,4176,4208,0,4460
3229,2982,3963,2259,2968,3024
6382,7100,5695,7261,6162,6742
7688,6120,6701,6758,8252,5753
5066,0,4309,4284,5769,4059
6798,0,7087,4891,0,5371
5819,5629,5368,7583,5847,7413
5822,6592,5905,6475,4009,0
8403,6281,6528,6460,6584,6700
5268,4244,3920,5326,5091,3787
6203,6179,6906,6231,6690,6648
8022,4543,3893,0,4164,6329
4336,1831,5436,3127,3220,5184
7307,4649,4837,6145,4036,0
5557,5211,0,6623,5296,7032
4340,3789,3888,4175,2872,4519
2260,3215,3789,1977,3883,2086
5381,4123,5311,6492,3006,7382
6155,4169,2991,6705,4494,5216
6309,6396,4711,6521,5242,7359
6494,7021,4084,6453,5753,6111
3491,6578,7394,3905,6976,6108
3718,0,3995,3769,3560,2749
7407,5340,5983,6190,6404,5176
7292,5954,6798,6786,5749,7427
3529,4530,4398,5404,3882,2435
3023,4315,4005,3333,2664,4622
4055,4578,3317,0,5905,4482
3416,2962,0,1873,0,2895
0,3262,3927,5024,0,3879
3455,7303,5422,6094,5397,6746
2934,4881,2980,3073,3079,2788
5131,5082,6820,6123,2792,6732
2624,3833,0,0,0,2741
3031,4705,2190,3880,3740,2919
4871,0,4612,6668,5199,0
6833,6265,6387,6020,6297,5059
3364,3405,3813,2948,2497,0
5307,6579,5561,5518,5578,5424
6618,7175,5563,7931,5691,7564
4744,6047,4032,6440,3424,2645
3314,0,4781,0,3189,5136
4668,4290,5095,3713,4808,4554
4823,3173,4788,3759,3959,4025
0,5479,5714,5098,5516,4860
6112,6624,5314,4577,5606,6780
7797,6846,5005,7051,7220,0
0,2893,0,3407,0,3350
3694,5074,5051,6495,5768,4724
6288,4274,6412,5432,5610,4266
2863,3820,4362,3623,5183,3036
3552,5419,5156,5248,5445,0
5460,1822,5757,0,3900,4188
6969,7119,5813,6315,0,6271
6823,5877,4571,6830,6081,5487
7238,6233,5794,5336,6752,5675
2038,3737,3542,3586,2870,3713
3469,3030,2858,4542,3187,3751
3333,2110,5930,3359,4691,4093
5288,3250,3905,4831,3755,5242
0,3160,0,5645,4097,4157
2039,3851,2979,2713,2346,3907
0,7113,4435,4120,4376,0
2426,3317,3593,3070,4109,4163
5067,6425,6102,5218,6281,4692
5042,2980,3765,5376,5572,2260
4099,4816,0,0,6038,5001
6282,5632,4606,5282,2922,4451
5462,6543,5235,0,3687,5610
7908,8785,8395,7041,8874,8145
6792,7113,7698,6590,0,7514
6401,3446,6315,3892,5176,4197
0,7125,7144,6045,5476,9137
3727,4979,4402,3800,4873,3935
5949,8046,4901,7230,6419,7131
8110,6647,6886,6737,8406,5966
5972,5523,5133,6660,5019,5759
6028,0,3758,3592,2892,3931
0,6065,8027,7226,0,7578
1910,1049,1649,1043,1744,988
6161,7942,7565,6413,7225,6709
5277,4896,3290,4667,4617,4022
6843,6005,5310,7256,6574,4702
3468,4635,3108,4560,5507,3269
6665,5562,7219,7915,0,6607
5738,0,6272,7352,2693,6790
6835,6668,6775,0,6843,7030
8177,5828,6682,6866,6094,6776
0,4274,3923,4575,3583,5715
5345,3294,4253,5386,0,3410
6689,0,6266,5815,6238,5936
8620,5892,8105,5848,7563,0
6463,0,7205,5443,5423,6651
5743,5327,6241,6602,6194,5167
4993,4750,5802,6195,4746,4462
0,2036,4984,2684,2716,3995
3632,3976,0,0,4518,3553
4571,5333,0,6472,5234,6078
4074,3876,7920,5012,5217,5593
1808,3090,2900,3364,3114,2875
0,0,0,5592,4108,5042
8753,3327,5741,4944,5570,0
5992,5413,7255,5027,6298,0
4226,5646,3749,6106,5301,0
6494,7101,6974,6624,6475,6698
5107,5031,4330,7810,4115,6234
7361,4192,6114,6378,4761,4037
4859,4386,7817,5435,5743,7699
5297,4690,6814,2627,5759,2492
4109,3766,4255,3027,4034,2152
7031,6049,6270,4743,6766,4145
5511,0,5884,7526,5655,5603
5042,2915,4716,2621,7436,3206
1521,3106,3559,2793,2074,0
5990,0,7358,6963,7318,6806
5821,2283,5164,4756,4222,0
6827,7268,7376,7324,6490,0
7152,2794,6532,5490,4316,4018
4627,6142,5736,0,5896,6222
5169,6929,6672,6169,6508,6720
4374,5373,6238,2902,4522,5109
7089,3409,4259,6941,3099,0
5419,5248,2840,5681,5744,3913
3580,4771,5198,4344,6154,4818
7986,7350,7972,7905,7926,6928
5460,7631,4505,7070,5543,5500
5430,5016,5019,5926,4595,3306
4449,5143,3313,4000,5667,4573
6206,0,0,0,4768,0
5856,4129,5265,6359,2653,5463
6937,3661,5574,7033,4605,4696
4422,6456,4247,5745,5555,5129
2404,3773,3950,5047,2877,5367
3215,5860,1931,6618,4448,3727
6096,7152,6853,7585,6905,7129
3559,5271,3328,3360,4507,4363
4714,5189,4779,3867,6462,0
3359,4534,1373,3555,3968,3101
6012,5513,4909,7308,4198,4830
2811,4337,4992,2734,3358,3510
5863,7510,5410,6671,6604,6662
2461,2273,3395,1968,2960,2738
7393,6926,7244,7080,0,6509
7224,6236,6204,5523,6383,7033
4670,2904,0,4306,3069,4366
5144,6868,4564,6106,4577,6095
4994,4252,5405,3085,6457,3994
6208,0,5270,5283,7743,2957
7361,0,6178,5563,5084,6418
0,5761,0,4174,7921,5463
3871,4278,5183,4823,6936,4031
0,3472,5141,3059,3623,5262
6680,7135,6861,7280,7603,7136
6658,4298,5426,6445,3670,5582
3921,3672,3825,3054,3915,2875
0,4685,7154,6249,5760,0
6008,7634,4794,6697,6409,6170
7284,0,6096,5798,5635,4442
5555,5469,5555,6610,2654,4911
6938,0,6443,6003,6065,6861
5699,4063,6601,5120,0,0
6986,7540,7880,5943,6926,0
5244,5244,4902,5729,0,4254
0,4895,5805,4588,2716,7345
6110,4645,3608,5586,3418,5610
5510,3853,4907,6222,2338,6029
6348,6521,4969,5556,4765,4707
7971,5809,9135,6504,7780,7087
5556,6449,3786,6289,4568,5060
7338,3629,5821,0,4242,5011
5354,4775,3861,4281,4799,0
7060,3836,6102,3830,4486,3978
2756,4637,4500,2383,4946,0
3769,5842,4005,3775,4612,2731
4508,3104,2728,5250,2624,5749
4080,0,3900,4767,4634,5030
5357,5316,4624,4646,4337,4320
4353,0,4002,6625,3919,5214
6155,5605,4944,3811,7856,2324
6226,5737,5254,6413,5286,6201
5645,4389,6972,0,5373,6590
6220,6703,6908,6273,6846,6431
6174,7990,0,7142,5589,7268
1871,0,4571,3858,4942,5799
3439,5104,5803,5035,7022,4775
5637,3299,8417,3544,6606,2854
5395,3018,6760,5498,3455,5126
5919,3767,6802,4295,3913,5460
0,6812,7046,6415,0,7390
1782,2985,2532,2314,3670,1422
4091,4115,3469,3910,4806,3317
3094,4900,0,3480,4579,3729
7920,2884,6261,4645,0,1741
5608,6165,6472,5887,5817,6594
4763,0,3936,7108,0,5184
4036,5409,0,4636,4585,5506
5664,4085,6192,0,3031,5675
4630,8818,3206,5803,5946,5692
2938,4873,5533,4713,2676,6878
2482,4882,3384,1965,4968,3300
2570,5351,2554,4809,3498,3676
4033,4776,3224,0,3928,4093
1587,3007,3920,2926,3322,4185
6489,3193,7697,3259,4451,0
6341,4932,5455,3483,6332,5052
5009,6544,5265,5426,6948,6607
5445,5918,7341,6882,5603,6452
4218,0,5392,4048,4280,3968
0,5518,2334,3491,3926,3923
3610,3148,0,3345,3224,3302
0,6531,5509,6658,5319,6800
0,7351,7904,6466,8262,7076
6076,4110,7546,5574,5046,5619
7061,0,5495,6162,5559,4905
3294,3048,4403,2331,5014,2535
5415,7194,4776,5763,6287,7139
4316,6317,6140,0,6921,6746
1900,5349,3365,4301,3428,4248
0,2502,2222,2648,2135,2210
4984,5931,6464,6194,4581,6718
2422,5991,2027,0,5526,3596
4561,4203,4694,5073,4310,3378
6416,5749,6477,6909,6020,8144
2580,3645,2938,3254,0,1908
4696,3479,0,4977,2506,3941
3863,2755,3709,0,2769,0
5797,4206,5955,3057,6704,3368
4232,0,5546,4836,3579,5525
5129,1532,5447,3319,4798,4570
0,6802,5699,6772,5443,5251
2878,6131,2161,4506,4868,0
6646,6108,6080,4538,7002,6860
7814,6148,8348,6301,7589,7110
6823,5756,7074,4770,8598,6502
8318,4098,7499,6852,5239,3560
5087,5815,4809,4807,5197,5242
0,4145,3690,3938,7708,2740
0,1910,2304,2755,2273,1413
5263,6827,4869,5855,5509,6264
0,3524,7394,4971,5608,6517
6295,5127,4518,5035,0,6323
5788,0,6575,6081,7886,7480
3810,5513,6191,0,6054,3810
2911,4169,3441,3142,0,2944
2483,4142,2954,3434,2380,4762
4061,3799,5736,4310,0,4133
0,6088,2809,5946,4945,4439
4687,7008,3417,5570,5812,5063
7686,0,7596,6766,0,6802
6503,5355,0,7182,4657,0
2941,7702,0,4946,3760,6595
4756,6473,5967,6753,5388,7266
6041,7017,7073,6036,6110,6538
0,7130,7211,6660,7491,0
2832,5653,3995,4086,5134,6066
6191,6967,6774,6631,7109,8661
2839,3844,2107,2127,4045,2314
4121,0,5180,5315,4605,3425
6515,3335,4311,5778,4367,2877
8382,7714,8028,9081,8255,7860
3257,2615,1331,3596,2735,933
5254,6197,5163,4385,6921,2203
1139,3395,2772,2738,1765,3598
4340,4541,4127,4931,6283,6985
3575,5412,4013,4919,3536,3548
6386,5133,5645,6463,5930,6640
4080,4232,2828,2513,3965,2716
2974,3307,2142,3006,2965,2264
3720,7486,0,4325,4067,6204
5578,5561,5402,0,4872,6092
5319,3265,4867,6571,3611,5243
4283,0,3792,2891,3537,2675
4703,3994,2808,2647,0,2956
5480,4564,7202,2806,5596,4932
4382,5474,4834,3846,6151,5898
7417,6043,6334,6022,6750,6173
6103,6088,6267,2033,7045,6258
7345,3907,7166,0,5598,4371
5214,5308,5585,4713,4629,0
7319,0,8022,7079,7324,8405
0,2751,2342,0,3383,2091
7218,7752,7401,7858,6877,8455
3942,4351,3139,4484,5357,6901
5307,3359,4102,5705,3376,8842
2971,3587,3940,4640,2384,4229
2969,0,2730,5940,2497,5202
4916,6976,4998,5906,6319,3391
4288,0,0,5052,5818,5613
0,3328,2384,2460,3639,3185
0,3500,2740,6150,1857,3826
0,0,7074,5331,7199,6515
0,5206,6313,6496,5052,6610
6025,7862,7212,0,7048,7611
3914,5757,5748,4491,4336,5155
2541,5982,3807,6225,3294,6712
7484,4335,5729,3391,5070,2964
2250,7244,4675,5131,6479,4730
4722,0,6380,5485,5346,6966
5026,5425,0,4704,2565,4037
2958,0,3462,6031,2169,5651
6670,6484,5849,8234,6166,6603
0,4083,3966,6867,5055,6491
5008,2956,1631,3759,2985,1172
5856,0,5661,6468,6250,6737
4569,4433,3240,2814,5674,2949
8346,5584,5180,6116,6261,5326
5713,6350,7005,6111,5842,7880
5054,3414,3085,2754,2796,2050
5167,2460,0,3658,6553,5849
5517,5304,5539,8605,5413,0
4089,3531,1322,4237,3025,3581
3832,5254,5224,3568,4263,5168
3484,7173,3667,6278,3042,6232
5067,0,6843,4494,5323,4963
4171,3653,0,5537,3741,0
3523,0,4329,3495,3276,4157
5134,3537,3376,6134,3201,0
4282,3823,5512,4245,5153,5900
8633,6031,5152,7476,5843,6538
8342,4634,5344,4244,8085,3724
4724,0,4712,4487,3930,4352
4832,4828,6128,3747,4060,0
6097,4942,0,5214,5332,3883
0,5789,0,4522,5540,7061
5272,5132,5559,5936,5691,0
4441,3847,7353,3550,5704,3732
5808,3996,4118,4511,4487,5694
6235,7296,6160,6403,7000,6948
3958,4105,4923,2011,4437,3206
5032,0,5769,6079,4392,4969
2466,3679,0,0,3152,3207
0,2230,2652,3187,1061,3241
2708,3660,2625,4522,2691,2969
4578,0,4822,3820,6004,0
3634,0,2943,4776,3203,3294
4460,4775,0,4655,5100,5602
5052,5936,6215,6528,5644,8768
5508,5712,0,5357,6725,4395
7322,5178,7491,6496,6255,6063
3949,5351,3090,4160,5645,2384
4848,0,4725,5171,3950,4953
6362,5546,5909,5021,6515,5348
6255,5792,4144,5156,5709,4571
0,6747,7342,7531,7299,7981
5866,5625,5538,4184,5645,5827
6102,3341,7827,3106,2864,5675
5952,8231,5942,5557,6513,6895
4069,4810,4169,4436,4246,3609
4274,4531,6779,4624,6686,0
5467,2485,5757,2238,0,4019
6227,0,0,4161,7461,3783
2844,0,1512,3244,2407,3980
5289,4625,5732,5897,2797,6440
1970,6343,3127,6556,3007,6558
7627,0,4486,5810,4784,0
4451,3540,4382,0,3507,2836
5229,5188,5425,5258,4455,7134
6105,3493,3948,3797,5136,2712
0,3936,2673,4357,3983,3142
7025,5227,6251,6087,6516,6756
6965,7179,3416,0,6497,5228
0,2917,2773,3941,3632,2765
6160,6531,5337,5165,5508,0
4769,5210,4641,4807,4588,5394
4160,5848,3622,3443,5833,4821
4528,3280,3375,5917,3063,0
5242,4643,5129,4212,0,4575
6054,3958,3841,6250,2608,5319
5782,0,4152,5729,3973,3512
6792,5809,5760,6396,7179,5240
6765,4202,5395,0,5985,4639
4972,0,5365,5641,2718,5468
4436,4556,4913,2795,5222,5829
4278,3853,4293,0,4623,3136
0,0,7627,3261,5779,4297
4190,2371,3194,0,2481,4959
6393,6373,0,6358,8374,5834
6301,8800,6124,6705,6602,7048
5618,6832,4809,5273,6139,4090
4384,0,4677,5361,3101,4140
7497,6477,6379,6437,6989,0
0,6356,6291,7972,5922,5803
7928,5116,7206,6117,5832,5711
8091,7248,7787,0,7678,8184
6247,5086,7324,6135,6820,0
6114,6827,7450,6340,5090,7350
3597,3113,0,3589,2820,2530
5548,4907,2794,5686,3127,4601
5496,4997,5081,5277,5434,5697
4459,5697,0,4148,5228,5541
5133,3554,0,5476,0,5555
6226,7437,4752,5102,4217,6177
4070,2960,2978,0,2472,3269
3550,4579,4639,4520,4601,0
5354,0,3556,4870,5934,4039
3625,3909,5996,5342,2435,0
5580,5010,4931,6523,4190,4030
3912,5608,5542,3431,7066,3766
2688,3242,3490,2123,4686,3845
7881,7685,7688,6532,8455,7895
4082,3222,3208,0,4248,3299
4365,4497,6963,3830,5360,6151
6270,5460,4370,4468,4579,0
6623,7112,7033,6349,7020,7431
4129,4881,3379,5861,5369,4999
5525,2731,0,4222,5383,2645
5249,4523,6757,3920,0,6439
7245,4425,5708,7340,5286,3373
4285,5651,0,7391,4826,4093
5640,6244,4522,0,5724,5469
2143,3417,2101,2972,2351,3031
0,8053,3717,0,0,0
0,0,6430,0,5923,6083
7346,7811,6544,6539,7413,6649
5979,3258,5981,4205,3513,4451
2985,0,4715,3229,4692,5040
4278,5138,5297,2460,5573,6578
0,3621,3530,4266,3144,5733
5671,3661,3854,5268,4024,2693
3237,3174,3258,2320,4036,3379
3719,6846,4371,5139,6784,7301
4267,2746,4470,0,2196,2463
0,4643,3190,2327,3828,4116
2074,1713,1824,0,1885,2736
2770,5064,3812,5561,3577,6311
8405,5409,6978,7688,7044,5940
6284,7848,5396,6856,5595,6050
4389,7525,4186,7370,5028,5531
6284,6737,4447,7245,6203,0
6315,6096,6134,0,5896,6590
2440,0,3163,3887,0,6031
6474,5889,6547,7092,6430,7245
2181,0,4083,4228,3730,5667
6578,2899,5185,5679,3674,0
0,2687,2454,4325,3432,3049
4598,5871,5833,3770,6655,0
8115,7484,7478,0,7354,6916
0,6106,4052,5591,4452,6132
3965,2517,4180,2933,3838,1492
5360,2603,4183,0,3151,3304
0,4497,3165,0,2100,0
8219,7452,7528,7564,7659,8300
5854,6734,5292,6240,5586,5777
6207,6944,6451,0,6772,0
7436,0,5747,7104,7081,5811
4417,3848,6032,4078,5274,4439
7391,5295,4557,7131,2831,5432
4001,4343,2660,5433,3409,4659
1380,3098,1559,2162,2595,2358
6591,0,5952,0,5864,6950
4336,4546,4858,4175,5170,6688
2088,3042,1761,3630,3107,1558
6031,3910,5823,4859,4549,2686
7171,5721,5227,0,6113,2994
5606,5053,6038,6384,4369,0
2681,2872,3305,3017,3035,3062
4471,0,5087,2738,4177,2765
0,3228,5008,4446,5059,5976
4968,0,4427,0,0,3429
4839,6515,5807,5603,6299,0
6161,0,0,3694,4682,4376
3966,7151,4087,5758,4434,6900
7340,6762,5540,7282,6715,6581
4890,4287,0,4434,4199,1759
7374,7333,7714,6574,6588,8015
3502,3484,0,0,2519,2642
4510,5253,5195,4679,6871,5227
7777,4328,5989,5694,0,3813
0,6655,6753,7601,7400,7187
1207,0,2880,3934,2643,2809
4674,6260,5040,4614,5963,6238
4544,6828,5577,5932,5149,4336
5524,5315,6543,4613,7427,4720
6622,4957,8156,5436,6367,6543
5394,3473,7521,4221,7440,6149
4806,7444,6519,5976,6045,5170
3878,6218,5166,6732,2808,5424
3250,4860,7689,2938,6354,5006
1738,6146,4562,3704,4450,0
4159,3143,6257,3376,4311,6743
0,2103,3232,3396,1566,4108
5677,4127,5055,4891,4051,3433
0,3616,7570,3509,6813,4204
2429,7479,3217,2291,6603,5931
2444,5306,3588,0,0,4702
4785,0,1834,5773,2681,1830
6144,6458,4375,6604,7338,5468
6493,4143,3476,5896,5959,3362
5024,6812,4592,5729,5602,7455
5130,6633,4591,0,6457,6898
6172,0,5015,7597,5059,0
3826,1446,3708,2402,4173,2572
6887,6513,0,6173,5972,0
2790,3971,4731,3762,3264,4766
3930,4087,5865,0,4371,3689
7130,6998,6540,5967,6458,6406
5166,5620,0,5788,4594,6295
3239,0,3122,5032,2480,0
6350,4923,4568,6898,7488,4749
3625,3140,2731,3875,2431,4160
7885,0,7963,7710,8123,0
4584,6245,5554,6923,0,5823
6994,3410,6163,4798,5738,6171
3861,2420,4389,0,4093,3691
5015,5396,4520,5252,5423,4468
5588,0,3481,0,5859,5050
0,6188,7204,5508,6684,0
5660,0,3880,0,3524,6321
6239,5613,5981,5191,5621,6281
5416,0,0,5134,6192,5076
7116,7097,4295,6403,0,5638
1658,1008,1652,1385,0,1173
5768,5196,6326,6535,5676,4778
4986,3469,4842,0,3963,2606
6243,6134,4549,5233,5059,3932
8744,0,6499,6584,6398,6164
0,3613,3553,4353,4661,4947
8070,7852,8084,8360,7907,8027
5315,3260,5016,6902,2387,6139
6787,4862,6829,5938,6546,4550
3165,1416,3602,2983,3081,2772
7662,1431,7023,0,5346,5079
2394,0,3347,2525,3031,3472
5255,5882,5313,5778,6318,5765
4256,1814,4919,2769,3430,4660
2294,2493,4744,4907,0,5233
5246,6134,7230,3592,7746,5224
4875,5179,2976,4813,5094,5067
4845,5381,2908,3399,5422,3782
0,5912,1841,4058,5979,5425
5776,6685,6586,4999,6974,5828
3622,0,0,2510,3834,3300
5239,5687,4465,6578,6036,0
6064,7147,6137,6530,7267,6284
3467,2552,2937,3096,3254,2888
5643,5496,6208,6696,0,6159
3794,0,0,4281,6064,5035
3650,2816,4288,2640,3324,2905
6235,6450,8967,5885,5842,7287
4723,7407,6499,5586,5465,0
2803,4896,3149,7014,4274,0
5518,5693,0,6212,6660,5846
4728,5737,3368,4681,4862,3879
3506,5095,0,4643,5908,6465
6224,4027,4439,5340,5424,4841
5821,5552,4281,5569,4168,5422
3885,5120,3724,6234,3592,0
2589,1941,0,3155,2602,862
6680,0,7226,6075,5150,7132
4792,4869,6132,5882,4699,5333
4454,3828,3974,3861,5868,4350
2377,4116,3769,3311,3228,4454
6846,5945,5550,6424,0,5392
4358,5444,3347,3653,3977,4820
0,6425,7488,6824,0,6875
3936,3124,3446,4647,3306,2250
5108,6897,0,6400,6478,6645
5642,4133,5822,4918,0,4448
2291,0,5125,4374,4548,5194
4481,3323,5672,3246,4019,5351
0,5529,6078,0,6455,6361
4019,7100,4698,4689,6476,6886
5280,5100,2632,6026,5518,2672
0,4554,5296,5582,4473,3574
5696,5139,5870,7173,4866,5473
3173,5344,4318,5456,1635,7384
4336,2995,4602,4453,4516,0
4381,0,5812,2906,7286,4066
0,2728,4962,3775,5848,4823
7759,3850,5200,7225,5172,5627
7003,5875,8187,6722,6488,7822
6282,4751,6069,2528,6197,3759
6271,7859,4484,7651,4787,5553
3625,4203,5208,5402,3705,0
5746,5743,6942,7566,4258,7008
6447,5604,5431,3916,5061,4954
0,7421,5798,6573,6474,8050
5511,4036,7253,3559,4058,4944
6898,5789,6858,6253,6291,4406
7017,2781,6847,0,2993,4941
7730,0,5873,7608,5839,6646
4875,2490,6415,3052,4500,3295
4896,0,6054,5081,4114,4842
4694,0,0,5188,0,3981
7020,4832,5644,5846,4827,3655
3521,4162,3843,0,3949,4259
6173,3503,0,4347,6624,0
4283,4510,4608,4551,5694,4115
2373,0,3179,3275,2500,4800
4635,4983,4516,4553,5665,0
4159,5139,6816,5463,5169,5925
3921,1764,6038,4408,4566,3690
4280,7823,5424,6460,6980,6709
2364,1377,1911,0,1966,1509
0,8472,7454,8298,7797,8240
7029,0,6773,7087,6044,6386
4884,3949,8623,2544,5858,6700
5695,5466,4030,6576,5176,5414
5866,5891,5762,2433,6364,3353
3629,2109,4845,1719,4190,4280
6974,7380,7685,5353,7035,5137
4908,3925,4116,4154,4812,3773
0,0,3658,2526,0,2992
6866,4994,6058,3356,5963,2982
6347,5874,5875,5289,6117,4671
6772,0,6711,8127,6679,7453
7675,0,6635,0,6832,5285
5160,5941,4939,6974,5401,5766
3475,4279,3795,0,4584,3725
2898,5789,5434,2694,5753,5660
5419,7629,5168,4973,5267,4851
4505,2690,0,5095,2950,3677
5551,7038,6224,0,6828,7223
4784,3825,2567,5033,2125,4491
3697,2018,4816,2950,3943,2989
5654,5794,6139,5294,0,0
4746,2683,2894,4885,4096,4158
5443,4720,0,4197,4999,3231
6231,7857,8438,5389,6126,6238
3775,7714,7190,5081,5512,0
2990,4264,2061,4020,3922,2589
5061,5631,4778,3502,6073,5820
4602,0,6755,6407,4006,7093
0,4062,4361,3454,3645,4425
6177,4170,0,5281,5381,0
6734,0,4900,5196,4825,4697
7178,6808,6917,6191,6695,5906
5847,3625,5667,3876,7229,3514
7348,7557,7428,7353,7743,6716
2381,5065,5119,3598,5270,4753
4355,3179,6558,3192,3983,4617
6343,6551,6828,6070,6708,0
4753,2609,2435,3692,3051,1553
3792,3099,3873,3244,2870,3321
5546,3841,5951,0,5980,3434
4892,3791,5362,1926,4818,3131
4024,2909,3812,4050,3037,3460
5389,0,4254,0,3097,3269
3114,2234,3631,3655,2475,0
4566,6888,4447,6638,3157,5413
7428,5779,6166,6609,6672,6379
4172,5196,4880,3247,5266,5961
2643,3769,3733,2348,0,3887
4348,4725,3764,0,4834,4660
3025,3453,3520,3988,2812,5954
4058,7019,2747,7475,4954,5833
7253,6348,6552,6547,7450,4807
4548,4931,3504,6527,4054,4647
0,5118,4113,4054,4416,4393
3603,2814,5365,3319,0,5704
0,0,4985,6400,5579,5237
3747,5968,5789,3476,5778,5762
2459,4217,3878,2378,3913,3290
3022,5853,4197,4285,4698,2190
5822,5316,4848,4112,5227,4621
4268,4267,3465,5937,0,5636
4023,0,3867,0,4876,4580
6712,5494,3410,5436,3694,3787
3853,0,3963,4260,7229,6989
6364,6344,7026,7205,7557,7997
2748,6373,0,5712,0,6692
6815,5228,5082,5833,7127,4519
5520,5799,6412,0,6024,6125
3749,6152,0,5643,4567,6197
5752,3496,6182,4225,3817,6262
5774,5026,0,4558,4418,4471
3474,0,4190,5144,4100,4807
5381,5276,5830,5267,5562,4328
3939,6418,4770,5691,2538,5787
3926,4086,4630,4905,4779,4402
3703,3876,3205,3647,2730,3676
5912,6787,5793,0,7916,5203
4645,0,6105,5771,5708,6753
7766,4178,5207,5713,3269,2914
7218,5688,8308,7160,6751,6934
3693,3134,4430,1826,0,3509
3531,5823,4744,4035,5679,0
3034,6708,5106,5323,4666,5311
5634,6050,3446,4135,7370,4445
6023,0,5860,6022,3552,0
5147,3963,5074,4909,2995,6126
0,4618,5668,0,4388,4072
4740,6445,2419,5730,6044,3550
4591,3735,3363,4359,2992,0
6376,0,6414,7153,6106,6661
4918,4891,0,4442,6059,0
5757,4629,3933,4794,5142,3414
4453,6970,4240,5456,6805,4296
4453,5798,4334,3723,4791,5064
0,6067,4739,4822,5242,4092
1673,4435,5483,3631,2980,5335
8017,5728,6589,6381,0,5800
1486,4477,3934,3596,3451,4177
5574,4638,0,3347,5863,6097
4687,4917,3922,6805,2890,3409
4006,5990,4948,5557,4289,6386
0,3783,4371,3919,5044,1335
4098,5339,7501,5579,0,4596
4142,1959,4030,2756,2293,3582
7275,6359,8017,5192,6342,7189
2499,3499,0,2183,3815,3301
5686,6343,6708,0,6876,6143
4236,3509,4308,1993,2966,3096
4044,3999,4823,6871,5622,4509
4926,4214,5763,2951,2789,3487
6309,6800,5613,7470,6309,7126
3883,4362,2875,5158,4601,4865
6685,5410,6963,5523,5976,0
5130,6124,4824,3785,6804,3223
3023,0,4385,2643,3709,4754
0,7897,4160,6024,4722,5440
5026,6737,3948,4161,5476,4059
7434,7298,8500,6695,7989,7269
4187,1953,4704,3960,3002,3711
5034,4652,4846,0,5639,6069
6506,0,6462,5150,6840,4845
5587,6442,5932,6771,4296,7298
2753,2082,1747,3178,0,2035
4699,3946,6182,3394,0,3575
6392,6593,7689,0,5294,6817
0,3914,0,3968,5487,4332
3205,1096,3689,2000,2021,2255
2872,3725,1680,0,1286,0
6647,7217,7494,6156,5832,7882
3877,2639,6329,2541,5361,3357
3472,3999,4040,3526,0,3895
5643,6642,5315,6722,4886,7228
2908,4924,0,2360,6462,4295
3306,6058,6457,6369,4833,7746
2778,3950,2208,3247,2056,2644
1933,6196,0,4261,5353,5085
6225,5456,4282,3555,6293,4616
3919,0,3989,2431,3812,3539
6854,3884,8144,4763,4467,6518
6142,0,6498,7324,6162,7698
2730,3168,4537,2981,0,4035
3242,3789,2899,5702,3828,4428
5591,5665,4624,6933,3550,7790
6358,3413,6052,0,0,6333
4119,4265,5468,7105,5117,7386
3855,4898,5629,7487,4843,5543
8048,6996,0,7812,7556,7480
3183,7813,3907,3080,6186,3512
6672,7042,0,6778,6245,7488
5024,5112,5054,6455,3831,5143
5309,7331,4449,5279,0,4980
0,0,5606,3963,6427,5156
5801,5242,3893,6510,4736,6699
4345,4963,5116,5964,4894,6576
5678,4071,4209,3835,2385,3503
5438,6619,3717,5057,6734,5491
4170,5427,4922,4866,2232,7582
2628,1702,3356,2887,3332,2987
6681,2357,4106,5102,5103,2384
0,6393,5517,6287,6701,5409
4536,3877,4761,3761,5696,3551
4309,2001,4520,3320,3894,3594
5369,5462,5752,3925,0,3836
3028,4439,6071,4072,4932,4851
6837,4846,5395,7744,4048,4688
6204,5266,4222,6009,5658,5023
5804,0,3749,0,3640,6448
4140,6571,5018,5457,4072,7458
4180,6457,2111,5790,5519,4841
3216,5409,3753,0,0,3084
6345,7671,6587,5964,6934,0
4832,4162,4649,5095,2444,4761
6373,6963,0,6397,7105,6924
4080,7017,5128,4355,4392,0
3198,4935,5459,4772,0,0
5081,2880,6197,3789,5819,5204
4702,3338,5194,1862,4903,5502
7160,2120,4609,4986,5108,5113
5362,4619,6446,3676,5703,3242
6268,5285,4534,0,5854,6065
2441,2140,0,1155,1679,2331
5701,0,5009,4145,4760,4149
8387,7175,7442,7653,7558,7784
3603,4232,3893,2976,2973,4708
3309,4321,3793,4156,4040,5235
4176,4061,3860,3486,3458,3259
8694,7900,6443,8100,7791,7509
0,5560,6102,5088,4859,6755
4607,5333,0,6499,4434,2862
5005,4370,6258,4059,6322,6062
5942,5861,6344,6233,5469,5303
0,6995,2578,5161,5673,4623
4551,6796,5209,6373,3530,6630
7997,6344,7674,0,7109,0
6060,0,4761,5753,3488,4708
4737,0,6017,4077,4800,6549
5079,6608,3242,6726,0,5130
6384,4787,4148,5759,3586,4501
2132,4489,4691,2328,4517,3174
4406,2716,5030,3845,3054,3199
6111,0,5127,6710,5366,5934
5762,6420,5852,6345,6618,4914
4573,4721,4648,5560,6028,0
7107,0,5987,6461,4684,5871
4263,5252,7877,2585,7438,5583
1917,3250,3648,3459,3248,3167
6506,5602,5247,4750,5836,5061
4516,4184,2980,2736,0,3081
0,7457,0,6375,7169,6281
3705,5127,3056,0,4334,3726
3048,5563,3760,2637,5009,4005
4325,5230,5973,5517,4709,5530
0,3443,3752,5474,2856,5001
0,0,8355,6120,7367,0
4707,0,5505,6373,5946,6106
2569,4916,1728,3525,5085,3237
3314,4854,5752,3301,5262,3606
3067,4455,4130,4376,0,3514
3264,3258,2282,3555,2994,2236
2622,6402,3558,0,4876,4960
4280,0,4453,0,4192,3828
5057,3449,5388,5034,4764,6008
7811,6190,6569,7516,6768,0
5950,8099,4542,7291,4083,5293
4437,4235,0,0,3394,5387
0,7214,5996,4787,5381,4976
2560,4892,3287,3545,3068,0
4588,3336,3422,5992,3691,4354
6270,3998,4048,2217,5520,2237
4424,6018,5134,6371,5855,5849
4217,0,4827,6189,0,5524
3856,3865,5909,4309,5641,4639
0,4405,4633,3483,3566,0
6516,8965,8104,7192,8506,8966
5954,4313,5080,2773,7072,5111
3936,5449,4503,6868,5842,5479
6748,4074,6479,4919,7052,1030
4441,4693,3168,3760,4869,4157
2876,6188,3115,4223,6802,0
6382,0,4288,7635,5659,6481
5042,5011,6173,5966,5027,7935
7165,6742,7201,6287,8422,6069
3867,4787,3735,3833,6769,4477
4439,5503,6975,0,7046,4031
0,3148,4495,6102,2104,4474
7195,3651,4824,6157,5162,5208
4347,6216,6264,4076,6757,6519
5588,2228,7015,5792,3302,5603
3767,3022,5299,4791,6155,6793
4088,3872,3637,3423,0,3315
7063,4737,6070,4604,5801,3047
3905,6258,5708,6745,0,7257
5456,4210,3592,4536,0,4833
1941,2791,0,1967,1876,2211
5033,7166,7104,3902,7593,5601
7351,6953,5174,6076,7469,0
6148,5728,7046,6078,6523,6959
0,4180,2894,0,2787,3414
6441,2634,5811,2620,4711,0
4642,4514,3224,4952,5877,3737
6318,5526,4266,5632,5953,5219
3251,5526,1983,8289,0,0
5948,0,5878,4916,4035,4808
4892,5505,5263,4928,5348,3750
5162,6251,5420,4527,6522,4460
4188,0,6668,0,3671,6023
4675,4304,3774,0,5302,3341
4950,4354,5705,0,4609,0
4367,5123,7024,4735,2817,7134
5881,3139,6505,5178,2791,5725
3528,2778,3444,3499,3982,2768
4775,2854,7182,5200,5542,6101
7034,7335,5585,6242,7474,5566
4378,2920,3021,3404,4600,3513
5270,5507,6723,6029,4584,7845
7691,7319,7546,8248,6546,8275
5951,3721,6111,5949,5432,5734
3783,3703,4417,4324,5080,1655
6566,5996,4614,0,7594,5888
0,6968,7037,0,5829,5356
3866,4455,0,4019,5621,0
4104,4965,6297,3907,5552,4298
4834,4291,5450,4220,6456,2402
5950,3800,5532,3119,6726,1982
3181,0,2694,3873,2848,3609
5545,4166,3772,4396,7217,3093
5215,0,3657,5112,4911,2336
5397,6077,2726,5932,5021,3939
5798,6528,5956,6654,6392,0
4943,2765,5498,2537,3467,4371
7088,7124,7283,6693,8003,0
4371,0,6051,5137,0,3935
2715,0,0,4462,3234,5727
4258,5355,2526,5388,3535,4477
7194,7582,4713,6630,6332,4090
3591,4544,3419,4629,3948,5338
5363,6286,6181,4502,5356,7105
5796,3907,4415,4944,3873,5396
4528,5910,4183,7305,0,4829
3863,5266,2390,5107,5880,4233
8558,6885,8722,7548,8173,8149
3119,3605,2890,3566,4296,3130
6474,5543,4595,4961,6279,0
5102,2758,4706,3349,4908,1899
2788,4009,0,2418,4224,3507
5805,6183,6328,5248,5819,4583
0,1843,2428,0,1798,2850
2104,2132,2309,2861,2602,1895
3787,4565,4247,0,4150,5062
7049,7055,4733,7576,4999,4071
6840,5931,6838,7480,6176,6368
6687,2912,6854,4070,6116,2941
5215,4437,5548,3279,7176,2811
5986,6083,5552,5895,5780,6728
2600,2542,2596,1916,2821,1301
2048,0,1627,1916,2565,2120
3382,5359,3698,3190,4768,3771
6891,5571,0,6258,4816,5142
5314,7281,3827,8819,0,6563
2162,1980,2784,1939,2478,0
3507,3943,0,7575,2958,5469
4057,3430,2919,6341,3699,5689
2142,4440,4624,3799,3058,6792
5487,6162,2818,7246,3508,5710
2830,5187,4587,3528,3283,5062
3037,5838,5086,5476,3948,5444
6985,6565,8693,5804,7420,7259
5326,6509,6633,6006,4940,7717
4173,0,5495,4066,0,6383
7470,5154,7157,5795,6659,6483
1752,2873,1941,2547,2313,2308
0,3653,5306,3518,3037,6035
4117,6947,4971,5007,5840,7133
4185,2065,4655,3778,1484,2970
2808,2792,3027,4058,2767,1724
4259,5061,2276,4201,0,2997
3530,7047,2885,5692,6266,5781
0,3512,2086,3099,1187,2612
4845,0,5763,3292,4166,3036
5631,6579,7003,5700,5990,7844
3200,3295,6570,3921,4535,5940
7522,0,0,6644,6649,5814
2789,4294,3082,2502,4109,2762
5687,5307,3919,5386,0,5837
4740,4358,2718,5318,5077,4516
4101,4489,4737,4159,3932,4854
6432,6149,5363,7259,6797,0
5226,5335,3413,5802,3393,5415
6959,5654,5614,5896,5425,4751
3255,6864,4370,4475,4243,7952
3543,4597,6947,2142,5560,4636
5687,4297,0,5343,5495,5038
2847,5964,5522,5777,3305,6616
6266,0,3666,4532,3035,5021
3909,3847,3584,2928,2907,4299
6981,3401,0,4261,6579,3335
5972,5129,6772,5499,8334,6171
6759,6575,5444,6216,5907,5759
3655,4503,3232,4043,4579,4569
4558,4240,4808,4359,5386,2000
0,2953,5170,3520,0,3895
5977,6244,0,6414,0,3577
0,6429,6554,6766,5296,7549
6780,7576,8320,7578,7597,9314
3835,6064,4590,6719,1731,0
7468,7499,8320,8180,7442,9024
3338,3714,0,0,3697,5426
5531,5986,4127,7131,6911,4331
6141,3608,5059,4727,6488,3678
4331,0,3604,3366,6421,3582
3231,4343,3513,2039,3340,2942
3499,3987,5035,7282,3461,0
0,2162,2802,3056,0,3703
6482,5591,7153,5354,5970,6596
4866,5582,4004,6680,4908,0
7302,6982,5729,7273,7046,6437
7088,4211,4346,0,4355,3803
5149,3971,5797,3000,5022,3720
3777,3597,3187,3120,0,3023
4509,3611,4707,4323,3918,5360
6000,0,5990,0,6703,6808
2457,3379,4731,3644,3194,4802
6981,4030,6560,6037,3955,5298
3587,4944,4944,0,4323,4957
6932,7319,7681,5928,6707,6583
5751,4867,4123,5184,2552,6514
4431,0,0,3092,3693,3561
4835,4490,5375,3990,3580,4549
7059,0,6074,5023,5861,6246
3201,4269,3592,3703,3176,4199
5505,4867,5589,4253,5520,6668
6772,0,6359,4596,6572,0
6249,7563,5823,6939,6120,7406
2993,0,4172,0,4226,7240
3457,3924,0,3807,3182,5125
7172,6073,5003,0,6287,5346
4130,6436,3708,6218,3773,5196
4289,0,6075,3845,6063,5700
4199,8344,3175,6303,6045,6108
2385,1242,2899,2627,1257,2483
4620,6282,3943,5354,5383,4950
4649,4655,4804,0,5854,3873
5325,4739,3917,4184,6172,3711
4434,4861,4944,3849,5066,4186
5501,6762,7937,5453,5649,6940
3023,6080,2332,3971,0,3626
0,6600,7634,5827,6595,8006
0,6704,7218,7310,6262,4521
7215,4647,5979,5779,5208,4506
4734,4515,2253,7801,3514,5819
4650,3458,4422,2876,6254,3817
5361,4321,4934,6751,5172,3873
4108,6527,5149,6774,4047,7694
4672,4529,3909,5307,5188,3743
3216,4449,3478,2720,4272,3353
4953,0,5172,2800,5256,4503
3660,4822,4002,4658,0,4303
6709,4233,6893,3261,7820,3711
5176,3077,5823,0,0,4113
5479,7648,4445,4996,6007,4425
6090,4875,6012,0,5560,4047
5755,0,5003,5279,4581,4483
0,3544,2809,2178,4271,3200
3249,2882,0,2496,3106,0
1894,5714,2728,3918,2727,5067
4415,4134,7052,4883,3972,5059
5422,0,5243,4978,5151,5924
2622,1939,2203,2692,2912,1937
5298,5785,4949,2873,0,0
3185,4582,3031,5230,3580,3354
5993,3513,4663,2741,7032,5092
6305,5550,4358,6443,2365,4958
3608,0,0,5634,3086,0
7666,4585,5274,7110,4708,5382
5769,5705,0,6289,6018,6304
5156,4476,4781,0,7354,3425
4981,4834,2939,4864,3847,3306
7829,5104,6444,4627,8152,3647
4294,4239,5958,3537,6510,3595
7704,5285,7219,5865,7909,5216
4791,6018,4842,5846,0,5411
4725,5553,0,5457,6801,4914
6112,5487,3926,4030,4627,3596
5713,6973,3748,4973,3767,6481
7270,7220,7540,4632,8257,6171
6062,7506,7066,7146,6723,6229
4883,3271,5108,3490,4942,0
4171,4765,5680,3485,0,7107
4907,4600,3244,0,5555,2904
3136,4053,4536,3518,4321,3311
4536,3497,5487,2772,4637,4011
3027,5084,2342,4195,2183,4720
3426,3438,2314,3218,3599,3377
0,0,5639,0,0,5880
5168,3919,4273,4365,4701,5202
6814,6689,7510,7221,0,7105
0,6494,4705,4780,4761,5911
5615,3931,0,0,5507,4871
2977,2688,0,3505,4014,2096
7832,5987,5188,5570,7299,5590
5103,2038,0,4035,3931,3268
4569,5266,0,0,5211,3673
5947,5717,4294,0,0,5901
7349,9228,7999,8761,6789,0
5723,5409,6156,3714,6634,0
3519,1370,3939,2363,1446,3094
3519,4993,2835,4588,2892,4920
4730,1845,5147,4304,4555,2390
7085,4076,4935,0,3252,3631
3200,2299,3276,2816,3176,3075
5955,5162,5542,4612,6316,4844
3239,4877,3335,2399,3056,4509
5504,3678,6102,0,6499,4509
6842,3985,5914,6433,5076,5835
6654,5698,7211,6849,4617,6900
5901,6409,7082,5054,8116,6962
5303,6227,5591,7579,5829,6479
6155,6848,6439,7935,7102,6338
2274,3140,2530,2921,3043,1750
2798,0,3838,3409,2864,4197
2907,3044,3672,3012,2355,3693
6325,5368,6544,6671,5759,6886
0,4504,6096,5622,4261,4515
6420,4993,4150,5610,5562,4596
6785,5767,5682,7386,6012,7059
6205,5955,5103,5995,5879,5256
5206,6155,5924,4610,6189,3380
6520,4847,4914,6964,5615,5823
0,0,5481,6118,7504,5963
6836,5695,5011,4780,8247,5105
5729,5302,7015,6948,5602,3874
0,5766,0,3516,6170,3697
2641,3453,4350,2532,4796,4339
5398,4797,5220,5481,4135,7754
5921,6571,0,5488,6306,8271
0,5195,3536,0,5948,3884
6471,2242,6138,5647,7527,2675
5468,0,4345,4847,5071,3200
3214,4582,4944,5105,2996,6774
6186,8472,7811,6523,8000,6272
0,4416,5327,2517,5884,5101
3610,5380,3523,4467,5125,4663
2748,1794,2628,2577,3454,2809
5281,4985,2696,4766,4792,3910
0,4390,3377,5038,5489,2682
3410,0,4700,4859,4513,4615
7790,5791,5611,6697,7537,0
5288,6180,5738,5306,0,4840
0,5564,4389,0,3448,8018
6288,5453,5310,6422,3738,0
4432,0,6056,5613,3913,5746
6705,6132,8092,6167,5604,7972
4665,3202,3892,4263,4828,4650
0,6875,6339,6587,6869,7462
6414,3897,7831,4075,0,4593
2287,2823,2506,0,2366,2562
5056,3058,3993,0,4218,3516
5555,5074,0,6925,5776,4840
5938,4004,5946,5435,4597,5500
5546,7770,6174,6957,6926,6448
7172,8006,0,7610,7620,7267
2144,3362,3238,2022,3247,2913
6066,5344,3838,5749,4510,4217
8144,5332,5844,5619,5257,5480
4411,5731,5836,3014,4499,5191
1969,7532,5401,4455,0,5710
3823,3683,0,2499,5042,3962
3924,5907,3641,4764,6963,6543
2576,5451,4377,5413,5357,5720
6732,7936,6175,7246,0,6119
7397,7241,6051,6832,6826,6168
5687,3383,4980,2598,5083,3099
4192,2773,4679,3033,0,4477
5999,3994,5431,6212,6568,4112
6714,5848,4945,8538,0,4862
2551,8058,4720,4527,6621,3646
4168,4744,3620,4340,0,3431
5478,0,4078,0,5648,2058
7277,6167,4739,8403,0,7443
5800,2755,3779,4730,4442,2249
2705,3907,3449,2777,5578,3563
6111,5745,4907,7024,5426,0
4850,5211,3626,4431,4371,3236
4865,3772,2371,4967,3113,4307
3897,3086,7517,4754,3666,4033
4447,6018,5777,4032,0,6740
3122,4397,1545,3817,3132,4085
5399,3920,3621,7156,2871,5755
3411,4012,5323,3520,4861,0
5063,3258,0,4735,2891,2744
3907,3351,2661,4306,3229,3828
6122,2955,4083,3407,5216,3286
5406,6752,2976,3285,5996,465
4847,2523,4583,4654,3238,4703
3480,7313,5623,5954,5130,7353
5113,5490,7608,5676,6382,6105
3695,3874,4543,4978,4154,4821
5884,3949,3971,0,4588,4282
7696,1012,5624,4439,6787,5301
0,4815,4141,0,0,3513
5727,6259,6088,6318,6331,7290
3752,2386,3624,2429,4402,3586
3180,6008,5548,4970,6623,4105
6605,6156,6640,7074,0,0
4304,1999,3168,3070,3278,3586
3159,4863,5019,3861,5645,3801
0,4746,3051,5543,3388,3025
7160,6459,6551,7571,7066,7325
6557,7747,8150,6639,7337,7051
3053,3598,5160,3964,6260,1702
2210,912,1917,1556,2215,1847
5674,4644,5805,5821,6023,6689
6314,7701,5553,6128,6103,0
4103,3743,3666,5308,4710,3274
5673,5524,5232,3273,5206,4660
3280,5692,3116,0,4045,4511
6108,6015,6102,5957,6541,5663
3313,4780,4161,4340,4624,5965
0,3396,0,4398,4965,4277
7949,7125,6593,7763,7195,6787
4183,5446,0,4890,5052,5967
4017,0,5275,3564,6331,3223
4008,4383,5696,4268,4243,5659
4686,4802,6400,0,3170,7915
4775,4217,6499,5884,4267,8234
4244,6773,4921,6411,5924,5103
7051,6841,7814,7603,7073,0
4934,5467,3882,4676,4811,4981
5657,0,5402,0,3684,4688
0,2245,2944,1969,0,3052
4624,5824,4607,6448,6048,7003
5639,4994,4553,5614,5074,5284
0,4059,0,0,3674,0
0,0,6723,0,5058,6468
7515,7106,6774,6786,6534,6045
6074,6299,7341,0,5659,7670
2762,2429,2672,2322,1958,2402
7022,7157,4762,7049,6760,4836
0,3853,3907,3966,3879,4685
4346,5687,6779,4073,0,0
2155,2123,2217,2523,3298,3100
3065,3706,4123,3745,4337,3780
6006,5792,5156,4945,0,5165
4725,5080,2980,4173,4456,3685
3963,3558,4234,6236,1299,4935
4687,5939,4625,4099,7276,3354
2793,4201,3561,3260,3490,0
6631,5250,0,4694,6084,6518
4580,4862,5567,3109,5343,4764
5383,6439,5247,7086,5091,0
0,6018,7821,6537,5933,7142
7338,7390,0,6575,7199,5751
5914,5278,5705,0,6288,5893
6903,6687,7602,7551,6505,7548
0,4873,2430,3064,4143,3855
6478,6318,5972,5954,6919,6753
4478,6761,5501,6467,5670,7035
5977,3781,2364,5686,3936,0
7214,5648,6187,6935,6836,5294
4937,5086,4408,4846,5205,2893
4524,3902,3012,2962,4564,3481
5498,5755,4246,0,6170,5243
0,6685,0,6712,8437,7152
7216,5498,3813,0,5485,3979
3337,2927,3418,4455,3172,5328
5637,5073,4922,0,4446,0
3574,4505,0,5424,0,5876
4702,6562,0,4284,6762,6484
2656,6512,4697,4558,2939,6507
2843,7467,6672,4904,6442,6181
4909,7026,4401,5145,8215,4427
6506,6420,7067,6858,0,6648
0,6541,6684,6155,6611,5414
5988,6281,2854,5581,3155,4283
5259,5701,6334,0,4633,5386
5549,0,0,8434,5282,5284
5160,6378,4835,5658,7692,7390
3540,4647,5537,3976,0,4150
5611,6407,3764,4739,4325,5715
5952,0,0,5010,5328,6183
4897,3088,6604,3920,6172,3283
5570,5994,6142,5513,7424,6116
4429,0,6585,4624,3485,6247
7421,6571,5995,7212,7048,5849
4857,5926,0,0,5961,6311
4404,0,5604,5489,3407,9132
7510,7197,0,0,7743,8084
2469,2322,2210,2589,2744,2124
0,3436,2626,3103,2551,4216
2870,0,5322,3834,5154,4862
4894,4500,5436,5977,0,6194
3369,4150,4828,4289,5304,4116
0,2270,4682,3563,3089,3379
6664,2717,3705,4978,3911,3897
0,3678,6950,3600,7221,4900
3834,5217,4693,4486,5081,2952
6679,3126,7426,5255,5683,4498
7786,6982,0,7424,7590,0
7905,4824,6302,6741,5844,4197
0,0,6491,4223,5205,0
8901,7371,8262,7217,7831,7557
2566,5942,0,3812,2620,3170
5459,6686,4401,6246,4967,4036
8296,6608,0,6968,7709,5587
3325,6224,3711,3861,3307,4251
0,5027,4742,6577,6709,6145
6368,7054,5260,7265,0,6301
6146,3215,5694,3593,6186,2064
0,0,4304,4291,4129,4118
5254,5117,6920,0,7111,6217
0,2610,2723,0,3767,3076
3289,3871,0,4497,2882,4205
6284,5496,6166,7057,4985,7038
5147,4941,0,0,3522,6315
4322,3878,4166,4786,4723,3789
3775,6166,5424,7307,3733,4983
3905,4662,5177,5237,0,4940
5123,7125,2668,5295,4723,3233
4328,2657,6168,3604,5773,4961
0,3815,4811,0,0,6957
0,3776,3876,4258,3758,3577
4663,3757,3223,4283,2395,4590
5238,5277,1678,5450,0,3459
3793,3608,4539,1790,6088,2632
2131,2742,0,0,1948,2118
7687,7217,6742,6587,6671,6748
0,4463,3580,5336,3743,0
4696,5557,4213,5359,0,4706
5386,6961,6017,5554,4561,5847
3309,3791,3901,4007,2492,4247
3731,3590,3348,2800,4517,2673
4841,6229,5806,6844,6637,5353
3647,4773,4044,3335,4805,5316
4731,3802,3487,5111,4216,2962
3393,4422,4195,3570,4472,3205
7480,6033,7377,7327,5810,7446
4948,3803,5704,4140,3159,4369
5987,6528,5919,7217,0,0
7061,7266,6807,7056,6738,5890
6938,5730,7215,3093,6422,2698
4759,4671,3488,4174,0,3297
3933,5061,3262,6388,0,5037
0,4113,5291,4872,4089,4144
4175,4126,5097,4300,4201,3808
0,5608,0,0,6481,5224
0,5685,7056,5777,6878,6512
0,4476,5273,6332,5013,6514
2945,3825,2941,3843,3454,3736
2251,1392,1925,1685,1914,1944
6730,3846,5061,4540,4765,4880
3760,4802,3148,3375,4058,1917
6196,4439,6256,6571,5222,5739
3590,4323,4357,3772,5442,4827
3790,5472,4938,4615,0,0
0,3110,3762,3951,4150,3682
1481,4896,3412,4874,3531,4469
5456,3810,3801,7248,2115,6298
4477,5180,5583,0,4842,3812
5655,4669,4905,4119,4480,2790
6853,7189,6832,7261,6830,6861
3431,3053,3635,3599,2040,3752
4951,5189,4597,5514,5899,3587
4772,5719,5086,0,4844,6083
5499,4520,5579,3541,5653,0
3254,4481,0,3344,4373,4107
5906,4356,5621,6589,5006,7351
1563,6400,2229,0,2251,5013
3421,5221,6278,4065,3544,6254
4557,3155,4327,3850,0,3406
8659,7645,8612,9252,7456,8428
0,4675,5082,4024,5252,4144
5543,5818,0,5388,5362,5761
3467,6637,3399,6312,3142,7070
6466,5937,5320,5759,6242,0
4791,3994,4109,4680,3756,4568
4618,6263,4021,6032,5409,5039
3495,5105,3320,6334,4869,5074
4069,3735,2352,4959,2024,4313
6749,7770,5788,8075,7147,6174
3200,1582,3342,0,0,3001
3928,4544,5762,4941,0,0
7714,7430,6124,6706,6402,6595
2511,6306,2398,5879,5156,0
6062,7583,3451,5246,6395,4523
6623,7068,5705,7931,5800,5604
6224,7437,6674,6876,6578,7424
3897,2567,4371,3892,4178,2629
3913,6215,4497,7042,4259,5864
3987,5135,4557,4408,6015,4317
6148,6175,5616,6551,6715,5451
0,3349,2911,4178,3857,3340
7011,0,6627,6415,7030,4817
5923,4456,2656,4463,4521,0
4652,5490,4481,5996,5927,7078
7086,3711,3838,4820,4452,2756
6936,3791,6478,5537,4735,0
4360,5011,3133,3916,5537,3803
5529,3910,5031,4185,0,4258
3169,4906,3156,5087,4454,3789
4571,5058,2558,5234,4765,3783
4849,3952,5800,4948,3394,4142
5237,6477,7333,6124,5944,4673
4753,3321,5327,3603,4134,3897
5313,0,7406,3798,6161,0
3952,3857,6827,2785,5325,4784
5047,5796,6349,3939,6999,4005
6360,4271,5396,5059,4704,0
4819,4147,4999,3080,4866,3407
2993,3909,3831,2062,2647,3501
4522,5379,4854,0,4885,3504
3752,5529,4582,4682,0,3963
4902,5150,7238,3786,7199,6386
1733,3778,3232,3762,0,3112
6089,5610,5131,0,4888,3821
0,4644,5707,4635,5245,4030
4784,5059,6167,6277,0,5376
3030,4007,2608,4899,1456,5123
2714,2295,3082,2107,2882,3082
6208,6115,6829,6616,3917,7731
7104,6689,6087,0,5498,4764
5328,4448,5751,5751,5870,5341
4773,4217,4589,4897,6623,1871
0,7125,7993,6379,6265,0
0,4252,4126,5182,4820,4789
0,3665,5931,5749,5509,0
0,3622,4693,5328,5096,3474
4838,2879,0,7794,2983,6197
5399,4613,0,6575,6484,6352
6273,5044,6995,6230,4547,6016
4632,3869,4371,0,3681,3871
2652,1897,3545,3848,1364,0
5736,4413,0,5580,5682,7184
6338,2625,0,5979,2403,3538
5248,5084,6662,4204,7101,3869
6470,3598,5050,3415,5870,2992
4246,2783,5967,3431,6270,3467
3416,5257,4459,5417,6001,6965
4909,5832,6327,5698,5474,5836
5256,4920,6822,3571,5390,5083
4161,6939,7241,6226,6154,0
5551,4060,5075,5107,3213,3834
5671,4858,3868,5887,4224,6148
8116,7010,6469,8675,6981,6460
0,7011,7192,5071,6723,5204
2879,3746,2467,4690,0,3950
4779,3444,4683,1711,4800,3983
5166,6276,6310,5150,7020,5300
4710,6302,3410,8536,3638,5669
4101,4656,4811,4956,4347,4660
6209,6325,3441,7218,3959,3637
4325,4775,6101,3505,0,5643
5315,8313,5950,4355,7146,5224
2586,3034,3142,0,2582,0
7218,7504,5411,7937,6354,6972
4198,7141,5032,3936,5764,4752
5753,7378,6629,6105,7549,8106
1757,0,1414,1396,0,1091
5815,5215,0,0,0,2585
2601,0,3419,0,2848,3488
6754,4842,5989,4341,5249,5865
4562,4796,6340,5288,4796,5871
3414,3928,1964,3989,0,3921
4165,5523,3631,0,4792,3483
4304,3536,3745,5090,2612,6696
7176,5787,7355,5919,6060,6692
6251,6733,6415,4422,7123,4363
0,2484,3493,3934,2738,4803
2903,3818,4187,3164,3959,2961
6975,6293,6058,0,5866,5650
0,7397,3596,4708,5247,4885
3332,2621,7052,0,2424,6926
6419,3074,6351,6297,4088,5348
0,4704,3821,7108,3449,5304
2457,5062,3942,4687,3418,4533
5361,5514,2253,3610,6842,3052
4262,0,4001,2849,3632,3657
5372,4291,5070,4844,6369,4866
3446,5156,5441,2506,6058,5126
7721,6895,0,8236,6252,6928
0,4717,6386,2859,3949,5103
2717,0,2528,2656,2426,2621
3072,4433,4154,5101,4395,7655
7474,0,6518,6417,6545,5068
0,0,6117,0,3878,6037
5435,5900,6300,3461,6349,3995
3518,4041,6278,0,7938,5286
3950,2321,3174,2741,2398,0
4637,7621,4626,3724,5802,4439
0,0,5265,6252,7004,4809
0,8719,4323,3553,8065,5053
0,5298,7113,5429,6554,6011
6110,7856,6929,5964,7375,5758
5704,7017,6615,6616,4794,7568
6343,5233,4733,6316,5719,4401
3715,7552,0,5986,1293,0
5628,6146,4712,5095,7406,5136
7080,6386,6950,0,6284,4853
4600,6050,3253,3965,4585,5086
3453,4564,4254,5067,3939,4829
6469,0,4744,7266,0,4490
4095,4201,5328,4830,4959,3941
6178,1958,5188,6277,3665,2052
5771,6454,5883,5911,6130,0
4544,3259,4048,3615,3515,3900
4614,0,4794,0,3895,4276
6794,2583,4360,8705,3563,4707
5912,3348,5752,7469,4133,5419
8341,7266,8055,6889,8058,7734
3369,5282,2178,4471,3531,3509
4706,3046,3294,2993,4163,0
3382,4729,6471,6045,3994,8185
4908,5217,3552,4173,5591,5300
5920,3708,7629,5331,6136,6224
3454,4187,3106,2764,3622,2960
7205,7853,8039,6787,6933,6378
6686,0,5438,7924,4942,6231
6051,5816,5896,5402,5537,7103
4812,0,5179,0,4818,0
7261,6947,6498,6374,5709,4761
6401,7096,7306,7052,7595,7454
4671,6551,3716,3630,0,3249
5126,6627,6061,0,8303,5536
3736,3072,2423,2950,3267,3741
5209,4685,4238,4592,4409,3013
4239,4975,5752,4332,2839,6983
5582,6473,5227,7156,6853,6011
6928,5940,0,6431,4780,6402
6429,7563,7009,6402,5255,6088
6678,7196,7564,6003,7177,6784
5536,5149,2625,6078,3656,4272
2606,4924,2467,3230,4348,3672
4032,5393,0,5335,2487,3448
2949,0,6155,3385,4154,5451
6400,4062,4063,4871,5601,2719
2988,3997,4596,6167,4217,3693
5300,2859,6423,2920,5502,4528
3149,4240,2629,4650,3796,0
5515,5225,0,3938,7308,0
3193,6449,4763,4316,5288,7037
4302,4634,4223,3467,2805,0
7732,7007,4580,6566,7431,5768
6532,5575,5309,5255,5104,4199
4297,2181,5390,3384,3826,3082
5744,6597,6808,4755,6956,4426
1366,1419,1185,2144,1236,0
3973,3340,7214,2206,4493,4985
5806,5123,6306,6929,5799,6287
5042,5178,7067,5993,5807,5569
3963,5908,0,6633,6027,7033
7701,6346,4363,5284,4892,6192
5974,6222,5553,0,5954,0
5512,6044,5534,0,6336,4793
5711,5521,4501,7114,4101,6629
4833,5518,6631,5540,4760,5199
4285,6333,4334,3417,7141,3216
3729,5080,4725,2462,5222,3956
5679,4181,4738,0,3922,5758
6931,0,6822,6952,5027,6784
3126,6774,5125,4519,5685,6187
4044,5432,3892,3304,4792,4966
3452,2647,3968,2722,4090,3778
0,0,3712,5525,5605,4774
7755,6095,5336,5519,5989,4997
0,6224,6598,5431,7319,6136
3264,5137,4177,4603,6208,6082
2265,2631,3597,3740,2431,0
4298,3965,4096,4090,3123,3662
0,0,7398,0,7845,0
3397,5089,3878,5373,5367,4315
6262,5178,6800,0,0,6963
3001,3506,2891,3231,2662,2970
6566,6223,7484,4034,7042,6198
5211,7796,5778,4211,7271,4213
4935,5792,4961,5657,6015,6021
2991,0,0,2539,3804,1731
5794,0,6510,2894,4494,3105
3738,5406,4872,5048,4595,5849
5652,5331,3450,4143,0,3366
2871,7496,3306,4417,5128,0
6013,0,5722,4637,5990,6585
0,6763,4432,0,6667,5834
0,6785,5603,5804,0,6591
4282,7371,5740,4744,4885,5810
0,7512,5926,5894,6853,6013
2538,3077,0,5119,2183,4239
2891,0,4658,3809,5061,5364
2985,0,4022,3713,4275,6744
4020,3276,4524,5013,3738,0
7828,7869,6961,7185,7529,0
4252,0,2163,5982,3429,4477
5979,0,6129,4271,3846,7076
0,3474,0,4916,3116,0
3019,5856,5458,2682,5553,5526
3668,3184,4669,2737,5234,0
6313,5938,4843,4807,5009,7344
5368,4019,5056,1724,0,3339
4078,3886,5189,5297,0,5292
4410,5926,4095,6738,5291,6838
4962,4202,3751,5255,5404,4516
0,5360,6307,6061,5715,5154
4393,4283,4059,2578,5824,3896
6230,6483,5857,0,6647,6597
5359,5240,5407,6246,0,4093
7017,6627,0,7092,8270,7217
5892,3797,7410,4919,5764,5042
2760,2886,2889,1468,2925,2855
0,5592,0,3112,6553,5836
5521,0,0,5395,6480,5252
1902,0,2371,2740,1781,1750
2325,5139,4456,3954,3862,3493
5811,5552,6732,4001,5306,6580
2151,4908,2161,4511,2138,3774
6188,3410,0,4263,6903,2889
4476,5585,3163,0,5650,4250
3459,5837,4111,0,0,5408
2430,4487,3573,4339,6790,7070
3447,3340,3071,1636,3502,2260
5085,3989,5641,3743,0,0
0,2564,4306,4349,5882,4053
8691,8504,8409,8765,8456,7919
5572,6694,3499,0,6994,4650
5226,4685,6776,5397,2139,6134
5327,3343,7447,3147,6505,3770
6892,5269,6364,5509,5514,0
4529,3952,6415,2363,6713,4090
4841,4933,3948,4040,6521,4926
7825,8110,8193,8390,7052,0
3029,5153,3866,3523,5586,3137
5143,3393,4262,4073,3603,3057
4499,7353,6483,0,6411,8523
5128,6041,5948,3993,0,4451
5717,4238,5189,4916,5016,4548
6018,4793,0,0,6390,7042
7277,3895,6630,5427,4899,5360
3763,5701,5136,4115,3900,5744
5168,4005,5061,2287,5205,4357
0,6967,0,5085,6952,6601
4009,3932,4729,3128,4426,3931
3955,5718,0,4938,4440,0
6210,4571,3358,6397,4882,4366
5802,5368,6805,7155,0,7460
6623,3943,4866,3682,2716,4927
6877,6108,0,6029,6592,5375
2321,5712,3938,0,3328,5445
6091,4946,5311,4976,5252,3708
6720,7151,6800,6832,7199,6887
3308,4184,4020,4348,2239,5381
6054,5148,4766,4190,5417,5723
6996,6216,5532,0,5808,6469
0,6982,6553,6986,5737,7086
5685,6045,0,6598,3843,0
6216,5966,6410,6867,6295,6334
4280,3192,4961,5647,3645,4061
6410,4985,4764,7052,4267,4848
2401,5531,2900,5680,4339,5734
5666,3959,1946,6120,4102,3602
6516,5207,5974,0,7655,5380
1633,1769,1851,0,1461,2376
2743,7735,7224,4826,5099,6414
6042,5848,4725,5301,4467,6223
4513,5144,4670,3315,0,6148
5553,5554,6543,4660,7372,3824
3503,6709,0,3590,5319,2883
4175,7209,2471,4820,4371,4838
0,5224,5388,4717,6946,4882
2716,6921,4618,3881,5069,4413
8568,7441,7655,7884,8687,7222
3387,5062,0,0,4774,6815
5180,2500,4621,5187,2769,5928
4144,4672,7275,3221,2964,4936
4045,5561,5084,4082,2287,5961
4228,6628,3697,0,6186,4261
3573,2128,5018,2854,4820,2362
4740,0,5678,5251,4276,2956
3786,3937,0,4651,0,3188
8118,7859,9017,7424,8665,7471
3157,6681,3697,5861,4610,5087
6606,0,5902,0,6899,6766
3410,3536,2838,0,0,2272
4561,4447,4139,4511,5607,3953
7064,7191,0,0,5727,6879
6065,6577,6183,6056,6478,6234
2407,5944,6509,3458,4447,6718
0,6746,0,6594,6080,6569
6897,8735,6701,0,8614,0
6192,6834,4733,6853,4828,0
4404,6973,5332,3554,5547,4309
6371,4123,5287,7066,3659,0
5897,5129,3589,5804,4007,6115
5028,7180,3562,7660,2600,5793
6089,4696,4138,5939,0,4351
4663,0,4207,6993,4971,5633
6860,5234,6302,7792,4575,5684
3022,3750,5980,2306,4884,6363
0,3989,5430,6338,3768,3774
8506,7274,0,7478,6925,0
5089,6982,5509,7679,3467,6963
6580,0,6370,7077,6832,7574
4642,3314,3814,4596,3301,4243
0,0,5734,5683,8162,0
5816,2799,4274,3626,6018,3016
6341,4346,6576,6910,3788,5530
5663,7900,3226,5555,6416,1894
4629,5689,5360,3324,5488,4356
3050,1731,4277,2593,2900,2382
4598,4020,5390,6452,2838,5147
4396,0,5860,4126,4716,0
2542,7242,3082,4616,5325,6195
3405,6226,3001,4086,3785,4283
6550,5905,5544,4734,6977,0
7098,5572,5438,7503,6676,5028
7979,6046,7566,0,7224,4724
3671,0,2577,6706,4026,6250
0,5201,7464,7228,0,6485
5330,5667,4520,0,3300,7090
4298,4624,5303,3827,2701,5088
5206,5353,3212,5702,4526,5138
4111,3131,3679,2895,4581,2776
0,0,4277,6735,5827,3116
3992,3163,4624,5269,3118,3821
6273,6734,5307,0,6445,5358
4394,4313,4115,5669,3308,4858
0,0,4174,5104,5992,2100
0,6302,4017,4264,5241,5020
6017,5600,4676,4303,6870,4726
3565,4444,5003,3236,0,3463
3715,3038,2190,4815,2009,5335
6158,7613,7297,7341,0,7264
7038,5059,6818,6405,6788,5879
5167,6616,5618,6363,5649,6171
5878,5317,6709,6087,0,6273
0,4498,4225,4231,4216,5460
0,4981,0,4764,4948,4203
7750,4181,5891,5920,6358,6188
5511,7710,7442,6245,5814,8006
5760,3090,5577,3487,4460,0
4980,0,4024,8028,5483,3225
3131,4347,6757,3794,6066,6896
5677,3853,4896,4813,2865,4700
4845,3397,1758,0,2990,2714
3806,7353,3979,4260,4853,6086
4879,5758,4207,6681,4364,3705
4236,5863,7660,3842,4469,7470
4233,2778,2938,3259,2606,3077
5804,4287,5413,3013,6366,2215
5210,5218,6283,0,3420,5158
2636,4047,2765,3730,3361,2420
4073,6629,4565,5322,5606,6788
3358,3594,3691,4589,2071,5140
3875,3991,3896,0,4349,3693
3548,5314,5544,2945,5047,6123
6136,4476,4261,4857,2449,3101
5287,3175,3779,4249,2648,4853
3099,1501,2356,2697,4269,2237
3090,3426,5580,3788,3388,4894
4786,3531,0,4581,5091,2794
4162,5183,4885,4360,5704,6964
1995,2297,3372,1588,0,3251
716,1439,845,501,1619,717
5406,5251,3224,6372,4692,4181
5910,7636,6209,7181,6463,6899
6951,6498,4069,6328,6676,5899
6116,5098,5333,0,5200,4737
3222,4131,1479,0,2573,2915
4017,5711,3974,3112,4752,4633
6398,4042,6186,0,4397,5763
6696,6360,7068,7287,6961,5810
4536,0,0,3261,3142,6043
4483,4502,4741,6618,3593,4675
4391,7136,6325,4704,3611,5832
0,4866,4806,7160,6640,3861
0,0,0,1991,1984,1679
6469,3954,6016,2062,5925,4362
7287,5260,4807,8289,0,6314
4013,0,4217,6955,3616,5872
5859,8019,7123,6807,7435,6922
4302,3546,3694,4911,0,6033
6395,5854,0,5116,6414,4346
5835,4101,7442,6153,4401,7767
3070,0,2350,5959,2686,3458
5499,7094,8020,7303,6732,8118
5046,7119,6416,3344,6441,5895
1780,4324,3890,2952,4909,2928
4303,3093,4064,4290,3695,3604
5159,5657,0,7351,3526,7782
5656,0,6299,4856,0,5528
6754,7289,7755,6954,6719,7104
5065,3469,3807,5135,3929,4683
6558,6579,0,4680,7972,6244
5867,4914,0,4670,5405,3401
6552,3468,4386,7301,5781,4032
5811,4671,4303,5904,5357,5656
4589,7724,6327,6459,5018,6641
5050,5341,4739,5268,3040,3127
7333,6490,5704,8390,5643,6481
6369,0,7253,0,7065,8646
0,3955,4543,3288,4204,3348
3477,3602,3635,2834,3116,2050
0,7742,0,6537,7465,6830
2956,1919,0,2780,2837,0
4198,3710,5169,0,3142,5883
3236,0,4023,1631,4902,3922
0,6616,6979,6235,7194,0
4922,6598,3783,6006,5502,4377
6663,4716,4757,4616,4742,3058
1986,3635,3499,4959,4749,6501
6958,6107,4870,7029,7306,5886
7282,5150,7138,6939,0,0
6342,4007,7292,4055,3034,5712
2764,4716,4021,2512,2938,4132
5398,4554,7679,3655,4940,4748
4010,6235,8075,5721,5226,5656
7021,5489,4340,4268,6051,3529
4849,5721,5459,6006,6420,5363
5985,4986,6306,4544,6336,6732
6833,2654,5704,5269,5283,3592
6066,4639,7800,0,5832,5894
6742,5475,6323,5975,4574,6489
4328,5566,4610,3418,0,5905
6833,5916,0,0,7044,6432
5915,7346,3816,5408,6806,3342
4159,5030,5175,4792,2917,5078
2921,0,2928,4032,0,3908
4665,5405,4682,6761,0,0
0,7428,7690,6851,6629,7683
4133,2797,3605,4830,2742,5049
4515,1644,4195,2973,2641,2519
2545,0,3711,3550,0,5749
6435,4270,4008,3540,7359,2792
7400,6265,7275,6551,6393,6837
6444,7770,0,7632,5129,5496
4231,4536,4134,5482,4478,5983
7635,5496,5559,6172,7133,4965
6244,4742,0,6055,5447,4606
5551,7241,7729,5836,5704,7122
5004,3657,3656,5223,3760,5157
6790,5902,7726,5521,6665,5624
6856,7617,8065,8278,6748,8317
3143,2797,4682,3488,4765,5293
5874,3194,5390,4421,6145,2744
4416,6573,0,6140,6829,3375
2340,3157,3173,2904,4780,2435
5822,3940,4801,5877,4818,3852
3034,4320,4793,5524,1883,0
0,6906,6037,6327,6719,5181
5155,4514,3016,5113,4965,5290
4760,0,5673,3591,6928,4457
7258,0,6397,8235,5669,7352
4467,4643,3234,6122,6068,0
8138,6240,7141,7380,7242,6265
5200,6619,4584,5240,6769,4585
4920,6846,5164,6080,6915,5539
0,5526,0,4414,3476,3193
2391,5192,4281,5488,3498,4260
6459,5409,5628,6682,5805,6456
7248,2597,6964,4932,0,5659
5396,4732,3708,4935,3865,5883
3462,4698,3199,0,0,3933
4896,4073,4216,5483,4919,3047
3654,5116,3991,0,4121,3420
6774,6753,7268,5938,6108,7076
0,0,4286,0,3599,6874
2872,3829,2259,4179,4359,2957
369,2119,1869,2716,1428,2704
0,0,8653,6506,8108,7040
4557,4127,4930,4515,6371,3475
7234,4518,5294,5948,5020,4029
4548,0,4998,6030,6204,4098
0,7451,5141,0,6450,7202
3210,5346,1714,3468,0,0
5531,1397,4495,2015,4550,5133
3748,3726,2534,2072,2446,3816
4544,3856,3809,1900,5335,2282
3304,1942,2555,5101,0,4815
4517,6710,4563,6461,5619,6639
4487,1861,4452,5278,3421,2959
3376,3737,4150,3815,4631,0
4049,5644,6548,5659,6120,5979
7334,7394,7272,6820,7973,6168
0,0,5243,7819,5652,5580
7138,5729,0,6896,7521,6851
6266,7061,6104,7228,4676,6162
0,2553,0,2483,2291,1923
4903,4386,4603,4477,5453,2476
5889,6694,5655,5256,6858,5169
3660,2330,5579,3486,3513,3139
0,3803,2757,3281,3419,1777
4576,5860,4053,5984,6093,4274
0,0,6608,6214,6235,6449
7458,5781,5929,7355,5047,5914
7825,6971,7657,6643,8814,6434
5752,0,4815,4690,6151,2752
0,6585,3931,5322,4545,2154
6133,6079,5743,5754,4771,6704
0,4073,3568,0,0,4930
5881,4712,4776,3302,5276,2744
4741,6157,5130,0,5305,3564
0,6153,7812,4859,4401,7348
7907,4345,4464,7019,5846,4611
3238,4871,4217,4900,3402,5389
4811,3364,3640,5395,3332,4998
2230,3508,4139,4324,1522,4299
0,3290,4402,2523,6932,3120
5087,4644,3116,4523,3714,2879
4344,3335,4963,0,4485,4570
5050,4216,3432,6658,3937,4409
1755,0,1453,2349,1820,2637
6155,5740,4224,6927,5756,5536
7887,4906,6906,5018,5849,5247
0,5946,5852,6897,6130,7231
0,3550,3917,6073,2994,3020
4352,3984,6207,4087,4422,5642
4021,4350,1505,5461,4182,5646
4001,3963,3416,3324,2259,4632
5164,4282,5780,5681,3505,3969
7657,6026,6389,0,5739,5510
6963,6100,4290,5986,0,5982
5214,5097,0,6936,5037,6394
5690,4653,3641,4595,7323,3380
6555,5190,5165,5669,6107,6695
4797,7525,0,7599,4878,6439
7096,5432,4936,0,6122,5638
5403,3646,4758,0,2400,5202
4376,4301,2909,0,3064,3412
7775,6715,0,7812,7221,0
4178,6312,3825,3943,0,6109
3515,4882,4251,3767,5526,3704
0,6914,7496,6944,8631,6859
2248,3729,5073,3981,4983,4647
0,4105,0,5723,4493,5488
5193,3368,5876,3509,4662,2962
4571,1649,4700,4663,2835,5451
2996,6912,5003,3979,5180,3984
2487,6297,1407,5457,4801,3494
0,5433,3868,6011,3573,0
5758,0,5793,4462,6025,4723
3885,5714,6279,3537,6635,6590
2303,5219,3060,5647,2054,5112
6590,3632,7737,3986,6544,3913
8257,4792,6741,7466,5984,5751
3814,3343,4746,4902,2998,5272
4040,5970,4212,0,4274,7097
6556,4414,4407,5475,0,0
8833,7312,8133,7860,7668,7003
3782,5747,4855,4210,6548,5118
4006,3564,5233,4525,3427,5250
5134,3462,3071,4947,3012,5302
4317,0,2653,5821,1666,4256
3105,2604,5263,2887,4290,4630
6250,7379,6175,7201,5841,7503
6449,0,6103,5920,4662,5806
5027,4841,5603,2384,4259,4370
4167,7321,4268,7543,4556,7412
6191,5414,0,6020,6993,6780
4409,6071,4163,5738,5617,3615
0,6443,7873,6555,6978,5725
3583,2900,4182,3136,2681,3356
6539,7565,0,0,6550,7203
5599,0,6203,6654,2771,0
2617,7681,0,6349,4355,6348
4673,6512,5482,5270,4992,4704
5261,3517,0,4413,2992,5177
0,3655,2778,0,3266,3401
2915,3629,4231,0,3907,3831
0,3738,4585,4725,2738,4859
4423,4140,4237,3335,5281,3522
4524,5767,4987,6390,6161,5186
4315,3315,5806,3817,4274,1813
6295,3301,5255,4563,5236,2197
2725,0,2564,2828,2917,3410
4753,5559,5716,6659,4642,5780
5496,3295,4406,3307,5399,3422
6242,6430,6195,6684,6972,6325
0,5768,4016,6347,3476,0
7535,6545,5609,6907,6426,6618
5244,2885,0,5270,4426,3831
4823,5846,4802,4412,5275,4964
3896,2027,5654,3344,3133,6514
5153,6496,8070,6039,0,6503
4885,3016,4264,4560,3988,3940
5283,2986,3823,3913,2912,1980
2142,0,1674,1651,2244,1821
6321,4581,5787,6264,5154,7360
4608,4066,0,0,4404,4628
5303,0,4613,5523,0,5295
6393,7030,0,5634,6923,6431
6599,5556,5683,8082,3934,5927
3990,3211,2575,4327,1458,2334
3866,3479,2744,3762,0,3403
4847,5094,2403,5613,3549,4333
7271,7342,6660,7114,6971,6354
2975,4239,4707,7471,2886,6988
6055,4930,0,5296,7919,0
3931,0,6497,5698,5657,5427
5805,5684,6573,4245,8114,5418
2504,3883,4359,3832,0,4381
1879,2693,2169,0,1752,3987
5152,1460,6099,4309,0,4432
3563,5693,5551,5456,0,4290
0,6964,7235,8629,0,6964
5258,4902,0,3724,6156,4118
4365,4940,3463,3616,3551,2233
4597,5596,4587,0,5358,5081
3627,3446,2704,4639,2025,3440
7478,5313,6283,5189,4975,5384
3988,5925,4747,3445,5838,0
6469,3637,6700,4143,6845,3897
3596,3778,0,3010,2380,2794
3139,3378,4338,3619,4224,3357
2961,7582,6926,5696,5370,7570
7859,5604,0,0,5701,0
2030,4407,5870,3492,1441,5874
6575,7627,6234,7016,7475,7636
3553,7217,3883,4653,6677,5768
7350,5598,0,7533,5543,6846
3638,3643,0,4505,4472,4841
4696,6002,4189,3321,6212,5233
4110,2707,5133,2463,4754,3758
5636,3199,4516,5530,4210,5712
5399,3802,3823,5113,4145,5024
2241,0,4750,3390,5665,4398
4828,6015,3632,5013,4992,4653
0,3158,4437,0,3771,4178
3697,0,3156,4736,4802,2328
2542,2605,3113,0,2226,0
3964,4946,3782,3239,5820,4216
5814,3860,6874,5629,3657,6730
8052,7493,7781,8309,7912,6891
5269,5491,6253,2890,7218,0
7873,7827,7719,0,7670,6748
6038,4363,5391,3872,3521,5550
4704,6815,4296,6157,4291,7283
4431,7724,5149,7362,5055,0
6740,2017,0,5657,4105,0
4780,4421,6597,5362,4883,0
5485,3127,5823,4735,5851,3461
0,7791,5831,0,7584,6514
2933,6232,4906,3113,5436,3857
2762,3758,4844,2439,3364,2618
5564,5764,6174,5948,3335,7031
5071,0,3557,4000,5593,3298
5496,4498,5737,4016,6759,0
4563,4714,4811,5873,5796,0
4738,3717,3936,0,5380,3211
2294,1718,2331,1651,0,1824
6014,3176,4621,5557,4251,3822
6000,0,5386,6241,5323,4725
4651,3975,6757,4887,4685,6139
7816,7911,7118,8093,8365,8224
3522,7247,5509,6715,4292,6468
4335,5423,3651,6896,6570,1720
4637,3732,5304,4398,4017,5133
4576,0,4653,6004,5641,6536
6779,6495,5718,4717,6408,5136
4087,4028,0,3461,5725,4797
4429,7048,5198,4723,6554,5401
4417,4532,5035,0,5583,0
6196,3689,5211,4127,6273,4827
5180,0,3930,4797,5186,4124
7593,0,6977,8301,7134,6965
6391,0,7502,6951,0,7138
2952,4924,4353,3183,0,4453
4343,7335,3675,4628,5726,4697
7996,6910,6641,0,7454,5892
4224,4132,3845,0,2919,7061
3567,4973,5522,0,3897,5631
2894,3802,3141,1568,3501,3438
3512,5655,6892,0,5808,6699
3665,0,4562,5545,5135,6976
6845,6178,7494,6433,7163,8003
4507,4460,4191,6503,0,5114
0,6390,4079,6232,5834,4603
4664,3658,3307,2665,4042,4340
5165,4579,4719,6845,4781,6215
4200,2485,1947,4672,1897,4396
2970,5245,4428,4742,6905,7223
2245,6697,4916,2659,8201,0
6807,7277,8018,7031,8291,7862
8105,4794,4189,4801,7200,2241
4869,4110,0,4863,6569,0
6864,5883,7398,7113,0,0
4891,2809,5503,3851,5223,0
5153,5428,5445,6025,6668,5557
5205,3894,7008,3289,5876,4823
4608,4959,5259,4519,3830,4356
0,6754,3209,6199,3127,0
3637,5901,3389,5668,2965,6269
5272,5415,6067,4967,5901,4828
5572,4376,5641,6709,4620,5869
3659,2679,3338,3000,4274,0
0,7192,5469,6025,4210,5401
5291,4941,5080,7306,4845,7208
4741,3533,3070,4090,3887,2158
2843,4916,4528,5014,3401,4979
4920,4895,4133,3823,6144,3217
3474,2319,3303,2866,3117,2899
5720,0,0,0,8095,5929
4270,5042,5188,4043,6535,1890
2863,4894,4857,3907,3752,3988
3278,4787,0,3863,3688,3218
2257,7057,4804,6391,5375,6374
3926,5109,6064,5932,3749,6708
4664,5410,5076,5219,5668,5792
1983,2471,2633,2414,2195,1880
0,3460,2936,3398,3036,3996
6115,3929,4894,5742,0,0
6172,5907,3999,5992,5647,0
4534,4632,4897,0,3909,6871
4342,3277,3380,4666,1942,3974
4475,4775,6905,5246,4968,5173
6460,5506,5000,7372,5352,6699
7321,4973,7087,4027,5953,5249
6886,2977,5669,5076,4403,3413
4180,5865,3369,4426,6323,0
0,7115,6024,0,7339,7370
5455,4805,4321,6853,0,6332
0,2898,4051,0,0,0
4684,4353,5013,2930,5707,2359
3131,3749,4141,3273,3538,0
4222,3752,3172,3459,4219,3851
2515,4784,0,4596,3996,5934
2783,5487,3106,3773,4159,3376
2609,3115,2813,2685,2180,3041
3707,5865,5032,2839,4340,5480
7105,7005,5499,6223,7364,5830
5537,4605,2166,6216,5014,0
3778,4338,3532,3654,6472,4616
5777,0,6152,4872,4109,3630
5964,6681,3621,5896,5563,0
2526,6860,3814,3338,5370,5311
2925,5452,4468,4840,4605,6972
0,6075,7150,4683,0,6072
5014,6117,2312,5386,6485,5263
6988,4470,6845,4920,4097,5537
0,7611,6342,0,3195,0
6427,4546,0,4261,0,0
1790,1914,2057,1121,3079,0
6309,4397,0,6366,4781,5877
5157,4947,5693,5115,6733,5522
5828,6587,6306,0,6042,6517
5472,0,6897,6036,5914,5482
6452,6677,7820,6521,6794,8024
6523,4759,6434,4794,6563,5302
5657,5853,5874,6856,5029,7354
7019,6469,7981,4358,8159,6685
3933,3356,5019,0,3078,0
4156,5180,4737,3260,4571,3627
7103,7222,7001,7165,0,7733
0,3820,2996,3953,3007,2809
4587,0,5535,6536,4907,6818
5508,3802,6054,4000,5514,0
0,5092,3808,3467,5818,3563
1630,4000,3618,3912,4037,4280
3589,4595,4089,3319,6132,4702
5821,5172,5075,4742,3687,3963
1242,2901,2552,2080,3515,1897
6787,0,6826,6824,4879,5375
5095,4247,4986,3320,0,4271
2603,2852,3130,2755,3821,2333
5745,2608,6889,4169,5380,3964
6422,5301,5447,4360,6065,3085
6645,6893,5343,5757,7476,0
6342,4713,3110,0,4907,5045
2172,4799,2818,3057,5149,4280
6317,0,5064,3069,4742,4553
7490,5203,6099,0,6555,5378
6326,4523,5131,4796,0,3266
3467,3464,3714,2571,4019,2620
2322,3823,3187,4543,3227,3443
5114,4413,4896,5783,4097,6325
5095,4395,3638,6827,5660,6362
3802,3296,2724,3736,1918,4024
3876,4663,4495,3612,5784,2906
3497,4119,0,0,3219,6564
4543,3525,4213,4758,4847,1679
5751,4934,5580,0,4254,6101
5447,6318,4164,5785,0,0
5003,8038,0,5905,5709,6091
4852,5597,5989,0,0,5831
5854,4618,5563,5569,6000,5557
6463,6077,0,6795,7622,6425
1976,4244,2310,2600,0,2494
5483,5392,5614,0,5684,7264
1997,4146,3865,7524,785,0
5452,2453,7230,2087,0,6455
2756,1831,2112,1227,2196,1511
5006,7602,5237,6650,5320,6053
4171,3144,3290,3332,0,2227
6364,5641,6937,5689,6884,6130
6198,6838,7308,6568,6478,5711
4999,5545,5184,5369,5595,5227
4476,5093,4318,4596,3861,5462
6118,2553,5563,0,7103,4729
4643,6329,6319,0,5797,6831
5120,8624,5349,7113,6403,6851
4807,0,5231,0,4914,5837
6324,4860,5485,6854,4965,5730
3702,2962,3676,3375,3805,3182
3060,5806,2899,4741,4551,3346
7309,6489,6657,0,5260,5819
4537,4625,3248,4817,5491,4700
5501,0,3484,5253,0,3198
4885,6912,2259,5816,6177,3061
3312,5235,4152,0,4237,7038
4482,8138,2520,6198,6249,2612
6361,5854,4847,5013,7074,6294
5923,0,4985,5281,0,6161
5707,4382,3554,6303,5031,0
3837,5492,4331,4331,4633,5004
3586,3655,3666,2917,4115,2158
0,3812,7066,4332,3513,4987
3973,4697,3365,3643,1784,3237
2782,2966,2628,2725,2361,3003
6139,4251,3590,6092,5259,4498
7112,4783,4952,5960,5007,3123
4480,6807,6946,2079,5734,4683
6687,4738,4471,4889,0,0
0,0,5354,4769,6994,0
3488,5006,0,4401,4254,3916
0,4984,2921,2778,3903,2861
4026,5331,4660,6119,1283,6025
0,3750,7017,3935,5498,6845
2526,3180,4012,2519,4294,4479
6954,6379,6400,6653,7388,0
6764,3734,4627,6692,6343,4472
5524,4094,4401,0,2264,5587
5067,4676,2775,4626,2973,3776
4771,5200,6106,0,4997,3545
6067,5602,7591,5279,5875,7934
7745,7434,5292,6968,7533,5699
2339,2560,3707,2925,4586,2337
4234,5929,4227,5696,4201,5586
4400,4884,3647,3992,5052,0
6353,7267,6456,6437,6501,6009
0,7740,5575,5802,6300,6939
4186,4165,3920,4243,2996,0
4500,3379,3710,3972,5543,1547
6626,6059,3698,4442,6194,3646
2624,2541,3364,2477,2785,0
6597,7653,5013,8370,6812,0
3333,0,2481,4565,3535,4330
7718,7680,6664,5920,8583,6711
0,6544,6759,5529,5391,5836
0,3159,5863,2176,5298,4722
7546,6694,7140,0,7010,7471
5680,5119,5444,4060,5844,0
7061,4583,7356,6197,6953,0
7152,4751,6422,0,0,5954
6404,6687,6626,0,7130,0
5114,6151,7248,4804,8339,5886
7018,0,7565,5792,7395,7205
6458,0,6766,4847,1046,5954
7340,5848,6467,6293,6077,6404
7012,4932,7538,0,7706,6068
3196,3277,3684,3702,0,4287
4012,2978,3559,5440,3272,4924
3827,7240,3899,4811,6071,0
5262,3887,4829,5485,6329,3347
6290,5602,6905,0,6103,7158
4588,4701,0,6136,0,4677
4697,4170,5759,4211,5328,0
0,6692,8468,4916,6032,6158
0,0,4662,5779,6213,6246
6041,5300,0,4846,0,2765
7208,3255,0,5513,5030,4550
7713,5972,7100,6767,8305,5887
4455,2320,5535,4512,0,6957
4368,1551,4751,2979,3244,4750
0,7109,5506,4479,6497,6511
2917,4069,0,2178,3737,3139
2562,3717,4500,5786,4791,5825
4777,5976,6540,5944,6145,7597
7299,6908,0,5946,6240,5792
0,4624,2754,4899,5014,0
4865,5547,3875,5709,0,5514
4392,4448,3929,4007,3906,3267
5530,4005,6151,4030,4921,5287
6226,6385,7227,6514,5907,6839
5644,3467,6314,0,4912,4983
8335,7679,7346,7336,8129,7719
5156,3183,4031,5206,4255,3933
8127,4462,5730,6663,5346,4865
2595,1988,0,2017,0,2488
4004,4485,4314,2885,6291,3285
4604,3780,4010,4178,4276,2831
5574,4072,4573,4938,5027,4903
2779,5225,2350,2857,3654,3209
5635,5906,5685,7303,6047,6179
6111,3744,6369,6544,5446,5106
5356,3974,5197,4357,6068,4283
6984,0,0,5488,8575,0
3589,3443,0,3617,4078,1382
4041,6735,4477,5748,6565,4548
7749,5346,7609,6654,6522,7219
7274,4031,4047,4844,4521,3753
4413,3501,3958,2408,5120,4584
4928,4305,6411,3768,5205,4407
2869,1929,3975,3006,4007,0
5367,5383,3763,6450,6264,2993
2738,2759,3407,3058,2808,3369
0,4758,6521,4390,5161,6116
7398,3969,5767,6509,5140,6698
6683,6223,6901,5771,7131,5295
0,5722,3436,7383,5212,0
5516,3231,4778,3630,0,3573
6673,5199,6230,5026,6433,4497
3540,5507,3472,0,6415,5374
7143,6018,4861,6152,7230,3713
4598,1081,4860,2521,3580,4603
7858,0,5061,5593,6242,3327
5177,2922,3763,5562,4085,3752
5486,0,4889,5022,7405,3292
6397,6756,3753,7762,3516,5760
3228,1758,3566,3408,2113,3744
5411,4389,4283,3668,3985,0
6442,6589,6235,0,6127,4945
4007,6497,2630,6099,0,0
6426,6051,8249,0,6145,6040
4873,4922,0,4211,4649,5636
3504,2322,0,0,3156,4680
5674,4206,4007,3637,3362,4442
6699,4377,6801,5924,6463,4199
3990,4699,4107,3170,3244,4015
3050,3623,4416,4540,5396,6044
3419,4837,2243,0,4732,0
7600,0,0,0,3599,4802
6581,6178,7312,6173,5305,5976
3041,4258,4198,3601,2323,5115
7124,5835,6291,6153,5760,6054
3850,3221,3883,2289,2991,3614
4501,2713,0,4530,3780,0
3487,2546,4342,2830,3467,0
4466,4804,0,0,4568,5185
0,4668,3118,4810,2234,3112
2059,6184,4480,3644,0,5417
4772,5395,2866,4395,4743,2724
2968,2497,3187,3337,2872,3868
5290,4499,5284,0,3849,5254
6286,0,6754,6378,3066,7029
2664,3625,4833,0,0,5114
4003,4513,5660,3200,4829,5154
6414,4959,5447,6506,3904,6006
6743,5731,0,6758,5357,7627
5012,3542,0,2744,4759,6328
4142,7502,3455,5311,6715,3878
6668,5079,5595,5293,2783,4928
2853,5059,4384,4696,4606,3366
7224,7863,6844,7605,0,7886
2787,3219,3085,2986,3306,2951
6858,7357,6589,6491,7126,8446
4361,2485,4510,3406,5553,3886
6631,5472,6968,6956,0,6538
5727,1729,7503,5554,3676,0
4511,5150,0,0,5796,3238
5958,4256,5072,5365,5380,5279
7402,6498,0,0,0,6775
5895,4075,0,5704,3202,5194
5586,3994,7150,2833,4348,4748
5233,3671,4962,6761,2066,0
2500,4336,4966,4276,2971,6074
6349,5855,7360,5518,6027,7332
2823,7328,3410,4319,4351,7463
6095,5047,5201,4409,0,4795
4635,2582,3176,3597,4606,2008
3118,6320,4536,5772,5293,0
2557,0,3197,3450,1924,0
7068,0,7686,3949,7244,6410
3312,4100,6436,4379,0,3461
6427,6843,6902,7472,6985,7246
5192,5381,4182,6319,0,5440
3877,5678,3179,3547,3947,4097
5933,5933,6029,5208,6791,5917
3737,3995,0,3364,4627,0
5284,6855,1389,8472,2124,6169
7751,5048,0,0,5931,7421
0,4603,4513,3327,6478,3140
5306,6494,5012,7268,5924,7761
0,7047,6631,6232,6280,6483
0,5344,6532,3427,3782,5441
7160,5824,6439,0,5326,5651
5033,3594,3821,3749,4878,4518
4955,4904,6814,3685,3495,6832
5602,5272,3901,0,4622,4772
7128,7119,0,0,7319,0
3332,5417,5583,5397,4861,5649
6726,6492,6641,6155,6655,6374
4316,2676,2243,4307,3182,0
4666,5938,4589,5379,5238,0
6458,7379,5226,0,5535,7088
7048,2544,3266,7113,0,4149
4525,0,6802,0,5260,6606
4397,3829,0,5693,4660,6737
6601,4909,0,5830,7537,6313
0,6090,0,7315,5211,6546
6443,8120,8185,5367,0,0
5081,6012,5379,3537,4359,5039
6252,5869,5893,4457,5568,5511
5163,6172,3731,5875,0,4208
4868,5790,5472,7079,4890,6985
6133,0,6406,6968,8274,6339
0,7184,6307,4839,7784,5908
5617,0,0,6328,0,6845
3246,2303,3988,0,3439,3368
5605,5617,5433,3810,4393,3981
2742,5018,4098,0,5322,5396
4188,3518,4485,3676,3788,0
4696,6353,6879,3960,6125,6101
5205,7368,6004,6619,0,6974
5951,0,5466,3668,5253,4882
7315,3658,7442,5237,7930,3459
3107,6704,3597,4978,4171,5293
5046,8044,0,6209,0,6792
2912,0,3242,2405,1369,3060
6783,4804,5180,5829,5945,5600
3163,3106,3344,3543,5001,3298
0,0,0,4095,4347,4048
3440,1976,0,1149,3440,0
6495,5024,5801,6003,5702,6328
0,3431,4453,2591,4224,4144
5487,5466,5298,7310,5205,7367
6666,4598,3950,7019,1404,6338
0,3050,0,5334,3592,5113
6001,6203,5805,6043,4068,5865
7502,0,7175,6537,0,6635
0,7457,5895,5547,7389,5797
2668,0,3253,2867,5648,5924
7657,3697,5436,6202,3558,3917
5090,6719,5138,5981,6207,0
3853,5106,4043,3006,0,2802
4369,1901,5989,5944,3077,5983
2669,5888,2660,6595,2179,5542
6347,6789,6386,6402,5785,7282
6182,5190,6898,5302,6132,5219
0,4992,6403,4839,6442,4153
0,2854,0,2933,2859,3297
5500,0,0,6592,4416,6064
2918,3423,4292,3315,3584,3850
5107,6302,3333,5152,4366,3896
7153,6520,4794,5290,6066,4986
6779,7083,0,7673,7127,7277
5933,3746,7114,0,5993,2796
6373,7386,5553,7842,6792,7017
6312,5109,5133,6105,5234,6643
5969,7487,6918,8002,5985,7525
5359,0,0,6028,4893,3108
4859,3828,4298,4885,5654,2898
4023,2559,4260,4253,2623,3918
4931,4069,4728,3754,4396,3776
6083,0,6048,6504,5449,7221
2054,3543,2422,2750,2660,2836
5562,3081,5429,0,5267,0
2390,6166,4665,2956,4799,0
2822,2112,1655,2517,0,2768
5638,4631,5282,5435,6600,0
1806,3518,2951,3023,0,3161
5610,5581,5988,7380,6354,4825
3346,4786,0,5201,3814,4548
4959,6552,6222,6504,5027,6370
7402,7171,6590,5850,0,5797
0,3212,4364,6262,4142,5778
0,4070,6811,3842,5126,2969
4900,3470,5238,5952,3189,6437
3985,2799,3226,2800,3708,4127
3801,4755,4600,4485,5523,0
4762,5940,0,4353,5109,4742
8526,8670,8309,8508,8671,8558
2642,4476,0,0,2899,4539
7133,4160,5462,2714,0,5090
5224,5429,5980,6472,4836,6873
2565,0,5722,2335,4378,5282
4525,3692,5437,2999,3154,4933
5519,6102,5318,6098,3593,0
5200,7673,7361,7455,6298,8546
6421,7616,3828,7596,6373,6149
0,0,5409,4070,5053,4327
7797,5367,0,6198,6092,6171
2175,0,3280,2696,2602,3741
0,4796,7140,4049,6897,3993
2634,3626,3077,2545,2841,4308
4252,5809,5479,4669,5784,0
2568,5261,0,5205,5657,0
5028,5041,4409,4592,2668,3955
5084,0,5358,5541,5515,4861
4948,5186,5762,4718,0,4418
6196,4942,5454,5816,6499,6181
5860,5423,0,6965,6264,6485
3368,4849,6118,1180,5323,3147
5726,6966,0,6781,6683,6976
3900,4123,3736,5288,5325,5787
2638,4680,5888,5080,6868,6010
0,0,5143,6069,2840,6817
5490,5607,3292,4033,5249,6880
4709,2648,6114,3658,3141,4054
1987,2704,3221,2000,2504,3390
2433,5803,4506,0,0,6365
5136,5461,6826,5112,6652,4562
4831,0,4654,4630,6788,4352
0,7886,0,5758,6767,8230
5854,5536,5229,0,5803,7413
7469,7084,7628,5648,7044,7028
5580,6698,6738,0,6533,6875
5668,4064,5458,0,4452,4000
5919,0,5687,5020,5141,4385
7503,7420,6933,8808,7332,7839
5013,3667,3602,3229,0,3842
4718,5792,0,6857,4072,0
0,6767,3931,5927,3574,5666
4519,7192,4036,7842,1899,5046
5629,8995,6147,0,7385,6443
5215,4308,4378,4183,5454,4900
2958,3570,3484,4639,2935,4108
2969,3389,0,3073,1819,0
4629,2599,4508,1879,3968,3236
4140,0,4698,4244,6588,4048
8334,6650,7429,7144,8199,7005
4067,0,4397,5754,4248,6553
3561,3457,3501,1818,4174,3446
7371,6319,7675,6246,6469,7078
0,6393,5615,5644,6792,3436
8489,6470,7944,5666,8734,4615
6270,6246,4330,4295,3890,0
0,3467,4005,4073,0,0
5317,2311,6338,2759,4730,3456
0,4168,4168,3520,4633,3335
6583,7515,5037,6724,5473,5133
6148,4221,5282,5079,6367,5242
3653,2229,4405,2777,3021,2750
4632,4620,4998,3347,5150,5451
0,5044,5225,5485,5094,6130
4940,6196,4734,5278,6123,6002
6766,6505,6261,4779,0,4699
7510,5417,4262,6251,7254,991
2991,5039,4599,3625,4052,5240
6711,4931,4338,7252,5010,6117
5688,4391,5723,5188,4152,6170
4773,3419,4401,4603,4962,2402
4343,3849,5482,3705,5040,4578
4695,3428,3497,0,4057,0
7095,4229,0,5026,6683,3806
4631,5861,4025,5251,4867,5393
4831,6467,4272,5636,4935,0
4598,3800,2686,0,5830,2975
8017,8078,8542,7669,8907,8686
7239,5518,7140,6921,6675,6815
3782,5632,4834,0,6092,5146
6617,4467,0,4730,5653,4768
6200,7599,6384,7382,6011,7742
7080,4623,3297,5786,5395,5107
2709,3544,1150,3275,2926,0
0,2731,4863,2941,3730,6136
7024,0,6517,7519,6620,6966
6128,5189,6549,4113,5782,5155
5449,5345,4158,3491,4840,4094
6291,5578,6361,0,5862,5009
7739,6052,7441,5256,0,7415
8333,7860,8041,8816,7514,7978
0,4653,5836,4610,4981,5173
5091,5050,4477,3268,5940,3016
2669,4512,4787,4598,3667,4812
5592,5170,7126,5783,0,6750
5321,4265,7545,5713,4296,4875
2958,3026,0,0,2956,3873
4769,4186,3558,3022,4286,4606
3741,4217,0,4982,5693,6947
8420,7529,7670,7841,7930,7529
7259,4502,3750,7602,5398,4112
1940,4165,3072,0,2553,4017
2055,3481,4219,3627,0,5136
4265,3305,5401,4434,2671,4353
5976,7695,5578,6277,6085,0
5577,5476,6041,4242,5978,6255
6082,6312,6141,0,0,7577
4268,4243,2063,2954,3720,1748
0,5088,5675,3067,0,7045
0,7396,5874,4480,4371,5143
3727,7078,2879,5990,4560,6287
4005,1577,3402,2263,3019,2080
4092,7505,4238,5745,4158,7330
3067,4891,6124,3314,5674,0
2779,5027,2651,0,4279,2562
5559,7723,5219,0,0,6738
4242,3558,1557,0,4257,2733
2603,6279,2490,5141,4319,5736
3854,3706,3696,4953,1944,0
7280,7401,6948,7522,6815,7881
4728,0,3959,2982,3161,3099
6704,3972,5932,0,4673,0
2639,3796,2964,2509,3287,3193
6436,3921,6486,0,6368,6630
5824,5097,5455,5186,6348,5185
5153,5889,6987,5451,6641,6090
6552,5013,8026,0,5817,6883
3075,3687,5677,3474,4318,4562
6823,8450,6876,6831,7503,7465
4606,4179,4300,5359,2969,3508
3403,0,4440,4656,4423,0
2761,5241,3785,2940,4020,0
8539,0,7121,0,6390,5530
0,7614,8608,5685,8204,7876
6626,5101,7113,6156,4480,7551
0,5543,5035,6938,4753,7214
4410,3266,5151,4279,3926,5272
4518,6213,4821,5484,4334,5869
5758,0,4651,5348,5125,5964
5758,4519,6044,4954,5886,2510
4763,5431,4447,5704,3211,5180
7171,5413,2770,8593,4766,5508
0,5672,4704,3824,6455,3571
4864,6910,4716,7280,4419,0
3701,4230,4386,4060,0,4340
6108,3540,3797,6581,6122,3986
2916,2538,3876,2157,2896,2231
3304,3416,2495,3016,4315,2891
6622,4277,6835,5647,5315,3641
2697,5217,3319,0,4211,4231
0,5568,4806,6852,4302,4341
3434,4267,4513,5937,4124,6812
5785,5282,4788,5681,0,5557
5759,5848,6778,6264,5432,6739
8063,4598,5824,7843,4997,4682
0,6176,7767,6493,5205,6697
5724,0,6811,0,5941,6876
3987,5476,4031,5791,5401,2244
5017,3506,3987,4405,4087,2449
4421,2711,3848,4957,3371,5474
4894,4653,4269,3874,5914,3415
0,5773,6042,4534,6879,5070
6708,7137,5657,7028,5945,5177
3615,5189,2755,3121,3711,3883
3867,4304,2667,5034,2024,3688
4234,0,2180,6906,0,3572
4564,3042,3500,4885,3534,0
4936,5536,3756,6029,6252,7433
5325,4192,4051,3769,4230,3084
7855,8420,7203,0,8278,8206
6363,6593,6320,7618,5919,5527
5585,3697,5656,3164,6184,4226
3638,3339,6392,4478,0,5915
4123,5671,5490,4535,3998,0
6598,5273,4632,6168,6535,0
5047,5864,3829,5399,4298,3339
4473,3658,2855,4654,2440,3584
8020,7395,8453,7625,7230,7328
4389,4878,4658,0,3019,5599
0,4750,5238,3282,5489,4872
4309,5304,5499,1519,6219,6489
3819,3358,3489,4719,3027,3976
5143,4596,4674,3899,4668,3555
3408,5974,2463,6283,3809,4057
4864,4228,4046,4543,5071,4117
7502,7133,6343,6819,7838,7163
5414,5859,4888,8243,5175,6429
7471,6828,6001,6351,0,6275
2338,4506,0,4457,3502,4384
5486,6563,5170,6406,5547,5991
0,6110,4319,4010,6124,4401
7832,4714,6307,0,3299,4105
5607,0,5610,6384,5529,0
3258,5975,5350,0,3323,4648
2249,3069,3278,4907,2762,3957
5768,3646,7233,0,0,5061
5673,3887,0,5322,4331,4481
3865,3548,2800,2236,3979,0
3325,5729,3720,5092,2554,0
6412,0,6009,5397,6926,4861
5239,6767,5469,6782,0,6510
3597,5346,3733,5439,5175,5507
4473,4353,4962,0,5229,3425
7559,7252,0,0,7805,7244
3533,4618,3935,4637,4147,3696
6466,5944,6138,5375,0,4679
3459,0,3088,5001,4280,2961
3283,3120,2040,3637,0,4227
4117,2150,3536,3642,2636,3771
3939,4490,2336,4088,2854,4588
3664,5903,4103,6482,2673,7162
5844,5567,0,0,4761,6182
4981,4717,8125,0,0,5630
4125,5579,5084,4794,6153,5643
5874,4918,5325,5176,4468,7663
0,5267,3506,7691,4763,6499
6289,3528,4676,4646,5212,0
2355,3195,0,4329,3067,4277
4791,3786,4533,3887,3663,4855
0,3442,3488,1643,5100,1589
0,5882,4749,5436,6163,5307
5201,4175,3616,5306,4797,4904
2762,5563,5259,6008,2805,5324
5931,3086,4446,4065,4922,3552
7128,7640,8131,7271,7389,8451
6267,6788,6307,5504,5094,5145
0,5077,4754,4606,4888,3271
6051,5807,7215,5203,6034,4940
3226,2375,4506,3846,0,4974
6941,8024,6464,6827,7545,7458
6878,5467,0,6620,5158,6643
3115,3475,3604,3337,3131,3275
4164,5732,3486,4558,5827,0
7758,6070,8332,5982,0,5328
0,3406,4681,5083,3001,0
4299,5268,6295,4103,4454,6570
6622,4972,4438,6489,5335,5122
5637,3810,6445,4340,4055,5579
2919,3596,4102,2850,4729,4458
5006,4159,7588,3931,4695,3837
4234,0,6480,3260,5330,5921
5231,5479,5592,3724,6921,4681
5216,4900,5254,5493,6111,5536
4566,2745,3766,3907,4962,4124
6389,6379,7425,7985,0,6580
