5000 4
3548,2191,0,386
0,182,0,56
2134,805,0,300
986,0,133,91
3124,0,281,0
1777,714,389,94
602,158,213,94
1818,713,93,249
1812,548,499,148
717,438,146,56
0,117,36,52
3100,1775,289,305
693,229,65,54
2942,1668,388,239
1642,565,230,227
913,388,166,80
1075,0,252,76
436,199,46,40
989,247,93,123
947,324,293,86
930,281,339,54
2910,1234,219,663
515,140,122,37
2831,799,0,189
427,148,135,27
0,585,304,279
3338,0,536,0
0,0,54,14
326,101,40,23
1528,766,223,79
0,0,267,355
3061,2076,250,427
549,132,40,69
1822,899,222,259
223,90,43,28
2538,909,522,379
1051,426,175,102
1291,405,522,73
2287,1130,515,284
1718,495,324,0
1304,449,326,142
298,85,31,18
1592,559,552,73
2091,1010,383,110
830,189,43,0
573,141,124,25
701,0,217,43
340,0,106,25
0,1119,1055,299
3047,1822,1074,343
327,0,33,51
845,216,244,25
1642,320,598,68
698,287,170,48
1627,455,0,230
112,48,25,3
2903,2107,374,396
1782,863,228,167
680,361,122,46
538,244,181,20
0,2261,1117,170
1910,0,139,241
2056,511,361,94
516,311,146,24
1555,680,206,148
0,1218,864,0
1194,0,121,110
946,0,284,65
0,1250,276,305
281,0,74,14
1517,609,494,89
1748,943,345,162
2386,728,703,183
2339,1134,0,469
591,186,177,37
170,62,56,8
0,878,515,136
540,186,103,47
2574,1684,353,192
547,164,155,45
2003,0,222,0
0,0,25,13
2860,1018,556,149
2670,1338,306,265
458,197,125,25
0,785,310,323
0,807,878,165
1489,765,313,0
499,128,76,33
2863,1142,377,548
2549,1381,0,331
2920,1423,202,0
1405,433,397,71
1356,425,380,67
400,0,147,19
1216,494,397,38
1708,0,103,303
400,168,136,14
967,629,116,206
1232,0,170,138
0,1488,351,448
0,0,115,163
2513,1269,344,182
1055,317,46,236
606,162,29,127
449,0,17,0
1376,299,244,75
1074,319,0,112
340,114,26,35
121,30,14,8
2353,1260,278,372
2011,1093,247,319
719,226,0,40
2239,1021,553,159
1776,769,179,176
2205,865,592,153
1400,677,137,181
3222,1499,286,610
0,27,18,0
415,87,0,31
307,0,94,27
1101,447,254,99
1888,826,572,115
1378,322,0,79
0,1686,0,336
1690,0,164,171
2869,1681,292,248
2427,1044,677,132
2481,1071,235,433
2691,882,329,381
952,381,161,76
157,69,41,5
2820,1453,315,213
0,520,441,182
2632,1329,958,296
2859,1563,726,442
903,356,321,54
1077,426,237,0
666,327,59,45
270,90,62,10
137,0,23,14
277,79,47,16
1469,604,0,170
1962,475,269,230
1766,676,491,137
3204,1675,465,474
0,533,247,43
2797,821,689,163
424,196,61,19
1393,722,204,170
2668,1630,219,0
2280,0,478,163
280,0,109,16
2089,588,139,0
0,759,946,173
702,283,80,79
0,1573,0,432
897,325,275,88
1026,346,0,120
2529,1525,0,137
467,126,0,0
568,96,104,38
775,174,67,93
2285,0,600,136
1731,887,366,66
1439,364,574,67
2540,1290,501,240
508,0,66,0
2086,778,697,152
1424,517,137,162
121,80,36,6
754,151,140,41
1801,0,631,108
1430,523,0,158
2279,415,0,97
139,65,31,7
2401,1342,385,102
2147,953,363,133
3539,2831,1155,179
1853,709,119,255
2132,888,385,156
753,380,0,45
1529,578,187,156
2177,634,214,397
1995,883,191,201
889,319,88,101
2814,1633,327,270
1066,282,330,83
1055,279,0,82
1141,539,123,153
2709,1137,260,403
72,48,12,4
1269,0,329,93
2688,0,940,186
1531,612,155,0
2563,941,0,259
1755,411,0,119
483,152,107,19
1578,463,380,130
2191,1138,284,198
995,442,301,40
2787,1015,585,121
754,424,152,0
1055,0,115,109
2592,1680,273,0
2636,1302,0,229
538,283,30,0
3001,1456,0,534
2590,1161,238,281
2129,851,642,93
447,173,55,49
1668,721,246,0
1983,0,181,225
2756,632,904,0
0,119,0,30
2843,0,278,223
0,1050,328,403
851,366,262,101
3122,1353,239,226
2519,602,812,127
674,175,197,43
2056,557,0,499
1347,615,346,51
2554,889,490,129
1338,258,104,260
214,99,35,22
214,88,55,0
3220,1502,311,0
3162,1778,877,287
1040,371,456,95
1131,627,179,78
526,148,43,71
1259,377,126,0
1686,607,456,84
271,85,92,15
2656,1519,727,450
704,0,0,73
2388,1119,214,357
1503,555,368,102
1026,418,88,90
3122,1701,496,496
255,97,0,45
1449,503,267,173
76,19,14,3
1586,543,176,158
1772,732,0,225
163,56,29,9
0,648,792,283
275,96,71,16
2709,914,0,247
1646,700,294,157
1468,633,125,246
2516,1757,317,207
2647,0,742,180
279,72,73,13
1282,658,132,122
1589,600,137,218
1850,491,419,87
319,90,100,0
3101,1479,1246,325
172,31,45,4
866,300,225,46
408,174,148,31
411,160,84,0
165,90,49,3
339,191,27,0
1207,502,349,83
2351,1660,660,150
1850,744,332,185
268,0,70,19
2198,685,291,0
2427,0,400,351
1121,590,125,104
0,689,180,171
540,0,117,17
324,152,0,0
2332,764,552,115
504,210,60,27
0,164,63,0
278,81,16,28
1145,431,187,67
1411,485,497,115
1360,475,479,105
153,126,30,16
1144,479,209,46
2975,1585,878,121
1527,496,511,126
351,192,41,26
1891,0,0,306
2558,1375,300,214
364,81,77,25
1461,480,343,105
1346,677,0,59
1549,744,0,122
2390,1239,0,130
2150,821,357,146
1346,527,0,155
93,20,25,0
85,17,25,3
882,324,234,44
2335,1032,787,155
2363,1366,746,217
853,250,99,76
1570,655,0,0
1421,309,453,59
2823,0,510,145
2373,1604,300,332
1631,0,212,118
3328,2427,965,0
1019,0,135,68
1134,0,110,107
2610,1172,390,205
313,137,97,19
174,73,52,10
0,64,45,9
1418,410,151,222
1105,720,115,108
2042,830,516,82
3039,1129,662,216
2889,1574,273,304
311,139,32,39
0,0,209,596
650,0,45,0
136,38,28,0
2557,0,168,0
1326,0,381,90
687,240,44,193
1049,0,0,75
1943,653,187,122
2055,919,557,113
1961,1232,345,107
2913,1443,358,341
185,71,41,8
1976,876,554,127
930,487,240,62
1046,0,314,65
2662,866,1025,203
2809,0,893,97
2793,1641,376,362
1602,576,449,58
1114,408,161,128
1051,507,145,53
136,77,36,3
1393,346,415,94
1091,619,229,50
0,750,1036,404
0,747,137,140
2026,818,186,146
3026,957,410,500
1340,603,389,119
0,1149,0,0
0,823,681,220
492,123,165,20
2776,1065,365,661
995,213,66,0
249,0,38,19
284,102,38,30
2716,1461,720,167
1728,903,159,0
1935,1039,360,107
870,0,288,31
700,170,56,112
195,83,90,7
3016,2152,1090,319
2482,1139,251,405
164,66,0,0
1114,614,0,50
1354,476,401,60
1224,0,130,175
2904,1723,422,475
2442,687,641,109
2639,0,273,356
162,85,27,8
1516,678,143,275
3021,1818,0,338
1027,288,103,0
1487,647,123,228
596,282,59,0
1405,441,236,0
322,60,90,12
608,0,66,62
1438,0,96,240
1112,486,0,125
875,390,0,104
49,0,0,1
864,157,234,30
2487,913,168,295
2037,1062,195,271
1451,634,126,148
752,296,0,47
165,81,29,20
700,239,218,33
1772,689,372,148
2688,1790,0,133
359,154,34,56
1338,490,361,0
949,321,144,104
2940,1770,695,306
1165,463,329,49
598,253,112,27
0,0,72,20
2705,1895,0,238
630,207,0,26
0,397,297,57
0,744,201,170
1639,634,293,124
996,347,186,69
0,450,177,46
1306,527,178,68
945,361,261,63
1481,1006,154,93
1568,518,124,386
2453,1176,253,253
2224,1119,210,313
317,131,34,37
1745,968,129,155
2081,321,564,98
2507,1765,696,177
1059,565,186,55
0,732,266,163
2847,1400,0,195
1239,435,284,48
877,360,194,46
1065,344,296,80
0,65,51,0
2936,1705,879,229
480,174,47,39
1513,852,494,62
555,159,154,31
2446,1616,745,214
562,177,63,44
1025,401,210,33
1174,433,198,48
2531,911,219,463
2863,1599,899,229
2506,1083,0,0
0,2273,374,392
0,1861,926,205
767,474,264,65
2769,0,911,302
1492,0,389,67
230,146,75,6
137,86,49,0
1262,0,341,86
2084,477,0,181
2119,1043,204,0
1949,853,449,119
0,188,142,18
119,64,34,4
1384,0,543,74
2694,1280,687,223
996,256,236,41
111,49,13,15
176,0,11,10
1645,848,518,69
2190,800,0,107
1051,403,223,85
1959,0,606,132
1597,850,181,180
1464,599,439,43
789,287,208,30
2880,1557,0,328
3094,1698,457,441
1685,759,0,160
2005,1071,234,238
551,231,146,21
0,404,97,117
526,269,71,0
1680,835,188,172
1249,638,236,118
2488,1227,238,320
1548,301,211,288
1751,665,387,103
1075,304,0,39
241,112,18,25
997,268,374,83
3130,1753,684,172
1937,765,202,247
1535,599,117,120
1425,444,184,67
2398,737,460,117
678,229,0,141
171,83,33,6
170,54,69,11
0,711,428,53
152,59,24,2
1505,652,404,0
2743,1248,506,227
0,109,41,35
2642,1238,824,169
1552,526,258,171
2579,1343,578,211
867,224,0,132
2481,0,193,0
2717,1509,231,0
0,616,253,142
986,293,81,142
1421,612,98,232
1317,493,265,101
1085,496,83,196
409,174,33,68
3024,1898,449,446
285,74,93,22
2256,1088,212,300
227,56,59,44
1149,463,288,71
363,102,19,48
1876,1118,0,175
1481,666,257,0
1965,1192,188,240
0,549,303,105
2547,686,249,391
733,323,208,0
1653,636,174,0
835,246,116,66
2906,1230,844,0
453,196,143,0
1935,874,121,294
154,84,27,8
948,609,216,65
1985,0,0,188
2590,1959,484,273
1722,820,555,85
0,0,97,0
0,136,49,0
274,106,27,66
0,0,30,5
1993,863,582,112
2203,1623,511,141
119,53,10,28
251,89,46,17
155,49,29,12
2405,1262,0,85
723,370,180,29
1327,372,420,80
1552,790,395,129
2582,861,268,381
887,271,250,129
1664,825,209,209
2050,1191,212,306
827,0,107,72
85,43,14,9
947,441,79,78
1017,345,250,83
250,0,55,10
1132,476,304,66
1261,502,194,145
2797,1322,332,328
343,163,50,37
2315,0,0,406
2530,0,231,427
1220,0,338,49
2884,1361,294,0
2283,1123,188,193
854,123,240,38
2851,1746,830,304
2118,973,421,112
1299,523,155,130
38,6,5,7
2765,1557,847,0
0,1484,738,267
0,1088,636,252
1636,434,570,92
66,26,14,2
0,511,0,145
2869,1672,773,268
2155,1215,0,161
1759,1066,460,71
0,195,91,50
926,345,301,41
57,24,10,3
1928,0,254,305
112,30,26,9
566,179,119,35
2933,1017,255,768
2041,1352,0,335
851,269,75,90
1213,528,379,68
1760,0,148,292
1683,676,416,84
1977,691,289,0
873,442,188,45
1277,475,372,58
2416,1178,537,241
1819,0,297,174
110,16,21,7
2369,1354,182,361
2778,1210,0,216
53,15,3,5
216,83,14,27
1181,0,120,203
2779,0,239,553
611,198,0,33
1714,0,541,160
818,271,250,48
1323,0,279,42
1216,706,262,40
2813,1234,214,837
2686,1197,199,801
0,390,101,102
1163,299,162,153
463,127,94,21
1598,775,351,105
3638,1862,1288,171
1748,0,539,72
2520,1398,458,278
789,315,83,61
243,74,0,11
2473,1064,0,378
590,224,128,58
2170,958,554,122
2238,876,678,134
311,146,0,38
2172,477,666,145
0,340,0,87
1551,606,224,146
0,121,52,33
1274,485,172,113
2940,1612,300,0
3314,2021,310,458
378,121,36,39
1006,0,106,111
1132,520,113,87
2522,0,0,296
663,351,90,70
3025,2172,390,362
2644,607,955,326
2524,572,284,531
2496,733,294,453
1104,483,219,77
0,362,76,253
38,19,14,1
0,0,81,133
2910,1144,1035,203
2961,1435,463,201
2481,2014,164,437
1641,681,180,209
2413,1083,673,171
2002,0,137,317
0,725,204,74
815,0,114,40
1550,756,209,363
2731,1777,227,0
1282,973,107,0
86,30,12,8
0,1903,0,0
2364,1369,705,360
0,157,46,44
224,63,0,15
746,129,151,69
499,0,104,49
1552,639,450,116
0,1191,650,223
476,163,119,15
165,66,42,7
126,54,31,5
2538,1002,244,371
0,623,141,179
1963,1269,297,163
0,472,247,231
1265,388,238,104
0,533,259,103
97,28,17,4
927,435,281,50
2544,640,217,356
1264,480,191,104
530,189,94,43
2714,1394,290,217
1149,533,0,60
332,144,45,25
289,69,98,18
659,195,204,30
1074,384,141,75
2409,685,254,431
385,156,20,31
2850,1102,842,181
795,297,280,21
2517,1127,652,242
360,146,63,11
879,285,60,0
760,275,63,124
1775,1040,342,138
298,78,17,52
108,56,23,2
269,113,62,10
2802,1803,564,357
0,1248,0,374
108,33,0,5
2723,1260,182,681
1243,298,315,0
2954,2244,301,340
2121,659,186,374
465,218,98,21
459,215,97,0
2888,2365,400,219
1347,570,214,83
1602,377,424,106
2130,938,183,357
1641,571,354,0
431,179,40,63
1856,1009,232,153
205,0,59,14
0,453,310,65
463,223,45,42
2205,852,591,184
3105,0,994,143
0,1421,533,127
1338,816,327,71
1213,395,351,0
81,40,10,3
2483,1031,254,330
154,69,45,6
91,49,34,4
1686,768,140,141
0,0,738,255
1070,374,178,85
794,0,226,78
2779,0,586,234
2594,0,627,380
2304,0,531,201
1521,709,191,145
0,1253,1026,285
2667,1363,548,124
1684,524,569,113
2627,867,702,430
0,253,190,32
1030,331,0,43
1779,0,126,295
997,376,59,169
1346,534,168,205
0,114,55,73
496,111,96,32
465,111,0,32
1824,1105,0,243
2231,1487,0,168
637,411,141,40
2698,1337,215,0
2552,1715,864,283
1242,609,85,253
1392,570,332,69
1705,826,118,187
640,219,184,31
0,691,293,121
221,85,64,19
0,1660,173,351
2006,846,701,140
3145,1404,0,737
0,161,32,24
2791,1520,740,301
2893,1199,444,291
2122,912,625,178
153,0,22,15
1337,507,336,57
1207,397,123,218
649,202,0,57
759,0,109,58
736,355,108,57
849,370,254,53
105,46,19,13
2537,1456,0,113
1781,1039,577,74
1900,683,588,49
2539,1224,865,131
1222,354,242,0
723,184,0,35
479,264,110,0
263,132,59,35
2158,1023,468,0
76,32,19,4
2958,1281,1013,261
2171,1266,0,0
1957,456,575,115
979,424,96,126
452,202,35,58
309,0,44,40
332,156,106,13
2288,1172,212,261
2825,0,301,450
831,300,85,112
571,183,61,77
1233,612,0,73
572,153,109,26
160,68,37,15
2753,1338,228,429
2670,1825,0,0
771,304,55,91
2560,1056,648,89
2406,843,830,315
1998,538,382,0
1753,0,0,321
969,0,177,69
2764,927,800,125
1046,0,103,243
2027,0,655,172
2498,1338,386,144
0,0,0,529
0,589,128,214
152,38,50,7
2425,911,414,284
2915,1524,609,227
273,122,105,12
1299,670,207,61
2370,1401,291,504
2451,1643,196,0
589,0,76,72
2575,1561,177,383
3143,2034,886,371
1222,362,0,87
560,86,115,40
180,38,28,0
0,312,197,28
2438,1277,0,159
287,64,77,18
1816,866,0,268
1891,0,453,178
2885,1858,331,202
2392,1004,227,309
125,56,0,2
2077,0,0,161
1555,700,328,115
1589,700,0,223
0,1423,301,237
2304,953,512,341
385,112,71,18
361,108,62,14
2328,754,516,144
1690,719,0,383
2499,626,0,320
194,63,27,0
1595,909,165,150
1838,929,588,77
1994,914,330,156
134,36,13,3
1366,233,410,82
2623,898,274,556
470,202,43,42
380,124,35,47
1535,444,0,248
963,495,0,100
2159,940,534,206
1457,783,246,178
2674,0,516,0
268,83,17,50
225,76,15,45
0,0,226,440
1872,0,483,64
1830,545,363,0
1331,624,98,117
1036,410,100,210
2314,1287,0,127
722,307,185,53
1526,806,380,142
0,2100,576,355
381,0,75,37
431,175,96,28
0,308,185,65
2621,1328,172,610
2585,2055,238,283
2122,1055,194,0
1718,878,0,0
869,385,177,0
1568,855,432,133
1254,470,242,0
459,162,113,28
1812,520,438,250
1397,474,232,109
1116,333,107,0
1135,523,94,104
0,761,496,144
1061,0,83,147
1551,364,111,274
1121,409,173,119
708,198,0,47
1209,528,89,162
413,199,20,50
796,329,69,112
1189,585,320,70
923,219,58,0
194,65,24,12
1286,737,270,0
2622,1465,200,370
0,585,602,173
2533,915,426,424
278,127,72,11
1170,533,296,0
0,702,515,178
2798,1565,775,0
1910,986,361,155
2945,1549,493,150
100,29,14,16
451,186,105,16
0,161,163,14
739,408,179,62
364,67,33,67
2364,1337,337,206
2763,1010,220,602
1884,923,537,208
708,335,212,83
681,234,71,53
526,0,49,33
445,80,0,26
1298,672,218,104
1528,593,99,0
1012,422,50,162
516,171,49,65
2208,1072,699,333
1424,703,462,221
784,0,237,112
1333,520,86,248
1565,582,350,66
2204,955,448,225
2802,1820,591,93
1543,937,290,149
113,29,29,2
1557,654,0,133
811,511,178,57
2111,0,418,327
2337,1250,573,0
2849,1203,464,254
2193,763,586,188
1213,444,321,118
980,319,265,0
971,554,115,70
577,228,45,94
1494,512,82,457
1683,490,466,183
0,991,441,0
988,347,123,107
486,177,0,20
1918,942,530,92
1661,951,0,98
2710,1415,770,142
2286,932,0,405
2123,731,774,76
2243,1035,582,145
228,87,70,9
777,391,214,52
2293,1365,167,347
2123,893,259,100
135,74,14,7
1552,792,146,187
0,1441,256,0
736,309,76,0
1051,299,121,259
2673,1161,242,426
442,0,54,51
446,146,45,67
2754,0,0,335
1594,567,156,273
2973,794,1094,366
2422,0,287,607
844,326,170,53
2657,1073,842,167
1092,440,276,55
1124,391,208,54
553,126,167,24
225,59,70,6
0,503,409,213
2381,1033,316,243
0,1644,525,0
2969,1816,275,397
556,266,121,36
603,349,45,39
59,8,0,0
1286,558,0,222
59,14,14,1
0,0,821,272
298,63,48,19
276,0,65,25
2539,1145,607,98
2610,1271,580,195
2375,1061,427,240
1560,1062,157,0
1956,924,400,172
1112,335,74,200
3239,1741,895,451
2593,1747,0,0
1146,406,84,161
1867,657,0,188
548,217,33,55
904,425,53,93
2384,0,298,384
363,102,94,12
1095,297,84,140
1360,561,0,113
657,0,61,58
2615,1230,835,192
655,248,83,56
672,301,65,52
536,169,0,76
2925,1646,613,111
1635,327,473,99
2415,763,245,560
2562,882,657,153
661,334,81,75
0,763,336,332
1708,0,100,283
1084,595,292,62
1686,626,151,385
2536,1094,170,480
964,314,243,28
1243,371,265,118
980,359,309,42
1356,472,384,69
337,168,39,0
1609,777,118,268
1427,371,301,81
458,0,35,54
925,206,208,0
3093,1929,646,290
2874,2014,657,0
911,320,87,167
279,96,62,10
2370,1565,159,361
636,192,52,99
476,179,0,70
123,57,29,6
2765,2221,419,260
0,422,116,235
2710,1179,724,218
2616,1289,219,300
111,51,19,0
434,218,43,56
2309,889,561,0
1631,377,0,122
1599,572,458,104
2289,1161,586,150
490,55,127,35
159,0,0,11
2434,1073,138,394
1892,899,99,277
542,174,39,0
1108,553,230,65
930,457,278,86
1371,798,320,317
0,1541,518,346
0,1023,0,286
0,202,55,30
2046,1096,435,226
2639,584,813,122
1003,0,234,41
239,87,18,46
987,306,80,195
207,0,42,11
0,238,93,59
1686,567,441,282
654,308,120,45
2161,0,398,120
247,80,24,35
2914,0,0,287
2743,1208,786,122
842,244,287,67
2670,0,665,237
2460,791,693,216
475,148,0,24
1686,642,134,384
1829,341,220,362
0,637,454,0
0,555,0,464
0,999,575,0
1682,638,230,163
1666,635,229,0
3245,2222,1180,141
2266,0,0,411
2730,1234,525,219
680,205,0,84
1134,525,110,203
1564,587,295,72
1327,776,264,114
0,604,196,373
1406,497,168,0
2111,994,431,159
149,59,15,10
1109,415,110,149
616,250,61,69
1787,859,361,132
2701,1354,211,299
1472,453,356,48
2269,1180,246,184
431,140,41,0
2577,0,124,734
0,55,30,17
0,157,217,52
597,190,0,71
2963,1301,583,344
999,449,174,81
3175,1293,545,627
1822,1229,481,105
0,0,789,206
1592,0,294,112
2016,1003,533,118
1932,970,520,113
2116,860,499,173
611,231,37,140
484,215,132,10
440,182,78,35
0,1269,391,249
527,167,88,24
519,0,0,24
450,93,43,70
2055,1326,231,285
2378,1279,156,372
1803,0,144,284
212,56,18,32
2820,1549,287,426
2620,1967,287,231
2790,0,686,284
0,968,0,273
2032,507,673,170
123,84,30,7
93,34,25,0
1172,234,102,0
1796,689,0,122
821,206,48,208
1812,800,453,0
1505,681,369,113
2902,1535,433,226
236,83,21,37
165,39,11,18
782,350,106,68
3028,1827,435,235
2742,1560,321,432
1145,349,0,64
2677,1818,659,225
2393,0,586,356
1468,955,249,164
564,219,56,87
1468,0,391,65
1288,593,343,52
1700,767,411,147
2016,838,440,114
0,1761,837,447
1025,524,97,124
546,226,41,0
339,0,38,22
937,325,87,80
1616,625,0,438
966,170,264,42
595,444,50,67
1724,913,111,121
924,511,125,109
0,573,339,448
2750,1276,624,236
1785,922,140,238
1260,470,364,19
2156,0,250,328
1926,895,531,86
1482,688,394,63
444,207,0,23
1035,442,79,60
923,302,95,130
1603,229,356,97
1298,391,301,100
118,37,5,9
0,595,82,187
174,52,17,13
3222,2457,514,324
356,92,79,14
999,222,188,87
221,73,15,34
1710,0,490,51
146,0,15,12
1315,520,104,227
2519,669,559,188
2539,1288,581,123
2789,1974,557,319
1591,435,108,142
0,230,94,0
2817,2551,0,187
2796,1517,835,136
833,0,61,87
740,335,186,41
1699,660,423,152
0,1200,786,262
459,88,95,54
1892,1030,182,276
310,142,34,20
1814,422,470,110
75,23,17,4
412,117,100,24
1844,833,152,0
1696,569,144,395
243,55,25,25
194,57,13,18
1372,527,395,65
2409,806,150,590
2472,0,608,179
478,196,63,27
2937,0,410,0
1517,690,322,0
1578,225,454,79
0,300,217,40
2991,1447,751,743
150,61,0,10
783,377,189,31
2040,779,507,114
746,268,202,25
251,79,34,14
1892,0,497,293
1036,434,180,65
1694,918,312,142
2861,1833,469,282
2609,967,523,173
1803,998,257,118
550,221,82,23
237,0,66,18
670,161,107,77
764,0,178,37
617,0,64,28
2150,864,168,457
1467,278,155,312
95,57,16,6
2211,1514,257,148
2671,0,903,0
150,44,18,14
1516,554,263,47
3398,2520,1188,142
1187,0,218,133
746,392,159,32
335,95,100,20
1341,354,398,204
1963,875,142,338
0,125,88,17
3063,1726,590,82
973,530,141,39
2090,1196,449,43
868,216,208,35
345,93,86,11
2294,741,275,762
70,45,4,15
1186,529,256,0
1085,337,295,61
124,34,24,3
1951,918,331,0
899,280,177,89
1183,556,154,114
0,192,80,40
2418,1253,186,555
1186,454,0,68
1229,769,322,71
0,489,287,49
651,323,144,49
257,144,0,32
501,187,23,89
1259,488,98,0
2217,1134,721,162
2214,1183,762,134
1740,486,294,149
2667,1204,509,252
1782,1095,266,209
1447,748,0,222
1446,634,0,233
596,214,69,74
2033,821,155,255
1755,827,210,206
1274,0,96,229
60,9,12,0
2838,1508,0,476
1246,906,148,0
607,0,126,33
492,0,0,25
1909,1274,0,283
3077,1772,443,270
0,1732,565,176
0,456,0,398
1965,694,305,218
313,109,75,15
1883,506,490,99
1638,591,304,133
0,210,0,100
266,54,40,19
2906,1734,393,143
862,314,159,64
2277,942,605,139
2732,1674,325,488
1475,539,264,75
1829,967,0,253
493,132,62,0
930,454,134,58
2331,1304,247,0
1188,548,227,0
70,33,27,0
2554,1722,592,200
2447,1135,548,376
2784,1979,508,332
2048,791,0,251
1811,695,0,409
990,386,96,167
50,20,6,2
1715,976,468,65
2840,1401,508,262
0,123,19,14
2982,1867,870,458
532,184,78,28
1964,837,144,96
1855,1007,246,207
466,0,0,66
1432,814,97,0
743,276,178,16
1565,570,187,275
1436,391,191,179
2331,981,589,116
0,333,137,71
0,849,150,194
1554,242,408,77
2465,990,209,543
0,765,210,132
0,369,221,253
333,90,86,17
2148,639,0,315
2496,1146,717,154
148,31,48,7
1161,560,213,73
1465,685,128,315
2491,0,197,397
2093,968,420,114
1789,0,501,97
0,932,235,0
2640,627,615,189
0,0,462,0
309,112,39,22
1266,542,85,221
667,325,155,0
382,0,96,13
0,141,0,27
975,0,238,39
2988,2326,601,397
699,0,180,47
1248,612,137,138
494,226,42,67
754,386,95,71
1447,477,0,252
1938,1309,157,201
2830,2043,0,264
1124,534,90,125
2787,1709,304,270
1547,0,236,268
140,0,41,3
1416,400,361,95
860,230,228,59
556,170,133,36
1551,671,124,195
1155,264,150,153
1844,758,128,373
1953,0,0,89
0,974,159,487
1612,404,329,83
2431,0,596,223
447,144,69,24
1914,709,524,139
1216,493,319,0
698,0,205,24
2551,1093,335,388
2297,951,545,220
2907,0,683,829
2853,1714,562,363
153,67,25,11
1001,564,0,144
0,466,245,100
137,24,30,10
2440,776,668,138
1164,375,309,62
673,219,195,40
1658,677,448,0
0,409,271,69
622,0,177,20
878,340,263,39
333,94,26,80
309,105,43,17
1345,402,404,138
565,173,172,59
2761,0,860,223
2447,1346,456,291
2262,1370,324,192
201,0,62,9
1232,253,231,0
356,98,128,12
978,417,200,105
53,8,12,4
386,145,29,102
2586,1269,799,219
1171,441,190,71
2922,1908,1194,101
130,40,30,0
375,123,89,20
381,156,53,26
182,78,76,7
2803,1591,537,98
809,350,137,70
2710,1712,0,300
2552,941,277,753
1423,816,74,158
2914,1370,710,197
1515,426,0,115
2711,1191,205,566
311,66,69,24
803,308,114,0
1817,698,0,131
171,74,47,5
725,207,186,44
0,229,0,61
695,0,167,57
2740,1756,174,231
0,286,84,60
416,152,77,29
170,63,31,7
2331,825,521,168
0,532,281,207
1806,584,531,90
1607,840,147,280
433,0,126,39
0,411,145,245
1002,0,150,0
2601,1387,856,145
147,101,17,21
2426,770,657,0
2811,1464,880,225
757,183,73,131
2284,912,0,205
1638,619,449,165
520,243,0,27
1139,329,224,97
2572,1016,495,237
1624,395,149,311
2435,727,0,433
2564,1368,858,233
1433,413,485,46
1238,0,130,216
1438,645,102,218
722,272,84,78
0,936,230,397
880,0,89,159
39,21,9,3
606,245,73,68
1708,761,194,150
514,88,99,46
521,194,72,36
3093,1854,328,634
520,122,120,34
987,383,375,33
3017,1259,753,380
482,152,121,16
712,224,151,31
395,142,91,19
1298,587,117,293
63,15,13,5
2909,2186,437,203
2726,1513,592,212
1388,346,136,264
0,0,323,120
1978,798,115,439
1702,519,242,189
2552,1571,343,182
2697,1434,0,0
2307,934,596,132
210,92,17,0
2761,1600,205,643
2513,1315,583,262
0,1109,327,569
1443,515,136,361
1062,319,0,56
2426,1473,248,254
0,939,298,97
1154,384,0,162
311,122,63,22
28,12,3,1
1712,673,156,333
2701,1188,488,290
2600,1049,582,254
1734,579,409,130
1428,561,143,252
472,168,109,17
992,413,63,50
210,65,13,0
782,0,50,44
2431,0,332,0
317,118,0,13
0,381,116,303
2455,1283,642,157
585,185,75,49
2045,977,153,206
688,342,86,71
2487,1310,649,107
1156,144,271,43
0,1483,532,133
2494,950,205,478
957,0,129,67
2573,907,305,401
2387,739,262,482
2674,1004,575,202
23,5,0,1
0,166,82,22
2492,1045,658,158
2907,1854,777,139
2449,1491,235,254
467,231,103,30
2546,1557,202,429
1174,0,0,176
413,90,101,45
2525,969,649,90
1797,1430,338,135
0,1194,146,558
1408,628,0,153
404,191,28,78
2705,454,574,228
2139,461,595,113
1034,356,85,200
622,410,88,34
521,346,70,0
654,202,59,90
1059,0,250,0
1424,0,120,172
0,1669,217,0
0,188,71,31
267,131,77,10
0,1967,0,220
2034,982,662,70
1655,621,433,92
667,255,174,25
923,446,81,75
0,1636,338,283
1119,398,121,108
0,148,48,0
1469,434,205,252
1712,469,0,239
1135,305,270,46
1153,0,220,99
994,402,260,71
2088,908,147,300
0,500,206,116
0,46,66,51
1858,437,499,69
1571,592,86,116
216,59,22,0
2041,808,96,413
1532,395,310,95
2076,1506,513,173
176,55,12,0
2920,1794,455,296
818,346,138,40
0,479,252,63
2506,801,0,156
1770,826,0,85
473,170,115,28
0,388,490,157
2103,1165,388,203
2667,2027,394,164
197,65,62,0
0,963,255,160
678,220,166,0
119,28,23,8
324,0,87,7
2864,1422,1003,149
2007,978,455,0
2009,947,117,459
687,232,0,168
2010,788,218,372
137,48,18,14
133,48,18,14
2514,1334,289,205
2309,1195,725,203
1976,982,155,151
2613,1609,950,96
469,121,59,47
96,50,4,21
0,100,23,62
1456,916,289,74
2081,853,450,176
0,208,155,37
1425,757,193,81
2577,1511,610,104
923,387,95,114
1037,0,317,31
0,1451,0,214
829,311,264,27
2638,0,476,179
3053,1391,203,914
1191,430,175,0
2867,1520,857,139
486,89,113,18
458,142,33,149
1280,685,135,60
65,20,10,3
1730,0,282,252
743,168,266,34
1937,760,127,483
196,48,0,29
1936,895,341,217
1285,576,172,214
1938,757,220,314
1531,573,304,98
0,1301,753,185
2135,701,545,94
162,47,29,6
1022,393,93,193
2610,1380,721,0
1420,581,433,0
1637,0,164,177
2945,1803,0,246
0,1563,911,327
1297,600,170,82
2436,818,189,539
857,430,122,79
2426,970,562,170
1284,507,91,239
601,271,46,0
1219,455,149,0
349,240,44,13
2648,1240,688,308
2556,1588,193,373
19,8,0,1
17,6,1,1
2493,1618,306,228
1602,722,0,76
327,117,61,20
1421,672,247,114
2174,669,395,132
1324,644,167,284
378,90,0,81
612,244,92,55
1476,668,477,183
1290,290,366,53
372,186,74,15
308,162,62,0
45,16,8,1
921,376,245,0
2507,1294,340,214
2961,1750,582,126
1734,632,455,73
200,75,13,43
2230,0,267,449
1434,500,339,62
1375,472,0,60
1838,1027,175,175
2544,1444,369,136
2630,1735,622,249
0,971,268,399
1114,377,270,36
0,149,82,21
520,210,88,34
1297,0,0,39
2481,0,525,138
2664,1072,531,208
2091,778,445,234
2347,1148,703,155
2834,1598,300,289
551,202,96,26
2216,758,656,215
1232,358,134,0
0,413,256,40
326,147,21,17
81,33,3,6
2042,1115,230,171
1586,544,0,159
860,164,241,84
858,180,87,148
418,197,0,20
1610,533,392,51
625,316,89,24
1195,499,232,80
1120,498,323,56
397,150,43,24
1279,548,95,167
1049,203,262,14
2923,1739,579,209
2189,702,255,429
2062,701,0,140
1642,496,419,83
1971,1462,323,186
1920,941,119,426
972,0,181,45
2373,1075,164,0
2555,1377,0,441
433,169,31,85
2290,434,385,0
1787,1044,387,153
2535,1561,414,0
2486,1126,323,247
0,1598,202,0
2249,0,211,320
2091,1524,234,0
2418,1036,633,158
2431,1000,189,597
0,295,246,29
1182,476,103,94
2776,0,344,243
646,261,70,0
1673,621,207,0
825,241,159,46
2344,1201,0,68
2496,871,186,0
1950,609,173,417
1761,624,132,198
2062,703,164,350
156,0,29,6
0,270,221,33
0,1254,317,543
925,428,63,143
800,0,0,0
756,264,164,38
2448,1181,428,0
2093,1051,0,325
1565,654,394,128
667,174,184,26
769,342,171,29
888,245,238,56
2449,1432,724,244
860,537,159,58
0,0,317,204
860,0,0,53
0,387,118,80
308,145,86,29
0,306,184,21
2892,1438,1013,154
278,89,26,80
2091,798,647,127
2128,1077,231,280
1670,842,557,0
2018,714,179,380
2072,0,608,121
2957,1941,1031,130
1254,690,295,67
0,726,398,78
0,1183,539,0
132,47,22,9
1170,774,165,71
1547,616,210,52
0,112,74,6
0,211,143,30
0,46,44,13
394,165,99,17
1586,491,410,99
2657,1817,610,238
2010,500,408,183
2894,1395,218,711
1117,401,250,47
1119,438,166,102
2277,823,513,243
993,212,236,31
2850,1394,840,125
2253,1218,222,264
1259,486,68,215
882,433,117,94
129,41,18,0
1656,532,473,79
1689,724,130,355
1763,713,273,171
1531,443,155,157
2126,974,214,410
305,117,35,22
873,450,151,65
1685,726,265,0
1870,1003,0,149
1492,611,453,102
1436,700,0,162
377,83,40,66
0,1809,853,224
418,215,89,29
298,96,75,7
542,199,144,38
268,52,76,11
2305,0,210,244
87,20,4,6
1244,367,267,96
1808,771,114,264
0,1259,723,0
0,91,60,26
2292,781,169,557
1278,526,114,127
2315,1126,614,199
461,231,69,17
183,51,17,4
52,15,7,3
3089,1720,361,1123
535,197,76,0
715,347,116,58
2237,0,177,363
1675,1049,218,135
0,653,188,199
1949,0,452,36
0,1616,0,106
366,123,0,17
2543,1441,704,169
2163,440,436,152
1647,676,600,156
713,215,58,153
888,0,251,15
882,253,250,15
1385,349,101,381
3023,0,557,200
3182,1491,1005,167
2960,1578,195,0
119,61,27,9
2557,1375,634,252
0,163,63,61
488,144,106,11
1168,406,73,0
2545,1203,279,236
1998,1329,198,143
2816,1767,435,135
2696,1410,511,201
2629,1846,478,280
0,841,477,324
1469,621,248,136
2139,895,360,251
1405,601,0,42
1344,469,376,80
3113,2115,805,557
409,124,91,17
0,1762,291,271
2090,298,477,23
1132,448,327,0
1792,685,458,114
570,211,53,40
552,204,0,40
218,41,53,0
154,28,33,0
64,13,20,4
419,117,51,86
1566,0,417,81
760,199,77,104
258,116,52,14
2801,1677,670,176
36,12,10,5
469,0,0,82
1965,629,177,390
373,89,86,21
2269,758,244,466
2112,1021,610,81
174,64,25,11
2744,0,395,264
1971,764,146,467
873,440,170,55
1014,417,55,217
612,273,36,105
2239,0,203,0
2682,0,795,96
2241,0,664,84
1957,769,119,390
1314,848,301,74
1086,508,168,37
2474,1340,370,248
1389,773,101,177
1771,998,451,102
2870,1136,386,505
2065,1325,215,144
161,48,40,0
2525,1333,668,133
221,109,0,3
0,92,35,6
2307,1076,658,139
0,538,531,90
128,58,38,3
1982,988,0,0
2150,963,226,0
482,0,57,50
0,193,124,26
397,0,77,0
0,1071,187,487
332,98,51,24
94,22,12,6
0,47,24,12
29,6,8,0
1739,716,117,229
640,262,120,29
2733,905,260,526
0,191,132,53
0,261,255,15
0,1530,419,214
264,35,60,13
2578,1354,426,0
0,983,462,95
1519,492,169,126
0,408,64,53
324,74,81,43
0,83,128,17
1180,414,373,0
783,332,191,17
2891,1360,1075,146
1321,608,200,117
701,276,121,64
620,332,79,0
222,67,0,54
1945,752,534,72
2444,1386,324,0
2120,1006,143,571
1750,785,0,84
2426,0,178,446
673,255,82,55
691,332,102,52
0,817,131,476
1705,681,403,83
2706,0,0,193
266,61,38,9
2397,1448,551,181
430,174,36,23
863,326,113,35
627,171,203,41
0,417,131,269
852,249,90,89
0,1474,618,240
1946,805,393,48
1031,350,135,118
2157,612,423,266
2237,878,312,179
1570,395,94,274
880,279,89,71
2147,1127,231,177
1132,353,246,58
1496,406,373,78
1214,562,117,198
330,153,97,16
2224,794,0,372
1571,612,162,443
2563,1460,680,186
0,917,642,167
1114,569,320,159
2864,1491,879,0
969,397,198,88
682,0,143,61
339,259,41,0
1279,603,99,180
2344,796,170,0
471,214,81,49
2397,1076,623,206
1935,0,179,610
0,1503,304,788
531,231,75,28
2377,1024,770,168
1323,336,290,43
0,742,420,84
0,0,0,193
2277,0,584,79
650,226,137,14
2292,1097,556,55
1651,674,313,94
734,256,72,139
483,200,53,107
202,54,60,16
749,0,160,29
1994,1106,368,180
0,838,220,337
1546,0,544,165
685,0,69,115
1229,616,0,337
1402,0,192,83
562,189,132,0
1761,875,181,74
343,173,0,0
0,0,328,19
195,75,29,15
3049,2366,618,206
2025,1013,208,161
1126,352,272,46
604,0,0,28
522,130,127,18
2284,1036,166,453
2770,1549,710,174
827,355,86,187
397,164,37,111
54,17,15,2
2300,1010,704,45
2760,0,170,306
2248,1448,350,213
2454,1500,387,201
1901,568,120,303
2441,1366,0,203
1303,0,123,244
0,0,214,74
312,144,79,33
721,0,151,54
542,282,137,20
2155,1116,432,102
1822,610,308,170
804,381,60,124
0,1001,309,105
1567,988,302,104
51,14,18,1
2758,1676,278,266
1552,251,362,11
219,0,0,16
487,176,116,17
83,30,0,5
818,258,214,24
2339,873,219,259
2922,1255,922,0
695,342,156,34
1989,0,0,96
3018,1909,545,0
1322,424,108,210
849,293,66,116
1561,549,473,68
1170,404,215,97
732,275,119,80
438,129,96,17
2287,683,540,209
1056,423,312,38
2770,1707,700,229
1973,0,452,122
636,325,78,58
2736,1742,332,162
1582,577,114,373
731,236,125,0
1566,741,103,326
3114,1782,518,0
875,352,223,29
122,45,0,6
753,307,192,23
0,272,265,147
890,273,161,0
3073,0,0,238
195,58,57,8
17,11,8,0
130,40,33,4
1918,1005,0,191
1567,817,128,185
498,0,117,22
883,394,148,61
3064,1541,268,848
2272,1179,630,0
836,349,110,81
166,49,17,27
456,110,129,26
2240,852,615,84
2587,916,783,237
1453,696,203,102
1990,952,256,280
2556,1230,199,609
3064,1874,0,394
1174,613,170,100
2045,805,175,471
1890,738,166,439
231,98,0,27
0,631,237,96
2489,1059,488,60
479,191,0,73
1561,424,184,361
2083,804,388,136
520,0,88,40
234,74,43,0
2345,1330,566,155
2166,1228,257,300
0,286,95,66
3281,3041,430,377
936,0,194,53
1291,0,214,103
31,9,9,1
2854,1263,955,151
1175,412,61,224
870,0,251,0
688,396,48,90
2265,1218,217,0
0,753,0,290
1250,376,113,197
2763,0,218,298
2488,1760,0,120
2817,1033,611,114
3136,1170,578,434
1284,353,0,84
942,401,77,93
1478,482,130,335
922,509,0,38
1234,474,100,250
141,71,0,5
155,66,17,21
2569,1552,599,233
267,76,83,4
811,295,133,18
2980,1192,0,296
1440,458,232,110
1798,0,139,0
2689,930,139,467
2505,0,0,144
2250,0,580,116
437,113,77,0
167,51,24,7
2714,1045,337,715
913,310,176,120
1217,464,117,202
1396,0,143,241
1155,500,332,56
468,189,77,0
669,238,170,0
511,157,55,129
1463,0,296,54
2729,1397,286,281
753,344,0,57
950,0,137,0
0,448,91,0
2536,1045,822,203
205,49,26,45
1658,863,182,0
461,138,32,43
233,76,37,5
2761,1072,670,0
1405,561,533,52
1650,922,175,105
331,0,31,18
282,71,56,8
2159,1174,475,0
0,795,135,166
936,248,115,102
801,393,190,33
1759,726,150,447
3029,0,251,220
2020,988,327,282
112,28,31,9
385,132,101,16
1600,0,129,301
102,27,26,3
78,20,9,6
0,618,194,392
1545,624,194,79
937,373,262,24
788,355,0,76
481,138,40,139
1773,718,366,191
2626,1304,0,0
789,210,81,207
657,358,0,34
2638,1551,367,0
2819,1594,466,226
1482,0,113,353
72,13,8,0
2778,1137,223,503
2610,1932,434,278
769,327,160,39
197,59,23,23
1350,448,303,112
1297,416,286,108
1097,542,216,78
85,34,13,8
2804,0,0,158
0,2264,0,254
298,0,65,4
2965,2275,703,467
1882,730,167,222
658,162,134,35
1628,393,136,404
1136,176,275,13
308,133,48,16
2258,0,551,0
2227,0,483,266
591,197,159,28
312,171,27,38
2004,976,489,113
1676,914,384,85
1610,746,397,63
2680,1674,490,212
1498,593,350,0
1513,484,173,261
865,286,270,30
1148,393,220,56
591,232,130,59
2328,804,527,154
2629,1621,553,181
1499,787,166,149
1282,0,154,0
2144,1380,227,171
2957,1480,665,333
1480,0,102,303
226,104,0,20
1951,1217,159,278
655,283,76,71
0,571,755,66
74,34,17,5
3060,2185,533,467
2223,1231,576,66
0,1161,200,0
1534,0,240,87
0,0,717,55
1705,814,412,78
0,0,335,73
0,563,274,206
399,103,98,15
656,344,48,81
0,1653,676,125
157,61,18,16
1128,458,335,53
2733,1111,364,568
2514,1155,296,544
680,381,91,178
1834,774,205,366
2122,831,227,429
1807,815,434,72
372,101,63,9
2961,1365,814,139
1194,0,320,55
65,28,4,7
1827,622,447,89
807,0,250,44
1116,393,80,300
1236,385,0,97
1830,879,0,281
1084,535,126,87
199,83,21,17
403,110,97,16
351,126,35,34
2592,1178,517,99
1747,843,348,72
462,232,32,44
1279,436,149,211
1631,0,281,81
1809,683,174,395
1557,634,0,354
723,120,174,17
2177,1294,318,180
1917,732,191,437
2637,0,449,858
1935,1002,231,267
1778,334,408,81
1313,197,325,59
186,51,31,8
3311,2868,449,485
2888,1516,657,243
2044,1188,280,192
225,46,15,23
2897,0,0,0
2150,819,148,405
3061,1546,665,639
405,220,63,26
2022,1034,229,0
1766,743,159,392
1191,445,315,94
1963,717,565,60
2655,1641,206,0
477,123,51,0
848,0,179,60
2114,841,0,118
601,179,144,0
1513,662,323,92
1003,575,128,71
2390,1446,536,171
1706,694,328,107
265,67,64,23
1840,822,190,132
1070,261,96,228
868,0,75,190
2033,1213,205,290
328,112,37,0
2383,0,607,207
1477,843,394,123
906,437,213,0
837,142,222,0
1589,773,159,62
1435,569,263,0
2816,1014,1066,248
2825,0,959,0
946,297,304,33
801,347,45,76
263,103,18,27
538,244,27,49
1888,640,104,303
0,491,230,0
1650,625,298,169
2484,983,375,523
2626,1279,180,480
845,277,268,0
980,393,125,67
2502,0,366,0
2978,1610,498,557
2110,1178,405,131
2003,701,402,113
705,303,172,0
958,446,290,85
883,365,109,56
0,484,198,53
3048,1754,333,335
0,0,3,1
1949,1159,0,162
2923,1352,709,279
760,223,66,0
899,443,103,89
2170,841,138,434
499,127,182,0
191,95,0,11
421,132,0,8
992,250,70,162
0,421,48,183
958,594,81,61
177,47,35,5
82,42,20,5
139,57,8,24
1011,470,236,32
1185,410,242,56
1755,1124,309,0
1501,573,152,0
772,121,117,36
123,8,15,34
380,152,28,61
114,18,28,1
940,310,127,100
2139,826,389,86
91,42,0,3
260,90,75,6
174,0,55,3
1183,459,281,50
915,343,242,24
2703,1412,0,326
0,748,469,98
2428,1047,444,232
1084,502,127,96
857,365,118,58
2091,871,547,28
373,104,26,63
1419,545,101,119
909,400,57,0
830,352,51,155
2534,0,190,273
2655,1478,374,289
949,243,75,218
1695,748,334,74
0,137,146,19
2618,0,406,139
0,1508,417,372
130,74,33,3
1355,609,267,0
556,259,115,20
799,350,152,57
189,116,0,29
0,0,44,12
2946,1534,273,288
1755,423,165,620
0,314,462,27
412,171,106,36
513,200,135,22
274,92,29,21
140,0,28,0
787,388,130,47
2333,966,521,90
2077,822,572,75
2219,1267,187,176
0,824,183,554
703,295,177,17
1425,534,182,225
2532,843,355,604
757,346,0,84
1943,587,191,314
1864,520,619,78
1096,466,281,47
2422,0,317,171
0,1475,718,0
0,0,114,31
258,127,37,0
1556,569,171,206
1746,481,570,0
0,185,157,21
321,33,60,0
2914,508,843,83
2349,1094,262,349
231,100,41,10
2552,1084,310,494
245,107,61,15
313,152,52,20
337,67,19,67
375,187,42,34
2661,1145,328,505
84,25,23,2
2120,1176,541,0
2739,1409,769,138
244,0,36,34
528,177,92,42
1924,846,238,506
1193,396,163,79
2809,950,681,168
1220,440,0,117
200,81,35,22
2510,1088,0,103
1403,466,402,96
0,294,238,55
964,341,128,50
0,386,231,59
2577,1196,225,239
1887,856,376,160
0,490,84,138
1696,553,105,424
1419,500,384,57
112,42,22,3
2487,0,266,465
2220,844,189,0
796,180,0,32
2477,1219,341,619
0,721,190,0
2043,1504,306,162
2886,1730,607,988
196,76,28,17
307,129,47,20
1154,136,0,42
0,110,140,18
92,26,16,7
3255,0,652,650
1341,484,304,102
2716,1330,629,243
2559,1674,384,294
729,0,190,29
2640,1106,776,177
550,261,200,60
627,179,53,127
779,319,199,16
840,271,259,42
781,138,87,0
2184,734,498,0
0,136,61,15
2657,1495,377,218
738,269,142,49
2435,0,546,149
0,372,77,80
842,310,79,260
1795,522,0,59
1354,467,0,0
0,1651,179,219
2878,1637,956,112
2065,927,202,301
1257,425,261,54
2435,854,514,293
0,1038,189,116
2876,1758,637,172
2341,532,388,696
2536,1181,0,227
690,165,187,0
2096,1074,397,119
0,66,46,7
185,85,32,11
500,114,29,118
341,89,18,86
228,65,0,3
3020,1450,667,0
3024,2034,1105,149
0,141,58,11
1738,567,94,308
190,66,45,11
2860,1171,0,127
3012,1728,516,289
2078,1317,197,156
2012,918,449,118
0,1048,445,0
68,23,16,6
3102,0,367,0
0,981,485,174
2728,1414,226,631
440,134,43,106
2462,1032,286,525
1251,417,0,66
2287,0,384,393
583,0,139,19
464,158,56,0
1918,969,500,105
1850,828,395,179
1005,0,229,93
2605,0,302,0
1962,848,549,55
484,0,153,21
2301,703,0,472
2587,1068,623,289
1571,0,149,390
600,289,81,60
3145,1403,226,621
1897,0,0,118
0,956,500,70
2613,1000,216,429
316,146,41,27
0,65,23,37
591,0,218,17
368,144,34,43
2517,1296,242,387
1276,646,392,0
3135,1370,787,202
2434,1381,609,128
1326,768,310,0
0,1606,267,224
1824,687,176,132
1086,366,103,174
646,249,110,27
1163,419,230,36
436,158,70,0
622,175,134,19
408,111,47,76
2997,2099,553,211
0,959,696,78
2125,948,477,108
0,175,50,0
704,173,54,79
2259,1046,0,206
952,297,74,123
302,168,25,39
0,931,316,0
604,231,127,55
1291,0,102,199
1630,782,132,205
2313,959,657,159
990,338,188,54
1325,518,290,84
1727,949,322,0
1002,403,0,43
719,358,193,54
3046,2201,571,0
2519,789,0,453
977,361,176,0
2355,648,265,0
1176,301,339,44
3011,1203,604,216
1292,470,93,242
429,0,81,18
884,298,229,25
2865,1162,247,601
1858,739,198,250
2265,665,630,57
2470,1155,206,619
307,65,87,8
0,0,423,39
684,184,203,20
657,114,138,43
1696,1055,175,182
2894,1102,0,0
2032,810,297,154
0,1293,238,110
891,270,0,157
1721,508,162,289
2426,1271,599,99
0,548,0,107
927,244,54,182
0,60,78,12
805,321,168,51
93,31,10,1
50,14,4,3
793,376,172,22
135,40,36,6
2278,1179,313,337
2428,809,318,604
272,54,0,64
259,117,53,17
650,195,82,0
2240,256,504,139
1120,525,346,26
1061,383,218,0
0,113,71,21
2675,981,780,171
956,334,361,105
2832,1443,734,517
1943,732,398,168
2567,1820,206,243
108,37,34,7
1987,714,0,296
3238,1358,669,377
2338,523,403,598
0,102,63,3
449,151,99,17
751,244,96,135
0,46,28,0
314,90,61,6
0,39,26,0
0,889,727,146
1283,0,77,0
2714,1515,445,230
2706,1430,0,666
2581,938,217,554
2235,857,311,147
1061,486,112,115
112,50,29,5
1914,593,439,0
1194,551,342,61
587,0,70,32
113,47,19,1
469,118,0,92
1405,668,172,109
1644,875,300,147
2350,1438,221,407
0,0,0,216
2937,1758,0,0
131,30,0,28
2883,772,714,652
198,0,48,9
142,50,36,4
707,237,0,0
638,229,52,114
972,371,0,16
303,151,31,77
0,370,232,62
1393,383,0,231
1313,285,359,0
924,292,318,16
659,0,237,12
1731,720,0,0
0,19,9,4
2486,1017,407,124
1863,1078,159,217
2236,982,723,0
2299,568,216,669
0,272,190,0
2893,1678,346,214
1719,525,391,69
251,58,26,37
1008,260,112,165
147,47,33,4
1426,0,118,230
1044,728,123,84
0,1767,546,493
3046,0,187,443
217,52,42,24
2580,409,667,51
624,406,81,31
1443,616,147,177
3104,0,905,244
0,137,100,8
1661,0,286,142
606,236,151,37
1702,564,198,317
949,260,127,223
949,494,234,27
1695,748,364,78
2842,1405,557,204
2641,1000,659,178
392,123,37,62
2024,776,354,113
1192,390,383,19
0,362,42,97
959,320,77,0
2279,991,330,142
1773,1151,225,94
2933,1531,551,989
228,90,57,17
1004,429,119,76
0,904,737,157
378,94,87,18
744,230,208,21
265,66,30,0
1013,314,225,56
2878,1478,410,201
1552,0,483,93
2514,734,568,176
256,96,32,18
2281,1051,418,216
2634,1373,557,187
2105,1046,476,149
2067,1251,480,126
2503,1115,423,169
53,17,10,8
0,187,141,17
1096,337,128,0
1207,357,0,243
0,0,14,1
2927,1537,0,237
0,1474,417,238
1015,623,110,86
2167,1598,191,0
1165,366,341,45
3014,1461,595,511
1843,1034,299,203
3154,1401,286,734
2598,1098,459,444
202,36,42,4
1649,544,327,70
43,13,9,1
1357,463,185,106
227,59,45,9
2772,1091,370,602
1173,466,131,204
2076,800,0,463
171,102,55,12
0,815,181,0
108,46,31,10
3039,1435,846,197
2066,1013,99,273
1116,660,253,66
1194,463,105,111
2420,1226,180,110
0,399,349,40
975,406,107,0
2197,1003,0,417
3078,2101,732,265
668,279,180,15
527,0,131,31
1706,813,176,348
0,55,40,11
2034,581,242,353
164,54,45,3
934,0,260,0
2795,1408,310,594
2793,945,941,78
1086,450,127,203
843,0,0,0
112,61,35,5
1742,524,0,480
327,122,78,19
1331,619,0,125
2527,1374,239,204
1082,417,99,205
140,33,22,0
121,29,28,10
344,77,101,21
2207,780,472,0
344,158,69,33
328,114,41,17
0,1210,631,102
2020,1209,259,177
741,457,70,68
2815,0,227,567
994,273,270,0
752,308,63,172
509,117,96,25
2751,1903,500,0
1902,460,0,0
1677,0,227,174
2191,1272,253,104
2511,1322,740,190
1665,886,168,143
2496,1108,286,219
374,98,41,63
2906,1622,402,329
1822,859,260,175
499,202,118,0
256,141,42,22
3144,1495,447,417
566,191,0,0
616,291,102,41
1314,743,206,102
2261,991,184,466
463,135,35,100
1268,551,205,77
239,66,26,0
1848,714,0,114
177,37,0,17
0,102,92,14
0,224,85,83
3054,2272,909,241
2198,573,573,106
215,0,15,32
40,9,1,3
313,131,0,27
782,355,82,48
2394,879,0,197
478,203,54,92
429,98,110,11
2309,0,0,133
894,332,97,140
437,126,0,78
2483,982,551,134
1834,613,536,46
374,145,62,26
1257,560,317,81
108,0,30,0
81,0,8,11
400,110,118,20
2800,1296,0,109
1423,0,204,250
1707,0,391,129
800,104,256,33
1481,405,435,53
2053,787,265,0
1299,394,381,102
76,29,18,7
3070,1240,253,593
1591,530,246,92
2724,1231,0,547
1436,501,372,0
1021,418,236,0
767,177,73,166
2432,0,607,196
690,214,247,50
2962,1480,0,173
2710,1553,225,344
246,0,61,5
1164,428,132,53
1753,809,420,93
2492,1009,149,330
1712,664,392,43
0,1069,280,671
510,126,42,107
834,362,194,64
332,142,51,53
2555,950,519,173
34,11,2,1
2691,1432,0,312
0,0,136,339
0,983,291,117
240,96,56,0
1762,729,387,70
1398,245,513,16
1104,177,264,17
2729,1382,382,214
2604,1207,322,265
2731,1366,0,107
1461,573,279,137
867,345,86,132
1004,391,108,138
2667,0,0,205
329,93,118,24
202,53,71,0
571,205,96,16
670,156,137,34
2977,1643,346,317
1425,571,193,119
0,88,277,42
2582,1388,833,155
2823,1472,708,223
149,59,53,17
881,328,89,169
0,724,0,127
0,319,240,51
267,142,0,15
0,407,122,39
2761,0,520,207
787,341,53,72
1019,222,158,0
2644,1639,805,76
495,272,83,11
2477,1137,0,165
26,8,0,4
990,366,0,157
124,60,44,5
2146,994,740,61
2548,1110,281,399
2660,1564,190,247
139,93,17,10
2218,1403,192,220
2883,1476,0,419
248,97,55,11
283,71,55,5
1488,599,237,118
2006,618,269,263
33,15,3,3
1636,0,295,80
166,66,36,5
35,7,8,2
1603,498,257,0
1266,347,96,196
833,85,268,28
2072,1155,432,121
1823,796,0,0
730,237,178,34
2893,1235,273,564
1479,528,252,0
494,254,48,25
367,72,39,44
0,1543,247,235
354,0,35,81
192,158,40,2
2079,890,214,183
844,348,228,38
151,0,44,0
2722,1341,428,295
1369,422,451,68
174,68,14,0
1477,655,176,112
2337,849,183,480
1994,0,189,365
1690,0,184,194
1070,358,260,23
653,282,125,57
2867,1192,300,347
1950,450,493,0
143,56,30,9
697,371,136,39
1708,378,444,45
465,198,51,15
1838,893,326,79
201,70,50,6
203,62,0,4
2149,659,389,122
2173,1335,262,221
980,370,111,94
1732,626,505,55
374,131,0,22
1343,475,123,263
759,342,68,78
1507,639,446,50
0,6,14,4
2322,953,329,171
1880,0,159,149
1644,592,358,95
1533,588,142,291
332,149,34,0
2795,1333,0,276
3015,1313,439,544
893,325,55,98
1311,466,86,0
1165,418,157,106
247,70,59,5
186,55,55,6
0,803,440,231
0,843,189,0
2711,865,348,678
1757,834,448,184
2597,1431,851,207
33,14,10,3
537,172,132,39
848,285,193,45
1430,593,103,197
682,173,123,35
1163,362,282,86
0,656,0,120
169,45,13,39
126,58,22,11
48,19,8,6
989,324,295,46
513,204,138,63
496,0,41,51
0,248,199,0
2773,1381,672,177
196,73,55,8
2853,986,971,127
2030,650,181,245
3224,2377,1072,195
540,216,46,33
749,0,69,92
1382,631,123,356
1987,866,542,82
343,70,20,33
667,0,169,24
2336,719,404,94
1524,394,478,62
635,0,189,32
2415,1313,0,202
0,143,39,0
2853,1647,550,0
1406,640,226,101
384,76,96,9
230,49,45,5
0,1088,740,136
2702,1129,562,305
1105,447,165,50
1617,473,122,285
48,31,8,5
349,159,73,22
0,21,0,3
2969,1236,258,1031
2557,1319,0,139
386,162,38,71
3147,1506,832,192
1236,382,295,33
1687,1196,305,114
725,191,127,97
678,108,209,23
2867,1531,963,0
1095,415,245,60
1776,656,242,109
1032,299,219,33
602,191,49,85
1598,675,440,38
0,0,368,58
239,97,27,17
1126,221,262,80
2040,407,564,0
1128,469,153,69
1468,731,113,128
79,15,13,8
595,143,124,25
541,185,56,36
1261,498,0,0
2728,1653,480,362
852,302,94,53
2920,1886,867,212
845,281,205,23
0,55,18,33
1931,448,168,318
409,125,75,17
2289,1058,598,99
2693,948,715,173
2687,916,669,127
226,96,53,18
1324,435,297,122
117,73,27,2
2321,1247,190,578
1536,530,180,0
572,179,102,23
735,268,77,0
1996,0,167,164
257,70,42,19
0,461,327,0
1839,674,119,151
708,199,61,127
0,179,184,52
371,176,40,27
776,167,236,0
2579,923,595,127
1001,358,263,73
672,272,71,101
3091,1281,375,340
149,49,46,6
802,402,147,0
534,96,105,10
1377,529,243,61
2315,781,566,36
2556,1142,354,133
203,88,22,5
1896,634,173,91
2853,0,775,255
0,1043,398,135
1800,814,201,105
2534,877,725,62
194,44,12,0
1462,619,186,288
989,321,109,162
223,80,34,8
2725,1601,423,198
2958,1755,0,197
1539,651,132,180
0,435,266,45
239,94,67,8
236,120,57,12
1073,320,73,146
2381,0,601,0
0,132,65,25
1276,650,247,0
576,199,97,38
2966,1401,772,0
2991,1373,526,215
0,1085,518,256
1380,378,117,266
17,7,4,6
2422,757,0,78
2641,929,507,192
982,363,425,35
402,100,62,27
2739,1259,345,316
89,42,36,3
2044,904,472,48
2344,1050,203,575
496,136,60,48
2262,1012,184,401
404,181,103,16
0,11,5,8
1078,308,123,105
41,24,10,3
2329,944,638,63
0,839,532,0
986,339,151,58
460,174,60,18
0,189,109,15
2324,1055,239,154
1036,415,154,117
0,803,709,76
2157,0,492,122
2101,792,157,397
1238,474,148,86
1269,471,322,0
2680,1090,309,191
2588,1137,450,369
565,365,175,17
613,240,57,52
2398,1120,545,127
2835,1261,0,238
1487,735,131,360
1047,482,98,280
411,106,106,6
916,351,92,55
929,341,244,33
2588,1247,209,340
2634,853,412,0
3072,0,300,0
1059,220,75,216
3274,1660,683,355
1919,688,110,192
1930,0,285,104
2103,1065,0,287
977,425,236,68
550,175,121,3
323,176,52,31
189,0,29,3
598,197,64,44
1012,291,209,51
208,77,26,7
659,243,166,18
653,188,143,24
0,1497,379,212
2280,0,572,75
1195,182,230,0
1261,275,210,0
1424,691,229,0
2671,1623,727,0
1617,734,159,194
151,37,28,3
33,6,3,1
1092,276,140,145
453,92,67,48
770,304,132,63
1946,1434,596,155
985,286,200,50
607,0,63,106
1982,808,411,0
1086,290,303,29
3162,1563,0,608
17,7,4,1
2169,970,367,120
1668,697,136,353
254,0,48,8
87,19,13,2
2530,1051,261,271
1710,478,458,72
679,150,176,22
2042,810,0,416
997,263,203,11
397,103,42,54
191,56,33,12
2594,1470,309,213
310,92,76,5
1551,778,132,0
191,36,43,15
3041,1431,309,0
1679,496,224,336
2821,0,717,79
528,189,56,86
1901,1164,433,110
746,214,178,32
773,0,199,26
0,596,0,269
1152,672,214,58
192,47,28,6
2513,1099,181,509
523,153,48,0
1065,376,174,46
93,39,0,2
2104,1009,264,390
335,150,0,51
0,511,404,42
189,55,23,31
1434,664,356,0
1136,483,299,27
1454,577,123,254
822,233,98,90
1773,384,271,75
650,189,89,41
2064,754,166,318
1057,341,111,133
569,101,167,12
204,29,0,5
365,72,111,7
830,337,113,48
1614,574,323,104
0,1008,211,118
1217,318,119,43
1705,0,323,135
1053,0,95,158
624,151,214,26
2633,870,337,151
953,307,107,77
2995,0,618,236
1665,542,495,38
1283,0,370,0
1188,387,84,219
311,90,22,41
133,42,18,12
2582,955,736,92
0,176,85,0
69,26,9,1
3045,1787,312,567
0,0,81,21
913,424,138,52
306,147,40,17
2599,582,913,71
915,235,216,32
1766,0,363,89
1173,382,159,296
3012,1347,319,249
453,0,114,23
182,44,21,0
0,129,40,21
0,292,106,58
255,0,0,25
548,175,70,24
3143,1186,829,414
1625,433,221,161
2966,0,286,0
3167,1072,497,0
2044,766,326,79
0,157,282,29
1214,447,119,129
2733,1143,317,322
1849,777,481,29
1295,0,233,57
850,100,204,24
458,185,124,8
2873,864,781,0
650,324,68,49
874,0,211,48
1048,414,88,0
412,152,32,0
2480,1072,411,222
509,136,95,0
329,88,65,14
3086,1493,679,0
2818,0,238,0
1788,774,217,133
2896,1183,228,860
0,84,49,0
77,21,13,8
72,7,9,1
787,325,155,37
1892,938,419,74
211,45,29,0
2991,1240,264,0
1992,915,326,124
1936,561,471,49
1839,770,187,227
1602,681,227,89
680,240,157,35
443,0,68,38
0,1574,656,152
1600,631,171,153
738,191,90,98
224,75,26,0
312,79,30,49
1147,288,94,151
608,198,0,49
1096,416,198,65
0,315,171,31
0,106,308,32
2606,1471,0,0
2939,1287,404,282
256,0,41,0
1185,467,283,47
529,234,135,26
146,34,0,4
2174,626,611,70
0,898,169,157
1721,513,152,183
2619,1261,695,94
0,0,346,382
858,157,275,21
2326,943,104,253
487,150,54,39
0,115,52,24
1446,441,273,51
0,1518,786,348
1839,885,521,78
2649,600,668,123
635,145,131,16
625,311,76,0
1761,566,103,233
2284,0,290,0
3294,1712,623,551
0,536,542,163
2379,1139,723,71
2413,678,322,713
2412,1087,401,150
3118,0,510,745
345,144,100,21
2621,1020,292,180
44,6,11,1
102,19,12,5
1414,616,133,101
1794,947,392,139
3112,1450,230,704
0,0,13,12
1179,451,269,98
1211,0,259,19
472,109,68,0
0,1221,280,176
0,401,400,0
2795,1578,0,171
2239,1000,385,107
354,71,107,4
1939,1115,558,52
234,64,33,17
808,269,201,17
196,72,26,19
0,469,123,137
3198,1204,363,188
1458,550,439,107
1252,289,96,226
2569,1623,229,279
2786,1458,346,231
351,108,65,16
1706,771,195,155
323,0,41,17
2219,738,326,101
2742,1232,554,341
196,54,46,16
237,0,31,17
1662,625,305,74
2344,1155,471,94
699,309,133,27
1053,251,306,88
347,69,100,29
2839,1225,298,580
1505,511,161,0
2197,752,537,222
623,224,166,61
161,44,49,2
419,139,38,84
2896,1124,478,195
2317,642,274,0
1539,511,127,78
1035,331,258,0
150,57,11,25
757,296,147,14
1071,324,81,103
1333,255,312,49
470,134,0,27
1121,335,300,53
320,118,40,10
1488,624,96,173
1763,640,224,278
368,68,105,10
1217,501,134,309
505,203,53,104
1139,342,132,149
876,308,205,18
945,329,0,12
81,23,12,7
364,0,59,16
624,171,0,66
162,6,28,1
372,78,51,14
557,209,84,58
578,126,139,10
844,296,0,21
1177,513,0,0
842,0,58,124
1963,1084,571,121
1131,296,91,197
0,394,89,89
1780,977,489,202
1772,835,152,352
1107,392,180,115
160,0,39,5
602,193,67,31
331,97,47,22
399,120,68,13
1104,325,287,35
90,25,11,3
524,169,55,92
1639,587,284,0
0,145,130,41
1570,592,191,116
1186,373,131,302
1654,828,0,235
65,13,16,1
732,203,56,63
0,82,16,10
0,489,296,53
933,339,0,45
1250,530,342,0
941,296,48,0
855,356,146,75
659,181,115,40
1551,698,155,104
249,70,67,7
1344,561,182,98
577,95,139,14
1753,924,507,74
401,119,35,66
1288,503,175,82
165,56,34,12
1574,613,174,149
935,242,170,33
1385,651,196,0
226,77,35,38
317,84,24,13
0,230,350,48
1233,606,156,91
1632,690,212,434
1505,773,0,67
624,280,93,31
0,719,351,77
1231,277,384,18
761,205,89,30
191,0,58,1
1051,248,82,130
1135,319,361,33
373,134,52,26
2201,0,258,220
692,0,116,53
0,154,40,88
1691,733,142,272
0,822,270,0
167,62,40,10
1625,379,144,202
289,71,27,49
1712,424,352,61
1336,451,256,72
2159,852,482,119
242,27,81,9
0,0,0,49
820,238,179,0
668,252,99,33
1793,706,184,247
309,76,50,14
259,64,42,14
474,179,81,17
701,217,0,70
570,227,83,62
1831,544,439,0
682,296,88,55
1293,420,103,162
0,114,47,28
3464,1855,518,438
1473,534,198,138
3243,1857,956,401
770,416,205,31
1767,0,425,124
2253,1015,347,315
2677,1076,563,97
0,0,0,134
2155,815,625,52
845,279,0,85
2324,1226,349,205
0,255,0,0
663,245,70,30
662,188,62,94
612,233,55,96
330,104,103,19
410,109,129,23
868,432,0,124
244,59,60,3
0,114,39,24
1370,646,303,61
989,513,79,75
597,180,72,89
634,139,135,35
2987,1470,239,187
0,427,138,111
488,228,112,17
2317,973,275,121
1723,471,379,93
502,207,0,94
2767,1259,595,317
386,103,109,38
432,120,88,25
825,0,71,79
1712,654,222,0
1336,412,404,43
1797,723,499,0
0,7,8,1
1773,611,390,82
498,144,102,11
333,109,77,10
389,34,171,14
1688,0,513,118
1263,0,106,69
1145,289,331,0
3276,0,349,332
3148,1939,315,365
2216,1009,288,0
34,11,6,1
1797,594,437,113
0,641,505,82
777,279,166,33
301,151,0,22
90,0,0,5
2950,1275,311,714
1162,580,182,97
57,0,19,1
1627,642,134,313
1501,651,250,106
32,0,0,0
3129,1806,428,374
169,38,25,13
2396,710,333,189
856,282,61,82
259,47,0,10
1010,316,94,130
918,259,315,51
933,293,246,42
375,140,77,4
2001,579,608,38
0,78,36,6
0,676,742,127
2783,1938,399,338
2127,759,723,52
126,0,23,3
309,169,44,11
624,165,141,11
0,186,80,13
2939,996,355,289
222,71,37,6
69,20,19,3
207,86,38,21
0,974,673,231
0,101,78,9
936,314,81,145
2107,760,585,92
3443,1765,425,360
451,0,112,32
2291,787,325,262
73,16,29,5
152,39,9,24
1411,367,313,39
1267,480,289,36
133,55,25,25
1587,407,296,128
993,481,193,70
1008,357,105,162
2979,2207,273,325
3394,2044,715,164
1415,461,0,224
243,72,45,15
2457,0,607,107
660,201,66,49
1143,0,251,57
922,337,120,58
907,335,0,58
595,262,79,0
287,150,31,22
39,32,9,2
135,35,42,3
81,13,29,4
1154,359,316,33
306,0,101,12
469,164,0,24
1654,544,0,283
2836,0,592,392
1545,689,431,72
1491,0,415,22
178,48,40,7
3244,1823,361,642
58,14,18,2
0,429,378,31
1678,573,201,251
2183,0,359,180
2473,933,330,160
226,0,53,1
581,170,0,11
144,43,50,0
3215,2380,315,410
293,89,28,18
598,103,122,31
2125,800,515,63
947,256,242,19
3396,1892,719,0
2940,1477,602,212
0,0,796,103
1532,558,0,248
804,241,278,32
1583,599,0,97
1830,722,532,50
771,0,223,21
1059,0,309,29
0,75,46,3
441,135,0,24
586,175,109,29
2430,731,275,403
219,60,33,14
1155,0,132,174
1710,774,350,72
228,58,18,0
1647,581,244,62
793,279,81,149
1686,364,299,52
757,0,0,20
630,105,0,29
1007,322,322,33
0,198,117,214
0,494,240,110
2798,972,0,340
693,0,55,107
1407,350,301,81
131,53,25,5
481,214,34,55
0,753,176,228
1954,959,0,178
249,73,45,31
124,43,12,9
109,25,17,0
155,58,3,12
1174,437,219,51
2216,864,899,0
343,74,64,17
152,0,47,4
2406,884,338,99
809,345,0,25
1208,303,202,73
47,9,9,5
422,143,97,11
1408,345,210,136
2635,0,612,169
1659,684,390,93
1750,896,251,164
0,42,14,19
366,94,29,48
1660,208,466,27
3056,1208,595,808
434,107,0,14
490,144,43,36
159,40,14,4
3040,1788,686,341
2420,931,351,104
718,212,128,0
784,119,127,45
0,0,192,179
213,62,23,10
2263,1032,621,0
1391,608,401,101
217,79,53,11
1448,480,322,70
473,227,53,0
2837,1466,254,634
1273,0,222,45
1378,435,0,0
2568,885,711,90
1107,245,313,50
221,55,79,4
1295,500,285,82
790,0,73,83
518,152,50,54
2267,705,197,0
3301,1815,396,737
1988,883,223,153
1294,399,164,205
2629,1151,340,236
2855,1166,386,202
2303,951,647,94
2346,1366,406,168
1216,714,124,158
169,0,0,5
252,82,103,8
142,58,0,0
0,21,9,1
181,0,28,11
2211,895,0,151
872,0,68,92
3326,0,298,313
2649,1506,373,175
2796,1016,292,490
654,0,131,20
2294,794,232,463
1780,778,256,275
1805,803,430,50
757,357,85,113
0,609,1039,115
490,231,85,29
1728,494,460,60
1346,383,444,17
2171,833,152,314
1284,484,235,96
823,421,131,77
600,308,111,22
204,57,40,21
0,1608,677,0
1360,523,118,79
2880,1713,381,334
152,40,31,10
2327,0,273,0
2049,810,609,0
1731,543,476,54
262,41,26,35
2858,1201,397,0
1247,332,428,20
0,154,59,72
516,102,48,56
1992,858,185,334
1894,738,437,131
1873,654,232,146
647,270,72,40
969,350,0,89
3181,1884,1043,316
802,236,174,15
0,1331,402,205
2181,681,323,0
2948,1555,720,229
0,935,0,137
961,0,130,67
2557,0,514,133
37,11,2,2
2003,418,250,277
855,0,267,32
2343,522,514,233
2600,1123,183,452
2137,857,0,205
673,280,59,71
1676,895,219,0
1147,368,83,73
666,197,59,22
115,23,9,5
2204,784,405,112
222,53,59,8
541,183,87,21
1986,647,149,263
812,299,196,20
35,11,7,5
781,174,159,38
2006,1073,322,0
223,54,35,3
3321,0,0,462
1367,457,355,0
620,255,141,18
0,1088,316,537
1826,806,286,139
2117,882,172,170
262,101,50,22
2382,1104,0,137
3044,1280,303,208
445,160,0,6
0,61,23,12
1375,357,159,196
1127,303,99,181
342,0,37,39
2245,630,241,244
403,104,89,4
0,724,323,97
1676,546,0,61
872,227,94,68
420,0,35,53
724,180,141,46
448,94,73,23
900,250,119,103
1117,404,270,38
956,320,95,215
1478,647,384,45
0,562,238,66
3081,1395,279,600
1392,470,392,73
543,161,122,13
290,78,21,21
2407,919,212,631
1961,714,195,350
872,273,193,22
353,80,95,19
1982,797,528,80
1381,406,162,130
412,182,77,10
1956,1065,495,127
616,191,119,16
1974,635,222,122
256,32,52,13
1544,538,93,223
1313,531,280,66
1000,418,210,54
1947,669,0,101
0,60,35,5
132,41,0,0
2758,1318,276,446
2670,1379,714,227
561,179,78,39
2239,805,550,112
141,41,15,7
675,304,61,23
0,361,209,45
1595,634,156,267
1732,482,316,77
2220,0,400,153
1512,571,142,298
1682,331,398,72
796,336,121,111
0,126,199,34
1137,360,79,130
949,382,196,39
1260,0,346,28
3231,1987,1139,409
1951,604,332,112
2260,987,344,291
1435,0,164,80
0,338,62,0
2303,664,524,69
98,25,0,3
484,96,93,16
1134,502,247,0
2441,1048,508,131
1504,478,140,135
1484,537,387,43
2504,908,503,168
1799,924,121,99
2040,1266,178,324
1828,0,0,98
1684,588,176,244
1760,495,175,281
0,1515,464,315
3331,1367,385,362
427,145,55,14
1522,616,0,200
328,132,0,24
65,16,7,2
2931,1421,518,175
0,1119,847,86
1415,708,117,281
2252,1086,0,160
730,396,117,47
2534,1183,359,0
636,0,133,20
1096,0,82,234
2112,689,253,195
0,800,188,249
1611,592,474,36
215,96,27,8
0,1439,769,196
925,278,245,24
220,49,18,27
1211,257,102,184
2825,1199,342,449
0,925,406,142
1648,438,381,51
0,66,49,4
595,141,97,29
2497,0,266,329
1376,437,0,96
976,0,225,48
3118,1099,308,500
2025,1133,496,78
282,71,37,59
494,180,157,14
1378,432,136,303
2073,739,358,0
28,8,5,2
1255,490,104,206
0,1162,501,120
766,393,158,37
1252,424,144,215
425,119,48,45
0,728,199,104
2001,0,134,175
1637,422,475,72
0,0,72,76
1574,752,256,0
105,43,14,2
248,83,52,11
1430,513,410,71
0,0,128,143
1171,255,191,70
2608,1558,426,194
706,215,0,128
191,33,37,9
715,164,133,57
1742,601,190,178
1461,514,107,143
3084,1571,332,541
451,124,107,8
1772,909,457,144
859,200,224,49
2162,1015,0,372
119,33,28,5
2817,886,737,178
219,0,12,28
2746,1195,450,146
1433,522,225,114
0,1886,401,327
608,317,66,61
1522,799,157,301
2189,640,775,65
2376,807,482,151
365,108,31,88
1087,458,216,35
74,23,0,22
249,30,27,15
61,13,9,1
130,34,32,19
1435,597,238,49
2570,0,435,203
54,27,16,1
110,27,25,3
187,41,0,0
2193,1186,329,288
68,25,11,4
2002,1235,215,164
1136,263,257,34
2926,1424,295,372
2670,981,823,75
1624,585,346,94
536,301,85,59
0,535,122,185
104,42,9,9
1747,532,179,302
1232,0,151,75
1830,577,398,65
1491,688,164,61
518,161,39,0
244,76,56,8
455,131,58,22
2089,876,521,220
2105,974,156,146
2447,1465,669,61
1832,438,0,91
360,90,46,39
321,82,42,34
1533,467,134,279
2960,1769,539,348
1731,304,331,34
2724,1559,424,0
882,275,0,60
1475,534,341,59
613,217,114,18
993,236,121,114
0,233,280,43
0,49,62,5
0,782,152,142
906,338,121,36
2450,1021,254,179
1279,604,273,43
0,296,0,53
1330,460,104,224
976,332,244,20
112,24,35,0
0,111,0,17
1344,530,308,77
0,916,831,160
1940,851,237,110
278,78,56,10
1757,937,233,153
360,80,92,17
2955,0,695,265
0,24,18,4
2370,1306,612,318
1668,978,447,252
552,186,0,23
146,57,15,8
150,37,31,6
165,36,29,2
701,266,140,20
622,130,81,86
0,578,135,220
631,0,121,28
400,118,117,4
2959,1162,253,207
2925,1495,252,699
2240,914,365,99
1083,485,162,66
848,341,106,45
0,768,573,192
0,537,285,88
2751,1572,647,181
505,0,111,0
2121,417,714,81
230,73,14,42
1865,0,432,0
0,767,172,284
1971,967,236,480
1747,827,187,221
1510,190,374,23
0,98,85,8
0,377,502,38
2557,878,311,473
276,87,78,0
938,282,108,0
956,393,70,63
248,61,57,7
374,167,41,0
2782,1411,523,238
516,196,76,27
531,127,137,10
1915,0,371,111
3086,1007,481,255
237,74,56,0
3288,1684,765,0
3059,0,534,297
1951,489,379,148
1981,691,168,324
524,153,122,14
967,281,104,39
87,14,31,2
1837,651,170,154
1018,317,150,139
2033,0,0,115
181,81,43,7
398,189,109,0
1733,638,436,90
0,16,14,24
2979,1170,341,238
336,75,51,19
502,157,60,27
1449,347,325,52
1515,0,309,33
424,125,54,50
241,65,34,29
807,146,225,58
2773,941,0,302
2715,1510,261,460
1792,858,244,127
1332,354,404,69
1282,353,296,15
1544,670,167,147
747,330,82,68
1119,318,259,67
753,203,197,29
2351,391,198,346
1329,568,246,88
0,715,153,160
1454,779,250,68
50,26,16,2
987,301,264,8
1555,805,190,112
1174,561,123,101
465,140,53,45
2293,748,618,168
732,0,212,13
161,45,37,8
406,73,86,11
603,276,72,129
0,1518,741,256
1070,404,130,34
2526,1262,548,92
2418,836,0,329
243,42,27,18
1874,728,0,287
2015,793,398,109
495,174,77,13
214,69,21,7
3040,1088,0,444
1190,399,113,133
2942,2105,338,443
1064,334,294,44
503,221,38,0
2784,1403,263,0
2544,1010,505,67
990,298,0,59
669,254,176,10
675,260,75,24
202,73,21,10
2474,1203,467,233
1793,637,484,94
313,127,0,0
1169,442,128,26
1878,869,207,91
2525,690,904,66
82,13,11,8
1761,571,151,290
3021,1374,315,0
222,0,0,5
1926,778,158,123
1243,490,85,82
1332,350,336,55
65,19,14,4
1732,638,221,74
712,179,73,90
2287,826,149,274
475,107,126,19
840,0,246,29
2995,1704,975,313
2103,846,348,100
988,276,92,69
1188,475,129,63
2704,1753,258,296
254,63,44,22
2563,1285,496,149
0,713,270,98
2223,512,243,203
1626,585,210,80
1715,783,449,77
1605,450,0,26
3062,1386,434,432
138,48,10,13
3190,0,526,0
0,828,0,297
0,1388,562,136
2319,1107,756,88
562,152,48,78
419,0,57,17
2359,1426,239,249
1671,583,153,0
1033,332,129,76
967,369,97,0
1273,408,115,296
2818,1618,342,173
0,1747,378,458
1783,568,401,224
1658,497,310,64
2682,1412,269,884
1365,349,368,0
2664,1405,579,156
1534,604,158,105
1576,324,372,94
100,31,15,5
563,192,71,48
2036,1416,196,124
0,814,259,172
955,203,122,51
0,24,48,5
376,85,106,17
0,497,360,46
272,85,22,28
2419,920,216,0
900,479,98,55
369,126,53,45
1208,308,379,24
0,836,378,171
2243,925,240,494
132,30,40,3
948,340,82,122
1932,547,545,75
0,462,228,36
1043,319,256,44
935,313,107,64
2697,494,821,186
352,73,35,37
374,76,85,7
1865,664,141,322
1137,283,175,55
190,0,21,15
1292,393,272,95
763,261,128,29
333,77,0,15
569,239,45,61
554,221,55,54
1628,514,167,210
2646,889,274,168
473,203,0,0
1675,0,425,0
286,100,92,8
240,114,20,17
3192,2323,517,441
2484,922,236,0
2959,1622,453,0
0,224,99,24
0,864,849,45
3196,1791,0,623
2963,1130,353,276
2308,725,378,317
542,153,0,37
894,158,270,26
424,153,47,0
1334,581,0,133
2768,1624,348,192
1720,664,218,81
269,107,89,11
1884,496,668,129
0,738,342,0
3000,1632,499,158
821,194,137,35
279,95,31,16
0,574,423,0
558,252,0,31
128,87,22,9
159,0,54,3
266,85,87,15
583,112,109,47
2757,0,532,164
3242,1630,446,391
3424,0,243,586
2229,814,234,313
2855,1466,318,300
3027,0,592,539
1325,269,243,66
3343,1779,367,474
922,176,0,69
1011,287,188,276
1075,491,99,0
2315,972,643,138
1663,505,424,58
2044,1209,594,129
347,142,36,64
1664,464,337,95
2021,1080,342,95
803,362,296,48
2390,1047,556,0
392,123,47,47
2634,1025,334,183
592,165,0,84
3006,1684,321,925
1912,542,474,84
1310,432,370,32
27,8,11,3
1883,913,222,212
1505,311,172,88
632,91,186,24
2024,847,525,106
1547,727,353,60
1412,618,133,145
2564,0,235,252
402,200,24,28
98,14,18,1
1330,502,342,90
69,28,8,2
1279,632,154,72
1729,535,291,218
438,193,71,0
727,239,96,113
1739,828,433,74
297,0,61,9
148,13,37,3
0,1434,278,218
1044,321,270,28
1999,729,352,145
1464,422,346,43
412,98,24,59
166,42,15,22
1202,372,278,31
882,0,71,88
1506,214,145,40
136,58,20,10
2333,873,194,607
475,139,55,24
0,1662,410,376
201,40,37,7
2508,895,276,354
1637,530,301,69
300,115,32,25
427,108,59,19
0,474,108,93
373,97,64,18
1137,262,361,26
1828,452,508,130
2494,1139,214,303
746,263,140,24
98,24,0,2
2999,1528,780,284
918,406,266,0
794,239,286,14
1541,0,292,48
715,196,220,0
155,0,28,13
1094,194,146,51
858,91,250,42
1339,503,123,197
2242,773,624,163
2821,1624,1093,112
1479,640,159,119
792,361,94,59
687,279,65,60
265,0,70,10
1970,939,165,263
3096,1801,721,153
605,136,65,74
84,29,12,0
921,373,247,46
0,0,0,20
231,71,28,20
1071,370,111,178
116,6,18,4
266,86,33,13
465,0,0,36
1866,596,607,83
1143,489,294,23
283,111,113,6
1623,657,167,107
2100,0,545,234
1354,513,344,148
746,318,201,86
2290,1028,654,138
2068,577,365,95
456,0,106,25
1975,974,168,158
171,53,24,13
1214,473,240,109
1938,537,606,106
713,316,139,42
0,2094,681,197
850,202,75,117
3035,0,457,294
1952,448,717,27
771,273,117,38
2903,0,370,400
2959,1446,333,249
1980,970,221,196
735,194,123,65
61,28,12,2
1521,566,0,94
185,62,46,3
306,80,66,6
0,343,405,66
220,95,46,10
240,0,59,8
1314,165,362,44
1776,448,183,391
2982,1593,646,173
2834,1443,279,329
512,186,153,12
0,74,75,4
2452,1181,359,229
772,0,152,43
2819,1304,253,210
244,109,0,26
786,418,69,64
648,290,127,19
2168,534,312,164
918,375,141,44
762,198,69,177
2297,996,461,109
1742,511,187,154
328,145,18,46
535,186,78,19
1060,399,124,65
967,379,0,58
2702,979,240,116
2314,556,871,186
1596,394,616,151
859,0,89,160
1807,521,135,246
470,0,50,44
2651,1230,0,0
106,23,43,2
1087,481,108,112
1442,635,171,241
1486,666,236,0
1317,453,154,48
709,202,71,43
0,1190,734,218
99,24,20,6
140,45,31,7
1030,408,316,26
2229,1045,160,186
759,266,123,22
2278,1497,342,171
317,99,49,16
1552,831,122,202
2195,0,405,0
2177,771,629,52
2355,704,715,43
355,113,55,13
0,689,400,40
2755,1135,627,0
1767,587,191,280
2845,0,799,189
2843,1503,0,144
1115,411,142,137
906,356,283,25
1339,474,345,0
865,385,79,113
0,931,222,413
25,0,4,6
123,23,22,0
114,0,20,0
3129,1667,401,300
811,395,193,32
2520,994,356,0
1794,372,288,101
332,88,65,18
503,146,45,17
108,0,16,0
2881,824,445,724
2469,1343,468,66
796,250,78,130
1651,0,247,305
2081,1387,373,172
390,141,68,16
114,0,21,7
1633,0,164,111
1550,513,401,0
1269,382,129,0
673,245,94,0
486,169,72,22
233,112,27,17
13,5,4,1
685,215,0,47
406,115,69,36
204,49,38,15
1925,0,704,132
1477,635,222,75
51,19,11,1
2289,595,231,0
1728,894,0,317
0,841,191,480
436,122,129,14
865,410,88,106
891,256,178,45
2485,1239,404,143
2963,1110,360,794
261,38,22,5
211,59,55,9
658,189,135,33
1016,532,252,36
267,49,26,12
2838,1896,732,82
2499,1215,281,348
582,169,41,0
285,135,41,14
0,539,320,87
872,207,191,90
2272,835,343,304
0,518,192,101
872,269,0,161
782,365,0,66
0,143,78,10
75,29,17,2
732,250,0,20
223,78,50,6
286,94,23,0
1424,681,355,52
1463,153,266,24
2600,826,408,0
137,36,30,6
1395,769,99,119
496,236,52,0
1957,836,151,92
582,0,49,55
1397,294,426,60
1063,346,251,35
2809,1217,676,120
1510,552,175,89
867,436,118,46
1540,277,606,0
336,127,48,11
2051,1022,275,146
894,272,155,0
181,19,24,2
2360,1039,225,403
1649,760,156,0
1602,501,0,40
0,537,274,78
181,20,40,7
0,0,142,204
856,353,86,149
2140,867,318,108
774,125,52,118
2156,0,678,203
1683,682,276,105
0,1929,281,450
0,134,115,33
366,69,74,14
0,163,118,20
1551,616,103,170
463,118,135,14
433,206,76,22
0,817,631,70
0,717,513,53
1718,584,465,121
1331,320,376,19
0,1056,338,200
978,0,92,62
409,0,74,24
2216,808,622,22
1145,360,287,26
330,59,86,6
1375,595,131,183
0,47,81,25
2169,1019,234,305
1853,688,461,81
106,27,27,2
81,0,7,11
2069,709,240,148
810,304,106,0
1014,364,184,63
1401,805,0,84
1597,533,382,150
2062,774,171,78
1969,1000,0,135
2650,1029,302,0
524,163,121,15
288,65,75,0
178,44,38,6
2497,1106,260,855
1685,783,196,96
752,341,178,26
2287,745,684,42
168,0,30,19
839,240,147,34
445,55,121,0
1169,374,212,79
71,2,0,3
1310,0,121,129
635,154,152,10
101,45,28,0
2870,1971,636,202
199,74,0,2
126,38,15,24
369,53,75,4
1383,524,213,62
745,359,0,43
0,640,0,285
130,0,19,13
0,1086,265,386
1416,669,296,69
1091,405,94,186
0,203,106,15
676,180,90,41
456,180,55,153
295,54,30,52
195,83,0,5
184,58,48,7
2086,943,197,149
122,33,47,3
486,168,148,6
0,72,18,18
1382,708,128,96
1032,603,172,61
1087,541,207,45
1151,472,0,152
557,103,59,80
1732,659,429,97
0,525,150,88
0,753,230,78
458,135,176,32
308,39,48,10
1878,621,187,287
2174,788,156,404
155,50,40,0
1950,1160,703,102
1613,837,118,191
732,383,88,138
2020,823,301,112
1445,677,0,117
2546,1850,527,231
396,97,54,12
2120,0,0,346
755,370,73,0
102,17,14,5
1037,471,352,36
1101,252,92,142
0,37,8,28
793,291,108,126
1827,665,322,113
1958,798,370,158
0,263,101,76
1522,603,228,86
0,0,717,210
697,326,66,84
1442,614,290,30
1946,1044,252,229
318,0,51,26
1146,281,324,19
759,239,106,0
551,194,0,16
1237,0,101,0
2196,879,212,290
334,174,46,36
1655,782,0,71
1558,944,191,275
1748,578,219,88
729,170,152,26
1468,556,308,43
82,0,22,1
934,356,226,0
1561,566,292,122
666,185,0,19
266,58,25,34
2129,847,211,251
1469,529,159,112
999,511,214,38
243,62,26,0
555,218,120,25
1535,691,477,31
752,237,128,42
692,171,170,0
2082,1015,0,152
123,18,0,5
1636,747,127,61
1706,676,181,325
2075,1181,317,274
921,289,130,25
0,570,100,231
1717,634,251,88
643,186,160,33
1431,306,233,49
669,183,67,105
0,72,35,41
2329,1239,632,257
541,167,56,62
960,148,101,41
766,161,177,28
179,36,25,37
1657,583,443,79
1780,952,188,98
58,6,12,5
221,45,58,5
463,130,107,26
370,81,67,61
1078,267,0,47
0,149,121,217
922,193,100,44
369,159,74,0
1211,665,97,46
175,50,63,3
624,207,0,17
307,115,58,33
566,87,115,13
734,204,199,71
0,153,140,59
0,51,59,0
369,145,104,0
2058,748,333,98
713,228,109,117
1527,518,0,70
269,41,74,9
2160,826,176,518
250,42,80,14
1111,393,188,61
1583,412,333,121
2230,0,128,0
1127,568,135,157
2983,1786,0,539
676,247,123,42
328,125,60,21
0,399,0,93
820,133,68,133
3119,2280,640,374
676,218,52,42
1037,240,208,0
319,0,23,20
2687,1366,461,202
1541,723,249,108
2541,842,320,133
644,0,99,26
919,250,60,82
137,15,26,9
974,0,230,56
1414,290,404,38
2233,905,590,0
2133,0,250,177
0,380,297,31
2269,937,656,113
0,93,49,26
1191,375,365,0
2349,1023,243,439
1075,341,155,80
441,111,32,44
150,0,0,16
878,276,145,58
334,0,78,10
2010,724,594,28
376,148,52,16
1206,377,255,33
2136,929,462,64
0,0,311,0
702,143,42,143
963,291,0,182
230,32,48,10
1837,670,396,108
1661,917,363,132
1029,454,293,42
104,33,26,4
0,737,337,81
1219,544,221,0
1174,325,155,85
1575,756,119,220
1056,333,315,46
0,1048,541,182
0,30,23,3
378,85,46,57
2678,1446,425,218
579,262,189,18
544,182,33,35
1156,0,123,115
1910,506,350,109
58,8,9,3
2685,0,0,704
601,126,122,28
2559,1008,917,143
2859,0,283,471
296,0,0,6
489,194,89,25
435,125,48,29
318,110,44,38
1149,541,260,38
1197,0,332,43
961,362,306,0
185,38,55,6
149,22,31,2
0,1107,475,191
1161,401,210,61
1939,0,130,313
368,150,37,32
2956,1070,611,420
2530,1249,273,243
690,197,130,31
2609,998,207,135
228,115,0,21
224,64,28,41
177,83,26,38
395,115,54,12
2193,1089,257,212
0,213,71,26
1054,485,0,216
1583,470,156,55
1973,967,284,212
2414,1167,437,441
70,23,16,2
2094,1282,158,223
238,83,46,11
575,144,109,28
1662,641,351,77
1271,339,123,187
675,202,87,68
410,0,61,49
2668,1542,245,447
1729,511,0,104
3023,0,295,471
488,164,128,16
2485,1068,0,287
2312,910,416,98
1970,859,424,215
0,1107,304,169
194,96,28,8
355,65,111,22
653,173,175,13
1856,779,497,113
0,84,55,7
2728,1241,244,609
342,91,0,16
2240,715,348,124
85,14,16,2
695,0,49,43
489,132,42,71
2603,908,700,73
2409,791,497,124
633,137,134,50
488,109,0,0
2187,720,235,82
2482,1328,627,232
562,124,175,20
952,341,225,34
1188,429,364,78
1065,343,168,48
1275,520,308,60
1283,252,129,228
465,181,108,23
987,532,74,78
109,0,20,7
399,0,94,15
311,159,32,43
2159,879,252,79
2638,781,342,704
445,105,46,44
154,0,16,14
224,54,0,34
392,110,0,50
2730,1264,520,252
982,508,290,32
2041,982,601,118
192,27,40,1
2497,1465,210,454
2007,0,527,53
0,149,174,24
0,546,629,0
465,176,0,95
0,197,191,21
0,93,78,11
1412,1002,263,319
2059,915,168,392
751,202,167,30
248,0,28,16
1771,537,523,66
957,443,315,47
2541,1030,542,207
1037,356,189,49
988,382,171,57
1287,574,100,265
683,307,128,54
1122,461,318,35
1243,304,407,16
1196,379,0,42
393,105,127,8
1692,836,482,0
1556,928,310,95
568,0,36,40
2513,1301,379,212
90,32,36,2
1391,613,254,302
192,0,16,12
0,656,600,94
0,1007,376,139
455,145,48,104
2502,1130,1104,0
662,241,94,25
2158,686,775,109
790,349,0,50
2018,818,159,0
2312,946,343,158
1446,884,186,91
2356,1469,508,354
1681,804,156,127
674,158,106,25
1926,802,540,84
0,729,314,184
1303,592,135,274
2069,604,257,228
1673,396,175,182
2268,1117,327,462
158,44,39,4
1979,694,456,117
262,74,39,11
889,386,220,36
1587,0,416,77
72,0,17,6
2100,1236,535,50
2414,1244,328,473
1302,779,142,89
1916,660,0,106
0,0,3,2
1841,942,214,0
701,109,91,46
2045,785,0,55
897,299,272,16
1193,543,129,100
702,327,0,125
2282,1333,457,143
824,294,199,59
1423,656,303,109
738,308,138,42
167,44,41,8
189,61,0,7
571,168,97,38
101,17,26,3
2409,1277,167,137
261,73,39,11
692,226,125,193
1131,386,163,77
1545,496,224,135
285,169,22,46
423,236,73,57
155,37,0,0
1030,428,0,78
430,127,53,22
2228,1162,184,513
735,204,90,56
1641,541,121,147
1726,1101,0,284
0,443,0,69
0,0,192,49
1494,605,143,0
2096,963,693,0
1422,595,135,89
672,199,106,0
1895,0,449,223
2114,884,237,448
1462,617,202,0
1087,341,166,44
163,49,27,8
105,17,18,11
829,386,166,0
2014,636,533,62
1620,535,296,70
721,179,86,41
2530,1573,0,299
96,18,21,1
1516,527,293,96
1178,467,95,0
845,327,148,53
1079,433,117,82
0,0,188,162
363,255,98,0
1075,308,210,83
496,133,157,16
218,61,57,11
2115,887,255,99
1451,0,492,162
206,76,27,9
61,0,7,11
797,0,109,63
432,124,56,24
1005,395,146,0
1253,595,143,211
2126,1120,145,183
2308,1038,0,135
410,120,38,20
0,255,228,13
1867,569,162,337
2394,911,443,140
1262,531,143,157
2578,2029,589,361
2734,1121,271,383
329,159,42,21
282,143,35,18
2192,763,258,284
2566,1213,225,213
572,151,51,49
272,51,39,0
1200,425,234,71
1932,557,668,91
1114,505,142,118
1481,686,0,121
709,293,91,40
304,125,62,25
0,0,501,612
1280,0,138,118
1610,669,342,0
903,447,168,70
2893,1578,397,296
131,69,45,7
2524,894,298,259
866,246,166,57
383,152,45,27
631,137,70,73
773,239,90,0
702,287,135,33
1881,767,403,67
868,332,96,0
416,157,46,70
769,321,68,86
101,26,15,2
1687,593,0,118
399,97,58,35
534,318,0,26
1227,580,252,77
1255,567,373,72
2048,914,253,235
0,1501,573,147
1816,660,507,104
2780,1666,259,341
2852,1434,302,331
2314,1210,696,178
0,430,194,87
926,380,62,24
635,124,255,110
1965,747,542,122
225,65,46,7
764,309,250,72
294,67,40,16
395,84,50,39
698,283,85,0
2084,749,628,0
0,314,0,16
725,273,111,47
823,145,114,130
2286,919,829,144
426,182,122,10
470,205,41,0
0,0,359,46
2097,1080,225,0
1747,720,185,56
0,87,72,14
1160,374,190,46
1667,810,203,239
192,43,42,0
617,239,92,154
2362,955,217,0
66,23,9,11
692,369,115,73
61,20,26,2
1686,965,302,89
1109,590,150,85
186,58,50,15
2258,1409,302,344
2845,1675,291,164
2338,948,521,110
212,83,43,6
1774,638,455,71
558,222,115,18
584,207,177,12
2116,979,0,0
2845,1832,700,0
0,0,31,3
0,114,91,45
935,528,193,0
1778,780,178,147
264,0,78,0
1793,483,567,74
1190,0,244,79
1091,0,342,0
2083,0,277,111
159,43,33,8
143,34,26,6
703,285,47,100
2197,1117,459,141
219,59,56,4
2063,900,153,312
2292,1415,242,433
316,98,52,28
1891,1528,585,266
2254,845,0,93
0,504,284,76
0,816,647,158
1333,0,166,188
2070,1555,513,300
788,411,137,124
1040,316,311,40
1642,350,0,67
2134,1145,326,0
2689,1775,0,251
1989,846,486,73
1502,639,383,60
487,207,103,13
2556,883,849,121
1807,497,224,124
2471,776,599,533
1177,442,262,0
1474,425,0,0
626,254,146,62
682,221,154,21
62,15,16,1
931,535,278,57
2038,1221,718,359
2570,1029,1114,96
1954,874,336,162
1140,595,118,130
612,289,162,27
1732,681,179,335
2459,835,260,179
1237,468,188,110
752,144,101,54
1345,389,151,139
2271,839,519,80
1787,484,174,39
287,90,34,15
2133,556,251,534
430,145,49,13
384,0,40,19
381,107,74,50
1679,744,384,75
0,1105,366,160
322,130,42,48
483,188,150,20
1391,662,467,123
1605,501,260,47
1728,1025,314,142
310,82,53,18
626,165,165,12
1368,636,168,82
157,64,29,5
1614,539,168,140
2376,522,0,79
2082,1154,246,283
1955,858,0,88
1263,410,227,131
811,312,73,129
1068,0,258,37
2336,683,248,96
52,0,0,3
0,2199,205,449
2336,630,716,77
2236,540,0,99
1123,444,95,226
115,40,22,9
2066,959,759,57
408,124,59,52
1384,729,154,200
1012,281,89,114
2802,2558,864,840
1643,543,184,192
3048,1933,0,189
108,21,12,12
139,58,24,6
432,0,121,0
843,240,125,36
