3000 5
0,6501,0,6925,0
0,9752,0,8786,3792
7699,1835,9771,9456,4304
9389,0,0,2870,0
3254,0,370,162,0
4455,0,5201,762,9279
3813,8166,0,0,0
9107,0,4844,0,0
8637,724,2064,8408,180
6368,7797,6286,3550,668
1337,0,5216,1707,6967
1794,6163,0,0,0
0,809,5092,498,5442
184,0,0,0,0
7115,3666,0,0,0
3536,0,9872,9822,0
541,1159,5905,5757,0
2872,7551,9030,8311,4547
0,3029,0,1048,3528
0,1232,3135,0,0
5766,4800,9928,9122,3980
0,0,0,0,2481
8628,2416,0,4533,8174
6508,0,5725,5539,5717
273,1496,8747,5630,0
2276,0,3778,5411,4115
0,1178,8915,9967,300
2895,1970,0,2424,0
5440,1053,6263,9081,5586
4437,0,2992,0,0
8710,436,2626,0,6066
5171,0,0,8949,5146
0,8989,6324,5526,8957
6625,8422,928,9583,0
4774,5024,1900,1038,4106
0,5475,9696,480,5638
0,9190,6074,0,0
2141,8624,0,4637,0
1531,1248,6564,7855,6775
5522,0,0,6450,4064
6046,0,9089,7946,2263
3195,5434,0,2891,5914
3377,3718,0,0,7172
0,1593,5797,8138,6231
3371,9669,7480,9936,0
4255,5458,2006,9454,1908
0,5500,0,5160,3447
5397,8355,8881,3136,1247
4795,0,0,0,5965
2138,1654,7559,7935,9792
3790,0,9461,1271,1243
6986,5527,0,8993,0
8610,5064,0,1744,224
3929,7141,8580,2811,278
9827,7606,6791,0,7506
2757,6932,0,317,0
8953,4107,6175,8415,5378
7418,5402,905,4120,4395
5887,2730,9459,6369,4474
9684,299,1616,8264,3110
1894,0,0,0,0
0,1443,9819,7384,1760
0,6338,5868,862,4753
1247,8281,155,0,2402
4550,0,5133,0,0
0,3694,4709,1224,1958
7820,3119,51,0,1805
2937,6760,0,0,4145
5010,7444,483,879,0
5236,2127,6588,5391,4280
8991,0,2322,0,0
6732,0,7646,0,0
9604,0,8075,9655,0
9881,2593,4560,3131,5350
8705,0,2794,9189,9020
0,4425,1148,7690,9816
5429,6681,9758,0,805
3710,0,4537,1356,5926
9493,0,5190,7569,617
2990,7451,3211,7550,582
8561,6256,8723,0,5445
7744,0,9871,0,147
9688,4321,6828,0,2073
7633,0,6557,0,0
0,1664,5475,7674,9234
6093,664,6685,0,8214
7267,7866,0,5991,9222
9917,3736,1679,9788,2629
0,0,6951,8655,0
9024,6288,2080,0,8459
6595,0,124,2071,0
9358,0,6404,0,7469
0,0,5335,0,0
0,9007,3039,6237,8796
5669,0,0,2620,6719
7196,1645,3008,9276,7227
1467,5872,0,1591,7943
1033,950,6108,7437,6994
3578,2056,305,8914,0
0,3472,0,2649,9709
0,0,7773,7223,939
4493,4419,2584,7501,0
9811,8968,0,5104,0
7512,6137,1510,3621,0
8504,0,5631,8810,6113
0,8419,0,6934,0
9295,5885,0,0,3109
327,1562,0,0,9063
1226,2723,0,795,0
0,8308,3966,0,1929
7541,8607,9129,3173,7417
0,9952,0,4828,6887
6906,4124,2772,6294,1193
5882,6621,2755,3411,0
1819,0,2257,0,0
85,8444,3741,0,8547
5670,1593,0,4799,4766
4572,0,4719,409,4871
1606,7316,8995,4379,3610
188,262,231,2944,3673
9764,4764,8311,2021,4616
3744,2107,3060,7485,0
1608,3156,7752,8763,7956
0,3335,7998,7239,3745
2869,8846,1061,1864,0
0,2053,3488,0,0
7162,4668,9762,0,6690
4378,9218,8797,0,6704
4956,9047,9860,0,7810
0,5228,1146,0,2468
4892,0,1314,5954,0
4540,626,2604,0,5529
0,0,198,0,664
6888,0,9882,0,0
0,0,8229,6447,3351
6040,0,8580,7187,80
0,0,8766,0,8033
9317,6903,8660,0,4932
4189,9524,0,4388,6889
0,1276,0,669,6962
7813,7256,0,6042,3703
0,2083,7968,9537,9270
8049,0,1349,0,2949
9383,0,9853,8043,0
4785,2233,7580,0,0
4469,5695,0,3101,6365
4860,915,0,2465,0
7325,3422,9041,5294,0
8311,3343,3547,9661,0
6496,9044,6293,6350,0
0,1135,9322,1930,6044
5943,6400,1739,0,9502
0,8702,418,1727,0
7376,9053,4591,6417,4347
0,4729,7691,1099,4390
7850,7596,3435,4144,0
523,8494,5081,9846,0
0,5789,6826,2866,9632
6329,971,8334,6747,0
9503,4124,1751,4095,541
6099,1647,5271,3790,2746
0,0,0,0,5786
4288,3621,0,9370,0
0,496,9257,1533,3362
0,7862,4334,0,0
7033,0,8734,8785,823
9276,4884,2470,4547,8674
5216,4210,315,5559,7307
6102,0,929,382,0
4397,5089,9715,0,0
3078,2544,0,7412,9769
9096,4445,6498,0,3231
0,7107,8115,9792,1655
6790,0,5865,7106,568
3172,3208,0,4102,0
0,0,8680,9350,2154
5303,2428,4699,9789,0
4469,8885,4286,967,6716
7518,8289,3823,5633,8081
5478,0,3090,0,0
3659,4516,0,0,8619
6329,0,7118,0,3061
9273,0,0,3973,0
5330,8442,8989,9617,9409
5705,0,7698,9529,2769
0,5007,0,0,6351
4723,2530,868,7461,6606
9488,0,316,6607,8801
3377,5880,9115,8867,9853
0,0,8295,0,3815
7705,3913,950,5404,3443
3719,0,0,0,55
4803,3635,2585,5671,1097
9192,5159,0,9509,1767
0,2886,0,2805,1754
7501,2024,5951,0,232
9767,0,4146,717,8907
7589,0,91,6041,0
147,844,0,0,6515
8083,1925,1675,0,1434
0,6661,4321,0,0
6075,0,1491,2027,0
0,1794,7892,5871,2512
0,3461,0,6891,9502
0,7038,346,7286,9771
6862,0,1696,0,8342
3131,0,0,7452,0
0,3528,1664,5963,5555
6053,0,0,0,0
9862,745,0,0,7636
6521,0,4674,6868,4400
4446,0,0,6143,2268
8113,0,0,3117,6727
7322,7589,255,8986,3552
5810,5040,1240,3161,8986
4798,3023,9731,0,9837
7367,8340,6950,2042,5208
1351,6488,8939,1122,2632
0,9236,1906,0,0
8633,2780,9943,8889,0
3495,0,6806,4735,7861
5792,9534,0,0,1353
0,2892,9694,7672,4934
4903,9024,1423,3842,146
0,5050,9382,5961,0
1736,4595,3289,1679,3484
5056,5175,0,0,9911
6045,7656,9445,6930,3180
799,7652,6072,493,0
1007,5396,4349,0,9239
0,6485,0,3878,2447
0,0,7043,8088,7295
528,3145,0,8712,0
2381,4758,2664,0,0
5845,0,0,0,0
0,2924,8516,9017,5355
7755,0,1841,2045,0
4288,0,3007,1332,0
0,1860,8078,2773,0
3086,5154,0,5751,6982
7021,1596,9608,6363,3514
2728,1030,6438,0,48
0,9001,3561,3635,1046
0,7924,7891,3962,9256
2824,4265,1116,902,7038
1690,0,0,7021,9740
9175,0,0,8784,0
4850,0,1437,1289,2758
0,0,1759,5047,6719
2806,6001,4643,697,9963
3900,0,4228,0,4424
1267,6707,0,3460,0
8154,0,7772,9490,1420
8178,4340,0,9615,0
5691,0,0,7451,6148
5433,258,0,76,956
2113,3976,4478,6342,0
0,7609,5701,7317,1070
9430,5471,3706,7202,4961
5126,5380,0,8060,4996
4932,0,6097,0,0
2245,9079,0,0,9155
2418,0,3132,6896,2851
0,0,461,0,3116
1532,7258,8587,5238,4460
0,365,9841,2851,8425
4837,0,2178,0,1429
3381,0,508,0,7576
9664,7262,4085,2797,4159
6937,0,9958,7399,2752
3075,0,0,0,4170
4471,5212,4536,4312,8064
2962,9150,5847,5140,86
0,8522,0,7785,3366
843,7449,629,4929,247
4788,0,0,4747,0
7923,0,8197,7934,0
2367,2405,0,6904,0
0,0,5869,0,0
0,5888,3529,9222,3674
6895,0,1123,7525,4994
1371,2313,0,6542,7060
6127,4465,4883,4324,2400
0,0,4805,9070,3596
1524,0,0,7393,445
8470,3348,6334,1999,0
8,8895,0,1132,6420
0,0,8734,0,0
0,0,3511,678,0
0,5049,0,717,4119
5232,2241,0,8695,0
0,0,2982,2733,9165
5553,2741,8061,8189,3873
0,5820,6377,3215,313
5422,9010,0,0,9689
0,4845,0,0,0
0,2744,7803,4812,1440
7437,0,8606,420,3945
7772,0,6687,5833,4163
0,314,9984,0,0
297,2361,0,0,0
2230,7106,6140,0,4618
1703,0,7363,9506,640
8804,6944,1852,7410,7364
0,5182,0,2485,1015
7502,3047,0,7487,9986
0,7785,0,7402,9015
3643,9632,0,9784,6601
740,1487,2429,8103,993
3069,6907,7938,0,4318
5303,719,9501,8642,0
517,6145,6253,0,3632
6240,0,1418,0,0
433,2231,3744,6555,2016
345,0,3503,2775,5399
4497,0,2307,2435,765
6625,0,0,6127,6381
0,6644,0,943,8492
6158,7183,0,0,5772
9312,8010,8004,0,4566
20,3402,0,0,0
7261,8021,2021,9569,457
2787,0,8196,4272,0
0,8962,8966,0,9906
7458,3263,7090,2659,0
2863,1972,8850,867,0
0,887,8430,5278,4411
0,2540,2433,6629,0
0,0,8304,1088,0
627,5666,2652,9593,2770
0,7052,0,9649,0
6874,2512,0,5724,0
6712,9141,4267,5143,0
8679,9751,6961,1113,6381
9071,4005,0,7376,5093
0,8003,759,2139,7597
3530,0,0,0,0
4361,6438,0,0,2163
0,2758,1305,0,7902
5725,0,7653,0,4303
4035,1758,8308,9833,9134
3401,9320,7138,0,0
4735,7691,0,9384,7255
507,0,0,0,9791
5856,7610,0,7161,2119
452,2887,0,8106,5575
9612,2141,7334,0,1975
0,0,0,3607,5484
0,0,3176,8915,7727
431,9423,1473,0,6791
1265,9982,4402,3815,7144
6521,4268,32,1831,2374
5607,0,0,0,9364
6491,0,687,0,3019
6171,545,1361,9347,0
0,0,0,563,0
5675,0,0,78,5644
1032,0,9913,0,8431
2287,6673,9875,6804,9615
9240,3296,9026,0,1084
2045,6099,1630,3407,0
1091,2497,0,9975,3060
9132,5651,0,0,5729
534,4053,2329,447,5118
760,2735,1791,636,9540
1406,0,2836,433,9803
3921,0,5903,0,0
1350,6643,8383,6578,6618
1444,5710,2270,0,8731
7999,6868,0,329,7316
7902,1090,52,9693,1726
0,1099,0,0,0
1405,0,4011,7309,1903
0,8660,0,0,0
5165,9726,948,7435,6060
9680,0,0,2464,0
246,367,6854,299,60
8580,9892,1160,0,2322
0,0,8673,0,0
0,6603,7558,9123,4886
2796,0,4612,3745,0
673,0,7159,3603,5890
2924,3850,6257,9779,4149
6318,8359,4042,7478,8542
6365,0,0,5038,6877
9029,5616,3481,6588,0
8367,9384,9029,2980,3129
0,0,6555,7913,0
2445,838,0,0,617
5258,0,8977,9301,0
0,5666,2672,7652,705
0,0,6321,3031,3270
1061,1399,2654,0,4380
5784,0,0,0,8759
0,4785,9597,0,0
214,0,0,9192,962
1009,0,6628,3681,0
7333,3231,0,0,6263
4317,4716,0,6971,4807
2043,2756,5653,0,5096
4412,5372,9881,4009,0
3370,4224,3435,1879,0
4397,0,129,0,6569
0,8359,0,5541,0
6064,9858,0,0,6830
1538,5770,0,7191,5850
4682,0,1222,4564,0
2997,7934,9838,0,9814
0,0,2702,3385,0
9272,7879,216,9073,3420
2230,5137,0,8961,8864
109,500,0,9695,7692
485,4378,9296,1707,0
4910,4705,0,4749,1138
6692,8004,0,9394,1389
3826,8667,9268,4043,0
2689,6274,0,5968,0
1741,6077,0,6376,0
3428,6861,152,2725,8569
9096,7635,3275,5974,2384
4414,2666,389,0,2061
1778,211,728,0,4254
0,3737,528,0,0
5764,3087,5783,1500,9464
0,0,6326,1710,7653
4896,0,5289,8171,6780
0,2586,9446,8063,8970
1508,0,9181,0,889
3436,706,4627,3965,2052
4332,9729,5139,116,1229
4604,1674,0,0,3384
3812,5826,4190,9102,3998
0,6776,6584,417,4839
5554,0,0,4736,4163
5571,8172,0,198,2137
6921,4531,1866,2061,4648
3096,0,0,0,7595
0,3067,3421,0,2169
7419,0,8945,4003,0
3785,9558,7210,8467,0
1373,4038,2466,6243,0
0,3164,8768,6470,5225
0,9567,1890,9738,8822
9485,9444,1889,2907,3341
0,0,0,3005,4331
3493,0,3889,704,0
8183,0,0,650,8321
0,5254,1485,2300,1725
0,5716,1292,0,5455
115,8087,4900,0,0
8241,6064,1322,0,0
0,9944,5859,9542,648
0,7726,2726,413,0
1047,3945,3630,2532,0
5356,9244,1963,6649,7845
7418,6764,5933,0,8769
6928,560,4833,8251,0
3903,3905,6955,9763,3447
7603,0,1174,0,1293
0,1377,5239,3181,3910
0,0,3154,0,5187
0,0,0,6933,3187
721,0,3748,0,0
759,0,0,7714,9221
9466,0,102,0,5648
1396,0,0,6635,0
935,8122,1910,0,1572
7097,5089,2441,9049,2022
5629,0,0,0,5325
0,0,4783,4017,7852
4005,3483,3170,4107,4124
8818,5503,0,5843,2139
7688,6779,261,0,0
1834,6697,5958,4275,5746
0,9904,5516,3866,9282
841,1864,9419,0,0
0,9630,0,0,0
3490,0,9241,7806,5104
1381,5495,1883,1643,5095
2752,0,1792,0,0
7538,6691,7658,0,0
6940,3897,2422,6360,9523
8305,3633,9153,7671,0
2891,1162,3336,2133,8969
8441,0,4464,325,0
9560,0,8635,1352,1788
0,0,8479,4047,1946
9037,987,0,1460,0
0,9766,981,4521,0
0,7413,8600,8394,9546
7569,6835,3061,2034,7160
0,1594,0,6854,2946
2026,3242,0,506,0
3784,0,8277,9629,1005
5626,4996,771,6608,9518
8209,1666,6931,6809,0
6477,4378,0,9539,6413
0,7757,8007,4294,4612
954,6321,7855,2792,6827
5144,0,6372,0,6206
7377,9049,1203,8148,0
721,6357,0,7653,3166
7384,4130,7545,0,3669
3958,0,1427,1966,0
6040,2920,8952,3895,5712
5780,0,2290,2152,2462
8496,9529,1512,0,7678
0,422,4035,4494,0
0,1878,0,4748,6158
5876,0,0,7303,0
7126,3344,0,6078,7239
9306,1858,0,0,0
0,0,3540,254,9793
1218,7424,0,0,1919
8290,0,3798,496,0
9956,0,0,4451,3677
0,1578,7021,179,0
4260,9486,9515,539,1083
0,9281,0,0,0
0,8285,0,0,3539
8879,9476,0,2677,9973
3202,0,6346,9115,7086
23,5702,8664,0,5882
0,1304,5368,5836,1844
6451,0,0,7627,0
661,8598,4714,0,0
8253,6501,0,4250,9179
9234,7453,1814,5580,6569
8900,5604,0,7565,2649
0,0,3953,0,9723
0,9974,9086,6923,7602
0,7584,0,0,5205
0,8484,0,5244,0
886,4478,0,2700,59
6758,1601,0,0,0
8312,0,0,0,707
0,8064,0,1864,4987
0,7380,2571,4484,7611
0,468,0,9485,5712
0,371,0,0,0
250,0,0,5914,0
3841,4227,1993,6895,6494
2701,9674,4558,0,1539
0,1666,8919,0,0
6531,9896,6618,2626,0
0,0,9753,2522,476
0,0,0,7500,0
1063,1341,2915,3056,0
9409,5757,0,3968,9140
9450,3514,806,8370,5632
6957,0,5529,3576,0
0,5907,8985,4663,0
9461,7489,0,0,4989
0,6779,0,2807,9835
0,2217,5593,2479,6186
0,0,9700,5540,301
0,2498,5202,862,0
2731,0,1981,1716,0
411,0,7925,1615,6894
0,1507,0,9246,4315
0,3814,6532,9103,6294
2719,3837,8224,2419,9378
8525,7753,1877,3728,8616
7951,6460,4390,9933,0
4826,345,9355,2752,1960
6250,5668,3468,0,0
7783,3434,8728,0,2538
5022,7035,6375,3247,0
5754,0,7209,7631,5502
5826,5582,1962,0,5516
139,5043,5861,9494,0
7822,0,3464,1290,0
8378,0,9103,0,3391
1641,2130,427,8017,5377
9882,3771,7151,0,1403
2654,2918,6986,0,0
0,0,0,8363,4250
0,0,9995,9439,0
5664,7818,6551,4768,4925
9942,6409,7055,369,4427
0,252,8198,9584,7345
0,0,264,0,0
3399,9090,1611,0,7454
0,7554,0,5857,6994
0,1521,0,7669,0
9737,7612,2700,0,7981
0,9226,0,5326,0
5579,0,0,5843,1516
7906,9243,607,9517,0
0,5379,8376,1702,1236
5370,2820,2758,0,489
9048,9920,8101,0,6714
0,8876,5941,4317,0
0,9897,0,0,0
647,0,4984,1255,0
5806,9316,0,0,1019
9843,9552,0,0,9735
4328,1650,9656,2430,3399
6371,0,2275,2312,2830
6477,7065,0,5608,2869
8468,6256,6579,3452,7511
9806,9258,6828,0,0
0,8256,2994,0,858
0,6016,2508,0,0
0,8757,6959,8182,1070
9790,0,8135,2518,269
0,0,6525,7583,4439
4036,7390,3698,865,5803
7140,0,0,134,0
4918,0,6416,0,5251
4862,0,4009,1821,0
0,1611,0,3215,4130
6447,0,5117,2972,0
9557,0,0,3256,7874
4997,0,6587,9057,0
0,3976,3395,3404,0
8646,8266,4737,0,88
0,0,0,2432,950
5830,8880,0,947,0
0,505,8861,6168,3761
6736,1165,4157,3324,0
4688,312,0,0,3716
0,6730,0,0,9386
2072,0,7121,0,0
8072,9603,0,3242,0
0,217,1056,0,6385
4818,5358,7550,8975,8683
7773,3663,8995,1973,0
2712,0,8477,0,7915
7863,6768,0,4985,541
0,3057,0,0,0
0,1207,6517,0,0
2902,0,0,0,0
0,8227,9211,2867,200
0,0,7776,0,0
0,7299,7043,202,0
0,0,0,7730,5188
1643,0,6395,0,180
0,0,6752,1413,1516
2300,5285,0,0,8152
0,0,3731,0,0
4006,3413,9207,1050,3616
1492,0,7358,6834,0
2546,8477,4791,8941,6638
4972,5166,0,1725,0
9218,4025,1865,8963,5537
0,8908,0,0,6630
9915,0,44,0,0
3661,614,7439,1019,0
0,3565,5926,8596,2507
2565,3569,7674,266,5295
0,9485,0,0,0
4858,6136,7357,2867,9885
3987,2782,7640,4032,1905
0,7693,2519,3884,0
9969,7689,2278,5895,6286
0,8461,9856,2460,8728
5151,6715,8213,4472,0
0,9330,8971,4020,2197
8856,8007,4980,0,0
0,2941,9732,9405,6826
0,9374,4516,724,0
803,5510,0,659,7971
0,5811,4686,673,0
7521,0,0,0,1356
0,0,0,6792,1846
0,3678,4787,1136,3083
1614,9582,0,6131,306
0,6934,5816,1460,7594
3787,3920,3405,8474,4593
3689,0,1930,3303,2487
0,0,7837,2650,1908
0,4054,5587,4471,5191
0,6086,4773,1129,0
5080,8858,0,897,319
6746,0,4240,152,3159
8834,0,9154,0,7146
1642,0,0,9479,6701
4171,9163,0,9758,3634
5946,8429,9720,720,9559
1938,5800,0,1090,0
8738,7837,1382,2978,0
4542,1812,0,0,0
0,5339,0,1240,4818
3329,0,3982,4084,5170
7616,0,3599,0,751
3159,9275,0,0,365
0,316,8202,0,3294
6192,9174,5107,8024,2871
7684,7002,8210,4312,8243
3029,0,0,7011,1726
8825,4628,0,2425,1965
0,5584,0,9062,7162
0,2311,0,9809,6944
773,6001,0,5880,4025
0,3565,1028,7201,7878
9272,231,5520,2927,7243
7247,1753,1871,9005,4178
0,1515,9763,5078,577
0,6684,0,4405,0
9833,5178,0,5953,0
6521,4944,0,7549,0
2503,6822,2377,8024,9749
9620,0,1502,0,4276
0,5329,5791,5444,407
6368,2371,7092,9258,6776
3586,0,1954,6081,0
3014,2602,9989,7639,152
0,142,6974,4513,0
6723,0,3438,0,5626
7715,0,955,3506,0
1363,9875,1723,8455,0
0,2041,8225,454,8123
3270,0,725,0,0
0,5396,1251,7852,9909
9418,4576,4043,0,0
9669,572,0,625,4079
6063,0,3954,7786,443
3088,6286,0,1314,6741
608,0,210,1334,0
0,0,3241,2571,64
3151,1989,0,7194,4846
0,0,5418,4154,7488
9497,0,0,3452,0
9920,6541,4291,2406,0
0,3014,2441,0,4348
0,2563,6561,3529,5134
0,6680,0,1267,3874
0,8711,738,7390,2866
8227,6888,3084,0,340
0,7624,6882,5380,31
4738,6413,0,7180,7657
7395,0,221,3956,996
5356,0,7677,2481,1849
1552,4452,0,2290,0
3427,0,0,6512,8221
9071,0,5846,5953,0
0,692,9395,8924,7872
0,6319,5340,7275,275
6337,0,0,4014,5112
2707,5566,9565,3267,0
1407,6695,8374,138,0
6596,0,808,2442,0
0,0,0,3186,7244
0,0,0,0,7516
3839,5405,0,4697,9420
5260,0,4986,0,672
2843,6233,7367,1217,6372
575,0,5582,1383,0
746,5174,0,6602,8361
5821,330,8602,9385,9399
6118,3225,4805,6266,7922
4225,1527,5326,9211,0
5998,0,2587,3366,0
8959,3941,1086,0,5325
1343,5288,500,0,1890
8862,0,0,7464,5127
1621,0,8352,0,9849
0,651,0,1601,9863
7729,7600,1918,316,0
5191,9275,4908,6277,3818
234,7621,9106,734,0
997,9596,3282,3219,0
0,4840,643,0,0
493,0,1918,0,0
0,9598,0,3700,9915
3207,0,9191,0,5170
3009,8350,2791,2116,9084
0,0,8681,3615,6332
5742,0,0,6386,8788
0,6879,1827,4358,8749
6467,6140,8348,8707,9841
8263,1915,8733,0,31
3903,464,8381,6694,2580
7466,7026,5693,0,0
0,1890,0,3199,8277
1456,5639,0,0,9998
3906,9750,6139,2255,0
0,518,373,4714,7973
404,8618,0,0,0
1018,6252,2339,0,2401
2981,8738,4292,5648,1938
2569,7105,0,0,0
7577,0,0,0,3889
8598,0,0,8971,0
2381,0,0,820,8162
8343,0,4415,682,8550
6816,3664,7289,1108,0
9228,0,6418,0,0
6807,4384,3039,6946,0
6928,5544,0,0,4516
2211,3718,3892,5242,4538
2054,0,6377,6469,0
4927,3286,7932,0,4394
0,1445,8072,0,0
9478,0,2636,2517,7417
0,9445,2962,8536,782
0,747,4500,1370,0
9039,3425,0,0,9895
3843,344,3181,0,0
7576,9020,0,5649,2683
0,5127,3154,4895,7644
571,5632,7090,3533,4169
0,1012,0,2373,2383
906,1413,5809,0,6829
5704,4325,0,8886,6101
9735,6463,5121,0,2112
0,6002,7240,0,897
4885,1531,6530,1975,5065
699,9848,6078,5616,2222
8461,6523,3635,4270,0
0,0,1331,0,0
7432,7375,5325,0,0
7437,359,7120,4678,0
8018,9563,2851,4549,1539
0,5248,0,3995,0
3611,2457,0,7246,6727
4395,7712,6703,5726,5352
5565,3159,2727,890,0
3846,0,6073,967,0
7393,8985,0,244,3534
4110,8161,8783,5498,2157
0,9109,0,7038,6356
0,1434,4069,8045,0
9421,0,320,0,4501
0,5995,2829,2106,0
0,9500,0,8406,9745
0,2516,7907,0,8015
64,0,7125,4678,4955
0,0,0,7552,0
3550,6973,7677,3870,9122
2178,9904,0,5008,0
0,844,1511,8029,0
1256,7512,1768,0,0
0,9228,0,0,3906
8652,392,9927,5042,7944
0,8592,0,1671,2463
0,3849,2367,9159,0
0,1240,9702,0,0
8953,0,6782,721,6310
0,0,5538,6259,7415
0,4911,7807,9372,9954
0,3366,8546,0,5038
1010,0,8888,3377,0
0,7756,5110,7448,3646
4380,6401,793,1163,7123
0,0,0,2642,9985
5043,0,0,2851,0
4851,8603,0,3398,0
9865,4408,0,0,0
0,6499,5543,2963,0
0,7343,349,9983,8506
7472,7087,0,5101,9729
2218,0,1817,0,2996
3277,1967,0,8104,5365
873,0,9774,0,6723
7560,2710,0,3103,5674
7169,0,3018,7519,0
0,4991,9364,3758,92
0,0,238,911,3093
0,0,5060,0,0
426,5708,263,0,566
6986,0,3277,208,0
8951,7378,3159,1970,4897
0,3495,9889,4801,7254
9982,0,3231,0,4806
0,3455,8995,1385,8290
0,1811,3999,1552,0
0,8538,9774,7842,8747
640,6794,0,3800,0
1024,9236,2261,913,4037
0,896,7933,0,0
2739,9072,4572,1735,457
2863,3024,2269,0,4577
4282,1428,0,0,0
1863,0,6066,7990,8497
4831,9014,0,0,0
1772,6608,824,9705,9356
1941,0,8428,6513,4181
8885,9377,7205,0,0
1782,0,7668,4898,9493
6940,6762,0,3006,0
2689,7838,0,424,0
3695,2196,1540,0,1902
896,0,4348,9324,2975
8529,0,0,0,0
8592,7517,4801,6261,2416
4294,3202,0,0,6208
0,1175,4047,0,1600
0,0,0,519,5913
0,1415,0,0,739
5350,8576,8949,7703,4311
8313,0,1829,3114,0
4246,7409,0,3425,5896
1968,7357,0,6016,5055
8672,4995,6449,0,0
2363,8168,6929,4738,0
7668,89,6792,6618,7793
1104,4931,4089,0,8046
6647,7180,5456,0,0
1352,0,7963,0,393
0,0,5388,0,9566
0,1832,0,7831,6571
0,5500,6661,2742,2118
0,3847,0,8544,6781
5097,5192,0,0,7599
4569,1906,1976,2532,331
0,5552,7429,7757,0
6995,8660,6854,0,6491
3426,680,0,87,3423
0,4542,7270,1162,3086
0,6259,8278,8015,0
5878,0,0,7854,5116
0,224,669,0,0
5691,0,0,2545,0
3134,0,8888,5127,6059
2311,9238,602,0,400
3688,0,6660,1967,1650
3474,7845,4234,2195,0
0,1247,0,0,0
3907,5712,1207,550,0
9414,3684,4230,8303,8811
290,615,0,892,198
8451,0,3833,5111,6548
5484,8585,4393,9719,780
94,9070,2028,6019,9091
9758,9927,0,0,477
0,380,0,7293,0
2974,0,9298,1024,0
9496,9475,0,3330,4586
9605,0,3172,3999,8533
3953,0,7604,5982,113
6696,0,40,1500,6706
518,0,7086,0,1857
0,7654,9440,0,8678
0,4566,8154,0,7896
2741,580,0,5913,0
0,9867,0,2849,5850
8788,9546,0,0,1047
0,9347,0,0,0
7468,0,0,6909,6223
0,4826,789,8515,5801
8686,0,0,5398,7170
963,643,7037,9638,0
2887,8426,3039,4478,7256
0,2776,6604,9698,8160
0,0,9314,2314,0
5538,0,8902,6327,0
4703,5014,2446,0,412
0,2049,1055,6654,0
0,0,114,7588,4021
0,0,6797,3974,0
0,0,0,4272,6921
0,0,9597,1518,0
788,6222,1152,3235,0
1565,2852,9357,2620,9506
1045,7169,9049,0,4758
3070,8530,0,9867,2504
0,0,7111,6348,9096
4033,8965,0,3630,483
5045,4418,0,0,7653
4014,0,0,0,384
12,4418,0,9061,5577
2312,0,0,8746,1999
0,0,6824,3724,2904
5921,7757,1869,4828,1388
0,9873,5806,9059,0
3460,0,3835,0,0
4219,0,864,0,3039
6442,4085,0,550,2832
0,7162,0,3994,886
2292,9915,8644,4161,0
0,0,4617,5838,5573
689,9298,8647,4524,3264
5093,0,0,5958,517
0,2401,4602,0,0
7435,0,113,0,6618
0,9115,6533,9644,3277
0,9676,9791,5895,5515
5364,6584,4814,0,1109
8078,9105,0,5321,5063
370,0,7464,0,0
415,2408,3680,529,9232
0,1529,8348,6832,1174
0,8109,0,1417,4005
6366,0,0,0,792
1699,9259,9897,1552,4580
4961,1923,184,0,6896
1241,2842,9305,4922,0
0,5221,4901,6886,2053
6075,0,163,6926,0
4168,3292,0,4758,0
7503,0,3732,7401,8011
8313,2362,9934,8498,0
6830,0,7631,0,4662
1003,4673,0,5904,0
1937,1980,71,2100,8907
1,6269,2200,6711,1028
6673,0,7486,0,0
5498,8718,3978,0,7216
8767,2263,0,6399,8399
1619,7402,3072,0,3307
4632,3440,0,4704,0
4195,0,1810,6395,1417
2839,3068,5632,325,3474
7248,5824,2193,1226,1257
9409,9994,3520,0,0
1919,0,0,0,9488
0,9625,2928,0,4329
8469,0,0,280,0
0,3119,0,6084,3445
9525,3333,9269,1718,4559
0,1128,4553,4046,7495
947,5966,5480,4742,959
4969,1846,0,7898,0
4913,0,0,3949,6647
3806,4401,0,9858,486
3212,9383,3819,2481,1102
8379,3008,2231,0,7055
0,0,3021,0,8623
3980,177,469,4564,0
4707,9478,4443,5531,0
1091,9338,7829,0,0
8316,4070,8580,2136,6552
0,516,9560,1914,3449
6615,1641,0,9637,0
5953,0,7026,6423,8183
5102,1130,7662,9545,6661
0,0,5999,8919,1494
5196,0,5565,3776,0
2118,0,0,1678,5374
3339,8294,7016,669,7932
0,6622,1551,892,3046
9734,5994,0,7396,5540
837,0,6177,6837,7406
7672,2033,4643,3237,5810
0,5355,9270,3906,7034
4644,7245,5329,0,7915
3261,5526,4537,4812,6419
7583,4547,2414,0,1944
7954,0,431,0,0
7837,1803,1469,0,5041
0,6498,397,6549,405
0,1194,7651,2761,2855
5566,6022,8381,104,835
4801,7688,5383,7215,9448
7327,5170,2046,0,9301
1482,0,0,2951,0
6147,231,4576,6544,6781
4982,3976,7975,2633,6737
830,0,2760,9212,8304
3596,4013,0,8979,0
5441,0,0,7487,0
5700,8969,9661,6806,1921
0,0,0,2316,9498
0,7298,0,6909,0
0,7740,0,2973,6952
0,6570,966,0,0
2195,0,1856,8594,5357
5921,4295,0,5583,1102
6249,3322,4056,0,5638
3555,0,2937,7030,0
2869,7244,1986,1001,217
0,7437,6788,9905,0
0,2101,0,4194,0
3094,115,4991,0,5698
6093,0,9021,150,0
4660,3705,0,7597,736
0,0,0,0,1467
8198,4580,8905,4986,4486
8771,7324,6587,6508,1518
0,9602,1633,2275,7023
7332,8369,0,0,8519
2767,1013,2225,2175,0
2961,0,9077,942,0
545,9140,6052,9451,0
0,8223,0,7126,4731
2969,4410,0,4603,6685
0,1936,5055,2052,8289
3574,0,9303,5799,0
7914,8761,0,6992,9703
4297,0,8844,0,6989
2971,887,0,4422,8014
0,7392,2424,4277,0
0,0,3931,0,7687
2221,7740,0,0,3540
9501,0,0,2326,6432
2005,6623,0,0,0
959,3820,0,6172,0
5875,6116,5635,8299,393
0,0,0,1563,1576
3716,3785,9317,6223,5310
2857,5724,4750,5159,8051
1182,7165,4675,5152,0
0,0,1835,0,2284
0,0,0,5715,0
0,3346,0,0,4910
2671,0,0,0,4763
4005,4846,487,8755,0
8539,9938,0,0,0
5186,0,1203,0,4372
0,0,9756,1889,2816
3440,683,6163,4535,5507
1074,7207,4047,9769,0
0,0,0,9297,2531
4048,0,2469,0,1051
7560,6406,5914,8764,3428
0,0,530,0,4141
3347,3484,4824,9511,8020
0,585,5227,4378,354
4422,3189,4130,0,2486
6662,0,323,9131,0
1375,0,140,7289,0
3569,7576,0,0,7620
1850,0,1104,6674,0
9124,7006,7543,4351,1385
7898,8774,4574,2028,0
7061,8691,0,7385,0
3487,8760,4515,3628,6049
9971,0,3626,7680,1297
1246,9530,8744,2351,6205
5703,0,0,3246,5827
4597,1144,4602,9172,0
1842,6233,1864,1595,0
9687,0,2379,0,0
8428,4174,5909,0,0
0,0,1385,5952,5652
7590,1655,0,0,0
2955,0,6046,7558,0
9220,0,806,1085,996
4425,773,6079,6804,4976
0,5233,9151,0,7288
1006,0,590,0,3861
6242,9982,5516,3371,0
418,6327,6186,0,0
759,5685,3285,1566,0
4281,5991,0,361,2796
0,5153,8030,1672,0
0,2678,3763,5909,0
7625,2152,5053,3141,0
5839,0,0,2025,25
5735,2784,5711,9020,0
2482,0,342,27,3663
3139,2548,8817,1169,4220
0,0,6899,8436,0
0,6061,0,0,0
73,2862,0,1924,4888
0,7660,7673,0,6681
2024,982,9983,2366,1009
3647,5506,3558,0,6675
7778,0,0,0,5572
5562,6647,1633,112,3670
837,186,6532,3600,0
1421,6389,0,9094,4889
0,0,5872,6435,3485
6881,82,0,440,0
5667,0,9683,8831,2896
0,4393,9543,6890,0
3213,0,0,9746,0
0,1168,7717,6573,0
0,0,1380,8479,0
4865,5361,9543,3857,5801
2090,9524,4019,1774,8356
0,7030,2749,0,3921
7256,9673,1648,1948,9420
2976,8751,588,693,5325
850,3300,8351,0,1780
0,7097,7141,7356,954
2942,0,479,6962,1221
8835,3878,8251,1585,337
0,8841,11,3821,790
9431,6797,9542,20,7491
4868,871,0,3219,3102
2571,1032,0,9713,8388
1155,0,0,0,9618
9056,470,3496,7308,2056
0,0,0,3845,0
0,3277,99,1231,3298
7590,6099,4169,0,9319
0,0,351,7472,0
8739,8628,3324,6574,263
0,0,0,6438,2938
0,273,0,3688,4119
5722,5377,7397,5821,6608
0,3412,2708,0,0
2027,0,2750,2378,9610
3418,0,0,0,0
8502,0,3323,9236,0
6262,2026,6397,8682,0
516,0,0,7914,226
7700,8609,0,408,0
0,0,5613,8184,0
0,1602,5933,3463,0
3626,0,0,0,0
0,0,0,550,1895
8943,1067,6299,35,0
6525,7736,0,164,8144
1066,0,580,6679,0
5395,1904,0,1329,5367
3730,4955,7333,0,0
8535,5914,5118,1763,6464
7013,0,7532,3313,742
6513,0,8478,0,2
6623,5171,5600,0,0
9383,2599,0,4769,3928
9123,0,8884,6456,260
789,4992,6174,5908,6756
2639,2922,7463,171,0
0,0,0,6684,789
0,0,0,1677,511
7812,1061,0,1568,5830
7040,691,0,0,7148
4590,6714,0,764,2622
8897,0,5545,6360,3575
0,0,259,7853,1249
1049,0,4557,7010,5607
5068,0,0,8179,6391
2498,5219,7083,0,0
0,0,7858,0,0
481,5270,0,6026,1630
9163,7807,6196,9423,5660
7445,472,9591,2002,7483
0,7071,0,1867,5251
0,4366,471,5781,0
1615,0,0,9474,6386
4799,9956,0,387,0
0,0,3790,9483,8974
9451,6929,9447,9042,8932
6930,4241,0,9236,6108
1254,0,475,1726,0
0,0,3729,4285,2816
116,9085,2772,1773,9472
8755,0,9024,2546,0
7998,1997,1473,7445,1039
405,4376,0,0,0
1390,7664,0,1865,9390
5263,3536,0,8993,7821
0,9109,6906,8321,883
6379,0,0,5403,9623
488,3402,1621,1961,848
0,2367,0,7942,0
0,9332,6441,384,1197
5832,5648,4733,8564,4641
2555,4113,3751,0,0
4635,5841,0,0,0
0,1067,4648,757,3029
5496,3418,5397,721,1360
4174,9558,0,616,0
0,6448,0,6623,5013
234,0,9126,0,8641
1561,0,4483,0,0
5728,210,0,0,968
3297,5873,4386,8695,6594
5746,2869,6153,0,3486
6096,8329,9934,0,4953
4947,1923,4132,4074,5909
0,0,4530,0,0
3731,2985,6921,3999,0
7889,0,9235,2276,0
5830,8022,8862,1983,4462
2348,0,2792,0,9769
7745,7231,1692,1878,1306
7602,4652,0,2132,1909
3654,5863,4894,575,0
8257,0,0,0,741
3153,0,0,0,5306
3227,4364,3387,6019,6648
3156,3765,3879,4849,5643
0,2451,295,2128,4584
0,5782,448,7099,6358
0,5356,4824,0,2849
5566,0,0,4330,2641
0,7557,7006,4866,3577
3654,8022,0,7533,2872
2985,2719,5324,0,0
9909,5486,630,357,2585
0,669,7942,1813,8141
791,0,8767,6963,1710
1409,0,9267,8415,3309
0,2069,1332,187,9602
4204,3172,2322,9529,6454
7169,9438,0,7800,9795
4526,4789,465,2468,6603
8606,0,3982,7374,224
5692,0,8667,4960,7198
0,7805,9267,3308,7992
0,7513,1165,1192,7042
7620,8362,0,0,0
0,4087,0,6740,0
7555,5347,0,1538,0
40,7230,0,0,2191
8704,683,9996,7972,3991
7989,6842,1504,0,0
8546,6776,6398,0,6336
0,1302,423,3514,0
6979,1070,0,0,2608
6113,6835,9838,7618,0
2030,6323,6225,0,0
217,16,1138,1722,9172
9173,268,5948,0,5295
0,8133,6598,0,1647
4641,0,2717,0,6484
5325,4145,0,0,1764
0,7195,8087,5088,9222
2383,5305,9238,3521,0
8411,0,7296,0,8267
2592,6645,6400,9190,0
8048,3832,9044,765,0
5528,6091,6011,0,0
7776,0,8451,0,2799
7673,0,0,6912,0
5133,5323,4463,2430,0
0,5023,6329,9131,4214
5685,7179,0,4729,7945
0,258,4037,5924,9106
5293,0,6818,0,9564
9618,1418,0,7723,8330
0,2857,0,4044,0
3338,0,312,9668,0
4526,5353,0,2574,82
1031,2486,0,5068,0
0,362,2111,6265,0
0,0,0,9487,3607
0,9067,6465,0,3111
0,849,0,0,517
5793,0,5871,8879,9168
5954,9911,1655,0,0
66,5742,5343,2177,0
9450,3853,7892,4975,3341
1500,8831,2408,7966,6342
5520,9721,7191,5407,1787
7709,1200,8381,0,80
7549,9534,9992,0,5830
0,0,0,316,0
3581,9766,0,0,0
8643,2975,0,1052,0
9916,6573,0,7108,0
0,4817,3181,832,0
0,8382,7933,0,7587
3763,8228,6858,5336,0
8307,0,0,3609,392
0,2253,3367,6628,3305
0,6545,9879,0,0
0,7423,8471,5041,0
6869,8304,6638,4802,1559
4225,8565,9788,1083,3901
0,9390,0,6645,3000
3211,9699,5253,6579,0
8559,888,2873,8438,5860
6527,298,3283,4998,5339
0,1867,0,8177,0
5203,2402,5235,4991,3486
0,3324,2877,1956,9969
5878,5167,9669,1131,0
5997,0,0,8871,8129
8496,5398,8427,1779,397
3767,3319,2264,7411,0
0,2615,3899,0,7607
7386,3307,931,263,0
901,6141,432,0,0
2179,6568,6964,0,5439
5094,3310,837,0,5090
0,0,8409,0,0
9905,2434,7317,3805,6605
4924,1191,0,5856,1455
0,6757,7596,5609,0
0,7788,3896,1835,2602
9335,0,5913,0,452
0,1408,7743,0,4907
2445,0,7342,9762,3124
3947,4687,4316,3860,544
5771,0,7301,3368,4646
4630,8238,0,0,74
5037,7862,0,951,0
7457,1955,0,5200,1368
4352,0,688,0,0
3813,5642,0,0,9502
2640,3900,0,9941,7269
0,4572,5507,5620,3098
5582,657,0,2586,1608
8996,43,3563,8441,0
4932,2793,2889,5621,0
297,9434,130,2393,0
9632,5033,1465,8172,4975
8734,1358,9547,4242,6978
2646,9824,0,3607,2410
0,0,2454,2807,1045
7698,7739,0,587,0
0,885,2795,8457,3278
0,8089,8312,1825,0
0,0,7620,2836,4801
4598,5482,4626,0,9089
7036,0,1693,0,4284
0,7189,2023,6577,7777
5384,4904,0,0,0
1941,0,1450,253,364
0,3542,924,0,6378
5726,9931,0,352,2165
0,0,0,2643,6880
0,5382,4069,0,0
0,5335,6864,509,3514
0,0,0,1676,2704
2419,9389,6246,3343,0
2624,9070,4654,4484,9422
6819,5434,6811,462,8078
0,8388,3461,7761,8339
0,9608,3674,2285,0
7189,2511,0,0,0
5271,1663,3576,1517,5007
8299,4142,4077,0,0
0,0,4061,0,236
2140,4002,8625,0,0
6964,1023,1371,639,3309
0,0,5820,4056,7072
8,0,8736,3584,0
0,1884,4988,7821,0
3615,1321,4613,7677,0
0,9817,5635,0,0
7398,439,0,8770,0
0,0,8906,5574,4316
5979,5582,3645,4715,9166
4491,8459,1051,0,6281
0,0,7602,0,0
9234,5353,0,4869,8828
0,2268,9267,2454,1039
0,2207,0,9252,7781
5616,5232,3363,9262,0
0,3753,8407,3582,3233
0,9472,0,0,9976
7101,1525,5329,7691,0
0,3702,8664,0,6156
0,0,0,0,3024
6145,6620,8256,0,5882
0,2040,0,6612,0
2870,1301,0,9199,3592
5072,6300,0,402,3992
1514,4560,0,178,7986
3850,9882,1757,2214,886
0,8360,0,3038,7870
0,1243,0,3026,7856
5533,5896,9157,629,0
2749,5702,0,7868,6104
5389,0,0,3083,0
8651,6934,9443,409,0
330,0,7510,7837,8230
5381,1227,0,0,4254
7330,826,0,6487,1455
5247,9237,7158,0,7105
3262,2033,6487,3928,5117
0,2579,2052,5492,2988
1202,0,8179,8712,3659
6409,4093,4887,5883,0
0,3213,212,0,0
0,0,8939,0,1184
6045,2089,3218,2533,6017
8335,0,8597,388,4073
1585,1590,9896,0,302
3556,6175,4396,8443,2058
3782,0,5272,3994,6878
4974,5662,1418,0,4489
2602,9959,6578,5820,2492
0,0,1074,1193,4544
5147,2778,6134,0,2544
0,8600,0,833,0
0,4616,0,6051,8611
0,1025,4274,2925,4939
8763,0,4899,5342,1348
0,7938,5504,8465,0
49,3613,0,6183,8657
0,0,7258,3174,3455
0,3952,8071,8930,0
6682,437,1030,957,3363
5969,0,8890,869,5063
239,8260,3001,0,6726
2133,5793,339,4044,0
0,0,4598,0,0
8053,557,5626,6125,0
5630,2808,9926,6660,0
3289,2630,0,2180,3499
0,0,1760,1551,0
8486,0,3957,8826,0
5935,7824,6228,0,4079
7902,8588,4637,3528,4713
4125,0,7522,4051,5820
0,0,0,0,9521
0,0,1941,3711,4876
0,0,8562,4063,0
6292,9998,8848,0,0
2928,423,9121,7565,3952
3835,1691,0,1357,5743
8932,2645,3084,7383,0
2605,9334,745,0,0
0,4652,5242,4184,8715
6266,476,8713,5115,2997
0,8043,3420,8368,5609
7373,2203,7300,0,0
3044,0,0,0,6800
3627,8734,6134,4372,3281
9179,9994,7933,4422,4179
6649,689,0,5363,0
7653,4610,0,1074,0
0,8447,5182,6758,0
8744,9803,8349,4950,5932
5150,8577,0,1284,0
7948,464,0,5882,4887
7123,2531,0,1779,7895
1381,9433,2505,5230,507
0,0,8955,0,0
0,0,1250,6237,4361
7182,0,2939,1849,2671
5889,9797,0,8834,5680
8023,5957,8212,3599,7737
6107,4981,7170,0,0
7678,4097,0,6633,4764
0,4520,4175,7597,757
0,0,0,0,6628
0,7367,6426,7952,6201
2107,5975,2159,319,9575
9896,0,0,0,5040
4769,4745,9138,9669,1378
3903,6016,5899,8079,0
6657,6617,0,8801,8094
5021,3618,0,0,1570
1663,3555,0,3823,0
7122,3719,302,1679,787
5343,6449,5532,4482,0
0,0,2134,0,6464
5747,9467,0,4140,0
0,9162,0,6638,610
3458,8302,4165,0,2125
8041,8128,5845,0,9808
6632,3687,6257,2164,8169
2375,9076,6554,4510,1886
0,258,1354,6100,4398
0,7276,3561,1511,3915
4171,4970,2217,8337,5975
4342,6378,4103,187,4722
0,6819,8409,0,8984
0,2544,8060,3133,0
9947,6152,0,0,2253
1711,924,0,5273,2436
0,9444,7406,5662,0
3382,0,4160,7486,192
8883,0,7012,0,1566
5996,3871,0,0,7005
0,0,3158,0,5306
0,191,0,4942,0
0,8387,4909,6074,4050
2692,9456,0,6852,6942
0,5736,8340,0,3028
0,7256,6900,4018,1314
0,0,5319,7064,3664
625,2476,0,0,0
9320,5524,5805,0,0
9856,6922,0,3911,3775
7996,0,0,6337,9419
2540,0,6676,9441,263
0,3348,5448,0,412
9113,3935,2889,0,791
307,0,6315,6113,6521
0,0,0,8968,0
7219,6965,8040,6731,0
0,9272,9547,4136,8713
9810,2126,0,0,5436
2474,4372,9372,5363,7342
164,5671,9633,6480,1784
6154,0,7753,9598,0
7634,6818,328,0,3550
3630,3135,0,3178,7271
1536,2988,0,0,8248
0,0,0,4207,0
0,4371,7107,9597,0
8892,5752,0,6646,5351
8608,0,2169,0,0
5720,2567,3091,8542,5745
362,78,8734,0,0
6982,4595,0,0,8802
1186,0,3173,0,0
0,7186,4916,0,3832
267,0,0,2437,6815
8070,0,9382,1161,6699
5128,0,6778,3862,1285
0,844,0,205,0
4684,1392,0,7858,0
9178,0,0,4094,0
706,4361,0,8819,6799
5848,0,4956,0,0
1655,359,9577,8433,4221
862,0,5066,6744,9095
5514,1428,487,5528,0
0,4707,1169,0,0
0,0,3164,1356,6573
0,7204,3464,4919,0
1516,6574,2794,1093,5008
7016,1956,3898,2083,8700
2993,0,0,3481,3126
9416,3655,7834,0,703
6636,0,0,0,0
0,9763,1470,0,4683
0,0,1257,6701,1105
6266,3717,3062,0,5801
0,0,3398,1892,6639
6525,1308,0,0,0
0,995,4804,0,795
9070,0,559,541,2982
5242,4447,2994,0,1148
4099,0,4866,7161,2932
0,0,6091,0,817
2731,591,2125,3026,4950
0,4025,0,8824,3481
0,7894,7968,0,8435
951,0,2883,0,9045
4032,0,1813,8899,5207
4745,9567,4132,837,3633
0,3568,4225,7075,0
9175,0,0,5121,9919
4102,0,7814,2071,9165
6250,3023,1710,9134,6969
756,3166,5014,2569,2065
222,7314,1632,4354,8152
5266,9304,1720,0,0
0,0,7474,8937,3788
0,0,5652,5209,5112
4818,1459,8135,0,0
0,0,0,0,9854
5825,342,0,7458,4696
5321,0,4001,7042,0
380,5358,0,7855,4295
4671,0,0,324,459
2448,0,0,583,1671
0,5688,0,6272,5807
8811,2098,6149,5980,9557
846,1302,0,4847,0
0,5228,3702,5380,3083
7998,51,8333,5334,0
8793,0,5517,0,0
7189,3224,4055,6146,9497
9863,4958,0,0,938
1153,0,0,3434,1707
585,7932,6936,0,0
19,2286,3363,0,7621
0,7146,0,9257,0
3771,6447,1083,7826,2593
0,7689,7551,2176,3702
0,3329,562,731,6764
2270,1316,4696,9206,0
8009,9226,7890,1373,0
5511,5112,4726,916,0
2585,4687,816,0,2514
3410,4249,203,962,0
3906,0,9755,4468,183
6519,6738,1499,0,5944
0,0,5170,0,598
2750,0,5711,7477,0
81,62,6110,897,3731
8624,0,0,8827,0
4406,2733,4723,4161,7202
0,681,3941,0,1897
0,0,1123,0,8504
1722,0,9010,7433,5285
0,0,0,6543,8412
0,5167,2721,7060,3995
7991,0,6728,0,5628
3931,7622,6309,0,0
0,7758,7539,9330,2815
0,1052,0,5055,8486
5907,0,6000,1256,0
0,0,7199,7134,0
1194,0,0,0,0
4490,1854,0,800,9727
0,9006,0,7031,8337
300,3076,9389,923,8131
7875,6831,3620,3876,8087
5652,8290,0,0,5425
5819,4046,0,4681,1970
8393,9172,3824,3856,0
3552,3348,8979,1037,0
7316,0,3457,0,2261
1588,0,9093,5209,8459
7180,0,0,5603,3713
0,0,7760,2726,6104
9730,0,5277,3555,4975
5249,0,8324,4228,8145
0,1545,9483,2162,8251
1745,0,0,0,0
0,8019,0,0,0
0,217,5046,0,2944
0,1027,4063,0,0
9039,1677,1690,0,5906
9835,0,7452,9319,8232
5704,1064,1984,8538,1903
944,0,9922,767,0
0,4304,8092,8591,5601
1036,0,6629,5100,6170
1212,0,0,2903,0
0,0,0,0,2058
5806,0,3123,7790,0
5026,8735,5280,4948,9503
3155,8494,0,1247,7085
9408,2284,6828,0,7384
2999,0,1524,847,153
3029,4602,0,603,5809
0,6410,0,0,4200
8170,3099,2936,3451,8048
2439,6606,6542,6247,7854
0,5655,0,456,1693
7523,3456,8944,0,4303
9097,2077,8906,1989,0
4715,6940,9090,7436,5013
0,5606,8113,0,9057
6162,8667,0,2704,0
0,6333,570,3657,6789
2264,1180,246,1208,0
4549,0,2305,0,0
4986,8171,0,4076,0
0,7368,1215,2363,3596
273,8525,2264,5937,0
0,9456,7563,7750,3113
0,14,0,4599,0
4521,9148,0,0,0
3825,1813,776,0,0
6384,7311,0,0,0
6855,0,0,0,3810
9429,6298,3266,6992,4048
0,0,4063,673,0
0,5195,0,6817,2022
0,643,3836,8474,3704
9726,0,0,2984,2458
690,9839,331,8889,0
4141,8319,5257,0,5312
0,0,6657,3369,4461
2602,8657,9656,7696,5474
1678,5394,6117,5514,0
9822,5241,8727,838,8225
0,1528,0,1517,0
7024,5658,8737,2281,3066
4049,1588,6854,707,4957
1315,3310,0,0,1007
9089,2650,6402,5207,0
271,5029,0,8999,0
1632,185,7396,9697,1702
7814,6722,7361,0,0
428,0,0,7282,0
5549,0,0,9164,9570
5628,0,2220,0,3461
0,0,8490,3792,0
0,0,1486,1755,0
3188,9570,0,550,6123
848,0,0,1440,8261
0,6990,6859,2657,6155
6429,0,0,0,0
7870,9036,0,6361,0
3920,0,0,5406,0
0,8595,2046,5219,9145
8169,0,0,4895,7508
0,2931,4499,5245,5589
654,1675,3875,0,326
0,2935,9362,6811,9297
2190,731,17,443,0
0,3819,4733,0,0
3879,2709,0,0,7604
2615,0,536,7114,7636
0,7769,9311,1,0
9638,4193,0,0,0
5066,0,0,5083,0
0,7577,5454,2609,2117
4493,6488,0,9599,492
2431,2214,0,2967,9329
519,9093,7099,0,9094
9932,9469,3287,5702,8469
4293,768,9660,0,0
0,0,3430,6750,6515
0,0,3004,374,843
0,0,3058,6380,5774
2387,0,4868,9486,6730
0,9419,6199,7250,5122
4669,0,5890,4329,7573
1743,5626,1480,5173,0
7995,721,3620,1000,1096
4464,0,3903,7522,0
9677,9910,7777,4545,9397
0,8508,0,0,0
0,0,7301,9829,9706
4875,1573,0,0,6746
0,4351,7467,0,5351
8564,5793,9848,2467,3316
726,0,3226,8503,0
2623,3011,5199,1440,0
957,5379,9094,8259,5209
8801,3134,0,4133,0
3528,1842,3841,0,3171
9192,0,8965,9040,2027
2281,0,4172,5507,8270
863,0,1281,6062,9571
0,0,4950,0,0
0,0,8413,6942,0
0,0,0,1744,1467
2043,936,1028,0,9977
3056,3291,0,0,8798
0,8092,6930,0,4154
0,4296,1174,1452,8391
6453,0,0,4866,8555
8317,0,0,7189,4514
494,9232,5451,0,242
5429,4578,3533,5173,1806
2332,0,9899,9262,2485
4053,5764,6782,5227,7216
0,0,8829,0,6547
7384,0,9317,6411,1967
3832,0,1200,9284,8427
1442,0,3005,4976,0
0,7308,0,4711,6570
5561,0,2335,2343,3993
9551,7517,0,8381,3978
2222,5766,0,0,0
0,0,9082,0,4657
7509,3368,9370,515,8344
9257,5328,5652,2333,39
0,7895,0,4558,238
2798,0,7755,8472,0
0,695,8258,491,0
0,1216,7608,0,3141
0,7028,6509,1636,0
4853,0,0,506,3227
0,2730,1122,0,7289
1361,4515,1399,9117,2988
3892,0,3683,2150,0
0,2587,0,3527,2105
0,5793,9133,0,7429
6677,7064,8322,9548,7571
0,2460,0,0,4177
7590,4034,8692,8990,0
1680,2882,4004,5363,0
5347,1282,7620,7907,4810
0,0,603,8859,5819
0,5536,2884,0,0
455,0,7546,0,0
1723,8348,4614,415,7338
0,2096,0,1771,7459
5254,0,8742,2874,5026
3552,2600,8636,4156,1460
4456,0,0,7340,8544
0,7796,6451,9629,8554
7030,1353,0,1644,1768
4240,0,0,0,1182
1324,9716,0,67,2591
0,3619,5192,1965,7776
0,6421,0,3649,3761
8510,5733,1558,4961,5362
0,1991,6715,7014,3636
0,1255,3048,0,0
0,3674,0,2533,3741
0,0,7361,3216,7827
5137,0,4248,5102,3519
8009,3612,0,0,8573
0,9680,565,1331,6695
4201,0,7951,7250,2165
0,1481,5839,0,4014
9581,7126,0,6942,0
7703,0,0,1951,0
0,9961,795,2983,9529
9369,7599,9210,9934,8930
0,4136,8745,3857,0
911,0,2867,0,6628
0,0,3755,6758,3274
0,4462,5354,4310,6413
2537,8042,6375,3332,0
5905,2701,8625,5116,2636
7555,0,0,6301,4880
8159,0,2407,1027,3963
0,7909,296,2790,4668
0,6889,9130,8925,0
5544,0,0,1919,4796
0,0,0,8894,2941
134,6450,0,0,0
8844,5066,0,1251,6093
3928,287,4003,4225,3077
8671,7795,9967,0,6721
1167,3345,0,410,5265
2981,679,0,479,9574
6031,613,6025,9995,7520
8777,0,0,0,91
8681,2671,0,2684,0
3456,1356,4691,3423,9157
0,4591,0,9598,5001
7769,0,5681,859,0
5255,6891,3672,1281,0
0,0,5727,0,8800
0,2462,1471,6198,5147
8367,0,0,3059,0
5661,4472,7669,8165,4071
2671,5934,6651,8353,6794
9710,3609,0,0,4890
0,4577,4948,6301,8358
3748,0,821,5220,8319
5968,3587,0,2472,6646
0,8133,1119,8722,6299
0,1394,2233,0,0
9028,1553,3356,2714,4937
8246,0,0,3195,0
0,0,1710,0,2163
30,4662,5751,8004,7134
2397,0,0,0,7779
0,8708,0,0,551
8921,2829,2105,0,5544
7042,524,8832,6556,0
0,4429,0,0,0
2827,163,7785,8579,0
0,976,7224,0,4494
5003,0,3203,4177,5558
3755,3099,0,5860,5377
3931,2903,5902,2764,9460
9622,0,3889,286,1318
0,3114,1481,0,1693
9649,9719,2670,6873,9908
7164,1877,1665,367,6055
7223,0,9154,0,9983
4531,9543,0,433,2307
2346,0,3493,0,0
4812,3249,3456,0,8048
5149,5943,7768,7819,2816
7676,4983,4694,9341,5351
749,6564,9474,9903,0
9457,4434,1719,2343,0
4026,0,4924,0,0
0,2332,4176,8722,8626
2224,3871,0,9992,1690
7386,7669,0,0,7010
2025,2829,3575,0,2733
5751,0,7167,7471,3300
0,0,7990,6960,9018
8917,2226,1350,0,0
0,5318,4819,4546,5310
6510,0,0,3184,4012
9991,5209,0,3566,6709
9575,0,7666,0,0
0,8779,0,8957,5739
7305,0,0,8655,968
8914,8632,6286,3734,3178
1597,0,0,4577,3429
9123,0,8639,0,8135
5348,5540,7453,3015,0
4243,3981,1063,2530,2939
0,9836,814,4768,0
1782,3683,7124,0,7417
0,9666,7662,0,4244
0,4536,8813,9730,502
6948,5079,6042,4402,8094
8326,0,2076,9389,1176
0,6192,0,5830,961
0,0,4645,6629,5682
2062,6932,0,0,2345
0,816,6882,0,547
0,5354,5626,3427,9757
3720,0,8402,5796,1144
9578,812,7337,0,6642
0,96,0,2944,0
0,5006,3658,5287,4732
6003,4880,0,0,3287
0,270,0,0,3698
8399,0,5452,6801,0
0,6380,2051,3934,6972
8694,2233,0,2949,5177
0,2888,184,0,8175
4916,0,3055,0,6342
6343,0,6613,4985,8283
0,3384,3726,0,0
4965,0,0,7017,6296
3539,0,8529,608,8661
3706,4403,1549,3890,0
9724,0,5312,2780,9272
0,9123,5833,8268,4109
4117,8580,0,7844,0
7680,0,6707,4248,0
3003,7787,5539,1532,8396
4200,5239,2799,5750,9130
0,5475,7937,0,8255
7210,1622,7379,3043,9891
0,7161,8471,8982,5005
0,6663,7815,0,911
0,0,8699,0,4059
7096,7382,9299,0,0
0,4551,0,0,4518
6863,0,0,0,6621
0,0,3782,4503,4715
0,7320,1378,6603,6844
2290,4246,0,0,7427
3430,0,4810,2730,7981
0,0,2533,6551,7526
7051,0,1103,3193,7658
7724,9226,3390,0,3729
8105,0,1050,9484,6899
7894,0,0,7266,0
0,696,0,0,3427
8832,1326,4586,1365,7878
0,0,1293,3217,1610
8951,0,836,2342,2449
4566,447,2744,5617,9932
9643,3512,1706,789,0
0,9362,1475,5321,2746
4902,4153,0,0,5519
0,0,0,3244,4819
5547,2195,5761,6384,4537
8210,951,4985,0,6568
4917,599,80,0,1388
859,1095,0,2334,6416
0,7236,570,7569,6725
6090,9520,8327,26,0
3146,0,0,8908,1959
0,7118,2910,4483,0
9479,9400,8673,9560,0
61,419,7119,812,0
0,0,9989,4107,1878
6714,197,0,0,0
4164,0,0,9124,7097
0,8622,4215,668,0
2289,0,2507,962,0
8531,1024,126,5651,1836
2879,9188,6145,2869,0
0,9584,0,9423,4626
0,3588,2815,9515,2713
9913,7273,0,4128,0
0,0,8088,0,0
0,5481,8405,7922,1133
242,801,321,6387,3671
0,0,3255,0,0
0,826,7424,0,0
137,610,7615,1474,4739
5556,0,0,0,2867
8539,0,0,6945,0
0,0,165,0,0
0,3420,7987,7091,530
1823,4973,0,9247,0
0,0,6282,9314,859
1022,4870,6777,2180,8515
0,720,0,7992,7665
9319,7474,4853,9485,0
0,3321,698,0,412
1229,8238,5386,2586,7485
1057,4285,6871,7340,3599
0,8362,0,4508,0
6986,4152,1263,0,2144
8929,0,9619,0,0
6897,2210,9069,7596,8625
9482,8826,6864,4869,0
4349,5926,5697,1221,3267
9297,0,1629,7768,3460
0,0,0,3435,1697
0,2365,7960,9376,6147
3709,6274,0,0,0
0,2261,2697,3848,0
4109,8198,3057,9807,0
6324,0,8371,0,0
0,126,0,9443,0
3325,9200,5927,0,8577
2074,4995,0,433,7774
8722,7417,35,0,1265
0,5528,9463,0,0
8882,6548,0,7253,4502
1313,9085,4629,2941,8529
8191,6266,7730,4119,7553
0,6193,2548,1158,6627
0,9881,4044,359,0
5309,7525,6829,4772,0
2165,0,0,6606,909
8800,0,9994,3429,861
0,0,0,6254,0
4681,0,1934,7230,3720
0,0,3601,2605,7912
4901,7914,5437,1730,0
0,3896,0,7485,502
7252,0,8423,0,9715
9285,0,1336,6414,2024
0,1095,4586,9011,8326
8306,7572,5879,1907,178
3792,0,0,9230,8540
780,2417,2436,7123,9902
2939,4375,6188,1362,1622
5904,0,7393,7241,7062
9418,4318,0,0,3330
0,2310,902,0,4218
1081,0,1027,9174,5386
9567,9955,0,2003,0
7706,4943,0,3895,0
3077,0,6954,470,7041
4016,0,0,0,3893
0,8659,0,5593,1023
0,0,7179,0,5848
0,0,0,369,3020
2882,0,0,4337,1970
4270,7414,0,1224,7885
0,5240,7774,171,7415
0,4861,6074,7871,455
7098,8294,0,4277,9743
2977,6843,760,8781,7212
3781,1664,5287,1745,0
0,6015,0,9029,7239
1301,0,2480,9075,0
9896,743,2874,5971,8615
0,3069,0,459,0
0,3437,4190,7414,0
0,1195,3883,0,2941
0,0,0,3300,2978
6196,4602,819,8676,3678
0,0,4421,1707,0
3037,0,7614,9947,5496
4961,6601,8933,0,4016
1152,0,5211,5036,0
8153,4920,1194,0,0
0,0,0,4993,1982
6502,0,0,0,5533
5099,0,570,2713,3909
6067,0,511,0,6827
4527,6154,7381,9739,1190
0,7892,6111,5822,5001
4332,9995,8307,7157,0
0,0,8815,845,0
4348,5945,8546,4919,8659
0,0,0,0,5987
3161,0,0,543,7233
3332,5171,5125,9443,993
127,3776,989,0,933
5978,0,4593,4793,9570
0,9142,0,0,4061
4175,179,5048,510,0
1036,0,640,3178,4215
7873,6510,0,2999,5953
380,0,0,1369,0
0,0,286,5256,2141
0,4434,0,5372,0
5346,9548,2337,394,58
0,1431,0,6125,4609
7946,3998,1120,7333,6998
7074,7713,124,6804,9082
0,7467,6430,1972,2724
0,1829,7159,9856,7202
0,0,6751,1654,0
6809,7138,7029,0,3263
0,0,7262,2759,5819
4261,9833,0,4386,6638
2615,6072,4105,0,8045
0,7618,9875,0,7475
7078,3307,2678,3829,0
8276,639,2100,0,1179
5364,6945,0,2627,9705
0,0,9539,9019,1275
6177,1634,7347,283,680
5393,7114,8299,0,1104
5774,2346,0,0,6176
9373,0,6815,1473,2037
7994,0,8983,7660,9465
8688,0,6354,0,2165
7629,4405,3800,4977,0
4481,370,0,0,5639
0,8555,7986,7318,0
4162,6691,3739,977,0
5776,0,5003,4759,6633
4469,3448,9779,0,0
1945,8453,6081,5746,0
0,228,0,2572,3009
9442,0,1564,7428,2797
0,1591,9488,0,0
7653,8089,0,0,2849
0,7126,0,7954,0
0,9900,6404,4054,5647
0,4824,5875,3638,7397
8884,3080,2876,449,509
5674,9022,2100,5163,1336
4669,0,9425,6211,5473
2275,4385,2599,8572,0
549,6545,2240,0,600
7887,6789,5424,3762,428
0,0,3508,0,3096
4017,0,2118,6118,0
0,787,9352,0,0
0,5156,1384,7425,3728
0,7975,0,5964,4930
0,0,1719,0,0
2148,9121,261,5656,4819
3357,9674,6192,0,0
2728,8931,6579,2081,1812
3578,0,6968,4962,4333
697,0,0,971,4651
0,1846,8503,8959,8145
0,1107,7267,6380,6763
2087,9738,0,8279,0
2230,1008,4147,0,3089
5960,0,0,2929,7351
4330,3626,6038,6639,4598
690,3878,6444,9193,2837
0,5312,3944,1858,1693
708,3945,0,7146,2225
6647,9376,3233,795,8186
6323,0,574,0,9685
0,650,3311,3964,7289
0,4654,1167,4355,0
4005,8946,0,0,804
0,0,4750,2286,5804
6975,8934,0,209,9729
0,6532,0,3941,2853
0,1867,0,0,5832
793,7393,486,1961,1748
4334,5966,0,3495,3916
0,4350,0,6249,6637
8378,3225,5571,0,3434
0,6925,9967,1787,0
2820,0,0,0,7441
8567,7117,4834,9053,9078
6583,3388,0,7278,6884
8961,0,1235,1535,0
7872,9913,8252,3444,3472
1686,0,0,1654,0
1265,4475,8491,4000,799
5932,2567,7917,0,1621
6996,7349,0,0,4628
1895,1002,0,0,0
8432,0,2451,6685,4446
5923,8372,3192,6321,26
3725,0,4501,2217,1586
0,8150,4154,3219,8916
5776,215,6266,0,2257
0,0,3260,0,5811
0,2733,6814,8249,9418
1260,0,0,4453,494
7817,8179,8080,0,0
9667,7621,8547,0,0
7463,9598,0,3730,384
0,4625,3066,6573,8926
8877,0,1659,0,621
1078,0,4794,8869,1406
5288,6686,9586,0,9006
9983,0,0,8530,0
7467,5994,0,8524,9725
0,1837,0,0,8411
3277,0,783,0,0
1405,6015,1430,0,4885
2837,1488,0,0,4857
0,0,7894,0,936
0,4673,0,0,3197
6655,8051,0,1006,0
0,4283,6745,4230,9221
0,5635,5236,0,0
121,5490,3323,1693,7913
8181,2271,319,0,0
0,829,4150,8187,2040
0,4842,0,2382,0
8051,5829,133,0,60
0,6019,5695,4591,0
7530,4713,4162,854,6407
2076,9035,8679,2396,5111
0,3652,5941,2307,0
0,0,6682,8074,2037
2532,0,7867,2665,923
7928,0,6942,3623,6612
0,1154,1325,9778,0
0,0,1044,0,0
6156,0,7903,2097,6876
9743,79,6531,0,0
0,0,4280,6436,0
5203,0,3645,2146,0
0,0,9143,0,7540
0,0,9394,2196,5729
3645,0,298,0,450
7174,1292,529,0,7718
0,2275,6676,2964,8711
0,8167,3076,0,314
0,2203,8076,208,3786
5616,1360,0,5010,3557
8832,8656,1909,9130,205
2359,6305,0,2889,11
9215,1573,2286,0,4537
998,4193,0,4075,6139
0,5140,8343,1095,5349
2129,6711,6709,0,1722
266,0,0,2176,3196
0,0,9501,2081,0
9513,0,8999,1800,0
3537,2798,1382,0,0
0,9262,2014,5865,358
7363,7995,7070,0,0
0,0,7293,0,6516
489,9756,1052,9991,0
8478,9504,0,0,1305
323,1014,4103,0,7257
978,0,6520,2993,5093
6879,356,3088,0,4430
0,0,8770,3610,1915
5286,4100,1671,6339,0
3508,0,3596,0,2295
0,0,0,9005,8671
0,9983,7899,7088,0
0,0,3333,6081,7918
0,2398,661,6534,6008
2576,1821,0,4248,8160
4200,0,2978,7796,0
5273,0,0,8584,1703
38,0,1687,0,6241
4664,0,209,0,7012
8127,5761,9410,8788,2296
0,1365,0,5528,5613
2278,0,3371,5256,7525
7771,530,0,9138,9114
0,9176,8267,3615,7114
4508,8279,8045,0,0
5058,2844,2039,4469,0
4335,9888,2997,8452,0
8611,0,0,1982,5987
2670,9754,0,0,8892
5632,4821,8068,3899,0
0,8408,6716,3229,0
2993,0,5969,5032,0
7602,9367,2645,600,0
8062,0,8551,3206,1194
4538,5877,948,0,8770
0,6689,0,0,589
2029,0,8997,8745,6323
2122,1739,4611,8092,6772
0,5694,0,14,6294
3960,0,5506,2511,1283
0,7050,7160,7649,8107
0,7490,4796,9523,5400
5386,1553,8494,4383,299
4817,0,0,9429,4598
8811,6797,0,4951,6812
0,8912,0,2093,1424
0,8793,8475,3331,0
6582,0,0,1379,8786
0,6765,339,7829,0
639,2647,7656,0,0
2254,1489,8874,2547,6441
5686,0,5354,575,1227
0,0,21,0,78
6465,1836,9340,399,0
8127,9734,9980,8467,7564
1130,9106,212,8786,1784
0,1041,0,1163,0
9715,6850,2723,5070,7426
3951,0,4172,3973,7102
0,438,8938,0,0
2153,1719,0,0,0
8137,3265,9292,8349,2051
1077,0,3093,4351,1802
6682,0,8653,0,9137
6079,0,986,251,7331
0,0,7770,7027,0
0,9181,9813,0,1316
1,7319,4581,0,5669
0,0,0,0,4722
8110,6408,8790,6763,0
7928,2843,0,8915,3095
6503,7004,7597,4274,4032
5692,2883,3213,5506,2065
4530,5506,9385,9111,4800
0,5744,0,0,0
9894,0,1878,8684,0
7693,0,9079,6865,5529
2174,3369,2533,9772,7643
6566,5465,527,9780,0
2592,4310,6478,1977,3421
0,0,9165,0,8394
4636,6343,7867,6515,5028
4103,4208,0,3183,0
7171,0,4443,9705,5130
2086,0,596,0,6051
1567,5206,0,8046,7184
0,9324,4216,2948,5774
0,0,2117,0,4099
0,0,0,0,7765
9381,5959,0,0,5664
0,0,0,8850,0
7987,417,3732,0,0
0,2130,7788,5133,5079
3562,0,2663,5679,8222
6763,2826,2804,5071,0
569,0,7573,3692,8277
3238,1946,4189,0,797
0,0,1214,0,1509
9678,7364,3640,7466,2498
0,0,242,0,6709
8465,0,0,0,0
1149,0,7670,8722,5531
5948,1961,0,138,0
8275,2853,0,0,9301
1805,0,6665,5445,6636
9163,4164,7665,9406,0
4374,0,0,3910,9140
0,0,979,4583,0
6511,532,0,0,670
2878,2266,0,3174,1757
2824,4979,926,9490,0
0,0,0,5228,8060
137,9603,0,3831,0
5071,744,8573,6051,0
0,0,5860,8099,6553
0,978,8819,53,4152
576,2878,9132,1503,0
0,0,0,4146,0
9082,4283,3898,5013,0
7411,0,8859,0,0
4188,8340,8700,48,6440
0,0,0,4073,0
0,4650,9511,0,6154
1879,259,0,2902,4406
9514,0,8689,3413,6998
6804,0,7084,5664,0
3221,9852,5151,0,9901
0,7176,6479,9010,1250
3112,581,5901,0,1284
2055,4503,1544,0,7405
5950,6790,9389,0,203
6388,1444,0,3472,7109
7838,6694,6962,2989,8616
6863,0,5793,3343,3591
0,6456,0,2944,9079
5457,4999,3583,0,0
988,2952,9065,378,7592
9269,0,0,298,239
6146,0,0,3109,0
5549,0,0,1342,3316
9300,8386,9772,3473,1330
0,8930,6330,2435,5932
8606,0,0,7672,3802
6477,6941,568,0,7239
0,1661,5376,0,4771
0,3291,4743,2211,4633
8059,1511,3020,0,0
4351,6684,3915,681,9119
9848,9288,0,8734,6960
6345,5212,0,6914,727
1142,7722,2389,6518,5463
0,3022,8754,1904,5233
3388,9964,6745,6408,0
0,760,4480,5646,0
0,5494,0,6143,4229
7690,2489,9441,1593,9404
0,2735,7126,2558,0
2590,9718,0,0,1622
7509,0,1586,4255,1143
9383,5985,0,3863,0
0,7463,7126,4076,0
1356,1766,6097,797,0
5501,0,6095,0,3524
5349,5219,0,7625,0
4865,5135,0,6452,0
2443,5835,5376,0,9699
0,0,7163,4134,1769
0,5490,0,6868,6288
6896,2370,7254,2991,4999
778,8341,219,4021,5966
6785,8887,1101,8085,5340
492,0,1175,0,0
0,2876,0,8038,7011
0,0,2502,7875,0
8790,4771,0,0,7763
3048,6823,6105,3268,845
0,53,9733,3173,8138
5073,3666,8668,6249,0
3545,7124,2410,0,5162
9422,0,3972,1924,8330
9650,0,3102,7699,6759
866,0,3583,0,4015
4429,9043,4069,4162,0
2208,9235,5883,876,0
5417,4422,0,0,537
0,7250,993,1744,9174
0,1394,0,2426,9093
6648,3292,9840,232,0
3856,4661,0,7926,8823
0,0,8059,7406,1010
3544,2824,5433,6153,652
5971,0,7903,6963,0
7077,6287,7064,0,8713
6157,3615,2005,5998,3847
2269,0,8509,1576,7781
7332,3099,7915,5391,506
0,8936,0,4359,0
3983,330,9015,1886,0
4685,8964,0,1750,5931
2295,7907,9547,4301,3906
3395,6571,3761,1904,0
1542,0,1247,9458,4628
1754,0,3565,5085,2744
8654,9069,0,7670,955
369,2356,9920,0,4106
5852,0,2014,5400,549
0,8795,7120,9682,700
5268,0,9937,6516,683
4566,8270,0,8131,3355
1813,6786,2424,4888,4457
0,0,0,3301,9209
920,0,0,2935,4553
6006,8856,3349,3127,8538
0,0,0,3987,4911
0,0,0,0,6685
0,1330,0,8962,6218
0,0,1476,4744,5644
0,0,0,6143,8600
9351,0,7456,0,5277
0,6751,3673,5759,738
8584,6206,9293,0,0
5979,8304,0,9451,7266
3273,7381,9609,4750,2125
0,5436,0,52,1580
6390,9404,3731,3847,2105
9009,9842,8856,2682,0
9595,1266,1808,8888,3033
7532,4867,1337,0,0
8603,7859,1701,8213,2609
3826,0,8046,1617,0
0,8008,2924,0,1855
5029,0,1697,0,5050
7298,3481,6316,9107,0
9349,6639,7238,687,1225
1557,9290,9085,3258,7504
1695,7085,972,0,8702
0,0,6710,0,2728
8566,2445,5096,0,6331
146,7562,9813,6463,6670
2183,5813,3309,9421,0
4535,979,5791,3620,4237
3295,0,0,4267,5057
26,0,0,6737,6175
7156,5303,8621,0,5567
4953,2400,0,4766,0
9800,6950,0,0,0
1178,0,0,0,0
1589,265,6581,2913,4533
0,0,3293,6067,9676
0,3223,0,0,5477
547,3044,7877,0,0
6741,3478,0,0,6589
1134,2597,4234,8486,9566
5500,76,9832,0,2989
4365,3722,5929,7658,9790
5605,7127,3013,0,5218
8491,1133,8262,0,0
6073,3109,8290,835,4528
0,1970,7125,9114,457
0,4615,533,6524,6697
0,889,420,9452,0
210,5058,5676,0,0
894,1715,0,9157,8083
1589,0,0,9879,6067
5721,4759,8038,0,0
8495,9538,0,9028,6062
0,2552,6952,5607,2004
5500,5818,0,1177,0
0,0,758,9484,1229
0,0,6461,0,954
2528,5756,5714,567,8603
9588,0,0,8077,8090
4204,3264,642,0,8872
0,6657,4690,9710,0
0,2418,0,0,1902
1136,3334,2977,0,0
3931,126,9127,9645,694
7730,0,9756,5872,7311
0,77,576,8490,1234
0,0,0,4139,848
0,0,3266,0,0
0,0,5700,0,0
9070,2078,4495,0,1723
0,5928,0,0,1801
8268,0,0,0,1282
3112,8293,0,1004,0
3268,6731,307,6535,0
2673,0,0,8374,9850
0,7445,0,8000,5643
0,3190,1572,0,8136
3373,0,0,5251,0
2212,0,17,0,9369
0,0,6101,2759,4436
8467,5432,6141,7604,0
5992,1109,1252,7921,0
0,1573,2300,8467,6183
437,1841,0,1366,7092
786,3579,5457,804,0
4826,3255,6113,928,0
550,0,0,0,6999
0,2684,0,6506,605
7219,0,0,0,1870
0,9957,0,7425,1324
0,0,4903,0,9015
3115,0,2271,9229,2017
8285,9779,1412,9733,0
8412,4987,0,6522,1494
9760,3741,4897,1940,3262
0,303,3220,479,7728
4544,1283,0,0,7545
4956,2563,0,7227,1792
651,5513,1572,2064,5246
8044,476,0,7199,0
1729,6960,0,6626,0
4003,0,9203,7223,3872
0,1768,5156,2872,1217
0,7829,0,1335,5056
5574,1986,570,0,4050
5816,5190,0,0,0
1526,7780,0,2267,4406
8252,6271,0,7456,3495
1673,4388,0,0,7261
0,9530,0,262,0
0,0,2852,0,0
6902,6534,8174,1430,2585
0,2956,366,9916,5224
0,8168,0,2573,0
4991,4246,13,255,1075
0,6737,606,2365,7000
0,0,0,4324,3229
5820,1227,9763,3994,2657
2349,4559,0,2715,4475
0,7488,2644,0,0
8269,7326,4308,0,0
5383,5557,0,5989,7922
0,7461,435,4157,1786
0,9977,0,0,3971
5671,5778,0,1285,8493
3007,2124,0,5651,0
6044,0,0,352,2203
0,5736,7761,3689,1725
0,5009,9187,6119,9166
974,0,0,3987,3212
0,9658,8991,1647,944
7485,4654,3068,3467,0
7528,0,0,9314,0
6431,0,5600,4192,2372
7326,9876,7381,0,5995
6547,7487,5779,0,1475
8992,0,1134,0,454
2078,0,5108,5147,0
0,2675,8448,0,1989
8312,6074,672,3913,266
0,1239,143,0,0
6139,0,0,1919,2666
6716,0,0,7851,8896
1927,9930,4365,0,5077
3301,2451,7752,1749,0
9742,62,8169,0,0
0,0,0,8579,3887
2968,0,0,8209,6638
3528,0,0,5001,2777
6446,6929,2707,811,3965
7784,4112,6417,5537,0
8512,5279,5925,0,0
9901,0,0,5116,0
3042,8084,8415,3904,6293
5053,7432,0,2603,0
3997,9050,9363,6704,9861
3329,4489,0,9746,27
0,8258,5306,5762,0
1002,5664,0,157,0
0,0,8864,0,7105
5157,0,4538,6377,9825
6972,0,0,6336,7079
0,9665,1568,2712,0
0,2549,0,6902,8312
0,7904,0,2667,8062
4757,6420,0,0,8588
0,0,5810,0,5156
5636,0,5530,0,0
2609,3249,5881,0,5962
0,5773,0,2965,0
6825,5576,581,802,0
8644,0,4664,9907,0
3253,0,7959,9064,0
3115,0,1060,0,0
7276,0,2462,0,0
0,8451,1207,6937,0
3883,3762,6992,4465,0
5236,0,123,0,3016
9304,0,1291,7263,2217
2473,378,0,3533,0
6130,809,279,8593,0
5712,7018,0,0,0
3834,0,7717,827,5268
2282,6063,8378,2406,5964
1394,1710,0,2686,8974
1336,5159,0,8254,0
8377,4385,9502,0,2978
3469,4368,9997,5888,1288
3952,9723,2091,1670,550
7359,0,6614,5737,0
2578,0,8070,0,9819
7044,3032,4978,6397,0
0,0,5672,3174,3430
8651,6644,7799,8648,2532
9087,0,2255,1178,4272
0,0,8225,9420,4276
4584,0,1408,0,3695
1228,9699,0,6206,6096
0,9878,870,0,3053
4301,0,9697,0,988
0,1187,3589,4486,2365
7861,7293,903,6087,0
5180,0,0,6588,0
2408,0,0,9136,0
9122,7151,3902,9993,0
6955,4294,3179,0,6394
0,8884,7582,0,0
0,5619,663,851,1706
0,0,2378,6090,0
0,8498,438,8732,7634
4461,0,4786,8364,7848
5626,5319,0,0,1973
8537,2973,857,6120,731
4228,6068,6350,4891,0
0,2269,2952,436,8359
5573,6141,6857,6011,4874
4492,473,2729,9279,0
578,4906,0,2721,3712
0,1259,6686,0,0
0,1215,3447,0,0
367,1825,8376,3319,2261
6735,8893,8403,3593,4904
3277,8086,5377,6007,7365
4214,0,2272,0,9306
5984,0,565,0,1489
0,88,2705,1392,0
8812,1760,0,0,5080
0,3925,3973,6348,7518
0,9625,0,4255,5633
0,8470,0,0,6842
1524,1227,1344,2090,3899
0,36,3987,0,1428
0,4351,0,3528,1541
8270,1472,5466,2243,7821
2985,1121,7447,8590,5377
0,1561,0,5298,6804
0,6823,8032,2034,8914
1931,4868,8950,5919,407
379,0,4759,0,7292
6300,1838,8765,1767,4082
6586,4752,5203,4033,3342
581,0,4904,4428,2412
0,5118,9235,0,7153
8149,1673,2021,0,7593
2429,7478,0,0,1047
8651,3490,2886,7416,5257
6968,4003,0,0,8037
0,0,5151,8256,7182
0,0,2301,0,9707
9454,4949,0,1476,2049
8974,3906,9528,332,1095
0,8983,0,3462,6400
9842,430,404,0,0
0,3204,0,3593,1460
0,1157,1426,4839,0
0,0,2907,2514,5770
0,0,0,4485,1820
772,5061,804,5357,0
7204,5200,0,7608,0
0,0,0,0,9644
9717,9452,801,0,0
8759,2277,0,1667,0
0,6624,6280,4033,1110
0,4805,0,0,0
4696,0,5363,3650,0
415,5208,9769,0,2122
0,8390,1574,215,0
5866,8974,1812,4452,642
6604,0,7266,0,2842
0,986,7648,4548,9891
7811,9244,0,3174,2895
9719,3590,8103,9488,2263
0,0,654,1800,9117
189,7667,8092,2002,0
0,8606,929,6000,1491
3771,4377,2478,1420,8925
0,0,8169,8370,2405
0,8090,0,9168,7578
0,0,6481,8913,1194
0,9103,8862,3690,1105
982,0,9711,0,8426
1203,0,2803,3681,7103
1728,6051,0,0,4421
8740,962,2511,4736,131
90,2995,9525,6571,1909
720,0,1012,0,5861
0,564,0,1829,0
6712,0,8159,9516,0
5262,1244,2766,1596,1142
0,336,2105,0,5072
2236,9790,8068,1762,6362
9978,2482,0,0,2065
0,3108,2629,0,4938
0,9394,7971,0,8910
0,8526,154,7453,0
1297,4641,459,0,4341
5532,5639,0,3601,7402
494,3580,9884,9028,4571
1949,3422,7679,0,6104
2618,0,0,590,0
4408,5277,1476,0,2730
1599,0,7371,2059,9264
1712,7592,4904,5845,1194
2306,0,4774,0,0
9345,4140,8790,0,8720
0,0,8405,393,233
0,4802,0,0,9366
8240,4430,5227,5612,6490
4492,0,4082,9396,3170
5276,0,9510,50,0
4878,9395,8035,3668,0
6755,8563,6064,5160,8956
6297,6515,3758,0,0
3124,0,3777,0,0
267,2844,0,0,2241
6157,9626,0,5667,9677
7839,0,9073,5874,4214
5494,0,2777,1558,0
1734,0,4306,5493,0
3653,8617,9713,7430,6970
5374,7697,0,8361,0
0,4518,1674,0,185
1351,0,731,0,9715
4945,5918,0,7723,7477
136,9457,0,4443,4950
4997,0,0,4710,5526
539,0,3224,0,8446
5272,2410,0,6946,8412
3150,0,0,0,8723
0,8827,0,4313,6550
2119,4450,6008,7452,0
0,2449,6989,4528,0
0,5067,0,5740,5421
5690,0,0,8655,7959
6244,1805,6257,8496,0
0,464,4514,9622,0
1064,1741,0,0,9193
8121,8032,1643,0,2560
8802,7627,7627,6047,3367
0,1738,4380,0,393
2340,7125,0,8597,5622
7885,3578,6086,2400,3201
865,3464,4943,93,538
4137,0,8570,0,0
1131,0,953,0,0
4321,0,2369,8701,2689
0,1041,9814,4962,0
5436,2848,0,1523,0
0,2389,0,0,2482
9251,5501,0,7821,1282
4024,0,5865,0,0
6496,9299,0,8866,8001
0,0,9043,2024,6591
8683,7461,9439,1902,8984
4688,8322,1373,3401,0
3856,0,5187,4555,0
0,8580,9426,2335,3558
7138,8832,0,6659,7698
859,0,9328,9903,893
0,8586,8354,0,488
0,47,0,8713,3449
8497,2570,6101,3685,0
0,154,5705,6001,2490
0,3140,0,0,9799
9021,2982,8668,0,0
9561,4269,1472,7916,0
0,0,9676,772,3969
3125,9269,6540,9227,2954
3665,5802,3109,0,1804
5600,0,4944,6922,758
4744,5943,3741,3412,4293
0,2974,0,0,0
0,0,0,7868,831
117,0,101,6657,221
0,0,6023,6166,9694
7827,0,8330,2772,0
9089,7516,4633,2830,929
8926,0,3904,7488,7556
0,5679,0,943,0
0,0,4542,8549,7717
4763,1606,0,787,0
7735,0,9539,0,0
8229,0,0,2862,7986
0,1788,7444,0,0
5000,8532,4956,0,9475
8504,1065,535,0,9614
0,7810,1221,6293,8597
8994,4028,7212,8534,95
8599,6763,0,7502,9625
3237,0,0,0,1072
691,0,9605,5648,8299
0,4153,9364,9616,7200
0,7870,0,201,4163
3608,9195,8192,821,7729
8287,0,4492,3538,6923
0,0,4259,5533,0
5331,6225,0,4937,1873
0,4018,6027,806,3634
3227,9786,1505,8239,9987
5668,0,9183,0,2669
6912,0,2089,0,0
9013,5524,2465,0,0
9924,0,7282,0,3541
9156,4508,7559,5183,5315
1194,0,5101,2699,0
0,8368,8498,4272,2229
1167,1184,0,0,2590
0,2270,8114,2532,5542
9171,2456,4146,6454,5522
0,0,30,5247,793
5346,0,0,0,9140
0,5537,7508,4353,0
0,5521,994,4117,8778
3584,4184,1048,0,6717
0,870,9173,737,7325
4696,8425,2935,4727,3672
3729,73,0,2934,521
9254,0,6058,6763,0
5868,6501,8664,6862,0
0,447,0,8491,2146
0,0,3017,695,5820
0,0,4246,0,0
0,7007,193,0,9941
715,7288,8731,6773,4051
1875,0,553,539,9504
0,7982,9952,5977,0
2098,0,1557,0,8195
7378,5458,3587,1624,8736
0,9544,5744,0,7578
5685,4617,0,4417,0
8918,0,4033,9472,0
3538,645,0,0,0
0,5589,4122,2846,705
2317,225,6164,0,0
0,9613,1394,644,3515
0,6330,0,3839,748
9523,2757,0,3557,0
0,0,2875,8688,585
9498,9978,6175,0,2824
6880,5938,3049,3044,1844
0,7945,1457,6294,0
4973,5267,4921,0,9106
5669,2630,1863,2710,0
4093,6583,3282,0,5272
0,6466,5250,43,87
0,6924,6026,0,0
7870,6025,7914,9328,0
6504,4301,7586,1425,7408
6692,7095,0,8556,0
6225,2649,6389,9508,9617
1662,3376,0,0,3420
0,0,344,0,6113
313,0,2139,8227,0
0,4732,3698,2045,6157
1106,0,3253,1144,7295
0,7370,9944,9449,0
9562,1111,255,5646,8024
3675,1817,3012,4020,4015
9126,4333,4083,1265,2561
3480,5724,0,0,7770
3451,8285,6509,6704,9430
3804,9763,6800,3749,0
3678,0,0,3933,0
8348,7609,776,1361,0
0,487,0,8875,1752
0,2355,7477,5819,0
5247,9270,0,1756,5975
0,5560,5739,4050,9309
4952,7728,2621,5276,1662
0,0,9272,2356,4986
902,7147,0,0,6023
7226,0,8378,4703,0
7913,9950,0,5732,0
0,2982,0,2196,7032
0,7148,4761,9198,2425
6423,0,0,5696,3134
1036,6598,0,0,0
6305,0,8857,4684,0
0,0,0,551,8330
96,7008,1313,7363,9205
0,3940,0,3107,0
0,0,3918,4830,5227
7052,0,1826,7335,0
5291,0,6112,0,8325
0,4219,923,2941,4770
9253,3037,1779,566,401
985,8912,0,7339,2020
7481,6119,1551,1399,949
0,8452,0,8605,0
9192,0,9428,5305,0
7754,9856,0,8677,0
0,0,5835,8816,8498
6236,9801,7411,0,7141
0,8060,3260,0,0
4209,0,0,1025,6367
3700,218,264,3129,5523
8311,883,5380,578,0
8178,0,7492,4014,0
5990,0,6234,3401,0
3375,2833,8891,6635,3815
0,845,0,0,1871
7944,9965,2089,8209,3095
7612,0,3979,0,0
0,0,4715,1033,5185
0,7024,0,7381,426
6267,757,3259,5158,7393
7074,0,8238,8652,9774
109,6597,9740,2198,4806
