3000 2
0.238096 0.700149 
0.865867 0.118129 
0.280311 0.733423 
0.601248 0.497826 
0.641584 0.315051 
0.955998 0.095056 
0.904100 0.017367 
0.367741 0.536586 
0.887600 0.217058 
0.571674 0.481125 
0.288749 0.713765 
0.067987 0.827331 
0.128327 0.839499 
0.161764 0.948538 
0.450325 0.631444 
0.258684 0.939018 
0.736931 0.207331 
0.821956 0.189035 
0.603158 0.330712 
0.616479 0.302141 
0.700312 0.266338 
0.565269 0.572702 
0.484242 0.662339 
0.450966 0.596392 
0.448276 0.563605 
0.821524 0.283317 
0.792033 0.304676 
0.858043 0.157780 
0.233236 0.694663 
0.766475 0.264018 
0.282212 0.721932 
0.195659 0.777308 
0.472494 0.489050 
0.242846 0.781145 
0.826003 0.221230 
0.636038 0.334201 
0.514963 0.595975 
0.094627 0.870869 
0.667996 0.220371 
0.114734 0.707125 
0.122825 0.795881 
0.461148 0.736423 
0.211257 0.854395 
0.524059 0.509906 
0.187306 0.793669 
0.149854 0.784392 
0.883555 0.140795 
0.451099 0.624020 
0.145375 0.836565 
0.758941 0.361345 
0.888412 0.097312 
0.134543 0.796290 
0.921173 0.098386 
0.453503 0.487985 
0.876000 0.272552 
0.301218 0.848897 
0.731211 0.289789 
0.376692 0.461599 
0.905217 0.220724 
0.171512 0.805139 
0.389885 0.630698 
0.470483 0.483557 
0.934333 0.009636 
0.655711 0.288980 
0.614548 0.451744 
0.439671 0.609282 
0.899475 0.108584 
0.133838 0.780633 
0.479268 0.500682 
0.379236 0.527032 
0.501622 0.429074 
0.267823 0.747106 
0.890206 0.057866 
0.609002 0.487410 
0.199094 0.692550 
0.408378 0.518557 
0.338254 0.701284 
0.301604 0.816832 
0.871402 0.120569 
0.362502 0.590429 
0.957096 0.216304 
0.560725 0.276258 
0.232978 0.855942 
0.563147 0.397153 
0.534940 0.506724 
0.181389 0.727796 
0.615909 0.452388 
0.407817 0.462013 
0.806149 0.133016 
0.533438 0.484339 
0.746512 0.171184 
0.838352 0.186494 
0.369978 0.720794 
0.303682 0.637097 
0.311103 0.536063 
0.039755 0.920278 
0.223218 0.749723 
0.366690 0.470757 
0.317005 0.552075 
0.813755 0.123398 
0.523060 0.552162 
0.800713 0.228066 
0.872671 0.288380 
0.661763 0.381537 
0.844439 0.277777 
0.114544 0.836766 
0.406539 0.536582 
0.108834 0.908082 
0.713529 0.159007 
0.251389 0.725026 
0.248578 0.812667 
0.401904 0.636886 
0.756738 0.227966 
0.461558 0.526555 
0.184238 0.900100 
0.758523 0.231031 
0.196149 0.832865 
0.634523 0.272754 
0.428579 0.595189 
0.682461 0.338358 
0.417644 0.431221 
0.109015 0.991079 
0.829193 0.112833 
0.230333 0.845519 
0.688314 0.343431 
0.055367 0.929906 
0.641663 0.327708 
0.819771 0.123562 
0.436736 0.615912 
0.154038 0.721454 
0.708169 0.352095 
0.288314 0.784719 
0.313651 0.540293 
0.772183 0.354130 
0.224181 0.907401 
0.704647 0.127441 
0.511581 0.481898 
0.302379 0.681891 
0.544653 0.347104 
0.109605 0.886741 
0.724546 0.181146 
0.738315 0.376030 
0.691750 0.110261 
0.979264 0.162944 
0.822514 0.151874 
0.616930 0.429192 
0.830306 0.148872 
0.132652 0.881655 
0.776529 0.245816 
0.415059 0.474056 
0.337077 0.673754 
0.370499 0.694605 
0.823391 0.174925 
0.878350 0.185608 
0.358674 0.544248 
0.887956 0.107657 
0.649408 0.316661 
0.516473 0.416190 
0.169194 0.812154 
0.472631 0.566300 
0.744098 0.267769 
0.741466 0.285186 
0.273482 0.647398 
0.589667 0.465911 
0.319591 0.706570 
0.564410 0.466875 
0.681201 0.313815 
0.565790 0.479607 
0.997364 0.063930 
0.898045 0.156087 
0.262696 0.799431 
0.591516 0.505803 
0.631093 0.344344 
0.065539 0.975435 
0.748549 0.355784 
0.124286 0.922227 
0.387323 0.424994 
0.717299 0.334704 
0.472938 0.595246 
0.395180 0.621716 
0.529811 0.512245 
0.638798 0.527594 
0.903839 0.178895 
0.666548 0.245004 
0.499507 0.534573 
0.059251 0.942265 
0.488775 0.570009 
0.671932 0.240869 
0.820209 0.116701 
0.955810 0.103526 
0.130419 0.948034 
0.495475 0.356757 
0.414437 0.506793 
0.704093 0.285092 
0.050094 0.861983 
0.424180 0.274904 
0.405463 0.689624 
0.212502 0.896074 
0.871376 0.077785 
0.139618 0.822190 
0.211729 0.732683 
0.081344 0.944928 
0.477238 0.535670 
0.711439 0.238530 
0.519645 0.408737 
0.736899 0.353437 
0.364414 0.551606 
0.540372 0.450044 
0.478759 0.431517 
0.625274 0.314156 
0.377849 0.398375 
0.309155 0.717711 
0.577480 0.556430 
0.242659 0.618518 
0.140126 0.898655 
0.536345 0.478089 
0.505714 0.540405 
0.223930 0.987992 
0.481400 0.488755 
0.218182 0.565461 
0.440589 0.512651 
0.811581 0.170030 
0.567190 0.428614 
0.624706 0.455373 
0.931754 0.103496 
0.682954 0.325605 
0.151178 0.965352 
0.869480 0.073587 
0.182460 0.765422 
0.366055 0.656825 
0.277400 0.708483 
0.091462 0.842796 
0.549853 0.513762 
0.837464 0.160915 
0.247266 0.700992 
0.700667 0.220021 
0.097002 0.878526 
0.422659 0.637617 
0.667160 0.305240 
0.322674 0.702028 
0.156870 0.891663 
0.430763 0.512130 
0.522859 0.394377 
0.465310 0.543501 
0.203054 0.856013 
0.678795 0.328803 
0.788336 0.291416 
0.451267 0.490817 
0.406523 0.736023 
0.509359 0.421818 
0.465297 0.608800 
0.283359 0.622456 
0.828291 0.228929 
0.333814 0.665205 
0.707947 0.239637 
0.302387 0.644213 
0.475397 0.457188 
0.899686 0.224466 
0.493772 0.421222 
0.842747 0.161339 
0.401528 0.480877 
0.762908 0.262940 
0.541267 0.491673 
0.538505 0.549258 
0.445962 0.701298 
0.569002 0.487275 
0.260425 0.829268 
0.342899 0.817420 
0.210089 0.710237 
0.201894 0.728936 
0.815096 0.159754 
0.109565 0.845856 
0.800927 0.162526 
0.694815 0.332006 
0.892446 0.128393 
0.114690 0.869434 
0.476721 0.559731 
0.909474 0.007528 
0.721088 0.384576 
0.356383 0.758570 
0.429224 0.527015 
0.238197 0.709044 
0.922555 0.020005 
0.289447 0.712003 
0.427760 0.740411 
0.778859 0.237920 
0.838866 0.320205 
0.587364 0.422871 
0.734747 0.218571 
0.509482 0.558806 
0.403967 0.608827 
0.355709 0.651937 
0.309608 0.645967 
0.586843 0.617636 
0.283603 0.852483 
0.426551 0.547106 
0.764488 0.411152 
0.434216 0.366232 
0.905253 0.002532 
0.527064 0.393818 
0.758035 0.126692 
0.609560 0.556099 
0.530785 0.389918 
0.403899 0.465938 
0.450473 0.486987 
0.552391 0.297339 
0.753885 0.262394 
0.381722 0.643727 
0.250059 0.789951 
0.367913 0.632146 
0.650565 0.470821 
0.541370 0.377067 
0.103826 0.800558 
0.307957 0.670581 
0.580936 0.569885 
0.872279 0.097850 
0.354242 0.637865 
0.336079 0.578122 
0.625117 0.328834 
0.276764 0.751170 
0.551443 0.485858 
0.508805 0.549788 
0.960651 0.086706 
0.673141 0.372183 
0.762779 0.313512 
0.464727 0.571644 
0.743402 0.138789 
0.877237 0.295696 
0.816955 0.114543 
0.438239 0.614118 
0.158646 0.854624 
0.770259 0.332028 
0.509940 0.451417 
0.195317 0.826099 
0.544540 0.622430 
0.242141 0.807174 
0.465134 0.358504 
0.442088 0.515766 
0.209368 0.684605 
0.342848 0.672589 
0.006716 0.987623 
0.465111 0.612834 
0.463951 0.618454 
0.747078 0.377542 
0.126115 0.742292 
0.621380 0.304488 
0.784293 0.245269 
0.819692 0.326752 
0.482929 0.630195 
0.595978 0.461310 
0.717434 0.273298 
0.017958 0.845268 
0.035840 0.914946 
0.272414 0.707813 
0.600548 0.377920 
0.637298 0.432340 
0.677861 0.230745 
0.145232 0.912074 
0.533940 0.391494 
0.705634 0.318558 
0.807520 0.107666 
0.912337 0.147116 
0.414682 0.536850 
0.699216 0.280451 
0.234476 0.798737 
0.049143 0.925744 
0.449919 0.535204 
0.537806 0.503615 
0.525945 0.442872 
0.259801 0.805544 
0.055252 0.911083 
0.702562 0.169558 
0.356062 0.624663 
0.975912 0.096475 
0.867158 0.264037 
0.339622 0.765024 
0.445994 0.585581 
0.924171 0.107163 
0.525252 0.499926 
0.557628 0.459924 
0.195972 0.786182 
0.404077 0.488322 
0.497972 0.377131 
0.518766 0.515655 
0.726528 0.209703 
0.618429 0.394682 
0.945048 0.052246 
0.822059 0.181525 
0.352154 0.583578 
0.703169 0.256417 
0.668406 0.192560 
0.458387 0.596871 
0.058010 0.998338 
0.319527 0.585566 
0.726278 0.390736 
0.843975 0.159652 
0.864987 0.118480 
0.212583 0.698956 
0.791024 0.217080 
0.902853 0.182872 
0.951649 0.011123 
0.610085 0.435001 
0.448378 0.436396 
0.452522 0.523345 
0.108547 0.878284 
0.447822 0.478250 
0.712609 0.317826 
0.477948 0.403421 
0.543340 0.417164 
0.559859 0.297147 
0.732728 0.168186 
0.948471 0.018922 
0.737029 0.245814 
0.491164 0.629815 
0.546670 0.358903 
0.687700 0.263618 
0.520653 0.550265 
0.160640 0.770427 
0.416124 0.682192 
0.310889 0.533861 
0.624960 0.527715 
0.743008 0.445969 
0.613057 0.373044 
0.324249 0.754318 
0.219798 0.663317 
0.918085 0.039365 
0.477854 0.487752 
0.677181 0.266819 
0.407877 0.628451 
0.681745 0.425217 
0.776513 0.159922 
0.812436 0.267142 
0.356304 0.678057 
0.834304 0.181232 
0.326993 0.857026 
0.413597 0.626649 
0.986076 0.087724 
0.367633 0.364845 
0.254091 0.743791 
0.344648 0.605563 
0.882584 0.118281 
0.903476 0.047591 
0.614279 0.360000 
0.302690 0.692916 
0.425219 0.543120 
0.510100 0.494644 
0.791366 0.228958 
0.669809 0.438611 
0.743534 0.278467 
0.868939 0.212339 
0.759551 0.334184 
0.695655 0.302724 
0.829747 0.137341 
0.392881 0.747983 
0.419544 0.634838 
0.532485 0.506928 
0.215108 0.866216 
0.327012 0.671301 
0.201540 0.806956 
0.934742 0.133645 
0.714223 0.281959 
0.503092 0.452777 
0.531259 0.512984 
0.196339 0.790652 
0.316573 0.747830 
0.429384 0.498304 
0.444819 0.629964 
0.494435 0.445979 
0.800026 0.189505 
0.615523 0.535808 
0.453544 0.573210 
0.634735 0.262111 
0.610748 0.335671 
0.949969 0.137858 
0.336032 0.514423 
0.335133 0.684112 
0.163620 0.899749 
0.656166 0.274475 
0.826732 0.066861 
0.248621 0.756955 
0.565859 0.532022 
0.461364 0.421426 
0.723961 0.102464 
0.088369 0.858179 
0.320979 0.809548 
0.570056 0.438085 
0.326522 0.514247 
0.262902 0.599870 
0.595405 0.334083 
0.676655 0.331317 
0.731893 0.421947 
0.919665 0.020814 
0.762247 0.200675 
0.526122 0.654491 
0.179347 0.744155 
0.544881 0.529620 
0.187254 0.748308 
0.798532 0.269258 
0.860571 0.161982 
0.322348 0.756113 
0.643414 0.406459 
0.532662 0.476698 
0.547121 0.594962 
0.320689 0.667215 
0.688465 0.318675 
0.480213 0.368662 
0.964874 0.121817 
0.422515 0.576144 
0.904937 0.140019 
0.941198 0.222307 
0.283749 0.672516 
0.348893 0.677854 
0.275590 0.639001 
0.115527 0.838533 
0.336937 0.596729 
0.726448 0.246158 
0.209385 0.653321 
0.444715 0.609436 
0.103929 0.894255 
0.123763 0.884011 
0.817207 0.156454 
0.606245 0.448138 
0.454101 0.702873 
0.982733 0.054173 
0.906630 0.027097 
0.559975 0.460112 
0.117384 0.867419 
0.275215 0.813672 
0.731331 0.201125 
0.180944 0.729030 
0.897101 0.107108 
0.471831 0.522172 
0.943221 0.115345 
0.836377 0.215554 
0.636523 0.535967 
0.052504 0.886589 
0.598024 0.473466 
0.310525 0.622360 
0.551150 0.531917 
0.632926 0.405177 
0.594090 0.379174 
0.381942 0.371699 
0.455248 0.574923 
0.205098 0.787799 
0.769805 0.255410 
0.458286 0.638334 
0.680391 0.394299 
0.256424 0.578812 
0.664389 0.355118 
0.847176 0.208208 
0.864018 0.193439 
0.207758 0.836849 
0.286918 0.618603 
0.485609 0.571472 
0.305851 0.709125 
0.969209 0.140310 
0.836026 0.168924 
0.701208 0.355767 
0.280214 0.577110 
0.389912 0.571991 
0.205493 0.806445 
0.372462 0.478007 
0.231891 0.816144 
0.254035 0.928912 
0.126534 0.818521 
0.576018 0.465450 
0.409842 0.439656 
0.366671 0.644592 
0.740560 0.304393 
0.854542 0.175665 
0.706039 0.359786 
0.604310 0.487967 
0.490696 0.665302 
0.398085 0.541029 
0.562537 0.492187 
0.653766 0.291214 
0.898300 0.085057 
0.993635 0.033127 
0.481941 0.369095 
0.379849 0.686860 
0.895113 0.221351 
0.403393 0.675777 
0.782578 0.302965 
0.582292 0.444249 
0.169675 0.656109 
0.279542 0.716837 
0.221776 0.892973 
0.384559 0.623734 
0.776593 0.160646 
0.367811 0.668182 
0.739646 0.190190 
0.787585 0.143431 
0.245619 0.742490 
0.672753 0.297316 
0.931621 0.097784 
0.829249 0.158761 
0.354294 0.651558 
0.231512 0.968698 
0.926675 0.084633 
0.824884 0.294705 
0.306978 0.675549 
0.252016 0.588479 
0.496428 0.574130 
0.670929 0.351355 
0.448549 0.651022 
0.354933 0.707068 
0.898714 0.227663 
0.335103 0.789541 
0.318671 0.723337 
0.653112 0.323063 
0.912972 0.145264 
0.521541 0.406125 
0.905341 0.098819 
0.445572 0.439707 
0.841104 0.148145 
0.900220 0.031482 
0.564736 0.419700 
0.876410 0.130750 
0.563336 0.374172 
0.225953 0.754834 
0.090896 0.996148 
0.488134 0.641104 
0.462930 0.548643 
0.459318 0.560280 
0.322820 0.710871 
0.869302 0.199335 
0.630977 0.382305 
0.266224 0.897199 
0.175653 0.648840 
0.682990 0.372356 
0.466903 0.458687 
0.186198 0.872994 
0.399390 0.460025 
0.664267 0.162069 
0.428933 0.585693 
0.801667 0.189884 
0.641959 0.306319 
0.820492 0.279572 
0.417804 0.576096 
0.892687 0.001611 
0.582446 0.323425 
0.863551 0.235940 
0.080848 0.810286 
0.820022 0.306134 
0.748558 0.260111 
0.157058 0.885206 
0.566653 0.416847 
0.122314 0.783194 
0.562607 0.402258 
0.162943 0.905740 
0.562199 0.395709 
0.385678 0.641513 
0.642346 0.377395 
0.563811 0.355964 
0.412363 0.579724 
0.405314 0.509987 
0.287005 0.900427 
0.569338 0.536306 
0.379376 0.679008 
0.639008 0.384065 
0.607974 0.227616 
0.357771 0.667823 
0.355015 0.600901 
0.439933 0.484997 
0.855723 0.095891 
0.239615 0.713907 
0.662319 0.309670 
0.822795 0.314578 
0.767619 0.304057 
0.183108 0.730351 
0.546375 0.443032 
0.637878 0.291533 
0.215849 0.675668 
0.454678 0.533542 
0.413805 0.544553 
0.225371 0.757365 
0.472575 0.494715 
0.361667 0.514648 
0.558941 0.441849 
0.371599 0.647832 
0.490904 0.345282 
0.113437 0.886092 
0.729975 0.204068 
0.258372 0.546200 
0.559172 0.298353 
0.807258 0.190344 
0.439816 0.617983 
0.354651 0.479463 
0.607577 0.529843 
0.846355 0.306620 
0.443297 0.515794 
0.248717 0.635004 
0.813978 0.099065 
0.525047 0.618219 
0.361036 0.593447 
0.600278 0.388609 
0.216943 0.681106 
0.656864 0.207119 
0.100695 0.945840 
0.396786 0.608256 
0.479938 0.563491 
0.412455 0.446953 
0.264569 0.631154 
0.551297 0.347281 
0.769145 0.203719 
0.883835 0.044731 
0.190890 0.759412 
0.212459 0.831795 
0.243978 0.675298 
0.312512 0.644029 
0.241570 0.786935 
0.582453 0.414942 
0.593348 0.443748 
0.688918 0.332883 
0.598401 0.259619 
0.527807 0.466838 
0.557367 0.467722 
0.793075 0.213503 
0.452467 0.491830 
0.461857 0.603173 
0.746253 0.142251 
0.558761 0.389350 
0.524329 0.593256 
0.912423 0.103418 
0.397696 0.642398 
0.594740 0.364038 
0.416449 0.645854 
0.840709 0.256916 
0.562021 0.469353 
0.522090 0.442244 
0.276245 0.681321 
0.214493 0.886275 
0.142861 0.761293 
0.297321 0.728341 
0.031178 0.902961 
0.345701 0.720283 
0.872193 0.112987 
0.846047 0.199842 
0.033713 0.924354 
0.984226 0.127396 
0.528696 0.419049 
0.868279 0.045943 
0.482425 0.418858 
0.743751 0.212003 
0.521519 0.494353 
0.251500 0.678563 
0.397785 0.504584 
0.792340 0.156092 
0.319573 0.722740 
0.780830 0.223427 
0.839536 0.216466 
0.559987 0.443739 
0.362166 0.708778 
0.344014 0.632318 
0.513269 0.389013 
0.886125 0.154539 
0.485463 0.506891 
0.696174 0.295185 
0.432044 0.527018 
0.450535 0.554761 
0.678289 0.115779 
0.606992 0.404402 
0.289123 0.646428 
0.551651 0.491837 
0.139835 0.785248 
0.890577 0.255121 
0.708718 0.293116 
0.707153 0.346048 
0.424815 0.507462 
0.777755 0.198691 
0.234845 0.868718 
0.279905 0.869920 
0.466801 0.412061 
0.157946 0.918625 
0.480710 0.441409 
0.224445 0.675566 
0.309872 0.824436 
0.508932 0.407806 
0.274402 0.779511 
0.458348 0.520477 
0.725303 0.417768 
0.340691 0.525050 
0.327013 0.739276 
0.800903 0.369880 
0.507268 0.377826 
0.641083 0.455059 
0.416762 0.526992 
0.834578 0.103412 
0.507036 0.527152 
0.723434 0.343524 
0.211073 0.913076 
0.054089 0.787106 
0.276286 0.727396 
0.323442 0.666698 
0.317214 0.704120 
0.072474 0.915465 
0.289107 0.608465 
0.449979 0.485906 
0.744445 0.164885 
0.124432 0.852423 
0.134247 0.918368 
0.416138 0.676372 
0.652340 0.344664 
0.495103 0.506352 
0.368651 0.579231 
0.638967 0.406643 
0.112016 0.655879 
0.496647 0.490388 
0.979981 0.125073 
0.666625 0.330747 
0.713835 0.277336 
0.359127 0.660657 
0.766007 0.130630 
0.361055 0.547330 
0.384564 0.609271 
0.802050 0.227273 
0.889047 0.233604 
0.099992 0.727795 
0.822223 0.256487 
0.111200 0.785318 
0.341308 0.618018 
0.414684 0.517129 
0.699210 0.246330 
0.412261 0.328282 
0.512225 0.531046 
0.630797 0.522347 
0.589031 0.522217 
0.124611 0.883582 
0.642545 0.395148 
0.834215 0.128402 
0.616503 0.414427 
0.548772 0.526236 
0.703234 0.422242 
0.407621 0.704176 
0.244764 0.602010 
0.301029 0.768800 
0.719992 0.209207 
0.245150 0.605192 
0.020274 0.997600 
0.777238 0.196407 
0.703884 0.289549 
0.307000 0.725426 
0.541911 0.407506 
0.843915 0.093046 
0.807377 0.294630 
0.253118 0.696806 
0.581399 0.271899 
0.597678 0.423615 
0.558864 0.404119 
0.671319 0.425567 
0.619971 0.477437 
0.074169 0.991504 
0.919546 0.087592 
0.488728 0.555236 
0.641540 0.473142 
0.312441 0.619281 
0.184455 0.678516 
0.754417 0.196717 
0.251156 0.776199 
0.443505 0.639017 
0.154088 0.713992 
0.936313 0.237768 
0.391588 0.684912 
0.801512 0.320244 
0.510320 0.498995 
0.522180 0.474783 
0.003774 0.819765 
0.958323 0.084249 
0.374789 0.535995 
0.915291 0.073177 
0.596487 0.448649 
0.775122 0.111729 
0.301914 0.829712 
0.327997 0.799630 
0.734629 0.123414 
0.450296 0.446020 
0.769725 0.278034 
0.937933 0.087731 
0.193786 0.795907 
0.309544 0.653759 
0.878958 0.156732 
0.386606 0.564960 
0.757118 0.289273 
0.384138 0.503469 
0.518307 0.610403 
0.425175 0.462304 
0.432161 0.557576 
0.154888 0.828258 
0.442981 0.494005 
0.808089 0.118379 
0.581345 0.265478 
0.115470 0.777990 
0.494109 0.369372 
0.402144 0.713793 
0.468026 0.619027 
0.733310 0.084608 
0.551500 0.365107 
0.087203 0.857953 
0.459534 0.518676 
0.483433 0.588655 
0.142113 0.737484 
0.264253 0.636633 
0.685563 0.241219 
0.267365 0.783815 
0.214522 0.754155 
0.412975 0.648798 
0.598241 0.439132 
0.576812 0.406119 
0.560005 0.531292 
0.562840 0.251568 
0.604412 0.463844 
0.507582 0.456474 
0.449515 0.524599 
0.519241 0.395957 
0.752941 0.412599 
0.660729 0.342013 
0.828757 0.242555 
0.385653 0.699773 
0.136195 0.927066 
0.324155 0.618281 
0.754681 0.168747 
0.155226 0.806609 
0.719965 0.467961 
0.666522 0.261004 
0.380714 0.687500 
0.902952 0.132493 
0.587810 0.314931 
0.472020 0.612688 
0.145975 0.819410 
0.525317 0.541114 
0.924556 0.261271 
0.757167 0.270090 
0.519157 0.676371 
0.072490 0.857344 
0.570154 0.468792 
0.417145 0.721573 
0.479497 0.497962 
0.263704 0.757134 
0.317395 0.616152 
0.658093 0.452674 
0.670596 0.263272 
0.134488 0.790139 
0.691255 0.360101 
0.943778 0.274095 
0.681801 0.501986 
0.926708 0.021549 
0.370200 0.445247 
0.798698 0.245518 
0.340485 0.534807 
0.951381 0.043326 
0.068216 0.954590 
0.396898 0.587080 
0.677142 0.436535 
0.682521 0.314300 
0.890196 0.124753 
0.116417 0.971429 
0.901589 0.069856 
0.291237 0.754532 
0.283756 0.713955 
0.327139 0.775008 
0.669045 0.429200 
0.543060 0.376187 
0.555615 0.496467 
0.485437 0.409167 
0.338794 0.624647 
0.909944 0.038584 
0.747649 0.239319 
0.386688 0.623593 
0.865739 0.033919 
0.585940 0.540871 
0.078727 0.872571 
0.686996 0.300793 
0.700035 0.346283 
0.532510 0.486503 
0.396613 0.659126 
0.836968 0.175072 
0.898063 0.237320 
0.561141 0.514826 
0.831737 0.256219 
0.573718 0.328454 
0.198357 0.832402 
0.608161 0.377579 
0.555718 0.401114 
0.573564 0.438416 
0.866355 0.095926 
0.728921 0.294974 
0.918284 0.098715 
0.958588 0.013571 
0.559847 0.471682 
0.838772 0.159685 
0.697047 0.356675 
0.049874 0.831204 
0.531921 0.530377 
0.365544 0.674644 
0.102903 0.830076 
0.546966 0.569892 
0.715018 0.227945 
0.901910 0.052073 
0.594543 0.503619 
0.709822 0.166506 
0.878432 0.112680 
0.280684 0.730252 
0.331096 0.756638 
0.314697 0.807146 
0.711944 0.284789 
0.810452 0.161796 
0.521812 0.392360 
0.539367 0.424611 
0.477894 0.579501 
0.324288 0.473817 
0.566508 0.618176 
0.068515 0.863199 
0.517230 0.539425 
0.118424 0.839291 
0.454060 0.600637 
0.477636 0.614280 
0.746669 0.226974 
0.482201 0.494582 
0.283786 0.736544 
0.735390 0.235196 
0.346015 0.758503 
0.286704 0.840903 
0.448483 0.719945 
0.122222 0.854119 
0.952250 0.161699 
0.597101 0.445835 
0.358281 0.639554 
0.696916 0.217780 
0.838385 0.164927 
0.541291 0.498293 
0.328880 0.567172 
0.550402 0.231902 
0.671806 0.389527 
0.145698 0.848721 
0.442643 0.565419 
0.443563 0.470022 
0.589099 0.386480 
0.543195 0.377712 
0.638827 0.221065 
0.211890 0.888023 
0.565840 0.332571 
0.803749 0.215292 
0.707421 0.216698 
0.343952 0.639045 
0.398428 0.416308 
0.507093 0.529160 
0.351863 0.721036 
0.134925 0.870809 
0.341607 0.643148 
0.692455 0.365971 
0.931942 0.044646 
0.416336 0.625871 
0.259619 0.732638 
0.524671 0.369767 
0.914966 0.052566 
0.486690 0.564285 
0.412913 0.386509 
0.385503 0.794443 
0.421799 0.686140 
0.799644 0.174740 
0.771977 0.316869 
0.469575 0.506189 
0.788136 0.216434 
0.887982 0.106089 
0.526370 0.554420 
0.458278 0.500609 
0.377368 0.626108 
0.137027 0.942632 
0.439063 0.530712 
0.772434 0.314440 
0.117148 0.820726 
0.717920 0.394853 
0.740643 0.136857 
0.760812 0.242811 
0.388550 0.429166 
0.658121 0.326599 
0.424445 0.737966 
0.425546 0.622494 
0.561636 0.488659 
0.309952 0.783413 
0.642804 0.413131 
0.533810 0.662957 
0.575575 0.573785 
0.996355 0.063923 
0.056639 0.815919 
0.381379 0.686006 
0.380755 0.507671 
0.556213 0.552913 
0.346236 0.631536 
0.596935 0.417724 
0.317386 0.856471 
0.475684 0.563584 
0.478046 0.605000 
0.089079 0.862952 
0.672926 0.339333 
0.200277 0.723505 
0.224747 0.818428 
0.695864 0.249107 
0.211759 0.690449 
0.505323 0.529964 
0.823922 0.305431 
0.931926 0.093492 
0.543823 0.369400 
0.677038 0.412033 
0.857994 0.238677 
0.870484 0.193886 
0.410924 0.698755 
0.262557 0.757291 
0.364597 0.644755 
0.171443 0.964604 
0.659048 0.314903 
0.368577 0.731195 
0.295764 0.682292 
0.116110 0.918390 
0.629685 0.419759 
0.315111 0.601903 
0.842904 0.032961 
0.778727 0.332509 
0.455114 0.489424 
0.633543 0.503587 
0.292452 0.712817 
0.147519 0.797456 
0.501105 0.402828 
0.156196 0.886336 
0.416073 0.585534 
0.269421 0.761946 
0.972445 0.008833 
0.708159 0.427663 
0.080653 0.835206 
0.319723 0.688101 
0.963701 0.138056 
0.092537 0.951323 
0.975363 0.020078 
0.711797 0.363847 
0.367735 0.674266 
0.413883 0.425629 
0.382124 0.569917 
0.169795 0.867939 
0.553165 0.471207 
0.197522 0.746231 
0.218635 0.791680 
0.739077 0.228524 
0.176952 0.827934 
0.588589 0.446338 
0.630817 0.308361 
0.550884 0.514178 
0.612206 0.502917 
0.790448 0.406271 
0.780536 0.345566 
0.940293 0.109757 
0.342341 0.716606 
0.139744 0.863962 
0.738920 0.182396 
0.209921 0.618480 
0.725384 0.290280 
0.428304 0.450369 
0.640533 0.355686 
0.495270 0.524410 
0.308373 0.779698 
0.539761 0.475868 
0.319326 0.742001 
0.464415 0.556459 
0.498182 0.492568 
0.157367 0.639022 
0.428265 0.510116 
0.426892 0.572672 
0.134527 0.814414 
0.665542 0.295926 
0.210436 0.890756 
0.775076 0.353439 
0.149640 0.643916 
0.265683 0.791887 
0.092038 0.813524 
0.522088 0.550096 
0.869650 0.035428 
0.980211 0.118424 
0.187897 0.918183 
0.879300 0.277658 
0.933525 0.013864 
0.746227 0.207702 
0.314892 0.554468 
0.514812 0.467289 
0.202280 0.796810 
0.650945 0.319323 
0.686970 0.372264 
0.138263 0.922796 
0.644328 0.417707 
0.792125 0.254849 
0.365947 0.728040 
0.627839 0.421782 
0.668436 0.466290 
0.377382 0.782080 
0.662749 0.394273 
0.417188 0.571105 
0.493725 0.464376 
0.420716 0.456149 
0.131942 0.755512 
0.250372 0.749991 
0.190293 0.849419 
0.299881 0.752964 
0.330212 0.708348 
0.340754 0.677246 
0.771420 0.371089 
0.879743 0.104375 
0.106933 0.739395 
0.161431 0.870412 
0.585421 0.493432 
0.590951 0.510244 
0.545452 0.415680 
0.698741 0.298441 
0.643178 0.388883 
0.368188 0.792931 
0.580511 0.451225 
0.750704 0.217436 
0.513430 0.595710 
0.625632 0.510906 
0.646961 0.278867 
0.112739 0.923363 
0.254544 0.844754 
0.379267 0.640550 
0.384463 0.696199 
0.061770 0.950578 
0.673326 0.283754 
0.714827 0.270852 
0.815058 0.262110 
0.615305 0.361258 
0.099276 0.697099 
0.302668 0.578737 
0.707086 0.227752 
0.795253 0.273030 
0.264574 0.791933 
0.724067 0.295724 
0.098963 0.893171 
0.583220 0.282086 
0.445834 0.663320 
0.676004 0.322012 
0.582238 0.379031 
0.256499 0.657002 
0.800427 0.177553 
0.731965 0.353860 
0.610894 0.407580 
0.822599 0.315766 
0.487775 0.443532 
0.576865 0.490704 
0.111113 0.741492 
0.606675 0.357318 
0.552584 0.569838 
0.238164 0.782129 
0.279263 0.754963 
0.254881 0.738603 
0.610802 0.360443 
0.196865 0.886418 
0.617628 0.464066 
0.668755 0.255660 
0.927692 0.050110 
0.407571 0.537986 
0.197101 0.903891 
0.268506 0.650967 
0.680410 0.381541 
0.593417 0.271143 
0.696741 0.311357 
0.670015 0.328965 
0.478998 0.519103 
0.596401 0.415658 
0.228553 0.630336 
0.183601 0.710042 
0.569492 0.468442 
0.857058 0.281044 
0.337266 0.765562 
0.577268 0.409718 
0.152345 0.849646 
0.274914 0.731631 
0.594779 0.542228 
0.739838 0.218118 
0.546698 0.499390 
0.606121 0.553942 
0.850941 0.177751 
0.761892 0.153092 
0.382026 0.641935 
0.181087 0.813189 
0.104463 0.884902 
0.563841 0.549678 
0.728483 0.228928 
0.077958 0.937378 
0.900841 0.170994 
0.167243 0.754363 
0.105347 0.906837 
0.660977 0.403679 
0.398941 0.653015 
0.425759 0.584978 
0.788280 0.203228 
0.530671 0.677865 
0.592253 0.302319 
0.533042 0.469582 
0.740091 0.117289 
0.381977 0.552911 
0.086177 0.726168 
0.970817 0.047928 
0.885560 0.111858 
0.163689 0.868525 
0.691111 0.272729 
0.701513 0.305547 
0.592497 0.368202 
0.435278 0.548974 
0.946546 0.025287 
0.719460 0.306405 
0.290469 0.629050 
0.760776 0.143306 
0.200824 0.765867 
0.196886 0.692867 
0.739419 0.192084 
0.638591 0.262906 
0.499614 0.534013 
0.538739 0.507220 
0.515290 0.580470 
0.091990 0.899616 
0.254870 0.637937 
0.543385 0.440654 
0.144862 0.852989 
0.236985 0.729244 
0.854391 0.156228 
0.397160 0.655616 
0.492857 0.481395 
0.523599 0.370933 
0.202072 0.786451 
0.144481 0.888431 
0.698025 0.248382 
0.429037 0.513834 
0.128550 0.857083 
0.235918 0.767927 
0.343362 0.586077 
0.224167 0.775033 
0.137116 0.910780 
0.084553 0.887876 
0.770759 0.247615 
0.500710 0.500942 
0.456500 0.547648 
0.811190 0.086079 
0.062184 0.910133 
0.291584 0.582448 
0.925424 0.040518 
0.070422 0.995202 
0.816988 0.192570 
0.301193 0.704598 
0.285484 0.665007 
0.816175 0.168256 
0.005795 0.919736 
0.698916 0.265017 
0.180332 0.845947 
0.571480 0.399825 
0.706795 0.400590 
0.678051 0.232133 
0.004519 0.987155 
0.238920 0.756209 
0.704549 0.435012 
0.275395 0.705933 
0.315793 0.567038 
0.829606 0.047349 
0.164001 0.795322 
0.767651 0.221592 
0.611558 0.351470 
0.521511 0.536797 
0.542460 0.405931 
0.241735 0.713687 
0.735584 0.275971 
0.477400 0.526435 
0.479360 0.602728 
0.137505 0.662129 
0.722369 0.279343 
0.752169 0.287676 
0.624846 0.270248 
0.438513 0.555137 
0.151778 0.720864 
0.534033 0.467075 
0.905874 0.140231 
0.459239 0.371150 
0.145393 0.869149 
0.072394 0.943467 
0.582592 0.512594 
0.248306 0.873301 
0.526645 0.515579 
0.633240 0.376320 
0.798307 0.147234 
0.303085 0.571212 
0.259385 0.778593 
0.460315 0.503885 
0.092491 0.915333 
0.629291 0.413974 
0.312031 0.799815 
0.037064 0.945049 
0.301936 0.716363 
0.495752 0.525946 
0.314488 0.658558 
0.732540 0.348675 
0.901229 0.289786 
0.308322 0.867005 
0.664780 0.339566 
0.482602 0.499442 
0.294096 0.865350 
0.392682 0.435555 
0.252180 0.892674 
0.172281 0.805632 
0.430460 0.489779 
0.249006 0.861086 
0.391374 0.596841 
0.075751 0.858455 
0.651620 0.317626 
0.242202 0.702580 
0.066610 0.978958 
0.492506 0.643722 
0.636760 0.385791 
0.902658 0.153810 
0.544773 0.519355 
0.289159 0.625003 
0.913398 0.148506 
0.183269 0.825562 
0.681347 0.226193 
0.552880 0.422057 
0.452477 0.580129 
0.289551 0.653689 
0.770683 0.235994 
0.479197 0.594599 
0.588125 0.508500 
0.673597 0.562196 
0.504902 0.542785 
0.536245 0.492587 
0.132247 0.883134 
0.153477 0.843020 
0.090982 0.898983 
0.019523 0.868058 
0.817886 0.093355 
0.798370 0.195471 
0.078087 0.898174 
0.253326 0.676412 
0.628863 0.428792 
0.540941 0.460212 
0.738350 0.362610 
0.898937 0.065701 
0.569673 0.504993 
0.442776 0.434893 
0.468818 0.497165 
0.412884 0.569331 
0.382419 0.645604 
0.490989 0.515626 
0.095079 0.937650 
0.853114 0.247449 
0.101239 0.756401 
0.602608 0.261711 
0.145673 0.887246 
0.623989 0.347643 
0.151472 0.839879 
0.215245 0.919673 
0.410927 0.589458 
0.426114 0.516368 
0.483268 0.605076 
0.466087 0.601895 
0.675489 0.440661 
0.246926 0.730025 
0.741829 0.257264 
0.535936 0.552879 
0.157627 0.792279 
0.955840 0.071189 
0.842538 0.341782 
0.337864 0.800103 
0.310994 0.735281 
0.415004 0.595704 
0.595862 0.512732 
0.741339 0.197744 
0.618665 0.439285 
0.070983 0.885328 
0.556853 0.538941 
0.126829 0.852988 
0.120374 0.819249 
0.102176 0.918636 
0.192320 0.783238 
0.675568 0.374344 
0.225423 0.802795 
0.775996 0.276965 
0.134125 0.930391 
0.245921 0.655649 
0.602279 0.463000 
0.467797 0.670320 
0.587831 0.574498 
0.736003 0.392628 
0.352846 0.621927 
0.599936 0.512816 
0.003534 0.977835 
0.195447 0.832022 
0.650366 0.495956 
0.417122 0.583426 
0.740157 0.199502 
0.929081 0.155933 
0.600587 0.385514 
0.461431 0.609436 
0.708887 0.248123 
0.719816 0.303536 
0.001593 0.990918 
0.522701 0.575401 
0.566288 0.573009 
0.386336 0.625675 
0.501350 0.358323 
0.521300 0.551691 
0.338195 0.707719 
0.671527 0.219196 
0.542175 0.408675 
0.378812 0.597509 
0.141660 0.898363 
0.155307 0.729503 
0.851865 0.060054 
0.611422 0.316644 
0.015716 0.881534 
0.060912 0.889518 
0.845234 0.116299 
0.179264 0.779083 
0.671948 0.305456 
0.143262 0.982873 
0.592820 0.493558 
0.276749 0.803701 
0.076098 0.894389 
0.561669 0.378695 
0.335423 0.646583 
0.727077 0.310755 
0.149049 0.706919 
0.911820 0.097657 
0.131233 0.911645 
0.896637 0.082570 
0.165121 0.841614 
0.711874 0.410330 
0.573834 0.408263 
0.852294 0.168269 
0.781999 0.313377 
0.420110 0.663212 
0.358742 0.671654 
0.938591 0.081320 
0.910374 0.019780 
0.151418 0.902509 
0.277579 0.952518 
0.016572 0.928696 
0.814635 0.229579 
0.383780 0.384776 
0.364599 0.669989 
0.400100 0.637101 
0.426370 0.653170 
0.741711 0.286746 
0.202473 0.893017 
0.200264 0.807916 
0.932558 0.079833 
0.411923 0.485147 
0.909492 0.123269 
0.350387 0.756648 
0.172944 0.780651 
0.547007 0.411657 
0.449375 0.405882 
0.174348 0.739347 
0.183807 0.818273 
0.630894 0.454856 
0.182866 0.755064 
0.511250 0.424018 
0.582166 0.638667 
0.492059 0.436031 
0.827578 0.086367 
0.770559 0.240250 
0.179094 0.745248 
0.683927 0.320123 
0.901736 0.013264 
0.241591 0.840397 
0.300803 0.660111 
0.801218 0.263041 
0.908556 0.154262 
0.093652 0.883460 
0.295061 0.543057 
0.445452 0.655610 
0.531035 0.459453 
0.436662 0.628605 
0.678636 0.361724 
0.683518 0.339896 
0.660842 0.334826 
0.513476 0.467998 
0.886709 0.140930 
0.506298 0.485740 
0.589426 0.459857 
0.429823 0.578182 
0.496361 0.453858 
0.809700 0.254538 
0.583061 0.422032 
0.317125 0.704333 
0.871324 0.019746 
0.939401 0.135430 
0.592731 0.447759 
0.606132 0.454044 
0.829694 0.280446 
0.306196 0.637159 
0.409512 0.408139 
0.329137 0.571130 
0.206018 0.833915 
0.287441 0.701119 
0.911951 0.144836 
0.795835 0.296633 
0.153419 0.673725 
0.722570 0.278096 
0.324476 0.561943 
0.501455 0.445084 
0.549852 0.372313 
0.793705 0.264472 
0.411859 0.591134 
0.968619 0.068369 
0.655641 0.383784 
0.217499 0.768191 
0.883827 0.226323 
0.189027 0.799654 
0.136864 0.788851 
0.341155 0.813713 
0.716384 0.341385 
0.404200 0.449469 
0.448804 0.406882 
0.643068 0.367224 
0.414424 0.603987 
0.382939 0.743681 
0.305251 0.692775 
0.296320 0.845610 
0.618811 0.416460 
0.431459 0.586107 
0.566984 0.624570 
0.196904 0.829788 
0.148441 0.827944 
0.539228 0.391979 
0.435563 0.564917 
0.867368 0.078779 
0.957952 0.009475 
0.335437 0.761017 
0.237215 0.656648 
0.342872 0.701594 
0.545559 0.553889 
0.437666 0.480780 
0.101226 0.990589 
0.972529 0.185268 
0.372605 0.602555 
0.943577 0.125935 
0.624914 0.251153 
0.772420 0.382480 
0.733570 0.242886 
0.387792 0.652932 
0.139163 0.878618 
0.334842 0.592117 
0.425021 0.725773 
0.701577 0.345728 
0.837548 0.242998 
0.709945 0.358504 
0.755023 0.110046 
0.150272 0.875347 
0.701630 0.428108 
0.272664 0.821246 
0.545960 0.454386 
0.179798 0.822468 
0.740538 0.197221 
0.919875 0.005981 
0.938320 0.025562 
0.516527 0.479289 
0.002795 0.923645 
0.784532 0.311992 
0.456872 0.647258 
0.608273 0.437304 
0.521356 0.678416 
0.481510 0.583334 
0.812616 0.241180 
0.218530 0.722423 
0.205987 0.976688 
0.815284 0.234676 
0.552985 0.366147 
0.673485 0.295799 
0.095164 0.866332 
0.613105 0.407845 
0.372274 0.659444 
0.109010 0.874294 
0.579249 0.428205 
0.585566 0.450750 
0.098328 0.933774 
0.228238 0.857118 
0.424935 0.572796 
0.704594 0.294626 
0.512913 0.507329 
0.577954 0.341407 
0.777482 0.255038 
0.884661 0.220916 
0.024905 0.800234 
0.332482 0.809570 
0.706702 0.366480 
0.472468 0.472676 
0.072571 0.849300 
0.428219 0.500897 
0.494618 0.581035 
0.246017 0.724573 
0.807311 0.228603 
0.291029 0.652783 
0.418008 0.601434 
0.564336 0.431421 
0.193372 0.829542 
0.435844 0.611397 
0.214423 0.763722 
0.294087 0.601534 
0.105514 0.895932 
0.326052 0.489970 
0.644038 0.349556 
0.104286 0.905528 
0.482740 0.415389 
0.429895 0.623927 
0.499350 0.686137 
0.779065 0.285956 
0.376080 0.592242 
0.115427 0.964090 
0.572280 0.389111 
0.739406 0.193493 
0.623901 0.428610 
0.193170 0.893600 
0.996667 0.062112 
0.834405 0.136817 
0.583813 0.313812 
0.611334 0.315109 
0.344043 0.554039 
0.524688 0.406508 
0.946282 0.048689 
0.759036 0.105892 
0.945841 0.081258 
0.720453 0.403903 
0.175819 0.772863 
0.707069 0.355855 
0.645750 0.502728 
0.130231 0.797090 
0.168030 0.838247 
0.399055 0.480202 
0.030263 0.984761 
0.931936 0.057014 
0.556800 0.491515 
0.471496 0.521245 
0.261862 0.793611 
0.255665 0.712950 
0.209660 0.720826 
0.442764 0.511134 
0.560729 0.494420 
0.119931 0.938383 
0.447423 0.341189 
0.696197 0.197943 
0.777428 0.349401 
0.594425 0.454283 
0.482716 0.462387 
0.510274 0.636853 
0.076094 0.882002 
0.213233 0.693944 
0.530482 0.559180 
0.500240 0.388121 
0.400915 0.573521 
0.977035 0.110229 
0.330605 0.710937 
0.648929 0.338045 
0.216102 0.782520 
0.769445 0.139923 
0.797109 0.211433 
0.580607 0.355328 
0.579157 0.415144 
0.388702 0.587148 
0.817304 0.258557 
0.297269 0.836427 
0.992084 0.013101 
0.548679 0.419012 
0.745508 0.228603 
0.514952 0.386330 
0.545954 0.442945 
0.269194 0.773900 
0.658282 0.223921 
0.927618 0.187150 
0.500527 0.361422 
0.876694 0.025138 
0.510942 0.531271 
0.439060 0.599954 
0.258425 0.726582 
0.628460 0.402135 
0.878410 0.047880 
0.780420 0.087444 
0.142558 0.997405 
0.510929 0.446714 
0.074641 0.852063 
0.730968 0.284788 
0.823876 0.135348 
0.919526 0.009957 
0.582935 0.304399 
0.873329 0.278143 
0.241431 0.725303 
0.398052 0.456002 
0.255176 0.853521 
0.603048 0.567765 
0.809272 0.152502 
0.135239 0.955480 
0.513928 0.516167 
0.266460 0.830503 
0.651045 0.397254 
0.287309 0.782331 
0.560982 0.421462 
0.288081 0.800848 
0.345472 0.649849 
0.723060 0.158543 
0.450875 0.664351 
0.712762 0.351346 
0.256185 0.740288 
0.435436 0.623220 
0.578473 0.615446 
0.396601 0.451623 
0.224480 0.829843 
0.168067 0.778154 
0.482982 0.401956 
0.092311 0.883146 
0.508193 0.421966 
0.538277 0.488816 
0.225881 0.757592 
0.326646 0.821591 
0.797034 0.189454 
0.777051 0.305599 
0.130356 0.932916 
0.862995 0.166148 
0.308446 0.646812 
0.802682 0.059615 
0.492738 0.590910 
0.525574 0.451043 
0.511427 0.410594 
0.630375 0.396449 
0.541626 0.458395 
0.493857 0.497816 
0.352126 0.735566 
0.481638 0.610129 
0.790688 0.257460 
0.249656 0.668314 
0.869534 0.143175 
0.417755 0.593464 
0.539644 0.329503 
0.470585 0.635468 
0.386540 0.617343 
0.463317 0.498997 
0.551442 0.297972 
0.122535 0.903363 
0.669278 0.389477 
0.356685 0.567848 
0.402829 0.767606 
0.461151 0.415253 
0.670219 0.422800 
0.838802 0.192720 
0.791002 0.268755 
0.386488 0.682240 
0.504062 0.381632 
0.800242 0.228650 
0.443596 0.706131 
0.771899 0.159322 
0.152883 0.924454 
0.551558 0.399226 
0.111581 0.758302 
0.870364 0.099386 
0.621725 0.591920 
0.212225 0.833399 
0.838455 0.248959 
0.548373 0.450845 
0.573382 0.439774 
0.496727 0.641304 
0.380762 0.689122 
0.928376 0.249633 
0.596206 0.263711 
0.674628 0.405172 
0.402298 0.662431 
0.222747 0.808190 
0.793925 0.180042 
0.851020 0.110254 
0.458652 0.478946 
0.994531 0.061923 
0.678661 0.212092 
0.597138 0.233891 
0.101982 0.926393 
0.913502 0.315432 
0.778195 0.147695 
0.653920 0.396139 
0.934720 0.113328 
0.584208 0.490988 
0.769753 0.081770 
0.331102 0.652199 
0.373895 0.666088 
0.268497 0.747011 
0.632081 0.475729 
0.629749 0.496763 
0.643627 0.279773 
0.429254 0.578180 
0.641036 0.478209 
0.491098 0.498369 
0.347994 0.606598 
0.107082 0.871976 
0.400616 0.578194 
0.440745 0.446204 
0.632556 0.492077 
0.701562 0.247626 
0.191556 0.821327 
0.887957 0.197121 
0.616729 0.363391 
0.389715 0.654674 
0.241727 0.859864 
0.575806 0.347806 
0.542050 0.325963 
0.682105 0.354357 
0.801948 0.110871 
0.723752 0.223333 
0.788986 0.245377 
0.878995 0.147607 
0.085018 0.807459 
0.345555 0.641638 
0.396732 0.671132 
0.936900 0.008930 
0.676414 0.406145 
0.848816 0.068140 
0.051480 0.913700 
0.186140 0.697037 
0.664259 0.339895 
0.505136 0.518638 
0.229801 0.760686 
0.540955 0.485894 
0.560458 0.416677 
0.899513 0.108978 
0.052483 0.949782 
0.439554 0.367214 
0.414687 0.766256 
0.476970 0.429713 
0.652778 0.404388 
0.632247 0.395932 
0.720090 0.515737 
0.705092 0.332211 
0.611905 0.509254 
0.291621 0.556703 
0.325530 0.587436 
0.467990 0.452681 
0.723637 0.370016 
0.857900 0.085228 
0.649411 0.404664 
0.939644 0.119225 
0.610887 0.332057 
0.085748 0.906667 
0.874413 0.047822 
0.938833 0.046738 
0.306999 0.695857 
0.804484 0.147056 
0.669854 0.322770 
0.280356 0.658735 
0.213407 0.858972 
0.829176 0.145593 
0.075714 0.969519 
0.828887 0.335709 
0.777137 0.254407 
0.600841 0.461722 
0.229513 0.795889 
0.118899 0.732688 
0.578515 0.300626 
0.835085 0.213135 
0.682546 0.225168 
0.438634 0.668451 
0.312780 0.604058 
0.616513 0.511129 
0.511330 0.478884 
0.173947 0.791543 
0.432616 0.670543 
0.629497 0.476460 
0.999924 0.088217 
0.665835 0.281910 
0.094480 0.841708 
0.626811 0.378522 
0.215487 0.889665 
0.214619 0.670528 
0.009255 0.967721 
0.932950 0.063453 
0.903881 0.146043 
0.315269 0.631515 
0.558592 0.415958 
0.618482 0.384674 
0.655169 0.309212 
0.760365 0.215760 
0.372469 0.749601 
0.344100 0.737935 
0.839603 0.296404 
0.359293 0.712592 
0.596297 0.471988 
0.385733 0.593243 
0.411137 0.725378 
0.914380 0.070823 
0.711405 0.276172 
0.086049 0.974957 
0.593012 0.417953 
0.290785 0.661945 
0.489088 0.441673 
0.600063 0.291028 
0.495449 0.630811 
0.562622 0.476339 
0.258589 0.797380 
0.754720 0.152315 
0.733803 0.198703 
0.875189 0.287377 
0.951563 0.108873 
0.635127 0.233668 
0.512715 0.377823 
0.839909 0.095640 
0.491646 0.433182 
0.439359 0.594308 
0.310479 0.789834 
0.746759 0.309554 
0.687248 0.378212 
0.790934 0.188974 
0.468152 0.548106 
0.650805 0.430006 
0.372788 0.654012 
0.418588 0.740289 
0.762275 0.174349 
0.250947 0.947088 
0.860948 0.020393 
0.515698 0.472573 
0.512764 0.413850 
0.556652 0.492094 
0.743329 0.209931 
0.245096 0.778188 
0.439056 0.501163 
0.511170 0.387903 
0.409628 0.577783 
0.517164 0.638108 
0.591091 0.244765 
0.498995 0.648043 
0.605481 0.333463 
0.629582 0.513038 
0.615607 0.413257 
0.253148 0.831517 
0.486581 0.441616 
0.475695 0.593071 
0.454867 0.484763 
0.482983 0.366070 
0.981466 0.065713 
0.341145 0.575722 
0.499718 0.658412 
0.427970 0.682642 
0.389936 0.587219 
0.811874 0.252083 
0.459729 0.611601 
0.005184 0.867014 
0.329439 0.645579 
0.348796 0.653182 
0.377862 0.553044 
0.634538 0.416008 
0.473071 0.528311 
0.754414 0.331031 
0.578114 0.275684 
0.217758 0.662613 
0.530548 0.454337 
0.351429 0.601430 
0.834351 0.233539 
0.544703 0.427957 
0.825491 0.159612 
0.221961 0.848497 
0.201031 0.715923 
0.375222 0.696804 
0.744622 0.381048 
0.958102 0.031631 
0.931141 0.090401 
0.528568 0.253180 
0.547255 0.241445 
0.932329 0.127825 
0.854751 0.226988 
0.474152 0.569464 
0.349960 0.512583 
0.894958 0.259452 
0.811925 0.303112 
0.309623 0.693415 
0.693708 0.239522 
0.293383 0.751087 
0.484300 0.451297 
0.485834 0.596329 
0.699613 0.329375 
0.404813 0.396977 
0.092409 0.808850 
0.872816 0.217661 
0.663869 0.437240 
0.664296 0.414779 
0.431172 0.485409 
0.390841 0.752307 
0.055099 0.796868 
0.281180 0.842187 
0.240226 0.726583 
0.797864 0.268703 
0.641910 0.353876 
0.346252 0.661116 
0.042466 0.822933 
0.786445 0.202968 
0.139154 0.907193 
0.275331 0.587498 
0.813733 0.282883 
0.625581 0.442374 
0.742785 0.233613 
0.067547 0.958189 
0.633046 0.272626 
0.746515 0.319620 
0.941414 0.007792 
0.371810 0.584471 
0.857285 0.052138 
0.269860 0.846029 
0.961824 0.129256 
0.235114 0.750966 
0.845367 0.206761 
0.708388 0.194101 
0.149408 0.790982 
0.673963 0.180608 
0.431559 0.656416 
0.587796 0.507095 
0.839183 0.101815 
0.263593 0.775365 
0.858009 0.174126 
0.104010 0.736770 
0.480142 0.478386 
0.219872 0.657606 
0.883409 0.230127 
0.226617 0.768223 
0.407028 0.538537 
0.762621 0.331405 
0.498446 0.539828 
0.847469 0.234399 
0.854855 0.137579 
0.932848 0.091753 
0.089677 0.970901 
0.033708 0.935342 
0.264221 0.692386 
0.569559 0.403256 
0.459223 0.494897 
0.425647 0.547885 
0.157036 0.761859 
0.629644 0.330670 
0.318481 0.634919 
0.435998 0.626061 
0.543417 0.251875 
0.245102 0.734411 
0.455439 0.573223 
0.369933 0.642022 
0.449309 0.512966 
0.562755 0.504164 
0.887704 0.120022 
0.528286 0.492423 
0.715725 0.326012 
0.235066 0.802527 
0.339053 0.771608 
0.880187 0.078931 
0.275918 0.698576 
0.823602 0.207585 
0.056091 0.817127 
0.336511 0.655783 
0.716459 0.365030 
0.315189 0.751407 
0.422200 0.661843 
0.312036 0.725451 
0.666885 0.247302 
0.629404 0.304025 
0.981943 0.100802 
0.446994 0.570692 
0.566285 0.409003 
0.728462 0.309327 
0.804751 0.321720 
0.691796 0.413545 
0.908955 0.128429 
0.175812 0.839738 
0.557304 0.381229 
0.299612 0.792336 
0.966896 0.089404 
0.752132 0.107096 
0.776373 0.263841 
0.871567 0.041474 
0.480189 0.670550 
0.028076 0.899356 
0.434164 0.571522 
0.747124 0.237020 
0.387111 0.734855 
0.746741 0.332610 
0.713194 0.215636 
0.641770 0.307592 
0.629092 0.358097 
0.611117 0.387353 
0.255424 0.848500 
0.341505 0.767463 
0.721301 0.404288 
0.414274 0.618032 
0.414596 0.578389 
0.500771 0.560979 
0.369940 0.667992 
0.187337 0.750097 
0.660027 0.482960 
0.844646 0.195374 
0.540692 0.423938 
0.514994 0.504335 
0.359795 0.783259 
0.729235 0.277153 
0.477719 0.560271 
0.173274 0.721536 
0.421034 0.600533 
0.609298 0.459366 
0.061263 0.929294 
0.827293 0.071289 
0.867337 0.199282 
0.195927 0.810362 
0.393200 0.621782 
0.157336 0.850868 
0.844806 0.169834 
0.351726 0.610568 
0.537932 0.501211 
0.328022 0.620626 
0.161534 0.872905 
0.487744 0.471050 
0.706574 0.332793 
0.398374 0.685076 
0.701052 0.397733 
0.443913 0.602411 
0.087662 0.834816 
0.786022 0.172011 
0.586957 0.459794 
0.327748 0.768533 
0.440805 0.647842 
0.551308 0.420289 
0.533974 0.400617 
0.468572 0.579858 
0.398656 0.615767 
0.225258 0.677830 
0.417484 0.414895 
0.391834 0.516949 
0.600297 0.526320 
0.926091 0.066257 
0.319032 0.618324 
0.124770 0.991020 
0.170053 0.735763 
0.578868 0.511929 
0.459941 0.398827 
0.496808 0.586356 
0.839708 0.277133 
0.382540 0.661998 
0.951242 0.098081 
0.416059 0.462951 
0.494333 0.363441 
0.532078 0.525643 
0.457555 0.553002 
0.370048 0.595811 
0.942723 0.055051 
0.183181 0.619295 
0.388141 0.420372 
0.730423 0.167394 
0.385080 0.863552 
0.677029 0.322920 
0.683692 0.405148 
0.247999 0.697686 
0.477441 0.487028 
0.750145 0.249932 
0.663199 0.423378 
0.748875 0.197440 
0.526673 0.420808 
0.495539 0.461945 
0.680840 0.250384 
0.405197 0.580129 
0.303963 0.722130 
0.084721 0.923710 
0.736430 0.233052 
0.134942 0.962809 
0.343474 0.605763 
0.580951 0.370303 
0.995419 0.052391 
0.371971 0.734066 
0.788078 0.266103 
0.726546 0.309451 
0.502194 0.514923 
0.632569 0.375851 
0.541093 0.355640 
0.929086 0.119955 
0.728881 0.257809 
0.795005 0.229806 
0.609673 0.271585 
0.686431 0.188058 
0.101723 0.844683 
0.669983 0.224675 
0.633186 0.263889 
0.655096 0.353929 
0.362941 0.687148 
0.452866 0.630177 
0.814238 0.196049 
0.314300 0.741089 
0.526584 0.377950 
0.918848 0.088263 
0.183416 0.741275 
0.546131 0.287329 
0.025998 0.916137 
0.688358 0.321766 
0.988759 0.150038 
0.250919 0.752663 
0.755023 0.347374 
0.145652 0.872650 
0.290120 0.817820 
0.344581 0.568244 
0.572424 0.512430 
0.661755 0.372412 
0.140396 0.934722 
0.362499 0.675721 
0.744434 0.141437 
0.732574 0.264957 
0.678307 0.225947 
0.619316 0.438627 
0.326141 0.695299 
0.482539 0.650373 
0.606447 0.273887 
0.237968 0.603523 
0.776264 0.279757 
0.349577 0.656410 
0.794971 0.308520 
0.717563 0.362630 
0.372187 0.534709 
0.734169 0.236534 
0.009272 0.906754 
0.249222 0.884526 
0.752355 0.173303 
0.297303 0.669290 
0.523930 0.658868 
0.292653 0.809089 
0.541674 0.459999 
0.745484 0.259264 
0.272283 0.692399 
0.485794 0.443615 
0.269656 0.651850 
0.002615 0.978365 
0.693176 0.342891 
0.375111 0.678699 
0.525205 0.450681 
0.484232 0.606743 
0.840711 0.315422 
0.183644 0.655930 
0.612838 0.408210 
0.062500 0.833066 
0.230134 0.784650 
0.532331 0.404481 
0.964806 0.070545 
0.391060 0.501349 
0.138627 0.835613 
0.549376 0.510024 
0.491601 0.462601 
0.375923 0.573927 
0.252533 0.768555 
0.649662 0.396793 
0.938430 0.123362 
0.888842 0.089210 
0.874270 0.182596 
0.731675 0.222338 
0.775971 0.287445 
0.184258 0.847691 
0.200403 0.859989 
0.525458 0.379456 
0.321902 0.758632 
0.593265 0.409594 
0.342996 0.675712 
0.328490 0.652428 
0.743176 0.362503 
0.126285 0.917912 
0.530413 0.581467 
0.462570 0.598868 
0.492926 0.514945 
0.650385 0.302299 
0.305303 0.762387 
0.781692 0.219702 
0.416734 0.655398 
0.405606 0.502424 
0.170579 0.856861 
0.303668 0.659028 
0.482172 0.473117 
0.200230 0.781393 
0.302598 0.767424 
0.438953 0.446292 
0.645117 0.472240 
0.453503 0.566104 
0.674329 0.263608 
0.550867 0.482097 
0.781456 0.166464 
0.691147 0.149573 
0.037399 0.905292 
0.548984 0.417002 
0.230915 0.701859 
0.537420 0.488055 
0.970716 0.112219 
0.884865 0.089481 
0.500375 0.545301 
0.209097 0.926042 
0.593198 0.509191 
0.422007 0.508690 
0.966191 0.062021 
0.016642 0.889747 
0.584952 0.343734 
0.445425 0.465093 
0.597214 0.479386 
0.948582 0.061908 
0.448201 0.478740 
0.661582 0.478353 
0.179193 0.991089 
0.226246 0.690718 
0.474345 0.503336 
0.595342 0.355203 
0.231620 0.699525 
0.298145 0.632905 
0.891707 0.226256 
0.754261 0.159978 
0.787245 0.240002 
0.299911 0.635423 
0.898957 0.149424 
0.886196 0.239769 
0.042325 0.944531 
0.560246 0.519176 
0.280828 0.854368 
0.591518 0.433263 
0.418980 0.550197 
0.239812 0.761376 
0.370129 0.538246 
0.912399 0.061935 
0.748037 0.269168 
0.108905 0.744778 
0.600229 0.507834 
0.463413 0.431419 
0.805586 0.184751 
0.880032 0.178717 
0.556182 0.412837 
0.878003 0.080455 
0.557521 0.369376 
0.371609 0.563905 
0.151886 0.827546 
0.376682 0.372859 
0.779952 0.225994 
0.307054 0.624424 
0.501797 0.517473 
0.541269 0.538301 
0.554080 0.492457 
0.514994 0.554234 
0.222884 0.726719 
0.557973 0.318083 
0.621639 0.335160 
0.328066 0.596494 
0.430071 0.555076 
0.196891 0.679158 
0.205403 0.742361 
0.385998 0.570776 
0.281798 0.713765 
0.088853 0.940754 
0.487257 0.527419 
0.509263 0.628221 
0.492735 0.502768 
0.593127 0.445791 
0.818153 0.148838 
0.784346 0.333218 
0.220590 0.892664 
0.339982 0.645818 
0.521790 0.590389 
0.763533 0.185286 
0.980992 0.159316 
0.581175 0.528049 
0.505239 0.593010 
0.610455 0.389434 
0.028990 0.934246 
0.387928 0.492903 
0.606626 0.448953 
0.802045 0.205918 
0.832010 0.135994 
0.205572 0.711967 
0.809600 0.204764 
0.831309 0.153844 
0.348051 0.601065 
0.873752 0.165272 
0.890007 0.143980 
0.860260 0.151746 
0.878745 0.038444 
0.732124 0.419693 
0.346654 0.693050 
0.230704 0.802157 
0.207410 0.805772 
0.571121 0.394133 
0.342129 0.603733 
0.403576 0.505780 
0.089445 0.982921 
0.509880 0.425949 
0.934661 0.158607 
0.837034 0.122817 
0.839599 0.063746 
0.506652 0.527414 
0.252804 0.640109 
0.870320 0.164062 
0.619753 0.464867 
0.412171 0.633026 
0.625828 0.427886 
0.909595 0.099872 
0.651507 0.299535 
0.272978 0.693108 
0.205702 0.930450 
0.938455 0.006506 
0.611057 0.409933 
0.134311 0.849869 
0.215224 0.864600 
0.513670 0.590064 
0.434133 0.566984 
0.601199 0.479346 
0.397663 0.577809 
0.150858 0.691301 
0.209303 0.734056 
0.863958 0.132847 
0.742151 0.382616 
0.157722 0.782917 
0.524641 0.416359 
0.826749 0.303655 
0.115171 0.909660 
0.332186 0.794308 
0.133224 0.895364 
0.358933 0.526144 
0.232355 0.724652 
0.175796 0.749532 
0.421605 0.396745 
0.577499 0.348478 
0.878954 0.063722 
0.213649 0.810166 
0.582101 0.416684 
0.299482 0.727753 
0.531879 0.549340 
0.517298 0.547457 
0.826115 0.198392 
0.803349 0.133450 
0.134489 0.882674 
0.441955 0.686725 
0.560604 0.471416 
0.727213 0.301775 
0.125236 0.833434 
0.423329 0.635914 
0.470318 0.618060 
0.979515 0.027386 
0.164012 0.743118 
0.397457 0.617954 
0.940625 0.045590 
0.764224 0.245640 
0.159392 0.830611 
0.600236 0.425058 
0.823257 0.094903 
0.468933 0.434650 
0.480556 0.694318 
0.029624 0.842689 
0.662174 0.344935 
0.566239 0.362354 
0.490927 0.469723 
0.616891 0.450661 
0.022121 0.914845 
0.373867 0.519830 
0.809619 0.363647 
0.735622 0.333006 
0.316689 0.717620 
0.462579 0.468491 
0.304629 0.633573 
0.580511 0.405813 
0.387274 0.489419 
0.183536 0.852969 
0.477290 0.494579 
0.622552 0.225194 
0.009997 0.899877 
0.663516 0.291193 
0.535894 0.520711 
0.564191 0.476489 
0.741115 0.387705 
0.953302 0.105671 
0.525116 0.492076 
0.800512 0.245480 
0.713806 0.300274 
0.634166 0.431401 
0.876894 0.173011 
0.916609 0.108124 
0.583266 0.402725 
0.068120 0.880409 
0.404689 0.513339 
0.511134 0.429677 
0.301300 0.655125 
0.926336 0.058257 
0.115963 0.763849 
0.635389 0.516391 
0.350184 0.557370 
0.500339 0.597034 
0.909315 0.128271 
0.026865 0.898667 
0.547855 0.356746 
0.173788 0.782599 
0.060813 0.906703 
0.367378 0.574263 
0.300227 0.714028 
0.740954 0.386072 
0.554267 0.343965 
0.578102 0.347356 
0.678700 0.275471 
0.763215 0.221767 
0.326090 0.557464 
0.498865 0.443119 
0.074689 0.931180 
0.586987 0.396689 
0.682484 0.290079 
0.566499 0.432779 
0.497938 0.475107 
0.169041 0.736679 
0.512815 0.453312 
0.207049 0.751185 
0.955028 0.049870 
0.298584 0.793129 
0.589573 0.425286 
0.556775 0.350099 
0.763435 0.273874 
0.075428 0.909693 
0.683906 0.397954 
0.890459 0.004405 
0.906252 0.123318 
0.698428 0.355852 
0.555073 0.529101 
0.880726 0.070748 
0.522973 0.547934 
0.444568 0.590728 
0.572105 0.461870 
0.668508 0.346676 
0.445690 0.524125 
0.181797 0.794917 
0.255523 0.716104 
0.650842 0.433836 
0.371928 0.616499 
0.542071 0.344157 
0.779913 0.151391 
0.291382 0.668188 
0.389939 0.709772 
0.266242 0.713507 
0.592501 0.539830 
0.534543 0.429643 
0.927371 0.209220 
0.383347 0.549859 
0.479788 0.566322 
0.523632 0.552976 
0.726031 0.275718 
0.192710 0.872298 
0.139258 0.728983 
0.245453 0.845444 
0.705931 0.387648 
0.336791 0.740578 
0.797686 0.222169 
0.689260 0.277915 
0.608746 0.397875 
0.664751 0.240727 
0.593520 0.393262 
0.754609 0.206542 
0.768675 0.210996 
0.044907 0.933902 
0.036527 0.852193 
0.526532 0.367634 
0.606422 0.436700 
0.238327 0.775500 
0.183246 0.805481 
0.618083 0.230294 
0.689288 0.387950 
0.448293 0.465658 
0.608921 0.419262 
0.577234 0.384022 
0.932663 0.021479 
0.716614 0.358842 
0.575017 0.306658 
0.466452 0.578325 
0.684053 0.305421 
0.852536 0.018806 
0.808298 0.225483 
0.356539 0.492967 
0.866347 0.196414 
0.196785 0.949207 
0.581922 0.373112 
0.845734 0.160473 
0.295567 0.743350 
0.258211 0.726843 
0.380383 0.534082 
0.278884 0.692921 
0.316135 0.619324 
0.057216 0.861154 
0.528621 0.355345 
0.314594 0.779510 
0.604760 0.395263 
0.703883 0.379627 
0.070215 0.894097 
0.552702 0.489646 
0.260302 0.624297 
0.794015 0.102874 
0.858879 0.076816 
0.990142 0.065554 
0.330138 0.730591 
0.618663 0.476258 
0.691712 0.342454 
0.531336 0.526518 
0.840341 0.221776 
0.607744 0.406231 
0.581742 0.385191 
0.291198 0.772333 
0.888801 0.250549 
0.153205 0.896668 
0.340883 0.701972 
0.304264 0.673964 
0.367624 0.629962 
0.541582 0.478626 
0.363512 0.674837 
0.680641 0.294084 
0.241547 0.759896 
0.035497 0.989466 
0.628320 0.318426 
0.374560 0.621304 
0.442967 0.673909 
0.505745 0.559036 
0.235778 0.721502 
0.020530 0.919330 
0.774911 0.266356 
0.654710 0.342089 
0.839557 0.118403 
0.713538 0.273414 
0.767510 0.227254 
0.901429 0.053144 
0.925670 0.018920 
0.385119 0.749999 
0.799182 0.275394 
0.753526 0.269115 
0.843717 0.266238 
0.245221 0.628083 
0.651302 0.438490 
0.775693 0.141189 
0.781726 0.165174 
0.350766 0.605239 
0.593851 0.439240 
0.796092 0.007737 
0.524009 0.510572 
0.498045 0.603779 
0.902343 0.189990 
0.698149 0.376580 
0.248079 0.726844 
0.587272 0.400636 
0.563590 0.453468 
0.523402 0.456478 
0.568334 0.400035 
0.632581 0.469454 
0.521290 0.404727 
0.689816 0.350011 
0.559411 0.645986 
0.105811 0.817704 
0.407070 0.581630 
0.625581 0.333132 
0.170819 0.741675 
0.328799 0.823180 
0.577670 0.385090 
0.535592 0.465334 
0.423207 0.517470 
0.668374 0.244102 
0.448957 0.544089 
0.844746 0.055906 
0.964582 0.075694 
0.070592 0.958567 
0.922461 0.100061 
0.813700 0.235229 
0.878484 0.178566 
0.259026 0.748126 
0.483914 0.619194 
0.257301 0.637955 
0.611141 0.447963 
0.414469 0.752080 
0.586112 0.390488 
0.674005 0.402937 
0.738569 0.230550 
0.901016 0.184313 
0.821432 0.207133 
0.657029 0.437027 
0.133041 0.836439 
0.816877 0.347911 
0.293181 0.695955 
0.647656 0.429181 
0.762666 0.201024 
0.079267 0.900205 
0.190448 0.835796 
0.060848 0.980639 
0.694561 0.219168 
0.503125 0.346960 
0.575162 0.481132 
0.828355 0.120685 
0.005677 0.938987 
0.519979 0.537216 
0.315105 0.593013 
0.316777 0.829099 
0.180454 0.890106 
0.388823 0.636273 
0.489523 0.589164 
0.361957 0.685582 
0.551218 0.466164 
0.507280 0.431179 
0.498891 0.523823 
0.269501 0.630740 
0.467375 0.489189 
0.500939 0.490731 
0.661900 0.436114 
0.300334 0.723923 
0.475898 0.511390 
0.257078 0.777102 
0.630644 0.542562 
0.801697 0.345543 
0.957421 0.057478 
0.619128 0.396329 
0.414595 0.505562 
0.759102 0.261177 
0.839752 0.249503 
0.588754 0.460953 
0.733234 0.269546 
0.712462 0.240133 
0.441729 0.613421 
0.303438 0.594465 
0.465956 0.776642 
0.508648 0.603040 
0.720727 0.348644 
0.486328 0.557343 
0.210217 0.725617 
0.842463 0.188000 
0.847250 0.244861 
0.078266 0.861799 
0.557587 0.422247 
0.766612 0.286442 
0.965154 0.015933 
0.278026 0.723022 
0.813637 0.316019 
0.644409 0.289153 
0.115082 0.831814 
0.232805 0.897901 
0.279297 0.864185 
0.771190 0.247210 
0.288025 0.746229 
0.463959 0.673310 
0.492070 0.572643 
0.269052 0.753765 
0.309409 0.648693 
0.111978 0.822157 
0.378885 0.643881 
0.384243 0.615299 
0.121122 0.931749 
0.553837 0.722651 
0.546929 0.351183 
0.326343 0.684231 
0.367995 0.621231 
0.230184 0.727832 
0.993685 0.013369 
0.160358 0.708204 
0.227778 0.732398 
0.427279 0.697716 
0.900569 0.077446 
0.847247 0.071281 
0.546571 0.404201 
0.256983 0.821672 
0.645608 0.499064 
0.032135 0.788719 
0.879070 0.279069 
0.633670 0.156108 
0.819572 0.187477 
0.331809 0.742227 
0.677644 0.299812 
0.459259 0.679318 
0.283912 0.639300 
0.193436 0.811709 
0.149342 0.849050 
0.780346 0.228991 
0.304277 0.400246 
0.733760 0.137799 
0.414063 0.598319 
0.446158 0.505564 
0.450947 0.539176 
0.719335 0.234280 
0.440833 0.459510 
0.842782 0.215898 
0.262652 0.628580 
0.403981 0.615713 
0.552190 0.457268 
0.155845 0.869125 
0.434800 0.601427 
0.462413 0.623184 
0.524313 0.419474 
0.659034 0.340536 
0.420602 0.546652 
0.251533 0.739779 
0.883693 0.063522 
0.471830 0.615065 
0.925366 0.060733 
0.985111 0.023482 
0.432280 0.428642 
0.139310 0.871306 
0.144248 0.856977 
0.279499 0.786991 
0.555116 0.327173 
0.578856 0.497151 
0.581205 0.241288 
0.666990 0.361587 
0.417670 0.703278 
0.493539 0.486962 
0.666026 0.292311 
0.442709 0.457276 
0.372899 0.515306 
0.582642 0.547351 
0.420867 0.479592 
0.190053 0.839397 
0.082793 0.914918 
0.641080 0.285230 
0.954185 0.132825 
0.427316 0.621125 
0.690329 0.272953 
0.139999 0.905144 
0.357132 0.673037 
0.419860 0.582245 
0.116081 0.893128 
0.589529 0.329207 
0.305062 0.624226 
0.236137 0.774848 
0.648668 0.348780 
0.501026 0.638860 
0.692326 0.222740 
0.111752 0.863280 
0.706658 0.344853 
0.207888 0.682920 
0.613653 0.426056 
0.334029 0.661537 
0.512290 0.577155 
0.412118 0.705562 
0.807870 0.082913 
0.660099 0.340915 
0.915011 0.252820 
0.240709 0.717962 
0.522836 0.234638 
0.542532 0.525221 
0.484797 0.399636 
0.500978 0.625617 
0.741406 0.301814 
0.356152 0.593003 
0.701670 0.265165 
0.090987 0.891784 
0.469420 0.415926 
0.653058 0.360842 
0.694345 0.346894 
0.026221 0.960174 
0.957204 0.145510 
0.670934 0.300816 
0.516408 0.653212 
0.309803 0.755897 
0.659632 0.288521 
0.071419 0.836265 
0.703287 0.388376 
0.570418 0.400666 
0.645830 0.333758 
0.403021 0.625074 
0.492633 0.404015 
0.709061 0.286795 
0.512526 0.557537 
0.788877 0.192160 
0.710152 0.281794 
0.464188 0.478941 
0.469699 0.585803 
0.897819 0.016358 
0.688209 0.328729 
0.573954 0.487113 
0.742197 0.188731 
0.877897 0.022264 
0.516391 0.515412 
0.285737 0.824149 
0.676223 0.382076 
0.478799 0.649417 
0.343289 0.658242 
0.565476 0.341677 
0.729914 0.363297 
0.477239 0.567931 
0.842766 0.132612 
0.424840 0.444733 
0.766067 0.264243 
0.111662 0.912729 
0.548026 0.488275 
0.180476 0.820949 
0.346629 0.638071 
0.585875 0.536467 
0.722291 0.262726 
0.872219 0.322620 
0.205788 0.742785 
0.551706 0.491183 
0.877682 0.208389 
0.113820 0.835125 
0.089465 0.972214 
0.363560 0.726398 
0.833419 0.214600 
0.417474 0.618182 
0.441775 0.512083 
0.114442 0.881194 
0.205047 0.699092 
0.337539 0.633548 
0.187787 0.818496 
0.366360 0.575628 
0.552545 0.490254 
0.445707 0.576549 
0.665198 0.219900 
0.928804 0.025688 
0.142957 0.751359 
0.268737 0.621300 
0.011558 0.903459 
0.610628 0.418137 
0.725564 0.308054 
0.437089 0.536014 
