3000 2
0.759687 0.571605 
0.679881 0.203276 
0.988099 0.864214 
0.278442 0.220253 
0.647565 0.804318 
0.544984 0.720616 
0.606682 0.482631 
0.498600 0.017391 
0.744887 0.565568 
0.499637 0.324987 
0.211222 0.368557 
0.903474 0.111943 
0.925094 0.377586 
0.927520 0.001087 
0.393551 0.953158 
0.148543 0.153238 
0.524763 0.828424 
0.356514 0.512862 
0.692638 0.634956 
0.733115 0.340202 
0.439273 0.278099 
0.060819 0.045955 
0.760730 0.559419 
0.063346 0.505617 
0.124987 0.562983 
0.830604 0.336208 
0.931540 0.734077 
0.448151 0.856633 
0.111664 0.375671 
0.857720 0.505214 
0.328829 0.006263 
0.658452 0.853592 
0.834687 0.014966 
0.366453 0.527325 
0.649921 0.099568 
0.867528 0.089195 
0.377668 0.928346 
0.135150 0.138398 
0.487765 0.198496 
0.644015 0.612752 
0.761478 0.474619 
0.948961 0.693018 
0.208696 0.397112 
0.549651 0.320360 
0.772783 0.407371 
0.825574 0.101611 
0.413635 0.484026 
0.955203 0.248322 
0.498992 0.321656 
0.775647 0.148913 
0.421225 0.643175 
0.238108 0.798893 
0.571521 0.373258 
0.937290 0.059286 
0.571753 0.581305 
0.672039 0.333232 
0.055924 0.620999 
0.026249 0.264620 
0.018111 0.575901 
0.584979 0.790894 
0.983272 0.410554 
0.892505 0.396907 
0.894579 0.847708 
0.645229 0.393571 
0.169364 0.420876 
0.542485 0.590589 
0.064050 0.780592 
0.389482 0.635571 
0.153850 0.326772 
0.694857 0.725604 
0.908077 0.366896 
0.058835 0.964001 
0.987895 0.085084 
0.228620 0.006006 
0.660985 0.813600 
0.796900 0.644257 
0.224153 0.689404 
0.041164 0.118733 
0.537112 0.686392 
0.512304 0.706477 
0.107268 0.054788 
0.297066 0.171318 
0.835381 0.686548 
0.806889 0.989231 
0.013320 0.501746 
0.714835 0.921397 
0.868642 0.773670 
0.885397 0.856538 
0.858754 0.114017 
0.862544 0.519739 
0.927617 0.659443 
0.163996 0.151770 
0.348848 0.205160 
0.270503 0.885960 
0.891552 0.782807 
0.592437 0.998820 
0.837595 0.889503 
0.170138 0.672976 
0.576051 0.977027 
0.662207 0.589370 
0.478773 0.377042 
0.510767 0.347415 
0.150711 0.396164 
0.203953 0.009465 
0.510182 0.066497 
0.529205 0.437799 
0.725940 0.693201 
0.589569 0.074788 
0.898361 0.860072 
0.960748 0.789913 
0.642878 0.553185 
0.788733 0.480473 
0.442688 0.958870 
0.153449 0.018738 
0.935897 0.815657 
0.608109 0.414670 
0.192698 0.118876 
0.762086 0.343410 
0.515040 0.966039 
0.352875 0.025222 
0.032535 0.882080 
0.463020 0.758475 
0.575281 0.052589 
0.833263 0.473642 
0.912661 0.794011 
0.263555 0.555539 
0.347196 0.052288 
0.036012 0.789883 
0.011158 0.189462 
0.808622 0.947055 
0.005119 0.416730 
0.361725 0.197817 
0.535606 0.123811 
0.541226 0.050646 
0.089849 0.894102 
0.075868 0.122385 
0.776181 0.538888 
0.880860 0.351462 
0.591477 0.714123 
0.825104 0.504138 
0.508134 0.088659 
0.059677 0.855330 
0.140946 0.095690 
0.645214 0.152104 
0.285152 0.453835 
0.099159 0.290270 
0.870565 0.460885 
0.488087 0.406171 
0.584695 0.029314 
0.456817 0.674545 
0.923415 0.532685 
0.796930 0.699597 
0.071573 0.677790 
0.051059 0.663051 
0.391913 0.876163 
0.167189 0.900047 
0.964822 0.226866 
0.755378 0.105768 
0.322556 0.400591 
0.257872 0.607708 
0.854426 0.357032 
0.897979 0.724992 
0.817916 0.386066 
0.131163 0.402612 
0.415380 0.587980 
0.077157 0.338795 
0.120665 0.874086 
0.038392 0.192239 
0.551876 0.089451 
0.855289 0.943789 
0.965614 0.022478 
0.843837 0.930435 
0.249345 0.599214 
0.036204 0.571901 
0.999805 0.294076 
0.179609 0.854232 
0.651108 0.077588 
0.579223 0.469024 
0.463654 0.710386 
0.871636 0.879034 
0.298367 0.948792 
0.217829 0.419032 
0.822879 0.256220 
0.611271 0.374755 
0.345671 0.466560 
0.318544 0.311285 
0.489039 0.162380 
0.241720 0.738383 
0.761595 0.277924 
0.310285 0.761400 
0.572000 0.489894 
0.615631 0.223107 
0.567482 0.194855 
0.692131 0.031136 
0.905241 0.563767 
0.910169 0.203607 
0.512560 0.127998 
0.622639 0.335438 
0.384218 0.233910 
0.710193 0.729889 
0.700470 0.028737 
0.041174 0.189509 
0.191117 0.282894 
0.927892 0.952712 
0.560818 0.238177 
0.714112 0.132817 
0.728071 0.329743 
0.355925 0.295553 
0.524598 0.048056 
0.326689 0.429838 
0.611823 0.236858 
0.633446 0.124383 
0.364856 0.256085 
0.459821 0.749074 
0.489995 0.170015 
0.478963 0.190465 
0.198752 0.520137 
0.379974 0.389869 
0.803031 0.307866 
0.342581 0.363849 
0.546043 0.056693 
0.496667 0.274113 
0.386436 0.852591 
0.569666 0.911033 
0.900647 0.896355 
0.340872 0.512471 
0.133213 0.974318 
0.636854 0.498069 
0.230403 0.096675 
0.247143 0.720398 
0.266690 0.726106 
0.910863 0.465442 
0.246244 0.290837 
0.855311 0.049275 
0.598703 0.197892 
0.413124 0.144745 
0.254585 0.909791 
0.418858 0.641020 
0.762382 0.988524 
0.552054 0.663030 
0.884879 0.892926 
0.175501 0.018092 
0.867243 0.812355 
0.516160 0.097646 
0.909030 0.763303 
0.818044 0.175720 
0.489410 0.728907 
0.641162 0.735653 
0.019744 0.496473 
0.784928 0.618446 
0.694365 0.198053 
0.763191 0.948949 
0.107843 0.182050 
0.589970 0.870226 
0.170574 0.142024 
0.533256 0.055453 
0.034949 0.708756 
0.073545 0.902193 
0.521111 0.589705 
0.999839 0.430141 
0.353008 0.817883 
0.605861 0.842418 
0.546790 0.247022 
0.578071 0.566533 
0.743495 0.363000 
0.184980 0.437860 
0.561052 0.948171 
0.386809 0.668896 
0.130221 0.976779 
0.539121 0.300795 
0.118803 0.072377 
0.356248 0.153752 
0.781133 0.429793 
0.055945 0.302244 
0.019498 0.055784 
0.732385 0.372506 
0.873667 0.338246 
0.214924 0.420457 
0.585268 0.792996 
0.986990 0.328763 
0.155995 0.171970 
0.766623 0.717047 
0.120141 0.153432 
0.385943 0.250361 
0.130211 0.925064 
0.551156 0.249014 
0.997442 0.907404 
0.402766 0.778575 
0.337196 0.458711 
0.080819 0.356694 
0.514495 0.813204 
0.729200 0.388162 
0.151449 0.944125 
0.808618 0.736717 
0.737121 0.795609 
0.065481 0.893116 
0.967578 0.832104 
0.610163 0.087719 
0.985535 0.996106 
0.338080 0.115746 
0.921171 0.889236 
0.364760 0.918612 
0.796640 0.767526 
0.697187 0.133836 
0.226236 0.778006 
0.490530 0.740731 
0.591210 0.219731 
0.128893 0.742660 
0.163856 0.937511 
0.479377 0.900976 
0.733120 0.544858 
0.794092 0.700698 
0.376961 0.404256 
0.788417 0.362497 
0.400362 0.126497 
0.478243 0.321533 
0.015733 0.843003 
0.240145 0.812373 
0.610529 0.937332 
0.946209 0.836765 
0.715339 0.436740 
0.577496 0.306549 
0.656471 0.706389 
0.049208 0.820327 
0.643900 0.528586 
0.721303 0.377020 
0.073443 0.515395 
0.077718 0.450404 
0.919651 0.866135 
0.812901 0.320013 
0.992632 0.291144 
0.641546 0.008365 
0.134147 0.881691 
0.820738 0.744676 
0.819024 0.766948 
0.581441 0.534362 
0.203688 0.158937 
0.840911 0.860159 
0.865326 0.890120 
0.680486 0.509226 
0.418705 0.401789 
0.886246 0.492148 
0.917184 0.963964 
0.942553 0.836835 
0.830099 0.755454 
0.156848 0.822731 
0.046598 0.798394 
0.831096 0.180745 
0.680085 0.651834 
0.925421 0.499109 
0.418782 0.506862 
0.033471 0.622470 
0.665799 0.874382 
0.482629 0.531124 
0.764502 0.163114 
0.040350 0.183207 
0.564903 0.926596 
0.675356 0.482087 
0.890560 0.617909 
0.318922 0.720658 
0.373363 0.475770 
0.543389 0.419961 
0.274164 0.374485 
0.600706 0.954249 
0.026319 0.526127 
0.453358 0.445101 
0.032989 0.486829 
0.067570 0.698787 
0.361211 0.550199 
0.229911 0.125713 
0.713313 0.270262 
0.308920 0.278216 
0.196858 0.984276 
0.760303 0.087417 
0.602184 0.079225 
0.808076 0.975547 
0.554995 0.351465 
0.395507 0.829159 
0.725949 0.996213 
0.783408 0.752268 
0.522340 0.236766 
0.197369 0.555329 
0.723595 0.264939 
0.254116 0.084806 
0.815138 0.484027 
0.210519 0.528451 
0.754289 0.519439 
0.806667 0.951146 
0.503715 0.566970 
0.038564 0.105899 
0.646194 0.846639 
0.081446 0.201189 
0.198104 0.476954 
0.030348 0.924053 
0.473167 0.813756 
0.676321 0.995507 
0.050522 0.873690 
0.550836 0.774117 
0.138629 0.804952 
0.858923 0.953767 
0.288979 0.069442 
0.482218 0.043268 
0.588881 0.288885 
0.994414 0.092596 
0.855855 0.032978 
0.198495 0.502049 
0.879618 0.279942 
0.703238 0.077722 
0.756895 0.733585 
0.001775 0.230062 
0.547341 0.678096 
0.225569 0.597863 
0.551786 0.776405 
0.371979 0.690414 
0.581356 0.230902 
0.644181 0.870335 
0.300344 0.126400 
0.913603 0.889225 
0.415285 0.908017 
0.981821 0.271139 
0.940996 0.180316 
0.773188 0.820613 
0.460258 0.476426 
0.898335 0.217153 
0.210011 0.900110 
0.447215 0.757352 
0.578205 0.672784 
0.355215 0.129991 
0.449189 0.727195 
0.820405 0.030545 
0.958097 0.464587 
0.900880 0.258440 
0.590986 0.814483 
0.147665 0.006271 
0.722501 0.129486 
0.277410 0.663496 
0.309803 0.050599 
0.484109 0.770060 
0.527025 0.382444 
0.987213 0.737036 
0.282554 0.434428 
0.494389 0.860759 
0.107212 0.849604 
0.990750 0.556401 
0.576798 0.811156 
0.586945 0.534895 
0.275743 0.487826 
0.793335 0.866729 
0.302309 0.941001 
0.873000 0.024810 
0.070487 0.150411 
0.688306 0.380289 
0.201009 0.172415 
0.150350 0.728034 
0.554859 0.137563 
0.465070 0.837413 
0.571991 0.959459 
0.698172 0.679204 
0.809063 0.688922 
0.235604 0.385861 
0.500078 0.822550 
0.920756 0.775821 
0.310375 0.714091 
0.642550 0.612684 
0.655092 0.515550 
0.637493 0.725579 
0.665961 0.325799 
0.105868 0.866970 
0.498214 0.256218 
0.595004 0.053074 
0.393781 0.060074 
0.890487 0.965773 
0.019533 0.588659 
0.644976 0.828596 
0.277581 0.880580 
0.214457 0.777660 
0.703130 0.135213 
0.553480 0.013505 
0.849304 0.196030 
0.626189 0.504396 
0.711581 0.263682 
0.229975 0.377541 
0.589481 0.335843 
0.244511 0.087696 
0.592062 0.839515 
0.140769 0.985843 
0.899590 0.031256 
0.951616 0.919123 
0.619915 0.596592 
0.747719 0.897496 
0.477173 0.962176 
0.675156 0.180303 
0.097388 0.228636 
0.193808 0.946693 
0.424667 0.819997 
0.451089 0.136247 
0.083679 0.681064 
0.513788 0.673160 
0.016907 0.758299 
0.760856 0.608969 
0.597815 0.901625 
0.594812 0.497404 
0.932881 0.546428 
0.416527 0.552796 
0.143020 0.164246 
0.450292 0.620192 
0.126422 0.125448 
0.800495 0.223810 
0.354084 0.994303 
0.170503 0.778750 
0.814299 0.621592 
0.914997 0.897978 
0.302656 0.428786 
0.571138 0.319563 
0.187085 0.331994 
0.928532 0.784900 
0.233620 0.523344 
0.282304 0.166501 
0.069772 0.698831 
0.719297 0.212791 
0.863078 0.169589 
0.832984 0.989499 
0.295037 0.633479 
0.213309 0.649120 
0.627782 0.383812 
0.427871 0.442081 
0.005404 0.342868 
0.340059 0.308059 
0.771653 0.911197 
0.627622 0.958738 
0.243192 0.556154 
0.743638 0.476811 
0.079498 0.025942 
0.643312 0.149270 
0.724774 0.362609 
0.362061 0.587851 
0.532198 0.195045 
0.577351 0.827235 
0.828524 0.790660 
0.476355 0.456306 
0.174472 0.904226 
0.898387 0.179875 
0.247094 0.238446 
0.487935 0.018747 
0.149643 0.115557 
0.977486 0.392835 
0.671712 0.721124 
0.869646 0.751210 
0.747066 0.512959 
0.900480 0.471840 
0.875568 0.262541 
0.059692 0.407766 
0.457587 0.637042 
0.235002 0.286111 
0.427702 0.711357 
0.742417 0.602174 
0.615583 0.640804 
0.782049 0.862677 
0.879249 0.269984 
0.881424 0.028892 
0.385541 0.858910 
0.421727 0.057253 
0.580034 0.291373 
0.808463 0.327100 
0.804332 0.708943 
0.798940 0.679900 
0.971484 0.858632 
0.087666 0.429070 
0.495675 0.322668 
0.715181 0.923377 
0.034025 0.457598 
0.525551 0.649608 
0.098402 0.307601 
0.512284 0.977651 
0.577585 0.393708 
0.006544 0.963126 
0.252618 0.428271 
0.020379 0.832651 
0.719644 0.828842 
0.159751 0.523975 
0.537784 0.958692 
0.203875 0.509268 
0.817324 0.291541 
0.938338 0.312999 
0.614209 0.653520 
0.236376 0.648234 
0.111118 0.761927 
0.297841 0.209520 
0.069528 0.810126 
0.187171 0.647112 
0.203834 0.193715 
0.610239 0.456452 
0.621986 0.630617 
0.289103 0.341629 
0.459459 0.448855 
0.865605 0.997243 
0.407547 0.069480 
0.506511 0.224871 
0.361021 0.444849 
0.537870 0.975230 
0.098369 0.774246 
0.623464 0.209487 
0.536173 0.921305 
0.419007 0.605701 
0.731431 0.606178 
0.252813 0.935264 
0.799893 0.863052 
0.391716 0.421879 
0.493669 0.680819 
0.763508 0.953128 
0.129674 0.629113 
0.950371 0.537220 
0.698593 0.456882 
0.762091 0.059614 
0.901732 0.299961 
0.034844 0.000101 
0.074207 0.658307 
0.209588 0.610380 
0.579612 0.628596 
0.216080 0.311043 
0.234774 0.468894 
0.246308 0.034667 
0.331945 0.638024 
0.456546 0.825615 
0.318843 0.220054 
0.778743 0.448516 
0.849167 0.729114 
0.985737 0.547760 
0.185997 0.747828 
0.607373 0.087729 
0.047788 0.642217 
0.087830 0.121995 
0.300524 0.297418 
0.732375 0.880137 
0.926014 0.948455 
0.191180 0.160787 
0.417349 0.437488 
0.195455 0.749294 
0.075511 0.652001 
0.574909 0.394354 
0.872055 0.353652 
0.842871 0.721222 
0.082766 0.828607 
0.268982 0.268762 
0.576435 0.876355 
0.356491 0.624224 
0.518572 0.444321 
0.746219 0.819097 
0.741739 0.478593 
0.699234 0.667752 
0.427049 0.890414 
0.828540 0.844398 
0.327901 0.023994 
0.593692 0.403413 
0.675995 0.168601 
0.797767 0.548050 
0.522252 0.640638 
0.269272 0.605018 
0.469245 0.538254 
0.873780 0.045681 
0.414609 0.230271 
0.669904 0.933181 
0.674592 0.416123 
0.752277 0.416330 
0.894716 0.451511 
0.084083 0.321765 
0.341925 0.912622 
0.166163 0.669826 
0.936617 0.759855 
0.073239 0.612612 
0.928455 0.871006 
0.160662 0.450707 
0.511644 0.429934 
0.055725 0.980890 
0.968188 0.929506 
0.026570 0.382796 
0.159777 0.696475 
0.315977 0.834369 
0.112597 0.068255 
0.250699 0.007313 
0.519766 0.334782 
0.329078 0.861690 
0.247404 0.495241 
0.531517 0.184021 
0.255096 0.604756 
0.796633 0.183551 
0.475762 0.957295 
0.634258 0.987407 
0.387228 0.689984 
0.968297 0.355416 
0.619489 0.994867 
0.738212 0.779266 
0.691342 0.054189 
0.613635 0.803939 
0.122444 0.864334 
0.811252 0.642210 
0.199115 0.140331 
0.503900 0.446519 
0.635572 0.035417 
0.630540 0.890667 
0.640173 0.427173 
0.074218 0.115935 
0.384468 0.708477 
0.103342 0.771696 
0.398460 0.071638 
0.127112 0.017949 
0.066505 0.865324 
0.797215 0.757847 
0.919514 0.410850 
0.561786 0.041958 
0.275184 0.373039 
0.684167 0.474299 
0.513369 0.188067 
0.920818 0.148941 
0.223484 0.551358 
0.039609 0.863656 
0.978531 0.113827 
0.979591 0.362999 
0.822304 0.082933 
0.134695 0.220764 
0.154571 0.261807 
0.238713 0.221076 
0.127131 0.035929 
0.978923 0.046645 
0.446779 0.540709 
0.088602 0.721962 
0.913748 0.772769 
0.196261 0.427117 
0.960836 0.117079 
0.576059 0.184320 
0.668437 0.615667 
0.047976 0.646968 
0.729494 0.027567 
0.009966 0.551798 
0.110499 0.144661 
0.772562 0.265070 
0.406468 0.011275 
0.486146 0.533599 
0.047203 0.465070 
0.580243 0.493982 
0.005779 0.668845 
0.215944 0.919527 
0.441614 0.412205 
0.346644 0.402450 
0.529283 0.922703 
0.586770 0.197720 
0.538370 0.634746 
0.844688 0.267865 
0.662312 0.854654 
0.819663 0.772812 
0.999315 0.592225 
0.037882 0.405782 
0.603499 0.524028 
0.939381 0.650703 
0.989097 0.519624 
0.144685 0.994876 
0.188469 0.360629 
0.914403 0.630084 
0.772833 0.261047 
0.032534 0.302117 
0.183750 0.619304 
0.499837 0.722120 
0.254050 0.344524 
0.989985 0.916362 
0.199178 0.809648 
0.689174 0.198493 
0.401872 0.727056 
0.604276 0.005372 
0.251083 0.543657 
0.656075 0.240180 
0.063281 0.800759 
0.235057 0.251750 
0.161388 0.149460 
0.881834 0.934222 
0.410507 0.914368 
0.236338 0.594257 
0.533672 0.736175 
0.316377 0.787722 
0.080699 0.306362 
0.704084 0.279878 
0.116010 0.393258 
0.478371 0.517882 
0.120314 0.082646 
0.523254 0.371397 
0.626303 0.179329 
0.611577 0.689584 
0.980088 0.846634 
0.941334 0.141476 
0.996094 0.823168 
0.075698 0.406600 
0.737535 0.312036 
0.000857 0.271207 
0.048211 0.317235 
0.058929 0.128911 
0.623597 0.763013 
0.408788 0.739607 
0.156271 0.887159 
0.257489 0.276585 
0.969806 0.780743 
0.647982 0.596109 
0.960072 0.259559 
0.285693 0.940160 
0.106193 0.227027 
0.081636 0.102287 
0.050194 0.157334 
0.508887 0.787730 
0.469371 0.509745 
0.058937 0.517582 
0.826979 0.117866 
0.646493 0.450576 
0.880879 0.055281 
0.190182 0.037151 
0.942441 0.447671 
0.313736 0.912247 
0.228414 0.961718 
0.508355 0.188486 
0.221277 0.794048 
0.128646 0.327470 
0.021075 0.210282 
0.429757 0.071269 
0.367617 0.938644 
0.858998 0.836988 
0.448388 0.917935 
0.354570 0.275367 
0.035801 0.001063 
0.725943 0.916680 
0.056344 0.916126 
0.953831 0.998785 
0.363797 0.267567 
0.911031 0.592211 
0.229285 0.419387 
0.780697 0.450561 
0.213435 0.909343 
0.778031 0.234510 
0.119626 0.207788 
0.305779 0.487242 
0.146432 0.164777 
0.324230 0.594820 
0.082713 0.678800 
0.870188 0.118514 
0.679862 0.596131 
0.035194 0.736207 
0.512257 0.989025 
0.734992 0.876054 
0.256592 0.646023 
0.468265 0.485877 
0.065410 0.248962 
0.936438 0.278845 
0.158305 0.714470 
0.513355 0.277931 
0.922258 0.819134 
0.765173 0.068690 
0.983911 0.089403 
0.663510 0.066624 
0.768203 0.533698 
0.185137 0.448065 
0.129829 0.220332 
0.184272 0.642085 
0.209357 0.919264 
0.518139 0.465950 
0.565287 0.986404 
0.951826 0.630697 
0.235366 0.888265 
0.909542 0.393671 
0.602734 0.422897 
0.671602 0.524992 
0.242031 0.436775 
0.593682 0.225942 
0.526179 0.257192 
0.292566 0.294382 
0.790890 0.477703 
0.742447 0.920718 
0.698035 0.926719 
0.562804 0.907392 
0.845983 0.080943 
0.373341 0.411269 
0.067346 0.325168 
0.041966 0.302712 
0.213433 0.951508 
0.696383 0.816167 
0.374405 0.367985 
0.341159 0.616436 
0.804761 0.934841 
0.842377 0.330939 
0.192033 0.134943 
0.625321 0.982923 
0.612646 0.367768 
0.903641 0.310681 
0.294487 0.466445 
0.218073 0.140470 
0.547388 0.591414 
0.551739 0.614734 
0.916582 0.593705 
0.917446 0.130015 
0.545213 0.613830 
0.946182 0.919618 
0.981815 0.287341 
0.536054 0.786576 
0.222182 0.378431 
0.117515 0.414215 
0.513374 0.742836 
0.397137 0.126020 
0.110604 0.300778 
0.436701 0.405091 
0.767223 0.654774 
0.545560 0.314611 
0.246188 0.097299 
0.929345 0.162770 
0.691005 0.846791 
0.292785 0.236218 
0.460621 0.238967 
0.155836 0.442436 
0.526307 0.691889 
0.229012 0.748489 
0.070320 0.346527 
0.162704 0.583694 
0.089363 0.559841 
0.709714 0.199967 
0.860619 0.146415 
0.605058 0.627842 
0.801189 0.150618 
0.942453 0.047377 
0.247917 0.871797 
0.210147 0.938922 
0.718588 0.502932 
0.175140 0.179209 
0.741899 0.330975 
0.621645 0.268206 
0.022865 0.850657 
0.016695 0.093185 
0.197184 0.179399 
0.676879 0.286547 
0.739240 0.386594 
0.486514 0.599859 
0.533009 0.091571 
0.227702 0.334198 
0.242189 0.170154 
0.381575 0.490107 
0.041952 0.591723 
0.429029 0.760540 
0.094655 0.604168 
0.939749 0.836554 
0.935144 0.561394 
0.104760 0.958008 
0.412051 0.121455 
0.051193 0.609234 
0.300854 0.728072 
0.895781 0.040094 
0.114666 0.382295 
0.639953 0.647675 
0.473866 0.867655 
0.981873 0.716055 
0.037809 0.363449 
0.206162 0.079761 
0.955171 0.635191 
0.840301 0.049826 
0.239359 0.780050 
0.886380 0.174503 
0.341444 0.991139 
0.132511 0.753495 
0.112594 0.183704 
0.362729 0.413448 
0.911777 0.258510 
0.453542 0.026443 
0.640805 0.093495 
0.674118 0.114671 
0.961150 0.655991 
0.830726 0.998959 
0.019439 0.036888 
0.078720 0.974611 
0.672079 0.919021 
0.024437 0.911438 
0.699070 0.910816 
0.085941 0.040514 
0.901956 0.218452 
0.794009 0.014550 
0.402156 0.156738 
0.427998 0.313933 
0.415248 0.881539 
0.340376 0.056053 
0.975035 0.014493 
0.170724 0.936185 
0.670484 0.001450 
0.935144 0.689923 
0.038339 0.013863 
0.664534 0.710418 
0.932884 0.688971 
0.621856 0.631954 
0.599787 0.707796 
0.672468 0.501743 
0.926248 0.466477 
0.516292 0.328404 
0.623215 0.944290 
0.642337 0.038462 
0.825830 0.982712 
0.094515 0.800864 
0.997206 0.265239 
0.737049 0.667690 
0.266689 0.672192 
0.357613 0.305027 
0.686055 0.022147 
0.015445 0.618939 
0.711117 0.637301 
0.250893 0.310904 
0.345097 0.923362 
0.812647 0.271345 
0.389839 0.328939 
0.599749 0.013053 
0.273230 0.242086 
0.051516 0.099059 
0.224799 0.146031 
0.899923 0.222004 
0.411269 0.636972 
0.889694 0.677958 
0.309164 0.247307 
0.982985 0.995220 
0.269453 0.998430 
0.614159 0.980571 
0.635731 0.865052 
0.291475 0.980828 
0.788414 0.104122 
0.252173 0.178253 
0.433061 0.851922 
0.191306 0.706291 
0.094008 0.242822 
0.805350 0.318807 
0.388852 0.705273 
0.540811 0.800122 
0.342245 0.430505 
0.478079 0.651409 
0.677811 0.461064 
0.646629 0.947265 
0.459494 0.260788 
0.927835 0.095225 
0.125840 0.219310 
0.076052 0.914254 
0.323432 0.328225 
0.092507 0.756493 
0.180147 0.283813 
0.462784 0.274155 
0.526635 0.268134 
0.592962 0.915488 
0.973407 0.133773 
0.715609 0.315653 
0.564277 0.193689 
0.967062 0.242089 
0.654753 0.613691 
0.189353 0.114247 
0.874479 0.117189 
0.209472 0.000319 
0.336499 0.285525 
0.914573 0.659931 
0.613750 0.007080 
0.416424 0.793897 
0.290894 0.879209 
0.068052 0.817529 
0.147343 0.661014 
0.733017 0.120750 
0.794786 0.448626 
0.436403 0.359063 
0.642315 0.403465 
0.601152 0.297068 
0.017155 0.790505 
0.411315 0.891634 
0.907694 0.620787 
0.891953 0.244193 
0.906312 0.806526 
0.904124 0.520062 
0.813607 0.320548 
0.313958 0.104501 
0.199757 0.382010 
0.922030 0.347100 
0.043024 0.655047 
0.467850 0.837810 
0.103673 0.904252 
0.196874 0.745989 
0.307717 0.798026 
0.043057 0.324872 
0.588531 0.454372 
0.216507 0.496225 
0.075159 0.108460 
0.740418 0.981471 
0.914986 0.644543 
0.501532 0.728592 
0.965091 0.815491 
0.833093 0.164848 
0.197501 0.755123 
0.511948 0.240525 
0.410170 0.979797 
0.078335 0.513844 
0.884050 0.275209 
0.259832 0.191767 
0.073234 0.302889 
0.516639 0.661765 
0.757260 0.733146 
0.157991 0.832419 
0.841605 0.898409 
0.813890 0.756591 
0.542952 0.315423 
0.485184 0.508043 
0.130913 0.318277 
0.672891 0.328414 
0.073400 0.184838 
0.568939 0.483570 
0.164636 0.647274 
0.997413 0.048686 
0.922483 0.257245 
0.240452 0.995717 
0.560134 0.757092 
0.657482 0.317394 
0.490237 0.815473 
0.149814 0.331843 
0.713882 0.963704 
0.088434 0.256834 
0.279127 0.573617 
0.764877 0.410040 
0.891894 0.437768 
0.738454 0.965294 
0.622606 0.307393 
0.448863 0.787242 
0.954667 0.446276 
0.835927 0.877150 
0.703522 0.076380 
0.872866 0.263656 
0.833472 0.530349 
0.581050 0.323709 
0.345822 0.730863 
0.655552 0.059704 
0.694567 0.743986 
0.316538 0.973694 
0.317603 0.081415 
0.383734 0.209497 
0.519182 0.122188 
0.174790 0.141788 
0.429581 0.623654 
0.929030 0.384249 
0.069930 0.764958 
0.261398 0.773452 
0.841337 0.134265 
0.037107 0.674809 
0.664613 0.618157 
0.998518 0.010435 
0.349021 0.654070 
0.070139 0.043588 
0.398055 0.386677 
0.017282 0.715658 
0.468092 0.401016 
0.925155 0.987274 
0.523205 0.099945 
0.129062 0.952786 
0.723599 0.058092 
0.337035 0.793529 
0.823050 0.598433 
0.566981 0.664387 
0.732698 0.604088 
0.339196 0.397311 
0.222245 0.337714 
0.407746 0.571265 
0.991783 0.477885 
0.614854 0.389838 
0.864562 0.632136 
0.105496 0.332654 
0.033152 0.030651 
0.319928 0.556356 
0.130596 0.448990 
0.509142 0.854195 
0.507082 0.846177 
0.647724 0.330132 
0.444610 0.214705 
0.994519 0.177307 
0.818792 0.333715 
0.574618 0.041037 
0.671429 0.982364 
0.612303 0.663212 
0.460250 0.227156 
0.053051 0.324812 
0.859292 0.158547 
0.657465 0.892444 
0.189198 0.977393 
0.448800 0.319795 
0.426383 0.957943 
0.173990 0.933465 
0.804120 0.821714 
0.263597 0.248729 
0.036418 0.258116 
0.426037 0.855210 
0.591831 0.000655 
0.896248 0.263260 
0.983019 0.508551 
0.926473 0.443269 
0.735707 0.979524 
0.768080 0.594999 
0.138071 0.425546 
0.487443 0.327270 
0.402938 0.936243 
0.647064 0.829321 
0.894186 0.821054 
0.762786 0.698306 
0.642767 0.026383 
0.947035 0.679186 
0.284499 0.373071 
0.534396 0.876330 
0.373726 0.430644 
0.139591 0.356746 
0.939195 0.066064 
0.800014 0.674902 
0.045587 0.568095 
0.269901 0.183658 
0.993640 0.757344 
0.510928 0.396579 
0.693587 0.157992 
0.225900 0.587773 
0.979046 0.988686 
0.286079 0.621814 
0.015069 0.233114 
0.300999 0.299568 
0.606185 0.835395 
0.175898 0.979911 
0.266039 0.315488 
0.336657 0.205234 
0.381552 0.136671 
0.880135 0.427139 
0.704766 0.150036 
0.610798 0.698406 
0.907380 0.121726 
0.094985 0.600967 
0.279718 0.320885 
0.188740 0.258764 
0.309571 0.474819 
0.880578 0.324639 
0.707933 0.181577 
0.624207 0.314118 
0.016972 0.800105 
0.294029 0.283011 
0.115593 0.630686 
0.488245 0.497145 
0.767357 0.368381 
0.924284 0.472123 
0.518417 0.535081 
0.170529 0.425797 
0.656807 0.265514 
0.026764 0.936525 
0.586399 0.215505 
0.195289 0.895969 
0.690324 0.075867 
0.220609 0.398257 
0.257444 0.844815 
0.712375 0.274416 
0.644920 0.006404 
0.557427 0.760513 
0.637090 0.045672 
0.257657 0.404448 
0.414053 0.181941 
0.876571 0.932470 
0.717023 0.047100 
0.358267 0.373830 
0.312614 0.385031 
0.310355 0.899013 
0.600536 0.505644 
0.794982 0.290860 
0.581511 0.015591 
0.689116 0.838955 
0.860406 0.401491 
0.113370 0.505326 
0.407895 0.670797 
0.265839 0.044986 
0.716470 0.523496 
0.449433 0.130522 
0.705438 0.326004 
0.062992 0.422461 
0.373104 0.421258 
0.796290 0.685718 
0.806289 0.106645 
0.584730 0.406825 
0.612289 0.379712 
0.697684 0.193800 
0.395303 0.386801 
0.032755 0.255709 
0.788292 0.146125 
0.761035 0.196188 
0.816922 0.026874 
0.241173 0.533392 
0.550371 0.690607 
0.663914 0.255808 
0.016610 0.726906 
0.678269 0.389714 
0.148164 0.474559 
0.075432 0.954454 
0.581205 0.660162 
0.361278 0.193494 
0.039874 0.058963 
0.387295 0.435177 
0.445764 0.420049 
0.690886 0.234056 
0.566174 0.451921 
0.430243 0.383097 
0.478795 0.671417 
0.916489 0.029166 
0.362023 0.580403 
0.284974 0.378634 
0.307309 0.963244 
0.768348 0.455474 
0.437803 0.843780 
0.409927 0.019008 
0.503942 0.771206 
0.212502 0.543816 
0.830168 0.599797 
0.978993 0.275932 
0.019846 0.669879 
0.509988 0.586020 
0.121801 0.940231 
0.969117 0.600596 
0.611648 0.885606 
0.629762 0.973671 
0.466009 0.914737 
0.352305 0.773319 
0.877980 0.120653 
0.228792 0.315783 
0.964433 0.638719 
0.334791 0.468375 
0.409925 0.547293 
0.012191 0.240093 
0.147090 0.991184 
0.516025 0.166936 
0.661063 0.026013 
0.752957 0.782864 
0.966244 0.722074 
0.383460 0.577891 
0.607680 0.013222 
0.551562 0.073689 
0.927959 0.903867 
0.847008 0.805939 
0.024520 0.075800 
0.121722 0.988952 
0.714519 0.456513 
0.457327 0.124444 
0.003806 0.469518 
0.364537 0.150896 
0.460702 0.880562 
0.317832 0.121765 
0.906575 0.070789 
0.904629 0.872818 
0.792862 0.288089 
0.450710 0.400542 
0.301311 0.002272 
0.474232 0.229270 
0.906139 0.321240 
0.035209 0.930658 
0.397040 0.156931 
0.919610 0.111559 
0.613443 0.376937 
0.236003 0.617249 
0.846455 0.600541 
0.768145 0.307156 
0.481103 0.085977 
0.428921 0.387678 
0.156766 0.333550 
0.260497 0.949629 
0.621639 0.711206 
0.350171 0.922951 
0.713478 0.824403 
0.152221 0.619616 
0.145642 0.187429 
0.550275 0.542682 
0.344360 0.469885 
0.654241 0.957803 
0.846822 0.890244 
0.575053 0.693277 
0.490785 0.343198 
0.000433 0.971889 
0.429175 0.429354 
0.359567 0.585941 
0.762904 0.620063 
0.535570 0.384544 
0.331270 0.885741 
0.307495 0.044748 
0.710143 0.459715 
0.664364 0.855786 
0.647145 0.214639 
0.398468 0.991505 
0.684524 0.052709 
0.949308 0.531346 
0.942953 0.524360 
0.224622 0.433739 
0.867558 0.225055 
0.405627 0.296734 
0.654409 0.765194 
0.882675 0.417313 
0.385258 0.418245 
0.801857 0.716527 
0.303986 0.109352 
0.761275 0.014129 
0.569067 0.425639 
0.869915 0.216212 
0.640277 0.268382 
0.207716 0.324801 
0.321091 0.157024 
0.856146 0.264044 
0.681385 0.080769 
0.697783 0.548943 
0.305823 0.103410 
0.845677 0.960232 
0.868604 0.728352 
0.377546 0.253862 
0.146597 0.179403 
0.970389 0.450582 
0.288755 0.731664 
0.464712 0.857821 
0.157302 0.334626 
0.074033 0.797580 
0.603009 0.281749 
0.122381 0.924100 
0.438774 0.978527 
0.188144 0.120158 
0.059295 0.885927 
0.669101 0.365119 
0.989337 0.514778 
0.325351 0.857941 
0.243130 0.702897 
0.111803 0.389726 
0.882300 0.082191 
0.840309 0.171054 
0.813855 0.305020 
0.028876 0.971158 
0.639647 0.102909 
0.768737 0.242655 
0.384659 0.891118 
0.166755 0.823432 
0.869645 0.354900 
0.943590 0.928940 
0.240827 0.612692 
0.294059 0.230164 
0.127470 0.619411 
0.088105 0.370599 
0.322308 0.199907 
0.760326 0.204608 
0.282099 0.600634 
0.375662 0.095954 
0.905654 0.404538 
0.067111 0.545301 
0.507447 0.835849 
0.787956 0.892106 
0.726967 0.954712 
0.715538 0.596611 
0.309611 0.659129 
0.525552 0.550438 
0.271820 0.819611 
0.780602 0.399290 
0.439022 0.868706 
0.769889 0.761330 
0.068613 0.530215 
0.965937 0.350712 
0.130849 0.341600 
0.446666 0.036503 
0.746138 0.513777 
0.581804 0.253585 
0.349626 0.369760 
0.145691 0.076592 
0.324472 0.861229 
0.673204 0.634083 
0.520358 0.198755 
0.184521 0.792178 
0.018367 0.965122 
0.191469 0.457388 
0.833828 0.961358 
0.218718 0.902442 
0.491573 0.184655 
0.253154 0.622422 
0.526255 0.699819 
0.658925 0.272393 
0.213597 0.240729 
0.525978 0.563222 
0.610489 0.671670 
0.639814 0.934961 
0.532899 0.313018 
0.569044 0.053257 
0.511774 0.753564 
0.845436 0.530140 
0.718686 0.036904 
0.987528 0.552515 
0.998262 0.206246 
0.454957 0.489835 
0.390902 0.708110 
0.112257 0.917157 
0.407930 0.771182 
0.189550 0.621526 
0.011911 0.715528 
0.184748 0.622400 
0.387198 0.824563 
0.557361 0.920097 
0.137581 0.126405 
0.973354 0.649355 
0.879969 0.818790 
0.179495 0.598655 
0.855694 0.167023 
0.151170 0.853956 
0.373269 0.606127 
0.343791 0.764171 
0.314237 0.456048 
0.681328 0.722167 
0.227230 0.870877 
0.343693 0.239141 
0.586406 0.528441 
0.861541 0.973604 
0.353004 0.418902 
0.893701 0.490585 
0.545307 0.867055 
0.139939 0.425276 
0.685845 0.319434 
0.023931 0.541538 
0.486457 0.175102 
0.395494 0.859726 
0.781228 0.739285 
0.623897 0.095465 
0.195332 0.305224 
0.817632 0.422562 
0.176102 0.161325 
0.661703 0.762507 
0.689766 0.523244 
0.736111 0.042770 
0.942147 0.629812 
0.533354 0.487454 
0.496867 0.673294 
0.912730 0.182712 
0.992728 0.936661 
0.724250 0.479185 
0.111763 0.119744 
0.338911 0.892991 
0.859029 0.962807 
0.988456 0.054361 
0.268032 0.806088 
0.476923 0.444133 
0.967413 0.138626 
0.206641 0.657178 
0.661870 0.942752 
0.699948 0.604017 
0.572564 0.233302 
0.091471 0.069431 
0.906596 0.004200 
0.252142 0.899324 
0.940861 0.976392 
0.378509 0.052624 
0.096136 0.717419 
0.945615 0.955165 
0.680226 0.934072 
0.009526 0.948258 
0.740160 0.486449 
0.392391 0.707573 
0.625074 0.599032 
0.364751 0.286944 
0.541784 0.064699 
0.890961 0.114347 
0.298001 0.982432 
0.183778 0.204597 
0.986632 0.435920 
0.103921 0.927493 
0.412312 0.482430 
0.980118 0.508448 
0.199849 0.925733 
0.463613 0.880075 
0.859804 0.473139 
0.828333 0.599964 
0.959588 0.220724 
0.307537 0.584662 
0.819756 0.672288 
0.871606 0.361540 
0.736987 0.762568 
0.475887 0.034988 
0.744999 0.659665 
0.239586 0.731631 
0.095586 0.343507 
0.659124 0.507898 
0.825937 0.639242 
0.016346 0.025786 
0.564975 0.479959 
0.905861 0.424779 
0.953098 0.734194 
0.024744 0.912686 
0.954918 0.332281 
0.497348 0.774674 
0.004569 0.368954 
0.136213 0.741556 
0.131522 0.612101 
0.776545 0.876521 
0.271766 0.016130 
0.608152 0.367351 
0.359638 0.267277 
0.875249 0.185575 
0.906519 0.891595 
0.211361 0.471494 
0.371555 0.117222 
0.896273 0.324653 
0.851416 0.921017 
0.237339 0.806334 
0.253298 0.734687 
0.581007 0.257867 
0.103642 0.717221 
0.999423 0.235164 
0.329321 0.775968 
0.111685 0.601087 
0.792098 0.719837 
0.968438 0.151736 
0.987114 0.843688 
0.337310 0.893633 
0.735283 0.548671 
0.365126 0.106838 
0.665893 0.261399 
0.431491 0.517308 
0.182416 0.668831 
0.323642 0.435713 
0.403518 0.904649 
0.693580 0.507160 
0.621870 0.693003 
0.742323 0.951192 
0.468970 0.854008 
0.552279 0.261068 
0.573845 0.520717 
0.412804 0.560959 
0.364405 0.750114 
0.454592 0.099688 
0.298785 0.819718 
0.206526 0.964678 
0.081117 0.638017 
0.481986 0.263533 
0.306848 0.805628 
0.699246 0.710366 
0.710277 0.392826 
0.217526 0.332148 
0.085829 0.959849 
0.283339 0.554799 
0.813857 0.835618 
0.815868 0.387703 
0.356336 0.228672 
0.948662 0.720741 
0.978786 0.403253 
0.820429 0.277571 
0.222971 0.026955 
0.242249 0.304088 
0.664973 0.724236 
0.567621 0.971821 
0.529864 0.266867 
0.682187 0.240141 
0.659693 0.899712 
0.572289 0.745522 
0.859562 0.855628 
0.300321 0.673419 
0.691247 0.116189 
0.061121 0.047583 
0.344860 0.009783 
0.768324 0.323646 
0.413036 0.588753 
0.601218 0.636007 
0.615708 0.843467 
0.940095 0.280681 
0.567703 0.507716 
0.252501 0.097567 
0.774583 0.934688 
0.337708 0.434276 
0.834401 0.909997 
0.179798 0.693962 
0.765625 0.480119 
0.367381 0.456872 
0.596308 0.428502 
0.504455 0.941168 
0.438285 0.272779 
0.264814 0.851322 
0.861532 0.866032 
0.487329 0.477240 
0.709499 0.427425 
0.757921 0.277202 
0.935141 0.010422 
0.374769 0.709724 
0.945110 0.712477 
0.144000 0.779511 
0.622474 0.323798 
0.473473 0.388099 
0.803917 0.840854 
0.844971 0.400225 
0.269356 0.349426 
0.341393 0.707642 
0.622205 0.606208 
0.558964 0.483737 
0.472240 0.046293 
0.960977 0.181739 
0.473718 0.718897 
0.458942 0.408859 
0.729320 0.833711 
0.118583 0.674430 
0.546188 0.262583 
0.453941 0.168661 
0.586381 0.927414 
0.556760 0.390299 
0.768268 0.401731 
0.790524 0.037624 
0.751157 0.131917 
0.745266 0.373362 
0.738125 0.304229 
0.857099 0.210364 
0.350522 0.818075 
0.392104 0.824240 
0.536973 0.851045 
0.233099 0.266292 
0.684756 0.351682 
0.940722 0.230943 
0.614265 0.394663 
0.399605 0.200646 
0.322077 0.956365 
0.590945 0.090345 
0.358096 0.381468 
0.127968 0.109254 
0.513385 0.873234 
0.482616 0.251510 
0.177463 0.339714 
0.461874 0.527986 
0.157790 0.853978 
0.352225 0.694762 
0.705023 0.585324 
0.961055 0.389779 
0.937006 0.901777 
0.620722 0.551270 
0.296440 0.020326 
0.751916 0.618517 
0.976691 0.342861 
0.708862 0.334787 
0.724330 0.836830 
0.444041 0.237715 
0.710064 0.926657 
0.489225 0.887528 
0.266371 0.951099 
0.415513 0.424161 
0.805076 0.767739 
0.118923 0.510099 
0.353063 0.079978 
0.899878 0.290068 
0.981755 0.520600 
0.841339 0.278195 
0.540926 0.593255 
0.896713 0.517617 
0.936116 0.605574 
0.852405 0.660446 
0.442404 0.296446 
0.898161 0.152469 
0.223102 0.387385 
0.039996 0.489473 
0.338484 0.455509 
0.913634 0.143561 
0.223248 0.032558 
0.653660 0.576311 
0.112536 0.553538 
0.866379 0.094291 
0.074138 0.707718 
0.372487 0.615064 
0.300973 0.269199 
0.132681 0.237090 
0.874774 0.985086 
0.897536 0.317178 
0.281531 0.795697 
0.469647 0.504634 
0.183082 0.509643 
0.994107 0.521566 
0.965152 0.907741 
0.665127 0.188400 
0.940299 0.318787 
0.764711 0.052835 
0.872324 0.631090 
0.147126 0.946462 
0.338808 0.519613 
0.561526 0.639782 
0.788812 0.694207 
0.876871 0.663585 
0.679292 0.774407 
0.980763 0.960824 
0.570104 0.450410 
0.465458 0.753186 
0.960053 0.459565 
0.274752 0.925205 
0.367306 0.939879 
0.113605 0.307605 
0.258665 0.878317 
0.360440 0.130990 
0.509407 0.507566 
0.077452 0.848215 
0.027179 0.638977 
0.487997 0.815990 
0.333184 0.364868 
0.479576 0.012476 
0.139275 0.460339 
0.973300 0.709379 
0.910749 0.438758 
0.462565 0.870801 
0.898322 0.737317 
0.796007 0.265628 
0.677196 0.909612 
0.573234 0.935862 
0.787929 0.933674 
0.066852 0.297335 
0.441240 0.144303 
0.145550 0.468418 
0.783281 0.633547 
0.284409 0.116465 
0.998415 0.763984 
0.128941 0.137691 
0.224323 0.102241 
0.847070 0.135072 
0.540999 0.309635 
0.005873 0.439321 
0.046952 0.801880 
0.704950 0.724149 
0.711492 0.278183 
0.660010 0.499421 
0.211857 0.726862 
0.796756 0.653097 
0.871165 0.942306 
0.121515 0.654446 
0.575853 0.405924 
0.770910 0.574269 
0.169908 0.899851 
0.711959 0.394231 
0.002093 0.559029 
0.529303 0.543092 
0.868664 0.535176 
0.982413 0.915616 
0.337056 0.687363 
0.639765 0.048548 
0.965546 0.299775 
0.547968 0.177403 
0.026637 0.344724 
0.830500 0.897802 
0.287030 0.952015 
0.552248 0.862884 
0.357938 0.323158 
0.437153 0.527846 
0.223009 0.149112 
0.922077 0.225102 
0.708141 0.451379 
0.768194 0.576805 
0.986555 0.750607 
0.492421 0.323611 
0.437969 0.132186 
0.372158 0.403516 
0.431961 0.920127 
0.580919 0.458598 
0.264851 0.411418 
0.356400 0.551881 
0.363433 0.908648 
0.414765 0.721371 
0.231806 0.851918 
0.249217 0.454815 
0.001030 0.171293 
0.679917 0.709170 
0.622673 0.448111 
0.285975 0.609228 
0.198718 0.778397 
0.932838 0.636687 
0.910583 0.304997 
0.040203 0.342544 
0.225123 0.621121 
0.801142 0.489974 
0.032539 0.157543 
0.041855 0.395972 
0.066190 0.456620 
0.117343 0.297996 
0.308538 0.366560 
0.752811 0.309568 
0.537853 0.432728 
0.018738 0.160525 
0.880839 0.304713 
0.769753 0.079557 
0.083110 0.702591 
0.716244 0.993693 
0.007588 0.756447 
0.336237 0.232712 
0.377568 0.137379 
0.722686 0.410107 
0.294922 0.764541 
0.806079 0.361112 
0.221162 0.923422 
0.659108 0.529700 
0.289982 0.411920 
0.839267 0.827835 
0.844648 0.858005 
0.988360 0.725487 
0.162719 0.758113 
0.805044 0.245829 
0.460705 0.521288 
0.239521 0.468293 
0.277735 0.575758 
0.701005 0.655302 
0.713137 0.423691 
0.065409 0.008059 
0.188232 0.871488 
0.369171 0.409394 
0.794910 0.028279 
0.939094 0.084892 
0.440199 0.778361 
0.912727 0.284847 
0.636367 0.901087 
0.010334 0.799085 
0.659200 0.815379 
0.044914 0.119905 
0.336667 0.284435 
0.588198 0.614402 
0.860193 0.289203 
0.269704 0.573330 
0.712893 0.335114 
0.581389 0.901126 
0.206602 0.950560 
0.310519 0.001513 
0.978839 0.249613 
0.086405 0.419037 
0.027974 0.999132 
0.703884 0.664341 
0.900219 0.714219 
0.463426 0.559419 
0.529597 0.508340 
0.679323 0.866264 
0.792775 0.267521 
0.480666 0.652968 
0.556724 0.750371 
0.226298 0.269617 
0.085485 0.807686 
0.170743 0.292087 
0.758246 0.481262 
0.293600 0.737085 
0.730875 0.380005 
0.156122 0.758849 
0.379137 0.860006 
0.423190 0.279355 
0.574225 0.886615 
0.838774 0.103823 
0.394955 0.518097 
0.970087 0.187730 
0.785618 0.450754 
0.840698 0.342342 
0.201124 0.066996 
0.611960 0.286609 
0.874682 0.782703 
0.578696 0.632928 
0.263965 0.872296 
0.370013 0.994840 
0.252301 0.526135 
0.753689 0.631438 
0.386141 0.176878 
0.910793 0.960366 
0.063494 0.749567 
0.064189 0.458449 
0.267664 0.034276 
0.646179 0.053282 
0.485029 0.486877 
0.395625 0.686154 
0.553872 0.007584 
0.972763 0.428554 
0.790287 0.551460 
0.061482 0.054252 
0.423756 0.431495 
0.049091 0.676057 
0.957630 0.802780 
0.307495 0.343771 
0.979659 0.218288 
0.304137 0.043152 
0.967855 0.368326 
0.501601 0.235519 
0.402602 0.147781 
0.288801 0.887632 
0.634657 0.684426 
0.573786 0.188530 
0.692010 0.546549 
0.617084 0.482297 
0.098008 0.678567 
0.536549 0.521764 
0.110062 0.585640 
0.197822 0.067691 
0.388420 0.505317 
0.411462 0.368079 
0.723605 0.715600 
0.411231 0.691460 
0.083926 0.912833 
0.926979 0.486528 
0.060613 0.215780 
0.374159 0.695271 
0.900206 0.947945 
0.883801 0.592216 
0.494494 0.500885 
0.074514 0.592502 
0.179452 0.611062 
0.114266 0.289513 
0.196702 0.312088 
0.357205 0.585123 
0.817404 0.768667 
0.953202 0.541009 
0.484267 0.364433 
0.232469 0.568192 
0.277266 0.159448 
0.054720 0.337879 
0.375228 0.428879 
0.033149 0.275434 
0.376824 0.916950 
0.867650 0.871318 
0.417835 0.942164 
0.463819 0.597286 
0.553226 0.578086 
0.886800 0.749929 
0.890173 0.244004 
0.335051 0.707578 
0.012671 0.288253 
0.248587 0.496938 
0.652686 0.481056 
0.065130 0.929951 
0.640504 0.119850 
0.267830 0.015732 
0.548729 0.300979 
0.291166 0.925553 
0.217929 0.158816 
0.796871 0.635764 
0.100980 0.260690 
0.233051 0.654206 
0.838776 0.119850 
0.404135 0.728949 
0.363855 0.739187 
0.436527 0.376526 
0.027440 0.685114 
0.873464 0.680125 
0.166169 0.938594 
0.610077 0.806673 
0.058444 0.877907 
0.822405 0.607174 
0.178886 0.113571 
0.532727 0.396816 
0.272387 0.329598 
0.032580 0.373367 
0.590288 0.265631 
0.027573 0.429064 
0.385481 0.431709 
0.158013 0.749336 
0.170895 0.594540 
0.125862 0.198335 
0.279654 0.999326 
0.878460 0.445823 
0.937920 0.488537 
0.252496 0.996365 
0.366444 0.074901 
0.603539 0.545331 
0.188472 0.136266 
0.942146 0.460859 
0.465864 0.974726 
0.834226 0.056152 
0.240357 0.861799 
0.485216 0.625838 
0.293508 0.643230 
0.375173 0.464403 
0.237770 0.501035 
0.662738 0.517424 
0.500361 0.541198 
0.963247 0.438281 
0.029735 0.215743 
0.434646 0.396180 
0.290644 0.038185 
0.941510 0.479116 
0.174450 0.883656 
0.939975 0.640314 
0.858383 0.774200 
0.696466 0.098740 
0.635999 0.181682 
0.724577 0.929507 
0.824912 0.099751 
0.393910 0.062682 
0.600785 0.056647 
0.580106 0.101146 
0.597845 0.543353 
0.539427 0.627581 
0.759096 0.974073 
0.023760 0.049740 
0.012258 0.965270 
0.528856 0.186708 
0.848927 0.468831 
0.827022 0.707310 
0.243032 0.523488 
0.806049 0.879031 
0.705171 0.530627 
0.808538 0.530083 
0.630377 0.202448 
0.592765 0.231163 
0.259095 0.172871 
0.332309 0.856940 
0.716224 0.871736 
0.484521 0.475320 
0.845810 0.508282 
0.525060 0.858068 
0.473552 0.053917 
0.044776 0.322479 
0.522748 0.871798 
0.029789 0.765779 
0.395286 0.835838 
0.644811 0.100457 
0.366464 0.453348 
0.630540 0.996841 
0.655796 0.223305 
0.228004 0.914891 
0.396177 0.560313 
0.771831 0.112401 
0.432049 0.256353 
0.587721 0.277859 
0.764634 0.112781 
0.135926 0.238186 
0.166698 0.180702 
0.560665 0.689446 
0.052500 0.590454 
0.455225 0.447786 
0.426291 0.100036 
0.548243 0.792756 
0.553384 0.178783 
0.789597 0.209180 
0.402088 0.017601 
0.124071 0.798265 
0.577914 0.895902 
0.910665 0.009963 
0.152255 0.498386 
0.287821 0.916889 
0.611167 0.423748 
0.155075 0.777865 
0.604450 0.715740 
0.467311 0.656950 
0.306194 0.922536 
0.104737 0.732486 
0.022571 0.652980 
0.525241 0.575955 
0.831763 0.314838 
0.785135 0.233851 
0.332439 0.909206 
0.032116 0.910352 
0.805108 0.942781 
0.920315 0.957363 
0.441168 0.208136 
0.874252 0.052335 
0.631884 0.029327 
0.830200 0.236334 
0.745067 0.297510 
0.893285 0.051262 
0.220046 0.998021 
0.783747 0.242617 
0.651001 0.308988 
0.818572 0.482764 
0.623826 0.603707 
0.716615 0.956265 
0.512913 0.748731 
0.866618 0.318021 
0.691512 0.786933 
0.275384 0.132680 
0.995069 0.149636 
0.185015 0.626953 
0.178963 0.015215 
0.863287 0.924031 
0.312725 0.756572 
0.975292 0.532772 
0.754593 0.759039 
0.775389 0.405594 
0.068028 0.593961 
0.888358 0.691854 
0.197668 0.604973 
0.648120 0.710582 
0.353704 0.514737 
0.028603 0.045217 
0.301670 0.303987 
0.177897 0.296739 
0.453624 0.362912 
0.923692 0.632587 
0.378127 0.786980 
0.556617 0.690853 
0.543552 0.531910 
0.223624 0.298145 
0.290949 0.999013 
0.703739 0.358977 
0.592974 0.592097 
0.050831 0.790642 
0.197070 0.698951 
0.501223 0.550775 
0.213689 0.529826 
0.595992 0.515359 
0.833814 0.773889 
0.812098 0.287437 
0.136801 0.735790 
0.920024 0.514928 
0.522770 0.476642 
0.205781 0.066321 
0.008551 0.429405 
0.364466 0.299501 
0.428418 0.068205 
0.658478 0.021391 
0.660302 0.709309 
0.812033 0.857372 
0.408260 0.313257 
0.408147 0.621949 
0.843083 0.004139 
0.137307 0.676897 
0.778028 0.949405 
0.964334 0.914829 
0.685195 0.884358 
0.429758 0.207965 
0.361000 0.635538 
0.274287 0.369551 
0.064943 0.638753 
0.669051 0.493361 
0.706958 0.327529 
0.514752 0.367260 
0.036838 0.326785 
0.224632 0.445098 
0.640042 0.632780 
0.067047 0.483125 
0.636919 0.204354 
0.160022 0.414947 
0.153760 0.124356 
0.329776 0.838955 
0.008714 0.759534 
0.046920 0.369713 
0.395072 0.321207 
0.739264 0.460016 
0.959960 0.408316 
0.953376 0.666918 
0.735845 0.468129 
0.034178 0.772683 
0.794914 0.258810 
0.217781 0.434956 
0.891589 0.284828 
0.918081 0.528508 
0.489183 0.078103 
0.943455 0.642942 
0.202459 0.273232 
0.481897 0.211173 
0.032766 0.528818 
0.580886 0.427838 
0.850025 0.320150 
0.887853 0.809985 
0.728466 0.841230 
0.476903 0.464310 
0.309359 0.511081 
0.236993 0.104273 
0.769891 0.454774 
0.539229 0.661480 
0.739602 0.457310 
0.189988 0.228785 
0.535413 0.133444 
0.871727 0.737872 
0.406675 0.353625 
0.949045 0.439441 
0.882442 0.529931 
0.867279 0.732468 
0.850081 0.755132 
0.542453 0.578546 
0.596362 0.019356 
0.042857 0.905720 
0.530437 0.279850 
0.009993 0.300328 
0.734624 0.549222 
0.961808 0.474226 
0.006532 0.151796 
0.703011 0.541946 
0.285240 0.574738 
0.279818 0.691915 
0.928362 0.228863 
0.131356 0.810805 
0.758793 0.998635 
0.543273 0.608874 
0.753767 0.085726 
0.187420 0.350128 
0.105082 0.230277 
0.255848 0.635519 
0.510127 0.265841 
0.935847 0.244750 
0.815063 0.897655 
0.718976 0.821596 
0.049451 0.421987 
0.363541 0.334691 
0.996725 0.643359 
0.026607 0.925088 
0.872222 0.157963 
0.735893 0.631015 
0.156598 0.279165 
0.239888 0.910364 
0.364891 0.427309 
0.260492 0.469973 
0.657585 0.516341 
0.105491 0.167712 
0.782182 0.041338 
0.412462 0.597245 
0.938993 0.131439 
0.418841 0.988444 
0.553426 0.782382 
0.323136 0.550152 
0.425741 0.349742 
0.475239 0.297963 
0.507705 0.211132 
0.928978 0.664303 
0.490298 0.168866 
0.574667 0.855188 
0.596175 0.835159 
0.325161 0.253760 
0.351500 0.430652 
0.421472 0.133682 
0.471991 0.833935 
0.730927 0.410984 
0.965373 0.149768 
0.399428 0.518800 
0.932151 0.722563 
0.068951 0.357892 
0.072306 0.544191 
0.655855 0.580011 
0.755323 0.584833 
0.244313 0.245620 
0.753699 0.818980 
0.100809 0.349874 
0.654140 0.425970 
0.603635 0.005640 
0.856622 0.025107 
0.139322 0.328613 
0.859041 0.870249 
0.739596 0.824415 
0.020018 0.139024 
0.343215 0.952168 
0.861587 0.412166 
0.310060 0.933893 
0.956357 0.965915 
0.513903 0.711679 
0.550748 0.758217 
0.957300 0.304447 
0.577197 0.058109 
0.654322 0.231337 
0.484078 0.257956 
0.236977 0.340701 
0.283063 0.376299 
0.669313 0.142104 
0.246548 0.408910 
0.966519 0.266566 
0.547934 0.309734 
0.218734 0.409521 
0.721900 0.528794 
0.343414 0.678256 
0.494709 0.857317 
0.389936 0.045457 
0.615534 0.347235 
0.349905 0.192731 
0.405344 0.004226 
0.424069 0.889422 
0.262183 0.661045 
0.230123 0.545245 
0.037344 0.899436 
0.687350 0.283892 
0.308346 0.653869 
0.550458 0.856280 
0.963603 0.769192 
0.265801 0.685502 
0.297986 0.609215 
0.363758 0.792695 
0.466532 0.753694 
0.838152 0.082066 
0.100929 0.188057 
0.274797 0.506273 
0.192284 0.698866 
0.395696 0.454466 
0.359911 0.625819 
0.999712 0.397256 
0.525255 0.687061 
0.681148 0.833601 
0.340930 0.231606 
0.689881 0.304533 
0.000797 0.955682 
0.990035 0.298783 
0.564897 0.353793 
0.091478 0.031429 
0.107488 0.929631 
0.113495 0.208417 
0.117688 0.388293 
0.714690 0.309972 
0.087159 0.110386 
0.764438 0.447070 
0.736205 0.764150 
0.844326 0.261460 
0.451211 0.525473 
0.095062 0.792141 
0.757079 0.784943 
0.096674 0.757876 
0.740625 0.086709 
0.056660 0.305523 
0.440502 0.148138 
0.336952 0.547990 
0.077768 0.450447 
0.756407 0.195456 
0.838739 0.471098 
0.505428 0.925898 
0.581484 0.269866 
0.372968 0.317689 
0.034016 0.217294 
0.579149 0.485227 
0.742767 0.674211 
0.277368 0.499846 
0.459154 0.374042 
0.257723 0.199780 
0.460751 0.314382 
0.505302 0.901253 
0.462520 0.842254 
0.449243 0.540288 
0.292701 0.205650 
0.735744 0.131440 
0.676748 0.241172 
0.057338 0.258232 
0.511038 0.430306 
0.575921 0.545054 
0.647600 0.155070 
0.030280 0.390367 
0.829281 0.307648 
0.890213 0.288435 
0.681690 0.147936 
0.488214 0.142441 
0.462318 0.993516 
0.043694 0.924838 
0.835770 0.492937 
0.465126 0.128471 
0.698588 0.200870 
0.259911 0.375336 
0.442042 0.317249 
0.633567 0.953081 
0.747555 0.209488 
0.498134 0.395155 
0.364558 0.528415 
0.785523 0.193839 
0.836063 0.675736 
0.482273 0.517753 
0.823672 0.970488 
0.660194 0.285991 
0.964004 0.703888 
0.210829 0.799774 
0.196825 0.675955 
0.928245 0.895413 
0.876825 0.188156 
0.270749 0.318867 
0.505405 0.904316 
0.271948 0.252960 
0.113804 0.770082 
0.648116 0.478362 
0.298497 0.433638 
0.672201 0.134560 
0.109375 0.154474 
0.652313 0.933047 
0.124962 0.312507 
0.219037 0.088966 
0.016395 0.429866 
0.888740 0.213220 
0.105821 0.816985 
0.108633 0.982645 
0.005141 0.379382 
0.301513 0.510547 
0.283698 0.573461 
0.763507 0.397502 
0.343543 0.411623 
0.875864 0.642039 
0.845261 0.548065 
0.776599 0.954636 
0.702539 0.428912 
0.887683 0.827501 
0.741419 0.106720 
0.916466 0.757814 
0.536586 0.805207 
0.971034 0.642407 
0.622192 0.079667 
0.625052 0.627334 
0.459049 0.926565 
0.137880 0.742747 
0.500025 0.901387 
0.140250 0.843568 
0.313010 0.016114 
0.485607 0.158271 
0.564179 0.262207 
0.112907 0.266718 
0.691119 0.000589 
0.094218 0.432538 
0.107309 0.010685 
0.190351 0.643895 
0.815891 0.161385 
0.286302 0.438084 
0.241052 0.911354 
0.065417 0.700101 
0.837918 0.203297 
0.442848 0.337944 
0.104684 0.583098 
0.181512 0.417694 
0.599212 0.667119 
0.575965 0.163391 
0.929326 0.688872 
0.430109 0.620444 
0.689461 0.524327 
0.052982 0.796770 
0.535012 0.243333 
0.440665 0.350903 
0.404718 0.726967 
0.788987 0.645770 
0.638320 0.854404 
0.345871 0.476239 
0.057701 0.788720 
0.814183 0.162386 
0.371818 0.995694 
0.580080 0.971030 
0.662813 0.156045 
0.134421 0.592139 
0.844916 0.564530 
0.212583 0.534377 
0.088856 0.265566 
0.331147 0.623868 
0.508899 0.771812 
0.974771 0.913617 
0.498778 0.763757 
0.559388 0.137099 
0.618161 0.905259 
0.613337 0.675862 
0.693979 0.427520 
0.838248 0.065796 
0.423214 0.418327 
0.036826 0.086027 
0.574372 0.171247 
0.678166 0.419288 
0.735777 0.890750 
0.953665 0.824633 
0.156315 0.284812 
0.448501 0.665214 
0.056624 0.423272 
0.578832 0.555402 
0.187030 0.138219 
0.692501 0.805191 
0.043478 0.305838 
0.481053 0.737457 
0.733358 0.319301 
0.803253 0.156572 
0.737628 0.840080 
0.242600 0.312000 
0.011327 0.920766 
0.731289 0.747103 
0.811516 0.684954 
0.571736 0.967831 
0.969766 0.020237 
0.633046 0.026390 
0.443509 0.211877 
0.581792 0.630539 
0.350097 0.274292 
0.435730 0.393575 
0.580131 0.916783 
0.131032 0.313489 
0.236084 0.934285 
0.470061 0.973712 
0.774365 0.712661 
0.285713 0.785692 
0.633427 0.017001 
0.532795 0.444942 
0.701955 0.104531 
0.412774 0.671721 
0.124769 0.045820 
0.698111 0.568278 
0.257697 0.279902 
0.198817 0.607794 
0.554195 0.634546 
0.001369 0.134325 
0.551329 0.132401 
0.447814 0.787413 
0.066686 0.917875 
0.761125 0.841051 
0.630535 0.046837 
0.626742 0.263962 
0.063839 0.159537 
0.708904 0.765794 
0.264069 0.121678 
0.437515 0.388837 
0.167498 0.135626 
0.957115 0.425195 
0.415528 0.155932 
0.032989 0.969723 
0.790478 0.034357 
0.104048 0.341807 
0.166758 0.551862 
0.129220 0.233444 
0.469737 0.890345 
0.074495 0.100272 
0.937183 0.701237 
0.364234 0.001021 
0.860775 0.073139 
0.766815 0.124843 
0.194817 0.204330 
0.513680 0.362315 
0.339956 0.470795 
0.787510 0.755484 
0.626727 0.820498 
0.725207 0.417205 
0.854855 0.829255 
0.759012 0.021613 
0.381117 0.888233 
0.255057 0.850854 
0.778578 0.329552 
0.951126 0.715760 
0.030789 0.315360 
0.716782 0.891563 
0.388499 0.483597 
0.016406 0.583316 
0.687927 0.530087 
0.945630 0.027882 
0.000882 0.733140 
0.783366 0.627608 
0.553638 0.508573 
0.044813 0.408493 
0.337827 0.803826 
0.430106 0.718944 
0.692059 0.685163 
0.569798 0.470636 
0.014715 0.520923 
0.186397 0.045504 
0.836283 0.903178 
0.937067 0.224782 
0.386775 0.953474 
0.808098 0.074702 
0.483560 0.753728 
0.102584 0.484442 
0.486868 0.885950 
0.112050 0.040506 
0.394523 0.156863 
0.448999 0.732351 
0.960689 0.879105 
0.451295 0.652748 
0.564268 0.021093 
0.123384 0.578983 
0.542016 0.309781 
0.624487 0.378299 
0.212959 0.561554 
0.603082 0.599734 
0.515028 0.411179 
0.674436 0.998588 
0.164907 0.777021 
0.483030 0.651775 
0.662971 0.595080 
0.692280 0.057494 
0.751943 0.141279 
0.789845 0.712632 
0.020384 0.241140 
0.365380 0.584652 
0.262233 0.488764 
0.163635 0.804249 
0.798545 0.788122 
0.182548 0.011504 
0.349676 0.785630 
0.611239 0.864704 
0.196809 0.285675 
0.863292 0.361716 
0.062696 0.346322 
0.013490 0.725667 
0.941402 0.705771 
0.783161 0.693345 
0.847049 0.573006 
0.405977 0.867433 
0.814146 0.771357 
0.452085 0.076379 
0.260121 0.615721 
0.880627 0.058666 
0.403843 0.063175 
0.070170 0.753519 
0.848805 0.681409 
0.618223 0.045614 
0.967084 0.481515 
0.407330 0.029780 
0.827837 0.420820 
0.755447 0.769239 
0.126591 0.538608 
0.462584 0.973640 
0.111614 0.868560 
0.841073 0.925760 
0.639917 0.293159 
0.002138 0.900038 
0.908879 0.882766 
0.958704 0.312722 
0.945941 0.028875 
0.066241 0.794746 
0.710284 0.684464 
0.840360 0.677368 
0.165980 0.247689 
0.707149 0.993817 
0.668509 0.462595 
0.763056 0.795100 
0.001203 0.225640 
0.768740 0.112817 
0.094200 0.609813 
0.038577 0.734117 
0.902972 0.040716 
0.634156 0.811851 
0.923481 0.592860 
0.124573 0.869422 
0.621735 0.190814 
0.664168 0.332019 
0.875279 0.504528 
0.009387 0.041259 
0.752217 0.716536 
0.035076 0.420726 
0.179131 0.798132 
0.215826 0.180335 
0.023772 0.984566 
0.293152 0.117972 
0.594380 0.331729 
0.852089 0.497352 
0.372444 0.486245 
0.309203 0.295925 
0.079105 0.433776 
0.165348 0.700840 
0.624590 0.829516 
0.032859 0.499869 
0.334043 0.042246 
0.541128 0.086261 
0.758782 0.576204 
0.506987 0.937913 
0.374336 0.722813 
0.118248 0.398108 
0.707380 0.411400 
0.516079 0.301760 
0.743128 0.368169 
0.799111 0.115572 
0.854414 0.108314 
0.411498 0.933519 
0.542090 0.576845 
0.634359 0.166681 
0.406361 0.667218 
0.666550 0.740404 
0.709464 0.207678 
0.826665 0.468246 
0.783882 0.333652 
0.406159 0.158218 
0.056466 0.524407 
0.556325 0.763845 
0.935807 0.072405 
0.065605 0.678935 
0.440573 0.864716 
0.794507 0.294987 
0.973030 0.206005 
0.228506 0.515121 
0.782851 0.862865 
0.681802 0.189212 
0.530082 0.348352 
0.929616 0.239546 
0.556029 0.756281 
0.707792 0.339911 
0.089933 0.113951 
0.498129 0.146399 
0.638358 0.054454 
0.910244 0.574165 
0.126859 0.975849 
0.253100 0.567433 
0.840565 0.047607 
0.862420 0.813596 
0.253612 0.090925 
0.328716 0.036463 
0.953790 0.010518 
0.225674 0.483872 
0.358870 0.155290 
0.723418 0.914899 
0.911571 0.431210 
0.254810 0.001504 
0.545161 0.752939 
0.147903 0.183519 
0.807394 0.058147 
0.757684 0.934253 
0.033996 0.010784 
0.501686 0.874561 
0.058391 0.364105 
0.688157 0.312004 
0.455031 0.016873 
0.348467 0.408820 
0.027391 0.574141 
0.892692 0.386261 
0.729431 0.616111 
0.301160 0.641003 
0.047321 0.555971 
0.642507 0.592482 
0.308910 0.790410 
0.776001 0.116304 
0.848557 0.533685 
0.050557 0.882553 
0.544469 0.552243 
0.757115 0.602861 
0.916348 0.445272 
0.914864 0.371378 
0.462145 0.263331 
0.780199 0.489537 
0.837472 0.672891 
0.875798 0.566903 
0.289002 0.176958 
0.207906 0.336322 
0.732928 0.850413 
0.928804 0.041838 
0.640824 0.704805 
0.158142 0.489381 
0.238490 0.208699 
0.371934 0.782960 
0.760942 0.129049 
0.385821 0.677290 
0.574321 0.300685 
0.048668 0.036466 
0.564016 0.828867 
0.526003 0.401488 
0.501758 0.401800 
0.968391 0.790760 
0.578758 0.176297 
0.127082 0.311687 
0.026710 0.055886 
0.353525 0.667534 
0.760691 0.511668 
0.156915 0.999181 
0.720367 0.528849 
0.782141 0.481308 
0.657898 0.167962 
0.158598 0.232219 
0.468647 0.207266 
0.268685 0.032663 
0.036132 0.794688 
0.434151 0.537890 
0.196488 0.402542 
0.328650 0.775247 
0.578839 0.455732 
0.086933 0.605549 
0.511618 0.440459 
0.273083 0.272309 
0.952126 0.429998 
0.271490 0.672493 
0.958848 0.053632 
0.153801 0.616746 
0.221593 0.312399 
0.848966 0.690240 
0.519665 0.117651 
0.722903 0.555797 
0.912339 0.157054 
0.093688 0.108827 
0.559595 0.422338 
0.884074 0.138434 
0.878070 0.971007 
0.743984 0.389688 
0.411466 0.017067 
0.661997 0.363592 
0.447066 0.933487 
0.036084 0.405913 
0.987119 0.189886 
0.022660 0.208712 
0.502285 0.871625 
0.898952 0.021949 
0.989276 0.621855 
0.577747 0.901615 
0.778909 0.671434 
0.010442 0.338504 
0.093772 0.894516 
0.476938 0.971842 
0.865523 0.220922 
0.361530 0.276989 
0.237990 0.023527 
0.640580 0.685055 
0.957014 0.676665 
0.090969 0.944133 
0.866550 0.113628 
0.152845 0.368835 
0.985253 0.051797 
0.390784 0.974529 
0.673653 0.968531 
0.876144 0.452561 
0.639965 0.886586 
0.791065 0.733738 
0.781102 0.268004 
0.705580 0.646624 
0.488926 0.067110 
0.923613 0.726916 
0.090637 0.564193 
0.411971 0.047651 
0.240858 0.502940 
0.991784 0.107408 
0.616568 0.144630 
0.476243 0.601821 
0.196427 0.867028 
0.576350 0.870080 
0.835559 0.452494 
0.322641 0.475524 
0.339080 0.113706 
0.209262 0.120181 
0.381710 0.914841 
0.766806 0.870636 
0.981951 0.690419 
0.597552 0.072588 
0.254612 0.009522 
0.120239 0.495470 
0.512462 0.112024 
0.602878 0.129030 
0.256653 0.079122 
0.730850 0.453080 
0.946149 0.307200 
0.323160 0.781708 
0.759694 0.645800 
0.257232 0.098774 
0.759506 0.466494 
0.218955 0.141216 
0.381336 0.985761 
0.011852 0.363287 
0.676179 0.609404 
0.435875 0.930791 
0.618926 0.556114 
0.426261 0.131388 
0.668138 0.029140 
0.260418 0.924791 
0.108261 0.991268 
0.377871 0.054411 
0.298469 0.701030 
0.836119 0.058163 
0.346830 0.093351 
0.156936 0.106337 
0.559845 0.375891 
0.247553 0.941181 
0.361652 0.259405 
0.304468 0.037831 
0.868808 0.740342 
0.968623 0.487734 
0.296457 0.394884 
0.619122 0.964594 
0.424024 0.879540 
0.889385 0.532285 
0.870808 0.267256 
0.586696 0.169277 
0.968286 0.422814 
0.227440 0.315116 
0.516165 0.384376 
0.421453 0.076011 
0.760268 0.669006 
0.017191 0.121920 
0.928411 0.321659 
0.159751 0.797219 
0.062001 0.128374 
0.284953 0.358458 
0.523258 0.904076 
0.323052 0.947281 
0.783616 0.212437 
0.479566 0.654424 
0.479693 0.066262 
0.823701 0.447978 
0.489076 0.051141 
0.763094 0.005242 
0.435517 0.184547 
0.081253 0.195785 
0.853553 0.098444 
0.317704 0.781964 
0.420103 0.477455 
0.579183 0.482104 
0.605829 0.864136 
0.840562 0.129087 
0.768212 0.163614 
0.076369 0.551828 
0.376051 0.555935 
0.206253 0.855744 
0.622197 0.029954 
0.303722 0.111273 
0.081095 0.066817 
0.116515 0.516612 
0.251364 0.197768 
0.712397 0.104917 
0.296212 0.030101 
0.886880 0.716314 
0.507556 0.466063 
0.198418 0.113385 
0.330199 0.038980 
0.242472 0.098411 
0.202594 0.318841 
0.650239 0.578645 
0.874776 0.856492 
0.434389 0.496973 
0.886446 0.738111 
0.608246 0.967541 
0.804928 0.724761 
0.484153 0.056292 
0.922529 0.196549 
0.161208 0.218741 
0.226650 0.048089 
0.935055 0.734206 
0.514152 0.133473 
0.847591 0.844351 
0.172453 0.090064 
0.942762 0.375047 
0.408905 0.593002 
0.953692 0.283680 
0.449494 0.388081 
0.780653 0.335939 
0.126192 0.388899 
0.303480 0.931120 
0.113660 0.787633 
0.987412 0.036189 
0.984182 0.148620 
0.254930 0.210832 
0.196709 0.189985 
0.945038 0.710861 
0.323457 0.792630 
0.555212 0.495910 
0.882693 0.497975 
0.870958 0.291598 
0.090977 0.824650 
0.575278 0.540470 
0.212731 0.355931 
0.876410 0.338923 
0.744830 0.179889 
0.270043 0.858490 
