3000 2
7596,5716
6798,2032
9880,0
2784,2202
6475,8043
5449,7206
6066,4826
4986,173
7448,5655
4996,3249
2112,0
9034,0
9250,3775
0,10
3935,9531
1485,1532
0,8284
3565,5128
6926,6349
7331,3402
4392,2780
0,459
7607,5594
633,5056
1249,5629
8306,3362
9315,7340
0,8566
1116,3756
8577,5052
3288,62
6584,8535
8346,149
3664,5273
6499,0
0,891
3776,9283
1351,1383
0,1984
0,6127
7614,4746
9489,6930
2086,3971
0,3203
7727,4073
8255,0
4136,4840
0,2483
4989,3216
0,1489
4212,6431
0,7988
5715,3732
0,592
0,5813
6720,3332
0,6209
262,2646
181,5759
5849,0
9832,0
8925,3969
8945,8477
6452,0
1693,4208
5424,5905
640,7805
3894,6355
1538,3267
6948,7256
9080,0
0,9640
9878,0
0,60
6609,0
7968,6442
2241,6894
0,1187
5371,6863
5123,7064
1072,547
2970,1713
8353,6865
8068,9892
133,5017
0,9213
0,7736
8853,8565
8587,0
8625,5197
9276,6594
1639,1517
3488,0
2705,8859
8915,7828
5924,9988
8375,8895
0,6729
5760,9770
6622,5893
4787,3770
5107,3474
1507,3961
2039,94
5101,664
5292,4377
0,6932
5895,747
8983,8600
9607,7899
6428,5531
7887,0
4426,9588
1534,187
0,8156
6081,4146
1926,1188
7620,3434
5150,0
3528,252
0,8820
4630,7584
0,525
8332,4736
9126,7940
2635,0
0,522
0,7898
0,1894
8086,9470
51,0
3617,1978
0,1238
5412,506
898,8941
758,0
7761,0
8808,3514
5914,7141
8251,0
5081,886
596,8553
1409,0
6452,1521
2851,4538
991,2902
8705,4608
4880,4061
5846,293
4568,6745
9234,5326
7969,0
0,6777
510,6630
3919,8761
1671,9000
0,2268
7553,1057
3225,4005
2578,0
8544,3570
0,7249
8179,3860
1311,4026
4153,0
771,3387
1206,8740
383,1922
5518,894
8552,9437
9656,224
8438,9304
2493,5992
362,0
9998,2940
1796,8542
6511,775
0,4690
4636,0
8716,8790
2983,9487
2178,4190
8228,2562
6112,3747
0,4665
3185,3112
4890,1623
2417,0
0,2779
0,7614
5720,4898
6156,0
5674,1948
6921,311
9052,0
9101,2036
5125,0
0,3354
3842,2339
7101,7298
7004,287
411,1895
1911,2828
0,9527
5608,0
7141,1328
7280,0
0,2955
5245,480
3266,0
6118,2368
6334,1243
3648,0
4598,7490
4899,0
4789,1904
1987,5201
3799,3898
0,3078
0,3638
5460,566
4966,2741
0,8525
5696,9110
9006,8963
3408,5124
1332,9743
6368,4980
2304,966
2471,7203
2666,0
0,4654
2462,2908
0,492
5987,1978
4131,1447
0,9097
0,6410
7623,0
0,6630
8848,8929
1755,180
8672,8123
5161,976
9090,7633
8180,1757
4894,7289
6411,0
0,4964
7849,6184
0,1980
7631,9489
0,1820
5899,8702
0,1420
0,554
349,7087
0,9021
5211,5897
0,4301
0,8178
6058,0
0,2470
5780,5665
7434,0
1849,4378
0,9481
3868,6688
1302,0
5391,3007
1188,723
3562,1537
7811,4297
0,3022
194,557
7323,3725
8736,0
0,4204
5852,7929
9869,3287
1559,1719
7666,7170
1201,1534
0,2503
0,9250
0,2490
9974,9074
4027,7785
0,4587
808,0
0,8132
7292,3881
1514,9441
8086,7367
0,7956
654,8931
9675,8321
6101,0
9855,9961
3380,1157
9211,8892
3647,9186
0,7675
6971,1338
2262,7780
4905,7407
5912,2197
1288,7426
1638,9375
0,9009
7331,5448
7940,7006
3769,4042
7884,3624
4003,0
0,3215
157,8430
2401,0
0,9373
9462,0
7153,4367
5774,0
0,7063
492,8203
6439,5285
7213,3770
734,0
777,0
9196,8661
8129,3200
9926,2911
6415,83
0,8816
8207,0
8190,7669
5814,0
2036,1589
8409,8601
8653,8901
0,5092
4187,4017
8862,4921
9171,0
9425,8368
8300,7554
1568,8227
465,0
8310,0
6800,6518
0,4991
0,5068
0,6224
6657,8743
4826,5311
7645,1631
0,1832
5649,9265
6753,4820
0,6179
3189,7206
0,4757
5433,4199
0,3744
6007,9542
263,0
4533,4451
329,4868
675,6987
0,5501
0,1257
7133,2702
3089,2782
1968,9842
7603,874
6021,792
8080,9755
0,3514
3955,8291
7259,9962
7834,7522
0,2367
0,5553
7235,2649
2541,0
8151,0
0,5284
7542,5194
8066,9511
5037,5669
385,1058
0,8466
814,2011
0,4769
303,9240
0,8137
6763,0
505,0
0,7741
1386,8049
8589,9537
2889,694
0,432
5888,0
9944,925
8558,329
1984,0
8796,2799
7032,777
7568,7335
0,2300
0,6780
2255,5978
5517,7764
3719,6904
5813,2309
6441,8703
3003,1264
0,8892
0,9080
9818,2711
9409,1803
7731,8206
4602,0
0,2171
2100,0
4472,7573
5782,6727
3552,1299
4491,0
8204,0
0,4645
9008,2584
0,8144
1476,62
7225,1294
2774,0
3098,505
4841,7700
0,3824
9872,7370
2825,4344
4943,8607
1072,0
0,5564
0,8111
5869,5348
2757,4878
0,8667
3023,9410
8730,0
704,0
6883,3802
2010,1724
0,7280
0,1375
4650,0
0,9594
6981,6792
8090,6889
2356,3858
5000,8225
9207,7758
0,7140
6425,0
6550,0
6374,7255
6659,0
1058,8669
4982,2562
5950,530
3937,600
8904,0
195,0
6449,8285
2775,8805
2144,0
7031,0
5534,0
0,1960
0,5043
7115,2636
2299,3775
5894,3358
2445,0
5920,8395
0,9858
8995,312
9516,9191
6199,0
7477,8974
4771,9621
0,1803
0,2286
1938,0
4246,8199
4510,1362
836,6810
5137,6731
0,7582
7608,0
5978,9016
5948,4974
9328,5464
4165,5527
1430,1642
4502,6201
0,1254
8004,2238
3540,9943
1705,7787
8142,0
9149,0
3026,4287
5711,3195
0,3319
9285,7849
0,5233
0,1665
697,6988
7192,2127
8630,1695
8329,9894
2950,6334
2133,6491
6277,0
4278,4420
54,3428
3400,3080
7716,9111
6276,9587
2431,0
7436,0
794,259
6433,1492
7247,3626
3620,5878
5321,1950
0,8272
8285,7906
0,4563
1744,0
8983,1798
0,2384
4879,187
1496,1155
9774,3928
6717,7211
8696,0
7470,5129
9004,4718
8755,0
596,4077
4575,6370
2350,0
4277,0
7424,6021
6155,6408
7820,8626
8792,2699
8814,0
3855,8589
4217,0
5800,2913
8084,3271
8043,0
7989,6799
9714,8586
876,4290
0,3226
7151,9233
340,4575
0,6496
984,0
5122,9776
0,3937
0,9631
2526,4282
203,8326
0,8288
0,5239
5377,0
2038,0
0,2915
0,3129
0,6535
2363,6482
1111,7619
2978,2095
695,8101
1871,6471
2038,1937
6102,4564
6219,6306
0,3416
4594,4488
8656,9972
4075,0
5065,2248
3610,4448
5378,0
983,7742
6234,2094
5361,9213
4190,6057
7314,6061
0,9352
7998,0
3917,0
4936,6808
7635,9531
1296,6291
9503,5372
6985,4568
7620,596
0,2999
348,0
0,6583
2095,6103
5796,6285
2160,3110
0,4688
2463,346
3319,6380
0,8256
3188,2200
7787,0
8491,7291
9857,0
1859,0
6073,877
477,6422
878,0
3005,2974
7323,8801
9260,9484
0,1607
4173,4374
1954,7492
755,6520
0,3943
8720,3536
0,7212
827,8286
2689,2687
5764,8763
3564,6242
5185,4443
7462,8190
0,4785
0,6677
4270,8904
8285,8443
3279,239
5936,4034
0,1686
7977,0
5222,6406
2692,6050
4692,5382
8737,456
4146,0
6699,0
6745,4161
7522,0
8947,4515
840,3217
3419,9126
1661,0
9366,0
0,6126
9284,0
1606,4507
0,4299
557,9808
9681,9295
0,3827
0,6964
3159,8343
0,682
2506,73
5197,3347
3290,8616
2474,4952
5315,1840
0,6047
0,1835
0,9572
0,9874
0,6899
0,3554
0,9948
7382,7792
6913,541
0,8039
0,8643
8112,0
1991,0
5039,4465
6355,354
6305,8906
6401,4271
742,1159
3844,0
1033,7716
3984,716
1271,179
665,8653
7972,7578
9195,0
0,419
2751,0
0,4742
5133,0
9208,1489
0,5513
396,0
9785,1138
0,3629
8223,829
1346,2207
1545,2618
2387,2210
1271,359
0,466
4467,5407
886,0
9137,7727
1962,4271
9608,0
5760,1843
6684,0
479,6469
7294,275
99,5517
1104,1446
7725,2650
4064,112
0,5335
472,0
5802,0
57,6688
2159,0
4416,4122
3466,4024
5292,9227
0,1977
0,6347
0,2678
6623,8546
8196,7728
9993,5922
378,4057
0,5240
9393,6507
9890,0
1446,0
1884,0
9144,6300
7728,0
325,0
1837,6193
4998,7221
2540,3445
9899,9163
1991,8096
6891,1984
0,7270
0,53
0,5436
0,2401
0,8007
2350,2517
1613,1494
8818,9342
0,9143
2363,5942
0,7361
3163,7877
806,0
7040,2798
1160,3932
0,5178
0,826
5232,3713
0,1793
6115,6895
9800,8466
9413,1414
9960,8231
756,0
0,3120
8,2712
482,0
589,0
6235,7630
4087,7396
1562,8871
0,2765
9698,7807
6479,0
9600,2595
2856,9401
1061,0
816,1022
501,1573
5088,0
0,5097
589,0
8269,1178
6464,0
0,552
1901,371
9424,4476
3137,9122
0,9617
5083,1884
2212,0
1286,0
210,2102
4297,0
0,9386
8589,8369
4483,9179
3545,2753
358,10
7259,0
563,9161
9538,9987
3637,0
9110,0
2292,4193
0,4505
2134,9093
7780,2345
1196,2077
0,4872
1464,1647
3242,5948
0,6788
8701,1185
0,5961
0,7362
0,9890
7349,0
2565,0
4682,0
654,2489
9364,2788
0,7144
5133,2779
9222,8191
7651,686
9839,0
6635,666
0,5336
1851,4480
1298,2203
1842,0
0,9192
5181,0
5652,9864
9518,0
2353,8882
9095,3936
6027,4228
6716,5249
2420,4367
5936,2259
0,2571
2925,2943
7908,0
7424,9207
6980,0
5628,9073
8459,809
3733,0
0,3251
419,3027
2134,9515
6963,8161
3744,0
0,6164
8047,0
8423,3309
0,1349
6253,9829
6126,3677
9036,3106
2944,4664
2180,1404
5473,5914
5517,6147
9165,0
9174,1300
5452,6138
9461,9196
9818,0
0,7865
2221,3784
1175,4142
5133,7428
3971,0
1106,3007
4367,4050
7672,6547
5455,0
2461,972
9293,0
6910,8467
2927,2362
0,2389
1558,4424
5263,6918
2290,7484
0,3465
1627,5836
893,5598
7097,1999
0,1464
6050,6278
0,1506
9424,473
2479,8717
0,9389
7185,5029
1751,1792
7418,3309
6216,0
0,8506
166,931
1971,1793
6768,2865
7392,3865
4865,5998
5330,0
0,3341
0,1701
3815,4901
419,5917
4290,7605
946,0
9397,8365
9351,0
1047,9580
4120,1214
0,6092
3008,7280
8957,400
1146,3822
6399,6476
4738,8676
9818,0
378,3634
2061,797
0,6351
8403,498
2393,7800
8863,0
0,9911
0,7534
1125,1837
3627,0
0,2585
0,264
6408,934
6741,1146
9611,6559
8307,9989
194,368
0,9746
6720,9190
244,0
6990,9108
859,405
0,2184
7940,0
0,1567
4279,3139
0,8815
0,560
9750,144
1707,9361
6704,0
9351,6899
383,138
6645,7104
9328,6889
0,6319
5997,0
0,5017
9262,4664
5162,3284
0,9442
6423,384
8258,9827
0,8008
9972,2652
7370,6676
2666,6721
3576,0
0,221
154,6189
7111,6373
0,3109
3450,0
8126,2713
3898,3289
0,130
2732,2420
515,0
2247,1460
8999,2220
4112,6369
8896,6779
3091,2473
9829,0
2694,9984
6141,9805
6357,8650
2914,9808
7884,1041
2521,1782
0,8519
1913,7062
940,2428
8053,3188
3888,7052
0,8001
3422,4305
4780,0
6778,4610
6466,9472
4594,2607
0,952
1258,2193
760,9142
3234,3282
925,7564
1801,2838
4627,2741
5266,2681
5929,9154
9734,1337
7156,3156
5642,1936
9670,2420
6547,6136
1893,0
0,1171
0,3
3364,2855
0,6599
6137,70
4164,0
0,8792
680,8175
0,6610
7330,1207
0,4486
4364,3590
6423,4034
6011,2970
171,7905
0,8916
9076,6207
8919,2441
9063,8065
9041,5200
8136,3205
0,1045
1997,3820
9220,3471
430,6550
0,8378
1036,9042
1968,7459
0,7980
430,0
5885,0
2165,4962
751,1084
7404,9814
9149,6445
0,7285
9650,8154
8330,0
1975,7551
5119,2405
4101,9797
0,5138
0,2752
2598,0
732,0
5166,6617
0,7331
1579,8324
0,8984
8138,0
5429,3154
4851,0
1309,3182
6728,0
734,1848
5689,4835
0,6472
9974,486
9224,2572
0,9957
5601,7570
6574,3173
4902,8154
1498,3318
7138,0
884,2568
2791,5736
0,4100
8918,0
7384,9652
6226,3073
0,7872
9546,0
8359,8771
7035,763
8728,2636
0,5303
5810,0
3458,0
0,597
6945,7439
3165,9736
3176,0
3837,2094
5191,1221
1747,1417
4295,6236
0,3842
0,7649
2613,7734
8413,1342
371,6748
0,6181
9985,0
3490,6540
701,435
3980,3866
172,7156
4680,4010
9251,0
0,999
1290,0
7235,580
3370,7935
8230,5984
0,6643
7326,6040
3391,0
2222,3377
4077,5712
9917,0
6148,0
8645,6321
1054,3326
331,306
0,5563
1305,0
5091,8541
5070,8461
6477,0
4446,0
9945,1773
0,3337
5746,410
6714,0
0,6632
4602,2271
530,3248
8592,1585
6574,8924
1891,9773
0,3197
4263,9579
1739,9334
8041,0
0,2487
364,2581
0,8552
5918,6
8962,2632
9830,0
9264,0
7357,9795
7680,5949
1380,0
4874,0
0,9362
0,8293
8941,8210
7627,6983
0,263
9470,6791
2844,3730
5343,8763
0,4306
1395,3567
0,660
0,6749
0,5680
2699,0
0,7573
5109,3965
6935,1579
2259,5877
0,9886
2860,0
150,2331
3009,0
0,8353
1758,9799
0,3154
3366,2052
3815,1366
8801,4271
7047,1500
6107,6984
0,1217
949,6009
2797,3208
1887,2587
3095,0
8805,3246
0,1815
0,3141
169,0
0,2830
1155,0
4882,4971
0,3683
9242,4721
5184,5350
1705,0
6568,2655
267,0
5863,2155
0,8959
6903,0
2206,0
2574,8448
7123,0
6449,64
0,7605
6370,456
0,4044
4140,0
8765,9324
0,471
3582,3738
0,3850
3103,8990
6005,5056
7949,2908
5815,0
6891,0
8604,4014
1133,5053
4078,6707
2658,449
7164,5234
4494,1305
7054,0
0,4224
3731,4212
7962,6857
8062,1066
5847,4068
6122,3797
6976,1938
3953,0
327,2557
7882,1461
7610,1961
8169,268
2411,5333
5503,6906
6639,2558
166,7269
6782,3897
1481,0
0,9544
5812,0
3612,1934
398,589
0,4351
4457,4200
6908,2340
5661,4519
4302,3830
0,6714
9164,291
3620,5804
2849,3786
3073,9632
0,4554
4378,8437
4099,0
5039,7712
0,5438
8301,5997
9789,2759
198,6698
0,5860
1218,9402
9691,0
6116,8856
0,9736
4660,9147
3523,7733
8779,1206
2287,3157
9644,6387
3347,4683
4099,5472
121,0
1470,9911
5160,0
6610,260
7529,7828
0,7220
3834,5778
6076,132
0,736
9279,0
8470,8059
245,0
1217,9889
7145,4565
4573,1244
38,4695
3645,1508
4607,8805
3178,1217
9065,707
0,8728
0,2880
4507,4005
3013,22
4742,2292
0,3212
0,9306
3970,1569
0,1115
0,3769
2360,6172
0,6005
0,3071
4811,859
4289,0
1567,3335
0,9496
0,7112
3501,0
7134,8244
1522,6196
1456,1874
0,5426
3443,4698
6542,9578
0,8902
5750,6932
4907,0
0,9718
0,4293
3595,5859
7629,6200
5355,3845
3312,8857
3074,447
7101,4597
6643,0
6471,2146
3984,9915
6845,527
0,5313
0,5243
2246,4337
8675,2250
4056,2967
6544,7651
0,4173
3852,4182
8018,7165
3039,0
7612,141
5690,4256
0,2162
0,2683
2077,0
3210,1570
0,2640
0,807
6977,5489
3058,1034
8456,9602
0,7283
3775,0
1465,1794
9703,4505
2887,7316
4647,8578
1573,0
740,7975
6030,0
0,9241
4387,9785
1881,1201
592,0
6691,3651
9893,5147
3253,8579
0,7028
1118,3897
8823,821
8403,1710
8138,0
288,0
6396,0
7687,2426
3846,8911
1667,0
8696,0
0,9289
0,6126
2940,2301
1274,6194
881,3705
3223,1999
7603,0
2820,6006
3756,959
9056,4045
0,5453
5074,8358
7879,8921
7269,9547
7155,5966
3096,0
5255,0
2718,0
0,3992
4390,8687
0,7613
686,5302
9659,3507
1308,0
4466,365
0,5137
5818,2535
3496,3697
1456,765
3244,0
6732,6340
5203,0
1845,0
183,9651
1914,0
8338,0
2187,9024
4915,0
2531,0
5262,0
6589,2723
2135,2407
5259,0
6104,0
6398,9349
0,3130
0,532
0,7535
8454,0
7186,0
9875,0
9982,2062
4549,4898
3909,0
1122,9171
4079,7711
1895,6215
119,7155
1847,6224
3871,8245
5573,0
1375,1264
9733,6493
0,8187
1794,5986
8556,1670
1511,8539
3732,0
0,7641
3142,4560
6813,7221
2272,8708
0,2391
5864,5284
8615,9736
3530,4189
8937,4905
0,8670
1399,4252
6858,3194
0,5415
4864,1751
0,8597
7812,7392
6238,0
0,3052
8176,0
1761,0
6617,0
6897,0
0,427
9421,6298
5333,0
0,6732
9127,1827
9927,9366
7242,4791
1117,1197
0,8929
8590,9628
9884,543
2680,0
4769,0
0,1386
2066,0
6618,9427
6999,6040
0,2333
914,694
9065,42
0,8993
9408,0
3785,526
961,7174
9456,9551
6802,9340
0,9482
7401,0
0,7075
6250,5990
3647,2869
5417,646
8909,1143
2980,9824
1837,0
9866,4359
1039,0
4123,0
9801,5084
1998,9257
4636,0
8598,0
8283,5999
9595,0
3075,0
0,6722
8716,0
7369,7625
4758,349
0,6596
0,7316
955,3435
0,5078
8259,6392
163,0
5649,0
0,4247
9530,0
247,9126
9549,3322
4973,0
0,3689
1362,7415
1315,6121
7765,8765
2717,161
6081,3673
3596,2672
8752,1855
9065,8915
2113,4714
3715,1172
0,3246
8514,9210
2373,8063
2532,7346
0,2578
1036,7172
9994,2351
0,7759
1116,6010
7920,0
9684,1517
9871,8436
3373,8936
7352,5486
0,1068
6658,2613
4314,5173
1824,6688
3236,4357
4035,0
6935,0
0,6930
0,9511
4689,8540
5522,2610
5738,0
4128,5609
0,7501
4545,996
2987,8197
0,9646
811,6380
4819,2635
3068,8056
6992,7103
0,3928
0,3321
858,9598
2833,5547
8138,8356
0,3877
3563,0
0,7207
9787,4032
8204,2775
2229,269
2422,0
6649,7242
5676,9718
5298,2668
6821,2401
6596,8997
0,7455
8595,8556
3003,6734
6912,0
611,475
3448,0
7683,3236
4130,0
6012,6360
6157,8434
9400,2806
5677,0
2525,975
0,9346
0,4342
0,9099
1797,0
7656,4801
3673,4568
5963,4285
0,9411
4382,2727
0,8513
8615,8660
4873,4772
7094,4274
7579,2772
0,104
3747,7097
9451,7124
1439,7795
6224,0
4734,0
8039,0
8449,4002
2693,3494
3413,7076
6222,0
5589,0
4722,462
9609,1817
0,7188
0,4088
0,8337
1185,6744
5461,2625
4539,1686
5863,9274
5567,3902
7682,0
7905,376
0,1319
7452,0
7381,3042
8570,0
3505,0
3921,0
0,8510
2330,0
6847,3516
0,2309
6142,3946
3996,2006
3220,9563
0,903
3580,3814
1279,1092
5133,0
4826,2515
0,3397
4618,0
0,8539
0,6947
7050,5853
9610,0
9370,9017
6207,5512
2964,203
7519,6185
9766,3428
7088,3347
7243,0
4440,2377
7100,9266
0,8875
2663,9510
4155,4241
8050,7677
1189,5100
3530,799
0,2900
0,5206
8413,2781
5409,0
8967,5176
0,6055
8524,6604
4424,2964
8981,1524
2231,3873
399,4894
3384,4555
0,1435
0,325
6536,5763
1125,5535
8663,942
741,0
3724,6150
3009,0
1326,2370
8747,9850
0,3171
2815,7956
4696,5046
0,5096
9941,5215
9651,9077
6651,0
0,3187
7647,528
8723,6310
0,9464
0,5196
5615,0
7888,6942
8768,6635
6792,0
9807,9608
5701,4504
4654,0
9600,0
0,9252
3673,9398
1136,3076
0,8783
3604,1309
5094,5075
774,8482
271,6389
4879,8159
0,3648
4795,124
1392,4603
9733,0
9107,4387
4625,0
8983,0
0,2656
0,9096
5732,0
7879,9336
668,2973
4412,1443
1455,4684
7832,6335
2844,1164
9984,7639
1289,0
2243,1022
0,1350
5409,3096
58,0
469,8018
7049,7241
7114,2781
6600,0
2118,7268
0,6530
0,9423
1215,0
5758,4059
0,5742
0,8998
7119,3942
0,5590
0,5430
8686,5351
0,9156
3370,6873
6397,0
0,2997
0,1774
0,3447
8305,8978
2870,9520
0,8628
0,3231
4371,5278
2230,1491
9220,0
7081,4513
7681,5768
9865,7506
4924,3236
4379,0
3721,4035
4319,0
5809,4585
2648,4114
3564,0
3634,9086
4147,7213
2318,8519
2492,4548
10,0
6799,7091
6226,4481
2859,6092
1987,7783
0,6366
9105,3049
402,3425
2251,6211
8011,4899
325,1575
0,3959
661,4566
1173,2979
3085,3665
7528,3095
5378,4327
187,1605
0,3047
7697,795
0,7025
7162,9936
0,7564
3362,2327
0,1373
7226,4101
0,7645
8060,3611
0,9234
6591,5297
2899,0
0,8278
8446,8580
9883,7254
1627,7581
8050,2458
4607,5212
2395,4682
0,5757
7010,0
7131,4236
654,80
1882,8714
3691,4093
0,282
9390,848
4401,7783
9127,2848
6363,0
0,7990
6592,0
0,1199
3366,0
5881,0
8601,2892
2697,5733
7128,3351
5813,9011
2066,9505
3105,15
9788,0
0,4190
279,9991
7038,6643
9002,7142
4634,5594
0,5083
6793,8662
7927,2675
0,6529
0,7503
2262,2696
854,8076
0,2920
7582,4812
2936,7370
7308,3800
0,7588
3791,8600
4231,2793
5742,8866
8387,1038
3949,5180
0,1877
7856,4507
8406,3423
2011,669
6119,2866
0,7827
5786,6329
0,8722
3700,0
2523,5261
7536,6314
3861,0
9107,0
634,7495
641,4584
2676,342
6461,532
0,4868
0,6861
0,75
9727,4285
0,5514
614,542
4237,0
490,0
0,8027
3074,3437
9796,2182
3041,431
9678,3683
0,2355
4026,1477
2888,8876
0,6844
5737,1885
6920,5465
0,4822
980,6785
5365,5217
1100,5856
0,676
0,5053
4114,3680
7236,7156
0,6914
839,9128
9269,4865
606,0
3741,6952
0,9479
8838,0
4944,0
745,5925
1794,6110
1142,0
1967,0
3572,5851
8174,7686
9532,5410
4842,3644
2324,5681
0,1594
547,3378
0,4288
331,2754
0,9169
8676,8713
4178,9421
4638,5972
5532,0
8868,7499
8901,2440
3350,7075
0,2882
2485,4969
6526,4810
651,9299
6405,1198
2678,157
0,3009
2911,0
0,1588
7968,6357
1009,2606
2330,0
8387,1198
4041,7289
3638,0
4365,3765
274,6851
0,6801
1661,0
6100,8066
584,8779
8224,6071
1788,1135
5327,3968
0,3295
325,3733
5902,2656
275,4290
3854,4317
1580,0
1708,5945
1258,1983
2796,0
0,4458
9379,4885
2524,9963
3664,0
0,5453
1884,1362
0,4608
4658,0
8342,561
2403,0
4852,6258
2935,6432
3751,4644
2377,0
0,5174
5003,5411
0,4382
0,2157
4346,3961
2906,381
9415,0
1744,8836
9399,6403
0,7742
6964,987
6359,1816
7245,9295
8249,997
3939,626
0,566
5801,1011
5978,0
5394,0
7590,0
237,497
122,9652
5288,1867
0,4688
8270,7073
2430,5234
0,8790
7051,0
8085,0
6303,2024
5927,2311
2590,1728
3323,8569
7162,8717
4845,4753
8458,5082
5250,8580
4735,539
447,0
5227,8717
297,0
3952,8358
6448,0
3664,0
6305,9968
6557,2233
2280,9148
3961,5603
7718,0
4320,0
5877,2778
0,1127
1359,0
0,1807
5606,6894
525,0
0,4477
0,1000
5482,7927
5533,1787
7895,2091
4020,176
1240,0
0,8959
9106,99
1522,4983
2878,0
6111,4237
0,7778
6044,7157
4673,6569
3061,9225
0,7324
0,6529
5252,0
8317,0
7851,2338
3324,0
321,9103
8051,0
9203,9573
4411,0
8742,0
6318,0
8302,2363
7450,2975
0,512
2200,0
7837,2426
6510,0
8185,4827
6238,6037
7166,9562
5129,7487
8666,3180
6915,7869
2753,1326
9950,0
0,6269
1789,152
8632,0
3127,7565
9752,0
7545,7590
7753,0
680,5939
8883,0
1976,0
6481,0
0,5147
0,452
3016,3039
1778,2967
0,3629
0,6325
3781,7869
5566,6908
5435,5319
2236,2981
0,9990
7037,0
5929,5920
0,7906
1970,6989
5012,5507
0,5298
5959,5153
8338,7738
8120,2874
1368,7357
0,5149
5227,4766
2057,663
85,4294
3644,2995
4284,682
6584,213
6603,7093
8120,8573
4082,3132
0,6219
8430,41
1373,0
0,9494
9643,9148
6851,8843
4297,2079
3610,6355
2742,3695
649,0
6690,0
0,3275
0,3672
368,3267
0,4450
0,6327
670,4831
6369,2043
1600,4149
0,1243
0,8389
87,7595
469,3697
3950,3212
7392,4600
9599,0
9533,6669
0,4681
341,7726
0,2588
2177,4349
0,2848
9180,5285
4891,781
9434,6429
2024,2732
4818,0
0,5288
5808,4278
0,3201
0,8099
7284,8412
4769,4643
3093,5110
2369,0
7698,0
5392,0
7396,4573
1899,2287
5354,1334
0,7378
4066,0
9490,4394
8824,0
8672,7324
8500,7551
0,5785
5963,0
428,9057
5304,2798
99,3003
7346,5492
9618,4742
65,0
7030,5419
2852,0
2798,0
9283,2288
1313,8108
7587,9986
5432,6088
7537,857
0,3501
0,2302
2558,6355
5101,0
0,2447
8150,8976
7189,8215
494,4219
3635,3346
9967,6433
0,9250
8722,1579
7358,6310
1565,0
2398,9103
3648,4273
2604,4699
6575,5163
1054,0
7821,0
4124,5972
0,1314
4188,9884
5534,7823
3231,5501
4257,3497
4752,2979
5077,2111
9289,0
4902,1688
5746,0
0,8351
3251,0
3515,0
4214,1336
4719,8339
7309,4109
0,1497
3994,5188
9321,7225
689,3578
723,5441
6558,0
0,5848
2443,2456
7536,0
1008,3498
0,4259
6036,56
8566,251
1393,3286
8590,8702
7395,8244
200,1390
3432,9521
8615,0
3100,9338
9563,9659
5139,0
5507,7582
9573,3044
5771,0
6543,2313
4840,2579
0,3407
2830,3762
6693,1421
2465,4089
0,2665
5479,3097
2187,4095
7219,0
3434,6782
4947,8573
3899,454
6155,0
3499,1927
4053,42
4240,8894
2621,6610
2301,5452
373,8994
6873,2838
3083,0
5504,0
9636,0
2658,0
2979,0
3637,7926
0,7536
0,820
1009,1880
2747,5062
1922,6988
3956,4544
3599,6258
9997,3972
5252,0
6811,8336
3409,0
6898,3045
0,9556
9900,2987
5648,3537
914,0
0,9296
1134,2084
1176,3882
7146,3099
871,0
7644,4470
7362,7641
8443,2614
0,5254
950,7921
7570,7849
966,0
7406,867
566,3055
4405,1481
0,5479
776,4504
7564,1954
0,4710
5054,0
5814,2698
3729,3176
340,2172
0,4852
7427,0
2773,0
4591,3740
0,1997
4607,0
5053,9012
4625,8422
0,5402
2927,2056
7357,0
0,2411
573,2582
5110,0
5759,5450
0,1550
302,0
8292,0
8902,2884
0,1479
4882,1424
4623,9935
436,0
8357,4929
4651,1284
6985,2008
2599,3753
4420,3172
6335,9530
7475,2094
4981,3951
0,5284
0,1938
8360,6757
4822,5177
8236,9704
6601,2859
9640,0
2108,0
1968,0
9282,8954
8768,1881
2707,3188
5054,9043
2719,2529
1138,7700
6481,4783
2984,0
0,1345
1093,1544
6523,9330
0,3125
2190,889
0,4298
8887,2132
0,8169
1086,9826
51,3793
3015,5105
2836,5734
7635,3975
3435,4116
8758,6420
8452,5480
7765,9546
0,4289
0,8275
7414,1067
9164,7578
5365,8052
9710,6424
6221,0
6250,6273
4590,9265
1378,7427
5000,9013
1402,8435
3130,161
4856,1582
0,2622
1129,0
0,5
0,4325
1073,0
1903,0
8158,1613
0,4380
2410,9113
654,0
8379,2032
4428,0
1046,5830
1815,4176
5992,6671
0,1633
0,6888
0,6204
0,5243
529,7967
5350,2433
4406,3509
4047,7269
7889,0
6383,0
3458,0
577,7887
8141,1623
3718,9956
5800,9710
0,1560
1344,0
0,5645
2125,5343
888,0
0,6238
5088,7718
9747,0
4987,7637
5593,1370
0,9052
6133,6758
6939,0
8382,0
4232,0
368,860
5743,1712
0,4192
7357,0
9536,8246
1563,0
4485,6652
566,4232
0,5554
1870,0
6925,8051
434,3058
4810,7374
7333,3193
8032,1565
0,8400
2426,3120
0,9207
7312,7471
8115,6849
5717,0
9697,0
6330,263
4435,2118
5817,6305
3500,2742
4357,3935
5801,9167
0,3134
2360,9342
4700,9737
7743,7126
2857,0
6334,170
0,4449
7019,1045
4127,6717
1247,458
6981,0
2576,2799
1988,6077
5541,0
13,0
5513,1324
4478,7874
666,0
7611,8410
6305,468
6267,2639
638,0
7089,7657
2640,1216
4375,0
1674,1356
9571,4251
0,1559
329,9697
7904,0
1040,3418
1667,5518
1292,2334
4697,8903
0,1002
9371,7012
3642,10
8607,731
0,1248
1948,0
0,3623
3399,0
7875,0
0,8204
7252,4172
8548,8292
7590,216
0,8882
2550,0
7785,3295
9511,7157
307,3153
7167,8915
3884,4835
164,5833
6879,5300
0,278
8,0
7833,0
5536,5085
0,4084
3378,8038
4301,7189
6920,0
5697,4706
0,5209
1863,455
8362,9031
0,2247
3867,0
8080,747
4835,7537
1025,4844
4868,8859
1120,405
3945,0
4489,7323
9606,8791
4512,6527
5642,210
0,5789
5420,3097
6244,3782
0,5615
6030,5997
5150,0
6744,0
1649,7770
0,6517
6629,5950
6922,574
0,1412
7898,7126
203,2411
3653,5846
2622,0
0,8042
7985,7881
1825,0
3496,7856
6112,8647
1968,0
0,3617
0,3463
134,0
9414,0
7831,0
8470,5730
4059,8674
8141,7713
4520,763
2601,6157
8806,586
4038,0
0,7535
8488,6814
6182,456
9670,4815
4073,297
8278,4208
7554,7692
0,5386
0,9736
1116,8685
8410,0
0,2931
21,0
9088,8827
9587,0
9459,0
0,7947
7102,6844
8403,0
1659,2476
7071,9938
6685,4625
0,7950
12,0
7687,0
0,6098
385,7341
0,407
6341,0
9234,0
0,8694
6217,1908
6641,3320
8752,0
93,412
7522,0
350,4207
1791,7981
2158,1803
237,9845
2931,1179
0,3317
8520,4973
3724,4862
3092,2959
791,4337
1653,7008
6245,8295
328,4998
3340,422
0,862
7587,5762
5069,9379
3743,0
0,3981
0,4114
0,3017
7431,0
7991,0
8544,1083
4114,9335
5420,5768
6343,1666
0,6672
6665,0
7094,2076
8266,0
0,3336
0,1582
564,0
0,7638
0,724
656,6789
4405,0
7945,2949
9730,2060
0,5151
7828,8628
6818,1892
5300,0
9296,2395
5560,7562
0,3399
899,1139
4981,1463
0,544
9102,5741
1268,9758
2531,5674
8405,476
8624,8135
2536,909
3287,364
9537,0
2256,4838
3588,1552
7234,0
0,4312
2548,15
5451,7529
0,1835
8073,0
7576,9342
339,107
0,8745
583,0
6881,3120
0,168
3484,4088
273,0
8926,3862
7294,6161
0,6410
0,5559
6425,0
0,7904
0,1163
0,5336
0,8825
5444,5522
7571,6028
9163,4452
9148,3713
0,2633
7801,0
8374,0
8757,5669
0,1769
0,3363
7329,8504
9288,418
6408,7048
1581,4893
0,2086
0,7829
7609,1290
3858,0
0,3006
486,364
5640,8288
5260,4014
5017,4018
0,7907
5787,1762
1270,3116
0,558
3535,0
7606,5116
1569,9991
7203,5288
0,4813
6578,0
1585,0
4686,2072
2686,326
361,7946
0,5378
1964,0
3286,7752
5788,0
869,0
0,4404
2730,2723
9521,0
0,6724
9588,536
1538,6167
2215,3123
8489,6902
5196,1176
7229,5557
9123,1570
936,1088
5595,4223
8840,1384
8780,0
7439,3896
4114,0
6619,3635
4470,9334
360,4059
9871,1898
226,0
5022,8716
8989,0
9892,6218
5777,9016
0,6714
104,3385
937,8945
4769,0
8655,2209
3615,2769
2379,0
6405,6850
9570,0
0,9441
8665,1136
1528,0
0,517
0,9745
6736,9685
8761,4525
0,8865
7910,7337
7811,0
7055,6466
4889,671
9236,0
0,5641
4119,476
2408,5029
9917,1074
6165,1446
4762,6018
0,8670
5763,8700
8355,4524
0,4755
3390,0
2092,1201
0,9148
7668,0
9819,6904
5975,725
2546,95
1202,0
0,1120
6028,1290
0,791
7308,4530
9461,0
3231,7817
7596,0
2572,0
7595,0
2189,1412
0,9857
0,3632
6761,6094
0,9307
6189,0
0,1313
6681,291
2604,9247
1082,9912
3778,544
2984,7010
8361,581
0,933
1569,1063
5598,3758
2475,9411
3616,2594
3044,0
8688,0
9686,4877
2964,3948
6191,9645
4240,0
8893,5322
8708,2672
0,1692
0,4228
2274,0
5161,3843
0,760
0,6690
171,1219
9284,3216
1597,7972
620,0
2849,3584
5232,9040
3230,9472
7836,2124
4795,6544
4796,662
8237,4479
4890,511
7630,0
4355,1845
812,1957
8535,984
3177,0
0,4774
0,4821
0,8641
0,1290
7682,0
763,5518
3760,0
2062,8557
6221,299
0,1112
810,668
0,5166
2513,1977
7123,1049
0,301
0,7163
5075,4660
1984,1133
0,389
2424,984
2025,0
0,5786
0,8564
4343,4969
8864,7381
0,9675
8049,7247
4841,0
0,1965
1612,2187
0,480
9350,7342
5141,0
8475,8443
1724,900
0,3750
0,5930
9536,2836
4494,3880
7806,3359
1261,3888
3034,9311
1136,0
9874,361
9841,1486
2549,2108
1967,1899
9450,7108
3234,7926
0,4959
8826,4979
8709,2915
909,8246
5752,0
2127,3559
8764,3389
7448,1798
2700,0
