7000 4
0,2191,0,386
2298,759,0,141
1272,617,0,266
0,2009,0,484
2134,805,389,0
986,0,0,91
0,714,389,94
1818,713,0,0
0,500,524,149
0,548,0,148
0,0,0,56
643,258,0,92
0,717,441,0
0,0,0,135
0,117,36,0
0,0,289,0
3044,1666,371,443
367,0,80,37
2258,0,378,176
693,229,0,54
2942,0,0,0
0,386,339,98
1786,0,141,285
0,565,230,227
913,0,0,0
0,199,0,0
0,146,146,54
0,1518,1257,0
989,247,93,123
2477,949,644,186
167,0,54,8
2699,0,0,253
2910,0,0,663
0,206,199,54
462,214,78,19
0,0,890,0
0,0,414,0
0,0,0,279
649,0,108,0
2179,0,714,0
0,0,536,551
265,0,54,14
326,101,0,0
0,0,343,77
2003,874,267,355
1103,0,350,0
315,90,21,36
0,0,60,133
2761,999,565,407
229,0,32,23
0,0,1463,0
0,1651,350,0
1119,347,0,0
186,60,37,0
933,287,246,94
398,0,0,37
0,913,478,134
0,426,0,102
0,0,0,284
0,449,0,142
0,0,552,73
830,189,0,0
0,141,0,0
0,231,217,0
0,0,106,0
361,0,0,0
0,0,1055,0
0,0,0,97
0,0,33,0
0,216,0,25
0,455,374,0
0,0,374,396
1782,0,0,167
0,0,37,0
538,0,181,0
0,0,0,24
1754,0,439,124
1555,0,206,148
0,0,0,65
0,0,0,47
2922,1652,188,0
556,239,0,0
2591,1400,0,0
1910,593,619,165
0,0,0,183
0,1771,0,315
0,0,285,32
2339,1134,179,469
0,747,977,246
500,210,0,30
170,0,0,0
421,124,121,0
48,9,7,0
0,0,380,264
2499,0,515,136
0,186,103,47
547,0,155,0
0,0,0,13
2599,944,915,0
2922,1015,906,150
2745,0,315,383
0,1338,306,265
1019,0,174,33
0,197,0,0
2648,0,310,323
3227,1961,717,250
0,128,0,33
1727,0,0,159
0,1389,221,324
2863,1142,0,548
2661,1583,406,200
2958,0,204,0
2920,0,202,303
1405,433,0,0
1356,425,380,67
0,728,735,156
400,0,0,0
1424,0,182,351
1216,0,397,38
967,629,0,206
1165,588,143,171
3238,0,351,448
0,1684,684,326
2483,0,277,0
0,0,69,0
433,0,0,47
0,629,488,84
2747,1949,912,264
1376,299,244,0
1074,319,0,112
340,0,0,35
0,1093,247,319
453,0,0,81
0,2170,0,557
0,0,199,40
0,0,0,59
2239,1021,553,159
1776,769,179,0
1238,586,128,137
0,2450,0,0
2521,1048,0,0
465,156,0,0
876,0,87,0
57,0,18,0
882,0,0,0
0,0,89,161
340,0,0,52
0,56,94,27
0,0,254,99
1639,594,147,0
1888,826,572,0
108,0,33,0
1270,284,236,75
1081,593,107,154
0,775,370,0
2427,0,0,0
0,0,235,433
952,0,0,76
0,0,549,105
2820,1453,315,213
0,0,441,182
2632,0,0,0
0,166,77,107
3031,0,0,243
401,170,0,30
1078,321,285,90
445,165,0,18
0,0,0,16
1469,604,0,0
0,127,0,0
1136,503,110,103
0,1675,0,0
2797,0,0,163
424,196,61,0
2668,0,219,420
2280,0,0,0
702,283,0,79
0,0,92,39
2529,0,630,0
2131,0,0,314
467,0,0,0
380,242,0,40
802,182,69,0
775,174,67,93
0,841,600,0
1439,364,0,67
0,143,94,0
1667,0,0,0
0,340,177,80
508,161,0,30
1424,517,137,0
797,285,182,0
232,112,39,10
754,0,140,41
0,808,631,108
3378,928,0,0
1783,648,194,0
0,56,0,0
2279,415,687,97
139,65,31,7
792,0,59,0
1372,0,408,0
2132,0,0,0
753,0,164,45
2177,0,0,0
0,0,0,201
0,0,0,101
0,0,330,0
1055,279,328,0
1141,539,123,0
2513,1455,173,381
2052,1109,0,181
0,0,196,0
0,48,0,0
0,370,0,0
0,0,0,186
133,0,0,0
1030,435,216,17
2589,943,152,650
1870,803,198,286
2563,0,459,259
1755,411,403,119
0,463,380,130
0,1138,0,198
339,0,0,0
0,0,301,40
2787,1015,585,121
0,0,115,109
1059,418,253,80
2592,0,273,311
2661,0,0,0
0,0,344,85
2577,0,0,161
0,1302,407,229
0,283,30,47
2341,804,0,145
0,1456,344,534
2129,851,0,0
1668,721,246,46
0,10,20,2
0,0,0,287
1983,780,0,0
2756,0,904,0
87,0,0,5
3134,1677,613,0
0,119,0,30
0,0,0,207
2590,0,0,403
851,366,262,0
0,116,77,0
0,1461,432,0
0,0,0,226
0,602,0,0
1579,444,0,0
905,269,0,0
674,175,197,43
949,246,350,0
2056,557,0,0
0,0,0,51
2554,889,490,0
214,99,0,22
1581,803,0,235
785,242,114,77
1161,0,0,0
0,371,0,0
1131,0,0,78
0,148,43,0
425,0,0,36
0,0,126,134
0,0,456,84
0,85,92,0
0,485,0,340
223,86,0,0
0,2275,1383,413
704,174,145,73
2388,0,0,0
126,0,0,0
0,0,0,615
0,0,0,48
1026,418,0,90
0,0,496,496
105,0,0,3
1704,0,0,0
0,97,43,0
1449,503,0,173
0,0,553,139
76,19,0,0
0,543,176,0
2945,0,237,492
0,177,32,0
0,172,0,0
2709,0,234,247
1646,700,294,0
1468,0,125,246
0,1757,0,0
454,72,130,12
279,0,0,13
0,658,132,122
0,0,299,372
0,0,520,63
0,1590,320,255
0,600,137,0
2835,1000,354,428
0,0,0,33
0,1479,1246,0
165,90,49,3
339,0,27,0
0,502,0,83
2351,0,660,0
130,36,0,0
268,92,70,19
2198,685,0,0
0,272,0,42
0,1126,0,351
0,0,0,104
0,0,0,17
1644,688,220,0
0,914,0,203
504,0,0,0
1474,515,0,163
278,81,16,0
0,83,0,0
0,273,179,21
737,350,54,73
2598,0,0,0
1411,0,497,0
153,126,0,16
1144,479,209,0
2975,0,0,121
0,1549,878,92
1527,0,0,0
2900,1154,265,0
1891,0,0,306
2558,0,300,0
0,677,249,0
1745,400,627,82
0,752,0,217
0,0,40,0
0,1239,0,0
2150,0,357,0
584,115,82,0
967,341,0,47
0,0,234,44
0,1032,0,155
333,0,0,16
2363,1366,0,217
0,655,219,0
0,309,453,0
2823,1448,0,0
2373,0,0,0
0,275,311,72
948,284,0,0
3328,0,965,315
242,0,74,15
0,422,135,0
1134,383,110,0
0,1574,273,0
2407,0,793,0
2995,1722,209,596
943,477,0,77
0,0,0,457
650,307,0,53
0,0,28,9
0,164,200,0
2557,0,0,330
1326,0,381,0
1482,669,0,25
0,240,44,193
0,796,379,0
0,564,0,0
1650,492,376,0
790,278,0,0
1943,0,187,0
1327,0,355,60
2998,1280,697,0
773,176,224,80
2913,0,358,341
2435,957,507,119
222,0,0,10
185,0,41,8
1976,876,554,0
930,487,240,62
2662,866,1025,203
1224,0,264,67
617,223,0,22
2338,1101,341,155
2809,1218,893,97
2793,1641,376,362
3167,1787,417,0
0,718,0,0
0,798,0,324
136,77,36,3
1393,346,415,94
260,0,0,26
1133,298,0,68
1091,619,0,0
0,747,137,140
2512,0,0,106
0,0,0,19
0,102,38,30
2716,1461,720,0
562,0,251,18
0,903,159,240
1935,1039,0,107
533,0,107,0
0,1416,0,366
195,83,0,7
0,1296,652,322
0,561,0,0
1277,697,80,0
1136,0,78,0
1760,411,0,182
795,332,0,52
1114,0,285,50
989,0,0,0
1224,285,130,0
2442,687,641,0
162,0,27,8
0,678,143,275
1083,0,306,85
0,689,0,195
2410,1179,416,205
891,0,0,0
0,0,117,0
0,681,264,372
608,0,66,0
0,0,551,0
2947,646,270,0
625,0,0,115
2409,0,0,220
2643,0,631,181
237,96,24,21
875,390,0,104
49,21,16,0
2487,0,0,295
0,0,0,294
0,662,548,103
2037,0,195,0
1888,818,697,0
0,1564,587,144
552,159,95,0
0,400,293,0
0,104,0,0
0,0,0,47
856,0,240,63
1772,689,0,148
1626,0,526,68
2688,1790,675,133
1682,0,296,0
0,0,0,104
0,1770,695,306
0,0,74,0
1324,601,187,0
1782,597,353,133
0,1323,293,0
0,1268,0,0
2598,843,273,473
0,155,72,20
456,0,0,49
592,0,0,0
2705,1895,454,0
1283,397,0,57
0,0,201,0
1639,634,293,124
0,527,0,0
289,157,59,0
945,361,261,0
3364,0,0,158
0,513,0,0
1363,0,440,89
1568,0,0,0
1223,457,115,212
0,879,0,0
0,1176,0,0
2224,0,210,0
345,0,0,0
0,0,129,155
2081,321,0,0
1033,255,229,85
1196,559,141,0
0,467,611,104
1055,0,0,0
2847,0,828,195
0,537,0,105
2419,0,678,0
0,0,0,46
1065,0,296,80
2709,1042,0,0
0,0,51,0
0,2075,582,0
0,174,47,39
2050,0,669,154
0,0,92,0
0,159,0,0
562,0,0,0
552,224,47,56
1025,401,0,33
496,171,0,0
228,131,0,4
2506,1083,1072,89
2500,1083,0,89
0,0,0,62
2798,1861,0,205
2031,1387,662,140
0,0,183,260
1492,0,389,67
0,116,0,0
0,663,0,0
93,60,0,3
137,0,0,3
1262,485,341,0
1958,791,0,152
1586,748,0,243
0,0,636,0
1960,0,0,108
0,397,255,0
0,35,9,0
0,1043,204,0
0,0,0,99
1949,0,449,119
516,201,0,60
0,188,142,0
0,0,0,4
889,379,173,0
0,0,687,223
996,0,0,41
2200,1033,458,53
2117,0,98,0
1384,0,0,208
533,166,0,43
2018,631,615,112
209,58,25,0
0,0,828,142
1594,0,474,95
1966,0,554,158
2190,800,0,0
1051,0,223,0
337,70,80,0
0,0,0,196
0,1116,701,0
0,0,32,0
0,0,606,0
2135,0,317,0
0,312,0,13
2880,1557,0,328
0,1698,457,0
0,0,149,160
2005,0,234,238
0,231,0,21
1051,404,0,117
0,269,71,23
1249,638,0,0
0,301,211,288
1751,665,0,103
1075,0,0,39
0,2125,0,337
997,0,0,83
587,359,0,27
3130,1753,0,172
1535,599,0,120
1425,0,184,0
0,180,0,32
1216,403,0,254
0,1210,934,245
678,0,51,0
1657,0,428,0
152,0,24,0
0,0,0,51
0,539,0,0
0,0,190,459
3333,0,0,492
0,109,41,0
0,1343,0,211
867,224,101,132
556,124,0,88
1930,762,0,292
0,974,306,0
1426,0,119,90
1055,620,0,111
986,0,81,0
924,0,76,127
1421,0,98,232
158,63,50,0
24,0,15,0
2265,0,801,269
1914,0,0,225
0,322,50,0
449,0,0,0
2775,0,610,0
1646,686,0,0
1377,566,0,0
3024,0,0,446
1979,745,264,339
571,0,0,34
1878,0,175,174
0,56,59,0
2653,1448,0,0
363,0,0,0
798,303,99,54
0,0,495,98
1594,549,0,0
1236,491,0,129
2072,759,247,0
0,686,249,391
1370,416,0,0
0,323,0,0
1653,0,174,117
1032,0,0,0
621,250,0,0
835,0,0,0
702,215,105,49
937,509,0,73
3215,0,1078,351
0,748,122,285
0,609,216,65
334,82,0,83
0,1959,0,273
0,820,555,0
0,136,49,11
220,68,48,10
606,204,0,137
88,34,0,5
0,9,0,2
0,863,582,112
0,1623,511,141
1660,392,0,409
0,53,0,28
102,0,9,22
0,0,147,45
251,0,0,0
0,0,0,12
0,370,180,0
0,0,0,80
955,295,0,142
2582,0,268,0
1945,0,353,0
887,271,0,129
2050,0,212,306
805,372,0,0
2857,2232,0,0
3067,1879,0,263
1017,345,250,0
1382,0,0,0
0,476,0,66
0,0,116,149
1853,432,510,172
2163,0,400,254
0,1322,332,0
2325,0,0,190
0,163,0,0
3246,0,0,149
1765,920,442,126
0,620,652,132
0,847,577,102
0,257,0,0
2884,0,294,0
2851,1746,830,0
1299,0,155,130
0,0,0,48
38,0,5,7
2765,1557,847,190
2870,1484,738,267
0,1088,636,0
0,50,11,0
1042,0,108,145
0,1672,0,268
2155,0,383,161
626,0,91,0
0,664,642,0
868,306,0,47
0,0,715,0
57,24,10,0
0,182,32,108
0,0,145,44
566,179,119,0
2119,0,0,173
2107,1144,0,0
2041,0,178,335
0,735,332,114
727,0,0,0
293,91,37,34
694,0,0,44
1760,697,148,292
0,691,289,0
940,469,202,47
0,834,129,232
1277,475,372,0
0,757,297,174
0,16,0,0
2557,1414,209,356
2900,1949,164,259
0,671,373,81
406,0,0,0
2779,0,239,553
611,0,0,0
260,88,0,14
0,0,373,131
1969,0,0,0
0,934,0,155
818,0,250,0
107,0,0,2
2813,1234,214,0
1929,723,0,260
0,0,159,0
0,390,0,0
0,692,0,147
0,0,0,121
547,0,108,30
463,127,0,21
929,373,70,103
0,1862,1288,0
1748,816,539,0
0,454,352,88
0,0,179,0
1795,610,552,79
2423,1060,802,0
0,0,0,45
643,0,111,46
109,25,21,18
1538,0,357,88
2473,0,0,378
0,504,101,0
698,0,131,43
0,224,0,0
2172,0,666,145
1323,517,0,0
277,121,52,33
0,0,172,0
1996,0,678,57
0,2021,0,458
0,121,36,0
0,280,49,56
0,0,106,111
0,1173,0,296
663,351,90,70
1859,0,0,0
1222,452,0,132
849,495,0,32
1820,0,0,0
2644,0,955,0
0,733,294,453
384,0,0,54
1104,0,0,0
1003,440,0,0
0,0,279,30
866,0,335,0
2231,1000,654,0
561,0,156,10
38,19,0,1
1584,0,179,294
611,0,125,0
0,1144,1035,203
2961,1435,463,0
1641,0,180,0
0,0,0,317
434,211,0,34
815,514,0,40
2731,0,227,214
86,0,0,8
1466,0,102,0
3157,1903,1025,431
1219,422,216,79
413,0,0,44
0,0,45,15
1662,0,0,0
746,0,0,69
499,79,104,49
0,53,0,0
0,102,83,0
0,309,177,53
2132,0,0,204
2839,0,354,281
0,0,145,154
0,645,155,0
245,96,0,17
0,623,141,179
1611,308,475,87
1301,0,370,0
310,57,105,0
0,388,238,0
0,533,259,103
0,28,0,4
0,435,281,50
0,640,0,356
734,0,0,61
1332,0,238,104
332,0,45,25
0,264,302,48
0,69,98,18
0,195,204,30
2390,752,225,0
795,0,280,0
532,175,147,49
2517,1127,652,242
298,78,17,0
0,1868,373,339
0,0,631,0
0,892,0,74
0,0,0,324
1828,614,344,0
0,0,0,92
282,0,56,22
1264,0,0,75
2802,0,564,357
0,0,274,374
108,0,18,5
2723,0,0,0
2954,2244,301,0
1110,653,96,103
576,286,71,81
0,570,214,0
0,0,354,0
431,0,40,63
0,232,68,0
1398,303,391,0
205,76,59,14
1456,453,310,65
463,0,45,42
3105,1789,0,143
0,1421,0,0
1023,0,206,56
81,0,10,0
1050,339,102,141
0,0,164,0
1618,547,431,0
1967,976,0,325
113,0,0,5
0,768,0,0
1086,0,0,74
2742,1380,738,0
1070,374,178,85
0,727,0,0
1819,751,202,177
2779,0,0,0
0,650,0,163
2171,0,747,151
0,1131,347,152
2667,0,548,0
0,45,0,37
1604,0,430,88
2627,0,702,0
0,0,0,32
0,331,0,43
0,1253,0,0
997,376,0,0
1346,0,0,0
0,420,113,132
398,114,0,0
496,111,0,0
465,0,93,32
2498,0,266,121
0,2031,0,147
0,148,0,39
0,0,520,0
637,0,141,0
2552,1715,864,283
1242,0,85,253
0,83,39,33
0,610,409,0
0,219,184,31
0,391,0,0
0,691,0,121
1979,1058,0,331
1434,786,125,249
0,272,37,0
1393,787,74,0
2941,1660,0,0
0,523,0,71
0,0,0,140
0,778,170,291
323,0,32,24
1885,0,429,0
0,1520,0,0
2411,1304,0,0
0,0,444,0
153,80,0,0
0,507,0,57
3064,1260,0,1099
1207,397,0,0
1917,568,608,136
759,0,109,58
0,0,108,0
1598,0,385,122
1218,0,233,213
1763,818,513,132
0,0,254,53
914,448,259,0
1781,1039,577,74
756,0,225,0
2179,0,0,104
1219,386,0,97
1900,683,0,0
0,0,242,0
723,0,167,35
0,1623,503,0
479,0,0,52
2158,0,0,0
0,456,0,115
0,0,96,0
527,222,61,0
334,0,42,0
1650,0,206,121
0,0,0,13
3111,0,295,395
1479,527,146,0
125,56,0,0
2825,0,301,0
831,300,0,0
0,518,171,0
1195,592,0,72
2753,1338,0,429
0,1074,604,176
2641,0,572,137
771,0,55,0
1570,0,119,176
0,1056,0,0
2406,0,0,0
1998,538,382,0
0,0,0,158
0,0,0,321
969,0,177,0
2764,927,0,125
161,0,0,0
0,502,294,0
0,225,0,243
2642,1134,454,135
2027,0,0,172
2498,1338,0,144
0,1941,0,529
0,0,0,214
883,0,0,0
2022,0,405,126
0,911,0,284
2915,1524,609,0
2370,1401,291,0
0,1561,177,0
0,2034,0,371
0,362,191,87
0,1118,0,322
2864,0,197,671
560,0,115,40
0,38,28,0
0,312,197,0
0,1277,0,0
2330,908,456,279
1816,0,0,268
502,0,120,51
869,0,0,139
0,0,852,0
2286,0,216,302
0,56,0,2
0,203,114,46
0,0,328,0
2815,1286,214,216
2316,0,301,237
1701,0,155,0
0,754,516,0
272,0,0,0
2499,626,0,320
0,0,27,0
0,0,165,150
0,36,13,3
0,1781,0,0
0,233,0,0
523,0,73,0
0,124,0,47
0,75,0,0
1535,0,0,0
904,362,0,84
0,722,0,221
0,0,507,0
0,427,156,80
826,225,0,63
0,0,246,0
0,1903,516,0
0,83,0,0
0,76,0,0
0,0,693,149
776,316,125,77
1782,0,0,121
2306,1559,471,0
0,410,100,210
2314,1287,578,0
722,0,185,53
0,0,380,142
0,0,576,0
431,0,96,0
0,308,185,65
580,155,0,36
419,153,87,0
0,0,172,0
27,10,0,0
2585,0,238,283
2122,1055,0,293
0,0,0,312
1106,334,138,145
869,0,0,0
2934,0,403,0
0,55,62,0
1254,0,242,0
0,441,0,85
459,0,0,0
0,1334,773,0
0,0,0,250
1581,538,0,0
1116,333,107,0
0,523,94,0
1853,0,496,144
3183,1859,896,129
1403,406,380,0
1061,473,0,0
0,479,138,0
0,198,0,0
0,528,89,162
0,585,320,0
923,0,58,159
2938,1951,719,198
1286,0,270,0
0,585,602,173
1938,0,0,157
2686,0,566,273
325,121,0,0
2125,0,450,146
2771,588,0,164
278,0,72,11
1545,438,0,67
1839,702,515,178
2798,0,775,231
2052,0,0,106
1910,0,0,155
2945,1549,493,0
0,190,0,0
451,186,105,0
0,382,312,0
1324,403,0,56
2131,1210,0,0
1392,802,373,122
0,0,179,62
2123,0,0,417
0,0,33,0
803,225,0,0
2763,0,0,602
708,0,212,83
0,0,0,33
445,0,86,0
964,589,78,0
0,0,40,0
2744,1350,704,0
0,422,50,0
0,0,0,65
2204,0,448,225
2802,1820,591,93
0,0,290,149
1549,629,104,254
633,378,36,0
2046,1042,513,0
811,0,178,57
2510,1634,0,0
0,1446,229,642
0,1223,0,0
0,1203,0,254
2193,763,0,0
1213,444,321,118
980,319,265,0
1270,0,109,144
541,327,0,0
577,228,0,94
0,0,560,0
0,0,0,19
0,0,441,0
1918,942,0,0
1661,0,0,98
2710,0,770,0
1917,0,526,62
2670,0,0,192
0,731,0,0
0,1334,0,0
0,0,225,0
1303,0,228,98
1860,639,166,250
1636,0,316,123
0,579,0,84
0,87,0,0
0,391,0,0
135,0,14,0
1988,819,245,93
2677,0,256,363
809,324,79,92
736,309,76,85
442,198,54,0
446,146,45,0
2754,0,0,0
3029,0,0,515
0,0,358,109
0,55,34,12
0,0,89,116
2399,561,429,247
2422,712,287,607
0,194,0,0
0,0,91,0
1092,440,276,55
0,0,386,0
0,0,187,0
225,59,70,6
328,0,97,18
0,1816,0,397
2582,1714,0,0
0,0,121,36
1374,0,99,126
0,349,0,39
1447,0,0,72
2623,0,0,362
1286,558,0,0
0,14,14,0
298,0,0,0
2054,0,0,344
2820,1106,176,618
2539,1145,607,98
0,1061,427,0
313,0,0,0
0,924,400,0
1112,335,74,200
3239,1741,895,0
2593,1747,258,0
1146,406,0,0
757,0,75,37
0,657,193,188
2215,1290,289,234
2479,0,0,0
0,0,175,233
0,0,298,0
363,102,0,12
1095,0,84,140
1360,561,0,113
657,208,0,58
580,0,0,49
0,1230,0,192
655,0,0,56
2919,1547,0,117
672,301,0,52
2925,1646,613,111
2415,763,245,0
1845,0,0,190
1184,597,187,0
661,0,0,75
0,0,336,332
1960,857,636,117
0,626,0,283
0,595,292,0
528,0,155,25
0,0,83,60
3417,0,509,322
1686,626,0,385
0,0,170,0
817,374,119,47
964,314,243,28
2075,1454,383,0
0,15,0,0
1427,371,0,81
458,71,0,0
0,0,261,129
2874,0,0,0
911,320,87,167
279,96,62,10
0,728,163,295
2287,1153,0,580
248,60,0,28
1112,0,0,169
0,0,52,99
476,0,0,70
1638,0,264,132
0,109,67,0
0,57,29,6
129,0,38,9
0,2221,419,260
1506,672,0,108
1579,0,419,72
1077,422,307,0
2710,1179,0,218
2616,0,0,0
0,502,0,249
1934,641,328,0
1584,595,0,205
2309,889,561,168
2931,0,0,98
0,377,0,122
1411,0,104,307
2270,1094,0,0
0,562,0,0
1750,677,0,0
624,0,51,118
1114,0,108,174
159,23,50,0
2434,0,0,394
1108,0,0,65
1643,582,468,0
2615,1486,363,291
2324,919,362,312
1371,798,0,317
0,0,518,346
2311,0,0,341
2046,1096,435,226
2639,0,0,122
0,524,0,0
0,0,18,46
207,0,0,11
199,0,0,0
654,308,120,0
0,0,33,0
247,0,24,0
0,0,551,0
0,0,410,157
1065,335,232,88
100,30,0,9
0,1024,0,0
2228,567,0,0
2670,1122,665,237
483,154,0,27
1086,0,377,27
1686,642,134,0
1829,0,0,0
2186,637,0,159
0,555,154,0
2162,999,575,0
1469,663,0,0
0,552,67,199
2730,1234,525,219
0,443,0,63
0,165,0,30
168,72,0,20
153,93,26,10
680,205,48,84
1645,0,359,0
0,0,0,360
3194,2012,502,139
0,0,418,135
0,604,196,0
1406,0,168,0
0,1266,0,0
2111,994,0,159
149,59,0,0
1109,0,110,149
493,165,49,80
616,0,61,0
2473,870,0,252
1317,476,194,0
0,0,391,0
0,0,211,299
0,0,356,0
0,0,0,11
597,0,0,0
0,0,583,344
3175,1293,545,0
1822,0,481,105
2116,0,0,0
372,103,85,44
1744,0,0,0
611,231,0,0
1044,0,0,0
2128,0,634,161
2865,0,353,257
0,215,132,10
0,0,268,114
586,235,138,27
2309,1269,391,249
527,167,0,0
0,1530,852,0
2055,1326,231,285
2378,1279,156,372
0,0,193,357
2317,0,297,232
2620,1967,287,231
2790,1345,0,284
1264,603,0,81
0,968,143,273
123,0,0,0
1426,300,202,0
0,588,0,0
1796,689,0,0
0,206,0,0
0,0,0,149
0,119,84,16
0,681,369,0
2902,0,433,0
0,601,68,0
0,83,21,0
0,39,0,18
0,0,28,0
562,0,183,0
1083,326,223,0
271,188,64,0
3028,1827,435,0
0,0,96,30
0,0,0,40
0,0,321,432
0,885,0,180
0,42,0,0
2677,1818,0,225
0,1196,586,356
0,955,0,164
0,0,0,541
121,15,14,8
1468,659,391,0
2946,0,633,250
2016,838,0,0
1037,0,214,0
0,380,0,46
0,832,108,0
2467,0,653,0
1979,0,0,0
0,0,65,0
2319,0,161,188
595,0,0,67
1724,913,0,121
0,1276,624,236
0,0,140,238
1988,884,0,0
0,895,531,86
0,0,394,63
0,207,137,23
1035,0,79,60
2060,1037,421,0
1603,229,356,97
0,0,561,0
2498,881,0,667
1609,790,196,148
2090,899,155,0
0,682,0,0
118,37,5,0
2189,832,629,0
1392,595,82,187
552,235,38,75
1132,505,245,0
0,52,0,13
0,993,226,509
575,0,0,31
2664,1396,178,0
1182,0,103,0
1124,0,305,0
607,0,133,42
999,222,188,0
1093,172,290,0
0,874,149,419
0,520,0,0
0,0,559,188
1056,0,84,157
0,150,27,45
2539,1288,581,0
2100,0,441,100
3015,0,0,433
2789,0,0,319
202,57,42,8
1952,713,105,0
0,230,0,0
0,0,392,187
2796,1517,0,0
0,335,186,0
1699,0,423,0
2914,1200,786,262
0,945,0,0
1892,1030,0,276
310,0,0,20
0,422,470,0
1433,464,0,54
0,23,17,4
412,117,0,24
2086,1009,422,0
1844,0,152,252
1696,0,0,395
723,0,52,0
194,57,0,18
2257,894,187,0
0,527,395,65
0,843,473,91
2472,1852,608,0
0,196,0,0
412,0,0,0
65,25,12,0
0,0,0,127
2937,0,410,0
1517,0,322,109
2027,0,0,0
0,225,454,79
0,59,18,0
2991,1447,751,0
1900,0,364,213
1934,0,0,215
0,0,22,10
504,220,137,0
783,377,0,0
0,0,0,171
104,27,15,0
2040,779,507,114
0,375,207,0
0,81,0,0
0,337,193,57
1036,434,180,65
1694,0,312,142
2861,1833,469,282
550,0,0,23
0,143,108,0
237,49,66,18
821,0,0,0
650,155,103,73
0,312,0,0
764,207,178,37
0,0,0,13
617,250,64,0
0,0,401,0
1986,996,0,0
0,0,168,457
0,57,16,0
0,287,163,0
2671,0,0,179
150,44,18,0
0,0,261,384
3398,0,0,142
837,0,0,139
2590,0,0,0
0,392,0,0
335,95,100,0
0,354,0,204
237,67,0,0
0,0,0,338
0,723,0,0
0,0,88,17
0,0,0,43
523,123,122,24
345,0,86,11
1204,0,61,0
0,529,256,0
0,262,192,0
0,705,0,170
0,1440,0,652
0,0,439,0
0,34,24,3
0,780,372,127
899,280,177,89
807,212,180,41
0,0,221,276
0,0,229,28
617,308,83,61
369,145,0,57
637,0,0,40
1131,0,348,0
0,0,186,555
145,0,35,0
338,0,0,15
1040,0,118,0
3044,1469,565,0
1186,0,295,68
1229,769,322,0
946,489,287,49
0,1414,721,0
651,323,0,49
0,483,611,59
0,488,0,0
0,0,0,162
2214,0,762,134
2358,1073,236,284
0,644,0,0
1740,486,294,149
3049,0,0,0
1447,0,109,0
858,211,182,46
2042,0,0,0
1446,634,117,0
0,0,69,0
1938,940,0,0
1755,827,210,0
2610,857,0,424
0,0,0,229
607,219,0,0
115,0,27,0
1989,815,493,126
0,144,48,32
1075,375,198,56
1861,0,150,0
1965,694,0,0
0,109,75,15
266,54,40,19
1013,0,182,52
0,716,0,0
2876,0,0,0
2732,1674,0,0
0,357,308,38
1521,0,227,0
0,539,0,75
493,0,0,38
0,454,134,58
692,0,90,0
0,0,0,9
0,0,13,0
70,33,27,3
2554,0,0,0
2048,791,214,251
1202,0,0,67
1811,0,0,409
0,1206,0,0
304,123,0,0
277,0,0,14
558,0,119,29
599,208,155,49
2982,1867,0,0
1885,936,0,239
0,1326,0,185
532,184,0,28
683,0,105,0
0,338,0,0
1964,0,0,96
1855,0,0,0
0,0,59,70
0,0,62,66
0,1002,0,0
0,814,97,242
0,0,0,9
2055,0,277,0
2331,981,0,0
883,0,137,0
0,0,688,0
1554,242,408,77
2465,0,0,0
0,369,221,0
551,163,0,0
782,212,206,0
0,90,86,17
275,0,0,15
2148,0,274,315
0,775,611,0
0,1146,0,154
2081,0,260,0
2323,0,0,0
1161,0,0,73
2491,0,197,397
1206,932,235,0
0,18,0,0
1433,0,0,0
0,351,462,112
309,112,39,22
1266,542,85,0
0,184,96,13
0,248,238,39
369,0,104,11
2421,1542,491,263
0,0,58,0
0,261,180,0
1248,612,137,0
494,226,42,67
0,0,103,290
1447,477,0,0
0,0,0,89
0,1309,157,201
0,0,984,126
1124,534,0,0
1255,601,0,61
1130,350,301,0
2783,0,0,0
956,173,216,86
0,0,304,0
0,83,0,34
140,0,0,3
0,230,228,0
2302,1046,616,0
1058,237,0,36
0,313,183,0
0,0,69,0
2196,848,0,175
1155,0,150,0
0,750,122,0
0,758,128,373
1309,492,179,0
1216,493,319,0
0,1621,501,216
0,64,0,17
0,951,0,0
2907,0,0,829
2053,1097,0,255
992,0,201,0
0,160,0,23
0,1296,353,301
0,0,344,142
1164,0,309,0
491,156,0,22
1658,0,0,0
622,268,177,20
0,0,43,17
1345,402,404,138
780,229,232,0
1507,0,403,97
770,0,147,0
0,1346,456,291
2207,0,326,195
995,0,240,58
2262,0,324,192
0,102,0,37
2871,1119,0,0
2602,0,0,0
0,528,0,0
0,633,225,0
879,346,0,52
1885,674,568,111
0,0,29,102
2586,1269,799,219
0,441,190,0
0,808,165,278
3023,898,779,115
1187,442,0,0
2252,942,422,186
505,163,119,24
130,40,30,0
375,0,89,0
381,0,53,0
1559,668,121,0
0,504,0,0
0,0,76,0
0,618,0,64
0,1591,0,0
809,350,0,70
792,341,0,68
1128,288,260,49
0,162,0,0
642,0,55,0
2914,1370,710,197
2879,0,599,0
0,426,404,115
0,0,205,0
0,66,69,24
1817,698,358,131
171,74,47,5
1666,0,0,0
0,207,186,44
2459,0,827,141
820,0,200,61
0,0,33,4
2740,1756,0,231
0,152,77,29
0,0,35,0
0,63,31,0
2331,0,0,168
1528,532,281,0
0,95,44,0
1607,840,0,280
0,806,0,432
0,411,145,245
1002,395,150,0
855,0,219,0
2601,0,856,0
0,101,17,21
0,0,0,145
0,0,0,455
2862,0,871,234
2284,912,635,0
0,476,255,0
0,233,154,32
0,243,101,0
1139,329,0,97
1624,395,0,311
0,1437,354,228
0,0,155,0
0,0,0,233
515,225,68,52
0,413,485,46
722,272,84,78
2428,0,230,397
0,615,141,0
0,321,0,159
39,0,9,3
0,158,0,110
321,95,0,41
1708,0,194,0
521,194,72,0
0,1854,328,0
520,0,0,0
0,383,375,33
0,366,0,50
712,0,0,31
0,142,91,19
2474,1598,225,0
0,247,65,31
1830,0,0,195
0,0,117,0
63,15,0,0
0,195,0,32
0,0,0,199
727,172,0,126
0,0,282,117
1290,634,0,0
1978,798,115,439
626,0,105,30
2552,0,343,0
0,0,17,10
0,0,0,262
0,1109,0,569
346,147,38,0
0,0,136,0
0,0,0,64
0,0,11,0
1822,0,236,134
1970,1033,399,0
0,1717,0,0
1452,0,0,0
2900,2330,469,358
1380,663,406,193
1712,0,156,333
0,646,0,0
2009,692,464,129
0,1049,582,254
1734,579,409,0
0,0,796,520
3025,0,373,288
472,168,0,17
782,348,50,44
0,0,332,0
0,0,0,194
785,0,0,29
317,0,80,13
1249,324,137,0
1327,381,116,303
2962,0,0,198
688,0,86,0
0,144,0,0
2570,0,0,133
2494,950,205,478
0,0,17,17
957,0,129,67
0,218,56,0
2573,0,0,0
0,0,156,0
0,471,484,0
2387,739,0,482
0,5,0,0
354,166,0,22
2449,0,235,254
0,2418,0,0
2665,896,0,0
2079,925,0,326
0,455,188,0
413,90,101,45
2525,969,649,90
0,628,235,0
0,191,28,78
1034,0,0,200
0,0,88,34
521,346,70,0
1059,0,250,0
0,80,0,11
2870,0,464,0
2683,1727,0,309
2020,572,137,0
0,664,120,0
0,0,0,226
267,0,77,10
0,1967,313,220
0,0,104,0
2768,0,230,748
667,0,0,0
0,0,338,283
0,0,172,239
994,0,0,0
1577,500,0,0
512,0,66,0
1571,0,0,116
0,0,0,62
0,808,0,413
1532,395,310,0
176,0,0,0
1721,455,0,0
1893,886,146,0
2920,1794,0,0
2073,1056,0,0
0,1178,491,875
1487,0,0,81
893,479,0,63
1761,0,0,187
2506,0,582,0
473,170,115,28
0,0,490,0
2667,0,394,0
2086,602,470,0
197,65,62,7
0,0,6,2
324,104,87,0
0,1422,0,149
0,318,0,51
2007,978,455,0
2009,0,0,0
0,788,0,372
1746,0,545,109
0,626,0,110
0,1458,295,321
0,48,0,14
133,48,18,0
2514,0,0,205
1238,324,122,269
2309,0,725,203
0,0,950,96
469,0,59,0
388,150,27,83
292,100,23,62
0,955,461,205
1425,757,0,81
0,1511,0,0
1294,572,199,0
1037,388,0,31
0,480,353,51
0,0,0,566
0,0,264,0
0,1277,476,0
0,0,175,95
0,759,445,0
870,259,0,33
0,697,228,61
0,1520,0,139
2686,1722,0,251
65,20,0,3
0,0,0,70
1730,0,282,252
743,0,266,34
1937,760,127,0
1936,895,341,217
0,576,172,0
197,81,51,0
1531,573,0,0
2402,1301,753,185
0,701,545,94
340,0,0,20
162,0,29,0
0,0,93,193
1007,387,0,0
3082,1665,922,296
0,1720,0,163
2945,0,0,246
0,0,171,0
2993,1563,911,0
1297,600,0,82
2624,1266,0,377
363,124,61,0
0,0,122,79
0,507,0,239
897,474,0,210
0,0,0,27
349,0,44,13
2648,1240,0,0
0,742,312,122
0,148,40,0
730,0,184,24
0,151,98,26
2556,1588,193,373
19,0,1,0
2493,0,306,0
0,0,0,138
1602,722,0,76
0,0,127,395
2734,2295,0,238
0,669,395,0
0,277,227,0
1324,644,0,284
612,244,92,55
0,37,0,13
0,0,197,0
45,16,8,0
2123,0,328,187
2507,0,340,0
2961,0,0,0
0,0,1000,0
0,0,554,0
200,75,13,0
0,0,0,464
0,0,339,62
1375,0,0,60
0,0,50,16
936,303,193,0
0,1160,275,166
1838,0,0,175
0,0,515,0
0,971,0,0
457,0,82,21
520,0,0,34
2401,804,291,697
2481,1212,525,138
1404,509,330,39
0,1148,0,155
2834,1598,0,0
2216,758,656,215
1232,0,0,173
0,287,58,0
81,33,3,0
245,0,18,11
0,385,0,0
0,0,230,171
0,0,0,25
1586,544,288,159
860,164,0,84
858,0,0,148
939,218,0,0
1610,0,392,51
1195,499,0,80
1120,498,323,0
1279,0,95,0
2923,1739,0,0
2616,0,217,0
1462,556,0,243
2258,0,0,369
0,473,92,160
0,0,314,0
0,109,0,0
45,17,9,2
0,702,0,0
2031,0,0,86
2062,701,0,0
2722,0,716,0
0,0,0,83
2101,1262,0,0
2539,0,0,581
0,0,153,51
972,0,0,45
2392,0,668,48
0,308,82,35
2555,1377,0,441
433,169,0,0
2290,0,385,0
756,300,124,0
143,11,26,0
1787,0,387,0
0,87,0,0
0,667,0,56
2924,2262,458,0
2535,1561,414,0
2873,1598,202,406
0,0,27,0
2249,1597,0,0
0,0,0,67
2091,1524,234,0
0,0,0,158
391,0,0,0
0,0,0,597
1182,0,103,94
0,1764,0,243
0,261,0,75
1673,621,0,0
825,241,159,0
0,22,0,1
0,0,190,0
0,308,0,73
0,0,186,0
0,1201,0,114
0,703,164,350
0,411,304,119
0,30,29,6
875,0,0,33
925,0,0,0
800,107,185,22
2448,1181,428,248
1565,0,0,0
2093,1051,252,325
1633,600,0,155
667,174,184,26
0,0,178,0
769,342,0,29
322,0,62,18
0,213,0,0
418,0,128,0
3144,2313,0,0
2449,1432,0,244
0,0,206,0
0,76,0,0
611,311,0,59
0,145,86,0
716,306,0,0
0,0,37,102
2559,1051,0,0
0,0,0,104
2091,798,647,0
1670,842,557,0
2018,714,179,0
0,0,0,121
2957,1941,1031,130
1523,443,67,354
1495,0,242,102
3001,1183,539,355
1170,774,0,0
0,112,74,0
1061,339,263,27
394,165,0,17
2853,1824,0,151
0,491,410,99
0,1046,378,816
0,28,0,0
2202,1211,536,0
2010,0,0,0
1119,438,166,102
0,1692,974,111
2452,1007,391,0
1259,486,0,0
2317,0,0,0
702,250,0,26
0,532,473,79
0,0,429,543
0,0,528,69
0,0,0,669
1178,0,0,0
873,450,0,0
0,1003,546,149
0,4,0,3
1492,611,453,0
1436,700,0,162
377,0,40,66
3086,1809,853,224
542,199,144,0
268,0,0,11
1238,276,0,0
0,367,0,96
2402,1259,723,285
0,91,0,26
0,0,427,216
0,0,0,96
1490,700,0,252
486,0,57,36
0,0,0,199
0,458,0,0
0,400,70,206
344,0,43,0
461,231,0,0
183,51,0,0
115,0,0,0
52,0,0,3
3089,0,361,1123
2059,885,261,234
2458,965,0,130
1918,1052,0,0
2237,0,177,0
1819,0,188,0
1949,0,452,36
2004,950,423,63
0,1616,0,106
0,0,704,0
2163,440,436,0
2489,1103,278,408
1647,676,600,0
713,215,58,0
1127,0,159,94
1385,349,101,381
0,738,0,0
0,2217,0,0
0,298,262,16
0,631,0,81
3182,1491,1005,167
0,1578,0,0
0,61,27,0
2557,0,0,0
413,163,63,61
459,0,0,90
1785,765,0,36
0,1329,198,0
0,0,435,0
2005,0,477,324
0,40,0,22
2501,1670,445,339
2407,0,0,0
0,707,274,0
2358,1196,493,0
0,895,360,251
1405,601,322,0
0,469,376,0
0,0,291,271
0,0,477,23
0,448,327,99
842,0,95,0
0,0,123,108
0,45,16,14
0,0,53,0
154,28,33,11
0,648,0,0
258,116,52,14
0,613,492,0
36,0,10,5
0,494,272,0
0,1223,0,0
273,122,0,0
469,0,46,82
1868,0,177,257
0,0,62,0
1965,629,177,0
356,82,81,21
2269,758,244,466
2112,0,610,81
174,0,0,0
2669,1627,694,193
723,0,68,67
2239,1523,0,361
0,778,0,77
1075,556,183,0
2682,0,795,96
0,573,0,0
1957,769,0,0
0,412,377,0
1314,848,301,74
0,98,46,29
0,508,0,37
3024,0,405,320
0,1340,0,248
1771,998,0,0
0,0,0,79
0,1136,0,0
2764,0,297,746
704,0,58,0
2535,1754,218,314
0,48,40,5
772,239,0,32
2525,0,668,133
232,0,0,0
2307,1076,658,139
0,0,531,90
1402,412,206,119
128,0,38,0
2032,0,0,193
2150,0,0,0
0,0,57,0
0,0,0,26
0,1071,187,0
332,0,51,0
81,0,0,5
0,0,0,102
2733,0,260,0
0,191,132,0
0,0,77,29
0,261,0,0
0,0,419,0
0,315,46,114
0,176,28,0
0,35,60,0
0,0,243,0
0,0,426,0
0,1525,416,283
1574,0,332,217
1828,983,0,0
1519,0,169,0
0,312,321,76
742,200,193,52
1011,513,207,45
451,408,0,0
0,672,0,83
0,414,373,0
0,332,191,17
0,0,121,0
620,0,79,53
0,0,0,72
1812,796,0,0
0,0,0,82
0,0,412,64
0,1759,0,0
2458,1075,0,215
609,294,103,35
1705,681,0,83
2610,847,0,292
0,1404,655,0
0,0,0,9
204,65,0,0
0,587,0,83
2397,1448,551,181
0,174,36,23
627,171,0,41
1131,417,0,269
2970,1921,409,188
521,143,139,0
2007,1218,436,164
126,0,32,7
0,10,7,0
101,39,0,5
2138,0,0,576
0,1597,0,137
2567,0,770,145
1931,0,148,0
2626,1234,685,0
0,505,396,0
2147,0,231,177
1602,0,0,90
1132,0,0,58
0,21,0,4
0,0,0,198
2704,1146,399,0
1504,586,0,252
330,0,97,0
0,0,301,0
0,0,80,0
2224,0,0,0
469,216,80,0
0,0,680,186
2321,0,0,167
0,0,320,0
1644,0,273,150
339,0,41,31
0,108,110,19
0,214,0,49
1935,630,0,0
350,126,57,17
0,1165,0,0
0,1503,0,788
0,0,75,28
385,0,70,0
0,13,0,12
1281,0,0,0
0,1024,0,168
2569,1204,0,0
0,0,63,24
1323,336,0,43
1675,0,420,0
0,0,0,193
2277,1192,0,79
2626,1622,0,0
0,0,201,165
650,0,137,14
2292,0,0,0
1651,674,313,0
0,0,0,246
734,0,72,0
0,0,216,0
202,0,0,0
432,0,0,69
156,27,28,0
2023,0,220,337
685,227,69,115
658,217,66,0
0,616,0,337
562,189,0,21
0,280,0,20
107,35,0,23
1761,875,0,0
0,0,44,0
0,531,159,0
195,75,29,15
2025,1013,208,161
0,352,0,46
3070,1301,986,131
2284,1036,166,0
2770,0,0,0
573,151,0,0
397,164,37,111
54,17,15,0
0,1010,0,45
1749,0,0,114
0,1448,0,213
2441,1366,0,203
711,359,0,45
2499,1053,0,0
1110,0,0,0
721,0,151,0
0,768,252,0
2155,1116,432,0
1822,610,0,0
2740,0,0,331
0,381,0,124
979,334,0,57
2230,0,586,0
895,0,231,39
0,0,302,104
3005,0,682,566
160,0,36,13
0,0,278,0
163,80,0,9
219,138,0,16
1467,600,350,47
0,0,116,0
404,0,97,12
83,30,19,0
818,258,214,24
0,138,0,19
1443,528,499,0
0,1720,589,214
0,0,445,96
2149,1025,560,56
0,1061,0,538
0,0,15,2
1322,424,108,210
0,0,0,373
732,275,119,0
0,0,0,38
0,297,227,0
0,271,225,52
0,520,83,79
2736,0,0,162
2695,1253,0,304
0,1867,0,364
106,57,19,0
0,0,169,0
0,0,31,0
2439,931,167,352
0,272,0,0
0,608,697,0
304,168,0,19
0,273,0,0
3073,0,0,238
195,58,57,0
0,7,0,0
130,40,33,0
1918,1005,0,191
0,817,128,185
2206,1356,555,0
498,229,0,22
0,394,148,61
861,381,146,60
2549,0,0,473
285,116,0,30
0,404,270,36
2272,0,0,0
836,0,0,81
456,110,129,0
2556,0,0,609
0,0,392,0
0,0,0,100
256,71,70,13
0,805,175,471
1890,0,166,0
0,631,237,96
0,0,0,60
2147,846,140,0
479,0,0,0
0,923,260,0
845,278,0,36
520,228,0,40
2933,0,261,0
2457,1516,353,251
0,166,33,28
0,74,43,0
2345,1330,566,0
0,1228,257,0
0,323,0,0
114,37,0,0
744,286,0,66
1578,319,455,0
3281,3041,0,0
0,289,194,53
0,1009,496,194
1291,0,214,0
31,0,0,0
0,0,169,27
0,0,0,71
1684,463,0,31
0,0,955,151
0,1552,0,654
0,1218,217,258
1358,753,125,290
1120,500,307,65
0,0,375,38
2763,0,0,298
0,0,39,0
0,22,0,9
0,147,41,0
532,208,0,100
1968,809,0,197
0,0,184,75
2817,1033,0,114
0,1170,0,0
0,0,58,23
0,1890,705,0
1284,353,0,0
3060,2008,763,0
0,0,77,93
1972,373,331,0
0,0,130,0
922,0,103,0
992,0,127,121
1234,474,0,250
0,0,0,90
2569,0,599,0
0,0,83,0
0,0,133,18
2980,1192,1074,296
0,1755,0,220
0,874,0,0
0,0,0,146
2505,1540,0,144
167,0,24,7
0,1045,337,0
0,0,117,202
0,446,0,0
0,705,465,60
2594,1029,0,0
963,404,0,0
0,1053,0,0
2697,1435,0,0
1586,0,307,89
0,0,332,56
468,189,77,0
669,238,0,0
1326,672,0,0
0,649,380,85
0,1397,286,0
1751,680,373,0
0,621,0,86
0,448,91,187
0,863,0,204
0,0,917,95
0,0,37,5
0,648,151,670
44,21,4,3
1650,0,0,105
0,0,319,813
331,111,31,0
2166,0,0,0
1210,0,0,87
680,333,0,0
0,1547,0,201
0,580,0,0
778,0,51,177
0,0,0,117
0,549,0,188
1691,795,0,166
936,0,115,102
1003,378,197,60
0,2122,251,0
640,168,0,0
44,10,0,2
374,171,0,0
817,140,0,0
2020,988,0,282
0,28,31,9
385,0,0,16
532,0,60,167
1545,624,194,79
937,373,262,24
2969,2294,0,261
0,139,107,6
2976,1472,1023,0
481,0,40,0
2526,0,0,0
2714,0,0,154
1612,680,156,0
2049,0,0,211
2638,1551,367,261
138,0,53,0
0,352,0,353
72,13,8,0
0,1165,478,0
2778,0,0,0
2610,0,434,278
197,59,0,23
1984,0,513,79
1350,0,0,0
0,0,286,108
85,34,13,8
0,101,65,4
2171,860,0,172
1882,0,167,0
0,0,134,35
2580,0,0,0
1628,393,136,0
1136,176,275,0
1437,423,0,0
1432,0,0,150
0,968,0,0
133,0,0,13
0,197,159,28
0,0,27,38
2660,1046,0,110
0,143,0,15
204,0,0,32
1483,0,289,103
408,217,0,0
0,914,384,0
2680,1674,490,0
2871,0,253,0
1498,0,350,0
0,0,0,39
0,296,177,23
431,153,0,13
1513,484,0,0
1361,447,155,235
1122,0,0,0
399,132,0,0
359,0,106,0
1793,0,228,289
865,0,270,30
1148,0,0,0
0,0,0,154
0,0,64,15
0,0,271,0
2144,1380,227,171
0,537,102,303
0,0,3,0
0,283,0,71
2523,0,755,66
0,0,25,0
74,0,0,5
513,170,144,23
414,132,0,92
1377,673,0,0
399,103,0,15
0,0,676,0
1128,0,335,53
154,0,29,0
0,0,364,0
0,0,296,544
680,381,0,178
1834,0,0,366
0,374,44,60
1807,0,434,72
372,101,0,0
521,0,148,12
0,1365,814,139
1767,0,494,84
1827,0,447,89
0,0,250,0
2636,0,710,0
0,395,323,86
3032,1393,246,634
1830,879,0,0
1436,581,0,218
0,0,49,67
0,0,10,0
0,0,19,0
0,0,20,0
2188,1054,293,0
0,0,0,99
462,232,32,0
1279,0,149,211
607,0,0,0
1809,0,0,395
1557,634,151,354
252,49,23,41
3249,0,396,0
760,0,59,179
0,0,240,598
1258,0,0,188
1917,0,0,437
1043,0,72,0
874,352,119,244
0,334,408,0
0,197,0,59
186,0,31,8
3311,0,449,485
2044,0,280,192
86,19,24,0
0,0,0,45
0,0,15,0
0,279,333,19
0,359,231,50
2897,1110,832,199
2150,0,0,0
0,1546,665,639
2135,819,504,71
0,83,0,0
1812,0,627,58
2022,1034,229,173
0,743,0,392
2655,0,0,0
3198,2268,0,0
2692,1607,884,112
0,123,0,55
0,57,24,0
706,0,66,138
0,0,144,26
0,662,0,0
1003,575,128,71
0,0,112,58
2390,0,0,0
393,126,31,40
0,624,0,0
0,0,64,0
0,261,96,228
0,196,75,0
1501,919,198,68
848,251,221,22
1428,603,180,204
50,24,14,0
0,20,12,5
0,0,37,48
906,437,213,0
533,258,96,47
837,0,0,0
0,0,82,16
295,43,0,0
1589,773,0,0
0,0,0,53
1435,0,263,0
52,0,4,2
0,1014,0,248
2825,0,959,163
0,244,27,49
0,640,104,303
2499,1066,0,118
0,0,0,106
965,606,0,0
1177,491,230,66
1650,625,298,0
0,1222,0,0
2484,983,0,523
0,775,0,185
2626,1279,0,480
845,277,268,0
0,1002,0,78
0,393,0,67
1032,450,0,81
0,62,0,3
1765,336,459,20
0,0,0,113
705,0,0,37
0,365,109,56
417,0,47,26
0,1129,662,0
447,138,0,49
0,777,0,141
760,0,66,180
499,127,182,0
1549,0,0,155
0,260,0,167
992,250,70,162
2692,0,0,183
0,1204,237,1128
2653,0,232,463
0,0,278,0
0,0,427,0
2007,925,0,0
593,164,0,0
508,0,99,11
1055,492,88,0
701,0,55,0
2378,1268,491,103
0,89,0,10
177,47,35,0
522,0,47,108
0,35,8,23
0,410,242,0
1038,747,109,0
548,0,0,0
0,121,117,36
0,18,0,1
940,310,0,100
260,0,75,6
174,0,0,3
1379,633,118,0
1347,490,146,337
0,48,24,5
0,0,281,0
915,0,0,24
581,0,0,0
462,218,28,0
1221,0,321,39
0,0,502,224
2637,0,834,109
0,748,0,0
0,1047,444,0
2091,0,0,0
420,125,0,69
2412,0,170,302
1137,0,187,98
0,400,57,174
830,0,0,155
2655,1478,374,289
949,243,0,0
58,30,13,3
632,137,0,19
0,0,283,490
2597,0,386,0
1529,953,0,189
0,558,151,0
0,0,0,187
0,0,0,83
1082,0,0,0
0,500,0,391
3088,0,0,325
1672,779,0,197
1406,706,0,80
1355,609,267,77
0,0,115,0
0,350,152,57
0,116,37,0
0,37,13,9
208,0,44,12
0,0,273,0
1755,423,0,620
0,0,462,0
438,155,0,0
0,171,0,36
0,0,0,60
0,0,0,22
1372,428,0,306
0,0,258,41
365,128,0,0
274,92,0,0
803,280,179,0
140,56,28,2
787,0,0,47
0,582,0,0
0,0,521,90
2077,0,572,75
3002,2085,0,0
2219,0,187,176
1539,750,256,0
703,295,177,17
0,0,0,225
1119,438,0,30
1143,507,107,127
757,346,59,0
0,0,48,43
0,0,0,78
0,479,0,103
1096,0,281,47
2824,0,650,198
0,0,108,0
0,185,114,0
1746,481,0,38
3064,2123,615,0
544,0,157,21
2408,1186,172,390
321,0,60,25
1459,917,0,123
1254,555,0,49
0,0,262,349
3190,2253,0,0
2990,0,0,383
0,0,0,10
2552,0,310,494
2788,1162,0,0
0,152,52,20
337,0,19,67
375,187,42,0
2661,1145,328,505
1499,454,0,0
84,25,23,0
0,1176,541,0
2739,1409,0,138
244,105,36,0
1193,0,0,79
1220,440,0,117
200,81,35,0
2510,0,0,0
0,0,0,76
1403,0,0,96
0,172,164,0
0,0,330,130
0,1404,228,570
2577,1196,0,239
1887,0,376,0
0,1308,522,71
1112,0,0,0
1419,0,0,57
0,0,22,3
2220,0,189,405
0,180,132,32
0,1219,341,0
0,0,24,0
2309,0,0,472
2886,1730,607,0
2073,0,255,0
196,76,28,17
65,0,0,0
0,64,20,13
0,110,140,18
0,0,0,7
0,0,0,650
0,484,304,0
331,169,56,0
0,0,190,29
213,38,0,7
1411,484,0,67
913,313,241,35
498,171,0,0
0,345,453,56
0,179,53,127
779,319,0,16
2184,0,0,75
0,0,61,0
2657,1495,377,218
0,0,545,54
0,30,0,0
0,502,256,0
0,269,0,49
767,0,66,0
2418,0,0,219
0,2326,0,219
1257,425,261,0
2385,0,433,134
0,1038,189,116
2876,0,0,172
0,532,388,0
353,123,50,21
320,118,47,20
690,0,187,36
1594,752,172,188
0,0,0,119
0,0,0,48
2526,1259,0,159
185,0,0,11
0,89,18,86
0,0,78,14
0,1450,0,277
3024,0,1105,149
327,141,58,11
1138,492,74,107
190,66,0,0
2860,1171,688,127
614,257,132,18
3012,1728,0,0
1633,671,0,81
2078,1317,0,156
2413,1048,445,0
0,233,0,21
3102,0,367,770
0,981,0,0
2728,0,226,0
2233,832,703,0
1308,583,287,0
440,134,0,106
2462,1032,0,0
1251,417,0,66
2287,1122,384,0
0,212,75,32
2208,0,772,99
583,0,0,0
0,23,8,7
464,0,56,0
0,226,137,24
0,0,0,75
1086,393,307,77
0,0,500,0
0,475,229,0
0,0,549,0
1732,551,227,99
0,0,232,22
0,0,376,472
1157,0,0,0
0,1068,623,289
600,289,81,0
0,279,86,0
3145,1403,226,621
1597,0,330,140
0,956,0,0
0,1000,216,0
244,103,0,16
0,709,87,137
0,328,0,17
368,0,0,0
0,1002,0,0
2273,0,0,0
2329,1059,718,81
1276,0,392,0
449,127,92,15
1220,0,117,0
2434,0,609,128
1108,613,299,53
0,0,0,224
1824,687,0,0
1057,386,0,40
0,219,0,0
0,0,0,69
0,251,35,34
646,0,110,0
0,656,0,335
1065,0,0,0
0,0,286,46
90,0,16,22
436,158,70,17
434,0,70,17
622,175,0,19
580,0,0,0
0,2099,0,0
584,289,148,0
2414,1161,244,274
2470,777,593,124
1567,0,396,0
0,0,477,108
0,1120,0,356
0,0,70,0
433,0,50,36
114,34,20,17
358,127,27,70
0,642,179,103
0,291,80,111
704,0,54,79
1450,0,0,113
2259,1046,194,0
0,1657,0,288
0,297,74,123
1893,0,0,142
0,235,0,23
1785,931,0,124
0,926,0,143
2788,1288,372,364
0,0,102,199
1095,0,89,296
0,782,132,0
246,118,58,0
0,0,0,54
2944,1820,712,562
481,83,99,24
2934,1552,280,289
1310,146,276,36
0,284,0,0
0,0,127,0
1339,0,231,50
1397,512,373,47
128,37,26,3
0,168,0,13
75,0,0,10
2595,0,0,0
3164,0,0,0
0,0,149,0
924,0,0,0
1721,761,443,97
0,358,193,54
2519,789,0,0
1766,545,167,0
753,244,0,0
492,244,75,0
99,49,0,4
977,361,176,148
2355,648,265,385
1851,0,0,0
0,0,339,0
110,74,10,0
391,0,93,0
2821,1818,677,0
1300,0,0,0
0,0,373,130
1292,0,0,0
429,0,0,18
1635,0,0,0
2865,0,0,601
0,701,512,0
0,0,0,619
92,22,15,0
1333,418,98,217
2683,1703,507,0
0,1327,509,91
0,0,423,39
672,0,0,19
0,114,0,43
2032,810,0,0
0,1293,0,110
0,1433,286,225
2876,1176,0,610
2630,0,198,600
1762,735,0,0
1762,574,214,303
0,0,103,0
0,1271,0,99
267,0,70,0
0,1128,529,0
2659,1112,0,128
1529,575,195,442
678,208,0,168
1846,664,342,131
0,0,0,227
0,0,131,17
94,0,14,0
0,244,54,182
0,60,0,0
559,0,0,80
0,361,0,26
1026,336,282,22
1605,500,207,0
0,0,0,689
0,0,244,609
262,0,0,49
0,0,10,0
0,14,4,0
793,0,0,22
0,407,0,110
0,1251,279,0
2278,0,313,337
0,202,108,0
0,209,70,116
2818,1237,269,0
575,140,43,162
0,0,201,0
0,1080,246,107
0,54,0,0
2240,0,0,0
0,2753,0,0
1120,525,346,26
0,0,218,118
0,520,98,248
0,701,0,0
1515,0,0,0
0,198,0,0
0,0,71,21
0,0,780,171
956,0,361,105
1011,0,271,21
0,0,192,0
0,32,27,0
0,516,0,80
590,0,110,62
1856,686,402,96
0,286,0,238
0,2540,911,0
2269,1154,0,187
1695,905,0,0
1351,433,0,0
0,0,0,146
62,26,0,0
65,0,0,0
413,118,42,0
0,0,669,0
2432,1471,0,0
280,0,36,16
2722,1712,0,0
0,0,12,0
3192,0,295,311
516,0,0,0
402,146,0,67
2830,0,463,319
751,244,0,0
0,46,28,35
0,0,68,100
0,1011,516,0
2277,1032,191,180
109,39,0,0
0,1128,470,0
0,0,0,146
0,0,1149,234
45,0,0,0
2396,1243,0,0
181,72,30,0
1283,460,0,137
0,0,0,335
0,1206,0,175
0,1351,547,444
1904,0,525,135
448,146,0,28
2757,0,691,0
85,31,8,8
1117,0,143,82
2311,1048,352,138
2799,1720,360,0
0,0,311,147
2599,1153,0,445
0,1993,983,0
2377,0,792,72
412,0,0,20
1061,486,112,115
0,50,29,0
0,225,0,22
746,387,137,43
0,273,55,177
417,0,0,0
0,0,39,9
0,510,0,0
2593,0,242,274
2409,0,0,0
0,217,70,0
113,47,0,0
1557,573,0,0
2213,1072,248,145
0,121,0,94
0,118,0,92
519,0,69,0
2732,1645,0,114
2421,0,157,0
0,255,37,142
0,0,0,147
0,0,512,142
2915,1345,206,0
0,868,0,0
1648,758,589,67
114,0,11,0
2126,554,630,106
1883,0,477,43
592,123,133,17
2947,1401,0,0
0,1758,595,0
2404,0,0,0
0,0,0,53
0,0,41,0
459,214,62,0
0,124,0,0
0,705,194,354
937,0,0,83
0,772,0,0
0,0,343,0
142,0,0,4
814,270,0,0
0,135,0,0
2399,861,728,45
638,0,52,114
0,371,0,16
2609,0,371,0
0,1381,663,168
0,0,136,0
329,156,0,0
102,0,0,0
0,0,83,53
2273,0,645,0
1325,370,232,62
1421,0,185,96
1393,0,122,231
0,1104,0,0
0,244,117,0
0,151,24,22
247,70,75,0
0,214,0,0
1971,990,0,0
0,0,367,115
0,720,149,0
266,86,68,0
0,0,9,0
0,418,71,111
1863,0,0,0
945,339,0,62
682,0,0,0
562,0,131,0
1337,581,469,74
0,115,64,28
0,0,509,431
0,64,0,26
0,568,216,0
750,250,0,49
1912,0,0,131
0,627,213,80
1945,0,0,0
1391,390,337,49
0,0,0,27
0,915,262,107
0,0,558,0
343,77,0,0
380,144,0,0
2527,1551,0,191
96,37,24,11
0,0,355,58
0,525,391,69
0,519,0,0
0,1511,0,194
0,0,0,435
110,43,0,0
0,0,79,0
0,1364,0,163
1008,0,0,165
0,115,55,107
1121,307,0,26
0,0,0,347
0,0,0,4
0,0,0,253
1426,431,0,230
996,0,0,39
2800,819,727,69
0,0,209,624
0,1282,0,89
0,1629,187,443
1616,868,128,0
1611,576,201,0
2000,955,205,0
3044,0,0,238
624,406,0,31
1942,0,585,0
1443,616,0,177
1748,763,0,105
0,0,0,38
0,0,0,38
1165,0,179,0
1661,0,286,0
475,177,84,44
0,83,0,91
0,1281,267,0
1702,564,198,0
0,260,0,223
1552,650,379,44
743,425,0,0
0,0,263,0
0,0,0,105
0,748,0,0
606,352,0,42
168,0,0,8
2105,590,209,587
0,1000,659,0
2248,793,137,413
1099,0,313,0
0,239,0,0
1005,430,0,0
0,434,0,31
1023,367,206,43
811,229,96,90
0,1767,0,0
464,225,0,0
1192,390,383,19
155,0,0,3
0,44,0,0
316,0,45,0
505,0,0,0
0,320,77,230
217,0,0,0
742,241,0,153
0,991,330,0
2085,1354,0,111
0,1151,225,0
2772,1710,271,781
2390,958,280,271
0,2580,0,0
2359,1084,0,0
473,140,100,0
2401,1817,0,292
0,419,0,65
2225,395,588,59
0,0,244,21
1931,313,375,124
2668,904,737,0
1383,463,578,0
0,311,0,0
0,94,87,18
0,230,208,21
0,66,30,0
99,0,7,7
0,29,0,0
0,314,225,0
2878,1478,0,0
1171,0,221,64
860,405,112,72
0,491,483,0
1219,0,217,75
2514,0,568,176
0,96,0,18
2439,0,621,118
2281,0,418,0
2466,1282,206,0
0,0,967,270
1912,869,0,68
0,1159,0,196
1334,0,0,65
0,1397,238,0
689,0,165,0
2634,0,0,0
0,1251,0,126
0,338,251,371
279,128,88,0
540,187,141,0
1096,337,0,104
1207,357,103,243
0,2107,443,0
825,268,169,0
103,0,18,0
2927,0,686,237
2477,1371,0,188
0,21,0,4
0,279,80,0
1181,504,118,90
0,40,21,6
2441,0,0,0
1971,710,91,297
444,0,66,16
0,588,243,528
0,193,0,27
2566,1474,417,0
1015,623,110,86
0,543,0,0
2167,1598,0,168
1327,1037,0,96
840,561,0,0
0,366,341,45
3014,0,595,0
0,0,0,2
2665,0,0,649
0,528,176,0
571,0,45,0
773,243,0,0
1011,319,0,0
900,0,266,64
0,902,0,89
0,0,452,0
2586,0,0,0
2114,888,0,135
0,0,459,0
0,0,0,208
0,544,327,70
348,74,111,17
43,13,9,1
0,59,45,0
398,158,121,0
0,1320,0,301
2630,1191,246,0
2336,1284,235,134
2171,1050,0,95
0,0,134,11
0,0,370,602
1940,0,0,0
0,1421,0,315
2703,1480,608,0
2699,0,163,554
0,0,56,43
0,1044,0,0
0,10,19,3
2375,831,0,362
2099,572,0,0
171,102,55,12
0,815,181,0
108,0,31,0
1657,776,0,446
1481,499,0,0
1077,288,228,0
3039,0,0,197
2066,1013,0,273
0,463,105,0
0,609,0,0
514,0,55,86
1178,399,349,40
975,0,0,197
166,0,51,4
0,63,7,15
0,0,174,417
824,294,136,48
0,0,0,63
668,0,0,0
2164,938,207,0
0,933,0,97
1832,0,0,95
0,505,290,0
0,182,111,0
941,411,0,133
1706,813,176,348
354,171,0,46
337,0,98,0
2373,1051,704,0
0,0,0,25
355,74,33,25
1593,539,0,0
1421,432,246,0
0,64,13,0
125,0,0,10
1823,1330,361,119
3008,0,356,275
164,54,0,3
1538,0,0,192
926,208,0,0
2795,1408,0,594
1595,0,148,202
1350,589,336,32
0,945,0,78
1086,0,127,203
1889,744,300,302
1496,498,233,0
843,0,142,0
0,1094,420,201
0,524,161,480
2104,0,485,78
0,619,0,0
0,32,16,0
0,114,63,0
1941,879,513,76
0,193,161,38
0,730,235,0
0,110,222,22
0,758,0,0
2179,1062,0,186
1556,0,0,122
1082,417,0,0
0,0,79,164
1783,632,476,81
535,192,69,59
401,0,0,32
0,70,0,23
121,29,28,10
0,0,0,75
1585,762,244,123
0,1307,286,229
1867,0,0,63
2430,1154,549,109
725,0,152,50
567,270,58,0
0,0,54,0
0,0,0,12
1420,0,184,294
0,158,0,33
1863,0,0,0
0,0,78,141
328,0,0,0
2149,1210,0,102
0,1566,0,262
741,457,0,68
2815,0,227,0
0,405,0,60
0,285,0,0
0,0,270,0
752,0,63,172
0,880,0,0
0,266,0,40
1840,819,211,170
0,0,307,238
1677,0,0,0
0,0,253,0
103,0,0,1
0,0,0,190
0,886,0,143
3150,1970,921,156
175,82,61,6
0,0,0,75
1737,726,0,266
0,0,26,0
2496,0,0,0
2209,0,0,0
612,306,0,16
2223,1042,580,0
1037,0,0,0
2906,1622,0,329
0,224,65,199
2388,0,0,0
0,76,0,7
984,440,0,36
0,0,310,0
2252,1152,170,373
421,58,98,26
0,0,99,0
535,0,0,22
0,291,102,41
0,276,94,37
0,426,0,0
555,238,0,54
1314,0,206,0
2261,991,184,0
0,486,0,194
2461,916,0,0
87,25,0,1
1235,386,80,266
772,251,0,0
2202,0,0,158
3047,1576,0,0
1350,478,0,145
1365,86,317,62
0,0,511,0
0,0,665,0
0,112,0,0
213,88,49,12
1479,228,402,44
991,0,296,32
0,66,0,51
1489,241,261,132
0,0,0,17
307,120,35,0
712,231,63,143
884,347,161,107
0,0,92,14
0,224,85,83
2304,805,0,0
0,1418,483,0
0,99,16,0
215,90,0,0
0,338,132,0
1398,0,330,0
1652,435,252,0
3120,1695,0,0
1714,0,453,84
2151,825,473,94
313,131,33,0
0,355,82,48
0,879,0,197
3346,0,450,286
478,0,0,0
2716,0,0,0
2880,1375,670,232
505,0,0,37
2009,0,0,125
0,108,0,7
279,81,0,20
2510,1141,639,188
0,332,97,140
353,0,0,17
1007,0,312,80
2332,1041,0,0
0,0,39,78
0,0,7,14
0,0,0,64
0,0,551,134
2923,0,426,382
0,43,0,0
3027,0,0,0
65,31,8,0
0,1690,0,0
0,613,564,62
3164,0,630,572
1834,613,0,0
0,7,0,3
2784,0,255,477
0,151,95,0
0,0,11,0
190,0,0,7
136,0,27,0
381,90,106,37
374,0,62,26
0,729,0,107
1159,555,149,151
3007,0,394,184
2922,1350,301,685
0,30,19,21
1118,573,336,39
2220,0,219,446
697,118,0,15
0,252,124,0
1774,0,296,0
0,22,30,0
0,0,0,11
400,0,118,0
2605,1380,770,312
0,0,310,226
2800,0,934,0
226,102,42,0
1399,473,0,0
436,0,69,0
987,0,0,161
0,714,301,56
0,671,391,129
708,247,81,0
877,0,116,57
489,0,28,83
0,0,435,0
2118,1139,0,0
0,0,449,120
3002,1297,270,1126
601,246,0,0
1602,880,0,0
2918,1445,247,560
91,0,19,8
76,29,0,0
0,1240,253,593
0,1195,469,0
871,284,90,177
0,0,0,12
1687,601,512,71
1516,662,0,0
0,1231,0,547
2540,1116,257,281
209,69,0,0
0,204,81,0
767,177,0,166
0,859,0,0
2432,952,0,0
646,0,145,12
2750,0,0,0
0,1474,0,235
2962,0,0,173
2127,0,0,247
0,0,240,0
889,0,0,0
159,64,0,0
0,0,300,0
0,0,225,0
269,64,67,5
246,0,61,0
2499,0,240,0
1164,0,132,53
0,503,152,105
0,947,0,0
1753,809,0,0
44,0,0,3
2010,927,0,0
0,411,161,0
1053,0,150,117
306,129,79,6
0,525,215,61
1243,541,0,151
0,223,0,0
0,335,209,0
306,0,0,0
1712,664,392,43
1434,580,102,157
642,161,68,72
2833,808,0,0
855,0,0,18
1578,590,0,122
0,0,194,0
2092,717,556,127
1622,725,0,0
107,0,28,6
2075,1115,0,196
0,391,0,0
1726,567,212,196
1356,575,222,110
0,0,0,48
1947,932,388,0
0,99,0,0
0,453,0,0
0,0,345,101
0,0,88,0
0,126,42,0
834,362,194,0
0,142,0,53
0,1572,0,0
0,0,166,0
0,0,49,0
0,0,50,150
2555,950,0,173
104,33,19,3
34,11,2,0
2094,0,286,0
0,701,0,148
2691,1432,726,312
0,727,723,69
815,0,0,83
2462,0,0,68
1598,655,136,0
240,96,56,0
2525,0,729,232
0,0,29,0
1398,245,0,0
0,1809,148,308
0,757,0,60
78,21,14,4
1104,177,264,17
2729,0,382,214
1134,0,121,0
1757,0,0,177
2731,0,312,107
0,1205,744,0
0,6,0,0
0,710,169,0
0,125,83,21
1082,453,159,113
1004,391,0,138
1248,648,0,40
0,992,472,116
0,316,142,0
777,296,0,68
251,0,85,7
1508,650,190,164
1624,486,139,353
996,194,67,206
0,423,0,70
0,0,0,116
329,0,0,24
0,40,47,0
2795,0,0,0
215,0,0,17
0,0,0,24
0,0,263,699
2108,1126,123,334
2970,1443,0,0
0,156,0,34
0,0,55,155
1800,605,0,0
0,0,0,66
2860,1511,342,548
0,801,0,0
0,439,0,0
260,104,60,0
2034,690,143,317
1769,610,140,0
350,131,0,35
3117,0,388,724
0,0,0,561
356,157,0,13
1206,0,277,42
0,44,0,3
0,0,406,121
430,223,76,18
640,89,193,0
888,315,64,0
0,275,0,0
1362,0,279,68
2823,1472,708,223
0,0,419,0
1861,386,0,79
630,0,58,46
752,0,102,0
0,724,0,0
0,0,0,182
0,0,35,25
267,0,0,15
674,407,122,39
1141,0,103,0
3199,0,383,311
104,0,0,7
836,0,97,0
2482,831,0,0
0,231,0,0
2251,982,221,0
0,341,53,0
1536,495,282,0
0,1111,489,0
1656,0,358,73
2439,1034,327,0
1977,546,306,0
1069,0,275,118
2183,1199,472,111
1402,584,248,76
0,0,284,603
0,147,83,10
79,23,0,0
0,0,37,0
0,1893,1122,152
2230,565,708,126
0,8,6,4
3242,2140,0,0
990,0,106,157
0,0,264,144
307,158,50,0
2146,994,740,61
154,0,24,18
0,1110,281,0
0,341,0,0
2351,1036,0,156
0,0,379,0
0,363,145,0
2985,1309,433,343
2660,0,190,247
139,93,0,10
151,32,43,1
737,0,173,40
268,0,31,0
859,0,103,154
0,0,0,52
240,97,0,10
283,71,55,0
0,127,0,24
0,0,386,56
0,1554,424,180
0,0,0,573
0,987,0,0
1488,599,0,118
0,618,0,263
941,279,132,0
2575,0,0,182
3211,1916,0,0
0,0,3,3
0,0,1132,102
2087,970,0,0
1636,0,295,0
0,24,0,0
1189,0,0,75
0,322,249,0
166,0,36,5
0,7,0,2
2456,1232,846,100
533,0,83,46
568,191,205,26
1603,498,257,235
2502,0,495,312
3086,1201,0,735
1266,347,96,196
1524,634,0,104
2422,1065,160,446
0,0,106,0
1610,766,197,267
407,0,0,0
280,104,62,8
0,0,0,295
2477,1397,0,404
0,347,124,49
0,0,0,3
0,22,8,1
0,1239,0,987
0,1069,337,559
0,237,0,34
2357,923,0,0
2893,1235,273,564
2283,1263,500,108
1838,583,412,0
909,0,0,82
0,528,252,0
1653,743,0,0
0,1280,589,147
0,0,193,481
0,263,0,0
354,0,35,81
0,2121,482,227
192,0,40,0
2079,890,214,183
0,0,690,75
242,81,31,23
571,158,146,0
2055,738,0,0
0,0,44,5
2722,0,428,295
0,422,0,68
0,143,49,0
1471,440,0,183
165,0,0,5
598,155,97,34
174,68,14,40
1477,655,176,112
78,0,9,3
2359,0,0,278
159,64,46,3
0,413,116,0
1555,606,131,0
1318,602,0,66
1624,491,0,51
3135,0,0,0
2811,0,0,0
356,96,0,0
176,44,26,6
1994,628,189,365
2770,0,0,0
1690,0,184,0
319,85,82,13
2605,1212,394,187
201,0,69,17
1297,0,215,54
2560,0,621,0
2298,1402,0,296
0,0,196,424
1242,445,0,0
0,0,39,83
0,0,93,76
0,1118,0,0
690,0,0,0
0,0,0,780
0,8,0,1
1402,374,0,0
948,320,120,0
0,0,131,47
1548,0,159,0
0,0,56,8
0,935,0,222
653,0,125,0
0,381,102,0
0,0,300,347
0,0,0,72
1950,0,493,0
0,0,32,16
767,244,132,62
697,371,136,0
0,0,225,77
1708,378,0,0
0,934,0,86
1214,555,0,0
379,157,60,31
835,398,0,0
780,0,152,57
1122,440,134,192
674,0,0,11
1838,893,326,79
2025,1094,146,0
974,0,271,71
391,0,100,15
0,672,235,136
2778,1559,870,262
579,0,139,34
378,163,89,0
0,70,50,6
203,62,56,0
0,62,56,4
2149,659,0,122
345,0,56,0
0,0,29,6
0,132,0,77
2173,0,0,0
1838,848,0,0
0,626,505,55
374,131,0,22
0,0,0,100
2127,0,0,138
0,773,0,320
1507,639,446,50
2685,0,0,0
0,132,170,0
2334,1303,445,333
2591,1410,151,261
1149,410,247,12
44,6,0,4
2322,0,329,0
0,43,18,0
469,210,65,22
0,821,279,0
2590,1170,0,0
0,0,153,0
1178,0,0,0
419,130,45,38
2972,1939,0,179
1053,0,123,0
0,200,0,101
2096,887,0,217
1644,592,358,95
0,0,7,5
0,0,303,32
0,0,12,13
2112,0,351,107
0,1057,769,0
0,157,0,24
0,455,0,62
2825,1204,753,0
126,0,12,9
332,149,34,16
131,47,0,0
0,301,199,34
2204,791,0,334
0,466,86,236
0,0,0,344
247,0,59,5
1292,353,0,37
547,0,82,0
1447,603,499,46
0,136,95,32
2820,0,0,419
1994,880,212,0
1519,668,0,0
2172,843,0,0
0,0,17,27
0,865,348,678
0,0,176,0
280,0,0,7
875,324,82,0
2449,0,167,637
877,91,235,0
2597,1431,851,207
0,0,10,3
2036,0,131,210
0,0,0,2
884,0,0,19
0,385,0,58
0,0,132,0
516,213,0,0
309,34,70,4
0,0,103,197
0,0,123,35
1808,0,297,252
0,0,602,0
248,108,0,14
1608,504,313,51
0,656,0,0
0,45,13,0
1947,0,283,0
285,0,61,17
274,100,56,15
126,0,22,0
48,0,0,0
962,0,150,0
2201,0,0,170
0,528,0,109
989,0,295,46
0,0,0,63
1762,681,0,0
126,0,7,11
226,0,0,0
3207,0,0,0
2560,1262,0,125
0,0,0,66
3329,0,940,0
618,294,226,34
0,994,296,176
626,0,0,0
1971,928,0,0
0,0,402,327
0,0,212,0
2773,0,0,0
367,0,81,15
0,1287,0,0
2324,0,345,0
0,1257,0,546
650,304,192,18
2853,0,971,127
1697,0,0,0
1268,0,0,43
0,979,500,0
3277,0,955,287
540,0,46,33
0,0,0,82
0,117,126,0
0,105,0,125
0,719,404,94
0,0,253,0
0,53,0,1
0,394,0,0
1052,303,353,0
2074,1010,215,0
0,400,0,0
635,0,189,32
155,58,22,0
1344,627,0,73
2999,0,434,184
0,370,0,0
0,1313,0,202
0,143,0,100
2853,1647,550,159
0,2383,0,381
0,370,0,184
384,0,96,9
1255,536,0,49
0,547,248,0
0,334,181,0
2728,0,454,275
1197,696,110,0
0,0,218,0
0,0,118,0
2037,693,350,0
2702,1129,0,305
2303,815,0,0
0,0,122,285
0,906,138,0
877,0,84,109
316,0,99,4
1617,645,0,148
349,0,73,0
63,21,0,0
286,138,61,0
1930,0,415,75
2210,677,658,0
0,1720,401,0
2057,0,185,348
2853,1023,349,199
0,0,0,1031
1750,0,0,0
0,70,0,16
2909,1149,0,189
0,965,153,0
2557,1319,560,139
640,187,108,30
1536,451,271,0
2700,1099,238,466
0,877,0,0
386,162,38,71
1371,0,353,0
1687,0,0,0
948,0,176,55
2768,0,0,0
774,233,182,0
725,0,127,0
0,427,0,52
0,0,221,512
2654,1065,0,300
0,0,0,104
0,0,239,51
0,188,0,0
0,0,0,680
556,185,0,0
2577,0,0,244
0,1053,0,197
0,191,49,85
74,0,7,0
0,675,440,0
889,0,0,60
0,107,32,24
1126,0,0,0
0,889,0,0
186,96,13,22
0,245,53,94
0,1236,249,0
0,0,487,135
1564,812,164,96
2076,0,445,0
1128,469,153,69
1677,746,265,67
2029,1261,464,0
0,0,0,177
0,0,0,66
1021,308,69,219
2207,0,191,416
604,208,63,40
2360,938,192,0
0,110,107,14
0,954,0,0
0,0,480,0
167,82,0,7
852,0,0,53
898,395,95,0
208,66,45,2
466,0,0,0
0,0,48,95
656,0,88,40
58,0,17,0
0,375,309,34
370,123,0,0
831,197,54,0
1144,0,259,0
0,0,0,23
1223,0,122,119
1931,0,0,0
0,0,0,192
2472,1212,613,99
775,251,0,66
0,0,35,0
1771,683,0,82
226,96,0,0
0,410,0,0
0,530,0,157
0,0,0,132
2731,0,314,0
2678,1394,0,353
944,314,0,159
257,0,42,0
907,199,0,16
0,1525,0,0
668,457,0,0
792,266,165,26
287,0,59,26
623,225,174,14
776,0,236,0
2641,939,0,131
0,358,263,0
721,276,76,0
1194,612,68,0
0,475,209,48
0,0,164,0
0,0,0,276
0,0,129,89
2814,986,0,0
587,180,0,21
2158,977,0,0
2556,0,354,133
0,0,37,14
3100,946,1029,113
0,0,445,0
0,2005,775,0
1704,576,0,246
0,1002,502,0
1375,0,0,335
194,44,12,0
2147,1133,0,111
0,1831,378,192
0,1867,357,311
942,302,0,154
0,0,877,236
2958,0,0,0
478,0,95,0
2405,868,486,0
1798,663,0,389
0,448,0,45
0,0,0,34
318,88,0,15
1528,802,0,0
1499,802,0,0
1604,778,0,0
0,206,0,37
2077,805,0,0
2030,0,0,323
0,567,486,67
0,102,67,18
2329,911,268,153
2867,1206,251,1011
2096,0,558,112
0,0,93,121
2067,1085,518,256
0,0,117,266
2641,929,507,192
0,1259,0,0
0,46,30,0
1302,0,0,328
2096,0,0,476
0,1012,0,0
0,458,324,121
3319,0,808,212
123,0,0,0
2328,1038,192,0
1896,728,539,0
404,181,103,16
1492,0,0,0
0,11,0,8
230,85,0,6
2893,0,0,478
715,0,170,0
41,24,0,0
1995,0,0,0
2019,705,441,89
0,0,109,0
545,182,111,0
2631,490,0,0
0,240,0,43
2628,0,536,119
0,415,0,0
818,322,0,92
2615,0,0,0
733,0,0,0
930,312,179,0
0,0,445,89
0,201,0,26
1773,0,123,0
203,59,0,9
0,1191,272,315
2470,0,679,261
2193,793,138,265
0,474,0,86
2773,0,346,212
961,287,78,146
2626,1204,315,139
1269,0,322,0
1431,0,0,62
292,81,27,18
0,835,501,145
862,0,0,0
0,656,232,260
0,240,57,52
311,0,55,0
2398,1120,545,0
0,612,0,0
838,272,98,0
3260,1618,783,0
85,0,9,0
3072,0,0,0
1519,446,433,48
0,0,0,517
1708,0,0,0
0,0,110,0
0,0,538,0
0,0,0,68
0,0,34,0
1775,0,140,136
0,0,0,44
0,564,0,119
0,625,205,89
0,0,110,16
1039,0,0,118
208,77,0,0
669,0,97,50
0,539,352,0
659,0,0,0
1705,0,90,0
2280,0,0,0
1261,275,210,197
1266,0,319,57
2516,982,562,219
1656,769,0,0
1761,746,257,146
0,691,229,77
573,291,61,50
0,6,3,0
0,647,0,327
2242,1104,0,56
1816,650,246,0
0,0,73,97
0,0,596,155
0,0,137,118
17,0,4,1
0,970,367,0
167,52,35,6
679,150,176,0
1984,1043,0,0
0,279,0,0
415,117,0,46
845,0,74,68
0,0,33,0
2013,734,0,0
310,0,0,5
0,0,0,293
1950,774,0,0
215,93,51,0
0,778,0,269
577,174,90,0
0,1080,0,0
0,1431,309,243
1716,609,0,0
0,0,717,0
0,1446,0,0
0,0,39,0
2701,0,265,278
0,0,400,241
0,0,226,0
0,214,178,0
655,0,0,102
1655,666,439,0
2513,1099,0,509
523,153,0,95
0,0,0,294
0,376,0,46
93,39,23,0
2104,0,264,390
122,40,25,2
571,0,90,27
1858,0,803,0
0,55,0,31
817,0,122,74
1381,658,207,165
0,0,112,0
2135,794,638,53
642,182,133,0
72,0,0,0
0,279,0,0
0,281,183,16
0,64,33,43
0,0,0,210
2163,757,304,182
0,616,0,407
1020,389,74,0
0,0,98,90
822,233,0,90
942,279,0,56
3159,1637,0,0
2009,1016,0,248
3056,0,0,0
154,55,15,13
251,0,0,0
757,204,148,28
0,0,48,0
0,16,0,5
0,761,0,92
0,0,126,0
939,294,158,0
0,101,0,0
1714,0,182,305
0,445,82,0
581,118,127,20
0,837,0,0
2076,0,0,0
2102,1032,573,193
1183,311,118,149
1614,0,323,104
0,858,0,65
2277,0,0,0
0,0,298,32
1053,470,0,0
2840,0,725,0
389,80,0,11
132,0,0,6
0,0,593,0
227,72,14,0
0,0,96,0
1376,0,0,226
614,146,0,0
2790,1249,0,0
921,309,97,119
953,0,0,77
3199,0,499,0
2050,0,497,53
197,0,0,11
2496,845,600,0
316,0,0,25
0,90,22,0
3131,0,0,335
74,0,32,5
313,80,56,0
268,76,0,7
133,42,18,12
2210,753,137,0
0,0,193,0
236,0,18,0
0,0,241,361
2681,1197,0,179
418,176,85,11
632,143,38,146
0,0,184,160
0,541,271,641
945,0,0,21
0,0,138,52
0,4,8,2
1766,476,0,0
1173,0,159,0
103,24,0,0
848,168,203,0
0,0,80,12
0,0,0,23
3140,1486,720,0
1194,0,0,0
0,111,0,12
1166,326,0,39
0,0,0,21
218,56,0,0
201,0,39,3
0,31,0,1
0,175,0,24
0,428,179,111
3143,1186,0,0
0,658,179,0
0,346,0,0
798,169,118,140
0,114,73,0
1828,0,0,61
984,182,0,0
977,314,0,43
0,1066,0,0
348,0,0,0
220,64,39,0
0,189,0,28
458,0,0,0
1818,0,565,0
406,161,89,0
0,889,300,0
0,0,245,233
0,66,65,0
0,0,179,342
0,439,0,13
0,516,119,0
462,132,0,0
495,172,39,40
378,171,91,9
1848,0,386,0
1188,482,121,0
0,160,164,32
320,70,58,0
0,0,25,10
116,34,22,4
2192,1022,0,0
0,552,194,319
521,139,104,57
395,91,92,31
3086,1493,0,0
0,0,0,191
1539,368,410,21
3353,1938,0,507
0,1061,205,0
12,3,3,2
1788,774,217,133
0,0,37,0
0,0,0,17
374,0,107,9
1918,882,428,87
0,1206,0,672
298,0,0,7
2838,0,0,110
0,1435,0,0
197,38,0,2
0,409,220,326
0,33,0,10
0,0,0,19
1117,430,104,0
1945,1145,402,0
929,236,0,80
0,390,186,28
376,143,0,14
0,0,0,9
530,0,0,58
2950,0,581,213
1701,890,297,119
0,442,0,236
1600,631,171,153
259,70,28,21
1506,544,351,60
799,282,141,17
1296,0,113,217
0,0,0,97
224,0,26,0
0,10,2,2
0,378,90,101
1147,288,0,151
0,0,171,31
2002,765,466,0
363,89,99,5
0,536,221,60
0,1082,0,0
2841,0,324,0
740,232,0,0
0,0,587,145
0,0,45,8
1978,0,98,137
0,626,0,70
0,898,0,0
0,323,480,30
1721,513,0,0
2619,0,695,0
0,943,104,253
1968,872,217,0
0,150,0,39
1012,0,124,62
0,934,184,0
561,0,85,31
1811,816,448,0
2632,0,644,90
225,68,19,28
0,1087,391,200
0,105,0,0
1140,346,0,36
625,0,76,68
3031,0,0,672
903,350,207,0
516,170,91,22
3294,1712,623,0
2192,0,542,0
53,0,0,3
0,0,247,224
3150,1758,296,0
2413,0,322,713
0,80,0,0
1290,0,0,245
0,44,9,5
0,0,102,0
3181,2357,475,0
0,4,6,0
3118,0,510,0
2814,0,362,176
0,0,0,16
0,49,8,5
0,0,12,5
0,519,0,157
3112,1450,230,0
0,456,218,84
0,332,0,0
0,62,40,0
0,0,280,176
691,138,0,0
538,233,0,0
2227,1238,0,0
603,233,0,30
1664,0,160,0
2953,783,0,0
2348,0,0,219
0,1571,376,0
1193,469,0,137
1455,0,204,0
317,89,74,0
1458,550,0,107
1332,406,0,0
1454,0,142,117
0,238,175,0
911,0,100,61
0,337,0,0
0,289,96,226
143,54,13,0
0,158,90,19
2219,0,326,101
0,406,0,0
0,1232,0,0
0,372,215,0
196,54,0,0
1662,0,305,74
0,0,8,2
347,69,100,0
0,1464,0,0
2085,0,505,101
0,0,0,67
110,40,31,0
17,3,4,1
0,0,0,181
1505,0,161,167
847,0,213,26
1638,736,427,0
0,0,154,36
272,0,0,0
0,43,36,4
2197,752,537,222
355,159,0,0
3268,0,836,0
108,38,15,0
1539,0,127,78
0,736,594,0
395,128,0,0
2845,1054,213,0
105,0,15,0
207,0,21,0
1333,0,312,49
111,26,26,0
0,348,0,69
0,1305,0,78
1205,0,0,50
2021,0,374,172
0,409,109,0
0,319,63,0
874,0,125,0
0,0,20,29
1758,662,0,325
0,640,224,278
0,0,52,28
1294,420,0,40
0,501,0,0
0,0,0,57
0,549,103,0
0,168,44,22
876,0,0,18
1134,490,301,61
152,0,31,0
445,207,71,23
81,23,0,7
545,151,150,19
0,459,104,109
0,93,0,10
0,0,0,10
1011,454,255,58
864,0,85,48
1102,371,0,31
258,75,63,10
0,246,54,95
1558,0,83,0
0,0,0,20
0,455,137,89
1058,0,0,53
0,1009,263,218
1417,550,581,0
614,0,194,18
494,188,0,20
58,21,0,6
1606,588,244,0
1525,0,0,67
0,146,0,12
1644,0,0,0
331,0,47,0
0,65,0,0
0,1053,355,0
0,30,0,0
0,587,160,0
524,169,55,92
0,0,168,0
42,24,0,0
1027,0,0,19
724,271,76,0
1475,0,388,0
0,373,0,0
337,121,0,0
0,80,0,0
1624,337,208,150
0,0,463,201
0,0,257,23
0,492,85,76
0,0,115,0
1245,428,0,79
1937,0,537,0
0,458,278,0
244,60,0,13
0,698,0,104
249,70,67,7
121,42,37,2
1753,924,507,74
1269,0,114,219
165,0,34,12
311,90,0,0
1705,1289,525,114
0,348,374,0
1784,0,478,0
851,203,167,56
1118,266,0,36
284,114,65,15
0,65,0,2
810,0,84,78
445,90,0,0
0,0,138,0
1394,499,332,75
927,356,238,59
806,292,0,113
708,222,77,91
1029,0,212,0
657,49,0,30
1765,752,370,184
738,0,58,40
731,251,0,36
1098,230,0,48
0,728,0,52
0,47,0,0
0,406,286,55
786,259,182,38
103,0,34,1
0,0,0,6
1231,277,384,18
1414,0,241,60
451,143,0,0
294,0,25,0
499,60,0,0
191,0,58,1
458,158,128,22
403,0,0,15
46,14,0,0
0,563,0,0
3223,1663,0,271
3070,0,0,308
2593,1149,0,0
1007,439,280,65
1548,514,133,208
0,0,270,501
0,0,0,53
1173,0,0,0
2849,1311,605,148
1505,541,410,63
0,26,30,0
143,42,32,7
0,62,40,0
2999,1627,810,0
0,0,0,86
0,1485,416,0
0,275,0,0
657,0,0,0
1024,0,0,63
1336,451,256,0
0,0,160,81
185,0,0,2
347,73,0,16
1675,376,0,285
2264,0,285,321
0,645,0,290
0,179,0,17
31,11,0,0
0,486,0,0
464,143,0,0
0,1496,279,0
0,420,103,162
1309,0,0,59
0,91,108,21
2035,929,0,0
0,1855,518,438
856,419,366,29
0,1388,409,507
770,0,205,31
345,155,75,12
2355,0,283,0
0,195,0,0
0,459,0,0
1929,413,486,80
0,0,101,10
2253,1015,347,0
2042,0,337,0
63,0,12,8
854,328,0,38
1510,513,187,0
0,328,0,0
0,12,11,3
2155,815,625,52
845,0,0,0
3169,0,271,0
1018,501,0,0
1306,0,190,130
1691,0,0,0
637,0,0,72
423,92,0,0
0,919,0,491
0,0,0,34
0,34,0,0
0,0,250,49
0,1002,553,186
2435,1006,0,97
0,0,130,170
333,114,0,0
1175,327,64,138
1217,333,208,73
0,1640,240,0
893,402,44,122
109,0,27,0
879,229,110,70
1048,157,230,36
0,0,135,35
0,678,152,0
2093,0,0,0
0,548,390,85
1227,427,138,0
2496,1277,0,0
1831,813,271,72
1305,374,0,0
0,0,0,25
0,0,0,81
1797,723,0,77
0,1285,213,0
1112,471,184,32
0,929,0,197
775,179,0,0
2689,0,0,209
3276,0,0,332
198,0,45,5
0,30,10,11
2025,0,323,0
2216,1009,0,284
34,0,0,0
29,0,5,1
0,594,437,113
0,945,332,0
0,33,33,0
2950,1275,311,714
1986,528,228,300
57,14,19,1
581,152,71,0
0,642,0,0
76,0,0,0
1488,520,448,0
1859,827,0,157
0,0,308,0
0,0,0,5
0,650,268,0
0,0,73,0
0,0,0,13
0,0,0,189
1182,311,159,98
845,0,0,58
2129,927,0,90
3190,1301,304,0
1305,313,0,0
2685,623,245,0
0,46,0,31
101,0,0,0
820,229,157,0
737,0,0,0
2127,0,0,52
0,0,44,0
0,0,180,268
0,0,138,0
0,0,434,72
0,318,0,0
1050,282,89,141
0,822,387,92
140,0,33,0
69,20,19,0
1290,361,154,137
1261,371,109,61
0,177,51,0
1305,0,0,0
0,0,82,52
2426,741,197,0
0,101,0,9
1948,772,494,93
1688,0,223,0
0,1765,0,0
0,683,313,76
3194,1591,553,0
831,0,217,24
0,628,210,0
593,182,0,0
2390,657,545,0
540,0,0,25
1139,307,166,0
1615,623,0,102
0,480,289,0
72,0,0,0
550,243,79,50
0,633,0,0
197,45,35,8
866,0,189,32
0,181,0,0
243,72,0,0
0,1299,0,0
402,0,0,0
1507,396,274,83
457,170,74,34
2649,686,590,139
1359,690,291,0
1403,0,117,0
3254,0,770,0
285,0,0,20
478,0,0,0
2007,0,0,279
987,145,176,0
0,112,48,16
287,0,0,22
2848,1296,360,657
0,25,21,0
3002,0,0,0
0,35,0,3
0,120,0,0
0,0,316,33
1716,0,0,54
0,0,0,24
2387,1092,223,509
184,54,35,6
1654,0,198,283
0,0,431,72
764,194,72,121
2126,791,0,0
0,0,130,64
3120,0,0,0
0,0,25,5
605,0,0,0
1800,621,413,58
0,613,0,62
0,1345,0,0
1201,498,198,59
0,199,0,0
584,0,168,0
0,254,186,0
1610,301,0,101
0,491,0,369
113,39,35,2
0,0,154,178
0,82,0,0
2397,944,227,713
830,260,128,95
517,201,0,17
202,51,0,7
0,391,0,28
1820,528,0,77
0,954,0,0
947,0,242,19
2688,0,0,600
0,498,150,323
157,0,50,7
0,0,34,0
0,0,0,212
1492,433,0,273
1609,583,0,0
0,558,106,248
2336,0,590,88
2394,802,0,407
0,720,0,416
804,0,278,32
378,131,0,0
0,403,0,0
1238,467,132,0
1686,0,0,61
800,0,0,0
2363,0,294,0
0,177,0,0
0,72,76,7
1514,474,132,282
638,185,162,23
0,193,0,78
0,139,0,22
599,0,0,114
0,259,0,44
0,39,55,4
1699,0,162,0
0,280,54,0
757,215,176,20
0,125,68,114
0,0,173,48
1769,0,0,71
0,105,47,0
0,1074,530,102
0,1461,0,0
1389,0,0,54
0,480,0,0
1407,350,0,81
177,51,68,5
0,1484,349,698
1231,365,77,107
877,435,0,0
299,101,0,35
124,0,12,9
0,210,72,0
0,437,219,51
3329,2089,1042,307
609,171,0,100
0,164,107,7
2216,0,0,0
1786,0,556,70
2343,1234,0,0
722,264,0,32
0,8,0,0
0,372,184,100
0,0,169,0
1383,0,229,0
607,244,0,0
0,0,124,0
325,134,27,77
1313,576,276,54
162,38,46,0
1266,0,322,29
422,143,97,0
0,36,3,4
1408,0,210,0
2140,0,479,232
0,514,110,0
976,501,222,76
2622,0,269,331
0,84,43,0
1917,742,0,0
1916,0,0,0
126,0,0,3
1083,340,103,140
0,671,490,116
1232,454,288,52
0,0,379,60
542,0,0,0
0,0,251,41
0,40,0,4
1615,717,0,112
1750,0,443,0
0,403,324,26
153,52,36,4
784,0,127,0
1503,673,155,118
1659,569,392,24
3023,0,379,0
0,0,25,0
1912,851,0,94
724,0,49,14
999,379,176,0
0,462,0,291
1928,376,364,127
790,231,73,83
518,0,50,54
1765,839,298,0
3301,0,0,737
1294,399,0,205
1343,0,347,30
0,767,224,91
714,224,176,27
0,0,33,0
0,0,348,0
1254,629,0,0
0,636,295,136
0,189,0,108
0,21,9,1
110,55,14,5
0,738,0,400
2685,0,315,403
0,285,0,16
1134,325,131,116
0,22,0,0
2566,1102,0,674
2294,794,232,0
0,778,256,0
0,1504,270,444
0,491,0,23
0,810,0,0
2496,0,0,0
757,0,0,113
2465,1199,609,0
2921,609,1039,115
430,0,0,0
0,0,444,0
2171,833,0,314
823,0,131,0
0,767,425,0
1683,1003,218,0
907,0,274,32
0,0,87,0
446,0,0,0
287,121,26,53
1398,0,96,175
862,0,0,69
0,19,0,0
942,0,198,29
1248,481,257,52
0,487,0,49
575,138,0,12
0,600,88,0
1503,0,0,164
1773,0,0,58
2609,832,0,0
0,60,0,36
0,0,181,51
1247,332,0,20
0,0,284,163
0,748,342,0
471,173,56,0
516,0,48,56
0,673,543,58
872,251,0,85
340,88,43,0
943,0,0,43
0,0,72,0
0,1331,402,0
0,863,239,0
0,440,0,0
0,0,306,0
1431,525,161,0
1187,0,108,0
1890,664,461,0
441,161,53,0
0,0,318,208
0,0,511,0
1613,0,0,100
685,134,78,47
1930,501,0,0
1494,394,398,41
843,421,206,0
2137,0,308,205
0,130,93,6
1676,895,0,0
0,421,0,0
0,607,0,0
3226,0,0,156
666,0,59,0
2204,784,405,0
0,299,60,70
0,216,81,233
287,60,62,14
1929,898,0,144
1986,647,149,0
1497,363,353,104
812,299,0,0
35,11,7,0
2006,0,322,123
2443,841,724,88
3240,1806,263,654
2119,466,416,0
1811,732,0,95
792,0,156,17
2954,0,488,411
2270,0,603,193
2186,1011,0,170
2117,882,172,0
262,101,50,22
0,0,0,137
77,0,0,3
0,0,0,598
2337,861,0,0
2864,0,796,0
1366,494,335,71
1800,378,0,112
0,1269,0,0
0,0,0,21
3208,0,334,0
0,0,248,457
2245,0,241,244
435,0,45,24
2316,1241,371,0
144,52,26,0
1368,0,281,52
0,546,508,61
0,1436,457,0
1209,0,0,142
1025,0,184,0
724,180,141,46
1381,461,366,19
0,81,0,4
274,92,0,14
0,1215,285,332
0,36,0,6
956,320,95,0
138,32,0,7
0,0,0,136
513,182,165,3
586,0,137,39
109,0,12,3
0,315,181,0
3235,0,0,0
1243,296,0,64
0,1340,0,0
2396,1138,394,246
762,277,0,0
290,0,0,21
479,171,104,0
0,0,0,416
0,255,0,138
840,0,0,24
0,128,53,0
2684,1384,0,0
1956,0,495,127
0,319,144,0
0,1287,286,268
1029,0,298,35
1810,694,0,228
246,0,0,0
2247,840,226,311
0,0,48,0
1313,531,0,66
1803,635,0,0
0,272,0,0
132,0,0,5
0,148,0,0
762,171,68,0
1392,444,0,209
2402,0,0,75
2592,1162,857,148
0,0,557,0
0,46,87,18
1849,839,143,295
2670,0,714,227
0,0,0,39
627,234,130,33
141,41,0,7
2030,623,326,0
675,304,61,23
545,226,0,0
0,129,0,14
1211,230,317,44
0,0,342,0
730,126,0,0
1029,0,0,0
685,0,189,30
2336,877,442,0
0,0,101,22
0,580,152,187
1961,497,0,64
0,0,0,14
3194,1310,0,493
2458,0,600,198
0,539,0,89
2260,0,344,291
1435,489,164,0
0,914,516,89
0,223,0,0
767,0,65,53
304,68,0,21
263,93,0,4
0,0,279,310
0,169,146,0
2095,699,0,0
0,296,98,97
1134,0,0,0
1504,478,140,0
660,177,0,81
0,537,0,43
1290,392,0,101
1188,409,0,0
1799,924,0,99
661,117,0,85
2040,1266,0,0
1185,689,0,0
3119,1033,487,226
2940,1450,370,244
1828,466,201,98
3122,1654,0,465
1684,588,176,244
512,0,0,0
3133,0,464,0
1913,0,0,93
0,212,33,0
2998,0,308,0
0,0,55,14
0,1036,428,0
0,330,111,40
984,0,232,89
65,16,7,0
2332,799,0,0
1246,0,272,0
1373,0,0,163
1415,708,0,0
408,139,99,0
2534,1183,359,0
285,93,0,23
1900,605,0,124
927,0,257,0
421,152,119,20
0,152,0,0
1191,531,0,82
1611,592,474,36
385,128,82,19
2021,0,204,205
0,363,437,25
516,138,70,30
2353,710,0,114
446,154,35,73
2915,0,670,0
0,1371,0,0
925,278,245,24
1606,379,342,90
664,0,174,0
547,200,0,0
1211,257,0,184
479,0,37,70
0,18,4,0
0,0,342,0
1391,431,0,120
0,0,73,26
748,279,0,27
1419,0,0,53
347,49,111,0
273,0,58,6
3021,0,407,0
1024,343,104,58
1336,698,189,57
1409,539,0,137
1968,0,202,0
0,529,0,69
0,200,92,19
0,358,81,0
2444,0,0,158
1511,0,0,0
0,231,0,90
1663,596,326,0
0,0,103,0
0,397,223,144
0,0,0,437
0,1006,750,111
1343,592,0,90
1378,0,136,0
2073,0,0,0
28,0,5,0
0,490,0,206
1574,769,343,83
2840,1151,684,369
0,20,0,0
827,0,96,0
0,119,48,45
868,261,0,0
0,886,260,0
404,158,61,0
1468,728,199,104
0,0,297,60
513,0,95,25
714,219,53,0
407,0,128,11
260,0,0,0
0,183,0,64
506,0,0,10
0,194,99,0
271,0,47,7
1239,432,128,143
412,0,48,0
1087,442,130,126
1894,0,452,42
2516,0,413,126
0,714,226,0
262,0,58,4
0,33,0,5
885,211,214,15
152,0,28,14
0,0,208,133
475,238,102,0
0,229,0,0
340,0,0,0
430,0,0,17
0,317,66,0
0,0,416,40
2189,0,775,0
2376,807,0,151
0,345,177,199
961,0,0,61
2542,511,488,0
0,1241,203,0
249,0,0,0
1785,589,0,35
0,542,501,0
0,340,0,129
2696,0,249,0
2074,882,179,346
1184,0,90,132
0,597,0,0
0,1342,0,179
732,230,179,11
0,0,262,0
1700,352,0,0
0,93,61,20
187,41,0,7
0,15,3,0
3121,1817,1108,466
1790,997,410,0
1021,0,112,0
2926,1424,295,372
0,51,42,0
297,95,0,0
0,269,89,74
0,706,203,367
0,0,0,108
1203,273,348,21
1317,0,0,84
0,0,0,220
0,237,0,67
873,278,197,0
0,95,0,0
3388,2175,588,577
1859,871,0,0
692,336,86,0
0,493,161,303
1051,0,0,24
0,1400,422,291
0,233,0,21
0,0,242,0
0,577,398,65
116,23,0,0
1491,0,0,0
227,0,12,45
0,222,0,0
601,88,128,18
244,76,0,0
2272,0,0,170
0,131,58,22
0,152,172,103
0,0,299,129
0,0,338,0
2089,876,521,0
414,142,0,0
0,0,37,0
27,0,0,1
0,20,18,1
1137,445,0,0
0,179,125,28
0,689,193,237
0,0,757,240
0,275,0,55
2735,0,298,491
2541,0,236,469
529,153,65,57
548,149,176,21
667,0,0,39
0,0,0,169
0,0,79,51
0,1769,539,0
0,636,0,0
865,0,205,18
3039,0,435,0
132,0,38,1
328,0,0,30
0,174,95,30
0,0,142,0
1475,534,341,59
613,0,114,18
0,12,0,3
1167,0,0,88
695,0,0,38
0,105,116,28
1668,608,0,114
0,0,27,0
0,626,337,317
0,15,0,2
0,176,93,0
2401,993,188,0
356,92,36,0
976,332,244,20
117,26,37,0
521,111,97,17
2167,0,0,152
823,378,227,75
1301,616,160,257
220,50,0,10
158,34,0,4
1502,696,294,75
684,354,129,34
648,0,162,0
0,1473,695,265
2128,0,497,0
827,0,0,71
134,0,0,0
525,123,0,17
2370,1306,612,0
1489,721,229,0
1125,415,139,84
934,0,85,0
507,0,65,0
0,293,89,44
531,0,74,0
0,426,228,38
0,719,0,0
0,518,0,43
2431,761,255,0
0,0,0,101
0,133,0,48
0,0,81,0
0,121,144,15
594,291,0,77
0,0,0,23
0,0,150,0
0,39,0,8
0,118,0,0
281,82,0,0
119,0,33,2
0,0,0,207
0,560,146,0
0,429,0,0
848,341,0,45
0,46,52,12
2751,1572,647,181
0,88,0,0
215,0,0,0
0,141,0,16
0,0,232,0
2121,417,714,0
0,0,387,131
0,871,193,339
0,0,333,0
1535,642,274,0
0,634,0,0
191,35,0,7
0,0,0,503
0,0,85,0
1137,0,78,109
2784,1485,881,253
2578,932,399,0
0,101,0,69
1348,560,277,0
0,403,163,60
605,0,226,0
2038,0,0,116
2557,878,0,0
1581,0,574,50
1734,747,0,262
1813,981,0,0
0,0,256,0
818,218,0,70
516,0,76,0
0,0,242,79
0,796,0,0
1915,923,371,0
2537,0,535,0
353,87,40,62
1775,808,223,0
1557,0,153,0
1062,464,299,30
0,1653,335,0
1837,0,170,154
665,0,71,37
2604,1054,552,0
0,0,116,15
0,871,223,0
0,1080,513,0
0,0,0,139
0,639,406,115
220,92,0,0
0,0,0,182
943,0,169,66
2193,977,0,382
0,0,0,79
1913,0,0,97
159,60,28,0
1362,627,0,63
0,0,436,90
767,266,0,41
0,37,28,0
2268,1014,397,0
1389,0,0,0
583,154,0,27
0,509,0,11
2112,0,0,0
0,169,306,4
152,50,37,7
2796,1489,333,826
3089,0,0,226
1806,1181,541,0
0,1186,738,443
1153,400,189,0
1056,514,154,0
0,0,90,67
0,1258,400,611
1332,0,0,0
0,353,296,0
0,0,64,9
0,2028,0,229
0,0,95,34
1303,422,219,0
1983,0,0,181
1236,557,129,0
1119,318,259,0
1010,0,271,27
2538,0,0,172
0,0,0,29
944,191,0,30
0,88,101,0
1310,542,161,0
590,147,146,0
2601,0,415,136
1147,511,165,68
116,43,22,0
0,533,0,0
0,0,264,8
1555,0,0,112
0,0,123,101
144,47,36,2
1641,643,120,0
2798,0,0,306
131,0,14,9
0,455,0,57
732,0,212,0
760,219,0,19
1234,0,0,123
0,73,0,0
724,0,144,30
0,623,0,289
1684,0,401,144
657,0,173,0
0,0,27,0
0,864,194,359
0,0,50,15
1952,672,383,63
370,0,30,12
0,0,395,48
495,0,0,0
2219,1454,247,0
3040,1088,282,0
89,0,28,0
0,1881,391,0
2942,2105,338,443
0,176,149,10
0,0,38,60
0,0,0,138
2848,1110,238,247
0,0,124,324
2557,0,867,221
2464,0,0,0
199,26,0,0
1662,670,251,0
0,0,0,10
164,0,47,0
2474,0,0,233
0,0,0,94
313,127,59,0
0,690,904,0
0,13,11,8
1018,0,215,65
2849,1576,0,0
0,879,0,64
1915,537,0,44
1761,571,0,290
800,320,82,0
3021,0,315,385
444,0,43,0
0,0,140,0
0,490,0,82
2580,0,431,0
0,446,187,117
309,89,53,0
0,0,221,0
1090,0,0,0
0,0,267,0
1237,497,0,170
1410,474,205,0
1239,0,0,56
0,0,327,263
0,503,248,44
0,45,0,5
432,167,27,53
0,713,0,98
2081,813,0,296
2223,512,0,203
1714,0,521,47
0,0,477,47
0,872,252,194
973,0,189,49
1025,0,192,58
1186,0,0,114
973,0,69,172
1301,0,0,201
0,0,48,0
2359,0,239,249
336,0,57,16
0,583,153,68
0,393,0,0
666,0,136,0
2176,754,588,79
1767,730,180,0
967,369,97,41
2049,0,329,202
1273,0,0,0
352,100,70,0
2291,1266,442,0
1703,0,0,30
2748,1210,213,0
0,1403,0,134
1360,566,323,46
492,165,45,0
838,0,233,66
718,231,43,0
2966,1075,352,625
2740,1293,378,298
2082,776,403,0
0,0,9,1
667,231,157,0
1185,467,257,66
1289,230,0,13
0,497,0,64
2820,0,693,0
2459,0,661,0
0,890,547,270
0,199,74,130
0,40,0,5
0,81,106,0
2457,0,206,228
1534,604,0,105
1503,0,132,0
289,0,0,0
0,84,0,12
2036,0,0,124
969,283,261,30
955,203,0,51
0,645,0,90
862,0,91,218
534,126,107,12
376,0,0,0
72,0,14,1
0,1178,621,0
425,231,0,11
0,467,0,0
0,419,250,17
0,126,53,0
103,0,28,5
0,925,240,0
390,0,0,5
1087,0,0,0
2268,970,293,233
0,629,279,112
760,192,68,0
1043,319,0,44
935,313,0,64
0,0,543,127
1982,684,302,257
352,0,0,0
2586,1106,629,82
0,664,0,322
0,262,70,0
2179,839,337,121
556,0,0,0
1137,283,0,55
0,0,21,0
0,0,0,52
1373,0,0,114
2526,969,260,0
396,141,52,44
0,252,0,66
0,156,0,36
0,430,113,219
149,0,30,2
1732,692,324,0
952,224,216,40
2421,1283,0,216
460,0,47,58
0,0,347,0
0,514,0,0
0,889,274,168
1100,464,0,0
2078,796,0,0
1542,0,0,41
0,1708,0,233
660,114,0,25
0,0,218,134
0,264,56,0
209,39,68,0
240,114,20,0
875,0,0,0
1008,460,356,61
0,0,226,0
1960,545,200,388
0,616,0,0
2783,929,0,81
0,898,0,0
634,145,0,89
0,767,0,113
559,0,0,0
0,0,539,63
0,725,0,317
0,456,115,251
305,168,85,10
2768,1624,348,0
3071,1636,404,315
0,202,145,22
0,0,611,65
269,107,0,11
2972,1140,236,583
534,0,144,0
2351,1246,553,211
1433,0,0,116
821,194,0,0
0,605,134,145
0,0,22,22
0,38,22,21
2299,1442,0,332
831,0,96,62
279,95,0,0
558,0,167,0
0,0,22,0
0,0,173,369
838,0,82,163
0,589,443,0
0,552,178,62
0,557,135,0
2380,0,244,452
583,0,109,0
1480,0,167,0
0,57,81,17
2020,827,0,0
0,491,143,94
3242,1630,446,391
1437,0,118,160
0,0,234,313
891,325,0,0
547,107,65,0
3027,2250,0,539
537,215,52,54
549,0,0,0
1531,0,0,262
410,104,0,60
137,40,27,11
472,78,0,10
0,176,132,69
0,0,0,34
0,0,412,0
0,0,0,285
1889,880,333,95
0,0,142,0
0,249,73,0
0,491,0,68
303,0,53,3
0,876,0,0
3076,1476,437,196
805,0,59,0
0,0,0,98
0,0,46,5
0,0,0,121
2020,1114,206,0
0,0,666,89
1410,0,96,220
689,297,0,53
1663,0,424,58
0,0,0,95
0,896,0,0
1534,488,0,84
0,135,35,6
0,1817,659,266
99,0,29,0
0,0,0,95
0,123,47,47
0,122,32,69
3006,1684,321,925
0,0,0,82
0,353,331,0
0,84,44,18
0,0,0,18
2517,1015,349,0
450,137,58,0
580,219,136,19
761,261,126,0
2564,917,235,252
0,343,199,0
0,0,0,22
1736,0,0,0
0,0,81,35
0,780,323,171
1458,0,0,128
3026,0,471,0
1320,321,0,53
1279,0,0,72
1729,0,291,0
0,0,243,0
1862,920,167,0
362,0,0,8
176,0,0,0
0,15,0,4
0,13,37,0
0,0,7,0
0,70,30,0
716,278,0,0
0,92,36,7
2447,0,0,406
1464,0,0,43
0,0,370,117
0,993,181,162
857,208,94,0
0,436,285,137
1454,426,0,74
2009,1123,439,0
0,0,134,151
0,0,239,506
1703,0,378,0
0,599,385,79
0,1746,771,191
219,47,24,0
920,0,254,0
0,361,0,117
675,0,36,87
869,328,119,54
0,58,0,0
0,922,271,75
1446,0,0,71
1199,481,126,26
475,0,0,0
0,1662,410,376
2626,818,228,403
0,1184,0,0
0,57,70,0
171,0,0,0
2479,1280,193,288
1174,317,0,150
1836,0,565,77
733,234,0,130
111,42,34,0
2248,968,0,0
0,0,60,82
719,0,86,122
142,0,39,3
584,0,0,19
2074,0,155,270
728,264,0,37
0,880,246,566
977,0,229,0
1993,0,207,159
746,0,140,24
941,271,0,0
1795,586,0,132
2614,1092,392,135
2999,1699,283,279
2424,0,341,183
0,0,47,8
0,0,427,92
2259,0,0,0
0,0,0,54
2510,0,598,108
444,143,0,0
792,361,94,59
265,0,70,10
266,0,12,37
0,0,0,9
0,939,0,263
0,532,0,143
430,98,0,8
2339,1223,0,0
0,0,548,0
2939,1607,374,0
1421,0,0,0
3124,0,346,0
1426,429,0,78
921,373,0,46
1824,813,0,0
1141,445,253,29
0,584,0,275
1588,0,0,92
709,0,0,0
0,386,0,0
465,246,0,0
1143,489,0,0
0,111,0,0
263,0,0,0
1354,513,344,148
2290,1028,654,0
0,1514,0,0
0,151,0,0
667,0,0,38
1515,676,0,80
1975,0,168,0
0,0,67,0
1214,473,240,0
108,0,34,0
0,350,0,0
0,1085,827,53
0,0,0,269
3002,1781,0,0
515,0,84,0
0,0,0,6
703,250,0,27
388,226,137,0
579,0,0,0
0,1212,319,146
491,262,58,36
253,107,0,19
1225,356,130,286
0,0,31,10
0,54,15,0
504,136,50,18
1453,389,242,111
735,194,0,0
0,1233,297,227
1263,608,293,0
162,42,17,12
2089,812,0,0
343,86,89,9
1527,0,0,82
0,80,66,6
1404,343,0,0
2175,857,508,0
2303,910,0,0
0,0,0,166
2270,800,220,0
2095,1264,520,137
3048,2386,0,0
1314,165,362,44
269,43,0,0
0,0,382,81
512,0,153,12
2452,1181,0,0
0,1145,0,0
1168,0,0,31
0,448,483,0
0,1072,0,276
0,0,0,193
0,0,0,7
786,0,0,64
232,82,0,0
0,290,127,0
134,0,23,3
0,0,0,44
700,397,0,0
1121,0,95,89
157,0,0,0
2195,0,0,0
2490,1427,0,409
0,586,187,0
1397,388,118,0
0,198,69,0
2229,1095,701,0
1045,253,315,0
0,1066,0,193
1742,511,0,154
1662,0,0,0
0,147,213,22
519,0,38,0
0,0,18,0
93,20,15,0
0,0,177,22
0,0,183,0
0,0,391,365
930,410,0,49
1817,0,142,404
2314,556,871,186
0,0,29,0
795,209,150,0
859,180,0,160
1931,792,349,95
1807,0,135,0
2320,993,348,0
470,0,0,0
691,0,82,43
0,1399,0,0
933,340,205,35
0,0,0,39
915,349,174,34
106,23,43,2
1730,657,0,0
2677,0,0,414
0,0,170,0
1667,704,130,228
0,1221,0,135
575,202,0,45
1068,355,73,70
2150,1237,0,0
0,0,348,124
1030,0,316,26
1730,0,119,166
1630,0,234,71
240,0,0,10
1106,232,152,0
0,0,108,0
0,0,0,43
1614,0,0,0
0,0,0,158
252,97,61,7
0,147,0,13
2843,1503,1082,144
0,0,125,0
91,58,13,4
70,0,0,0
0,36,0,5
0,297,110,109
1323,461,397,10
0,149,35,0
2406,0,555,0
0,1301,0,137
0,994,0,158
332,0,0,0
0,741,478,0
1892,776,0,0
0,207,144,32
113,0,18,15
0,0,45,0
234,0,0,26
0,842,0,0
0,101,52,0
0,0,477,107
0,0,21,0
1515,501,162,137
0,769,191,0
0,453,400,0
968,0,243,14
67,8,0,3
524,179,127,44
0,281,99,0
486,169,72,22
1497,622,168,0
0,16,0,0
1052,296,191,0
1860,0,194,353
0,0,89,25
1991,950,486,0
231,109,38,0
0,595,0,0
1712,841,191,0
877,0,0,58
0,0,0,80
0,56,0,29
891,256,178,45
0,39,0,0
0,0,117,16
492,0,54,39
0,788,155,158
1759,0,143,0
301,0,0,7
2419,1398,0,305
395,0,63,15
0,1215,281,348
405,0,0,16
582,169,41,114
0,0,0,12
321,0,0,1
0,41,0,15
0,210,0,0
0,256,0,0
674,256,102,0
944,250,191,0
0,651,0,87
1848,0,365,53
0,0,88,40
739,0,0,37
0,1386,762,0
0,528,0,0
2813,1322,401,652
1585,451,249,0
2802,1419,0,798
0,1092,206,368
0,656,348,0
1421,639,0,48
340,143,78,10
0,200,185,17
732,250,0,0
150,56,0,0
0,0,23,18
2600,826,0,0
0,79,0,11
183,36,40,4
149,50,15,28
0,541,176,0
1734,0,565,77
0,0,156,170
2172,1076,526,0
1841,543,223,0
1362,0,152,77
811,394,51,129
576,185,99,33
0,0,84,0
0,765,0,0
1125,0,0,0
0,81,43,7
153,26,0,26
464,163,101,0
392,0,84,0
0,0,0,528
598,239,0,20
0,0,113,64
0,760,0,0
1446,0,274,0
181,0,40,0
1757,571,117,243
884,0,0,50
0,121,0,51
2140,0,0,108
0,0,276,105
0,0,0,450
610,134,115,0
0,0,107,0
64,0,11,0
1549,0,156,0
798,0,0,0
0,0,0,35
0,353,0,21
0,0,108,18
0,0,0,182
297,79,86,0
166,39,0,0
2104,970,305,104
0,0,0,82
0,560,0,71
3037,0,836,273
2152,0,336,0
973,297,157,0
0,0,84,0
2763,1622,425,203
0,672,0,74
3112,0,989,312
0,130,0,0
530,268,0,0
345,0,0,6
2079,582,599,202
1125,406,306,0
2157,0,0,288
0,0,186,0
2935,1784,1098,0
0,139,0,23
0,0,0,84
2216,808,0,0
1145,0,287,0
155,0,0,0
0,2111,0,554
0,0,234,0
123,42,24,14
81,0,7,0
2069,709,0,0
0,283,0,33
0,0,113,30
0,0,351,0
0,0,327,192
2008,903,347,63
0,672,209,0
1824,668,290,92
0,76,34,42
0,479,0,0
2889,1673,0,129
2563,0,309,0
1233,414,0,0
2603,0,258,0
0,75,0,0
2758,0,258,0
1686,574,0,252
760,0,0,0
0,0,382,150
0,0,222,0
0,0,184,51
0,751,601,105
1856,764,172,68
524,0,121,15
0,0,0,15
0,0,75,17
372,69,44,0
0,0,28,0
197,93,0,3
168,64,30,0
0,31,0,0
2880,1268,327,0
0,0,12,7
742,0,232,26
0,0,135,16
893,273,212,0
1107,410,0,33
0,283,76,23
734,0,0,0
795,323,72,0
292,0,25,42
0,35,40,7
2724,0,0,163
0,2,13,3
1513,0,113,0
2715,0,0,0
2527,721,297,760
1754,0,217,0
0,260,0,16
101,45,28,3
0,101,0,0
0,969,322,175
0,344,0,30
738,278,201,26
0,0,0,77
0,361,102,0
2564,0,153,0
373,53,75,4
82,32,23,2
2540,0,0,0
630,0,100,0
0,0,0,285
0,158,61,0
1666,0,295,0
1648,0,186,0
1238,154,0,72
2693,0,0,173
0,749,394,116
0,0,67,62
1413,0,153,0
0,135,0,64
2847,0,379,0
0,0,271,43
0,0,90,41
456,180,55,153
124,0,8,0
0,812,153,380
0,0,41,5
0,1344,0,242
766,188,0,58
2034,1115,174,0
1577,572,187,71
1525,0,233,79
1477,0,0,0
0,0,34,26
1088,0,265,74
106,34,0,4
537,202,95,16
115,42,0,0
0,738,365,55
1087,541,207,45
557,103,0,0
0,0,176,0
626,221,0,28
0,991,0,0
0,525,150,0
0,0,75,0
1871,0,0,78
453,110,66,19
1352,287,0,107
894,152,0,0
1542,615,205,0
1825,627,0,0
2061,0,612,56
2174,0,156,0
0,81,63,10
989,311,122,0
0,938,168,190
130,28,0,0
0,272,0,158
0,31,0,0
0,182,0,51
0,0,168,351
0,1850,527,231
83,9,12,4
1037,0,352,36
831,0,61,129
0,798,0,0
0,0,0,47
2114,1017,0,0
813,0,281,27
697,326,0,84
231,0,0,6
0,20,0,2
1761,0,0,88
1741,0,112,316
479,208,101,0
0,385,470,0
0,782,230,0
0,830,0,0
1937,0,572,108
1110,535,291,80
284,0,0,0
82,33,31,2
0,1113,0,0
2326,1683,492,0
2075,1170,585,134
2331,0,0,0
82,23,22,1
0,393,177,59
292,0,58,9
1379,0,198,264
0,847,0,251
1469,529,159,112
792,0,0,0
999,511,0,0
940,0,0,0
895,0,209,0
779,230,92,131
881,480,125,39
374,0,113,0
0,670,465,132
391,158,0,10
2228,904,0,113
0,0,227,29
837,0,0,110
0,639,221,441
146,35,19,24
2100,1061,0,150
0,0,0,5
0,110,33,34
0,0,0,61
270,0,50,0
1706,676,0,0
570,125,135,0
0,0,208,83
781,266,213,0
187,45,0,0
0,0,0,16
0,0,171,0
301,106,71,9
0,172,61,86
0,55,0,6
735,324,225,0
1591,629,0,0
866,0,0,0
1750,0,141,0
0,0,26,58
1707,721,214,0
1006,430,127,0
0,0,186,0
262,0,81,15
0,183,0,105
608,0,0,0
464,156,110,0
947,396,0,0
1543,823,367,52
0,812,0,0
1424,494,389,27
507,137,45,123
0,208,153,0
0,0,70,10
0,6,12,0
52,0,0,1
370,0,67,0
0,0,80,0
1792,0,234,0
98,23,0,3
0,0,105,0
2331,0,0,362
0,392,0,47
481,0,122,12
0,0,100,44
0,0,0,221
1472,685,99,160
0,159,74,0
0,214,0,0
375,0,62,0
0,40,21,0
342,0,0,11
2307,1057,239,0
2066,0,585,103
0,0,106,11
161,32,0,3
0,44,58,8
624,207,0,17
307,0,58,0
970,362,169,0
0,145,104,0
122,0,0,3
1765,693,176,264
1882,702,0,0
713,0,0,0
0,24,0,0
2186,386,582,35
0,643,0,233
909,0,129,0
0,256,239,40
2546,0,771,0
0,0,0,50
0,0,100,0
0,376,80,114
959,366,78,108
3013,2133,433,469
0,451,145,92
0,0,97,231
0,0,0,185
1111,0,0,0
0,1088,0,194
2068,666,171,273
2164,0,703,62
100,14,15,5
1590,445,130,164
0,0,60,8
1846,867,522,0
0,623,460,0
0,0,0,55
676,247,0,42
0,0,63,0
0,0,320,204
0,435,0,0
376,135,0,0
0,1134,238,569
0,0,640,0
1661,614,166,104
229,77,0,31
967,494,0,92
0,1127,0,318
1541,723,249,108
0,643,212,94
2972,1377,603,0
0,52,31,6
0,0,0,33
1080,0,141,50
200,57,0,0
119,51,0,10
325,0,57,13
1209,198,299,0
0,937,656,113
2620,0,0,0
1764,0,0,0
2048,0,0,0
698,0,0,32
2349,1023,243,439
0,374,0,122
0,712,0,50
441,111,0,44
0,0,0,521
892,0,185,43
284,117,60,8
635,174,0,28
0,0,31,20
803,233,105,0
280,88,62,10
0,0,0,15
1363,693,372,51
2259,810,0,0
1941,0,190,0
0,1459,886,279
289,78,39,20
290,58,0,0
0,330,252,0
0,812,525,0
702,143,42,0
0,270,100,20
431,129,95,8
0,1255,291,361
0,0,0,141
2151,786,238,484
694,0,78,44
656,294,0,0
693,166,0,26
0,0,107,0
1134,306,336,79
2174,1341,198,499
0,737,0,0
1219,544,221,0
528,103,56,32
1278,441,114,0
510,105,44,73
0,0,21,4
2607,1169,0,108
936,0,0,51
2086,0,184,0
0,672,207,226
0,613,317,0
0,0,23,3
1840,665,0,286
0,421,0,25
0,0,0,57
0,1446,425,218
579,262,0,0
0,0,33,35
0,687,0,223
1209,0,0,0
0,916,0,0
0,121,152,35
189,32,26,23
1312,0,251,0
901,353,0,84
601,0,122,0
1092,467,0,54
2076,0,319,0
0,0,89,25
0,0,0,161
2200,0,0,0
2861,1903,428,607
1095,0,105,0
0,592,110,0
0,0,0,112
1411,0,130,0
693,155,123,0
184,38,55,6
2309,0,0,149
1897,525,0,0
0,352,0,58
1939,930,0,0
952,240,258,60
0,170,0,29
0,0,37,32
0,250,59,0
0,403,117,0
0,0,0,20
2530,1249,273,243
831,436,0,42
607,122,56,102
690,0,130,31
2531,1281,0,87
2609,0,207,135
0,645,0,0
716,0,62,83
841,0,78,0
0,31,0,4
2262,0,208,396
1419,587,0,0
598,0,0,26
480,202,126,27
2468,0,0,0
2414,1167,437,0
1283,0,0,0
70,0,16,0
172,68,0,15
2094,1282,158,0
1254,0,194,0
2846,0,334,666
0,0,541,0
0,1394,0,0
0,641,351,77
0,58,20,6
390,97,127,5
0,0,361,183
265,0,0,19
0,145,43,19
488,0,128,16
322,68,0,20
161,39,23,6
0,315,122,63
0,0,358,82
639,0,0,40
2351,1069,0,91
0,838,0,0
0,0,155,0
653,242,105,33
0,0,0,8
1651,0,229,104
2330,0,0,122
0,273,78,50
2863,0,757,309
0,1851,344,446
0,893,424,0
0,688,452,176
804,0,0,64
575,99,163,29
226,0,0,0
2116,666,192,0
1143,487,0,268
482,0,90,8
2496,1478,259,0
2252,0,223,324
0,28,42,3
158,40,0,11
2728,1241,0,609
0,100,0,0
0,0,23,0
1469,540,138,0
2288,1257,643,147
0,0,0,24
870,329,0,0
0,1298,0,121
2780,0,289,0
0,109,0,9
327,0,0,52
0,0,24,40
0,30,0,12
807,0,0,0
292,0,0,0
0,503,103,52
0,257,0,26
79,22,26,0
1800,796,319,88
1426,0,140,59
0,0,92,14
2179,820,0,476
0,0,900,0
2628,1735,498,0
165,0,19,8
0,349,242,0
2783,1226,409,298
0,0,342,0
2171,0,268,0
319,78,57,10
0,181,108,0
987,0,0,78
0,206,0,0
378,0,35,0
2159,0,252,0
2638,781,342,0
0,383,220,94
0,443,0,0
137,25,14,12
250,75,55,0
1006,261,129,179
0,0,558,0
1950,1012,0,0
443,0,40,58
2007,0,0,0
2594,0,754,72
1121,0,124,47
398,0,0,8
470,104,113,10
0,811,0,104
2157,759,222,97
0,1118,542,223
1658,570,297,0
1077,525,244,31
0,48,0,5
0,343,191,64
0,94,0,16
215,60,77,15
957,443,315,0
0,0,0,75
2512,1661,0,124
0,539,0,86
1366,412,0,59
0,0,72,28
0,0,0,5
2930,1048,0,209
0,382,0,57
1362,580,0,0
2271,0,302,0
983,0,162,81
0,866,398,104
0,0,211,233
0,390,0,78
0,962,241,194
0,0,157,94
894,298,0,0
1196,0,368,42
0,0,137,288
1854,0,0,68
0,0,543,0
935,264,115,0
0,0,482,95
0,0,0,95
680,0,0,0
0,666,203,0
1885,954,0,261
0,227,0,0
0,216,107,0
1286,457,0,0
263,0,40,0
75,4,10,0
0,432,87,98
2189,0,372,118
2149,966,0,442
1391,613,0,302
758,0,0,0
2471,0,475,134
69,15,5,0
0,27,0,0
161,0,0,0
0,13,3,2
1476,703,0,0
1101,0,0,0
1956,0,316,0
0,77,8,5
379,0,0,28
0,656,600,0
0,710,609,146
177,51,22,24
2640,0,0,0
1735,843,185,211
0,0,248,0
0,0,97,0
1051,312,176,0
0,0,131,0
0,0,155,9
529,0,0,67
617,169,0,0
0,38,26,0
511,190,70,0
1692,640,0,71
2158,686,0,109
797,243,0,33
1377,0,198,0
2454,0,328,0
1093,580,141,53
0,1469,508,0
687,0,0,21
0,0,106,25
0,425,0,0
119,35,0,2
1228,470,0,59
1411,552,0,57
1267,692,0,0
0,841,556,103
1610,377,0,0
0,0,0,83
0,0,257,0
0,957,0,373
870,0,0,248
0,1082,548,0
531,0,0,0
0,1154,0,292
0,386,220,0
0,138,105,0
2135,0,0,55
0,153,0,46
1587,598,416,77
347,0,23,49
1348,419,426,0
268,0,77,0
2354,0,178,151
824,286,0,46
2925,0,378,0
2100,1236,535,50
1146,265,356,0
0,0,19,5
0,0,187,197
0,660,328,106
0,88,48,0
1841,0,0,0
58,0,8,5
0,0,570,223
1806,790,195,60
2045,785,591,55
0,197,119,0
702,0,66,0
1423,0,303,0
68,27,0,4
795,182,118,85
738,308,138,42
2186,1037,0,161
0,648,433,0
2857,1564,0,838
720,208,158,0
2489,0,0,0
1914,868,0,0
236,0,50,9
0,0,80,0
0,0,66,0
0,228,255,0
0,73,0,11
0,0,303,0
0,807,0,86
0,0,47,0
271,0,41,12
0,307,233,55
976,278,223,75
625,224,81,78
1399,0,0,0
1743,0,194,0
677,0,73,0
0,791,0,0
1030,428,252,0
0,319,88,0
1245,0,0,45
0,432,0,0
380,248,84,8
1874,896,248,219
0,127,0,22
892,0,194,0
1181,701,0,0
1490,0,0,69
1776,626,0,85
721,0,86,0
0,779,417,449
1494,0,0,220
0,0,693,39
636,0,170,0
678,0,0,0
0,175,82,0
0,1075,0,0
0,245,0,25
0,0,29,0
2969,1387,374,170
1462,0,0,50
0,0,174,424
1449,0,0,0
86,26,17,8
402,105,0,12
0,350,0,123
96,18,0,1
0,0,366,0
634,304,97,18
1672,696,117,0
0,0,0,16
0,0,57,11
0,254,0,0
1451,375,0,162
2536,0,220,158
0,70,63,0
599,115,0,19
982,0,0,91
0,679,112,148
797,412,0,63
1966,0,0,0
0,0,68,64
699,123,171,52
0,0,216,0
0,104,0,0
705,255,0,0
1867,569,162,337
0,0,585,0
1262,0,0,0
2098,638,0,0
2566,1213,0,0
0,0,0,135
0,0,0,106
1134,0,146,177
0,0,0,118
0,0,163,56
709,293,0,0
0,125,0,0
0,0,89,0
864,0,0,51
379,0,0,17
0,0,0,99
131,0,45,0
2524,894,298,0
1513,645,0,0
773,0,90,0
263,63,0,11
615,0,0,43
0,1149,267,0
2631,0,596,0
869,237,0,182
0,343,218,36
0,0,32,7
0,0,403,67
0,0,282,0
1667,0,0,0
2709,0,0,0
480,178,57,35
1176,340,0,62
0,0,0,318
0,671,224,232
0,178,50,14
2046,0,0,0
112,44,0,0
616,0,0,29
0,0,423,33
1751,566,0,342
0,0,0,30
1333,511,314,0
2851,1634,365,494
879,355,106,149
0,60,0,12
1606,493,0,367
362,0,68,9
1443,0,0,0
195,99,0,0
397,0,123,10
0,0,302,331
1464,0,175,63
1662,0,0,226
2314,0,0,178
0,0,158,37
0,0,0,372
244,0,0,22
1266,349,0,0
807,390,83,0
0,0,0,190
0,0,120,0
0,124,0,110
1965,747,542,122
1591,0,0,65
2379,1153,0,0
0,0,718,128
294,0,0,16
395,0,50,39
0,0,111,29
542,91,0,31
1231,417,0,71
2084,749,628,226
870,314,232,16
2047,1028,0,94
283,77,31,75
2286,919,829,144
320,0,72,0
0,664,360,0
0,0,92,0
1622,733,213,0
66,0,0,11
0,0,108,60
73,22,28,0
1915,834,0,187
179,60,54,19
0,590,150,85
224,0,35,0
0,47,0,0
496,138,141,0
665,319,152,0
908,0,0,0
2885,1689,357,421
0,107,0,0
1435,0,296,0
0,1028,0,167
2232,502,0,117
212,0,43,0
229,0,0,31
0,392,97,34
871,0,0,57
1228,532,245,0
122,25,31,0
0,0,98,107
0,0,387,0
410,0,91,45
0,820,258,206
1963,0,231,177
2684,1779,0,0
1778,0,0,147
0,0,0,12
2058,639,394,0
601,330,0,21
0,79,0,0
2730,0,249,0
1982,767,213,317
521,150,0,47
467,0,0,29
0,285,47,100
1799,0,227,133
846,297,0,113
0,129,90,0
574,414,0,66
442,0,0,57
2335,0,415,0
1330,0,0,44
0,391,0,0
1486,425,295,74
2620,0,0,0
0,1483,278,0
1362,0,225,121
841,275,0,0
2070,0,513,0
0,0,41,0
0,0,0,66
0,163,51,33
0,0,311,40
1700,538,0,191
1120,471,121,65
89,11,15,6
0,1137,1035,0
2471,776,599,533
0,0,0,182
2947,2356,659,906
0,0,0,136
0,31,0,0
0,254,0,62
171,0,45,0
2516,1601,393,252
0,0,0,29
682,0,0,21
0,0,0,121
727,0,103,0
0,629,0,102
1761,675,452,0
62,15,0,1
1972,581,0,224
2279,0,317,166
0,0,196,0
0,975,0,276
2038,0,718,359
2570,1029,1114,0
1016,425,126,69
1749,0,0,0
1732,0,0,335
0,78,24,0
2474,1888,430,260
0,0,188,110
1345,389,0,0
0,148,85,13
0,1539,0,176
0,0,666,0
0,173,0,19
562,0,114,23
0,0,130,9
0,0,162,8
80,0,19,0
505,206,0,13
0,126,52,0
0,447,0,0
0,145,49,13
1176,495,0,51
381,107,74,50
889,426,0,0
0,0,0,75
0,700,0,0
1104,401,0,0
1442,449,0,96
0,0,34,7
0,0,0,50
397,120,62,14
0,0,240,58
0,0,291,0
0,0,260,47
0,426,410,132
0,638,113,0
0,0,0,55
320,0,31,0
2148,842,606,284
632,245,173,0
484,0,95,0
626,165,165,12
2164,1196,475,0
0,14,11,18
0,42,0,0
225,0,27,0
1614,0,0,0
0,241,223,0
1843,538,0,461
2082,0,246,283
0,559,0,0
0,410,227,131
2469,836,0,0
0,82,25,20
1811,984,0,303
1632,479,0,82
0,71,0,13
859,0,185,17
2188,0,226,188
0,37,27,3
0,1254,0,639
1133,451,0,0
2569,2199,0,0
968,0,142,0
0,0,0,35
561,0,83,0
0,0,285,160
1477,461,239,0
3030,2061,0,0
2236,540,0,0
1627,401,343,0
1123,0,95,0
39,0,2,0
0,0,271,0
2739,1830,308,435
2836,0,0,831
981,335,0,55
0,0,0,274
804,0,0,28
0,0,159,0
0,0,0,0
