11000 2
0,2191
2298,0
1272,0
0,184
1982,769
0,884
0,2009
2059,0
986,0
0,1520
1777,0
1818,0
1463,0
2813,1150
1862,500
0,548
717,438
0,1351
0,717
0,634
3100,1775
0,845
693,0
2942,1668
0,733
0,565
0,388
1075,0
436,0
499,0
3352,0
0,247
0,1341
2477,949
0,78
0,1282
0,281
697,206
2831,0
2059,585
0,278
3338,0
0,106
1674,559
326,101
373,0
0,508
0,296
0,90
0,207
0,132
0,110
1822,0
0,1716
0,999
223,90
0,106
3602,0
571,0
2889,0
2588,0
1119,347
0,287
0,129
2050,913
0,426
2287,1130
1718,0
1448,592
0,723
1304,0
1592,0
0,141
985,0
701,0
340,0
361,0
3107,0
0,1822
0,447
845,0
0,1785
112,48
2903,2107
0,863
174,0
812,0
1910,730
2056,0
0,311
1754,0
1251,0
1555,0
2498,1250
2922,1652
281,0
1748,0
0,239
0,589
0,593
0,684
2339,0
1773,0
0,747
0,210
0,684
170,62
421,0
48,0
2477,0
540,186
547,164
2003,1322
0,944
2860,0
0,1211
878,0
2745,0
0,1338
0,424
0,807
3227,0
1489,765
0,128
1727,0
2832,0
0,1142
2549,0
2661,0
0,1437
1405,0
1356,425
0,299
2519,0
400,172
1708,668
0,629
0,588
0,1684
2483,1213
0,173
2513,1269
1130,0
0,212
728,256
606,0
449,155
0,629
2747,1949
0,299
121,30
342,0
2011,0
3244,2170
719,0
0,810
0,122
2239,1021
0,769
3235,0
2521,1048
0,865
465,0
0,85
0,677
0,427
0,27
0,337
0,133
2787,0
1991,0
0,87
0,56
0,162
0,1700
1986,815
1888,0
1378,322
1270,0
3046,0
528,0
1690,0
2869,1681
2427,1044
0,882
157,69
0,1329
2859,0
3031,0
0,170
1964,0
1078,0
1077,426
1859,0
2289,1442
0,274
0,165
0,75
270,90
0,79
2183,0
1469,604
1962,475
1136,0
1766,676
3204,1675
0,533
0,722
2668,0
2280,0
0,588
2283,759
702,0
3132,0
897,0
618,0
3465,0
0,1525
0,742
0,902
380,0
0,96
802,182
0,841
939,0
1731,0
2171,0
1439,0
0,143
1667,0
0,340
508,0
0,778
0,285
0,80
232,112
754,0
0,808
0,928
0,1823
1783,648
0,125
0,523
2456,471
177,0
2401,1342
0,217
0,202
0,1700
2147,0
1372,0
139,64
395,0
1853,0
101,0
753,0
0,634
0,883
0,319
2814,1633
1066,0
1141,539
0,1455
0,1007
0,806
72,0
0,124
0,370
2688,1058
1163,0
1030,435
2589,0
0,803
0,941
2519,769
0,411
0,152
0,507
2191,0
0,119
0,1015
103,45
0,424
0,629
0,418
0,1680
1574,0
2577,0
2636,1302
538,283
0,174
2129,851
447,0
0,721
0,652
2756,632
0,675
2904,0
0,1124
2843,0
2570,0
2590,0
1125,0
0,366
274,116
0,302
3122,0
1153,448
2519,602
0,444
905,0
0,175
949,246
0,615
1338,0
0,99
247,100
0,1502
3162,1778
0,420
0,1164
1040,0
1945,0
0,627
0,148
0,276
0,377
1686,607
1516,0
271,85
0,86
0,2275
0,1519
0,174
0,1119
0,227
0,61
3184,0
853,0
1376,359
262,0
68,0
1503,0
3122,0
0,600
0,760
76,0
1586,543
0,56
0,648
617,177
584,172
0,914
0,940
1646,0
1468,0
2516,1757
1758,592
454,0
1203,0
2647,1283
1816,0
0,658
2992,0
1731,264
2952,1590
0,1298
1589,0
2835,1000
1850,491
2995,0
3101,1479
640,0
0,1571
866,0
408,0
411,0
1207,502
1364,0
2351,1660
1456,521
0,36
0,757
489,0
0,744
0,92
259,0
0,685
0,726
918,0
0,689
540,0
0,152
216,0
0,764
866,0
0,688
0,1459
0,914
793,0
651,0
1145,0
737,0
2598,0
1411,485
1360,0
0,126
2975,1585
2892,1549
0,942
351,0
0,800
2558,1375
0,81
1461,480
1346,0
0,744
0,752
1485,0
0,1239
0,665
93,0
584,0
0,341
882,324
0,1032
3083,1035
333,0
2363,0
0,250
1421,0
0,1448
2373,1604
0,847
3328,0
0,422
2946,0
0,1172
313,0
174,0
0,64
1418,0
1105,0
0,531
0,1129
2267,1043
2889,0
0,730
0,139
0,1722
2030,0
0,307
918,0
136,0
782,0
0,947
0,1363
1482,0
0,240
2525,0
0,796
0,564
790,0
0,653
709,0
0,919
1327,0
1961,0
2913,0
2435,0
185,71
930,0
2662,866
0,313
2338,0
0,1218
0,1641
3167,0
2274,0
1898,718
0,408
0,507
0,798
136,77
0,346
260,0
2912,1465
1091,0
0,747
2026,818
1340,0
1280,370
0,591
2776,0
1083,0
2968,1267
995,213
2960,0
3257,0
3044,0
0,1461
1728,0
1935,0
870,0
856,0
214,0
533,0
2795,1416
99,0
0,170
0,2152
1378,0
0,1296
0,561
0,1139
0,66
0,697
969,241
1136,0
0,411
0,332
1114,0
0,476
0,510
0,285
0,1723
2442,687
480,0
0,314
2639,825
0,85
1516,678
0,302
0,1818
1083,0
1027,0
2410,1179
2017,936
1487,0
891,0
596,282
0,1236
1405,441
0,267
2095,681
0,347
1803,796
743,0
1438,0
207,95
0,309
2643,0
0,486
237,0
0,390
49,0
0,157
2408,0
0,913
2842,0
2378,1055
2045,0
2369,662
0,1062
138,63
1888,818
1634,0
2501,0
126,39
2816,0
0,159
1451,634
1094,0
342,104
0,81
684,0
0,239
0,361
1772,689
2267,0
1626,0
2688,1790
0,154
1219,0
0,310
949,0
61,0
2539,1005
1782,0
0,463
2687,1323
0,1268
0,84
0,843
0,98
0,155
456,0
0,604
630,0
0,397
1665,0
0,1527
1639,0
643,0
0,347
1928,0
918,0
1645,0
2232,0
289,0
2913,0
1481,0
0,513
1363,0
1568,0
1825,489
2302,879
0,1176
2224,0
345,0
0,21
0,968
0,1765
0,255
0,565
1667,0
1652,0
597,0
2847,1400
0,537
2419,0
0,435
877,360
2709,0
1505,524
277,0
0,1705
0,2075
480,0
860,0
1513,0
0,384
0,869
0,502
0,1616
0,177
765,326
1849,0
552,224
496,0
228,0
450,131
0,911
2500,0
3041,0
869,0
2369,1050
0,1861
2031,0
2002,0
2029,771
2769,0
0,644
0,116
0,528
0,663
230,146
0,60
137,86
254,0
1178,0
2068,0
1262,485
1958,0
1586,748
0,1533
2084,477
2764,0
955,0
937,0
0,35
1647,0
0,853
516,201
0,64
1384,697
2694,1280
0,470
2117,0
0,49
333,105
0,166
0,631
0,79
2777,1462
0,656
0,806
1594,0
0,100
0,848
0,800
2109,0
1051,0
1581,0
0,894
0,955
0,1116
0,209
1959,0
0,995
789,287
675,0
3094,0
1685,759
2005,0
551,231
1051,0
526,0
1680,0
0,301
0,665
0,228
241,0
3001,0
997,0
587,0
2860,640
1535,599
1425,0
0,737
438,0
678,0
171,83
170,0
0,514
2627,0
0,59
0,652
1276,539
0,1248
0,153
2600,0
368,109
2642,0
0,526
0,1343
867,0
556,0
0,762
2481,0
549,193
2717,0
0,616
986,293
0,612
158,63
24,8
1317,493
0,1082
0,920
1085,496
409,174
0,293
0,155
0,372
0,1258
1646,0
269,120
1377,566
3024,0
0,745
1735,0
571,285
285,0
2518,0
2256,0
1878,0
0,56
1149,0
0,102
798,0
1798,0
0,1118
1481,0
0,54
1236,0
0,759
0,653
1370,0
988,467
2186,0
2556,980
1653,0
0,386
0,250
937,509
2906,0
2770,0
0,1435
0,196
154,0
2037,0
2933,0
948,609
1985,1088
334,0
2188,0
0,204
220,0
1876,0
606,0
0,106
88,0
1993,0
2203,0
0,53
102,0
576,183
2405,1262
723,0
1213,338
1327,0
0,790
2429,0
0,295
2582,861
0,612
0,271
0,472
0,637
890,415
85,0
805,0
0,2232
0,693
947,0
1017,345
0,1304
1382,0
0,1253
0,432
2163,0
0,1322
2325,0
343,163
3246,1598
1765,0
0,620
2530,0
1966,0
1220,0
2884,0
0,1285
2283,0
854,0
0,1746
0,153
2118,973
1299,0
1875,0
0,703
2765,1557
2870,1484
0,695
2440,0
1636,0
2476,0
0,26
1213,561
0,50
2119,0
0,1672
1169,0
0,1066
626,0
868,306
926,0
2311,1542
0,24
498,182
112,0
566,0
2933,0
0,1113
851,0
1802,0
0,2097
1020,303
293,91
0,236
0,676
940,469
873,0
0,475
0,1178
1819,757
0,16
2557,0
0,1354
0,1949
0,364
0,1210
1174,671
406,0
53,15
0,212
216,0
611,198
0,88
1773,0
0,832
438,0
1969,0
2479,0
818,0
0,88
0,232
107,0
2813,1234
0,1197
1929,0
0,390
1163,299
0,692
547,0
0,127
0,775
3638,0
1748,0
1277,0
0,196
679,0
2423,0
911,0
0,1398
0,224
243,0
400,150
109,0
1538,0
2473,1064
0,504
0,560
1322,0
2319,0
698,0
2760,0
590,0
2170,0
2238,0
1323,517
739,340
0,177
0,606
277,0
1274,0
1581,0
0,1009
0,1612
3314,0
378,0
0,280
0,1436
2522,0
663,351
1859,822
0,452
3025,0
0,495
0,667
2644,0
0,301
2496,0
1003,440
1929,0
0,362
0,664
751,0
866,376
561,0
0,19
523,0
1584,530
0,250
0,209
2910,0
2961,0
2481,0
0,681
2780,0
2002,0
2572,0
1249,0
0,211
0,514
0,756
0,973
1079,0
86,30
2751,1594
0,642
3157,0
1219,0
2364,0
224,63
1662,0
247,0
499,79
0,639
0,1191
0,163
0,53
329,102
796,309
2566,0
0,321
126,54
2132,1006
0,1002
0,85
0,1778
1583,0
2201,0
245,0
1297,0
1611,0
0,57
0,1075
1265,388
0,533
1757,0
0,28
927,0
2544,0
0,480
0,291
530,189
2714,0
0,533
0,1497
332,0
0,264
659,0
2409,0
0,1102
2390,752
1595,0
795,0
532,175
2517,1127
760,0
1775,1040
0,78
233,0
0,1444
2437,0
1487,0
0,56
2215,892
0,118
1486,0
0,614
2546,1366
282,0
0,113
0,334
2696,1299
0,1248
0,1215
1540,0
2954,0
1110,653
576,286
0,659
465,0
2888,0
0,584
1347,570
0,583
1602,0
1641,0
431,0
265,0
0,232
1856,0
0,843
205,0
2205,852
2361,0
1338,0
1213,0
2081,0
0,40
0,59
0,49
0,768
1086,214
2742,0
0,374
1417,0
794,240
2717,0
2058,0
1157,0
2386,902
2779,0
0,650
0,965
0,725
2260,0
0,709
0,1253
0,1131
0,556
976,0
0,45
0,961
2627,0
575,0
1030,331
1835,0
1779,0
0,534
0,114
0,111
0,111
2498,1319
0,1324
0,1406
3390,0
0,148
1594,0
0,411
1242,0
0,570
0,610
640,0
0,391
1269,691
0,1058
1434,786
0,272
1393,0
2941,1660
0,523
1828,0
0,1404
323,0
0,1304
153,80
1337,507
649,0
1917,0
0,357
736,0
0,895
0,818
849,0
914,0
105,0
0,1456
0,1039
0,417
1219,386
1900,0
479,264
0,132
216,132
0,544
2617,0
0,1023
0,92
1703,0
2171,1266
0,456
979,0
452,0
0,281
334,182
309,99
0,156
0,1172
1479,0
125,0
131,58
831,0
571,183
1233,0
732,0
0,153
2753,1338
2144,1074
2641,0
2560,0
2406,0
1998,0
586,172
0,172
0,553
1381,0
2764,0
161,0
1139,0
2027,0
2498,0
0,1941
0,947
0,589
883,0
0,771
0,911
273,0
1195,0
0,670
2451,0
0,1561
0,677
3143,2034
1222,0
0,1131
0,86
180,38
0,1277
287,0
0,866
0,180
1891,0
1389,0
0,206
869,244
2035,0
2955,0
0,1004
0,56
0,903
0,203
1555,0
2027,0
1589,700
0,194
0,1286
361,0
2328,0
272,0
0,626
0,63
1595,0
0,929
57,0
0,913
1994,0
0,36
0,32
1366,0
0,326
470,0
380,0
0,869
254,0
0,444
1142,0
160,0
900,0
1457,0
268,0
225,0
0,1300
776,0
1830,0
1782,567
0,1559
1331,0
1036,0
0,564
0,1287
722,0
502,0
0,259
0,806
875,0
381,0
1246,0
0,175
2115,0
580,155
2122,0
404,177
0,878
0,441
869,385
0,2585
0,55
1568,0
0,470
800,0
459,0
0,520
1581,0
0,474
0,420
1135,0
0,761
1544,0
1403,406
1061,0
0,479
0,198
1209,528
0,199
796,0
1189,0
923,0
0,1951
194,0
2622,0
1938,0
2533,0
2795,0
0,1671
1535,0
2125,0
0,588
1448,0
278,0
1170,0
2657,1087
1839,0
1466,569
1233,0
0,1565
0,82
0,176
2052,0
0,986
2945,1549
711,0
100,0
2412,0
1164,0
1510,0
0,453
374,161
0,1210
1392,802
739,0
0,292
0,225
2763,0
0,923
1176,0
708,335
681,0
526,183
277,53
964,0
442,0
0,1350
0,672
2097,0
0,593
0,422
0,1072
0,369
0,463
1565,582
2204,955
1543,0
1557,654
0,629
1467,599
0,378
2676,0
2857,0
0,1042
0,1634
3226,0
0,40
2111,792
2337,0
0,1203
2193,0
980,0
0,180
373,109
0,881
0,554
0,327
2349,0
1494,512
1683,0
298,0
2304,0
0,874
0,347
3060,1254
486,0
1918,942
0,1255
2286,0
0,731
1331,0
1303,0
0,1035
1636,1056
0,87
332,101
777,0
2793,0
0,1365
0,315
0,893
0,74
0,819
1552,792
496,0
1051,0
0,1161
442,0
446,0
0,85
2754,0
0,1660
124,0
2670,1005
2973,0
0,712
844,326
337,0
0,270
0,440
1124,0
0,1792
2052,0
0,126
328,67
2146,0
2381,1033
0,1644
0,1816
2582,1714
0,266
0,845
59,0
2623,0
1286,558
59,0
2976,2095
2054,1115
0,1106
607,0
2539,0
2375,1061
1560,0
313,0
0,924
3239,0
0,1747
1146,0
0,657
2595,802
0,217
1452,642
548,0
904,425
0,1290
2001,713
0,1202
0,1206
580,0
2384,0
363,0
1095,297
0,192
2615,0
2919,1547
672,301
0,1646
1635,327
0,882
395,0
0,931
0,334
0,148
0,904
2192,672
2625,763
0,489
0,857
0,626
0,595
545,230
3417,0
2536,0
0,374
0,1402
0,1065
0,314
980,359
0,53
1356,0
1581,504
67,0
451,0
1609,777
0,71
2375,1266
1320,550
925,0
3093,0
279,0
0,728
0,222
2287,0
0,1565
0,60
636,0
476,179
0,427
0,109
0,57
129,0
2765,2221
0,1469
1506,0
0,737
1077,422
2710,0
0,1289
0,502
0,1671
1934,0
0,595
0,396
111,0
0,149
714,0
0,218
2931,0
0,377
1411,0
1689,562
1738,0
624,0
1114,255
0,781
0,572
0,1161
0,55
159,0
0,32
0,1073
1892,0
542,0
2641,0
1108,0
0,1486
0,457
0,919
1371,798
0,1023
372,0
2311,0
0,1096
0,584
1574,0
950,0
239,0
207,0
666,0
0,117
1686,0
654,0
2161,0
0,118
0,1771
2743,0
2385,1436
1065,335
0,30
1934,1024
2228,0
2670,0
2460,791
475,0
1086,0
0,961
0,642
1829,341
1750,0
1919,0
2162,999
0,638
0,635
0,249
3245,0
2266,0
2730,0
0,443
0,165
0,72
0,205
1845,0
1645,0
1032,293
0,560
0,2012
0,776
1815,0
2417,0
1578,604
0,497
2014,0
0,1278
149,0
0,1688
0,415
0,165
0,1350
2473,0
2408,0
0,835
0,1552
0,1354
0,453
431,0
0,777
2577,0
0,55
2431,0
148,0
597,0
0,1293
0,740
1822,0
3088,0
0,643
0,1003
1932,970
2116,0
1044,278
0,219
2128,1108
2865,0
186,88
484,215
0,444
0,235
0,167
519,165
450,0
2920,0
2055,0
2578,0
0,1279
0,1194
0,958
0,1184
2312,0
504,0
2820,0
2620,1967
0,1345
1768,0
0,1100
0,507
123,0
0,300
1376,0
93,0
1172,0
821,0
2120,0
1812,800
307,119
1505,0
1708,423
0,1535
208,0
0,39
0,194
782,0
1083,326
271,0
2238,0
3028,0
0,199
1058,0
1976,0
0,1560
0,885
0,42
1145,0
1771,0
949,0
945,0
0,1818
0,955
0,219
0,858
1468,0
180,0
1288,0
0,767
0,458
0,380
0,832
0,940
0,524
0,1091
0,226
0,325
176,53
1616,625
966,0
0,1357
0,913
924,0
2035,0
0,1276
1785,0
0,470
0,5
0,797
1926,0
1482,688
0,207
1296,455
0,1289
0,442
923,0
0,1037
2498,0
0,790
0,899
1298,0
0,907
1818,0
0,37
0,595
0,235
0,360
203,0
0,505
0,52
3222,2457
0,993
0,206
0,1396
0,794
0,150
0,73
1093,0
2040,0
146,0
1315,520
0,272
0,150
2100,0
0,2082
0,1974
202,0
1591,0
1952,0
0,1789
1793,0
858,0
2796,1517
0,376
0,335
2822,0
0,1200
2597,1582
0,1030
0,219
0,472
310,0
0,464
0,390
1317,0
3032,1318
0,1009
0,471
0,85
0,569
723,145
0,55
480,0
194,0
0,894
1372,0
1839,843
2409,806
2472,0
478,0
412,170
0,25
1979,0
0,1561
0,1211
1578,225
720,0
0,990
0,223
104,0
1191,517
2181,0
0,641
2040,0
0,375
746,0
251,0
0,81
1892,639
183,0
0,434
1694,0
0,1833
2609,967
0,998
0,221
0,143
237,0
821,371
20,6
1829,0
894,0
935,0
493,0
0,250
0,321
0,996
0,864
2252,0
0,57
1047,287
0,493
2211,0
0,666
2671,0
150,0
0,554
2845,1163
2664,0
3398,0
2590,0
335,0
349,0
352,0
2332,0
0,67
0,875
1792,723
0,1726
0,530
2090,0
1235,0
868,0
523,0
2980,0
0,741
0,45
1204,655
0,529
575,0
1322,0
0,337
3024,0
0,909
1951,0
2534,1590
899,0
0,1552
0,289
1183,0
1698,0
369,0
1131,0
483,0
145,0
338,0
0,454
0,1258
1229,0
0,1414
651,0
257,0
0,187
0,488
2217,0
2214,0
1740,0
2667,1204
3049,0
0,528
1446,0
596,0
0,821
0,116
0,1508
0,1225
3129,1642
115,44
0,175
1909,0
0,1772
0,661
0,144
1207,0
0,1732
0,375
0,456
0,694
418,100
0,506
1638,591
0,210
2214,0
266,54
0,504
1805,0
862,0
2274,765
2876,0
0,1674
1073,0
0,831
493,132
930,0
238,0
692,0
2331,0
145,0
2186,0
0,548
70,0
2447,0
0,791
1202,480
0,403
0,695
0,996
50,0
0,976
0,1401
0,123
277,118
0,178
0,1867
2349,0
532,0
680,0
563,0
0,597
0,219
1048,399
0,123
0,812
643,194
1436,0
0,981
883,333
0,1907
1716,0
2665,1391
0,990
0,765
0,369
2625,0
0,375
0,163
782,0
333,90
2148,0
2099,775
2496,1146
0,324
0,31
2531,0
0,249
0,1151
0,560
1465,0
0,1521
224,28
1789,0
0,932
0,1510
0,18
1619,613
0,761
0,542
667,0
0,248
369,0
2988,0
0,1542
695,0
699,0
1610,524
0,477
0,1743
0,434
1938,0
2830,0
2797,0
1124,534
2783,0
2355,0
0,297
956,0
2787,1709
0,83
1422,415
140,37
0,400
0,230
0,170
1058,0
775,0
1551,0
789,259
0,848
0,264
0,750
1844,758
1953,780
2716,974
2431,0
1309,492
1914,709
1216,0
2551,0
0,978
0,1621
2324,0
0,951
2907,1326
2853,0
0,1097
153,67
1001,0
899,0
0,590
992,430
0,160
1544,0
0,31
0,24
0,665
0,375
673,0
491,156
1658,677
1036,409
622,268
878,340
1345,0
0,173
0,229
0,667
0,280
624,0
2447,1346
2207,0
2262,0
458,0
0,257
0,417
2020,0
0,346
53,0
0,674
1350,0
0,49
0,334
1485,0
386,0
0,441
1836,0
0,898
2922,1908
0,942
155,59
0,703
0,163
0,40
375,0
381,0
1559,0
0,618
0,350
0,162
0,941
0,210
0,816
0,1370
0,1630
0,364
0,66
0,308
171,0
1666,0
725,207
0,1509
820,229
0,204
599,0
0,152
0,63
1528,0
0,95
0,840
433,0
0,411
1002,395
0,245
0,1387
147,0
2426,770
2472,620
0,1464
0,183
393,0
1638,619
0,293
1222,476
520,0
2572,1016
1624,0
2397,0
0,1368
515,225
1433,0
2428,0
1548,0
0,321
39,0
0,95
514,88
2856,0
520,0
0,1190
0,1259
526,168
0,152
1107,0
712,224
0,142
2474,0
2252,1536
1830,655
1298,587
63,15
0,1513
1388,346
0,797
1099,0
727,0
1472,0
1978,0
0,324
905,400
1702,519
2961,0
0,92
0,1109
346,147
1443,0
0,627
1146,0
0,24
0,825
1627,939
1970,1033
0,2
2622,0
0,670
2900,0
1154,384
0,12
1712,0
0,646
2009,0
0,1188
1734,0
0,1365
0,1815
0,561
472,168
0,413
2431,0
1129,0
0,236
0,118
1249,0
0,381
0,1283
2045,0
688,342
0,1310
0,144
127,0
957,0
1870,0
2387,0
0,1004
0,5
2492,0
2907,0
2449,1491
2665,896
0,231
2079,0
0,1557
2417,0
1174,0
413,0
0,969
1797,1430
2363,1194
0,454
1034,0
0,410
521,0
101,64
1897,0
1059,549
832,155
0,2167
0,1727
1687,0
402,0
0,1291
2020,572
1424,0
0,1669
1529,411
2584,0
1503,0
1655,0
0,1072
667,0
0,446
1119,398
419,0
1469,0
0,469
0,290
0,402
512,0
1858,0
1571,0
0,863
2041,808
1532,0
2076,1506
176,0
0,455
2567,0
0,346
0,769
893,0
0,290
0,619
2506,0
1770,0
0,388
0,1506
2103,0
2667,0
0,602
0,65
678,220
0,3
324,0
660,0
335,0
2010,0
1746,583
1955,0
2578,0
137,0
0,48
1238,324
1807,0
0,1195
2701,739
1976,0
469,121
0,150
96,0
0,955
1456,0
0,853
0,129
2577,0
923,0
0,480
1650,0
2899,1451
829,311
0,1277
960,0
0,646
0,1391
0,352
0,430
0,259
0,1722
458,0
0,685
78,30
0,321
858,0
1730,0
196,48
1285,0
0,757
1531,0
0,342
0,1301
0,666
0,1380
0,1665
0,223
0,581
0,788
2101,0
2945,0
0,917
2993,0
0,600
0,582
2436,818
857,0
2426,970
616,0
1498,0
0,271
0,474
0,77
3007,0
1219,0
349,0
0,1240
1731,742
464,0
730,0
2556,0
17,6
0,2295
0,672
2174,0
1324,0
378,0
0,244
0,63
0,290
0,327
0,37
865,0
0,186
308,162
45,0
921,0
2123,0
0,1294
2961,1750
0,1497
0,1029
0,75
1924,804
59,28
1375,472
258,0
936,303
2236,0
0,1027
0,1444
0,1185
0,1735
2136,0
0,971
1114,377
457,0
520,0
0,804
1297,0
2091,0
1404,0
2347,0
0,478
0,202
0,758
1232,0
746,0
1083,413
326,147
81,0
0,114
0,195
0,544
0,164
418,0
939,0
1610,533
625,0
1195,0
1120,0
1279,0
1049,0
653,78
2616,0
91,32
0,556
2258,0
0,473
0,323
440,109
45,17
2031,0
2062,701
2069,997
0,1262
1971,0
2539,0
774,0
746,0
1920,941
1573,0
2392,0
463,0
0,1075
433,0
756,300
2813,794
143,0
0,1044
0,87
0,667
2924,0
0,1561
1437,0
535,0
2486,0
2873,1598
0,1524
0,1548
0,1036
682,0
391,0
2431,0
740,295
0,371
1182,476
2776,1764
0,621
2218,0
0,241
942,0
1950,609
1761,0
2249,0
2062,0
0,270
0,1254
2367,0
3029,0
0,107
0,264
2781,0
2448,0
0,875
885,0
1565,0
667,0
322,129
0,129
888,245
3144,2313
1276,0
0,1432
958,473
860,537
0,1809
860,0
0,88
0,387
0,76
0,311
308,145
716,306
0,89
2559,0
0,727
0,798
2128,1077
0,973
1670,0
2018,714
2613,1436
0,1941
190,70
1254,0
0,726
3001,1183
0,15
132,0
0,774
2653,0
0,165
273,112
210,0
0,211
171,0
0,165
2853,1824
0,491
0,1585
149,0
2657,0
225,62
0,500
0,1395
1117,401
0,438
2277,823
993,0
2452,1007
370,82
2253,0
1259,486
2317,0
0,433
702,0
1656,0
0,1284
1617,0
1689,724
1763,713
0,974
1178,567
0,117
873,450
1685,0
0,1003
35,0
1492,611
1436,0
0,83
3086,0
0,215
298,0
0,199
268,52
1238,0
87,20
0,2186
0,771
2402,1259
304,0
2497,0
0,700
0,781
486,0
0,458
0,173
183,51
115,0
52,0
3089,0
2059,0
535,0
2616,0
0,453
715,0
0,1052
1304,446
2237,1245
0,1049
1819,653
0,835
2004,0
0,872
2502,0
366,123
2543,0
2163,440
703,199
0,1103
1127,499
882,0
0,349
0,738
0,347
0,2217
0,631
0,1491
2960,0
0,1375
0,163
459,0
0,144
0,417
0,765
0,99
175,0
92,0
1260,0
1168,0
1998,0
2816,0
2696,0
0,1846
2005,0
0,707
0,621
2472,0
0,1196
0,662
0,601
2952,0
0,878
0,469
0,2115
2395,0
0,1762
1132,448
0,211
311,0
219,54
218,0
154,0
64,0
1566,0
760,0
258,0
1557,0
36,12
1092,494
2019,0
0,122
3270,0
0,144
1965,629
0,89
356,82
2112,1021
174,0
1709,0
0,26
1007,0
2669,1627
2017,0
723,0
0,2267
1971,0
873,0
612,0
2239,0
1207,0
2682,0
441,0
0,573
0,890
2576,0
0,657
2474,1340
1389,0
0,998
2870,0
0,202
1197,0
0,1325
0,48
573,235
0,239
2525,0
704,312
0,155
0,521
0,92
0,932
2307,0
2150,0
482,0
0,193
397,0
2568,1071
0,22
0,47
1739,0
640,0
0,356
2733,0
0,345
669,0
0,105
0,261
862,394
615,315
402,176
264,0
0,263
0,1354
2605,0
1574,616
1828,0
1978,0
1519,0
1609,312
0,200
451,0
0,335
0,672
0,1047
464,83
1180,0
0,682
783,332
2891,0
1190,0
0,431
0,1080
1945,0
1812,0
2444,1386
1176,620
0,1006
0,785
2475,1203
691,332
0,294
2610,847
0,1404
266,0
0,587
0,1448
430,0
0,326
1131,0
0,143
2567,0
0,363
1012,0
0,55
852,0
0,768
0,41
2484,0
2007,1218
126,49
101,39
0,896
2138,979
0,740
0,1597
0,387
0,1305
1931,0
1570,395
0,505
880,0
2147,1127
1602,681
74,21
1496,0
1214,0
1573,0
1504,0
0,153
0,986
0,203
2224,794
0,737
1571,0
469,216
2878,0
2563,0
1781,0
0,569
0,905
0,658
1168,0
0,198
0,1632
2790,0
2441,740
0,796
0,498
1935,630
350,126
2919,0
0,231
0,1609
69,0
1281,0
0,1024
0,1204
0,179
1675,0
2277,1192
2626,0
0,818
1324,369
650,226
2292,0
0,674
1217,456
734,0
483,0
749,206
1569,301
156,0
0,838
0,606
685,0
0,217
1402,0
562,0
107,35
0,875
1079,0
1198,0
0,75
2025,0
1126,352
604,0
0,130
110,69
0,1549
0,164
0,1010
1749,0
0,1264
2248,0
1901,0
0,1366
1690,0
0,453
711,359
2663,0
1110,0
721,0
0,282
0,1116
0,579
0,610
804,381
979,334
0,329
1586,1001
1567,0
0,14
160,53
0,1676
0,251
0,80
219,0
0,600
487,0
0,146
0,30
418,0
0,258
2339,873
332,0
2724,0
1989,0
0,1025
3018,0
2624,0
1029,0
57,0
0,424
1420,0
2253,0
1561,0
0,404
732,0
0,129
2287,0
0,1707
1973,0
868,0
0,1253
0,577
0,1867
0,57
0,889
0,42
1566,741
0,352
0,45
0,307
0,931
1932,0
2505,0
890,0
0,2041
195,0
17,0
48,7
0,1356
498,0
861,381
2549,0
3064,0
0,116
0,934
2272,0
836,0
0,526
0,49
456,0
0,852
0,64
0,781
1843,0
2556,1230
0,613
256,71
0,805
323,0
231,98
1497,631
1561,0
0,804
0,923
845,0
0,228
0,246
2933,1062
2457,0
2904,0
0,166
2345,0
0,1228
0,37
1578,0
0,3041
0,289
1291,0
31,0
0,622
1684,0
2854,0
1175,412
870,412
3054,0
2288,871
688,0
2265,0
0,500
0,376
2763,1758
2857,1779
0,1760
284,83
0,22
286,0
532,208
1968,809
1132,0
836,332
279,0
0,1890
0,788
3060,0
942,0
1972,0
0,228
0,509
0,27
0,482
626,0
992,0
1234,0
0,1242
0,71
0,66
2569,0
980,0
0,76
0,293
0,391
277,0
0,1755
0,254
1440,458
0,1403
1798,874
0,1541
0,837
437,0
0,1045
913,0
1421,705
0,1029
963,0
0,1053
1079,402
0,815
468,189
0,405
669,238
1463,0
1326,0
0,859
579,0
1711,0
0,1397
753,344
1751,0
0,621
0,448
0,1045
205,0
341,127
461,138
0,707
168,0
233,0
1951,608
0,266
1858,648
0,561
44,0
0,1600
3013,1671
0,111
0,938
1210,0
680,0
282,0
2956,0
0,265
0,549
0,795
0,248
1003,0
801,0
0,760
1759,0
640,168
0,10
0,678
374,171
0,988
1719,0
112,0
0,132
532,0
102,27
78,20
560,157
1333,0
0,618
1545,0
0,373
0,355
2969,0
0,139
0,1527
481,0
2526,0
2714,1168
0,319
800,318
0,680
2049,0
657,0
0,557
2126,0
0,1551
0,1594
138,0
1482,0
72,13
52,8
0,1165
0,287
1646,0
2610,0
3018,0
197,59
1350,0
1097,542
0,52
0,981
0,288
2804,0
0,2264
1227,0
298,0
0,860
1922,1272
2965,2275
658,0
0,393
0,176
1437,0
0,968
2227,0
133,0
312,0
2660,0
242,0
204,0
1483,705
2004,976
408,217
1676,0
0,746
2680,1674
0,593
841,296
0,153
1361,447
1122,0
399,0
359,0
1793,0
0,286
1739,0
1148,393
0,87
2629,1621
1499,0
0,901
2957,0
226,0
0,12
1951,0
2179,0
0,571
0,105
3060,0
2223,0
513,0
2732,0
1534,0
2731,571
0,132
0,673
328,141
0,563
399,0
0,2000
656,0
157,0
0,458
154,52
2733,1111
2514,1155
0,381
1834,0
1597,0
682,0
0,815
0,101
521,164
0,1365
1194,0
807,224
0,937
0,642
1236,0
1052,589
0,350
0,1393
0,879
0,535
403,0
351,0
1436,0
433,0
81,0
0,1054
0,1178
845,0
1747,0
0,629
462,0
1279,0
0,211
0,656
1809,0
1557,0
0,49
0,364
3249,1114
0,378
723,0
0,971
2177,1294
0,554
0,732
874,0
1050,0
0,1002
1778,334
186,0
3311,0
2888,0
1063,0
86,19
977,0
1999,0
225,46
0,279
0,1110
2150,819
3061,0
0,819
310,0
0,220
0,461
718,0
2022,1034
0,743
1191,0
0,717
3198,0
2692,1607
0,123
0,57
706,0
2114,841
601,0
1513,0
0,1006
0,1669
0,612
0,524
2390,1446
0,126
2453,624
581,152
0,67
0,822
1070,0
868,0
848,0
1428,0
50,24
2033,1213
0,112
2383,1280
1477,843
906,437
533,0
0,142
336,0
295,0
1589,0
919,316
0,569
0,1805
946,297
263,103
0,244
1888,0
2499,0
0,613
965,606
0,491
0,337
2991,1222
0,983
2029,0
0,1279
1779,0
0,393
0,498
0,1134
1032,0
2147,0
168,0
0,336
0,701
1663,0
705,0
883,0
0,203
0,1129
973,0
3048,0
0,2
1949,0
2923,1352
899,443
2170,841
0,127
0,841
1044,260
0,250
0,1204
1024,0
2307,0
2927,0
566,0
0,550
0,925
0,164
0,147
0,1704
0,194
2378,0
259,89
177,0
0,42
976,0
99,0
0,470
1185,0
1636,0
0,747
0,1124
548,195
123,0
2139,826
174,57
0,633
1347,0
132,0
0,63
2098,0
1183,0
915,0
513,0
581,261
0,407
0,1412
2637,0
1966,0
2106,0
2428,1047
1084,0
857,0
0,871
373,0
2412,0
0,320
830,352
0,1438
0,1478
949,243
0,30
1695,0
0,137
2787,0
2597,1511
0,953
2377,1281
0,714
0,567
1141,498
868,0
0,1127
1082,371
0,1330
2738,0
1642,0
2777,0
0,74
3088,0
1672,0
2585,1299
0,706
1355,609
556,0
799,350
0,116
108,37
208,68
0,1534
0,423
412,0
513,0
1822,875
0,300
274,92
0,280
2536,0
0,388
0,582
2333,0
2077,0
3002,0
0,1267
2298,0
1539,0
703,0
0,534
0,843
1143,0
0,346
386,0
1943,0
0,520
1655,0
1483,0
1096,0
0,1829
2047,0
2422,0
1341,0
2821,1475
1395,497
258,0
251,123
1746,0
396,0
0,2123
0,1432
0,185
2408,0
0,917
2914,0
0,555
2349,1094
1867,0
0,2253
2896,0
0,286
231,0
0,107
313,152
0,187
0,1145
2120,0
528,0
1924,0
0,950
783,0
0,440
200,81
2510,0
501,163
0,517
0,466
912,0
491,0
2382,0
701,201
2968,0
2851,0
0,386
2577,1196
986,425
1887,856
1112,490
1696,0
1419,0
0,788
112,0
2487,0
0,70
796,180
291,0
2309,0
2043,0
3179,0
0,1730
0,1130
65,12
0,64
0,129
1279,0
0,110
0,244
92,0
577,212
3255,0
1341,484
2716,0
0,1674
942,0
213,0
1411,0
913,0
0,171
0,60
550,0
526,0
0,179
840,271
781,0
2745,1409
2184,0
336,136
0,1495
0,657
110,0
1214,502
738,0
0,233
2435,0
0,323
842,0
1795,0
0,467
0,2326
2878,1637
950,0
0,425
0,854
0,1038
0,1305
2341,0
318,0
0,1181
353,0
690,0
0,752
2096,1074
3093,0
270,0
0,81
2526,1259
0,66
185,0
341,89
0,30
94,0
0,1293
0,1450
2604,0
3024,0
0,141
2840,0
1138,0
1738,0
190,0
2860,0
0,257
3012,1728
1633,0
2012,918
0,625
678,0
835,0
68,0
2152,1207
737,428
0,1741
0,40
440,0
2462,1032
0,417
0,1122
0,735
536,0
0,23
464,158
0,226
0,467
0,353
0,475
0,1448
1732,0
944,357
2301,0
1157,0
2587,1068
0,546
2161,0
0,568
0,279
3145,1403
1897,456
1597,803
2041,0
623,0
2613,1000
0,146
209,0
244,103
1358,0
1569,1002
2517,1296
0,1458
222,0
2273,854
1276,0
0,413
449,127
0,1370
1326,768
0,613
2302,1606
1824,0
0,337
617,219
0,162
502,0
0,32
0,656
2565,0
0,419
0,319
0,246
1074,0
2019,0
90,0
436,0
0,158
622,0
408,111
0,289
2414,1161
0,959
2470,777
0,578
903,199
2125,0
547,0
0,34
358,127
1303,0
704,0
1450,386
2259,1046
0,297
1691,0
2690,1221
2727,0
0,168
0,235
1291,529
1785,931
604,0
2089,926
0,1288
1221,626
1095,0
2583,0
3085,1989
0,782
1477,654
729,242
2313,0
0,98
481,83
2934,0
1267,0
0,763
0,146
918,0
2207,0
0,722
1325,518
0,517
1339,0
1397,0
128,0
75,0
3164,1903
1727,0
0,761
1002,403
719,0
2160,811
2462,0
3046,0
1762,0
0,789
1766,545
753,244
99,49
0,126
977,0
2355,0
1851,0
1176,0
3011,0
0,175
2821,0
0,1070
0,662
1438,0
0,1207
2865,0
362,115
1611,701
2265,0
2470,0
92,22
307,0
1333,0
0,1703
2462,0
684,0
0,1335
657,114
0,395
0,727
2211,0
0,1102
2032,0
2033,1293
2211,0
3165,0
0,1176
2630,0
1762,0
990,0
891,0
0,304
1721,508
0,372
0,251
2426,1271
0,143
0,1112
1529,0
678,0
560,116
0,101
0,15
1427,0
0,1061
927,0
1860,0
0,60
1444,733
1084,361
1026,0
805,0
0,617
2663,1162
0,798
0,154
0,31
166,0
335,108
0,14
1993,0
793,0
0,407
0,40
236,51
374,202
2818,0
0,258
2428,0
0,140
2782,0
2937,0
0,117
0,117
0,804
0,46
74,0
650,0
1120,0
1061,383
0,520
2843,0
1615,0
892,365
0,336
0,1837
1365,0
0,112
0,981
0,334
764,0
127,0
0,1443
0,516
0,1340
1326,630
1943,0
590,210
0,522
0,686
1030,0
2244,809
2567,1820
0,2540
2735,0
0,1154
0,51
0,905
1351,0
0,37
1987,0
1118,0
62,0
0,22
0,118
116,0
3238,0
2432,0
280,0
0,1712
0,1254
104,18
190,0
0,55
0,151
516,118
2449,0
402,0
2830,0
2493,0
751,0
0,46
543,0
2065,0
503,0
314,0
0,39
2334,1128
0,889
45,0
0,42
2396,0
0,72
2365,0
0,294
0,254
2714,0
592,172
967,583
1082,362
0,636
2706,1430
0,40
448,0
1456,316
2757,0
0,31
1117,0
1817,0
2311,0
0,938
0,1720
1526,598
2235,0
0,1153
3002,1993
2377,0
674,125
412,0
0,486
0,50
0,387
850,0
1914,0
1531,0
1194,551
0,1267
0,1197
0,1228
0,264
587,217
0,47
51,0
0,118
1460,0
519,0
0,1645
1405,0
2421,943
0,688
0,255
0,222
0,327
1644,0
2404,0
0,487
2140,0
0,439
0,758
0,51
0,1323
0,554
0,123
2947,0
1481,0
0,616
0,1232
0,667
315,156
1105,308
0,276
131,0
0,258
459,214
0,705
937,357
0,772
0,751
198,0
814,0
0,861
0,1024
638,229
0,2138
0,371
2801,1114
2199,700
2776,0
0,327
88,0
743,0
133,0
0,42
0,1006
1856,0
0,130
1325,370
1505,942
1313,0
0,1752
0,1104
0,890
587,0
236,151
0,292
0,70
0,990
0,1198
0,1083
0,379
266,0
2486,1017
339,0
0,1849
0,418
1863,0
682,0
0,272
0,982
1337,0
899,0
334,0
0,1164
0,64
2585,0
2299,568
0,155
0,801
1505,429
1912,0
1945,0
1391,390
781,0
859,0
0,915
2141,0
343,77
0,205
0,144
0,1678
96,37
0,525
730,0
0,1102
2147,592
110,0
0,1364
489,0
519,0
0,307
746,147
0,1472
147,0
2195,0
0,802
299,0
0,1645
0,300
1483,924
0,728
0,819
2562,0
1031,259
0,139
0,1767
0,434
3046,0
0,52
0,409
0,576
0,955
644,0
0,231
1424,0
624,0
1942,791
0,763
456,0
0,249
372,137
1165,475
1661,0
1929,0
1850,0
606,0
475,0
226,83
0,564
1552,0
594,0
0,425
0,906
2644,0
0,494
606,0
2196,0
0,272
1405,0
0,79
0,590
2641,0
2164,750
1099,0
1018,239
0,430
0,434
1023,0
811,0
3215,0
1383,0
3110,1767
392,0
2024,0
464,0
1192,0
843,362
155,0
112,0
728,0
0,1350
0,171
0,630
0,113
217,0
0,203
0,1710
0,1531
0,90
2390,958
0,163
3034,0
2442,0
2359,0
1259,486
473,140
1004,429
2401,0
0,419
2225,0
850,0
1931,313
0,58
2668,0
0,463
1152,311
1122,324
378,0
0,230
265,66
0,395
99,0
0,29
0,314
0,1478
1171,507
0,405
0,428
0,734
256,0
2439,711
0,1282
987,0
1334,0
161,82
0,1397
2145,915
1070,343
2561,0
0,1373
0,327
0,1046
2067,0
0,338
0,17
2972,0
0,128
0,187
0,1197
1096,337
1207,0
3315,2107
0,251
825,268
103,0
2927,1537
0,1371
2309,1219
85,21
261,0
0,279
85,0
0,1207
444,166
972,0
2504,983
587,0
2566,1474
1015,0
2167,0
840,0
0,778
960,397
0,381
64,0
1683,0
1011,0
900,0
2325,875
0,902
37,0
2646,0
3154,0
0,957
3095,2101
0,265
874,324
0,74
43,0
1357,0
0,870
0,59
0,158
2632,0
0,1191
2336,0
2171,0
0,802
0,1357
0,1380
1923,268
1885,1044
695,234
1690,0
70,0
0,572
1173,0
3103,0
1498,815
108,0
1657,0
1481,0
1946,0
0,288
3039,0
0,1013
1289,0
514,270
1841,609
0,1226
975,0
0,63
771,0
2197,0
824,294
0,2101
0,279
2164,0
941,0
527,0
354,171
0,820
337,127
162,0
563,136
1593,0
1421,432
171,64
0,53
0,1330
3008,0
0,54
0,43
897,0
934,0
1538,0
0,208
1582,0
1595,0
0,589
0,945
2203,1196
0,1123
1889,0
1510,447
1875,809
1496,0
0,219
2505,0
2104,0
327,0
0,829
2881,0
1331,0
0,18
0,195
0,193
0,434
0,908
2527,0
0,64
0,730
1267,110
2287,0
2179,1062
1556,0
0,105
0,417
0,150
1783,0
655,0
0,103
401,168
800,0
290,0
0,29
1585,762
356,0
2461,0
0,578
2441,0
1867,881
1471,0
0,1154
2291,0
0,462
0,260
817,251
0,1289
1976,816
0,120
1420,0
344,77
0,48
2207,780
0,158
0,622
0,255
328,114
0,1209
98,0
0,1566
0,92
0,395
2149,0
0,988
905,0
1075,0
994,0
752,0
654,271
509,0
2222,0
1902,0
3192,0
2023,0
0,1018
1437,0
0,819
3120,0
2191,0
2511,1322
0,886
0,1970
175,0
0,839
0,346
1737,0
1662,0
0,213
1535,0
140,46
852,0
2496,0
0,846
549,0
112,0
2223,1042
0,418
2906,1622
0,1367
0,202
1718,791
0,10
2049,0
891,0
2388,0
2859,0
0,739
2902,0
0,106
256,0
394,76
984,0
809,0
769,0
3332,1893
3144,1495
0,58
386,0
0,276
555,0
1314,743
1304,0
3078,0
0,131
1280,0
2461,0
0,418
1235,0
0,135
0,251
0,1386
2899,1536
1350,478
1365,0
1808,0
847,319
2553,971
277,112
213,0
991,326
631,243
239,0
0,714
0,783
1965,0
716,0
0,120
712,231
0,347
3070,1703
1176,446
293,0
0,408
991,281
819,0
2304,0
0,1418
0,1639
0,2272
2511,1279
2904,0
2117,1361
0,573
2700,0
255,0
0,90
0,9
129,0
892,0
1652,0
3120,0
0,825
313,0
0,355
2394,0
0,106
216,0
3346,0
0,203
0,98
545,233
0,1177
0,1375
505,160
1651,0
2009,0
0,506
0,1510
0,81
0,96
80,0
0,332
2285,0
0,555
0,144
0,764
0,350
2332,0
66,13
0,113
2483,0
2923,0
3027,1691
65,31
0,1690
0,613
3164,0
1834,0
26,7
2784,0
759,0
326,115
136,41
381,90
0,145
1968,0
1257,0
1159,0
3095,1803
0,769
1118,0
0,1010
0,1578
0,800
697,118
718,0
0,51
1774,0
633,0
552,194
726,240
0,110
0,1218
0,359
2800,0
0,495
0,320
2377,0
0,714
0,1137
800,104
0,310
1806,0
0,275
0,1024
1481,0
2229,0
0,787
0,880
0,29
3056,0
2521,0
871,284
345,0
956,0
0,601
885,411
0,387
2724,0
2540,0
1436,0
0,418
569,0
870,0
2040,0
0,952
0,206
565,0
2623,0
0,214
81,0
0,33
2127,0
2108,0
0,280
0,235
0,578
159,0
0,514
0,64
0,58
2499,1035
1164,0
1056,503
0,947
0,809
44,0
2010,0
2920,0
1263,561
0,183
1699,0
2492,0
0,411
0,227
2285,806
0,525
0,51
2859,0
0,206
0,223
754,335
306,126
1712,0
1434,0
109,34
642,0
0,1069
855,0
1764,0
1761,0
1622,0
0,32
0,1115
1516,519
0,465
0,567
0,476
0,575
451,0
2156,0
0,370
0,606
1211,0
0,949
0,749
510,126
834,0
0,142
0,1572
467,219
422,74
0,156
2555,0
104,0
34,0
70,0
76,0
166,0
0,955
1598,0
1931,0
1526,543
94,0
1932,618
239,0
1671,976
0,729
0,245
1320,0
0,21
1104,0
2729,1382
617,0
1134,0
2559,949
2731,1366
1701,0
3003,1959
0,573
0,710
867,0
0,125
205,101
0,453
0,391
0,648
1475,508
2430,1167
0,992
848,0
777,296
1508,0
0,486
996,194
2745,1017
1025,423
2819,0
626,0
81,0
0,53
0,40
0,1187
215,0
713,0
571,205
0,1419
0,1126
0,1443
670,156
2977,0
719,0
1800,605
1425,571
2070,0
0,393
0,801
1295,0
0,690
1769,0
350,0
0,457
2030,0
356,0
1869,0
1122,332
1643,0
0,1810
0,88
0,2541
0,44
1549,542
2582,0
0,56
0,134
440,122
1719,0
430,0
0,408
640,0
1129,0
1975,0
1362,513
2823,1472
1933,0
0,59
0,386
0,289
630,0
881,0
3144,1666
0,628
752,331
1766,724
2728,0
0,319
0,86
267,0
0,407
1141,358
1077,0
3199,0
2558,0
3099,0
520,0
2251,982
1503,0
787,0
0,495
0,565
0,222
2439,0
1977,0
1069,0
0,1199
0,282
0,1086
102,0
0,1138
495,272
0,147
2753,1268
308,0
0,46
79,0
0,119
0,764
0,1137
0,1893
0,13
26,0
1579,0
124,0
0,994
0,84
0,1110
2351,0
0,673
0,363
139,0
0,32
0,281
0,1476
0,79
0,1365
822,0
781,0
0,97
283,71
1887,780
295,0
1592,0
0,769
0,987
0,604
1488,0
1816,0
2006,0
941,0
2575,0
3211,0
0,15
1585,0
2410,0
247,0
2087,970
1636,0
0,423
120,0
0,454
1124,0
166,0
0,792
1759,0
672,0
533,135
568,0
0,498
2502,0
0,1003
1266,0
0,634
0,1065
68,23
0,330
0,1155
0,187
0,104
0,293
0,1397
0,796
865,0
76,0
35,0
2863,0
2474,0
2922,1391
730,237
0,1235
0,583
909,0
0,528
1653,0
511,0
367,0
2654,0
0,1000
149,53
0,1543
0,436
1433,0
0,263
354,0
2647,0
192,0
0,678
0,81
1638,0
179,36
0,34
2661,0
0,1341
0,1001
2878,1435
340,0
0,53
598,155
0,698
78,43
0,1221
836,0
159,0
2617,0
0,849
859,413
0,606
1318,602
0,1538
0,96
2488,0
1994,628
0,727
319,0
2605,0
201,0
1371,0
695,245
2298,0
814,338
0,718
983,248
1070,358
0,400
0,835
559,0
0,374
556,0
1385,0
1548,0
1441,0
0,282
0,381
1921,299
0,450
1041,0
1441,442
218,0
143,0
767,0
697,0
1321,0
2253,0
379,157
0,398
465,0
0,235
0,440
0,182
0,1010
0,1094
0,450
0,335
391,115
1515,672
2778,0
0,588
0,70
0,62
0,659
168,0
313,132
1133,0
2173,0
0,370
0,848
2292,0
1333,0
286,0
1343,0
2127,0
759,342
1949,0
0,1123
2789,0
0,132
2334,0
0,456
86,0
2591,0
1149,410
0,6
0,953
107,0
469,0
2727,0
0,821
1606,626
2409,0
2590,0
923,0
680,0
419,130
0,1939
1155,0
1053,0
737,200
2096,0
959,0
1880,864
1644,592
70,0
0,521
0,1111
1969,0
309,86
889,0
0,588
0,798
2570,0
382,157
0,455
2825,0
0,73
0,149
332,0
2795,0
877,0
2204,791
893,0
1311,0
2856,1508
1165,0
186,0
2648,0
1292,0
1447,0
0,136
0,880
826,0
2370,803
0,196
53,0
0,561
2172,0
0,80
3066,1576
2711,0
2332,890
1460,0
0,324
0,1340
1757,0
0,91
1773,468
259,0
2597,0
136,39
103,0
2036,709
1276,0
0,33
884,0
0,41
1053,0
537,172
516,0
0,34
0,285
0,595
1823,342
0,173
1808,0
2428,1173
0,108
1608,504
1322,656
0,45
0,109
274,100
126,58
0,19
0,270
2201,788
989,324
0,204
0,681
2487,1365
0,36
0,59
3207,0
2560,1262
0,808
0,294
2520,0
1595,0
925,0
2896,1513
1903,0
2571,1023
0,433
0,928
0,911
285,0
1786,0
0,1574
2022,0
0,661
0,362
0,96
0,94
1349,544
2533,1257
0,434
196,0
2853,986
0,650
1697,0
429,234
0,598
0,979
3224,2377
2932,969
0,2184
540,0
1382,631
0,866
343,70
667,0
0,105
0,719
2029,0
0,53
0,739
1524,394
2402,0
1350,486
1052,303
2074,1010
2386,0
2303,0
635,164
155,58
1344,0
2999,0
1022,370
0,1313
219,0
499,0
350,0
0,1647
3241,2383
0,276
0,131
301,0
0,640
0,76
1121,0
363,85
230,49
133,36
319,0
0,1046
623,0
2410,1088
2037,0
0,1129
0,815
1105,0
1617,0
0,698
0,906
0,332
48,0
0,301
316,76
2776,1346
0,1224
349,0
0,21
0,138
2210,0
0,1720
2057,0
35,0
2969,1236
2889,0
0,70
2278,0
0,1319
640,0
1536,451
2118,0
386,162
3147,1506
2438,0
542,0
1236,0
0,292
0,1170
2636,783
2660,0
877,0
725,0
0,427
716,0
0,971
2654,1065
638,0
0,638
0,1531
1221,0
0,51
0,415
0,310
352,145
1955,937
1714,0
0,812
0,256
0,254
2082,0
443,0
1776,656
0,571
1237,0
1032,0
622,0
2689,0
0,1200
0,185
943,0
0,229
2362,0
0,258
0,1451
2382,1561
3318,0
602,191
280,116
0,30
1598,675
0,740
0,238
1126,221
1261,0
1225,0
2365,0
0,889
340,0
808,341
0,96
622,0
0,1236
2466,0
0,317
0,217
0,750
0,597
0,913
1677,746
430,0
1882,0
0,209
0,731
0,1293
0,358
1021,0
79,15
2103,0
0,196
1389,0
1019,0
1273,0
0,143
1718,0
1030,0
0,786
0,140
1170,0
1774,0
1261,0
0,1277
2048,954
483,0
0,904
1300,0
818,283
2544,0
167,0
613,264
0,395
208,0
1112,0
0,220
0,239
0,67
466,0
1166,0
0,120
0,113
1896,710
656,0
0,24
127,0
0,1886
607,0
1290,0
370,0
1144,385
280,0
1223,0
0,448
1470,0
409,0
0,1002
2472,1212
775,251
2289,1058
470,205
151,0
0,683
2693,948
0,916
0,976
0,45
117,0
0,153
0,919
0,179
1331,0
735,0
0,1394
2397,963
633,0
2074,652
0,1101
2348,1104
257,0
1982,1309
2402,624
0,1101
0,199
1352,0
3234,1525
1981,0
0,825
668,457
1143,0
0,20
2668,922
792,0
968,280
0,199
665,0
943,0
0,83
2584,0
2770,0
0,794
0,225
75,43
0,176
469,0
776,0
730,0
2641,939
0,923
1001,358
672,0
0,341
0,430
0,198
3091,1281
3126,0
149,0
0,822
0,906
0,431
0,475
0,1926
2496,765
2127,0
2038,0
1744,0
0,402
1430,0
0,96
0,1075
2070,419
527,0
0,545
2665,0
2814,0
2514,1118
945,0
0,529
0,180
2315,0
0,167
2941,0
2158,977
2556,0
0,88
331,0
1896,0
1879,938
2923,2315
1567,506
2853,0
0,576
0,389
3015,0
1559,0
1592,621
2356,0
0,795
2033,0
2500,878
0,566
0,338
835,0
0,1692
2534,0
770,0
0,757
194,0
0,1133
195,0
0,619
1566,0
3014,0
2864,0
0,1867
2645,0
223,80
2725,0
0,2238
0,1755
1539,0
1568,0
0,979
0,61
0,868
1841,0
0,448
319,0
0,283
1955,0
102,39
0,88
2886,0
1528,0
1604,0
0,502
0,327
2077,0
236,120
2150,966
1073,320
826,320
319,0
0,567
0,1305
2603,1264
0,340
0,132
905,317
2725,1223
346,102
0,911
0,1211
1344,0
690,0
1354,0
0,116
2096,937
0,479
908,458
0,558
1276,0
576,0
2944,0
0,1401
1435,0
673,0
0,1373
0,878
0,1085
0,363
2328,919
0,500
424,0
0,130
17,7
0,757
2641,0
982,0
402,0
2383,0
503,137
0,993
0,491
0,1259
2390,0
81,46
0,90
1336,0
0,292
2029,1095
0,114
516,0
0,168
362,0
0,452
357,0
1104,0
344,0
2344,0
1042,0
1302,0
0,1134
2060,0
496,136
0,582
0,976
0,415
0,1729
2632,0
2328,1038
1898,0
0,257
404,0
0,547
0,11
0,85
1961,0
571,221
0,183
2329,0
0,839
369,0
0,1449
0,161
716,352
0,705
0,695
162,0
0,185
1587,611
460,174
0,237
545,0
0,1143
0,580
0,240
0,1656
651,200
250,85
2408,1002
1036,415
218,0
0,322
0,123
0,664
958,0
0,413
930,312
200,0
617,172
0,645
2371,1192
0,211
2092,0
1773,789
0,137
0,73
0,59
2018,0
0,1191
2157,0
87,53
2335,0
2101,0
1997,0
0,404
739,0
0,776
1238,474
0,316
2773,0
0,93
274,98
0,669
961,287
1385,0
0,1537
2626,1204
0,13
1431,0
0,1711
0,1233
134,52
0,590
139,90
0,276
2588,1137
1325,0
1033,0
292,0
0,791
565,0
0,866
1683,0
1265,464
418,0
2856,0
71,0
0,21
0,43
0,18
0,1120
527,0
2394,0
0,847
0,612
2835,0
1045,342
838,0
0,1780
1487,0
0,482
0,594
821,0
0,106
2823,1281
0,503
0,85
916,0
0,1618
929,341
85,0
2588,1247
3072,0
0,86
0,1789
0,679
1059,0
0,1604
2643,0
3084,0
1002,475
1519,446
2007,0
3274,1660
958,0
297,0
3090,0
247,0
0,1550
1919,688
1620,0
868,279
0,38
1288,0
2103,0
1518,792
977,0
1815,0
550,0
367,0
0,726
323,0
189,0
0,143
273,0
325,0
1641,0
0,291
868,335
0,625
0,872
816,0
311,107
1039,0
208,0
0,342
402,161
669,0
3457,0
1463,0
0,296
2467,0
0,422
653,0
0,1497
0,1020
0,182
0,864
0,275
0,363
0,36
2621,0
0,1205
1656,0
611,0
0,691
0,291
2671,1623
1673,647
1480,0
0,1104
1816,650
0,1325
2713,0
0,276
639,0
453,0
2690,0
0,399
1946,0
0,33
607,0
0,218
1084,560
0,290
869,0
3162,0
1608,0
12,7
87,0
0,52
0,873
0,1045
1404,0
1710,0
1031,328
2825,0
0,985
2042,810
1305,341
0,279
418,162
0,117
997,263
0,427
643,0
670,0
0,103
0,303
3142,1710
2013,0
0,1872
310,92
1235,311
795,0
0,718
2980,0
0,2051
0,1660
0,351
0,90
0,430
1950,0
1117,0
0,93
2134,803
963,337
723,184
0,778
577,0
0,149
191,36
0,101
181,0
297,111
2200,0
1894,819
0,1431
1601,0
0,776
1679,0
810,0
685,0
72,0
26,0
1716,609
0,303
826,306
1617,0
1384,0
0,1446
0,298
528,0
410,0
0,1164
0,396
3064,1473
2701,0
2810,1119
0,1209
0,1331
0,1256
746,0
655,252
465,0
1332,0
0,666
0,85
2841,0
0,596
0,672
0,82
0,47
2513,0
0,64
2966,0
1788,0
610,186
523,0
787,0
0,48
3096,0
1462,0
817,0
0,356
1065,0
93,0
0,1009
0,465
682,150
335,150
0,188
1672,0
571,0
1652,455
1858,0
0,198
189,0
0,68
193,0
609,297
0,794
0,479
695,223
1047,0
0,182
72,0
0,279
1434,664
2131,0
2802,0
0,128
1454,0
251,0
0,1102
1659,0
3081,0
2163,0
1066,0
303,0
1863,0
1020,389
0,411
0,239
822,0
1773,384
942,0
0,90
0,189
0,1637
965,0
2064,0
3056,1354
1880,0
430,122
0,117
154,0
1228,0
1060,0
251,0
0,1519
0,81
0,204
674,0
522,0
184,0
0,16
0,761
0,341
1103,0
0,380
1025,0
482,151
380,148
465,0
0,549
569,0
204,29
0,72
0,935
1460,0
830,337
1714,0
0,325
777,445
0,118
0,729
0,643
0,837
662,0
2076,0
0,1032
0,311
1614,0
828,370
0,1008
1052,370
310,0
0,702
0,486
2335,0
2589,0
230,0
623,0
1705,0
0,1178
0,375
138,63
867,0
2840,0
2316,764
132,0
0,104
0,1158
278,86
227,0
0,188
457,162
0,26
1376,485
1439,478
477,0
1083,368
0,582
0,1203
59,0
2887,1751
624,151
614,0
1115,0
0,870
2790,0
0,352
0,897
0,309
0,278
949,0
0,307
2995,1309
1665,542
1283,0
0,840
246,57
3199,0
2050,0
0,387
0,190
0,93
607,0
0,316
0,845
2492,597
548,0
0,444
311,0
3131,0
0,40
0,80
268,0
133,42
86,0
0,1210
3136,0
0,753
1740,0
860,0
813,293
2755,0
326,0
236,0
501,199
0,85
572,0
0,1191
0,220
0,203
0,1197
3324,0
0,176
0,26
349,0
632,0
3045,0
0,714
0,512
3054,0
0,356
0,800
913,0
306,0
607,0
0,582
2658,1410
2613,0
0,4
3106,0
99,0
915,0
0,1516
59,4
0,476
1964,599
0,217
0,382
103,24
0,1347
848,168
365,0
1610,0
3140,1486
1194,274
843,0
0,34
115,0
182,0
2111,0
50,14
516,0
0,34
0,326
370,0
0,537
0,342
904,0
0,402
218,56
1264,0
0,767
2134,1040
201,0
73,31
2324,0
0,116
548,0
1820,0
0,568
2068,0
1952,0
192,0
109,0
0,658
1207,563
1170,346
0,1352
0,314
0,400
1625,0
775,0
0,169
708,266
0,78
0,294
0,180
0,114
2966,1751
3167,1072
0,220
0,766
0,339
984,0
844,0
977,0
1214,0
2320,0
2733,0
0,777
1295,549
1814,0
2973,0
348,0
850,0
0,715
0,64
809,0
634,189
1941,0
2873,0
2852,0
1818,0
2195,625
0,724
0,177
1782,0
1185,0
0,229
0,161
0,252
2291,0
1918,565
1976,0
0,562
0,866
747,0
1250,0
600,335
273,0
3095,0
0,568
1238,465
1876,0
874,349
1207,405
2777,0
384,0
0,172
0,152
3362,0
3125,0
0,1223
681,0
3077,1224
3114,0
0,572
508,0
126,45
1947,0
107,40
1397,551
0,1072
1848,543
0,482
0,218
0,70
0,873
1762,0
154,0
0,133
116,34
0,1022
2166,823
2615,1277
0,552
521,139
329,88
3086,0
2526,0
0,1445
1291,0
0,887
0,372
1539,368
3353,1938
3166,1679
2042,0
0,3
0,300
1788,0
2896,0
3311,0
759,0
153,0
0,699
2269,0
218,84
1055,445
0,10
0,1036
778,0
0,7
0,81
0,1220
2970,1435
602,0
197,38
787,0
1892,0
1041,402
1763,0
2949,1003
2806,1445
0,280
2991,0
1920,0
959,227
0,430
1945,1145
0,848
0,197
0,39
0,550
0,49
1345,588
0,76
167,0
0,362
0,1199
1992,0
0,842
929,236
569,0
0,95
0,57
1936,0
1009,390
376,143
530,227
2950,1829
1298,0
501,0
797,323
3287,0
1839,770
1472,567
1701,0
1602,681
1021,0
1236,0
443,0
681,111
1371,0
0,396
2944,0
0,1036
1686,784
0,561
259,0
0,56
374,0
0,544
738,0
0,63
1123,420
799,0
1547,0
0,893
920,0
2700,0
1029,0
1570,347
1305,0
224,0
1822,0
0,841
1202,0
0,658
811,0
908,0
0,707
0,288
0,291
608,0
1190,0
1096,416
710,268
713,0
1201,0
0,765
1784,0
1086,0
1165,0
2606,0
363,89
990,0
626,0
364,203
0,1082
1420,0
1599,429
2939,0
740,0
2135,1040
1471,0
0,59
2699,0
256,150
0,76
1185,0
0,233
146,34
971,490
0,543
2656,971
0,579
0,34
2191,0
0,626
0,184
0,282
1705,0
1523,0
1410,0
1721,513
2619,1261
0,773
0,667
858,0
0,943
0,872
0,59
1988,612
1012,334
1939,0
0,164
0,1083
447,100
0,321
332,0
848,0
169,0
450,0
0,94
1034,0
0,1763
0,474
0,816
0,983
1094,493
0,53
0,1518
0,598
0,68
685,0
1839,885
2733,0
0,921
0,751
1921,0
359,105
0,170
2803,0
0,227
2649,0
0,823
0,145
0,346
625,0
3031,1528
1761,0
2284,0
903,350
671,0
2597,0
0,986
0,163
516,0
3294,1712
2064,0
0,261
0,245
0,1139
2192,536
0,1184
0,25
2379,0
3150,0
0,790
3046,0
0,657
0,585
2413,0
166,80
1490,0
0,649
0,476
2412,0
0,44
0,1349
3181,0
0,149
2047,0
2769,1442
47,0
32,0
1119,0
717,234
3118,0
397,0
0,723
1503,0
0,984
692,152
140,0
80,0
2621,0
44,0
0,19
0,663
0,616
243,0
707,0
1928,519
0,2190
2217,0
0,723
0,1039
0,396
169,81
467,210
1835,0
2340,0
1213,0
2441,0
1179,0
0,247
1813,332
1341,223
279,62
228,0
1628,0
2183,0
782,0
1126,0
691,0
354,71
0,233
0,927
0,1238
0,1101
603,0
0,58
0,1089
2175,0
1633,0
1288,297
2953,0
277,62
0,818
196,72
0,469
991,0
0,394
1675,0
1752,0
1740,0
1652,0
317,0
1786,0
1412,0
0,406
0,597
586,157
1454,0
2527,0
0,717
994,238
1109,0
0,257
1070,0
0,1826
0,289
2569,1623
2786,0
0,457
0,162
0,108
2359,0
2457,1574
2294,0
0,541
351,108
2499,1149
106,0
69,13
425,0
0,771
429,0
0,79
305,0
2219,0
0,406
0,1232
2290,0
493,181
188,0
0,591
0,746
0,704
146,0
1530,0
1028,0
0,121
433,0
196,0
237,0
1662,625
292,0
32,0
0,109
0,1155
1645,0
699,0
1053,0
0,69
706,0
2857,0
80,0
2085,1216
0,209
0,184
0,299
0,1249
1797,0
110,0
1761,375
718,235
1858,0
0,3
2033,0
806,0
0,511
847,0
0,1349
1638,0
0,248
232,59
0,38
0,815
426,0
0,62
272,0
0,151
0,43
0,845
0,59
121,0
0,752
1574,528
0,630
1005,0
0,159
2325,0
489,0
322,0
1124,0
2361,0
0,1124
235,0
0,642
2325,736
1035,331
0,1555
0,1054
688,157
105,23
150,0
1252,380
0,296
0,283
0,41
140,0
738,0
0,255
2343,0
0,410
0,26
0,64
1314,0
0,237
365,136
1470,0
0,348
0,260
2528,0
546,0
621,0
0,623
1205,0
2021,0
778,0
1719,0
1010,412
1581,701
0,427
806,319
1502,0
0,208
0,477
249,78
1162,0
0,676
1156,0
0,412
183,37
1121,0
0,45
150,0
0,346
0,624
530,0
714,0
432,0
0,70
1294,0
0,501
0,203
712,0
1192,0
0,549
0,571
1896,0
1204,0
0,274
413,0
706,0
418,0
876,0
0,329
1459,0
1134,490
0,47
445,0
0,23
0,184
624,171
0,913
0,151
1183,0
1266,0
697,0
1297,0
0,760
409,0
1178,486
1066,0
784,288
0,92
1011,0
162,6
0,6
0,78
864,0
0,244
1414,0
0,220
902,308
0,463
1378,457
0,209
0,126
0,75
844,0
0,83
1177,513
0,547
1761,0
780,0
842,247
441,0
685,0
1116,428
1963,0
1509,0
0,495
145,34
0,30
0,177
0,177
1058,0
0,1009
0,296
0,550
458,0
0,129
0,142
936,0
1780,0
0,217
281,84
494,188
1540,674
668,0
0,146
1660,443
337,146
0,246
0,729
0,212
1772,0
0,309
1107,0
0,408
0,45
0,400
0,193
0,516
203,36
0,474
1517,454
0,97
265,59
0,1053
587,179
0,25
0,813
0,682
0,582
0,76
1990,0
941,0
861,0
0,414
0,114
42,0
0,449
885,0
1672,0
1027,0
1639,587
476,0
0,780
0,271
0,509
296,51
699,0
2060,846
0,4
63,23
374,0
0,156
337,0
387,0
0,13
732,0
0,119
0,82
0,47
933,339
0,242
69,0
0,1164
0,453
1895,0
661,0
1234,0
1250,0
0,356
0,481
1007,0
0,428
331,133
1937,0
1106,0
0,130
959,0
348,162
0,698
0,70
0,920
0,483
765,214
121,0
577,95
1753,0
1179,507
401,0
1317,0
653,0
1829,541
0,315
0,503
949,303
958,385
165,56
0,1289
0,348
0,945
72,0
0,12
1279,0
0,273
851,203
244,0
451,0
468,222
1118,266
284,114
0,1084
0,90
789,0
0,303
0,503
1574,0
1242,0
0,791
0,726
259,0
1481,0
1365,0
0,499
0,143
927,0
1627,0
0,271
935,0
1029,0
0,243
0,43
1912,0
1740,0
1554,0
0,865
280,106
226,77
0,49
315,98
0,542
1770,622
1349,606
1765,752
532,0
731,0
367,0
0,456
0,86
263,0
0,84
1418,588
1098,0
0,672
1271,728
1716,413
0,606
199,47
1188,0
1686,0
313,127
1194,0
0,402
1673,0
357,119
1632,690
695,0
724,0
593,0
624,0
1539,0
0,826
103,0
481,127
0,229
812,0
1414,628
506,101
1556,0
761,0
0,397
0,839
0,31
0,143
1848,706
0,81
441,0
458,0
0,277
403,0
0,641
1154,0
1216,0
815,0
1135,0
1578,697
1205,563
373,0
0,82
2201,0
2593,0
0,781
2700,0
1007,0
0,514
0,201
2590,0
692,0
484,154
620,0
1139,517
2726,945
1281,0
0,541
130,0
0,733
305,112
446,0
0,410
0,29
0,26
143,0
311,0
567,137
261,138
0,132
2587,0
0,334
0,190
673,0
2302,764
1625,0
289,0
1712,0
0,147
0,382
1336,0
242,0
1548,601
0,987
221,67
0,531
0,2107
2899,0
0,567
185,66
2064,1147
957,348
601,120
224,0
347,0
1675,0
0,903
1850,0
0,219
0,835
0,325
0,184
0,706
309,76
0,64
1611,506
495,167
0,420
0,179
443,0
31,0
1523,0
22,0
464,143
0,227
0,396
3103,0
2374,1005
1293,420
459,55
2875,0
2096,0
351,0
2217,0
391,114
1309,487
269,0
0,929
0,465
2241,0
1326,0
3464,0
1803,0
856,0
718,0
86,0
0,534
0,420
399,134
0,483
0,1857
1479,0
0,1014
0,598
1406,0
0,993
782,0
0,612
0,49
1929,413
1767,0
0,177
0,639
0,82
372,0
0,1015
1672,696
63,16
0,328
0,1076
1510,0
137,0
0,328
0,13
47,0
597,141
2155,815
845,0
2133,0
1685,436
0,1614
2324,1226
1018,0
2919,0
0,369
0,513
0,1317
2190,660
0,255
663,0
1556,0
74,0
637,154
0,92
0,62
2571,0
2129,0
662,0
612,233
416,0
2807,1446
0,104
0,41
1310,0
132,0
41,0
2616,959
1060,327
1896,807
0,602
0,109
1784,830
0,432
0,398
0,59
0,6
0,3
0,77
896,283
0,674
1417,452
0,292
2416,0
0,206
333,0
143,42
0,646
0,506
2947,2095
1175,0
0,333
2881,1640
1260,0
0,910
0,1328
0,948
989,513
879,0
2118,787
0,249
2462,0
0,157
0,139
0,653
860,318
0,1148
0,678
969,470
2093,0
961,423
649,0
0,548
0,427
0,1277
190,0
2748,0
0,225
0,1175
0,942
1532,0
2317,0
1723,0
0,820
0,207
0,1435
859,273
3163,0
0,548
2767,0
1049,0
2493,0
1606,0
1305,0
919,0
0,103
432,0
0,168
2097,942
3425,0
0,804
1012,168
0,537
803,0
0,102
0,1427
2749,1022
0,412
0,435
1613,641
2052,0
0,723
0,141
225,49
0,7
1795,676
0,611
498,0
0,150
2397,0
0,1158
51,0
0,1478
2557,1427
2909,0
389,0
1101,0
2286,0
0,89
0,309
2978,1457
1341,496
0,159
0,1159
0,71
0,369
2392,0
1249,305
0,179
0,774
0,289
2689,0
149,0
1190,515
0,485
202,0
0,41
389,0
0,253
0,990
1749,877
2025,0
0,869
61,0
0,1009
0,845
114,0
29,0
477,0
1797,0
0,945
777,279
0,151
90,33
65,0
2950,0
2782,0
0,75
0,1680
1959,0
798,392
0,1325
0,528
1615,0
2880,0
0,14
2760,0
0,152
0,15
1537,569
1627,0
0,292
1378,0
2760,0
0,689
76,14
0,651
1488,520
1859,827
1707,0
0,604
0,190
137,0
486,266
420,0
1382,618
3129,0
1710,0
2859,0
0,38
856,282
2767,1189
0,971
1182,0
463,154
259,0
2129,0
1010,316
574,0
857,0
3190,1301
1790,0
0,760
918,259
1098,0
933,0
640,0
0,112
0,623
0,191
0,1490
0,1250
74,0
265,0
2811,0
208,0
0,1938
737,0
1000,354
1460,0
2127,0
0,1022
126,0
309,0
1630,461
2709,0
384,0
559,261
393,0
153,0
1309,0
0,117
0,996
1720,0
752,227
968,0
1268,422
683,0
0,71
1050,0
1874,0
1495,483
0,63
956,429
1485,0
0,319
209,62
140,0
0,20
0,1069
0,580
1290,361
1692,0
1261,0
70,0
0,254
0,177
2288,1005
207,0
1398,0
613,0
3174,0
0,160
2426,741
0,101
273,101
0,409
0,251
2107,0
3443,1765
709,229
1580,0
451,0
1152,0
0,342
0,1591
0,28
62,0
0,19
0,177
1579,0
0,842
542,0
593,0
152,39
892,0
929,0
133,19
0,1250
0,657
1411,0
0,362
630,198
540,0
2519,0
112,0
0,1150
0,623
1892,0
0,665
1267,0
548,0
2071,0
0,22
1810,0
133,0
0,728
0,673
0,407
2858,0
0,1462
1981,0
1846,0
616,0
1648,566
1690,0
0,243
1410,633
0,631
0,2044
511,130
0,64
232,66
1290,0
1981,266
1415,0
1083,441
650,181
0,1299
0,216
1457,333
93,9
1597,0
0,386
618,0
1663,0
930,0
733,330
0,1008
0,90
402,124
0,1151
1507,0
301,49
0,550
0,380
457,0
2649,0
597,260
76,0
641,0
1359,0
1095,0
1306,267
2895,1878
2557,0
2857,0
2989,0
3254,1290
0,463
660,0
285,81
478,0
1143,317
2555,0
3087,2065
0,28
0,1046
987,0
0,878
922,0
0,335
595,0
308,112
287,150
39,32
2535,0
0,505
2390,0
3181,0
0,180
113,25
0,285
912,0
0,96
135,35
0,107
81,0
1154,359
306,0
0,115
2225,0
1716,0
0,304
469,0
431,0
0,1092
1556,0
333,108
0,328
184,0
3125,0
2924,0
0,748
0,1304
0,689
925,0
0,194
2127,701
1491,0
2534,0
0,198
0,45
0,479
0,56
0,48
876,0
2059,0
0,1823
0,267
0,14
0,242
1809,0
0,2071
2133,0
0,498
1619,429
0,151
0,573
0,611
605,0
270,0
1800,0
0,103
1832,0
0,210
2212,0
1358,613
2751,1345
1201,498
631,0
544,179
0,1478
0,437
0,933
0,616
226,46
150,0
0,20
397,0
0,43
0,254
1941,0
180,0
2542,0
0,39
3017,0
0,2380
0,89
123,33
2397,0
2905,0
2655,0
0,260
0,120
409,0
719,252
0,51
1371,498
0,118
120,0
1684,586
0,1145
777,0
0,103
0,899
3089,1619
1820,0
647,0
2688,0
0,831
411,0
1620,498
392,0
157,54
143,0
0,1892
527,237
2940,1477
1492,0
2836,0
0,1414
171,0
1609,0
0,558
0,838
2394,802
0,535
2290,0
1182,372
0,241
0,131
0,410
1272,0
1238,0
1583,599
886,390
771,309
1059,413
0,75
2363,907
1988,0
441,0
417,0
0,1636
1325,549
0,52
0,1503
0,177
262,72
1860,757
0,731
219,60
1596,0
0,172
1155,0
2730,0
0,81
2285,957
1319,0
307,0
638,0
0,774
228,0
3040,0
1985,0
408,139
1819,510
1647,0
1747,0
954,302
2355,0
599,0
0,93
245,39
0,162
1699,412
1686,0
0,280
0,215
0,1453
962,397
0,21
67,23
0,7
0,258
403,0
0,125
3063,0
206,56
885,0
684,0
0,105
0,591
350,0
0,99
0,322
2156,0
1050,0
2385,1484
2605,0
0,436
0,972
0,915
1528,480
0,875
693,149
365,0
0,450
1407,0
0,214
0,516
802,0
501,0
0,360
0,483
0,329
0,554
2175,753
0,1113
3318,0
774,185
1231,0
1954,0
0,162
0,597
570,162
249,0
0,25
0,888
0,58
774,0
1174,0
327,0
0,2089
609,0
152,0
0,390
0,229
2754,0
0,786
0,938
0,164
1786,0
343,0
1485,0
2343,0
722,264
0,1714
0,36
0,28
2406,0
3007,0
384,0
1410,0
50,0
2256,0
0,608
1383,0
0,285
607,0
0,324
0,652
325,0
2541,0
1313,0
1553,675
0,26
47,0
0,270
162,0
0,232
2237,0
1266,0
422,0
70,0
0,235
0,209
1408,0
0,514
0,1567
2635,0
0,684
976,0
1854,0
2049,0
0,473
516,189
2622,0
1750,896
0,57
0,589
0,186
0,84
326,0
2367,0
0,298
0,42
176,0
1917,0
366,0
0,535
1200,0
0,54
1660,208
0,581
1003,0
913,0
126,26
0,340
0,1375
0,269
0,880
0,1102
429,0
1441,404
0,107
0,193
0,813
490,0
176,0
989,285
1868,0
581,0
893,0
0,604
159,0
650,167
1615,0
1549,0
1180,0
0,1788
0,1674
3109,0
0,96
0,859
2504,0
0,858
3143,0
0,403
718,0
153,52
236,0
0,1948
3030,1184
1471,0
0,331
0,735
0,779
3023,1335
0,1032
0,424
0,1304
3116,1606
2168,0
76,0
655,0
217,79
1110,255
1371,396
0,1178
1448,0
2312,0
473,0
2907,0
0,851
1498,443
2218,0
1273,338
724,0
2249,665
0,1371
0,1822
0,216
999,0
1378,0
1146,0
577,0
0,885
1928,0
160,0
0,55
1295,0
790,0
0,79
0,63
0,839
3301,0
0,1176
1718,0
0,2144
0,509
426,87
1294,0
0,782
0,363
1128,190
1230,0
0,26
0,513
1417,767
0,224
0,172
2629,0
0,1076
173,93
0,1166
0,262
2346,0
0,59
0,917
1254,0
0,288
728,0
1937,982
0,714
169,0
0,636
560,189
0,60
0,82
0,58
0,169
0,112
1107,0
0,21
37,16
0,441
110,55
2211,0
2225,738
0,29
3326,1575
2685,1629
1134,325
0,22
0,1102
0,1016
0,606
654,0
0,794
0,32
1780,0
1805,0
3117,1531
2967,0
0,203
2484,0
2771,0
1987,0
2442,0
1075,0
77,0
1582,0
1970,0
2496,1322
757,357
2465,0
900,0
0,1794
1655,0
0,609
490,0
2963,0
964,0
1728,494
0,1322
0,383
129,0
0,833
1546,0
2927,0
1747,0
2236,0
0,518
0,484
603,0
1117,0
865,315
1642,727
823,421
0,306
0,1608
0,523
2318,767
2880,0
1197,0
0,99
0,305
2556,1057
0,372
689,0
446,0
1731,0
2866,0
0,24
0,769
287,0
0,212
0,19
2480,0
1473,0
1248,0
1683,0
682,0
1173,0
0,303
0,603
0,1199
836,0
0,401
0,281
518,120
575,0
0,810
1321,0
0,338
0,543
0,1146
0,528
80,0
111,0
93,0
71,0
0,145
1773,593
262,0
196,0
0,2461
0,13
0,12
1514,0
783,267
2858,1201
894,295
0,343
685,0
0,48
0,884
0,1536
0,332
1827,691
0,700
0,748
471,0
0,602
0,102
104,0
421,0
38,0
1992,858
633,0
1571,0
1555,236
0,251
0,738
2282,0
0,88
3131,0
0,365
0,654
0,29
2384,0
0,328
0,771
3181,0
1305,466
0,744
784,0
0,17
0,212
601,0
2829,863
539,0
802,162
0,164
0,681
0,440
760,169
0,868
2948,0
1613,0
2068,714
1431,525
0,935
0,548
1890,0
1873,0
2641,0
0,325
447,0
0,1612
2557,1370
0,30
37,0
0,418
0,573
1973,0
685,0
0,501
0,394
0,839
0,312
0,203
0,109
0,144
0,522
1025,0
2600,1123
0,23
2137,0
444,93
0,64
122,0
673,0
0,130
3485,2262
1676,0
286,66
273,0
0,487
1467,0
1147,0
766,0
1722,607
0,490
0,1242
842,0
430,0
0,152
2255,803
709,224
0,869
0,53
0,1640
1633,537
952,0
2989,1495
2213,963
0,848
928,0
287,0
1704,0
0,632
0,639
541,0
3044,1396
211,60
131,0
0,72
1986,0
0,363
812,0
2006,0
2443,0
2936,0
89,34
3240,0
3373,0
2628,0
0,1772
2119,466
0,1147
0,415
1949,0
0,11
1367,0
2954,0
1311,432
2374,0
620,0
1671,556
2008,0
0,1088
2270,955
0,806
360,205
2117,882
0,101
0,1104
3044,1280
644,0
2510,923
193,0
514,138
0,120
0,29
1103,0
0,564
0,357
3117,0
2864,1600
2535,0
514,0
1679,0
1366,0
1897,534
0,303
0,231
1369,0
0,438
0,378
0,27
1321,466
0,408
0,1269
0,188
0,649
2123,0
1085,0
1941,0
2949,0
1360,0
3096,0
2518,0
0,352
1646,541
0,104
0,137
0,724
1301,0
2518,0
0,198
0,1241
144,0
1532,556
1368,552
2825,992
1676,0
0,364
0,1436
1344,0
3351,0
0,227
1209,0
504,132
0,194
502,0
448,0
900,0
1381,461
141,0
274,92
0,404
1032,0
0,1215
0,1508
760,279
2275,884
1275,0
0,320
0,32
0,401
0,913
1377,0
0,197
1392,470
2358,1066
0,566
0,268
1222,0
0,161
1320,0
1175,0
2026,0
2337,0
1686,0
0,296
2873,0
0,1340
0,472
0,433
2024,0
2622,0
0,61
1563,650
290,78
479,171
0,147
0,62
1597,0
2350,0
167,0
1961,0
276,92
0,627
0,255
2061,987
0,297
353,80
1982,797
1381,0
2684,1384
1956,0
0,694
0,262
0,32
2066,0
2008,0
793,0
0,397
0,531
0,113
1500,550
724,0
1101,351
1947,0
0,251
147,0
132,41
0,1506
0,1318
294,38
0,498
0,345
0,1162
0,565
0,219
443,0
403,0
0,234
408,0
0,118
0,164
141,0
0,623
675,304
0,203
2785,0
0,418
782,213
0,831
545,0
2220,462
1207,569
1051,0
1039,477
0,129
0,336
1678,804
1211,230
730,0
2317,0
344,0
0,460
730,0
875,0
0,580
1472,0
261,44
572,137
0,183
364,0
3231,1987
2458,0
0,604
157,0
0,539
2260,0
1643,0
1465,556
0,64
0,664
1106,223
767,364
304,0
515,0
263,93
484,0
2772,0
473,0
0,68
0,699
0,502
872,258
0,141
1795,0
0,24
2504,0
2706,0
1804,530
1799,0
2877,0
0,117
0,187
0,689
3119,0
0,206
2940,1450
3122,0
0,165
1760,495
0,84
0,464
1598,0
0,212
287,0
3331,0
0,173
373,0
1843,499
0,145
0,1284
2842,0
1037,0
224,0
0,1421
1617,572
0,799
1701,0
1246,0
2628,0
0,1119
0,554
0,1639
1415,0
0,1205
408,139
0,396
328,0
285,0
0,251
636,113
0,290
506,138
2365,0
0,465
0,363
2112,0
391,152
939,330
0,531
0,1214
0,121
2254,0
0,592
938,345
0,247
417,0
395,130
215,96
0,279
518,197
1494,0
0,341
0,80
0,1680
0,1566
3003,0
1606,0
0,49
547,0
0,257
0,18
345,0
0,382
2825,0
0,338
0,215
0,40
2148,678
3099,0
748,0
412,136
678,0
0,459
0,672
0,438
0,234
273,0
3021,0
1114,0
0,141
0,61
1968,0
0,92
0,459
708,0
0,200
1577,0
168,64
929,0
453,0
0,909
1511,618
0,1964
3118,0
0,1133
0,311
282,71
0,199
494,0
3018,0
0,1006
2089,970
942,0
307,0
1271,0
0,1151
418,0
0,773
368,0
0,1088
0,766
0,174
1252,0
425,119
868,0
0,158
2179,0
930,273
861,0
985,541
0,469
714,219
1637,422
1230,0
0,255
1574,752
0,1333
1674,0
0,909
519,194
271,0
3064,1867
1262,0
1239,0
1171,255
0,255
736,0
0,468
412,0
0,122
0,215
0,1115
204,35
1145,372
483,118
169,0
0,83
2516,792
0,772
93,0
0,514
0,1316
451,0
0,82
0,42
1772,909
3017,1361
0,675
119,0
55,6
2276,0
0,54
1238,0
0,12
2817,0
1066,333
2689,0
0,229
0,224
0,1569
1522,0
1525,0
2189,0
996,226
1866,712
0,604
0,108
0,213
2542,511
0,463
1087,0
0,647
1808,0
0,589
2026,843
0,501
730,0
0,117
459,116
1340,0
1201,0
0,882
1175,0
1435,0
2203,0
472,152
139,29
0,416
2222,0
903,336
1047,0
0,352
0,1817
0,324
306,110
0,85
2193,1186
1660,0
68,25
0,437
0,151
0,26
106,0
275,0
159,51
0,1090
0,561
2675,0
0,528
1272,0
1396,0
0,397
300,144
0,237
0,981
317,0
0,285
2615,0
0,2302
809,220
230,0
1987,672
1798,0
768,0
0,395
104,0
2839,1018
2268,813
0,577
1632,0
0,135
1349,0
0,69
0,942
380,115
0,44
261,0
0,64
814,0
1645,0
0,1377
0,196
553,0
1797,740
0,2003
1382,0
423,165
0,137
1870,735
0,67
0,1113
2089,0
0,1022
2388,0
1519,0
414,0
27,6
1178,0
702,0
918,0
0,445
2017,0
2573,0
1785,0
0,438
0,1669
2320,975
0,368
0,87
214,29
1533,0
0,809
0,153
667,264
0,202
2510,1029
2960,0
1340,0
865,0
0,405
0,117
0,136
0,741
0,339
121,41
132,0
0,1176
2571,0
328,0
1689,0
1090,0
0,90
485,0
862,317
0,49
2799,1229
941,0
695,0
433,0
1859,782
0,166
0,338
1668,608
0,62
1617,0
1089,0
2534,0
1014,0
1279,0
2558,0
2401,0
976,332
0,24
521,0
823,0
2855,0
0,78
158,34
1757,937
0,342
684,0
863,0
360,80
2974,1854
2955,0
0,24
768,0
525,0
702,328
1125,415
677,293
146,57
315,0
0,36
0,265
583,0
0,33
1527,0
1056,518
0,369
0,207
0,349
709,0
1713,0
1161,0
1497,0
1592,0
0,175
1259,431
141,0
0,68
0,649
2959,0
3167,1728
1000,0
2925,1495
2240,0
1157,0
1912,622
0,768
0,46
2751,0
0,1953
1978,536
215,44
0,141
340,0
0,1318
740,292
1875,685
338,74
589,150
0,1345
0,26
2019,0
230,0
1895,0
2555,0
1148,408
1761,485
0,767
191,35
0,1516
0,689
0,247
2874,1080
0,486
1137,470
2155,0
0,101
0,334
0,403
1393,377
2038,780
276,87
1824,0
225,0
0,747
0,258
1301,0
0,1656
3135,0
956,393
175,0
0,254
1245,0
0,320
2825,0
1944,0
0,1411
824,0
818,0
2491,0
0,707
0,127
613,0
0,796
3021,0
0,342
619,0
0,421
3086,1007
3103,0
0,260
594,0
0,1604
3288,1684
0,1521
3340,1653
0,153
967,0
87,0
2560,0
665,207
1492,0
0,871
0,345
458,191
238,0
0,92
2876,0
0,74
0,1769
181,0
241,0
0,60
398,0
0,1147
118,16
767,0
140,37
627,229
2937,0
2923,0
0,1170
583,154
0,35
1302,0
576,0
0,50
502,0
0,1489
1784,0
0,125
241,65
0,2151
1802,0
0,1181
3221,0
0,192
0,238
807,0
1153,0
718,0
1376,0
2715,1510
0,858
1056,0
736,0
1332,0
0,1374
228,59
0,2116
0,191
321,0
279,0
0,435
0,131
412,0
0,451
0,51
1303,0
0,318
1515,317
2059,0
938,0
414,0
0,1002
944,0
0,103
0,80
989,0
0,379
590,147
0,715
0,900
2601,1290
116,0
0,317
0,589
50,26
1222,0
0,1366
1174,0
0,47
465,140
1210,422
0,1371
131,38
1121,0
2293,0
0,455
634,0
99,36
986,0
760,0
0,73
0,597
2780,0
0,623
0,347
603,276
2893,0
0,836
0,49
1529,0
0,218
1525,0
243,0
99,0
692,0
1874,0
1531,0
1013,0
603,310
0,70
1689,0
0,793
0,174
0,69
0,565
638,0
0,1454
3040,0
0,16
0,399
2942,2105
634,0
0,334
503,0
203,0
1631,0
0,404
2917,1143
2784,0
2225,528
583,120
682,0
2258,0
0,1642
675,0
0,93
1662,670
202,0
2474,0
1614,668
2369,0
1878,0
0,2070
913,204
0,169
727,227
2849,1576
0,571
800,320
0,51
0,1374
1177,284
0,123
538,0
0,490
698,0
0,119
2726,1599
2580,0
0,1272
0,89
0,70
1127,0
712,0
0,320
2832,0
1823,0
2287,0
2243,1047
0,107
840,0
1909,0
0,474
0,321
1188,0
0,881
1319,503
1842,0
0,1485
1965,0
190,0
0,439
0,585
2211,872
418,0
0,783
0,1327
0,468
1605,450
3062,0
0,1241
1330,592
0,48
0,1161
1293,640
0,76
0,2132
1555,371
973,386
0,113
2319,1107
1956,0
720,0
0,110
1594,0
1033,0
0,412
666,0
2933,1041
967,369
0,584
0,408
2288,0
848,0
352,0
0,621
0,1342
2748,0
3010,1403
2818,1618
492,0
1729,664
0,1747
718,231
379,0
0,93
373,0
822,300
0,1202
0,4
0,231
0,465
1289,0
0,696
2682,0
2331,1000
1676,0
792,184
119,31
1135,0
2202,890
0,963
0,199
0,81
198,44
0,907
2353,0
1740,0
0,550
720,0
0,116
0,104
0,84
0,1608
0,290
244,0
0,814
1621,636
969,0
241,0
955,0
0,108
0,192
0,17
0,671
868,256
1523,0
0,819
2647,1178
0,192
0,85
1615,804
0,920
0,231
2689,0
1029,0
0,479
0,374
258,54
132,30
2268,970
1932,0
984,462
2697,494
0,1304
1982,684
0,198
0,574
590,0
0,949
2219,0
0,1106
0,170
0,1297
333,0
0,839
0,444
1337,620
2641,0
1292,393
0,173
970,0
1096,0
0,494
396,0
2806,1978
425,0
546,0
0,40
952,0
310,125
259,0
0,792
0,486
1557,654
0,41
2907,0
0,889
1573,0
2198,0
2720,1119
0,575
0,141
2088,914
0,27
713,0
204,0
209,0
0,114
0,1180
875,0
2484,0
2758,0
1039,409
0,720
1960,545
975,486
0,130
0,898
684,0
0,80
629,0
559,0
508,0
0,864
322,120
0,313
194,54
2128,0
401,68
0,263
424,153
0,57
0,354
2651,0
2768,0
3071,0
0,66
1720,0
0,31
0,425
2972,0
0,956
0,496
1342,0
0,1337
2351,1246
3000,1632
0,194
1765,0
149,38
2299,0
0,826
0,18
0,87
0,147
0,6
307,0
0,46
0,946
838,0
0,229
1805,0
0,123
463,0
0,334
1287,0
373,0
199,0
266,0
2222,0
0,147
0,1513
2020,827
1210,0
810,0
925,0
0,58
0,1029
326,83
3424,0
1437,418
1389,0
891,325
498,0
2855,0
3027,0
537,215
2189,621
2919,1726
764,221
1531,387
3343,1779
222,84
1276,0
1530,0
0,30
2906,0
1895,0
0,249
0,342
303,0
2356,0
2089,791
2502,0
0,56
0,972
0,743
602,0
130,59
0,574
1708,724
2020,0
1410,242
0,1398
1702,0
1650,0
2385,698
0,56
0,916
0,254
1664,464
0,755
264,0
0,1817
1206,0
0,470
803,0
1644,397
0,1094
0,123
1497,0
0,43
409,0
2312,0
320,125
0,472
588,228
0,371
0,98
3149,0
1841,0
0,393
1883,913
0,814
1505,311
632,0
0,1015
0,88
2024,0
0,22
0,495
2564,0
1081,0
0,343
0,105
0,656
281,0
1584,443
1940,0
1330,0
1293,0
0,1602
1316,0
2080,0
1139,306
386,98
1279,632
90,27
0,348
126,0
438,0
0,507
727,0
0,588
2410,0
776,0
0,146
2172,0
0,350
376,0
1554,610
0,363
0,34
0,70
0,278
0,359
856,0
0,487
1464,0
412,0
0,27
1908,850
2375,0
0,264
206,0
0,42
0,993
2453,0
0,686
217,0
655,0
0,212
2740,0
70,25
2719,0
0,364
1124,422
1928,0
0,258
0,214
920,399
2605,0
931,361
675,245
0,328
477,202
341,0
2585,0
2333,0
475,0
0,412
2626,0
201,40
890,0
1831,584
2479,1280
0,1064
1174,317
1700,733
0,42
0,530
0,232
2754,0
538,0
2216,0
0,92
0,56
0,114
0,261
300,0
0,84
0,880
2885,1871
0,474
0,815
0,49
0,784
2441,0
0,452
2494,0
0,263
941,271
412,170
0,24
2999,0
0,147
1795,0
1181,0
0,187
0,1252
0,199
1828,0
2279,0
0,277
0,1407
0,1470
348,0
858,0
0,644
0,58
176,0
184,0
260,0
0,1624
1663,0
0,173
22,0
0,361
92,0
1765,838
0,61
123,0
861,0
0,1074
2339,1223
0,531
1575,0
0,1156
0,1607
1310,0
1421,525
0,421
1426,0
771,228
0,373
0,180
565,0
0,445
442,0
0,162
2859,0
0,71
190,0
2501,0
2048,0
608,214
0,6
0,159
0,386
0,1254
1064,0
301,93
636,0
465,246
1866,596
0,545
279,80
0,36
1623,657
2100,0
1354,0
2589,0
0,151
746,160
456,0
89,0
667,0
1515,0
1278,0
713,316
1161,0
108,40
0,61
677,142
2316,0
2691,0
2409,0
0,1034
0,481
0,1581
3002,0
0,116
515,0
559,0
217,60
0,267
1129,0
1369,0
0,89
0,382
0,262
1919,0
0,265
2903,0
0,610
0,476
504,0
0,1044
735,0
718,0
0,977
1102,0
2421,1073
0,263
1521,0
0,608
886,0
0,1134
306,80
1247,0
2175,0
282,0
2815,0
0,289
2306,0
0,2386
1225,0
216,0
0,165
0,1182
0,951
1776,0
0,1256
330,0
0,1039
0,12
2093,845
0,80
170,0
0,74
2452,0
0,237
0,1145
889,0
655,0
0,367
0,722
2629,1072
335,0
0,10
0,439
1472,0
405,0
91,14
0,534
918,375
0,630
0,1156
180,71
157,0
0,118
0,730
0,166
2256,0
1045,253
0,440
0,996
0,145
967,0
0,20
2835,1970
0,657
2783,0
2702,0
1817,699
0,48
0,319
2310,0
1807,0
1163,0
0,140
261,0
0,111
0,959
691,223
707,0
2896,1399
0,328
0,1145
0,340
499,0
915,0
2279,0
2906,0
54,11
1087,0
0,657
0,674
2438,1395
3239,0
1317,0
0,968
709,202
2227,0
2339,0
0,1221
575,0
2060,990
2469,1008
2403,1190
182,0
0,735
0,24
2150,1237
725,355
0,293
0,104
261,0
115,0
0,647
317,0
17,2
1904,723
1773,0
0,350
1614,478
0,113
2035,946
2755,0
2276,0
0,244
0,447
918,0
827,0
91,0
0,58
820,0
315,0
326,0
236,0
74,0
0,21
3129,0
0,149
811,395
412,124
2520,994
1794,0
406,0
1892,0
1137,336
0,28
1681,0
2469,1343
0,504
234,0
33,16
0,10
0,240
0,1542
359,0
0,141
1986,0
1550,0
0,382
363,134
906,248
0,1432
968,386
240,0
486,0
107,34
1497,622
0,16
0,1146
1950,0
0,292
685,0
0,163
0,687
3039,0
0,950
0,636
0,850
2149,0
0,109
499,200
1712,0
447,0
0,327
0,1296
1687,651
0,399
0,169
865,0
0,256
0,39
758,0
749,384
53,0
807,0
0,34
2082,678
0,1110
261,0
2824,0
0,78
2671,0
0,489
211,59
766,0
1232,585
0,1269
1016,532
855,0
0,136
267,0
2838,1896
719,228
0,169
334,136
0,45
321,0
2079,0
0,548
674,256
0,133
872,0
2272,0
2166,0
575,0
0,381
144,36
2005,0
1368,0
1500,528
1703,493
0,898
2359,0
227,0
0,845
1392,0
340,0
265,114
0,6
3211,0
0,1321
1452,0
373,0
0,78
286,94
0,1970
1774,0
1796,755
726,0
0,826
995,0
1609,0
0,229
44,0
2353,1414
1020,0
0,36
0,624
2522,0
0,651
149,0
2097,0
1646,840
0,1076
0,543
1432,0
1063,0
0,136
1568,0
0,765
867,436
770,0
0,482
0,81
0,127
0,235
0,110
153,26
2051,0
0,610
1579,0
2059,0
2401,0
464,163
0,134
0,96
2360,0
598,0
0,1143
0,482
1108,284
0,271
1269,0
0,208
0,1410
0,924
0,207
0,323
292,121
378,170
0,1022
0,682
595,0
64,0
0,178
1549,0
798,132
0,303
0,923
0,106
2541,797
0,558
2541,0
463,0
297,79
2104,0
1671,0
2220,1056
2152,1069
2426,0
0,547
2032,817
0,129
92,41
2427,0
0,744
1674,0
3112,0
1498,777
1535,0
640,0
0,130
0,765
0,1079
933,0
2079,0
0,388
0,160
1661,0
527,0
0,1025
0,884
2409,1056
0,406
0,373
2704,0
0,1784
0,139
0,808
1145,0
330,0
1722,735
0,595
486,0
2940,1528
0,74
0,47
1853,0
106,0
2069,0
2047,0
112,0
1032,0
1649,681
336,106
2889,0
2563,0
208,0
1233,414
1200,348
0,390
2193,798
1686,0
760,0
0,1029
0,535
0,370
429,0
1042,0
0,764
0,163
466,109
2497,0
1685,0
2319,997
215,0
2504,0
2639,0
168,0
0,756
112,0
2528,1368
0,328
2880,0
0,76
163,0
0,87
0,87
893,273
0,410
653,0
0,197
2562,1098
519,0
445,0
0,81
1169,0
0,44
0,1249
1919,0
2159,840
1754,0
2554,1024
0,260
159,0
101,0
586,258
734,0
738,278
1158,0
2870,1971
2183,0
0,74
0,223
0,39
21,0
126,38
0,53
0,211
0,419
0,663
0,131
1775,0
0,574
1362,434
630,237
1797,565
2734,0
994,0
0,840
2823,0
0,1131
0,154
0,1113
1567,343
0,545
453,0
219,0
0,1309
0,1129
456,180
295,0
391,0
1865,0
0,477
0,198
0,697
379,141
195,0
0,58
3147,0
0,188
0,572
2135,0
173,0
603,0
0,980
0,1245
1350,0
1408,0
0,34
0,202
1382,0
0,512
1032,603
1087,0
1151,0
0,780
796,0
557,0
0,299
0,327
0,221
0,659
0,37
1443,0
0,753
359,0
0,1123
0,555
0,107
0,95
0,615
1341,0
2061,0
215,75
0,123
0,50
0,837
1753,0
1446,0
83,0
1427,566
1537,0
2129,0
2206,1054
406,0
325,31
0,823
0,677
0,1850
0,13
771,104
102,17
83,9
416,0
191,0
1682,0
1135,462
1669,0
0,291
1864,947
0,952
916,263
0,56
28,0
224,54
0,185
2062,1159
0,191
0,603
0,1368
206,70
697,0
0,60
84,0
540,0
0,910
920,355
2015,0
1831,0
0,287
1110,0
0,376
284,0
0,499
0,316
0,131
362,0
88,0
348,136
0,1113
0,855
1792,0
0,700
0,140
1212,0
712,0
2326,0
1748,0
729,170
0,1260
0,55
93,32
934,356
298,114
1561,0
0,1129
1469,393
666,0
292,67
0,61
108,42
0,58
1372,616
0,304
1379,299
2124,999
1757,0
243,62
0,218
940,0
0,369
779,0
374,0
1139,0
0,670
391,0
1264,0
697,0
2228,0
1535,691
1124,486
0,273
0,227
0,556
0,508
0,134
1809,0
2100,0
692,0
0,1015
0,40
687,0
0,606
270,0
56,17
0,477
0,266
454,0
1640,455
0,282
1280,367
0,490
527,0
0,289
0,172
0,131
449,55
517,252
1750,0
1192,0
0,852
0,436
1717,0
357,0
0,344
0,1025
914,0
0,563
1431,306
262,0
464,0
234,0
947,0
541,167
960,0
0,36
2183,831
803,0
630,166
119,0
0,583
0,826
0,18
1424,0
507,0
882,208
58,0
1653,0
0,205
0,340
463,0
1706,0
469,194
0,799
0,85
1503,0
573,0
0,225
0,474
1033,0
0,842
1060,421
0,152
922,193
1682,0
1472,0
0,274
65,29
0,11
0,268
0,54
791,0
1650,0
1729,0
1211,665
342,0
713,0
2307,0
0,50
0,705
161,32
1495,693
0,115
2482,1920
0,87
734,0
571,153
513,215
0,443
0,822
2239,0
2807,1047
141,43
713,0
418,0
2186,0
1175,0
0,643
0,288
2546,0
2454,1232
0,166
997,0
959,0
912,394
269,41
0,826
0,326
0,42
0,393
2093,1088
503,0
2164,0
0,14
330,37
0,55
0,82
0,1280
0,1255
0,392
0,1786
0,324
0,276
0,708
1289,0
913,399
2581,0
820,133
2078,1227
1943,0
3119,2280
0,218
0,396
2016,987
0,191
2248,0
0,240
0,202
2309,0
1029,0
0,206
319,0
2796,1127
0,1377
0,250
0,517
1876,0
1080,421
1188,450
0,84
1088,0
200,57
0,51
1421,0
0,5
325,136
1414,0
2233,0
0,198
2269,0
437,0
458,194
2926,1383
663,206
2486,1055
2779,1038
1075,0
457,0
0,712
2578,0
0,44
892,0
284,117
0,262
635,0
276,0
2010,0
0,126
1363,0
2025,704
0,999
0,810
0,77
0,1216
0,417
0,354
0,330
2020,0
0,333
0,95
1322,0
0,812
0,143
0,1077
1219,0
0,291
0,387
0,717
0,32
0,19
0,401
802,0
1663,618
0,165
1364,729
2687,1298
542,0
366,0
1428,0
0,636
1484,645
1977,0
0,784
1641,0
0,454
0,765
104,0
444,0
1134,306
507,0
655,0
0,196
2174,0
0,1177
0,544
2335,0
1954,0
352,0
0,67
0,1169
2379,0
0,347
1418,0
1423,0
1239,0
0,672
0,183
2229,0
1652,0
138,38
0,1446
721,0
1997,0
544,0
0,307
2171,876
0,270
0,472
499,188
0,331
795,0
0,262
2122,1100
57,0
36,12
2285,0
2936,1359
0,229
701,0
189,0
2892,1094
68,0
63,0
0,323
1457,538
0,263
58,0
1092,0
2391,0
2859,0
489,0
0,96
2435,0
86,0
0,125
830,0
1916,0
318,0
0,628
0,155
2033,0
847,0
61,0
786,0
0,328
1072,0
0,40
1897,0
925,0
97,0
0,401
1857,0
952,240
0,170
1257,0
2204,738
1735,0
0,250
911,0
643,302
2530,0
0,436
0,573
0,197
2141,0
0,891
160,7
1557,0
716,0
0,159
0,115
224,0
751,0
0,115
0,213
0,485
2468,0
1583,0
0,101
2341,810
0,716
0,257
0,47
0,338
0,33
2094,0
0,536
1635,510
0,1873
1614,0
238,0
2358,0
0,177
301,0
390,0
0,59
0,1011
3017,0
0,286
675,202
0,88
1016,0
0,511
3023,1560
0,401
0,214
399,0
500,0
0,1042
0,416
2201,0
1428,0
0,638
0,174
0,910
0,315
1970,0
0,1457
0,350
0,1737
434,0
0,194
0,96
0,60
1797,0
2805,0
869,0
349,0
1950,0
1850,0
653,173
1666,688
754,0
0,99
0,1081
0,432
1856,0
0,754
2434,0
0,487
958,538
655,181
1376,0
0,588
0,618
0,28
248,0
2553,0
158,0
0,715
236,97
0,921
2138,987
0,472
2400,1291
695,0
1538,665
0,540
642,0
0,629
2603,0
2862,0
0,272
2409,0
870,0
2177,1298
0,74
0,1343
488,109
0,608
196,0
807,0
476,0
79,35
0,1209
292,73
984,503
0,283
412,0
789,257
1527,0
2482,1328
0,22
0,341
1770,0
167,0
0,140
0,820
1174,0
2820,1007
165,0
54,18
883,0
1188,0
1400,0
1325,408
2783,1226
0,555
0,118
0,211
0,646
0,94
0,213
0,252
0,181
0,206
95,20
2705,0
987,0
0,879
2638,0
418,0
1089,350
0,403
1281,0
1399,626
1482,0
664,0
707,0
0,784
250,0
224,54
392,0
0,261
830,0
0,1264
0,982
0,1465
0,1488
0,703
620,0
2490,0
392,115
0,1131
398,0
0,144
55,27
337,0
1314,582
0,197
0,104
180,92
1775,0
0,1583
0,759
0,1118
1820,0
0,570
0,404
0,603
751,0
0,417
2718,1417
1049,399
0,1035
0,771
540,93
2512,0
1070,315
0,539
0,545
358,0
0,833
406,87
0,356
0,382
0,256
64,0
982,467
2318,0
143,0
0,397
683,307
0,390
0,962
0,379
0,274
0,56
1529,0
2800,0
0,422
935,0
0,567
0,1071
2087,0
0,251
0,666
549,0
1207,782
0,1301
67,0
2587,0
2189,0
0,613
69,15
0,27
192,57
0,24
1565,725
1101,273
2225,0
0,27
1956,943
683,0
1703,0
0,89
1382,0
0,340
0,94
2455,0
0,129
268,103
0,216
1380,319
2421,0
1984,0
0,710
0,686
0,1513
1870,549
1457,0
0,1413
2681,0
0,53
0,277
535,0
790,0
0,946
2490,0
0,62
2454,0
1093,0
0,588
0,254
712,219
1681,804
2981,0
674,158
1685,0
719,0
0,136
1274,425
0,1463
0,470
1926,0
1411,552
0,377
441,137
1064,0
1223,646
1673,396
0,1628
2241,0
2268,1117
1173,0
0,241
0,207
187,0
1370,0
262,74
603,0
0,184
2135,0
0,485
1587,0
2035,0
347,0
2418,0
633,0
0,503
1865,0
0,778
244,90
2354,0
1518,432
824,0
2925,0
1907,0
0,461
2100,0
1638,566
0,1228
0,1244
1146,0
0,37
0,276
198,0
104,0
0,956
878,203
0,62
0,424
1352,0
485,201
256,0
195,88
1462,663
0,1055
0,109
0,17
58,0
0,351
924,0
504,0
0,855
2045,0
1148,486
0,512
0,261
0,543
0,485
0,100
0,294
0,1292
0,656
0,606
738,0
0,1037
0,648
0,1564
0,246
0,44
0,717
1005,233
1253,0
1432,0
1197,274
0,434
198,76
2409,0
416,172
683,0
0,530
1330,0
407,193
0,426
0,30
0,196
0,529
0,434
1743,0
1287,385
832,338
0,847
0,586
896,367
0,660
1030,0
1127,319
0,57
865,0
380,248
1566,770
0,1162
892,339
1641,541
1490,0
0,330
194,0
1991,491
2194,0
640,0
0,482
272,0
1160,0
2383,0
128,29
2096,963
1991,0
678,0
0,940
0,175
2837,0
0,769
0,564
0,41
2114,884
0,1242
1087,0
858,280
332,0
2434,0
1605,0
0,472
0,909
861,352
1620,0
192,0
0,179
2823,0
96,0
659,0
845,327
103,34
0,433
0,304
0,473
1505,0
0,700
1075,0
496,0
986,0
1059,632
2115,887
0,375
0,1048
1632,0
225,0
0,491
599,0
61,0
982,0
0,55
0,122
797,0
0,63
0,1399
432,0
0,846
0,395
1649,623
1373,628
1253,595
1198,477
699,123
0,857
410,0
692,299
0,2375
1867,0
0,911
1386,0
2220,0
2666,0
703,222
2578,2029
0,1121
0,159
251,0
770,0
0,1016
321,105
2566,0
469,0
0,425
0,1036
0,122
2379,0
2819,1874
0,555
1265,0
1313,410
375,124
304,0
864,326
260,59
0,525
866,0
383,0
0,287
0,1249
0,237
835,343
0,767
0,589
156,0
1027,0
2709,0
1096,0
0,178
287,0
416,0
0,577
0,205
926,0
1934,671
0,26
0,593
0,13
2598,0
0,677
0,44
95,0
2401,0
0,566
1041,465
0,64
0,761
0,511
903,0
0,213
2380,1523
1255,567
1520,0
0,1501
2219,842
0,60
508,297
0,153
1095,0
0,231
256,0
0,69
362,0
235,0
0,764
72,0
195,0
0,150
0,125
0,753
2647,0
0,443
1629,0
917,0
1326,475
244,0
0,195
0,124
225,0
547,0
857,0
0,650
2408,0
698,0
542,0
2084,0
2276,0
725,0
0,55
2016,1040
1107,0
0,205
508,0
311,72
2323,766
2259,1054
691,0
469,0
1636,0
0,187
1667,810
0,231
1318,424
1667,0
192,43
2239,0
0,239
0,733
880,0
459,0
0,204
73,22
0,20
0,300
0,834
1951,582
2644,1823
0,484
292,0
885,0
0,1503
2540,0
2271,0
0,47
0,768
0,138
0,58
0,217
665,0
0,296
656,0
169,0
166,0
421,0
0,1878
68,0
0,918
1435,0
748,0
658,0
145,0
590,176
212,83
0,29
0,638
0,406
510,209
584,0
1773,532
114,28
0,532
518,0
1020,0
0,25
0,936
0,262
0,106
0,527
0,413
0,820
0,292
2617,0
2684,0
1778,0
0,146
808,0
2083,0
0,783
0,330
0,79
0,894
1281,0
894,0
521,0
0,141
703,0
2809,0
2529,0
1551,818
0,638
1799,0
397,0
1743,753
2063,900
2292,0
316,0
0,414
2119,864
0,999
0,898
2708,2099
238,0
1486,0
0,338
0,1483
841,275
366,0
0,648
0,170
0,411
0,412
1197,0
1046,0
0,350
1284,357
0,562
0,517
2744,1137
0,95
0,1019
0,1217
2556,0
0,437
1490,421
0,262
2101,689
1177,0
0,48
0,437
1782,0
0,392
0,587
960,317
671,217
0,127
0,1029
0,559
1593,748
0,952
0,63
2422,1173
1998,0
1447,0
1972,0
2279,740
1424,752
2794,0
931,0
1428,0
1608,0
1843,0
1371,339
545,168
0,1033
0,743
0,919
1140,595
0,678
1016,425
739,286
2459,835
0,613
0,1888
0,468
0,152
2694,2024
883,523
1345,0
234,148
0,1344
1190,0
0,430
1787,0
2133,556
80,0
72,35
0,206
212,0
293,0
0,592
1078,447
739,0
0,327
1776,815
0,759
2343,0
0,700
627,0
0,401
2045,687
342,0
231,0
1015,0
1047,0
1088,0
1229,0
1538,0
0,1025
1587,0
675,0
0,1104
0,81
170,40
0,597
0,82
174,0
0,165
2605,0
1000,437
2164,1196
1333,0
0,636
157,64
134,14
0,42
2132,0
2198,0
1031,0
0,79
2054,0
2082,0
1207,0
748,0
0,197
1632,479
2129,0
461,184
195,0
1187,0
1286,0
0,39
0,122
162,0
118,0
0,1254
1728,0
1365,0
561,171
2336,0
575,219
1477,0
3030,0
0,540
0,401
609,0
2541,0
1123,0
2066,0
0,291
0,142
0,327
0,1096
408,0
2739,0
981,0
0,62
471,0
2513,0
0,21
708,346
1657,701
0,522
0,179
377,0
0,849
139,58
0,196
160,0
0,791
0,814
0,639
0,23
